  PAW In                                 
 100
Core Pot   L  =         .00000   -.62199
  -.20000000E+01  .10406536E+01
  -.19600000E+01  .10193532E+01
  -.19200000E+01  .99758110E+00
  -.18800000E+01  .97531012E+00
  -.18400000E+01  .95251096E+00
  -.18000000E+01  .92915175E+00
  -.17600000E+01  .90519778E+00
  -.17200000E+01  .88061115E+00
  -.16800000E+01  .85535048E+00
  -.16400000E+01  .82937035E+00
  -.16000000E+01  .80262093E+00
  -.15600000E+01  .77504731E+00
  -.15200000E+01  .74658891E+00
  -.14800000E+01  .71717869E+00
  -.14400000E+01  .68674222E+00
  -.14000000E+01  .65519668E+00
  -.13600000E+01  .62244961E+00
  -.13200000E+01  .58839743E+00
  -.12800000E+01  .55292373E+00
  -.12400000E+01  .51589719E+00
  -.12000000E+01  .47716909E+00
  -.11600000E+01  .43657032E+00
  -.11200000E+01  .39390778E+00
  -.10800000E+01  .34895981E+00
  -.10400000E+01  .30147087E+00
  -.10000000E+01  .25114464E+00
  -.96000000E+00  .19763553E+00
  -.92000000E+00  .14053800E+00
  -.88000000E+00  .79372916E-01
  -.84000000E+00  .13569992E-01
  -.80000000E+00 -.57555019E-01
  -.76000000E+00 -.13483036E+00
  -.72000000E+00 -.21926830E+00
  -.68000000E+00 -.31211941E+00
  -.64000000E+00 -.41494710E+00
  -.60000000E+00 -.52973212E+00
  -.56000000E+00 -.65902197E+00
  -.52000000E+00 -.80614933E+00
  -.48000000E+00 -.97556012E+00
  -.44000000E+00 -.11733209E+01
  -.40000000E+00 -.14079316E+01
  -.36000000E+00 -.16916824E+01
  -.32000000E+00 -.20430316E+01
  -.28000000E+00 -.24910313E+01
  -.24000000E+00 -.30842021E+01
  -.20000000E+00 -.39101235E+01
  -.16000000E+00 -.51446441E+01
  -.12000000E+00 -.72005483E+01
  -.80000000E-01 -.11329323E+02
  -.40000000E-01 -.23950306E+02
   .12351231E-14  .76806384E+03
   .40000000E-01  .24140159E+02
   .80000000E-01  .12649832E+02
   .12000000E+00  .87296252E+01
   .16000000E+00  .67459601E+01
   .20000000E+00  .55440542E+01
   .24000000E+00  .47349784E+01
   .28000000E+00  .41510565E+01
   .32000000E+00  .37081212E+01
   .36000000E+00  .33592819E+01
   .40000000E+00  .30763437E+01
   .44000000E+00  .28413340E+01
   .48000000E+00  .26422539E+01
   .52000000E+00  .24707863E+01
   .56000000E+00  .23209836E+01
   .60000000E+00  .21884800E+01
   .64000000E+00  .20699973E+01
   .68000000E+00  .19630263E+01
   .72000000E+00  .18656131E+01
   .76000000E+00  .17762131E+01
   .80000000E+00  .16935893E+01
   .84000000E+00  .16167384E+01
   .88000000E+00  .15448382E+01
   .92000000E+00  .14772082E+01
   .96000000E+00  .14132798E+01
   .10000000E+01  .13525741E+01
   .10400000E+01  .12946846E+01
   .10800000E+01  .12392639E+01
   .11200000E+01  .11860125E+01
   .11600000E+01  .11346713E+01
   .12000000E+01  .10850142E+01
   .12400000E+01  .10368432E+01
   .12800000E+01  .98998338E+00
   .13200000E+01  .94427990E+00
   .13600000E+01  .89959466E+00
   .14000000E+01  .85580394E+00
   .14400000E+01  .81279630E+00
   .14800000E+01  .77047088E+00
   .15200000E+01  .72873591E+00
   .15600000E+01  .68750746E+00
   .16000000E+01  .64670842E+00
   .16400000E+01  .60626751E+00
   .16800000E+01  .56611855E+00
   .17200000E+01  .52619977E+00
   .17600000E+01  .48645318E+00
   .18000000E+01  .44682405E+00
   .18400000E+01  .40726049E+00
   .18800000E+01  .36771297E+00
   .19200000E+01  .32813398E+00
   .19600000E+01  .28847778E+00
   .20000000E+01  .24869988E+00
Potential  L  =         .00000   -.62199
  -.20000000E+01  .10756642E+01
  -.19600000E+01  .10556658E+01
  -.19200000E+01  .10352519E+01
  -.18800000E+01  .10143977E+01
  -.18400000E+01  .99307598E+00
  -.18000000E+01  .97125720E+00
  -.17600000E+01  .94890869E+00
  -.17200000E+01  .92599449E+00
  -.16800000E+01  .90247489E+00
  -.16400000E+01  .87830584E+00
  -.16000000E+01  .85343841E+00
  -.15600000E+01  .82781794E+00
  -.15200000E+01  .80138330E+00
  -.14800000E+01  .77406578E+00
  -.14400000E+01  .74578787E+00
  -.14000000E+01  .71646177E+00
  -.13600000E+01  .68598757E+00
  -.13200000E+01  .65425105E+00
  -.12800000E+01  .62112097E+00
  -.12400000E+01  .58644570E+00
  -.12000000E+01  .55004903E+00
  -.11600000E+01  .51172492E+00
  -.11200000E+01  .47123079E+00
  -.10800000E+01  .42827894E+00
  -.10400000E+01  .38252538E+00
  -.10000000E+01  .33355533E+00
  -.96000000E+00  .28086350E+00
  -.92000000E+00  .22382841E+00
  -.88000000E+00  .16167593E+00
  -.84000000E+00  .93429555E-01
  -.80000000E+00  .17839059E-01
  -.76000000E+00 -.66723054E-01
  -.72000000E+00 -.16241608E+00
  -.68000000E+00 -.27216841E+00
  -.64000000E+00 -.40005435E+00
  -.60000000E+00 -.55191674E+00
  -.56000000E+00 -.73644498E+00
  -.52000000E+00 -.96715144E+00
  -.48000000E+00 -.12662601E+01
  -.44000000E+00 -.16730816E+01
  -.40000000E+00 -.22643495E+01
  -.36000000E+00 -.32126796E+01
  -.32000000E+00 -.50044006E+01
  -.28000000E+00 -.97458116E+01
  -.24000000E+00 -.61499226E+02
  -.20000000E+00  .16207610E+02
  -.16000000E+00  .75099912E+01
  -.12000000E+00  .50104860E+01
  -.80000000E-01  .38144992E+01
  -.40000000E-01  .31069399E+01
   .12351231E-14  .26349162E+01
   .40000000E-01  .22943034E+01
   .80000000E-01  .20343699E+01
   .12000000E+00  .18274372E+01
   .16000000E+00  .16571157E+01
   .20000000E+00  .15130781E+01
   .24000000E+00  .13884894E+01
   .28000000E+00  .12786427E+01
   .32000000E+00  .11801838E+01
   .36000000E+00  .10906630E+01
   .40000000E+00  .10082350E+01
   .44000000E+00  .93148841E+00
   .48000000E+00  .85931909E+00
   .52000000E+00  .79084819E+00
   .56000000E+00  .72536445E+00
   .60000000E+00  .66228308E+00
   .64000000E+00  .60111574E+00
   .68000000E+00  .54144839E+00
   .72000000E+00  .48292462E+00
   .76000000E+00  .42523283E+00
   .80000000E+00  .36809618E+00
   .84000000E+00  .31126505E+00
   .88000000E+00  .25451022E+00
   .92000000E+00  .19761788E+00
   .96000000E+00  .14038541E+00
   .10000000E+01  .82616920E-01
   .10400000E+01  .24120803E-01
   .10800000E+01 -.35293930E-01
   .11200000E+01 -.95820393E-01
   .11600000E+01 -.15765659E+00
   .12000000E+01 -.22100829E+00
   .12400000E+01 -.28609190E+00
   .12800000E+01 -.35313760E+00
   .13200000E+01 -.42239279E+00
   .13600000E+01 -.49412583E+00
   .14000000E+01 -.56863035E+00
   .14400000E+01 -.64623029E+00
   .14800000E+01 -.72728571E+00
   .15200000E+01 -.81219963E+00
   .15600000E+01 -.90142634E+00
   .16000000E+01 -.99548135E+00
   .16400000E+01 -.10949535E+01
   .16800000E+01 -.12005202E+01
   .17200000E+01 -.13129654E+01
   .17600000E+01 -.14332034E+01
   .18000000E+01 -.15623083E+01
   .18400000E+01 -.17015516E+01
   .18800000E+01 -.18524507E+01
   .19200000E+01 -.20168333E+01
   .19600000E+01 -.21969219E+01
   .20000000E+01 -.23954475E+01
Core Pot   L  =        1.00000   -.19879
  -.20000000E+01  .11996748E+01
  -.19600000E+01  .11826039E+01
  -.19200000E+01  .11652981E+01
  -.18800000E+01  .11477486E+01
  -.18400000E+01  .11299463E+01
  -.18000000E+01  .11118815E+01
  -.17600000E+01  .10935441E+01
  -.17200000E+01  .10749231E+01
  -.16800000E+01  .10560072E+01
  -.16400000E+01  .10367842E+01
  -.16000000E+01  .10172412E+01
  -.15600000E+01  .99736444E+00
  -.15200000E+01  .97713940E+00
  -.14800000E+01  .95655052E+00
  -.14400000E+01  .93558126E+00
  -.14000000E+01  .91421393E+00
  -.13600000E+01  .89242967E+00
  -.13200000E+01  .87020827E+00
  -.12800000E+01  .84752807E+00
  -.12400000E+01  .82436588E+00
  -.12000000E+01  .80069674E+00
  -.11600000E+01  .77649383E+00
  -.11200000E+01  .75172826E+00
  -.10800000E+01  .72636883E+00
  -.10400000E+01  .70038185E+00
  -.10000000E+01  .67373086E+00
  -.96000000E+00  .64637629E+00
  -.92000000E+00  .61827520E+00
  -.88000000E+00  .58938084E+00
  -.84000000E+00  .55964225E+00
  -.80000000E+00  .52900373E+00
  -.76000000E+00  .49740432E+00
  -.72000000E+00  .46477713E+00
  -.68000000E+00  .43104859E+00
  -.64000000E+00  .39613759E+00
  -.60000000E+00  .35995450E+00
  -.56000000E+00  .32239996E+00
  -.52000000E+00  .28336359E+00
  -.48000000E+00  .24272232E+00
  -.44000000E+00  .20033858E+00
  -.40000000E+00  .15605802E+00
  -.36000000E+00  .10970691E+00
  -.32000000E+00  .61088946E-01
  -.28000000E+00  .99814469E-02
  -.24000000E+00 -.43869232E-01
  -.20000000E+00 -.10075331E+00
  -.16000000E+00 -.16100445E+00
  -.12000000E+00 -.22500821E+00
  -.80000000E-01 -.29321262E+00
  -.40000000E-01 -.36614133E+00
   .12351231E-14 -.44441040E+00
   .40000000E-01 -.52874959E+00
   .80000000E-01 -.62002994E+00
   .12000000E+00 -.71929979E+00
   .16000000E+00 -.82783232E+00
   .20000000E+00 -.94718935E+00
   .24000000E+00 -.10793083E+01
   .28000000E+00 -.12266219E+01
   .32000000E+00 -.13922284E+01
   .36000000E+00 -.15801347E+01
   .40000000E+00 -.17956172E+01
   .44000000E+00 -.20457676E+01
   .48000000E+00 -.23403468E+01
   .52000000E+00 -.26931724E+01
   .56000000E+00 -.31244706E+01
   .60000000E+00 -.36650794E+01
   .64000000E+00 -.43644596E+01
   .68000000E+00 -.53072538E+01
   .72000000E+00 -.66513344E+01
   .76000000E+00 -.87288602E+01
   .80000000E+00 -.12378471E+02
   .84000000E+00 -.20505372E+02
   .88000000E+00 -.54660379E+02
   .92000000E+00  .92411474E+02
   .96000000E+00  .25809252E+02
   .10000000E+01  .15237813E+02
   .10400000E+01  .10917741E+02
   .10800000E+01  .85639977E+01
   .11200000E+01  .70793685E+01
   .11600000E+01  .60548962E+01
   .12000000E+01  .53033763E+01
   .12400000E+01  .47269948E+01
   .12800000E+01  .42696627E+01
   .13200000E+01  .38969102E+01
   .13600000E+01  .35863858E+01
   .14000000E+01  .33229602E+01
   .14400000E+01  .30960269E+01
   .14800000E+01  .28979293E+01
   .15200000E+01  .27230012E+01
   .15600000E+01  .25669593E+01
   .16000000E+01  .24265052E+01
   .16400000E+01  .22990570E+01
   .16800000E+01  .21825650E+01
   .17200000E+01  .20753807E+01
   .17600000E+01  .19761628E+01
   .18000000E+01  .18838088E+01
   .18400000E+01  .17974037E+01
   .18800000E+01  .17161817E+01
   .19200000E+01  .16394963E+01
   .19600000E+01  .15667981E+01
   .20000000E+01  .14976170E+01
Potential  L  =        1.00000   -.19879
  -.20000000E+01  .12075417E+01
  -.19600000E+01  .11907250E+01
  -.19200000E+01  .11736798E+01
  -.18800000E+01  .11563974E+01
  -.18400000E+01  .11388689E+01
  -.18000000E+01  .11210845E+01
  -.17600000E+01  .11030340E+01
  -.17200000E+01  .10847067E+01
  -.16800000E+01  .10660910E+01
  -.16400000E+01  .10471746E+01
  -.16000000E+01  .10279446E+01
  -.15600000E+01  .10083869E+01
  -.15200000E+01  .98848677E+00
  -.14800000E+01  .96822826E+00
  -.14400000E+01  .94759437E+00
  -.14000000E+01  .92656689E+00
  -.13600000E+01  .90512622E+00
  -.13200000E+01  .88325133E+00
  -.12800000E+01  .86091957E+00
  -.12400000E+01  .83810649E+00
  -.12000000E+01  .81478570E+00
  -.11600000E+01  .79092864E+00
  -.11200000E+01  .76650433E+00
  -.10800000E+01  .74147916E+00
  -.10400000E+01  .71581653E+00
  -.10000000E+01  .68947653E+00
  -.96000000E+00  .66241557E+00
  -.92000000E+00  .63458590E+00
  -.88000000E+00  .60593513E+00
  -.84000000E+00  .57640558E+00
  -.80000000E+00  .54593368E+00
  -.76000000E+00  .51444906E+00
  -.72000000E+00  .48187372E+00
  -.68000000E+00  .44812088E+00
  -.64000000E+00  .41309371E+00
  -.60000000E+00  .37668379E+00
  -.56000000E+00  .33876936E+00
  -.52000000E+00  .29921311E+00
  -.48000000E+00  .25785963E+00
  -.44000000E+00  .21453226E+00
  -.40000000E+00  .16902934E+00
  -.36000000E+00  .12111955E+00
  -.32000000E+00  .70536202E-01
  -.28000000E+00  .16970206E-01
  -.24000000E+00 -.39938822E-01
  -.20000000E+00 -.10061368E+00
  -.16000000E+00 -.16555384E+00
  -.12000000E+00 -.23535364E+00
  -.80000000E-01 -.31072614E+00
  -.40000000E-01 -.39253436E+00
   .12351231E-14 -.48183307E+00
   .40000000E-01 -.57992531E+00
   .80000000E-01 -.68844023E+00
   .12000000E+00 -.80944211E+00
   .16000000E+00 -.94558632E+00
   .20000000E+00 -.11003475E+01
   .24000000E+00 -.12783626E+01
   .28000000E+00 -.14859612E+01
   .32000000E+00 -.17320166E+01
   .36000000E+00 -.20293672E+01
   .40000000E+00 -.23973107E+01
   .44000000E+00 -.28662525E+01
   .48000000E+00 -.34870440E+01
   .52000000E+00 -.43516438E+01
   .56000000E+00 -.56451837E+01
   .60000000E+00 -.78040148E+01
   .64000000E+00 -.12160636E+02
   .68000000E+00 -.25671943E+02
   .72000000E+00  .47628612E+03
   .76000000E+00  .24230255E+02
   .80000000E+00  .12680348E+02
   .84000000E+00  .86849984E+01
   .88000000E+00  .66512873E+01
   .92000000E+00  .54142639E+01
   .96000000E+00  .45788883E+01
   .10000000E+01  .39741772E+01
   .10400000E+01  .35140790E+01
   .10800000E+01  .31505613E+01
   .11200000E+01  .28547008E+01
   .11600000E+01  .26080379E+01
   .12000000E+01  .23982356E+01
   .12400000E+01  .22167342E+01
   .12800000E+01  .20574064E+01
   .13200000E+01  .19157499E+01
   .13600000E+01  .17883805E+01
   .14000000E+01  .16727042E+01
   .14400000E+01  .15666981E+01
   .14800000E+01  .14687605E+01
   .15200000E+01  .13776052E+01
   .15600000E+01  .12921868E+01
   .16000000E+01  .12116455E+01
   .16400000E+01  .11352670E+01
   .16800000E+01  .10624515E+01
   .17200000E+01  .99269098E+00
   .17600000E+01  .92555066E+00
   .18000000E+01  .86065680E+00
   .18400000E+01  .79768317E+00
   .18800000E+01  .73634411E+00
   .19200000E+01  .67638718E+00
   .19600000E+01  .61758720E+00
   .20000000E+01  .55974174E+00
Core Pot   L  =        2.00000  -1.37804
  -.20000000E+01  .13432263E+01
  -.19600000E+01  .13233796E+01
  -.19200000E+01  .13025125E+01
  -.18800000E+01  .12804159E+01
  -.18400000E+01  .12568125E+01
  -.18000000E+01  .12313271E+01
  -.17600000E+01  .12034387E+01
  -.17200000E+01  .11724010E+01
  -.16800000E+01  .11371060E+01
  -.16400000E+01  .10958329E+01
  -.16000000E+01  .10457564E+01
  -.15600000E+01  .98188783E+00
  -.15200000E+01  .89451230E+00
  -.14800000E+01  .76184817E+00
  -.14400000E+01  .52286327E+00
  -.14000000E+01 -.83663698E-01
  -.13600000E+01 -.60810614E+01
  -.13200000E+01  .32486408E+01
  -.12800000E+01  .20814905E+01
  -.12400000E+01  .17424642E+01
  -.12000000E+01  .15742893E+01
  -.11600000E+01  .14696409E+01
  -.11200000E+01  .13954565E+01
  -.10800000E+01  .13381749E+01
  -.10400000E+01  .12912037E+01
  -.10000000E+01  .12509515E+01
  -.96000000E+00  .12152929E+01
  -.92000000E+00  .11828891E+01
  -.88000000E+00  .11528534E+01
  -.84000000E+00  .11245746E+01
  -.80000000E+00  .10976166E+01
  -.76000000E+00  .10716594E+01
  -.72000000E+00  .10464618E+01
  -.68000000E+00  .10218383E+01
  -.64000000E+00  .99764272E+00
  -.60000000E+00  .97375821E+00
  -.56000000E+00  .95008929E+00
  -.52000000E+00  .92655674E+00
  -.48000000E+00  .90309375E+00
  -.44000000E+00  .87964302E+00
  -.40000000E+00  .85615464E+00
  -.36000000E+00  .83258446E+00
  -.32000000E+00  .80889282E+00
  -.28000000E+00  .78504354E+00
  -.24000000E+00  .76100316E+00
  -.20000000E+00  .73674028E+00
  -.16000000E+00  .71222503E+00
  -.12000000E+00  .68742865E+00
  -.80000000E-01  .66232309E+00
  -.40000000E-01  .63688072E+00
   .12351231E-14  .61107402E+00
   .40000000E-01  .58487536E+00
   .80000000E-01  .55825670E+00
   .12000000E+00  .53118944E+00
   .16000000E+00  .50364417E+00
   .20000000E+00  .47559049E+00
   .24000000E+00  .44699676E+00
   .28000000E+00  .41782991E+00
   .32000000E+00  .38805526E+00
   .36000000E+00  .35763622E+00
   .40000000E+00  .32653411E+00
   .44000000E+00  .29470787E+00
   .48000000E+00  .26211377E+00
   .52000000E+00  .22870514E+00
   .56000000E+00  .19443198E+00
   .60000000E+00  .15924064E+00
   .64000000E+00  .12307335E+00
   .68000000E+00  .85867820E-01
   .72000000E+00  .47556648E-01
   .76000000E+00  .80667901E-02
   .80000000E+00 -.32681128E-01
   .84000000E+00 -.74773560E-01
   .88000000E+00 -.11830489E+00
   .92000000E+00 -.16337843E+00
   .96000000E+00 -.21010753E+00
   .10000000E+01 -.25861685E+00
   .10400000E+01 -.30904391E+00
   .10800000E+01 -.36154079E+00
   .11200000E+01 -.41627615E+00
   .11600000E+01 -.47343764E+00
   .12000000E+01 -.53323461E+00
   .12400000E+01 -.59590148E+00
   .12800000E+01 -.66170155E+00
   .13200000E+01 -.73093171E+00
   .13600000E+01 -.80392799E+00
   .14000000E+01 -.88107224E+00
   .14400000E+01 -.96280033E+00
   .14800000E+01 -.10496120E+01
   .15200000E+01 -.11420833E+01
   .15600000E+01 -.12408812E+01
   .16000000E+01 -.13467832E+01
   .16400000E+01 -.14607005E+01
   .16800000E+01 -.15837085E+01
   .17200000E+01 -.17170854E+01
   .17600000E+01 -.18623628E+01
   .18000000E+01 -.20213911E+01
   .18400000E+01 -.21964281E+01
   .18800000E+01 -.23902571E+01
   .19200000E+01 -.26063494E+01
   .19600000E+01 -.28490912E+01
   .20000000E+01 -.31241063E+01
Potential  L  =        2.00000  -1.37804
  -.20000000E+01  .11642690E+01
  -.19600000E+01  .11305001E+01
  -.19200000E+01  .10939830E+01
  -.18800000E+01  .10541920E+01
  -.18400000E+01  .10104546E+01
  -.18000000E+01  .96189623E+00
  -.17600000E+01  .90735803E+00
  -.17200000E+01  .84527103E+00
  -.16800000E+01  .77345685E+00
  -.16400000E+01  .68879984E+00
  -.16000000E+01  .58668154E+00
  -.15600000E+01  .45995037E+00
  -.15200000E+01  .29690695E+00
  -.14800000E+01  .77007449E-01
  -.14400000E+01 -.23944669E+00
  -.14000000E+01 -.74041808E+00
  -.13600000E+01 -.16675213E+01
  -.13200000E+01 -.40116149E+01
  -.12800000E+01 -.22435259E+02
  -.12400000E+01  .10993314E+02
  -.12000000E+01  .53104422E+01
  -.11600000E+01  .38112122E+01
  -.11200000E+01  .31126285E+01
  -.10800000E+01  .27046648E+01
  -.10400000E+01  .24345733E+01
  -.10000000E+01  .22406604E+01
  -.96000000E+00  .20932378E+01
  -.92000000E+00  .19762499E+01
  -.88000000E+00  .18802540E+01
  -.84000000E+00  .17993331E+01
  -.80000000E+00  .17295902E+01
  -.76000000E+00  .16683543E+01
  -.72000000E+00  .16137314E+01
  -.68000000E+00  .15643434E+01
  -.64000000E+00  .15191613E+01
  -.60000000E+00  .14774014E+01
  -.56000000E+00  .14384566E+01
  -.52000000E+00  .14018484E+01
  -.48000000E+00  .13671950E+01
  -.44000000E+00  .13341871E+01
  -.40000000E+00  .13025718E+01
  -.36000000E+00  .12721400E+01
  -.32000000E+00  .12427168E+01
  -.28000000E+00  .12141551E+01
  -.24000000E+00  .11863296E+01
  -.20000000E+00  .11591331E+01
  -.16000000E+00  .11324730E+01
  -.12000000E+00  .11062686E+01
  -.80000000E-01  .10804495E+01
  -.40000000E-01  .10549533E+01
   .12351231E-14  .10297247E+01
   .40000000E-01  .10047144E+01
   .80000000E-01  .97987769E+00
   .12000000E+00  .95517441E+00
   .16000000E+00  .93056772E+00
   .20000000E+00  .90602387E+00
   .24000000E+00  .88151167E+00
   .28000000E+00  .85700209E+00
   .32000000E+00  .83246797E+00
   .36000000E+00  .80788369E+00
   .40000000E+00  .78322495E+00
   .44000000E+00  .75846855E+00
   .48000000E+00  .73359218E+00
   .52000000E+00  .70857429E+00
   .56000000E+00  .68339386E+00
   .60000000E+00  .65803034E+00
   .64000000E+00  .63246349E+00
   .68000000E+00  .60667325E+00
   .72000000E+00  .58063965E+00
   .76000000E+00  .55434269E+00
   .80000000E+00  .52776225E+00
   .84000000E+00  .50087799E+00
   .88000000E+00  .47366928E+00
   .92000000E+00  .44611504E+00
   .96000000E+00  .41819375E+00
   .10000000E+01  .38988319E+00
   .10400000E+01  .36116065E+00
   .10800000E+01  .33200248E+00
   .11200000E+01  .30238416E+00
   .11600000E+01  .27228021E+00
   .12000000E+01  .24166402E+00
   .12400000E+01  .21050779E+00
   .12800000E+01  .17878235E+00
   .13200000E+01  .14645712E+00
   .13600000E+01  .11349961E+00
   .14000000E+01  .79875839E-01
   .14400000E+01  .45549757E-01
   .14800000E+01  .10483152E-01
   .15200000E+01 -.25364555E-01
   .15600000E+01 -.62036502E-01
   .16000000E+01 -.99578692E-01
   .16400000E+01 -.13804020E+00
   .16800000E+01 -.17747356E+00
   .17200000E+01 -.21793501E+00
   .17600000E+01 -.25948492E+00
   .18000000E+01 -.30218823E+00
   .18400000E+01 -.34611486E+00
   .18800000E+01 -.39134026E+00
   .19200000E+01 -.43794603E+00
   .19600000E+01 -.48602053E+00
   .20000000E+01 -.53565965E+00
Core Pot   L  =        3.00000   -.10000
  -.20000000E+01  .16376914E+01
  -.19600000E+01  .16257464E+01
  -.19200000E+01  .16137197E+01
  -.18800000E+01  .16016099E+01
  -.18400000E+01  .15894153E+01
  -.18000000E+01  .15771341E+01
  -.17600000E+01  .15647645E+01
  -.17200000E+01  .15523048E+01
  -.16800000E+01  .15397531E+01
  -.16400000E+01  .15271074E+01
  -.16000000E+01  .15143657E+01
  -.15600000E+01  .15015259E+01
  -.15200000E+01  .14885859E+01
  -.14800000E+01  .14755435E+01
  -.14400000E+01  .14623962E+01
  -.14000000E+01  .14491418E+01
  -.13600000E+01  .14357778E+01
  -.13200000E+01  .14223014E+01
  -.12800000E+01  .14087102E+01
  -.12400000E+01  .13950013E+01
  -.12000000E+01  .13811718E+01
  -.11600000E+01  .13672188E+01
  -.11200000E+01  .13531390E+01
  -.10800000E+01  .13389294E+01
  -.10400000E+01  .13245864E+01
  -.10000000E+01  .13101066E+01
  -.96000000E+00  .12954864E+01
  -.92000000E+00  .12807218E+01
  -.88000000E+00  .12658090E+01
  -.84000000E+00  .12507437E+01
  -.80000000E+00  .12355216E+01
  -.76000000E+00  .12201382E+01
  -.72000000E+00  .12045888E+01
  -.68000000E+00  .11888683E+01
  -.64000000E+00  .11729716E+01
  -.60000000E+00  .11568932E+01
  -.56000000E+00  .11406273E+01
  -.52000000E+00  .11241681E+01
  -.48000000E+00  .11075091E+01
  -.44000000E+00  .10906438E+01
  -.40000000E+00  .10735651E+01
  -.36000000E+00  .10562658E+01
  -.32000000E+00  .10387380E+01
  -.28000000E+00  .10209737E+01
  -.24000000E+00  .10029642E+01
  -.20000000E+00  .98470034E+00
  -.16000000E+00  .96617256E+00
  -.12000000E+00  .94737062E+00
  -.80000000E-01  .92828372E+00
  -.40000000E-01  .90890037E+00
   .12351231E-14  .88920838E+00
   .40000000E-01  .86919478E+00
   .80000000E-01  .84884576E+00
   .12000000E+00  .82814661E+00
   .16000000E+00  .80708161E+00
   .20000000E+00  .78563397E+00
   .24000000E+00  .76378570E+00
   .28000000E+00  .74151755E+00
   .32000000E+00  .71880883E+00
   .36000000E+00  .69563732E+00
   .40000000E+00  .67197908E+00
   .44000000E+00  .64780830E+00
   .48000000E+00  .62309709E+00
   .52000000E+00  .59781529E+00
   .56000000E+00  .57193016E+00
   .60000000E+00  .54540618E+00
   .64000000E+00  .51820467E+00
   .68000000E+00  .49028343E+00
   .72000000E+00  .46159634E+00
   .76000000E+00  .43209287E+00
   .80000000E+00  .40171753E+00
   .84000000E+00  .37040922E+00
   .88000000E+00  .33810049E+00
   .92000000E+00  .30471667E+00
   .96000000E+00  .27017487E+00
   .10000000E+01  .23438278E+00
   .10400000E+01  .19723724E+00
   .10800000E+01  .15862264E+00
   .11200000E+01  .11840888E+00
   .11600000E+01  .76448995E-01
   .12000000E+01  .32576329E-01
   .12400000E+01 -.13398962E-01
   .12800000E+01 -.61694135E-01
   .13200000E+01 -.11255905E+00
   .13600000E+01 -.16628262E+00
   .14000000E+01 -.22320079E+00
   .14400000E+01 -.28370666E+00
   .14800000E+01 -.34826325E+00
   .15200000E+01 -.41741994E+00
   .15600000E+01 -.49183366E+00
   .16000000E+01 -.57229687E+00
   .16400000E+01 -.65977446E+00
   .16800000E+01 -.75545374E+00
   .17200000E+01 -.86081264E+00
   .17600000E+01 -.97771484E+00
   .18000000E+01 -.11085448E+01
   .18400000E+01 -.12564040E+01
   .18800000E+01 -.14254027E+01
   .19200000E+01 -.16211075E+01
   .19600000E+01 -.18512504E+01
   .20000000E+01 -.21268958E+01
Potential  L  =        3.00000   -.10000
  -.20000000E+01  .16381336E+01
  -.19600000E+01  .16261857E+01
  -.19200000E+01  .16141559E+01
  -.18800000E+01  .16020426E+01
  -.18400000E+01  .15898442E+01
  -.18000000E+01  .15775590E+01
  -.17600000E+01  .15651851E+01
  -.17200000E+01  .15527208E+01
  -.16800000E+01  .15401642E+01
  -.16400000E+01  .15275132E+01
  -.16000000E+01  .15147659E+01
  -.15600000E+01  .15019202E+01
  -.15200000E+01  .14889739E+01
  -.14800000E+01  .14759248E+01
  -.14400000E+01  .14627705E+01
  -.14000000E+01  .14495087E+01
  -.13600000E+01  .14361369E+01
  -.13200000E+01  .14226524E+01
  -.12800000E+01  .14090526E+01
  -.12400000E+01  .13953348E+01
  -.12000000E+01  .13814960E+01
  -.11600000E+01  .13675332E+01
  -.11200000E+01  .13534433E+01
  -.10800000E+01  .13392231E+01
  -.10400000E+01  .13248692E+01
  -.10000000E+01  .13103782E+01
  -.96000000E+00  .12957462E+01
  -.92000000E+00  .12809697E+01
  -.88000000E+00  .12660445E+01
  -.84000000E+00  .12509666E+01
  -.80000000E+00  .12357316E+01
  -.76000000E+00  .12203351E+01
  -.72000000E+00  .12047723E+01
  -.68000000E+00  .11890383E+01
  -.64000000E+00  .11731280E+01
  -.60000000E+00  .11570360E+01
  -.56000000E+00  .11407566E+01
  -.52000000E+00  .11242839E+01
  -.48000000E+00  .11076118E+01
  -.44000000E+00  .10907338E+01
  -.40000000E+00  .10736429E+01
  -.36000000E+00  .10563320E+01
  -.32000000E+00  .10387937E+01
  -.28000000E+00  .10210198E+01
  -.24000000E+00  .10030021E+01
  -.20000000E+00  .98473170E+00
  -.16000000E+00  .96619930E+00
  -.12000000E+00  .94739505E+00
  -.80000000E-01  .92830857E+00
  -.40000000E-01  .90892883E+00
   .12351231E-14  .88924418E+00
   .40000000E-01  .86924227E+00
   .80000000E-01  .84890999E+00
   .12000000E+00  .82823341E+00
   .16000000E+00  .80719771E+00
   .20000000E+00  .78578714E+00
   .24000000E+00  .76398489E+00
   .28000000E+00  .74177303E+00
   .32000000E+00  .71913241E+00
   .36000000E+00  .69604255E+00
   .40000000E+00  .67248151E+00
   .44000000E+00  .64842575E+00
   .48000000E+00  .62385002E+00
   .52000000E+00  .59872714E+00
   .56000000E+00  .57302783E+00
   .60000000E+00  .54672053E+00
   .64000000E+00  .51977113E+00
   .68000000E+00  .49214269E+00
   .72000000E+00  .46379521E+00
   .76000000E+00  .43468521E+00
   .80000000E+00  .40476537E+00
   .84000000E+00  .37398413E+00
   .88000000E+00  .34228512E+00
   .92000000E+00  .30960670E+00
   .96000000E+00  .27588113E+00
   .10000000E+01  .24103399E+00
   .10400000E+01  .20498322E+00
   .10800000E+01  .16763799E+00
   .11200000E+01  .12889775E+00
   .11600000E+01  .88650712E-01
   .12000000E+01  .46772207E-01
   .12400000E+01  .31228165E-02
   .12800000E+01 -.42453919E-01
   .13200000E+01 -.90134205E-01
   .13600000E+01 -.14011723E+00
   .14000000E+01 -.19262907E+00
   .14400000E+01 -.24792739E+00
   .14800000E+01 -.30630725E+00
   .15200000E+01 -.36810808E+00
   .15600000E+01 -.43372253E+00
   .16000000E+01 -.50360724E+00
   .16400000E+01 -.57829653E+00
   .16800000E+01 -.65841969E+00
   .17200000E+01 -.74472324E+00
   .17600000E+01 -.83809946E+00
   .18000000E+01 -.93962399E+00
   .18400000E+01 -.10506056E+01
   .18800000E+01 -.11726529E+01
   .19200000E+01 -.13077660E+01
   .19600000E+01 -.14584629E+01
   .20000000E+01 -.16279595E+01
Core Pot   L  =        4.00000    .00000
  -.20000000E+01  .19010322E+01
  -.19600000E+01  .18909049E+01
  -.19200000E+01  .18807296E+01
  -.18800000E+01  .18705056E+01
  -.18400000E+01  .18602322E+01
  -.18000000E+01  .18499088E+01
  -.17600000E+01  .18395347E+01
  -.17200000E+01  .18291092E+01
  -.16800000E+01  .18186316E+01
  -.16400000E+01  .18081011E+01
  -.16000000E+01  .17975171E+01
  -.15600000E+01  .17868788E+01
  -.15200000E+01  .17761855E+01
  -.14800000E+01  .17654362E+01
  -.14400000E+01  .17546303E+01
  -.14000000E+01  .17437669E+01
  -.13600000E+01  .17328452E+01
  -.13200000E+01  .17218643E+01
  -.12800000E+01  .17108234E+01
  -.12400000E+01  .16997214E+01
  -.12000000E+01  .16885576E+01
  -.11600000E+01  .16773309E+01
  -.11200000E+01  .16660405E+01
  -.10800000E+01  .16546853E+01
  -.10400000E+01  .16432643E+01
  -.10000000E+01  .16317764E+01
  -.96000000E+00  .16202207E+01
  -.92000000E+00  .16085960E+01
  -.88000000E+00  .15969012E+01
  -.84000000E+00  .15851352E+01
  -.80000000E+00  .15732967E+01
  -.76000000E+00  .15613847E+01
  -.72000000E+00  .15493978E+01
  -.68000000E+00  .15373348E+01
  -.64000000E+00  .15251944E+01
  -.60000000E+00  .15129753E+01
  -.56000000E+00  .15006760E+01
  -.52000000E+00  .14882953E+01
  -.48000000E+00  .14758316E+01
  -.44000000E+00  .14632835E+01
  -.40000000E+00  .14506495E+01
  -.36000000E+00  .14379279E+01
  -.32000000E+00  .14251173E+01
  -.28000000E+00  .14122158E+01
  -.24000000E+00  .13992219E+01
  -.20000000E+00  .13861338E+01
  -.16000000E+00  .13729496E+01
  -.12000000E+00  .13596676E+01
  -.80000000E-01  .13462858E+01
  -.40000000E-01  .13328023E+01
   .12351231E-14  .13192150E+01
   .40000000E-01  .13055218E+01
   .80000000E-01  .12917207E+01
   .12000000E+00  .12778093E+01
   .16000000E+00  .12637855E+01
   .20000000E+00  .12496468E+01
   .24000000E+00  .12353909E+01
   .28000000E+00  .12210151E+01
   .32000000E+00  .12065170E+01
   .36000000E+00  .11918939E+01
   .40000000E+00  .11771430E+01
   .44000000E+00  .11622614E+01
   .48000000E+00  .11472461E+01
   .52000000E+00  .11320943E+01
   .56000000E+00  .11168026E+01
   .60000000E+00  .11013678E+01
   .64000000E+00  .10857866E+01
   .68000000E+00  .10700554E+01
   .72000000E+00  .10541707E+01
   .76000000E+00  .10381286E+01
   .80000000E+00  .10219252E+01
   .84000000E+00  .10055566E+01
   .88000000E+00  .98901849E+00
   .92000000E+00  .97230658E+00
   .96000000E+00  .95541634E+00
   .10000000E+01  .93834308E+00
   .10400000E+01  .92108192E+00
   .10800000E+01  .90362780E+00
   .11200000E+01  .88597544E+00
   .11600000E+01  .86811936E+00
   .12000000E+01  .85005386E+00
   .12400000E+01  .83177298E+00
   .12800000E+01  .81327054E+00
   .13200000E+01  .79454007E+00
   .13600000E+01  .77557484E+00
   .14000000E+01  .75636781E+00
   .14400000E+01  .73691166E+00
   .14800000E+01  .71719870E+00
   .15200000E+01  .69722093E+00
   .15600000E+01  .67696997E+00
   .16000000E+01  .65643704E+00
   .16400000E+01  .63561297E+00
   .16800000E+01  .61448813E+00
   .17200000E+01  .59305244E+00
   .17600000E+01  .57129533E+00
   .18000000E+01  .54920569E+00
   .18400000E+01  .52677187E+00
   .18800000E+01  .50398160E+00
   .19200000E+01  .48082201E+00
   .19600000E+01  .45727953E+00
   .20000000E+01  .43333987E+00
Potential  L  =        4.00000    .00000
  -.20000000E+01  .19015533E+01
  -.19600000E+01  .18914299E+01
  -.19200000E+01  .18812583E+01
  -.18800000E+01  .18710380E+01
  -.18400000E+01  .18607685E+01
  -.18000000E+01  .18504488E+01
  -.17600000E+01  .18400784E+01
  -.17200000E+01  .18296566E+01
  -.16800000E+01  .18191827E+01
  -.16400000E+01  .18086559E+01
  -.16000000E+01  .17980755E+01
  -.15600000E+01  .17874408E+01
  -.15200000E+01  .17767509E+01
  -.14800000E+01  .17660052E+01
  -.14400000E+01  .17552027E+01
  -.14000000E+01  .17443427E+01
  -.13600000E+01  .17334243E+01
  -.13200000E+01  .17224466E+01
  -.12800000E+01  .17114088E+01
  -.12400000E+01  .17003099E+01
  -.12000000E+01  .16891491E+01
  -.11600000E+01  .16779253E+01
  -.11200000E+01  .16666377E+01
  -.10800000E+01  .16552851E+01
  -.10400000E+01  .16438666E+01
  -.10000000E+01  .16323812E+01
  -.96000000E+00  .16208277E+01
  -.92000000E+00  .16092051E+01
  -.88000000E+00  .15975122E+01
  -.84000000E+00  .15857479E+01
  -.80000000E+00  .15739111E+01
  -.76000000E+00  .15620004E+01
  -.72000000E+00  .15500147E+01
  -.68000000E+00  .15379526E+01
  -.64000000E+00  .15258129E+01
  -.60000000E+00  .15135941E+01
  -.56000000E+00  .15012951E+01
  -.52000000E+00  .14889142E+01
  -.48000000E+00  .14764500E+01
  -.44000000E+00  .14639011E+01
  -.40000000E+00  .14512658E+01
  -.36000000E+00  .14385427E+01
  -.32000000E+00  .14257301E+01
  -.28000000E+00  .14128262E+01
  -.24000000E+00  .13998295E+01
  -.20000000E+00  .13867380E+01
  -.16000000E+00  .13735500E+01
  -.12000000E+00  .13602635E+01
  -.80000000E-01  .13468768E+01
  -.40000000E-01  .13333876E+01
   .12351231E-14  .13197941E+01
   .40000000E-01  .13060940E+01
   .80000000E-01  .12922852E+01
   .12000000E+00  .12783654E+01
   .16000000E+00  .12643323E+01
   .20000000E+00  .12501835E+01
   .24000000E+00  .12359165E+01
   .28000000E+00  .12215288E+01
   .32000000E+00  .12070176E+01
   .36000000E+00  .11923803E+01
   .40000000E+00  .11776140E+01
   .44000000E+00  .11627159E+01
   .48000000E+00  .11476828E+01
   .52000000E+00  .11325117E+01
   .56000000E+00  .11171993E+01
   .60000000E+00  .11017423E+01
   .64000000E+00  .10861372E+01
   .68000000E+00  .10703803E+01
   .72000000E+00  .10544681E+01
   .76000000E+00  .10383965E+01
   .80000000E+00  .10221616E+01
   .84000000E+00  .10057592E+01
   .88000000E+00  .98918499E+00
   .92000000E+00  .97243448E+00
   .96000000E+00  .95550298E+00
   .10000000E+01  .93838565E+00
   .10400000E+01  .92107745E+00
   .10800000E+01  .90357311E+00
   .11200000E+01  .88586717E+00
   .11600000E+01  .86795393E+00
   .12000000E+01  .84982746E+00
   .12400000E+01  .83148157E+00
   .12800000E+01  .81290981E+00
   .13200000E+01  .79410544E+00
   .13600000E+01  .77506142E+00
   .14000000E+01  .75577042E+00
   .14400000E+01  .73622475E+00
   .14800000E+01  .71641638E+00
   .15200000E+01  .69633691E+00
   .15600000E+01  .67597754E+00
   .16000000E+01  .65532904E+00
   .16400000E+01  .63438175E+00
   .16800000E+01  .61312553E+00
   .17200000E+01  .59154974E+00
   .17600000E+01  .56964319E+00
   .18000000E+01  .54739414E+00
   .18400000E+01  .52479024E+00
   .18800000E+01  .50181844E+00
   .19200000E+01  .47846507E+00
   .19600000E+01  .45471567E+00
   .20000000E+01  .43055500E+00
KBPotential  L  =      2.00000  -2.75608
  -.20000000E+01  .13434465E+01
  -.19600000E+01  .13235973E+01
  -.19200000E+01  .13027276E+01
  -.18800000E+01  .12806282E+01
  -.18400000E+01  .12570218E+01
  -.18000000E+01  .12315333E+01
  -.17600000E+01  .12036414E+01
  -.17200000E+01  .11725999E+01
  -.16800000E+01  .11373007E+01
  -.16400000E+01  .10960230E+01
  -.16000000E+01  .10459411E+01
  -.15600000E+01  .98206620E+00
  -.15200000E+01  .89468249E+00
  -.14800000E+01  .76200665E+00
  -.14400000E+01  .52300082E+00
  -.14000000E+01 -.83589284E-01
  -.13600000E+01 -.60826931E+01
  -.13200000E+01  .32487806E+01
  -.12800000E+01  .20816719E+01
  -.12400000E+01  .17426404E+01
  -.12000000E+01  .15744583E+01
  -.11600000E+01  .14698030E+01
  -.11200000E+01  .13956119E+01
  -.10800000E+01  .13383236E+01
  -.10400000E+01  .12913447E+01
  -.10000000E+01  .12510868E+01
  -.96000000E+00  .12154226E+01
  -.92000000E+00  .11830124E+01
  -.88000000E+00  .11529703E+01
  -.84000000E+00  .11246850E+01
  -.80000000E+00  .10977205E+01
  -.76000000E+00  .10717568E+01
  -.72000000E+00  .10465528E+01
  -.68000000E+00  .10219228E+01
  -.64000000E+00  .99772072E+00
  -.60000000E+00  .97382991E+00
  -.56000000E+00  .95015497E+00
  -.52000000E+00  .92661655E+00
  -.48000000E+00  .90314771E+00
  -.44000000E+00  .87968972E+00
  -.40000000E+00  .85619927E+00
  -.36000000E+00  .83262276E+00
  -.32000000E+00  .80892663E+00
  -.28000000E+00  .78507355E+00
  -.24000000E+00  .76103004E+00
  -.20000000E+00  .73676482E+00
  -.16000000E+00  .71224814E+00
  -.12000000E+00  .68745139E+00
  -.80000000E-01  .66234669E+00
  -.40000000E-01  .63690659E+00
   .12351231E-14  .61110379E+00
   .40000000E-01  .58491087E+00
   .80000000E-01  .55830007E+00
   .12000000E+00  .53124318E+00
   .16000000E+00  .50371087E+00
   .20000000E+00  .47567336E+00
   .24000000E+00  .44709935E+00
   .28000000E+00  .41795628E+00
   .32000000E+00  .38820994E+00
   .36000000E+00  .35782441E+00
   .40000000E+00  .32676169E+00
   .44000000E+00  .29498147E+00
   .48000000E+00  .26244094E+00
   .52000000E+00  .22909439E+00
   .56000000E+00  .19489299E+00
   .60000000E+00  .15978435E+00
   .64000000E+00  .12371218E+00
   .68000000E+00  .86615814E-01
   .72000000E+00  .48437450E-01
   .76000000E+00  .90647370E-02
   .80000000E+00 -.31489083E-01
   .84000000E+00 -.73403438E-01
   .88000000E+00 -.11672264E+00
   .92000000E+00 -.16155137E+00
   .96000000E+00 -.20800074E+00
   .10000000E+01 -.25619037E+00
   .10400000E+01 -.30625193E+00
   .10800000E+01 -.35833069E+00
   .11200000E+01 -.41258738E+00
   .11600000E+01 -.46920034E+00
   .12000000E+01 -.52836804E+00
   .12400000E+01 -.59031204E+00
   .12800000E+01 -.65528046E+00
   .13200000E+01 -.72355218E+00
   .13600000E+01 -.79544172E+00
   .14000000E+01 -.87130524E+00
   .14400000E+01 -.95154751E+00
   .14800000E+01 -.10366354E+01
   .15200000E+01 -.11270870E+01
   .15600000E+01 -.12235249E+01
   .16000000E+01 -.13266550E+01
   .16400000E+01 -.14373032E+01
   .16800000E+01 -.15564380E+01
   .17200000E+01 -.16852041E+01
   .17600000E+01 -.18249618E+01
   .18000000E+01 -.19773411E+01
   .18400000E+01 -.21443200E+01
   .18800000E+01 -.23283018E+01
   .19200000E+01 -.25322610E+01
   .19600000E+01 -.27599047E+01
   .20000000E+01 -.30159311E+01
KBPotential  L  =       .00000  -1.24399
  -.20000000E+01  .10406250E+01
  -.19600000E+01  .10193267E+01
  -.19200000E+01  .99755665E+00
  -.18800000E+01  .97528771E+00
  -.18400000E+01  .95249059E+00
  -.18000000E+01  .92913340E+00
  -.17600000E+01  .90518143E+00
  -.17200000E+01  .88059679E+00
  -.16800000E+01  .85533807E+00
  -.16400000E+01  .82935988E+00
  -.16000000E+01  .80261234E+00
  -.15600000E+01  .77504057E+00
  -.15200000E+01  .74658396E+00
  -.14800000E+01  .71717547E+00
  -.14400000E+01  .68674067E+00
  -.14000000E+01  .65519672E+00
  -.13600000E+01  .62245116E+00
  -.13200000E+01  .58840039E+00
  -.12800000E+01  .55292799E+00
  -.12400000E+01  .51590263E+00
  -.12000000E+01  .47717557E+00
  -.11600000E+01  .43657769E+00
  -.11200000E+01  .39391596E+00
  -.10800000E+01  .34896851E+00
  -.10400000E+01  .30147982E+00
  -.10000000E+01  .25115373E+00
  -.96000000E+00  .19764446E+00
  -.92000000E+00  .14054649E+00
  -.88000000E+00  .79380650E-01
  -.84000000E+00  .13576594E-01
  -.80000000E+00 -.57549980E-01
  -.76000000E+00 -.13482738E+00
  -.72000000E+00 -.21926799E+00
  -.68000000E+00 -.31212248E+00
  -.64000000E+00 -.41495444E+00
  -.60000000E+00 -.52974487E+00
  -.56000000E+00 -.65904160E+00
  -.52000000E+00 -.80617785E+00
  -.48000000E+00 -.97560028E+00
  -.44000000E+00 -.11733767E+01
  -.40000000E+00 -.14080090E+01
  -.36000000E+00 -.16917909E+01
  -.32000000E+00 -.20431866E+01
  -.28000000E+00 -.24912596E+01
  -.24000000E+00 -.30845534E+01
  -.20000000E+00 -.39106993E+01
  -.16000000E+00 -.51456770E+01
  -.12000000E+00 -.72026809E+01
  -.80000000E-01 -.11334982E+02
  -.40000000E-01 -.23977849E+02
   .12351231E-14  .73804442E+03
   .40000000E-01  .24105698E+02
   .80000000E-01  .12639130E+02
   .12000000E+00  .87238112E+01
   .16000000E+00  .67419714E+01
   .20000000E+00  .55409426E+01
   .24000000E+00  .47323461E+01
   .28000000E+00  .41487027E+01
   .32000000E+00  .37059315E+01
   .36000000E+00  .33571833E+01
   .40000000E+00  .30742866E+01
   .44000000E+00  .28392815E+01
   .48000000E+00  .26401771E+01
   .52000000E+00  .24686610E+01
   .56000000E+00  .23187885E+01
   .60000000E+00  .21861954E+01
   .64000000E+00  .20676044E+01
   .68000000E+00  .19605064E+01
   .72000000E+00  .18629469E+01
   .76000000E+00  .17733821E+01
   .80000000E+00  .16905717E+01
   .84000000E+00  .16135123E+01
   .88000000E+00  .15413800E+01
   .92000000E+00  .14734920E+01
   .96000000E+00  .14092774E+01
   .10000000E+01  .13482544E+01
   .10400000E+01  .12900134E+01
   .10800000E+01  .12342028E+01
   .11200000E+01  .11805192E+01
   .11600000E+01  .11286983E+01
   .12000000E+01  .10785081E+01
   .12400000E+01  .10297437E+01
   .12800000E+01  .98222249E+00
   .13200000E+01  .93578016E+00
   .13600000E+01  .89026776E+00
   .14000000E+01  .84554842E+00
   .14400000E+01  .80149585E+00
   .14800000E+01  .75799000E+00
   .15200000E+01  .71491734E+00
   .15600000E+01  .67216683E+00
   .16000000E+01  .62962850E+00
   .16400000E+01  .58718871E+00
   .16800000E+01  .54473122E+00
   .17200000E+01  .50212784E+00
   .17600000E+01  .45923614E+00
   .18000000E+01  .41589151E+00
   .18400000E+01  .37189453E+00
   .18800000E+01  .32699501E+00
   .19200000E+01  .28086492E+00
   .19600000E+01  .23305415E+00
   .20000000E+01  .18291440E+00
KBPotential  L  =      1.00000   -.39758
  -.20000000E+01  .11993175E+01
  -.19600000E+01  .11822616E+01
  -.19200000E+01  .11649706E+01
  -.18800000E+01  .11474357E+01
  -.18400000E+01  .11296477E+01
  -.18000000E+01  .11115971E+01
  -.17600000E+01  .10932736E+01
  -.17200000E+01  .10746663E+01
  -.16800000E+01  .10557638E+01
  -.16400000E+01  .10365540E+01
  -.16000000E+01  .10170239E+01
  -.15600000E+01  .99715985E+00
  -.15200000E+01  .97694721E+00
  -.14800000E+01  .95637047E+00
  -.14400000E+01  .93541305E+00
  -.14000000E+01  .91405730E+00
  -.13600000E+01  .89228431E+00
  -.13200000E+01  .87007387E+00
  -.12800000E+01  .84740433E+00
  -.12400000E+01  .82425247E+00
  -.12000000E+01  .80059333E+00
  -.11600000E+01  .77640007E+00
  -.11200000E+01  .75164379E+00
  -.10800000E+01  .72629330E+00
  -.10400000E+01  .70031488E+00
  -.10000000E+01  .67367206E+00
  -.96000000E+00  .64632527E+00
  -.92000000E+00  .61823154E+00
  -.88000000E+00  .58934412E+00
  -.84000000E+00  .55961203E+00
  -.80000000E+00  .52897958E+00
  -.76000000E+00  .49738579E+00
  -.72000000E+00  .46476376E+00
  -.68000000E+00  .43103992E+00
  -.64000000E+00  .39613315E+00
  -.60000000E+00  .35995381E+00
  -.56000000E+00  .32240255E+00
  -.52000000E+00  .28336897E+00
  -.48000000E+00  .24273005E+00
  -.44000000E+00  .20034814E+00
  -.40000000E+00  .15606898E+00
  -.36000000E+00  .10971881E+00
  -.32000000E+00  .61101351E-01
  -.28000000E+00  .99939416E-02
  -.24000000E+00 -.43857040E-01
  -.20000000E+00 -.10074179E+00
  -.16000000E+00 -.16099394E+00
  -.12000000E+00 -.22499902E+00
  -.80000000E-01 -.29320504E+00
  -.40000000E-01 -.36613561E+00
   .12351231E-14 -.44440682E+00
   .40000000E-01 -.52874845E+00
   .80000000E-01 -.62003158E+00
   .12000000E+00 -.71930466E+00
   .16000000E+00 -.82784118E+00
   .20000000E+00 -.94720340E+00
   .24000000E+00 -.10793293E+01
   .28000000E+00 -.12266531E+01
   .32000000E+00 -.13922745E+01
   .36000000E+00 -.15802037E+01
   .40000000E+00 -.17957219E+01
   .44000000E+00 -.20459289E+01
   .48000000E+00 -.23405991E+01
   .52000000E+00 -.26935736E+01
   .56000000E+00 -.31251199E+01
   .60000000E+00 -.36661535E+01
   .64000000E+00 -.43662875E+01
   .68000000E+00 -.53104887E+01
   .72000000E+00 -.66573957E+01
   .76000000E+00 -.87412707E+01
   .80000000E+00 -.12408044E+02
   .84000000E+00 -.20601300E+02
   .88000000E+00 -.55469405E+02
   .92000000E+00  .89817996E+02
   .96000000E+00  .25568587E+02
   .10000000E+01  .15139913E+02
   .10400000E+01  .10859362E+02
   .10800000E+01  .85224054E+01
   .11200000E+01  .70465476E+01
   .11600000E+01  .60272338E+01
   .12000000E+01  .52789751E+01
   .12400000E+01  .47047455E+01
   .12800000E+01  .42488621E+01
   .13200000E+01  .38770830E+01
   .13600000E+01  .35671932E+01
   .14000000E+01  .33041491E+01
   .14400000E+01  .30774003E+01
   .14800000E+01  .28793277E+01
   .15200000E+01  .27042912E+01
   .15600000E+01  .25480253E+01
   .16000000E+01  .24072442E+01
   .16400000E+01  .22793741E+01
   .16800000E+01  .21623721E+01
   .17200000E+01  .20545924E+01
   .17600000E+01  .19546963E+01
   .18000000E+01  .18615814E+01
   .18400000E+01  .17743322E+01
   .18800000E+01  .16921813E+01
   .19200000E+01  .16144798E+01
   .19600000E+01  .15406750E+01
   .20000000E+01  .14702926E+01
KBPotential  L  =      3.00000    .00000
  -.20000000E+01  .16381336E+01
  -.19600000E+01  .16261857E+01
  -.19200000E+01  .16141559E+01
  -.18800000E+01  .16020426E+01
  -.18400000E+01  .15898442E+01
  -.18000000E+01  .15775590E+01
  -.17600000E+01  .15651851E+01
  -.17200000E+01  .15527208E+01
  -.16800000E+01  .15401642E+01
  -.16400000E+01  .15275132E+01
  -.16000000E+01  .15147659E+01
  -.15600000E+01  .15019202E+01
  -.15200000E+01  .14889739E+01
  -.14800000E+01  .14759248E+01
  -.14400000E+01  .14627705E+01
  -.14000000E+01  .14495087E+01
  -.13600000E+01  .14361369E+01
  -.13200000E+01  .14226524E+01
  -.12800000E+01  .14090526E+01
  -.12400000E+01  .13953348E+01
  -.12000000E+01  .13814960E+01
  -.11600000E+01  .13675332E+01
  -.11200000E+01  .13534433E+01
  -.10800000E+01  .13392231E+01
  -.10400000E+01  .13248692E+01
  -.10000000E+01  .13103782E+01
  -.96000000E+00  .12957462E+01
  -.92000000E+00  .12809697E+01
  -.88000000E+00  .12660445E+01
  -.84000000E+00  .12509666E+01
  -.80000000E+00  .12357316E+01
  -.76000000E+00  .12203351E+01
  -.72000000E+00  .12047723E+01
  -.68000000E+00  .11890383E+01
  -.64000000E+00  .11731280E+01
  -.60000000E+00  .11570360E+01
  -.56000000E+00  .11407566E+01
  -.52000000E+00  .11242839E+01
  -.48000000E+00  .11076118E+01
  -.44000000E+00  .10907338E+01
  -.40000000E+00  .10736429E+01
  -.36000000E+00  .10563320E+01
  -.32000000E+00  .10387937E+01
  -.28000000E+00  .10210198E+01
  -.24000000E+00  .10030021E+01
  -.20000000E+00  .98473170E+00
  -.16000000E+00  .96619930E+00
  -.12000000E+00  .94739505E+00
  -.80000000E-01  .92830857E+00
  -.40000000E-01  .90892883E+00
   .12351231E-14  .88924418E+00
   .40000000E-01  .86924227E+00
   .80000000E-01  .84890999E+00
   .12000000E+00  .82823341E+00
   .16000000E+00  .80719771E+00
   .20000000E+00  .78578714E+00
   .24000000E+00  .76398489E+00
   .28000000E+00  .74177303E+00
   .32000000E+00  .71913241E+00
   .36000000E+00  .69604255E+00
   .40000000E+00  .67248151E+00
   .44000000E+00  .64842575E+00
   .48000000E+00  .62385002E+00
   .52000000E+00  .59872714E+00
   .56000000E+00  .57302783E+00
   .60000000E+00  .54672053E+00
   .64000000E+00  .51977113E+00
   .68000000E+00  .49214269E+00
   .72000000E+00  .46379521E+00
   .76000000E+00  .43468521E+00
   .80000000E+00  .40476537E+00
   .84000000E+00  .37398413E+00
   .88000000E+00  .34228512E+00
   .92000000E+00  .30960670E+00
   .96000000E+00  .27588113E+00
   .10000000E+01  .24103399E+00
   .10400000E+01  .20498322E+00
   .10800000E+01  .16763799E+00
   .11200000E+01  .12889775E+00
   .11600000E+01  .88650712E-01
   .12000000E+01  .46772207E-01
   .12400000E+01  .31228165E-02
   .12800000E+01 -.42453919E-01
   .13200000E+01 -.90134205E-01
   .13600000E+01 -.14011723E+00
   .14000000E+01 -.19262907E+00
   .14400000E+01 -.24792739E+00
   .14800000E+01 -.30630725E+00
   .15200000E+01 -.36810808E+00
   .15600000E+01 -.43372253E+00
   .16000000E+01 -.50360724E+00
   .16400000E+01 -.57829653E+00
   .16800000E+01 -.65841969E+00
   .17200000E+01 -.74472324E+00
   .17600000E+01 -.83809946E+00
   .18000000E+01 -.93962399E+00
   .18400000E+01 -.10506056E+01
   .18800000E+01 -.11726529E+01
   .19200000E+01 -.13077660E+01
   .19600000E+01 -.14584629E+01
   .20000000E+01 -.16279595E+01
KBPotential  L  =      4.00000    .00000
  -.20000000E+01  .19015533E+01
  -.19600000E+01  .18914299E+01
  -.19200000E+01  .18812583E+01
  -.18800000E+01  .18710380E+01
  -.18400000E+01  .18607685E+01
  -.18000000E+01  .18504488E+01
  -.17600000E+01  .18400784E+01
  -.17200000E+01  .18296566E+01
  -.16800000E+01  .18191827E+01
  -.16400000E+01  .18086559E+01
  -.16000000E+01  .17980755E+01
  -.15600000E+01  .17874408E+01
  -.15200000E+01  .17767509E+01
  -.14800000E+01  .17660052E+01
  -.14400000E+01  .17552027E+01
  -.14000000E+01  .17443427E+01
  -.13600000E+01  .17334243E+01
  -.13200000E+01  .17224466E+01
  -.12800000E+01  .17114088E+01
  -.12400000E+01  .17003099E+01
  -.12000000E+01  .16891491E+01
  -.11600000E+01  .16779253E+01
  -.11200000E+01  .16666377E+01
  -.10800000E+01  .16552851E+01
  -.10400000E+01  .16438666E+01
  -.10000000E+01  .16323812E+01
  -.96000000E+00  .16208277E+01
  -.92000000E+00  .16092051E+01
  -.88000000E+00  .15975122E+01
  -.84000000E+00  .15857479E+01
  -.80000000E+00  .15739111E+01
  -.76000000E+00  .15620004E+01
  -.72000000E+00  .15500147E+01
  -.68000000E+00  .15379526E+01
  -.64000000E+00  .15258129E+01
  -.60000000E+00  .15135941E+01
  -.56000000E+00  .15012951E+01
  -.52000000E+00  .14889142E+01
  -.48000000E+00  .14764500E+01
  -.44000000E+00  .14639011E+01
  -.40000000E+00  .14512658E+01
  -.36000000E+00  .14385427E+01
  -.32000000E+00  .14257301E+01
  -.28000000E+00  .14128262E+01
  -.24000000E+00  .13998295E+01
  -.20000000E+00  .13867380E+01
  -.16000000E+00  .13735500E+01
  -.12000000E+00  .13602635E+01
  -.80000000E-01  .13468768E+01
  -.40000000E-01  .13333876E+01
   .12351231E-14  .13197941E+01
   .40000000E-01  .13060940E+01
   .80000000E-01  .12922852E+01
   .12000000E+00  .12783654E+01
   .16000000E+00  .12643323E+01
   .20000000E+00  .12501835E+01
   .24000000E+00  .12359165E+01
   .28000000E+00  .12215288E+01
   .32000000E+00  .12070176E+01
   .36000000E+00  .11923803E+01
   .40000000E+00  .11776140E+01
   .44000000E+00  .11627159E+01
   .48000000E+00  .11476828E+01
   .52000000E+00  .11325117E+01
   .56000000E+00  .11171993E+01
   .60000000E+00  .11017423E+01
   .64000000E+00  .10861372E+01
   .68000000E+00  .10703803E+01
   .72000000E+00  .10544681E+01
   .76000000E+00  .10383965E+01
   .80000000E+00  .10221616E+01
   .84000000E+00  .10057592E+01
   .88000000E+00  .98918499E+00
   .92000000E+00  .97243448E+00
   .96000000E+00  .95550298E+00
   .10000000E+01  .93838565E+00
   .10400000E+01  .92107745E+00
   .10800000E+01  .90357311E+00
   .11200000E+01  .88586717E+00
   .11600000E+01  .86795393E+00
   .12000000E+01  .84982746E+00
   .12400000E+01  .83148157E+00
   .12800000E+01  .81290981E+00
   .13200000E+01  .79410544E+00
   .13600000E+01  .77506142E+00
   .14000000E+01  .75577042E+00
   .14400000E+01  .73622475E+00
   .14800000E+01  .71641638E+00
   .15200000E+01  .69633691E+00
   .15600000E+01  .67597754E+00
   .16000000E+01  .65532904E+00
   .16400000E+01  .63438175E+00
   .16800000E+01  .61312553E+00
   .17200000E+01  .59154974E+00
   .17600000E+01  .56964319E+00
   .18000000E+01  .54739414E+00
   .18400000E+01  .52479024E+00
   .18800000E+01  .50181844E+00
   .19200000E+01  .47846507E+00
   .19600000E+01  .45471567E+00
   .20000000E+01  .43055500E+00
