Mo : s1 d5                              
  .112807232E-01  .114530526E-01  .116280081E-01  .118056295E-01  .119859573E-01
  .121690326E-01  .123548971E-01  .125435932E-01  .127351637E-01  .129296522E-01
  .131271032E-01  .133275614E-01  .135310726E-01  .137376830E-01  .139474396E-01
  .141603901E-01  .143765830E-01  .145960674E-01  .148188932E-01  .150451111E-01
  .152747725E-01  .155079296E-01  .157446352E-01  .159849433E-01  .162289084E-01
  .164765859E-01  .167280320E-01  .169833038E-01  .172424593E-01  .175055572E-01
  .177726573E-01  .180438201E-01  .183191072E-01  .185985810E-01  .188823048E-01
  .191703429E-01  .194627607E-01  .197596244E-01  .200610013E-01  .203669596E-01
  .206775686E-01  .209928987E-01  .213130212E-01  .216380087E-01  .219679346E-01
  .223028736E-01  .226429014E-01  .229880951E-01  .233385326E-01  .236942931E-01
  .240554571E-01  .244221062E-01  .247943232E-01  .251721923E-01  .255557987E-01
  .259452290E-01  .263405713E-01  .267419146E-01  .271493496E-01  .275629682E-01
  .279828637E-01  .284091307E-01  .288418654E-01  .292811653E-01  .297271293E-01
  .301798581E-01  .306394534E-01  .311060189E-01  .315796596E-01  .320604820E-01
  .325485944E-01  .330441066E-01  .335471300E-01  .340577778E-01  .345761646E-01
  .351024071E-01  .356366235E-01  .361789337E-01  .367294596E-01  .372883248E-01
  .378556547E-01  .384315765E-01  .390162196E-01  .396097150E-01  .402121958E-01
  .408237971E-01  .414446558E-01  .420749112E-01  .427147043E-01  .433641784E-01
  .440234789E-01  .446927532E-01  .453721513E-01  .460618249E-01  .467619283E-01
  .474726179E-01  .481940526E-01  .489263935E-01  .496698042E-01  .504244506E-01
  .511905011E-01  .519681266E-01  .527575006E-01  .535587991E-01  .543722007E-01
  .551978865E-01  .560360407E-01  .568868496E-01  .577505029E-01  .586271926E-01
  .595171137E-01  .604204642E-01  .613374449E-01  .622682596E-01  .632131149E-01
  .641722209E-01  .651457902E-01  .661340391E-01  .671371867E-01  .681554555E-01
  .691890711E-01  .702382627E-01  .713032627E-01  .723843067E-01  .734816342E-01
  .745954879E-01  .757261141E-01  .768737629E-01  .780386878E-01  .792211462E-01
  .804213992E-01  .816397118E-01  .828763526E-01  .841315946E-01  .854057144E-01
  .866989929E-01  .880117148E-01  .893441693E-01  .906966495E-01  .920694532E-01
  .934628820E-01  .948772424E-01  .963128451E-01  .977700053E-01  .992490429E-01
  .100750283E+00  .102274053E+00  .103820689E+00  .105390530E+00  .106983918E+00
  .108601203E+00  .110242738E+00  .111908883E+00  .113600002E+00  .115316465E+00
  .117058645E+00  .118826924E+00  .120621688E+00  .122443327E+00  .124292238E+00
  .126168825E+00  .128073496E+00  .130006666E+00  .131968754E+00  .133960188E+00
  .135981399E+00  .138032828E+00  .140114919E+00  .142228124E+00  .144372901E+00
  .146549715E+00  .148759036E+00  .151001344E+00  .153277123E+00  .155586865E+00
  .157931070E+00  .160310243E+00  .162724897E+00  .165175555E+00  .167662743E+00
  .170186998E+00  .172748862E+00  .175348888E+00  .177987634E+00  .180665667E+00
  .183383563E+00  .186141904E+00  .188941282E+00  .191782297E+00  .194665558E+00
  .197591681E+00  .200561293E+00  .203575029E+00  .206633531E+00  .209737454E+00
  .212887459E+00  .216084217E+00  .219328410E+00  .222620729E+00  .225961873E+00
  .229352552E+00  .232793488E+00  .236285409E+00  .239829058E+00  .243425185E+00
  .247074551E+00  .250777929E+00  .254536102E+00  .258349864E+00  .262220020E+00
  .266147387E+00  .270132792E+00  .274177075E+00  .278281087E+00  .282445692E+00
  .286671763E+00  .290960189E+00  .295311869E+00  .299727714E+00  .304208650E+00
  .308755615E+00  .313369558E+00  .318051443E+00  .322802248E+00  .327622963E+00
  .332514592E+00  .337478153E+00  .342514679E+00  .347625214E+00  .352810821E+00
  .358072575E+00  .363411565E+00  .368828896E+00  .374325689E+00  .379903078E+00
  .385562216E+00  .391304267E+00  .397130416E+00  .403041860E+00  .409039815E+00
  .415125512E+00  .421300199E+00  .427565141E+00  .433921622E+00  .440370939E+00
  .446914411E+00  .453553373E+00  .460289178E+00  .467123196E+00  .474056817E+00
  .481091451E+00  .488228523E+00  .495469481E+00  .502815790E+00  .510268936E+00
  .517830423E+00  .525501778E+00  .533284545E+00  .541180290E+00  .549190602E+00
  .557317086E+00  .565561374E+00  .573925115E+00  .582409983E+00  .591017672E+00
  .599749898E+00  .608608403E+00  .617594947E+00  .626711318E+00  .635959322E+00
  .645340794E+00  .654857590E+00  .664511590E+00  .674304700E+00  .684238850E+00
  .694315994E+00  .704538114E+00  .714907214E+00  .725425327E+00  .736094511E+00
  .746916849E+00  .757894455E+00  .769029465E+00  .780324046E+00  .791780390E+00
  .803400720E+00  .815187284E+00  .827142362E+00  .839268260E+00  .851567314E+00
  .864041890E+00  .876694384E+00  .889527222E+00  .902542860E+00  .915743785E+00
  .929132516E+00  .942711601E+00  .956483623E+00  .970451194E+00  .984616961E+00
  .998983602E+00  .101355383E+01  .102833039E+01  .104331606E+01  .105851365E+01
  .107392601E+01  .108955603E+01  .110540662E+01  .112148073E+01  .113778135E+01
  .115431151E+01  .117107427E+01  .118807272E+01  .120531001E+01  .122278930E+01
  .124051381E+01  .125848678E+01  .127671150E+01  .129519131E+01  .131392956E+01
  .133292965E+01  .135219505E+01  .137172923E+01  .139153572E+01  .141161808E+01
  .143197993E+01  .145262492E+01  .147355674E+01  .149477912E+01  .151629585E+01
  .153811075E+01  .156022768E+01  .158265056E+01  .160538332E+01  .162842998E+01
  .165179458E+01  .167548120E+01  .169949398E+01  .172383710E+01  .174851479E+01
  .177353131E+01  .179889100E+01  .182459821E+01  .185065736E+01  .187707292E+01
  .190384939E+01  .193099134E+01  .195850338E+01  .198639016E+01  .201465639E+01
  .204330684E+01  .207234630E+01  .210177965E+01  .213161178E+01  .216184766E+01
  .219249230E+01  .222355077E+01  .225502818E+01  .228692971E+01  .231926056E+01
  .235202602E+01  .238523141E+01  .241888211E+01  .245298356E+01  .248754125E+01
  .252256071E+01  .255804754E+01  .259400739E+01  .263044597E+01  .266736904E+01
  .270478240E+01  .274269194E+01  .278110358E+01  .282002329E+01  .285945712E+01
  .289941116E+01  .293989155E+01  .298090451E+01  .302245628E+01  .306455320E+01
  .310720163E+01  .315040800E+01  .319417880E+01  .323852057E+01  .328343991E+01
  .332894348E+01  .337503799E+01  .342173021E+01  .346902696E+01  .351693513E+01
  .356546166E+01  .361461354E+01  .366439782E+01  .371482160E+01  .376589206E+01
  .381761640E+01  .387000192E+01  .392305592E+01  .397678580E+01  .403119901E+01
  .408630302E+01  .414210540E+01  .419861374E+01  .425583570E+01  .431377899E+01
  .437245138E+01  .443186067E+01  .449201474E+01  .455292151E+01  .461458895E+01
  .467702507E+01  .474023795E+01  .480423571E+01  .486902652E+01  .493461860E+01
  .500102022E+01  .506823967E+01  .513628534E+01  .520516561E+01  .527488894E+01
  .534546382E+01  .541689879E+01  .548920241E+01  .556238333E+01  .563645018E+01
  .571141167E+01  .578727653E+01  .586405354E+01  .594175151E+01  .602037927E+01
  .609994570E+01  .618045972E+01  .626193026E+01  .634436628E+01  .642777679E+01
  .651217081E+01  .659755738E+01  .668394557E+01  .677134449E+01  .685976323E+01
  .694921093E+01  .703969675E+01  .713122983E+01  .722381937E+01  .731747453E+01
  .741220453E+01  .750801855E+01  .760492582E+01  .770293553E+01  .780205691E+01
  .790229915E+01  .800367147E+01  .810618306E+01  .820984311E+01  .831466081E+01
  .842064530E+01  .852780574E+01  .863615127E+01  .874569097E+01  .885643394E+01
  .896838922E+01  .908156584E+01  .919597278E+01  .931161900E+01  .942851339E+01
  .954666483E+01  .966608213E+01  .978677406E+01  .990874933E+01  .100320166E+02
  .101565845E+02  .102824614E+02  .104096560E+02  .105381765E+02  .106680313E+02
  .107992285E+02  .109317765E+02  .110656831E+02  .112009563E+02  .113376041E+02
  .114756341E+02  .116150541E+02  .117558715E+02  .118980938E+02  .120417282E+02
  .121867820E+02  .123332622E+02  .124811757E+02  .126305292E+02  .127813293E+02
  .129335826E+02  .130872953E+02  .132424736E+02  .133991234E+02  .135572506E+02
  .137168606E+02  .138779591E+02  .140405511E+02  .142046417E+02  .143702358E+02
  .145373380E+02  .147059526E+02  .148760838E+02  .150477357E+02  .152209118E+02
  .153956157E+02  .155718505E+02  .157496192E+02  .159289244E+02  .161097687E+02
  .162921541E+02  .164760825E+02  .166615554E+02  .168485740E+02  .170371394E+02
  .172272521E+02  .174189124E+02  .176121203E+02  .178068755E+02  .180031772E+02
  .182010243E+02  .184004154E+02  .186013487E+02  .188038220E+02  .190078327E+02
  .192133779E+02  .194204542E+02  .196290577E+02  .198391843E+02  .200508294E+02
  .202639878E+02  .204786541E+02  .206948222E+02  .209124857E+02  .211316378E+02
  .213522709E+02  .215743774E+02  .217979486E+02  .220229758E+02  .222494496E+02
  .224773601E+02  .227066967E+02  .229374485E+02  .231696040E+02  .234031510E+02
  .236380769E+02  .238743684E+02  .241120117E+02  .243509924E+02  .245912954E+02
  .248329052E+02  .250758054E+02  .253199793E+02  .255654092E+02  .258120771E+02
  .260599642E+02  .263090510E+02  .265593174E+02  .268107426E+02  .270633051E+02
  .273169829E+02  .275717530E+02  .278275918E+02  .280844752E+02  .283423782E+02
  .286012751E+02  .288611394E+02  .291219440E+02  .293836610E+02  .296462618E+02
  .299097170E+02  .301739965E+02  .304390693E+02  .307049038E+02  .309714676E+02
  .312387274E+02  .315066492E+02  .317751984E+02  .320443393E+02  .323140357E+02
  .325842503E+02  .328549454E+02  .331260821E+02  .333976210E+02  .336695218E+02
  .339417434E+02  .342142440E+02  .344869808E+02  .347599104E+02  .350329886E+02
  .353061702E+02  .355794095E+02  .358526599E+02  .361258739E+02  .363990034E+02
  .366719994E+02  .369448123E+02  .372173915E+02  .374896858E+02  .377616433E+02
  .380332112E+02  .383043361E+02  .385749638E+02  .388450395E+02  .391145075E+02
  .393833116E+02  .396513949E+02  .399186997E+02  .401851677E+02  .404507401E+02
  .407153573E+02  .409789592E+02  .412414850E+02  .415028735E+02  .417630626E+02
  .420219902E+02  .422795932E+02  .425358082E+02  .427905713E+02  .430438182E+02
  .432954840E+02  .435455037E+02  .437938117E+02  .440403420E+02  .442850284E+02
  .445278044E+02  .447686031E+02  .450073576E+02  .452440005E+02  .454784644E+02
  .457106817E+02  .459405849E+02  .461681060E+02  .463931774E+02  .466157312E+02
  .468356996E+02  .470530150E+02  .472676099E+02  .474794167E+02  .476883683E+02
  .478943977E+02  .480974382E+02  .482974235E+02  .484942876E+02  .486879650E+02
  .488783904E+02  .490654995E+02  .492492281E+02  .494295130E+02  .496062913E+02
  .497795012E+02  .499490814E+02  .501149715E+02  .502771121E+02  .504354446E+02
  .505899114E+02  .507404561E+02  .508870232E+02  .510295586E+02  .511680093E+02
  .513023236E+02  .514324511E+02  .515583429E+02  .516799515E+02  .517972311E+02
  .519101373E+02  .520186275E+02  .521226606E+02  .522221976E+02  .523172012E+02
  .524076358E+02  .524934682E+02  .525746670E+02  .526512029E+02  .527230488E+02
  .527901798E+02  .528525733E+02  .529102093E+02  .529630698E+02  .530111397E+02
  .530544061E+02  .530928588E+02  .531264906E+02  .531552966E+02  .531792748E+02
  .531984263E+02  .532127548E+02  .532222671E+02  .532269730E+02  .532268854E+02
  .532220204E+02  .532123970E+02  .531980379E+02  .531789686E+02  .531552182E+02
  .531268191E+02  .530938072E+02  .530562218E+02  .530141056E+02  .529675050E+02
  .529164699E+02  .528610538E+02  .528013139E+02  .527373109E+02  .526691094E+02
  .525967775E+02  .525203873E+02  .524400144E+02  .523557382E+02  .522676420E+02
  .521758128E+02  .520803414E+02  .519813223E+02  .518788538E+02  .517730382E+02
  .516639813E+02  .515517926E+02  .514365856E+02  .513184773E+02  .511975884E+02
  .510740433E+02  .509479699E+02  .508194999E+02  .506887682E+02  .505559135E+02
  .504210776E+02  .502844059E+02  .501460470E+02  .500061528E+02  .498648781E+02
  .497223812E+02  .495788230E+02  .494343676E+02  .492891816E+02  .491434345E+02
  .489972984E+02  .488509479E+02  .487045599E+02  .485583137E+02  .484123905E+02
  .482669736E+02  .481222484E+02  .479784016E+02  .478356219E+02  .476940991E+02
  .475540244E+02  .474155902E+02  .472789896E+02  .471444168E+02  .470120662E+02
  .468821330E+02  .467548124E+02  .466302996E+02  .465087897E+02  .463904776E+02
  .462755574E+02  .461642225E+02  .460566654E+02  .459530773E+02  .458536479E+02
  .457585656E+02  .456680164E+02  .455821848E+02  .455012525E+02  .454253989E+02
  .453548004E+02  .452896305E+02  .452300594E+02  .451762538E+02  .451283766E+02
  .450865865E+02  .450510384E+02  .450218821E+02  .449992632E+02  .449833220E+02
  .449741935E+02  .449720074E+02  .449768876E+02  .449889519E+02  .450083120E+02
  .450350732E+02  .450693340E+02  .451111858E+02  .451607132E+02  .452179932E+02
  .452830952E+02  .453560807E+02  .454370033E+02  .455259083E+02  .456228325E+02
  .457278041E+02  .458408424E+02  .459619577E+02  .460911511E+02  .462284143E+02
  .463737295E+02  .465270694E+02  .466883964E+02  .468576635E+02  .470348133E+02
  .472197782E+02  .474124806E+02  .476128321E+02  .478207343E+02  .480360778E+02
  .482587431E+02  .484885999E+02  .487255070E+02  .489693131E+02  .492198557E+02
  .494769620E+02  .497404485E+02  .500101212E+02  .502857755E+02  .505671965E+02
  .508541588E+02  .511464270E+02  .514437554E+02  .517458885E+02  .520525610E+02
  .523634979E+02  .526784149E+02  .529970182E+02  .533190053E+02  .536440649E+02
  .539718772E+02  .543021141E+02  .546344396E+02  .549685103E+02  .553039752E+02
  .556404767E+02  .559776504E+02  .563151257E+02  .566525264E+02  .569894707E+02
  .573255720E+02  .576604390E+02  .579936766E+02  .583248858E+02  .586536648E+02
  .589796088E+02  .593023112E+02  .596213639E+02  .599363574E+02  .602468820E+02
  .605525279E+02  .608528862E+02  .611475489E+02  .614361101E+02  .617181660E+02
  .619933161E+02  .622611633E+02  .625213149E+02  .627733831E+02  .630169854E+02
  .632517456E+02  .634772940E+02  .636932687E+02  .638993154E+02  .640950887E+02
  .642802523E+02  .644544800E+02  .646174559E+02  .647688755E+02  .649084458E+02
  .650358863E+02  .651509293E+02  .652533208E+02  .653428207E+02  .654192037E+02
  .654822596E+02  .655317940E+02  .655676286E+02  .655896020E+02  .655975698E+02
  .655914055E+02  .655710005E+02  .655362647E+02  .654871271E+02  .654235357E+02
  .653454582E+02  .652528823E+02  .651458158E+02  .650242868E+02  .648883444E+02
  .647380582E+02  .645735190E+02  .643948387E+02  .642021505E+02  .639956087E+02
  .637753891E+02  .635416887E+02  .632947258E+02  .630347397E+02  .627619908E+02
  .624767604E+02  .621793504E+02  .618700830E+02  .615493007E+02  .612173655E+02
  .608746591E+02  .605215819E+02  .601585531E+02  .597860098E+02  .594044066E+02
  .590142152E+02  .586159236E+02  .582100352E+02  .577970689E+02  .573775575E+02
  .569520475E+02  .565210979E+02  .560852798E+02  .556451753E+02  .552013765E+02
  .547544846E+02  .543051092E+02  .538538671E+02  .534013811E+02  .529482793E+02
  .524951939E+02  .520427599E+02  .515916144E+02  .511423951E+02  .506957392E+02
  .502522825E+02  .498126580E+02  .493774945E+02  .489474160E+02  .485230400E+02
  .481049765E+02  .476938267E+02  .472901819E+02  .468946222E+02  .465077155E+02
  .461300161E+02  .457620636E+02  .454043819E+02  .450574778E+02  .447218401E+02
  .443979386E+02  .440862227E+02  .437871206E+02  .435010383E+02  .432283585E+02
  .429694399E+02  .427246161E+02  .424941947E+02  .422784568E+02  .420776558E+02
  .418920171E+02  .417217371E+02  .415669830E+02  .414278915E+02  .413045692E+02
  .411970915E+02  .411055024E+02  .410298141E+02  .409700070E+02  .409260292E+02
  .408977962E+02  .408851915E+02  .408880659E+02  .409062376E+02  .409394929E+02
  .409875858E+02  .410502385E+02  .411271416E+02  .412179547E+02  .413223068E+02
  .414397967E+02  .415699939E+02  .417124390E+02  .418666449E+02  .420320975E+02
  .422082567E+02  .423945572E+02  .425904102E+02  .427952040E+02  .430083057E+02
  .432290620E+02  .434568010E+02  .436908332E+02  .439304529E+02  .441749399E+02
  .444235606E+02  .446755695E+02  .449302112E+02  .451867211E+02  .454443277E+02
  .457022536E+02  .459597176E+02  .462159360E+02  .464701244E+02  .467214990E+02
  .469692788E+02  .472126866E+02  .474509512E+02  .476833087E+02  .479090041E+02
  .481272931E+02  .483374436E+02  .485387370E+02  .487304703E+02  .489119568E+02
  .490825286E+02  .492415372E+02  .493883551E+02  .495223776E+02  .496430236E+02
  .497497370E+02  .498419882E+02  .499192747E+02  .499811229E+02  .500270884E+02
  .500567573E+02  .500697473E+02  .500657079E+02  .500443217E+02  .500053046E+02
  .499484065E+02  .498734121E+02  .497801406E+02  .496684467E+02  .495382203E+02
  .493893871E+02  .492219082E+02  .490357805E+02  .488310363E+02  .486077432E+02
  .483660041E+02  .481059564E+02  .478277720E+02  .475316566E+02  .472178492E+02
  .468866214E+02  .465382769E+02  .461731505E+02  .457916072E+02  .453940417E+02
  .449808770E+02  .445525635E+02  .441095783E+02  .436524232E+02  .431816247E+02
  .426977314E+02  .422013141E+02  .416929633E+02  .411732888E+02  .406429175E+02
  .401024927E+02  .395526720E+02  .389941265E+02  .384275385E+02  .378536009E+02
  .372730148E+02  .366864890E+02  .360947371E+02  .354984775E+02  .348984305E+02
  .342953178E+02  .336898603E+02  .330827772E+02  .324747837E+02  .318665906E+02
  .312589016E+02  .306524134E+02  .300478125E+02  .294457759E+02  .288469678E+02
  .282520400E+02  .276616290E+02  .270763569E+02  .264968280E+02  .259236296E+02
  .253573295E+02  .247984764E+02  .242475974E+02  .237051990E+02  .231717643E+02
  .226477540E+02  .221336043E+02  .216297276E+02  .211365107E+02  .206543154E+02
  .201834770E+02  .197243053E+02  .192770828E+02  .188420657E+02  .184194830E+02
  .180095369E+02  .176124024E+02  .172282278E+02  .168571342E+02  .164992162E+02
  .161545418E+02  .158231532E+02  .155050664E+02  .152002721E+02  .149087362E+02
  .146304002E+02  .143651815E+02  .141129744E+02  .138736505E+02  .136470597E+02
  .134330303E+02  .132313705E+02  .130418685E+02  .128642940E+02  .126983982E+02
  .125439156E+02  .124005637E+02  .122680453E+02  .121460481E+02  .120342464E+02
  .119323017E+02  .118398639E+02  .117565718E+02  .116820546E+02  .116159326E+02
  .115578183E+02  .115073172E+02  .114640293E+02  .114275496E+02  .113974696E+02
  .113733782E+02  .113548626E+02  .113415097E+02  .113329066E+02  .113286424E+02
  .113283085E+02  .113314999E+02  .113378160E+02  .113468617E+02  .113582478E+02
  .113715926E+02  .113865216E+02  .114026695E+02  .114196795E+02  .114372052E+02
  .114549102E+02  .114724694E+02  .114895688E+02  .115059065E+02  .115211929E+02
  .115351512E+02  .115475173E+02  .115580407E+02  .115664843E+02  .115726250E+02
  .115762534E+02  .115771744E+02  .115752069E+02  .115701842E+02  .115619538E+02
  .115503776E+02  .115353312E+02  .115167049E+02  .114944025E+02  .114683417E+02
  .114384537E+02  .114046832E+02  .113669877E+02  .113253378E+02  .112797161E+02
  .112301177E+02  .111765490E+02  .111190283E+02  .110575841E+02  .109922559E+02
  .109230929E+02  .108501542E+02  .107735076E+02  .106932298E+02  .106094052E+02
  .105221263E+02  .104314923E+02  .103376091E+02  .102405887E+02  .101405487E+02
  .100376114E+02  .993190424E+01  .982355806E+01  .971270768E+01  .959949072E+01
  .948404753E+01  .936652043E+01  .924705350E+01  .912579191E+01  .900288171E+01
  .887846916E+01  .875270061E+01  .862572183E+01  .849767790E+01  .836871261E+01
  .823896834E+01  .810858555E+01  .797770264E+01  .784645554E+01  .771497753E+01
  .758339893E+01  .745184691E+01  .732044525E+01  .718931418E+01  .705857015E+01
  .692832574E+01  .679868936E+01  .666976511E+01  .654165350E+01  .641444918E+01
  .628824460E+01  .616312508E+01  .603917413E+01  .591646807E+01  .579508119E+01
  .567508071E+01  .555653175E+01  .543949241E+01  .532401885E+01  .521016038E+01
  .509796359E+01  .498746983E+01  .487871683E+01  .477173752E+01  .466656143E+01
  .456321335E+01  .446171503E+01  .436208359E+01  .426433343E+01  .416847443E+01
  .407451413E+01  .398245574E+01  .389230040E+01  .380404518E+01  .371768538E+01
  .363321246E+01  .355061643E+01  .346988371E+01  .339099957E+01  .331394594E+01
  .323870391E+01  .316525146E+01  .309356607E+01  .302362230E+01  .295539453E+01
  .288885446E+01  .282397387E+01  .276072208E+01  .269906880E+01  .263898143E+01
  .258042806E+01  .252337466E+01  .246778812E+01  .241363337E+01  .236087652E+01
  .230948189E+01  .225941516E+01  .221064036E+01  .216312311E+01  .211682750E+01
  .207171937E+01  .202776315E+01  .198492518E+01  .194317049E+01  .190246618E+01
  .186277808E+01  .182407426E+01  .178632154E+01  .174948915E+01  .171354508E+01
  .167845983E+01  .164420271E+01  .161074561E+01  .157805928E+01  .154611708E+01
  .151489126E+01  .148435677E+01  .145448740E+01  .142525971E+01  .139664910E+01
  .136863375E+01  .134119068E+01  .131429971E+01  .128793948E+01  .126209145E+01
  .123673585E+01  .121185575E+01  .118743295E+01  .116345211E+01  .113989654E+01
  .111675244E+01  .109400458E+01  .107164064E+01  .104964681E+01  .102801217E+01
  .100672427E+01  .985773509E+00  .965148727E+00  .944841578E+00  .924842107E+00
  .905143148E+00  .885735864E+00  .866614195E+00  .847770343E+00  .829199263E+00
  .810894121E+00  .792850803E+00  .775063354E+00  .757528512E+00  .740241116E+00
  .723198678E+00  .706396749E+00  .689833530E+00  .673505214E+00  .657410608E+00
  .641546467E+00  .625912132E+00  .610504843E+00  .595324402E+00  .580368460E+00
  .565637205E+00  .551128636E+00  .536843257E+00  .522779342E+00  .508937643E+00
  .495316654E+00  .481917309E+00  .468738251E+00  .455780541E+00  .443042918E+00
  .430526508E+00  .418230090E+00  .406154800E+00  .394299411E+00  .382665020E+00
  .371250342E+00  .360056388E+00  .349081780E+00  .338327405E+00  .327791745E+00
  .317475532E+00  .307377363E+00  .297496919E+00  .287833477E+00  .278386212E+00
  .269154184E+00  .260136341E+00  .251331512E+00  .242738404E+00  .234355605E+00
  .226181580E+00  .218214670E+00  .210453094E+00  .202894951E+00  .195538220E+00
  .188380762E+00  .181420325E+00  .174654545E+00  .168080950E+00  .161696966E+00
  .155499919E+00  .149487043E+00  .143655479E+00  .138002290E+00  .132524457E+00
  .127218889E+00  .122082433E+00  .117111870E+00  .112303931E+00  .107655298E+00
  .103162610E+00  .988224733E-01  .946314619E-01  .905861277E-01  .866830048E-01
  .829186158E-01  .792894775E-01  .757921064E-01  .724230239E-01  .691787621E-01
  .660558685E-01  .630509109E-01  .601604822E-01  .573812048E-01  .547097347E-01
  .521427659E-01  .496770340E-01  .473093198E-01  .450364528E-01  .428553143E-01
  .407628406E-01  .387560256E-01  .368319234E-01  .349876512E-01  .332203911E-01
  .315273929E-01  .299059758E-01  .283535304E-01  .268675211E-01  .254454874E-01
  .240850464E-01  .227838940E-01  .215398068E-01  .203506438E-01  .192143476E-01
  .181289455E-01  .170925500E-01  .161033590E-01  .151596553E-01  .142598044E-01
  .134022522E-01  .125855209E-01  .118082039E-01  .110689592E-01  .103665021E-01
  .969959722E-02  .906705021E-02  .846769916E-02  .790040716E-02  .736405533E-02
  .685753729E-02  .637975489E-02  .592961542E-02  .550603016E-02  .510791430E-02
  .473418779E-02  .438377713E-02  .405561782E-02  .374865711E-02  .346185707E-02
  .319419765E-02  .294467967E-02  .271232762E-02  .249619218E-02  .229535247E-02
  .210891788E-02  .193602963E-02  .177586193E-02  .162762282E-02  .149055467E-02
  .136393448E-02  .124707377E-02  .113931839E-02  .104004806E-02  .948675691E-03
  .864646666E-03  .787437918E-03  .716556950E-03  .651540767E-03  .591954759E-03
  .537391535E-03  .487469744E-03  .441832876E-03  .400148066E-03  .362104903E-03
  .327414257E-03  .295807134E-03  .267033544E-03  .240861421E-03  .217075561E-03
  .195476609E-03  .175880076E-03  .158115413E-03  .142025102E-03  .127463817E-03
  .114297599E-03  .102403096E-03  .916668285E-04  .819844975E-04  .732603369E-04
  .654064968E-04  .583424664E-04  .519945308E-04  .462952616E-04  .411830392E-04
  .366016064E-04  .324996506E-04  .288304140E-04  .255513307E-04  .226236881E-04
  .200123121E-04  .176852755E-04  .156136261E-04  .137711359E-04  .121340680E-04
  .106809620E-04  .939243457E-05  .825099683E-05  .724088489E-05  .634790445E-05
  .555928779E-05  .486356233E-05  .425043012E-05  .371065741E-05  .323597326E-05
  .281897789E-05  .245305660E-05  .213230467E-05  .185145567E-05  .160581820E-05
  .139121835E-05  .120394583E-05  .104070660E-05  .898579432E-06  .774976473E-06
  .667610854E-06  .574450977E-06  .493733481E-06  .423849523E-06  .363440990E-06
  .311257472E-06  .266235094E-06  .227439755E-06  .194052351E-06  .165355534E-06
  .140721892E-06  .119603385E-06  .101521932E-06  .860610360E-07  .728583277E-07
  .615989585E-07  .520097358E-07  .438539338E-07  .369267071E-07  .310510409E-07
  .260741825E-07  .218645003E-07  .183087226E-07  .153095153E-07  .127833587E-07
  .106586903E-07  .887428123E-08  .737782103E-08  .612468404E-08  .507685695E-08
  .420200732E-08  .347267591E-08  .286557754E-08  .236099671E-08  .194226598E-08
  .159531662E-08  .130829190E-08  .107121503E-08  .875704400E-09  .714729735E-09
  .582403730E-09  .473804206E-09  .384822613E-09  .312035181E-09  .252593516E-09
  .204131861E-09  .164688628E-09  .132640106E-09  .106644560E-09  .855951717E-10
  .685804949E-10  .548512808E-10  .437926995E-10  .349011210E-10  .277647411E-10
  .220474470E-10  .174754029E-10  .138259196E-10  .109182363E-10  .860589835E-11
  .677046951E-11  .531635224E-11  .416653066E-11  .325907778E-11  .254429556E-11
  .198237780E-11  .154150380E-11  .119628681E-11  .926513497E-12  .716122032E-12
  .552375290E-12  .425193284E-12  .326615253E-12  .250367159E-12  .191514628E-12
  .146185077E-12  .111345683E-12  .846263643E-13  .641789458E-13  .485653656E-13
  .366691182E-13  .276252660E-13  .207652464E-13  .155734451E-13  .116531032E-13
  .869961500E-14  .647965986E-14  .481493306E-14  .356949062E-14  .263992872E-14
  .194778079E-14  .143364550E-14  .105266246E-14  .771034717E-15  .563362440E-15
  .410603511E-15  .298517529E-15  .216481586E-15  .156591253E-15  .112979816E-15
  .813040907E-16  .583570572E-16  .417767875E-16  .298283015E-16  .212405091E-16
  .150846507E-16  .106839167E-16  .754642946E-17  .531568402E-17  .373399878E-17
  .261563568E-17  .182708615E-17  .127265310E-17  .883935931E-18  .612183588E-18
  .422749469E-18  .291081920E-18  .199833532E-18  .136783153E-18  .933464973E-19
  .635118266E-19  .430816429E-19  .291340478E-19  .196412937E-19  .132004802E-19
  .884401288E-20  .590661336E-20  .393230074E-20  .260953603E-20  .172614618E-20
  .113809569E-20  .747921587E-21  .489889931E-21  .319812256E-21  .208082112E-21
  .134929302E-21  .871963740E-22  .561564781E-22  .360411932E-22  .230507367E-22
  .146907922E-22  .932972174E-23  .590396085E-23  .372269699E-23  .233883401E-23
  .146405220E-23  .913097274E-24  .567372948E-24  .351235967E-24  .216618579E-24
  .133090263E-24  .814588197E-25  .496659210E-25  .301643951E-25  .182487699E-25
  .109967008E-25  .660036517E-26  .394581795E-26  .234939662E-26  .139319667E-26
  .822795260E-27  .483928014E-27  .283442929E-27  .165322709E-27  .960212713E-28
  .555336675E-28  .319804833E-28  .183374581E-28  .104689771E-28  .595066930E-29
  .336751196E-29  .189722762E-29  .106409834E-29  .594129434E-30  .330219080E-30
  .182696292E-30  .100611665E-30  .551496024E-31  .300881975E-31  .163378099E-31
  .882916014E-32  .474850291E-32  .254149645E-32  .135363436E-32  .717423725E-33
  .378351873E-33  .198538606E-33  .103658749E-33  .538470239E-34  .278288253E-34
  .143082985E-34  .731852265E-35  .372377443E-35  .188473313E-35  .948865809E-36
  .475149059E-36  .236650068E-36  .117223978E-36  .577484777E-37  .282917570E-37
  .137833710E-37  .667740627E-38  .321660318E-38  .154065297E-38  .733685538E-39
  .347370430E-39  .163505837E-39  .765086952E-40  .355881039E-40  .164548770E-40
  .756239207E-41  .345443744E-41  .156829482E-41  .707601532E-42  .317277120E-42
  .141369504E-42  .625918176E-43  .275360664E-43  .120361116E-43  .522694278E-44
  .225508842E-44  .966519342E-45  .411495723E-45  .174022079E-45  .730977271E-46
  .304957928E-46  .126353812E-46  .519905916E-47  .212434270E-47  .861912174E-48
  .347228263E-48  .138885059E-48  .551517088E-49  .217420142E-49  .850848206E-50
  .330514000E-50  .127434442E-50  .487659284E-51  .185204778E-51  .698018587E-52
  .261056053E-52  .968780079E-53  .356708820E-53  .130308279E-53  .472250405E-54
  .169781255E-54  .605480439E-55  .214186792E-55  .751662716E-56  .261730659E-56
  .905535608E-57  .312172272E-57  .108575664E-57  .402531957E-58  .115440463E-58
  .402793135E-59  .151648894E-59  .714870312E-60  .539067381E-60  .000000000E+00
  .000000000E+00  .000000000E+00  .000000000E+00  .000000000E+00  .000000000E+00
  .000000000E+00  .000000000E+00  .000000000E+00  .000000000E+00  .000000000E+00
  .000000000E+00  .000000000E+00  .000000000E+00  .000000000E+00  .000000000E+00
  .000000000E+00  .000000000E+00  .000000000E+00  .000000000E+00  .000000000E+00
  .000000000E+00  .000000000E+00  .000000000E+00  .000000000E+00  .000000000E+00
  .000000000E+00  .000000000E+00  .000000000E+00  .000000000E+00  .000000000E+00
  .000000000E+00  .000000000E+00  .000000000E+00  .000000000E+00  .000000000E+00
  .000000000E+00  .000000000E+00  .000000000E+00  .000000000E+00  .000000000E+00
  .000000000E+00  .000000000E+00  .000000000E+00  .000000000E+00  .000000000E+00
  .000000000E+00  .000000000E+00  .000000000E+00  .000000000E+00  .000000000E+00
  .000000000E+00  .000000000E+00  .000000000E+00  .000000000E+00  .000000000E+00
  .000000000E+00  .000000000E+00  .000000000E+00  .000000000E+00  .000000000E+00
  .000000000E+00  .000000000E+00  .000000000E+00  .000000000E+00  .000000000E+00
  .000000000E+00  .000000000E+00  .000000000E+00  .000000000E+00  .000000000E+00
  .000000000E+00  .000000000E+00  .000000000E+00  .000000000E+00  .000000000E+00
  .000000000E+00  .000000000E+00  .000000000E+00  .000000000E+00  .000000000E+00
  .000000000E+00  .000000000E+00  .000000000E+00  .000000000E+00  .000000000E+00
  .000000000E+00  .000000000E+00  .000000000E+00  .000000000E+00  .000000000E+00
  .000000000E+00  .000000000E+00  .000000000E+00  .000000000E+00  .000000000E+00
  .000000000E+00  .000000000E+00  .000000000E+00  .000000000E+00  .000000000E+00
  .000000000E+00  .000000000E+00  .000000000E+00  .000000000E+00  .000000000E+00
  .000000000E+00  .000000000E+00  .000000000E+00  .000000000E+00  .000000000E+00
  .000000000E+00  .000000000E+00  .000000000E+00  .000000000E+00  .000000000E+00
  .000000000E+00  .000000000E+00  .000000000E+00  .000000000E+00  .000000000E+00
  .000000000E+00  .000000000E+00  .000000000E+00  .000000000E+00  .000000000E+00
  .000000000E+00  .000000000E+00  .000000000E+00  .000000000E+00  .000000000E+00
  .000000000E+00  .000000000E+00  .000000000E+00  .000000000E+00  .000000000E+00
  .000000000E+00  .000000000E+00  .000000000E+00  .000000000E+00  .000000000E+00
  .000000000E+00  .000000000E+00  .000000000E+00  .000000000E+00  .000000000E+00
  .000000000E+00  .000000000E+00  .000000000E+00  .000000000E+00  .000000000E+00
  .000000000E+00  .000000000E+00  .000000000E+00  .000000000E+00  .000000000E+00
  .000000000E+00  .000000000E+00  .000000000E+00  .000000000E+00  .000000000E+00
  .000000000E+00  .000000000E+00  .000000000E+00  .000000000E+00  .000000000E+00
  .000000000E+00  .000000000E+00  .000000000E+00  .000000000E+00  .000000000E+00
  .000000000E+00  .000000000E+00  .000000000E+00  .000000000E+00  .000000000E+00
  .000000000E+00  .000000000E+00  .000000000E+00  .000000000E+00  .000000000E+00
  .000000000E+00  .000000000E+00  .000000000E+00  .000000000E+00  .000000000E+00
  .000000000E+00  .000000000E+00  .000000000E+00  .000000000E+00  .000000000E+00
  .000000000E+00  .000000000E+00  .000000000E+00  .000000000E+00  .000000000E+00
  .000000000E+00  .000000000E+00  .000000000E+00  .000000000E+00  .000000000E+00
  .000000000E+00  .000000000E+00  .000000000E+00  .000000000E+00  .000000000E+00
  .000000000E+00  .000000000E+00  .000000000E+00  .000000000E+00  .000000000E+00
  .000000000E+00  .000000000E+00  .000000000E+00  .000000000E+00  .000000000E+00
  .000000000E+00  .000000000E+00  .000000000E+00  .000000000E+00  .000000000E+00
  .000000000E+00  .000000000E+00  .000000000E+00  .000000000E+00  .000000000E+00
  .000000000E+00  .000000000E+00  .000000000E+00  .000000000E+00  .000000000E+00
  .000000000E+00  .000000000E+00  .000000000E+00  .000000000E+00  .000000000E+00
