  PAW very hard Na potential             
 100
Core Pot   L  =         .00000  -4.17178
  -.30000000E+01  .60550814E+01
  -.29500000E+01  .56915903E+01
  -.29000000E+01  .53821635E+01
  -.28500000E+01  .51152301E+01
  -.28000000E+01  .48822991E+01
  -.27500000E+01  .46769983E+01
  -.27000000E+01  .44944522E+01
  -.26500000E+01  .43308672E+01
  -.26000000E+01  .41832469E+01
  -.25500000E+01  .40491933E+01
  -.25000000E+01  .39267645E+01
  -.24500000E+01  .38143712E+01
  -.24000000E+01  .37107001E+01
  -.23500000E+01  .36146563E+01
  -.23000000E+01  .35253201E+01
  -.22500000E+01  .34419128E+01
  -.22000000E+01  .33637709E+01
  -.21500000E+01  .32903258E+01
  -.21000000E+01  .32210870E+01
  -.20500000E+01  .31556291E+01
  -.20000000E+01  .30935819E+01
  -.19500000E+01  .30346209E+01
  -.19000000E+01  .29784613E+01
  -.18500000E+01  .29248515E+01
  -.18000000E+01  .28735685E+01
  -.17500000E+01  .28244140E+01
  -.17000000E+01  .27772114E+01
  -.16500000E+01  .27318022E+01
  -.16000000E+01  .26880443E+01
  -.15500000E+01  .26458097E+01
  -.15000000E+01  .26049829E+01
  -.14500000E+01  .25654593E+01
  -.14000000E+01  .25271439E+01
  -.13500000E+01  .24899503E+01
  -.13000000E+01  .24537998E+01
  -.12500000E+01  .24186205E+01
  -.12000000E+01  .23843464E+01
  -.11500000E+01  .23509171E+01
  -.11000000E+01  .23182770E+01
  -.10500000E+01  .22863751E+01
  -.10000000E+01  .22551639E+01
  -.95000000E+00  .22246000E+01
  -.90000000E+00  .21946429E+01
  -.85000000E+00  .21652551E+01
  -.80000000E+00  .21364019E+01
  -.75000000E+00  .21080510E+01
  -.70000000E+00  .20801721E+01
  -.65000000E+00  .20527373E+01
  -.60000000E+00  .20257201E+01
  -.55000000E+00  .19990962E+01
  -.50000000E+00  .19728425E+01
  -.45000000E+00  .19469374E+01
  -.40000000E+00  .19213607E+01
  -.35000000E+00  .18960934E+01
  -.30000000E+00  .18711176E+01
  -.25000000E+00  .18464163E+01
  -.20000000E+00  .18219736E+01
  -.15000000E+00  .17977746E+01
  -.10000000E+00  .17738050E+01
  -.50000000E-01  .17500514E+01
  -.22898350E-14  .17265009E+01
   .50000000E-01  .17031415E+01
   .10000000E+00  .16799617E+01
   .15000000E+00  .16569506E+01
   .20000000E+00  .16340979E+01
   .25000000E+00  .16113935E+01
   .30000000E+00  .15888280E+01
   .35000000E+00  .15663925E+01
   .40000000E+00  .15440784E+01
   .45000000E+00  .15218773E+01
   .50000000E+00  .14997814E+01
   .55000000E+00  .14777833E+01
   .60000000E+00  .14558755E+01
   .65000000E+00  .14340511E+01
   .70000000E+00  .14123035E+01
   .75000000E+00  .13906263E+01
   .80000000E+00  .13690131E+01
   .85000000E+00  .13474581E+01
   .90000000E+00  .13259554E+01
   .95000000E+00  .13044995E+01
   .10000000E+01  .12830850E+01
   .10500000E+01  .12617067E+01
   .11000000E+01  .12403595E+01
   .11500000E+01  .12190385E+01
   .12000000E+01  .11977389E+01
   .12500000E+01  .11764562E+01
   .13000000E+01  .11551857E+01
   .13500000E+01  .11339232E+01
   .14000000E+01  .11126644E+01
   .14500000E+01  .10914050E+01
   .15000000E+01  .10701410E+01
   .15500000E+01  .10488684E+01
   .16000000E+01  .10275833E+01
   .16500000E+01  .10062819E+01
   .17000000E+01  .98496046E+00
   .17500000E+01  .96361527E+00
   .18000000E+01  .94224273E+00
   .18500000E+01  .92083928E+00
   .19000000E+01  .89940141E+00
   .19500000E+01  .87792568E+00
   .20000000E+01  .85640867E+00
Potential  L  =         .00000  -4.17178
  -.30000000E+01  .54211183E+01
  -.29500000E+01  .51231700E+01
  -.29000000E+01  .48666691E+01
  -.28500000E+01  .46432052E+01
  -.28000000E+01  .44464965E+01
  -.27500000E+01  .42717568E+01
  -.27000000E+01  .41152752E+01
  -.26500000E+01  .39741302E+01
  -.26000000E+01  .38459902E+01
  -.25500000E+01  .37289721E+01
  -.25000000E+01  .36215364E+01
  -.24500000E+01  .35224187E+01
  -.24000000E+01  .34305619E+01
  -.23500000E+01  .33450806E+01
  -.23000000E+01  .32652271E+01
  -.22500000E+01  .31903647E+01
  -.22000000E+01  .31199488E+01
  -.21500000E+01  .30535098E+01
  -.21000000E+01  .29906398E+01
  -.20500000E+01  .29309885E+01
  -.20000000E+01  .28742449E+01
  -.19500000E+01  .28201373E+01
  -.19000000E+01  .27684262E+01
  -.18500000E+01  .27188994E+01
  -.18000000E+01  .26713684E+01
  -.17500000E+01  .26256650E+01
  -.17000000E+01  .25816389E+01
  -.16500000E+01  .25391552E+01
  -.16000000E+01  .24980923E+01
  -.15500000E+01  .24583406E+01
  -.15000000E+01  .24198009E+01
  -.14500000E+01  .23823831E+01
  -.14000000E+01  .23460054E+01
  -.13500000E+01  .23105931E+01
  -.13000000E+01  .22760779E+01
  -.12500000E+01  .22423976E+01
  -.12000000E+01  .22094947E+01
  -.11500000E+01  .21773165E+01
  -.11000000E+01  .21458147E+01
  -.10500000E+01  .21149443E+01
  -.10000000E+01  .20846640E+01
  -.95000000E+00  .20549355E+01
  -.90000000E+00  .20257233E+01
  -.85000000E+00  .19969942E+01
  -.80000000E+00  .19687175E+01
  -.75000000E+00  .19408646E+01
  -.70000000E+00  .19134087E+01
  -.65000000E+00  .18863249E+01
  -.60000000E+00  .18595897E+01
  -.55000000E+00  .18331812E+01
  -.50000000E+00  .18070788E+01
  -.45000000E+00  .17812631E+01
  -.40000000E+00  .17557158E+01
  -.35000000E+00  .17304199E+01
  -.30000000E+00  .17053590E+01
  -.25000000E+00  .16805179E+01
  -.20000000E+00  .16558820E+01
  -.15000000E+00  .16314376E+01
  -.10000000E+00  .16071717E+01
  -.50000000E-01  .15830718E+01
  -.22898350E-14  .15591263E+01
   .50000000E-01  .15353238E+01
   .10000000E+00  .15116537E+01
   .15000000E+00  .14881058E+01
   .20000000E+00  .14646703E+01
   .25000000E+00  .14413380E+01
   .30000000E+00  .14180998E+01
   .35000000E+00  .13949471E+01
   .40000000E+00  .13718718E+01
   .45000000E+00  .13488660E+01
   .50000000E+00  .13259219E+01
   .55000000E+00  .13030322E+01
   .60000000E+00  .12801899E+01
   .65000000E+00  .12573881E+01
   .70000000E+00  .12346201E+01
   .75000000E+00  .12118796E+01
   .80000000E+00  .11891602E+01
   .85000000E+00  .11664559E+01
   .90000000E+00  .11437609E+01
   .95000000E+00  .11210694E+01
   .10000000E+01  .10983757E+01
   .10500000E+01  .10756746E+01
   .11000000E+01  .10529605E+01
   .11500000E+01  .10302284E+01
   .12000000E+01  .10074730E+01
   .12500000E+01  .98468940E+00
   .13000000E+01  .96187265E+00
   .13500000E+01  .93901788E+00
   .14000000E+01  .91612035E+00
   .14500000E+01  .89317533E+00
   .15000000E+01  .87017818E+00
   .15500000E+01  .84712433E+00
   .16000000E+01  .82400922E+00
   .16500000E+01  .80082835E+00
   .17000000E+01  .77757728E+00
   .17500000E+01  .75425157E+00
   .18000000E+01  .73084680E+00
   .18500000E+01  .70735854E+00
   .19000000E+01  .68378256E+00
   .19500000E+01  .66011443E+00
   .20000000E+01  .63634980E+00
Core Pot   L  =        1.00000  -2.11642
  -.30000000E+01  .66184723E+00
  -.29500000E+01  .60757321E+00
  -.29000000E+01  .55028248E+00
  -.28500000E+01  .48965871E+00
  -.28000000E+01  .42533925E+00
  -.27500000E+01  .35690632E+00
  -.27000000E+01  .28387606E+00
  -.26500000E+01  .20568500E+00
  -.26000000E+01  .12167289E+00
  -.25500000E+01  .31061057E-01
  -.25000000E+01 -.67075468E-01
  -.24500000E+01 -.17384398E+00
  -.24000000E+01 -.29058139E+00
  -.23500000E+01 -.41891700E+00
  -.23000000E+01 -.56085708E+00
  -.22500000E+01 -.71890063E+00
  -.22000000E+01 -.89620057E+00
  -.21500000E+01 -.10967926E+01
  -.21000000E+01 -.13259275E+01
  -.20500000E+01 -.15905656E+01
  -.20000000E+01 -.19001344E+01
  -.19500000E+01 -.22677280E+01
  -.19000000E+01 -.27120816E+01
  -.18500000E+01 -.32609764E+01
  -.18000000E+01 -.39574481E+01
  -.17500000E+01 -.48719251E+01
  -.17000000E+01 -.61281451E+01
  -.16500000E+01 -.79653704E+01
  -.16000000E+01 -.10914256E+02
  -.15500000E+01 -.16434643E+02
  -.15000000E+01 -.30532794E+02
  -.14500000E+01 -.14369531E+03
  -.14000000E+01  .59375802E+02
  -.13500000E+01  .25699988E+02
  -.13000000E+01  .16816885E+02
  -.12500000E+01  .12708726E+02
  -.12000000E+01  .10337734E+02
  -.11500000E+01  .87920807E+01
  -.11000000E+01  .77030469E+01
  -.10500000E+01  .68930680E+01
  -.10000000E+01  .62660720E+01
  -.95000000E+00  .57655400E+01
  -.90000000E+00  .53560510E+01
  -.85000000E+00  .50142771E+01
  -.80000000E+00  .47242288E+01
  -.75000000E+00  .44745795E+01
  -.70000000E+00  .42570811E+01
  -.65000000E+00  .40655849E+01
  -.60000000E+00  .38954133E+01
  -.55000000E+00  .37429447E+01
  -.50000000E+00  .36053314E+01
  -.45000000E+00  .34803034E+01
  -.40000000E+00  .33660287E+01
  -.35000000E+00  .32610129E+01
  -.30000000E+00  .31640243E+01
  -.25000000E+00  .30740390E+01
  -.20000000E+00  .29901988E+01
  -.15000000E+00  .29117787E+01
  -.10000000E+00  .28381621E+01
  -.50000000E-01  .27688215E+01
  -.22898350E-14  .27033025E+01
   .50000000E-01  .26412120E+01
   .10000000E+00  .25822078E+01
   .15000000E+00  .25259909E+01
   .20000000E+00  .24722986E+01
   .25000000E+00  .24208993E+01
   .30000000E+00  .23715882E+01
   .35000000E+00  .23241829E+01
   .40000000E+00  .22785213E+01
   .45000000E+00  .22344579E+01
   .50000000E+00  .21918625E+01
   .55000000E+00  .21506176E+01
   .60000000E+00  .21106175E+01
   .65000000E+00  .20717661E+01
   .70000000E+00  .20339767E+01
   .75000000E+00  .19971699E+01
   .80000000E+00  .19612738E+01
   .85000000E+00  .19262224E+01
   .90000000E+00  .18919552E+01
   .95000000E+00  .18584170E+01
   .10000000E+01  .18255567E+01
   .10500000E+01  .17933273E+01
   .11000000E+01  .17616855E+01
   .11500000E+01  .17305913E+01
   .12000000E+01  .17000073E+01
   .12500000E+01  .16698992E+01
   .13000000E+01  .16402349E+01
   .13500000E+01  .16109844E+01
   .14000000E+01  .15821199E+01
   .14500000E+01  .15536155E+01
   .15000000E+01  .15254466E+01
   .15500000E+01  .14975905E+01
   .16000000E+01  .14700258E+01
   .16500000E+01  .14427322E+01
   .17000000E+01  .14156909E+01
   .17500000E+01  .13888838E+01
   .18000000E+01  .13622942E+01
   .18500000E+01  .13359060E+01
   .19000000E+01  .13097042E+01
   .19500000E+01  .12836744E+01
   .20000000E+01  .12578029E+01
Potential  L  =        1.00000  -2.11642
  -.30000000E+01  .29413172E+00
  -.29500000E+01  .23784569E+00
  -.29000000E+01  .17924904E+00
  -.28500000E+01  .11817128E+00
  -.28000000E+01  .54424591E-01
  -.27500000E+01 -.12198471E-01
  -.27000000E+01 -.81927588E-01
  -.26500000E+01 -.15501774E+00
  -.26000000E+01 -.23175281E+00
  -.25500000E+01 -.31244978E+00
  -.25000000E+01 -.39746368E+00
  -.24500000E+01 -.48719356E+00
  -.24000000E+01 -.58208942E+00
  -.23500000E+01 -.68266073E+00
  -.23000000E+01 -.78948648E+00
  -.22500000E+01 -.90322754E+00
  -.22000000E+01 -.10246416E+01
  -.21500000E+01 -.11546018E+01
  -.21000000E+01 -.12941191E+01
  -.20500000E+01 -.14443712E+01
  -.20000000E+01 -.16067379E+01
  -.19500000E+01 -.17828469E+01
  -.19000000E+01 -.19746314E+01
  -.18500000E+01 -.21844060E+01
  -.18000000E+01 -.24149654E+01
  -.17500000E+01 -.26697155E+01
  -.17000000E+01 -.29528504E+01
  -.16500000E+01 -.32695943E+01
  -.16000000E+01 -.36265386E+01
  -.15500000E+01 -.40321204E+01
  -.15000000E+01 -.44973170E+01
  -.14500000E+01 -.50366800E+01
  -.14000000E+01 -.56699188E+01
  -.13500000E+01 -.64244084E+01
  -.13000000E+01 -.73393172E+01
  -.12500000E+01 -.84727244E+01
  -.12000000E+01 -.99146002E+01
  -.11500000E+01 -.11812177E+02
  -.11000000E+01 -.14424128E+02
  -.10500000E+01 -.18250605E+02
  -.10000000E+01 -.24400826E+02
  -.95000000E+00 -.35925958E+02
  -.90000000E+00 -.65376852E+02
  -.85000000E+00 -.30161446E+03
  -.80000000E+00  .12268822E+03
  -.75000000E+00  .52238908E+02
  -.70000000E+00  .33673494E+02
  -.65000000E+00  .25096662E+02
  -.60000000E+00  .20153328E+02
  -.55000000E+00  .16936211E+02
  -.50000000E+00  .14674120E+02
  -.45000000E+00  .12995690E+02
  -.40000000E+00  .11699999E+02
  -.35000000E+00  .10668849E+02
  -.30000000E+00  .98281667E+01
  -.25000000E+00  .91291685E+01
  -.20000000E+00  .85384177E+01
  -.15000000E+00  .80322291E+01
  -.10000000E+00  .75933559E+01
  -.50000000E-01  .72089407E+01
  -.22898350E-14  .68692033E+01
   .50000000E-01  .65665713E+01
   .10000000E+00  .62950909E+01
   .15000000E+00  .60500163E+01
   .20000000E+00  .58275178E+01
   .25000000E+00  .56244713E+01
   .30000000E+00  .54383025E+01
   .35000000E+00  .52668716E+01
   .40000000E+00  .51083848E+01
   .45000000E+00  .49613273E+01
   .50000000E+00  .48244112E+01
   .55000000E+00  .46965343E+01
   .60000000E+00  .45767480E+01
   .65000000E+00  .44642313E+01
   .70000000E+00  .43582716E+01
   .75000000E+00  .42582410E+01
   .80000000E+00  .41635942E+01
   .85000000E+00  .40738479E+01
   .90000000E+00  .39885742E+01
   .95000000E+00  .39073943E+01
   .10000000E+01  .38299708E+01
   .10500000E+01  .37560003E+01
   .11000000E+01  .36852119E+01
   .11500000E+01  .36173617E+01
   .12000000E+01  .35522300E+01
   .12500000E+01  .34896191E+01
   .13000000E+01  .34293457E+01
   .13500000E+01  .33712475E+01
   .14000000E+01  .33151752E+01
   .14500000E+01  .32609925E+01
   .15000000E+01  .32085750E+01
   .15500000E+01  .31578084E+01
   .16000000E+01  .31085878E+01
   .16500000E+01  .30608169E+01
   .17000000E+01  .30144067E+01
   .17500000E+01  .29692751E+01
   .18000000E+01  .29253465E+01
   .18500000E+01  .28825505E+01
   .19000000E+01  .28408219E+01
   .19500000E+01  .28001003E+01
   .20000000E+01  .27603294E+01
Core Pot   L  =        2.00000    .00000
  -.30000000E+01  .21108131E+01
  -.29500000E+01  .20997986E+01
  -.29000000E+01  .20887386E+01
  -.28500000E+01  .20776324E+01
  -.28000000E+01  .20664797E+01
  -.27500000E+01  .20552799E+01
  -.27000000E+01  .20440325E+01
  -.26500000E+01  .20327370E+01
  -.26000000E+01  .20213928E+01
  -.25500000E+01  .20099995E+01
  -.25000000E+01  .19985564E+01
  -.24500000E+01  .19870631E+01
  -.24000000E+01  .19755190E+01
  -.23500000E+01  .19639234E+01
  -.23000000E+01  .19522759E+01
  -.22500000E+01  .19405757E+01
  -.22000000E+01  .19288224E+01
  -.21500000E+01  .19170154E+01
  -.21000000E+01  .19051539E+01
  -.20500000E+01  .18932373E+01
  -.20000000E+01  .18812651E+01
  -.19500000E+01  .18692365E+01
  -.19000000E+01  .18571510E+01
  -.18500000E+01  .18450077E+01
  -.18000000E+01  .18328061E+01
  -.17500000E+01  .18205454E+01
  -.17000000E+01  .18082250E+01
  -.16500000E+01  .17958440E+01
  -.16000000E+01  .17834017E+01
  -.15500000E+01  .17708975E+01
  -.15000000E+01  .17583305E+01
  -.14500000E+01  .17456999E+01
  -.14000000E+01  .17330050E+01
  -.13500000E+01  .17202449E+01
  -.13000000E+01  .17074189E+01
  -.12500000E+01  .16945260E+01
  -.12000000E+01  .16815654E+01
  -.11500000E+01  .16685363E+01
  -.11000000E+01  .16554378E+01
  -.10500000E+01  .16422689E+01
  -.10000000E+01  .16290287E+01
  -.95000000E+00  .16157163E+01
  -.90000000E+00  .16023308E+01
  -.85000000E+00  .15888711E+01
  -.80000000E+00  .15753362E+01
  -.75000000E+00  .15617252E+01
  -.70000000E+00  .15480370E+01
  -.65000000E+00  .15342706E+01
  -.60000000E+00  .15204248E+01
  -.55000000E+00  .15064986E+01
  -.50000000E+00  .14924908E+01
  -.45000000E+00  .14784003E+01
  -.40000000E+00  .14642260E+01
  -.35000000E+00  .14499666E+01
  -.30000000E+00  .14356209E+01
  -.25000000E+00  .14211877E+01
  -.20000000E+00  .14066657E+01
  -.15000000E+00  .13920536E+01
  -.10000000E+00  .13773501E+01
  -.50000000E-01  .13625538E+01
  -.22898350E-14  .13476634E+01
   .50000000E-01  .13326774E+01
   .10000000E+00  .13175944E+01
   .15000000E+00  .13024130E+01
   .20000000E+00  .12871316E+01
   .25000000E+00  .12717487E+01
   .30000000E+00  .12562627E+01
   .35000000E+00  .12406720E+01
   .40000000E+00  .12249749E+01
   .45000000E+00  .12091699E+01
   .50000000E+00  .11932551E+01
   .55000000E+00  .11772288E+01
   .60000000E+00  .11610892E+01
   .65000000E+00  .11448345E+01
   .70000000E+00  .11284627E+01
   .75000000E+00  .11119720E+01
   .80000000E+00  .10953604E+01
   .85000000E+00  .10786258E+01
   .90000000E+00  .10617663E+01
   .95000000E+00  .10447795E+01
   .10000000E+01  .10276635E+01
   .10500000E+01  .10104159E+01
   .11000000E+01  .99303450E+00
   .11500000E+01  .97551695E+00
   .12000000E+01  .95786085E+00
   .12500000E+01  .94006374E+00
   .13000000E+01  .92212312E+00
   .13500000E+01  .90403639E+00
   .14000000E+01  .88580091E+00
   .14500000E+01  .86741397E+00
   .15000000E+01  .84887277E+00
   .15500000E+01  .83017446E+00
   .16000000E+01  .81131609E+00
   .16500000E+01  .79229467E+00
   .17000000E+01  .77310708E+00
   .17500000E+01  .75375016E+00
   .18000000E+01  .73422065E+00
   .18500000E+01  .71451518E+00
   .19000000E+01  .69463031E+00
   .19500000E+01  .67456251E+00
   .20000000E+01  .65430812E+00
Potential  L  =        2.00000    .00000
  -.30000000E+01  .21252190E+01
  -.29500000E+01  .21144161E+01
  -.29000000E+01  .21035713E+01
  -.28500000E+01  .20926843E+01
  -.28000000E+01  .20817545E+01
  -.27500000E+01  .20707816E+01
  -.27000000E+01  .20597651E+01
  -.26500000E+01  .20487047E+01
  -.26000000E+01  .20375998E+01
  -.25500000E+01  .20264500E+01
  -.25000000E+01  .20152549E+01
  -.24500000E+01  .20040140E+01
  -.24000000E+01  .19927269E+01
  -.23500000E+01  .19813930E+01
  -.23000000E+01  .19700118E+01
  -.22500000E+01  .19585830E+01
  -.22000000E+01  .19471060E+01
  -.21500000E+01  .19355802E+01
  -.21000000E+01  .19240053E+01
  -.20500000E+01  .19123805E+01
  -.20000000E+01  .19007056E+01
  -.19500000E+01  .18889798E+01
  -.19000000E+01  .18772027E+01
  -.18500000E+01  .18653736E+01
  -.18000000E+01  .18534921E+01
  -.17500000E+01  .18415576E+01
  -.17000000E+01  .18295694E+01
  -.16500000E+01  .18175271E+01
  -.16000000E+01  .18054299E+01
  -.15500000E+01  .17932773E+01
  -.15000000E+01  .17810687E+01
  -.14500000E+01  .17688034E+01
  -.14000000E+01  .17564809E+01
  -.13500000E+01  .17441003E+01
  -.13000000E+01  .17316612E+01
  -.12500000E+01  .17191628E+01
  -.12000000E+01  .17066044E+01
  -.11500000E+01  .16939854E+01
  -.11000000E+01  .16813050E+01
  -.10500000E+01  .16685625E+01
  -.10000000E+01  .16557572E+01
  -.95000000E+00  .16428883E+01
  -.90000000E+00  .16299551E+01
  -.85000000E+00  .16169569E+01
  -.80000000E+00  .16038928E+01
  -.75000000E+00  .15907620E+01
  -.70000000E+00  .15775638E+01
  -.65000000E+00  .15642973E+01
  -.60000000E+00  .15509616E+01
  -.55000000E+00  .15375560E+01
  -.50000000E+00  .15240795E+01
  -.45000000E+00  .15105313E+01
  -.40000000E+00  .14969104E+01
  -.35000000E+00  .14832160E+01
  -.30000000E+00  .14694471E+01
  -.25000000E+00  .14556028E+01
  -.20000000E+00  .14416820E+01
  -.15000000E+00  .14276839E+01
  -.10000000E+00  .14136074E+01
  -.50000000E-01  .13994514E+01
  -.22898350E-14  .13852150E+01
   .50000000E-01  .13708971E+01
   .10000000E+00  .13564965E+01
   .15000000E+00  .13420122E+01
   .20000000E+00  .13274432E+01
   .25000000E+00  .13127881E+01
   .30000000E+00  .12980458E+01
   .35000000E+00  .12832153E+01
   .40000000E+00  .12682951E+01
   .45000000E+00  .12532842E+01
   .50000000E+00  .12381812E+01
   .55000000E+00  .12229849E+01
   .60000000E+00  .12076938E+01
   .65000000E+00  .11923068E+01
   .70000000E+00  .11768224E+01
   .75000000E+00  .11612393E+01
   .80000000E+00  .11455559E+01
   .85000000E+00  .11297709E+01
   .90000000E+00  .11138827E+01
   .95000000E+00  .10978899E+01
   .10000000E+01  .10817909E+01
   .10500000E+01  .10655841E+01
   .11000000E+01  .10492679E+01
   .11500000E+01  .10328406E+01
   .12000000E+01  .10163007E+01
   .12500000E+01  .99964624E+00
   .13000000E+01  .98287561E+00
   .13500000E+01  .96598697E+00
   .14000000E+01  .94897849E+00
   .14500000E+01  .93184829E+00
   .15000000E+01  .91459445E+00
   .15500000E+01  .89721502E+00
   .16000000E+01  .87970799E+00
   .16500000E+01  .86207130E+00
   .17000000E+01  .84430286E+00
   .17500000E+01  .82640052E+00
   .18000000E+01  .80836207E+00
   .18500000E+01  .79018531E+00
   .19000000E+01  .77186789E+00
   .19500000E+01  .75340749E+00
   .20000000E+01  .73480168E+00
Core Pot   L  =        3.00000    .00000
  -.30000000E+01  .27917635E+01
  -.29500000E+01  .27834970E+01
  -.29000000E+01  .27752112E+01
  -.28500000E+01  .27669058E+01
  -.28000000E+01  .27585807E+01
  -.27500000E+01  .27502359E+01
  -.27000000E+01  .27418712E+01
  -.26500000E+01  .27334865E+01
  -.26000000E+01  .27250817E+01
  -.25500000E+01  .27166566E+01
  -.25000000E+01  .27082111E+01
  -.24500000E+01  .26997451E+01
  -.24000000E+01  .26912584E+01
  -.23500000E+01  .26827510E+01
  -.23000000E+01  .26742227E+01
  -.22500000E+01  .26656734E+01
  -.22000000E+01  .26571028E+01
  -.21500000E+01  .26485110E+01
  -.21000000E+01  .26398977E+01
  -.20500000E+01  .26312628E+01
  -.20000000E+01  .26226062E+01
  -.19500000E+01  .26139278E+01
  -.19000000E+01  .26052273E+01
  -.18500000E+01  .25965047E+01
  -.18000000E+01  .25877598E+01
  -.17500000E+01  .25789924E+01
  -.17000000E+01  .25702025E+01
  -.16500000E+01  .25613898E+01
  -.16000000E+01  .25525542E+01
  -.15500000E+01  .25436956E+01
  -.15000000E+01  .25348137E+01
  -.14500000E+01  .25259086E+01
  -.14000000E+01  .25169799E+01
  -.13500000E+01  .25080275E+01
  -.13000000E+01  .24990513E+01
  -.12500000E+01  .24900511E+01
  -.12000000E+01  .24810267E+01
  -.11500000E+01  .24719781E+01
  -.11000000E+01  .24629049E+01
  -.10500000E+01  .24538071E+01
  -.10000000E+01  .24446844E+01
  -.95000000E+00  .24355368E+01
  -.90000000E+00  .24263639E+01
  -.85000000E+00  .24171658E+01
  -.80000000E+00  .24079420E+01
  -.75000000E+00  .23986926E+01
  -.70000000E+00  .23894173E+01
  -.65000000E+00  .23801159E+01
  -.60000000E+00  .23707882E+01
  -.55000000E+00  .23614341E+01
  -.50000000E+00  .23520534E+01
  -.45000000E+00  .23426458E+01
  -.40000000E+00  .23332112E+01
  -.35000000E+00  .23237494E+01
  -.30000000E+00  .23142602E+01
  -.25000000E+00  .23047433E+01
  -.20000000E+00  .22951987E+01
  -.15000000E+00  .22856260E+01
  -.10000000E+00  .22760251E+01
  -.50000000E-01  .22663957E+01
  -.22898350E-14  .22567377E+01
   .50000000E-01  .22470508E+01
   .10000000E+00  .22373349E+01
   .15000000E+00  .22275896E+01
   .20000000E+00  .22178149E+01
   .25000000E+00  .22080104E+01
   .30000000E+00  .21981759E+01
   .35000000E+00  .21883112E+01
   .40000000E+00  .21784161E+01
   .45000000E+00  .21684904E+01
   .50000000E+00  .21585337E+01
   .55000000E+00  .21485459E+01
   .60000000E+00  .21385268E+01
   .65000000E+00  .21284760E+01
   .70000000E+00  .21183934E+01
   .75000000E+00  .21082786E+01
   .80000000E+00  .20981315E+01
   .85000000E+00  .20879517E+01
   .90000000E+00  .20777391E+01
   .95000000E+00  .20674933E+01
   .10000000E+01  .20572141E+01
   .10500000E+01  .20469012E+01
   .11000000E+01  .20365544E+01
   .11500000E+01  .20261733E+01
   .12000000E+01  .20157578E+01
   .12500000E+01  .20053075E+01
   .13000000E+01  .19948220E+01
   .13500000E+01  .19843013E+01
   .14000000E+01  .19737449E+01
   .14500000E+01  .19631525E+01
   .15000000E+01  .19525239E+01
   .15500000E+01  .19418588E+01
   .16000000E+01  .19311568E+01
   .16500000E+01  .19204177E+01
   .17000000E+01  .19096411E+01
   .17500000E+01  .18988267E+01
   .18000000E+01  .18879742E+01
   .18500000E+01  .18770832E+01
   .19000000E+01  .18661535E+01
   .19500000E+01  .18551847E+01
   .20000000E+01  .18441765E+01
Potential  L  =        3.00000    .00000
  -.30000000E+01  .27939580E+01
  -.29500000E+01  .27857134E+01
  -.29000000E+01  .27774496E+01
  -.28500000E+01  .27691666E+01
  -.28000000E+01  .27608642E+01
  -.27500000E+01  .27525423E+01
  -.27000000E+01  .27442008E+01
  -.26500000E+01  .27358396E+01
  -.26000000E+01  .27274585E+01
  -.25500000E+01  .27190575E+01
  -.25000000E+01  .27106364E+01
  -.24500000E+01  .27021951E+01
  -.24000000E+01  .26937335E+01
  -.23500000E+01  .26852514E+01
  -.23000000E+01  .26767487E+01
  -.22500000E+01  .26682253E+01
  -.22000000E+01  .26596810E+01
  -.21500000E+01  .26511158E+01
  -.21000000E+01  .26425294E+01
  -.20500000E+01  .26339219E+01
  -.20000000E+01  .26252929E+01
  -.19500000E+01  .26166424E+01
  -.19000000E+01  .26079702E+01
  -.18500000E+01  .25992763E+01
  -.18000000E+01  .25905604E+01
  -.17500000E+01  .25818225E+01
  -.17000000E+01  .25730623E+01
  -.16500000E+01  .25642797E+01
  -.16000000E+01  .25554747E+01
  -.15500000E+01  .25466470E+01
  -.15000000E+01  .25377965E+01
  -.14500000E+01  .25289230E+01
  -.14000000E+01  .25200265E+01
  -.13500000E+01  .25111066E+01
  -.13000000E+01  .25021634E+01
  -.12500000E+01  .24931966E+01
  -.12000000E+01  .24842060E+01
  -.11500000E+01  .24751916E+01
  -.11000000E+01  .24661531E+01
  -.10500000E+01  .24570904E+01
  -.10000000E+01  .24480033E+01
  -.95000000E+00  .24388917E+01
  -.90000000E+00  .24297554E+01
  -.85000000E+00  .24205942E+01
  -.80000000E+00  .24114079E+01
  -.75000000E+00  .24021965E+01
  -.70000000E+00  .23929596E+01
  -.65000000E+00  .23836972E+01
  -.60000000E+00  .23744090E+01
  -.55000000E+00  .23650948E+01
  -.50000000E+00  .23557546E+01
  -.45000000E+00  .23463880E+01
  -.40000000E+00  .23369950E+01
  -.35000000E+00  .23275753E+01
  -.30000000E+00  .23181288E+01
  -.25000000E+00  .23086552E+01
  -.20000000E+00  .22991543E+01
  -.15000000E+00  .22896260E+01
  -.10000000E+00  .22800701E+01
  -.50000000E-01  .22704863E+01
  -.22898350E-14  .22608745E+01
   .50000000E-01  .22512344E+01
   .10000000E+00  .22415659E+01
   .15000000E+00  .22318687E+01
   .20000000E+00  .22221427E+01
   .25000000E+00  .22123875E+01
   .30000000E+00  .22026031E+01
   .35000000E+00  .21927891E+01
   .40000000E+00  .21829454E+01
   .45000000E+00  .21730718E+01
   .50000000E+00  .21631679E+01
   .55000000E+00  .21532337E+01
   .60000000E+00  .21432688E+01
   .65000000E+00  .21332730E+01
   .70000000E+00  .21232461E+01
   .75000000E+00  .21131878E+01
   .80000000E+00  .21030980E+01
   .85000000E+00  .20929763E+01
   .90000000E+00  .20828225E+01
   .95000000E+00  .20726364E+01
   .10000000E+01  .20624177E+01
   .10500000E+01  .20521662E+01
   .11000000E+01  .20418815E+01
   .11500000E+01  .20315636E+01
   .12000000E+01  .20212119E+01
   .12500000E+01  .20108264E+01
   .13000000E+01  .20004068E+01
   .13500000E+01  .19899527E+01
   .14000000E+01  .19794639E+01
   .14500000E+01  .19689401E+01
   .15000000E+01  .19583810E+01
   .15500000E+01  .19477864E+01
   .16000000E+01  .19371559E+01
   .16500000E+01  .19264893E+01
   .17000000E+01  .19157862E+01
   .17500000E+01  .19050464E+01
   .18000000E+01  .18942696E+01
   .18500000E+01  .18834554E+01
   .19000000E+01  .18726036E+01
   .19500000E+01  .18617137E+01
   .20000000E+01  .18507856E+01
Core Pot   L  =        4.00000    .00000
  -.30000000E+01  .34504218E+01
  -.29500000E+01  .34436927E+01
  -.29000000E+01  .34369555E+01
  -.28500000E+01  .34302050E+01
  -.28000000E+01  .34234440E+01
  -.27500000E+01  .34166721E+01
  -.27000000E+01  .34098896E+01
  -.26500000E+01  .34030946E+01
  -.26000000E+01  .33962898E+01
  -.25500000E+01  .33894746E+01
  -.25000000E+01  .33826511E+01
  -.24500000E+01  .33758130E+01
  -.24000000E+01  .33689646E+01
  -.23500000E+01  .33621051E+01
  -.23000000E+01  .33552352E+01
  -.22500000E+01  .33483515E+01
  -.22000000E+01  .33414584E+01
  -.21500000E+01  .33345554E+01
  -.21000000E+01  .33276399E+01
  -.20500000E+01  .33207126E+01
  -.20000000E+01  .33137734E+01
  -.19500000E+01  .33068236E+01
  -.19000000E+01  .32998619E+01
  -.18500000E+01  .32928882E+01
  -.18000000E+01  .32859012E+01
  -.17500000E+01  .32789046E+01
  -.17000000E+01  .32718978E+01
  -.16500000E+01  .32648774E+01
  -.16000000E+01  .32578452E+01
  -.15500000E+01  .32508009E+01
  -.15000000E+01  .32437445E+01
  -.14500000E+01  .32366744E+01
  -.14000000E+01  .32295940E+01
  -.13500000E+01  .32225034E+01
  -.13000000E+01  .32153989E+01
  -.12500000E+01  .32082816E+01
  -.12000000E+01  .32011524E+01
  -.11500000E+01  .31940106E+01
  -.11000000E+01  .31868552E+01
  -.10500000E+01  .31796908E+01
  -.10000000E+01  .31725108E+01
  -.95000000E+00  .31653196E+01
  -.90000000E+00  .31581151E+01
  -.85000000E+00  .31508980E+01
  -.80000000E+00  .31436685E+01
  -.75000000E+00  .31364243E+01
  -.70000000E+00  .31291707E+01
  -.65000000E+00  .31219023E+01
  -.60000000E+00  .31146204E+01
  -.55000000E+00  .31073257E+01
  -.50000000E+00  .31000179E+01
  -.45000000E+00  .30926975E+01
  -.40000000E+00  .30853636E+01
  -.35000000E+00  .30780161E+01
  -.30000000E+00  .30706552E+01
  -.25000000E+00  .30632809E+01
  -.20000000E+00  .30558933E+01
  -.15000000E+00  .30484918E+01
  -.10000000E+00  .30410772E+01
  -.50000000E-01  .30336485E+01
  -.22898350E-14  .30262062E+01
   .50000000E-01  .30187501E+01
   .10000000E+00  .30112801E+01
   .15000000E+00  .30037957E+01
   .20000000E+00  .29962978E+01
   .25000000E+00  .29887861E+01
   .30000000E+00  .29812594E+01
   .35000000E+00  .29737190E+01
   .40000000E+00  .29661641E+01
   .45000000E+00  .29585950E+01
   .50000000E+00  .29510116E+01
   .55000000E+00  .29434132E+01
   .60000000E+00  .29358005E+01
   .65000000E+00  .29281730E+01
   .70000000E+00  .29205309E+01
   .75000000E+00  .29128742E+01
   .80000000E+00  .29052024E+01
   .85000000E+00  .28975157E+01
   .90000000E+00  .28898139E+01
   .95000000E+00  .28820972E+01
   .10000000E+01  .28743651E+01
   .10500000E+01  .28666178E+01
   .11000000E+01  .28588552E+01
   .11500000E+01  .28510773E+01
   .12000000E+01  .28432837E+01
   .12500000E+01  .28354748E+01
   .13000000E+01  .28276501E+01
   .13500000E+01  .28198097E+01
   .14000000E+01  .28119536E+01
   .14500000E+01  .28040816E+01
   .15000000E+01  .27961935E+01
   .15500000E+01  .27882895E+01
   .16000000E+01  .27803693E+01
   .16500000E+01  .27724329E+01
   .17000000E+01  .27644802E+01
   .17500000E+01  .27565111E+01
   .18000000E+01  .27485257E+01
   .18500000E+01  .27405236E+01
   .19000000E+01  .27325049E+01
   .19500000E+01  .27244694E+01
   .20000000E+01  .27164172E+01
Potential  L  =        4.00000    .00000
  -.30000000E+01  .34509007E+01
  -.29500000E+01  .34441752E+01
  -.29000000E+01  .34374390E+01
  -.28500000E+01  .34306920E+01
  -.28000000E+01  .34239346E+01
  -.27500000E+01  .34171670E+01
  -.27000000E+01  .34103878E+01
  -.26500000E+01  .34035986E+01
  -.26000000E+01  .33967980E+01
  -.25500000E+01  .33899866E+01
  -.25000000E+01  .33831659E+01
  -.24500000E+01  .33763325E+01
  -.24000000E+01  .33694864E+01
  -.23500000E+01  .33626326E+01
  -.23000000E+01  .33557643E+01
  -.22500000E+01  .33488866E+01
  -.22000000E+01  .33419976E+01
  -.21500000E+01  .33350973E+01
  -.21000000E+01  .33281857E+01
  -.20500000E+01  .33212627E+01
  -.20000000E+01  .33143288E+01
  -.19500000E+01  .33073825E+01
  -.19000000E+01  .33004251E+01
  -.18500000E+01  .32934561E+01
  -.18000000E+01  .32864756E+01
  -.17500000E+01  .32794848E+01
  -.17000000E+01  .32724808E+01
  -.16500000E+01  .32654654E+01
  -.16000000E+01  .32584378E+01
  -.15500000E+01  .32513962E+01
  -.15000000E+01  .32443449E+01
  -.14500000E+01  .32372815E+01
  -.14000000E+01  .32302065E+01
  -.13500000E+01  .32231204E+01
  -.13000000E+01  .32160207E+01
  -.12500000E+01  .32089070E+01
  -.12000000E+01  .32017833E+01
  -.11500000E+01  .31946469E+01
  -.11000000E+01  .31874978E+01
  -.10500000E+01  .31803385E+01
  -.10000000E+01  .31731646E+01
  -.95000000E+00  .31659764E+01
  -.90000000E+00  .31587777E+01
  -.85000000E+00  .31515664E+01
  -.80000000E+00  .31443423E+01
  -.75000000E+00  .31371054E+01
  -.70000000E+00  .31298556E+01
  -.65000000E+00  .31225930E+01
  -.60000000E+00  .31153176E+01
  -.55000000E+00  .31080304E+01
  -.50000000E+00  .31007271E+01
  -.45000000E+00  .30934124E+01
  -.40000000E+00  .30860846E+01
  -.35000000E+00  .30787434E+01
  -.30000000E+00  .30713903E+01
  -.25000000E+00  .30640205E+01
  -.20000000E+00  .30566394E+01
  -.15000000E+00  .30492446E+01
  -.10000000E+00  .30418362E+01
  -.50000000E-01  .30344144E+01
  -.22898350E-14  .30269787E+01
   .50000000E-01  .30195294E+01
   .10000000E+00  .30120662E+01
   .15000000E+00  .30045885E+01
   .20000000E+00  .29970978E+01
   .25000000E+00  .29895927E+01
   .30000000E+00  .29820737E+01
   .35000000E+00  .29745398E+01
   .40000000E+00  .29669924E+01
   .45000000E+00  .29594306E+01
   .50000000E+00  .29518544E+01
   .55000000E+00  .29442638E+01
   .60000000E+00  .29366587E+01
   .65000000E+00  .29290386E+01
   .70000000E+00  .29214045E+01
   .75000000E+00  .29137554E+01
   .80000000E+00  .29060916E+01
   .85000000E+00  .28984127E+01
   .90000000E+00  .28907191E+01
   .95000000E+00  .28830104E+01
   .10000000E+01  .28752867E+01
   .10500000E+01  .28675478E+01
   .11000000E+01  .28597937E+01
   .11500000E+01  .28520242E+01
   .12000000E+01  .28442394E+01
   .12500000E+01  .28364391E+01
   .13000000E+01  .28286232E+01
   .13500000E+01  .28207918E+01
   .14000000E+01  .28129445E+01
   .14500000E+01  .28050816E+01
   .15000000E+01  .27972028E+01
   .15500000E+01  .27893080E+01
   .16000000E+01  .27813972E+01
   .16500000E+01  .27734703E+01
   .17000000E+01  .27655272E+01
   .17500000E+01  .27575678E+01
   .18000000E+01  .27495921E+01
   .18500000E+01  .27415999E+01
   .19000000E+01  .27335911E+01
   .19500000E+01  .27255658E+01
   .20000000E+01  .27175238E+01
KBPotential  L  =       .00000  -8.34356
  -.30000000E+01  .60471676E+01
  -.29500000E+01  .56845608E+01
  -.29000000E+01  .53758552E+01
  -.28500000E+01  .51095214E+01
  -.28000000E+01  .48770971E+01
  -.27500000E+01  .46722305E+01
  -.27000000E+01  .44900612E+01
  -.26500000E+01  .43268068E+01
  -.26000000E+01  .41794794E+01
  -.25500000E+01  .40456875E+01
  -.25000000E+01  .39234944E+01
  -.24500000E+01  .38113149E+01
  -.24000000E+01  .37078388E+01
  -.23500000E+01  .36119745E+01
  -.23000000E+01  .35228033E+01
  -.22500000E+01  .34395489E+01
  -.22000000E+01  .33615494E+01
  -.21500000E+01  .32882371E+01
  -.21000000E+01  .32191222E+01
  -.20500000E+01  .31537815E+01
  -.20000000E+01  .30918445E+01
  -.19500000E+01  .30329879E+01
  -.19000000E+01  .29769270E+01
  -.18500000E+01  .29234108E+01
  -.18000000E+01  .28722168E+01
  -.17500000E+01  .28231471E+01
  -.17000000E+01  .27760251E+01
  -.16500000E+01  .27306929E+01
  -.16000000E+01  .26870086E+01
  -.15500000E+01  .26448442E+01
  -.15000000E+01  .26040845E+01
  -.14500000E+01  .25646251E+01
  -.14000000E+01  .25263710E+01
  -.13500000E+01  .24892360E+01
  -.13000000E+01  .24531416E+01
  -.12500000E+01  .24180157E+01
  -.12000000E+01  .23837927E+01
  -.11500000E+01  .23504121E+01
  -.11000000E+01  .23178184E+01
  -.10500000E+01  .22859604E+01
  -.10000000E+01  .22547911E+01
  -.95000000E+00  .22242667E+01
  -.90000000E+00  .21943468E+01
  -.85000000E+00  .21649943E+01
  -.80000000E+00  .21361740E+01
  -.75000000E+00  .21078538E+01
  -.70000000E+00  .20800034E+01
  -.65000000E+00  .20525949E+01
  -.60000000E+00  .20256019E+01
  -.55000000E+00  .19989998E+01
  -.50000000E+00  .19727656E+01
  -.45000000E+00  .19468777E+01
  -.40000000E+00  .19213159E+01
  -.35000000E+00  .18960611E+01
  -.30000000E+00  .18710953E+01
  -.25000000E+00  .18464016E+01
  -.20000000E+00  .18219641E+01
  -.15000000E+00  .17977677E+01
  -.10000000E+00  .17737980E+01
  -.50000000E-01  .17500416E+01
  -.22898350E-14  .17264856E+01
   .50000000E-01  .17031179E+01
   .10000000E+00  .16799270E+01
   .15000000E+00  .16569017E+01
   .20000000E+00  .16340318E+01
   .25000000E+00  .16113071E+01
   .30000000E+00  .15887183E+01
   .35000000E+00  .15662561E+01
   .40000000E+00  .15439118E+01
   .45000000E+00  .15216772E+01
   .50000000E+00  .14995442E+01
   .55000000E+00  .14775052E+01
   .60000000E+00  .14555529E+01
   .65000000E+00  .14336801E+01
   .70000000E+00  .14118801E+01
   .75000000E+00  .13901463E+01
   .80000000E+00  .13684724E+01
   .85000000E+00  .13468523E+01
   .90000000E+00  .13252800E+01
   .95000000E+00  .13037498E+01
   .10000000E+01  .12822563E+01
   .10500000E+01  .12607940E+01
   .11000000E+01  .12393578E+01
   .11500000E+01  .12179426E+01
   .12000000E+01  .11965434E+01
   .12500000E+01  .11751554E+01
   .13000000E+01  .11537741E+01
   .13500000E+01  .11323948E+01
   .14000000E+01  .11110130E+01
   .14500000E+01  .10896244E+01
   .15000000E+01  .10682247E+01
   .15500000E+01  .10468097E+01
   .16000000E+01  .10253754E+01
   .16500000E+01  .10039176E+01
   .17000000E+01  .98243244E+00
   .17500000E+01  .96091591E+00
   .18000000E+01  .93936425E+00
   .18500000E+01  .91777364E+00
   .19000000E+01  .89614031E+00
   .19500000E+01  .87446051E+00
   .20000000E+01  .85273058E+00
KBPotential  L  =      1.00000  -4.23284
  -.30000000E+01  .66662476E+00
  -.29500000E+01  .61207884E+00
  -.29000000E+01  .55451022E+00
  -.28500000E+01  .49360255E+00
  -.28000000E+01  .42899324E+00
  -.27500000E+01  .36026467E+00
  -.27000000E+01  .28693331E+00
  -.26500000E+01  .20843620E+00
  -.26000000E+01  .12411391E+00
  -.25500000E+01  .33188958E-01
  -.25000000E+01 -.65261859E-01
  -.24500000E+01 -.17234332E+00
  -.24000000E+01 -.28938872E+00
  -.23500000E+01 -.41802230E+00
  -.23000000E+01 -.56024281E+00
  -.22500000E+01 -.71853879E+00
  -.22000000E+01 -.89604778E+00
  -.21500000E+01 -.10967828E+01
  -.21000000E+01 -.13259610E+01
  -.20500000E+01 -.15904915E+01
  -.20000000E+01 -.18997224E+01
  -.19500000E+01 -.22666207E+01
  -.19000000E+01 -.27097115E+01
  -.18500000E+01 -.32564133E+01
  -.18000000E+01 -.39491036E+01
  -.17500000E+01 -.48569304E+01
  -.17000000E+01 -.61009194E+01
  -.16500000E+01 -.79138524E+01
  -.16000000E+01 -.10807986E+02
  -.15500000E+01 -.16174331E+02
  -.15000000E+01 -.29582007E+02
  -.14500000E+01 -.12375472E+03
  -.14000000E+01  .63872060E+02
  -.13500000E+01  .26549973E+02
  -.13000000E+01  .17193335E+02
  -.12500000E+01  .12931351E+02
  -.12000000E+01  .10489986E+02
  -.11500000E+01  .89056289E+01
  -.11000000E+01  .77926957E+01
  -.10500000E+01  .69667337E+01
  -.10000000E+01  .63284064E+01
  -.95000000E+00  .58194749E+01
  -.90000000E+00  .54035361E+01
  -.85000000E+00  .50566664E+01
  -.80000000E+00  .47624954E+01
  -.75000000E+00  .45094441E+01
  -.70000000E+00  .42890906E+01
  -.65000000E+00  .40951624E+01
  -.60000000E+00  .39228927E+01
  -.55000000E+00  .37685934E+01
  -.50000000E+00  .36293666E+01
  -.45000000E+00  .35029037E+01
  -.40000000E+00  .33873427E+01
  -.35000000E+00  .32811653E+01
  -.30000000E+00  .31831207E+01
  -.25000000E+00  .30921698E+01
  -.20000000E+00  .30074415E+01
  -.15000000E+00  .29282006E+01
  -.10000000E+00  .28538220E+01
  -.50000000E-01  .27837707E+01
  -.22898350E-14  .27175865E+01
   .50000000E-01  .26548710E+01
   .10000000E+00  .25952777E+01
   .15000000E+00  .25385037E+01
   .20000000E+00  .24842832E+01
   .25000000E+00  .24323817E+01
   .30000000E+00  .23825920E+01
   .35000000E+00  .23347296E+01
   .40000000E+00  .22886304E+01
   .45000000E+00  .22441474E+01
   .50000000E+00  .22011489E+01
   .55000000E+00  .21595162E+01
   .60000000E+00  .21191423E+01
   .65000000E+00  .20799303E+01
   .70000000E+00  .20417925E+01
   .75000000E+00  .20046489E+01
   .80000000E+00  .19684267E+01
   .85000000E+00  .19330593E+01
   .90000000E+00  .18984857E+01
   .95000000E+00  .18646502E+01
   .10000000E+01  .18315012E+01
   .10500000E+01  .17989915E+01
   .11000000E+01  .17670773E+01
   .11500000E+01  .17357181E+01
   .12000000E+01  .17048767E+01
   .12500000E+01  .16745182E+01
   .13000000E+01  .16446103E+01
   .13500000E+01  .16151230E+01
   .14000000E+01  .15860284E+01
   .14500000E+01  .15573002E+01
   .15000000E+01  .15289139E+01
   .15500000E+01  .15008467E+01
   .16000000E+01  .14730769E+01
   .16500000E+01  .14455845E+01
   .17000000E+01  .14183504E+01
   .17500000E+01  .13913567E+01
   .18000000E+01  .13645866E+01
   .18500000E+01  .13380239E+01
   .19000000E+01  .13116538E+01
   .19500000E+01  .12854618E+01
   .20000000E+01  .12594344E+01
KBPotential  L  =      2.00000    .00000
  -.30000000E+01  .21252190E+01
  -.29500000E+01  .21144161E+01
  -.29000000E+01  .21035713E+01
  -.28500000E+01  .20926843E+01
  -.28000000E+01  .20817545E+01
  -.27500000E+01  .20707816E+01
  -.27000000E+01  .20597651E+01
  -.26500000E+01  .20487047E+01
  -.26000000E+01  .20375998E+01
  -.25500000E+01  .20264500E+01
  -.25000000E+01  .20152549E+01
  -.24500000E+01  .20040140E+01
  -.24000000E+01  .19927269E+01
  -.23500000E+01  .19813930E+01
  -.23000000E+01  .19700118E+01
  -.22500000E+01  .19585830E+01
  -.22000000E+01  .19471060E+01
  -.21500000E+01  .19355802E+01
  -.21000000E+01  .19240053E+01
  -.20500000E+01  .19123805E+01
  -.20000000E+01  .19007056E+01
  -.19500000E+01  .18889798E+01
  -.19000000E+01  .18772027E+01
  -.18500000E+01  .18653736E+01
  -.18000000E+01  .18534921E+01
  -.17500000E+01  .18415576E+01
  -.17000000E+01  .18295694E+01
  -.16500000E+01  .18175271E+01
  -.16000000E+01  .18054299E+01
  -.15500000E+01  .17932773E+01
  -.15000000E+01  .17810687E+01
  -.14500000E+01  .17688034E+01
  -.14000000E+01  .17564809E+01
  -.13500000E+01  .17441003E+01
  -.13000000E+01  .17316612E+01
  -.12500000E+01  .17191628E+01
  -.12000000E+01  .17066044E+01
  -.11500000E+01  .16939854E+01
  -.11000000E+01  .16813050E+01
  -.10500000E+01  .16685625E+01
  -.10000000E+01  .16557572E+01
  -.95000000E+00  .16428883E+01
  -.90000000E+00  .16299551E+01
  -.85000000E+00  .16169569E+01
  -.80000000E+00  .16038928E+01
  -.75000000E+00  .15907620E+01
  -.70000000E+00  .15775638E+01
  -.65000000E+00  .15642973E+01
  -.60000000E+00  .15509616E+01
  -.55000000E+00  .15375560E+01
  -.50000000E+00  .15240795E+01
  -.45000000E+00  .15105313E+01
  -.40000000E+00  .14969104E+01
  -.35000000E+00  .14832160E+01
  -.30000000E+00  .14694471E+01
  -.25000000E+00  .14556028E+01
  -.20000000E+00  .14416820E+01
  -.15000000E+00  .14276839E+01
  -.10000000E+00  .14136074E+01
  -.50000000E-01  .13994514E+01
  -.22898350E-14  .13852150E+01
   .50000000E-01  .13708971E+01
   .10000000E+00  .13564965E+01
   .15000000E+00  .13420122E+01
   .20000000E+00  .13274432E+01
   .25000000E+00  .13127881E+01
   .30000000E+00  .12980458E+01
   .35000000E+00  .12832153E+01
   .40000000E+00  .12682951E+01
   .45000000E+00  .12532842E+01
   .50000000E+00  .12381812E+01
   .55000000E+00  .12229849E+01
   .60000000E+00  .12076938E+01
   .65000000E+00  .11923068E+01
   .70000000E+00  .11768224E+01
   .75000000E+00  .11612393E+01
   .80000000E+00  .11455559E+01
   .85000000E+00  .11297709E+01
   .90000000E+00  .11138827E+01
   .95000000E+00  .10978899E+01
   .10000000E+01  .10817909E+01
   .10500000E+01  .10655841E+01
   .11000000E+01  .10492679E+01
   .11500000E+01  .10328406E+01
   .12000000E+01  .10163007E+01
   .12500000E+01  .99964624E+00
   .13000000E+01  .98287561E+00
   .13500000E+01  .96598697E+00
   .14000000E+01  .94897849E+00
   .14500000E+01  .93184829E+00
   .15000000E+01  .91459445E+00
   .15500000E+01  .89721502E+00
   .16000000E+01  .87970799E+00
   .16500000E+01  .86207130E+00
   .17000000E+01  .84430286E+00
   .17500000E+01  .82640052E+00
   .18000000E+01  .80836207E+00
   .18500000E+01  .79018531E+00
   .19000000E+01  .77186789E+00
   .19500000E+01  .75340749E+00
   .20000000E+01  .73480168E+00
KBPotential  L  =      3.00000    .00000
  -.30000000E+01  .27939580E+01
  -.29500000E+01  .27857134E+01
  -.29000000E+01  .27774496E+01
  -.28500000E+01  .27691666E+01
  -.28000000E+01  .27608642E+01
  -.27500000E+01  .27525423E+01
  -.27000000E+01  .27442008E+01
  -.26500000E+01  .27358396E+01
  -.26000000E+01  .27274585E+01
  -.25500000E+01  .27190575E+01
  -.25000000E+01  .27106364E+01
  -.24500000E+01  .27021951E+01
  -.24000000E+01  .26937335E+01
  -.23500000E+01  .26852514E+01
  -.23000000E+01  .26767487E+01
  -.22500000E+01  .26682253E+01
  -.22000000E+01  .26596810E+01
  -.21500000E+01  .26511158E+01
  -.21000000E+01  .26425294E+01
  -.20500000E+01  .26339219E+01
  -.20000000E+01  .26252929E+01
  -.19500000E+01  .26166424E+01
  -.19000000E+01  .26079702E+01
  -.18500000E+01  .25992763E+01
  -.18000000E+01  .25905604E+01
  -.17500000E+01  .25818225E+01
  -.17000000E+01  .25730623E+01
  -.16500000E+01  .25642797E+01
  -.16000000E+01  .25554747E+01
  -.15500000E+01  .25466470E+01
  -.15000000E+01  .25377965E+01
  -.14500000E+01  .25289230E+01
  -.14000000E+01  .25200265E+01
  -.13500000E+01  .25111066E+01
  -.13000000E+01  .25021634E+01
  -.12500000E+01  .24931966E+01
  -.12000000E+01  .24842060E+01
  -.11500000E+01  .24751916E+01
  -.11000000E+01  .24661531E+01
  -.10500000E+01  .24570904E+01
  -.10000000E+01  .24480033E+01
  -.95000000E+00  .24388917E+01
  -.90000000E+00  .24297554E+01
  -.85000000E+00  .24205942E+01
  -.80000000E+00  .24114079E+01
  -.75000000E+00  .24021965E+01
  -.70000000E+00  .23929596E+01
  -.65000000E+00  .23836972E+01
  -.60000000E+00  .23744090E+01
  -.55000000E+00  .23650948E+01
  -.50000000E+00  .23557546E+01
  -.45000000E+00  .23463880E+01
  -.40000000E+00  .23369950E+01
  -.35000000E+00  .23275753E+01
  -.30000000E+00  .23181288E+01
  -.25000000E+00  .23086552E+01
  -.20000000E+00  .22991543E+01
  -.15000000E+00  .22896260E+01
  -.10000000E+00  .22800701E+01
  -.50000000E-01  .22704863E+01
  -.22898350E-14  .22608745E+01
   .50000000E-01  .22512344E+01
   .10000000E+00  .22415659E+01
   .15000000E+00  .22318687E+01
   .20000000E+00  .22221427E+01
   .25000000E+00  .22123875E+01
   .30000000E+00  .22026031E+01
   .35000000E+00  .21927891E+01
   .40000000E+00  .21829454E+01
   .45000000E+00  .21730718E+01
   .50000000E+00  .21631679E+01
   .55000000E+00  .21532337E+01
   .60000000E+00  .21432688E+01
   .65000000E+00  .21332730E+01
   .70000000E+00  .21232461E+01
   .75000000E+00  .21131878E+01
   .80000000E+00  .21030980E+01
   .85000000E+00  .20929763E+01
   .90000000E+00  .20828225E+01
   .95000000E+00  .20726364E+01
   .10000000E+01  .20624177E+01
   .10500000E+01  .20521662E+01
   .11000000E+01  .20418815E+01
   .11500000E+01  .20315636E+01
   .12000000E+01  .20212119E+01
   .12500000E+01  .20108264E+01
   .13000000E+01  .20004068E+01
   .13500000E+01  .19899527E+01
   .14000000E+01  .19794639E+01
   .14500000E+01  .19689401E+01
   .15000000E+01  .19583810E+01
   .15500000E+01  .19477864E+01
   .16000000E+01  .19371559E+01
   .16500000E+01  .19264893E+01
   .17000000E+01  .19157862E+01
   .17500000E+01  .19050464E+01
   .18000000E+01  .18942696E+01
   .18500000E+01  .18834554E+01
   .19000000E+01  .18726036E+01
   .19500000E+01  .18617137E+01
   .20000000E+01  .18507856E+01
KBPotential  L  =      4.00000    .00000
  -.30000000E+01  .34509007E+01
  -.29500000E+01  .34441752E+01
  -.29000000E+01  .34374390E+01
  -.28500000E+01  .34306920E+01
  -.28000000E+01  .34239346E+01
  -.27500000E+01  .34171670E+01
  -.27000000E+01  .34103878E+01
  -.26500000E+01  .34035986E+01
  -.26000000E+01  .33967980E+01
  -.25500000E+01  .33899866E+01
  -.25000000E+01  .33831659E+01
  -.24500000E+01  .33763325E+01
  -.24000000E+01  .33694864E+01
  -.23500000E+01  .33626326E+01
  -.23000000E+01  .33557643E+01
  -.22500000E+01  .33488866E+01
  -.22000000E+01  .33419976E+01
  -.21500000E+01  .33350973E+01
  -.21000000E+01  .33281857E+01
  -.20500000E+01  .33212627E+01
  -.20000000E+01  .33143288E+01
  -.19500000E+01  .33073825E+01
  -.19000000E+01  .33004251E+01
  -.18500000E+01  .32934561E+01
  -.18000000E+01  .32864756E+01
  -.17500000E+01  .32794848E+01
  -.17000000E+01  .32724808E+01
  -.16500000E+01  .32654654E+01
  -.16000000E+01  .32584378E+01
  -.15500000E+01  .32513962E+01
  -.15000000E+01  .32443449E+01
  -.14500000E+01  .32372815E+01
  -.14000000E+01  .32302065E+01
  -.13500000E+01  .32231204E+01
  -.13000000E+01  .32160207E+01
  -.12500000E+01  .32089070E+01
  -.12000000E+01  .32017833E+01
  -.11500000E+01  .31946469E+01
  -.11000000E+01  .31874978E+01
  -.10500000E+01  .31803385E+01
  -.10000000E+01  .31731646E+01
  -.95000000E+00  .31659764E+01
  -.90000000E+00  .31587777E+01
  -.85000000E+00  .31515664E+01
  -.80000000E+00  .31443423E+01
  -.75000000E+00  .31371054E+01
  -.70000000E+00  .31298556E+01
  -.65000000E+00  .31225930E+01
  -.60000000E+00  .31153176E+01
  -.55000000E+00  .31080304E+01
  -.50000000E+00  .31007271E+01
  -.45000000E+00  .30934124E+01
  -.40000000E+00  .30860846E+01
  -.35000000E+00  .30787434E+01
  -.30000000E+00  .30713903E+01
  -.25000000E+00  .30640205E+01
  -.20000000E+00  .30566394E+01
  -.15000000E+00  .30492446E+01
  -.10000000E+00  .30418362E+01
  -.50000000E-01  .30344144E+01
  -.22898350E-14  .30269787E+01
   .50000000E-01  .30195294E+01
   .10000000E+00  .30120662E+01
   .15000000E+00  .30045885E+01
   .20000000E+00  .29970978E+01
   .25000000E+00  .29895927E+01
   .30000000E+00  .29820737E+01
   .35000000E+00  .29745398E+01
   .40000000E+00  .29669924E+01
   .45000000E+00  .29594306E+01
   .50000000E+00  .29518544E+01
   .55000000E+00  .29442638E+01
   .60000000E+00  .29366587E+01
   .65000000E+00  .29290386E+01
   .70000000E+00  .29214045E+01
   .75000000E+00  .29137554E+01
   .80000000E+00  .29060916E+01
   .85000000E+00  .28984127E+01
   .90000000E+00  .28907191E+01
   .95000000E+00  .28830104E+01
   .10000000E+01  .28752867E+01
   .10500000E+01  .28675478E+01
   .11000000E+01  .28597937E+01
   .11500000E+01  .28520242E+01
   .12000000E+01  .28442394E+01
   .12500000E+01  .28364391E+01
   .13000000E+01  .28286232E+01
   .13500000E+01  .28207918E+01
   .14000000E+01  .28129445E+01
   .14500000E+01  .28050816E+01
   .15000000E+01  .27972028E+01
   .15500000E+01  .27893080E+01
   .16000000E+01  .27813972E+01
   .16500000E+01  .27734703E+01
   .17000000E+01  .27655272E+01
   .17500000E+01  .27575678E+01
   .18000000E+01  .27495921E+01
   .18500000E+01  .27415999E+01
   .19000000E+01  .27335911E+01
   .19500000E+01  .27255658E+01
   .20000000E+01  .27175238E+01
