Mg: s2p0                                
  .582622457E-04  .591975761E-04  .601479162E-04  .611135067E-04  .620945921E-04
  .630914211E-04  .641042460E-04  .651333233E-04  .661789138E-04  .672412823E-04
  .683206977E-04  .694174335E-04  .705317673E-04  .716639815E-04  .728143627E-04
  .739832022E-04  .751707960E-04  .763774449E-04  .776034542E-04  .788491346E-04
  .801148013E-04  .814007749E-04  .827073808E-04  .840349500E-04  .853838185E-04
  .867543277E-04  .881468247E-04  .895616619E-04  .909991976E-04  .924597955E-04
  .939438254E-04  .954516629E-04  .969836897E-04  .985402935E-04  .100121868E-03
  .101728814E-03  .103361538E-03  .105020454E-03  .106705980E-03  .108418543E-03
  .110158578E-03  .111926524E-03  .113722828E-03  .115547945E-03  .117402337E-03
  .119286473E-03  .121200829E-03  .123145891E-03  .125122150E-03  .127130105E-03
  .129170266E-03  .131243147E-03  .133349274E-03  .135489179E-03  .137663403E-03
  .139872496E-03  .142117017E-03  .144397534E-03  .146714623E-03  .149068870E-03
  .151460871E-03  .153891230E-03  .156360562E-03  .158869492E-03  .161418653E-03
  .164008690E-03  .166640258E-03  .169314023E-03  .172030659E-03  .174790855E-03
  .177595307E-03  .180444725E-03  .183339828E-03  .186281349E-03  .189270031E-03
  .192306629E-03  .195391910E-03  .198526655E-03  .201711655E-03  .204947715E-03
  .208235653E-03  .211576300E-03  .214970499E-03  .218419109E-03  .221922999E-03
  .225483057E-03  .229100180E-03  .232775282E-03  .236509292E-03  .240303153E-03
  .244157823E-03  .248074275E-03  .252053499E-03  .256096499E-03  .260204296E-03
  .264377928E-03  .268618448E-03  .272926927E-03  .277304452E-03  .281752129E-03
  .286271081E-03  .290862447E-03  .295527388E-03  .300267080E-03  .305082719E-03
  .309975522E-03  .314946722E-03  .319997574E-03  .325129353E-03  .330343354E-03
  .335640891E-03  .341023302E-03  .346491944E-03  .352048196E-03  .357693462E-03
  .363429163E-03  .369256747E-03  .375177684E-03  .381193466E-03  .387305611E-03
  .393515661E-03  .399825180E-03  .406235759E-03  .412749016E-03  .419366591E-03
  .426090153E-03  .432921396E-03  .439862043E-03  .446913843E-03  .454078573E-03
  .461358038E-03  .468754072E-03  .476268540E-03  .483903334E-03  .491660379E-03
  .499541627E-03  .507549065E-03  .515684709E-03  .523950608E-03  .532348844E-03
  .540881533E-03  .549550822E-03  .558358895E-03  .567307968E-03  .576400296E-03
  .585638167E-03  .595023906E-03  .604559877E-03  .614248478E-03  .624092148E-03
  .634093364E-03  .644254643E-03  .654578542E-03  .665067658E-03  .675724629E-03
  .686552136E-03  .697552903E-03  .708729696E-03  .720085326E-03  .731622650E-03
  .743344567E-03  .755254025E-03  .767354018E-03  .779647587E-03  .792137824E-03
  .804827867E-03  .817720905E-03  .830820179E-03  .844128979E-03  .857650651E-03
  .871388590E-03  .885346247E-03  .899527130E-03  .913934799E-03  .928572873E-03
  .943445027E-03  .958554996E-03  .973906574E-03  .989503613E-03  .100535003E-02
  .102144980E-02  .103780697E-02  .105442564E-02  .107130998E-02  .108846422E-02
  .110589268E-02  .112359971E-02  .114158977E-02  .115986736E-02  .117843708E-02
  .119730356E-02  .121647155E-02  .123594585E-02  .125573134E-02  .127583298E-02
  .129625581E-02  .131700495E-02  .133808559E-02  .135950301E-02  .138126258E-02
  .140336975E-02  .142583006E-02  .144864913E-02  .147183268E-02  .149538650E-02
  .151931650E-02  .154362866E-02  .156832906E-02  .159342390E-02  .161891945E-02
  .164482208E-02  .167113827E-02  .169787461E-02  .172503779E-02  .175263458E-02
  .178067191E-02  .180915676E-02  .183809627E-02  .186749767E-02  .189736829E-02
  .192771561E-02  .195854721E-02  .198987078E-02  .202169415E-02  .205402527E-02
  .208687221E-02  .212024317E-02  .215414647E-02  .218859058E-02  .222358410E-02
  .225913576E-02  .229525441E-02  .233194908E-02  .236922892E-02  .240710321E-02
  .244558141E-02  .248467310E-02  .252438802E-02  .256473608E-02  .260572733E-02
  .264737197E-02  .268968039E-02  .273266311E-02  .277633084E-02  .282069446E-02
  .286576499E-02  .291155367E-02  .295807189E-02  .300533121E-02  .305334340E-02
  .310212039E-02  .315167432E-02  .320201751E-02  .325316246E-02  .330512189E-02
  .335790872E-02  .341153605E-02  .346601721E-02  .352136573E-02  .357759535E-02
  .363472004E-02  .369275396E-02  .375171153E-02  .381160737E-02  .387245635E-02
  .393427354E-02  .399707429E-02  .406087417E-02  .412568898E-02  .419153480E-02
  .425842793E-02  .432638496E-02  .439542270E-02  .446555826E-02  .453680901E-02
  .460919257E-02  .468272686E-02  .475743008E-02  .483332070E-02  .491041750E-02
  .498873954E-02  .506830617E-02  .514913707E-02  .523125221E-02  .531467187E-02
  .539941666E-02  .548550750E-02  .557296565E-02  .566181270E-02  .575207056E-02
  .584376150E-02  .593690815E-02  .603153346E-02  .612766076E-02  .622531375E-02
  .632451649E-02  .642529342E-02  .652766935E-02  .663166949E-02  .673731944E-02
  .684464520E-02  .695367317E-02  .706443018E-02  .717694346E-02  .729124066E-02
  .740734988E-02  .752529964E-02  .764511892E-02  .776683714E-02  .789048418E-02
  .801609039E-02  .814368659E-02  .827330407E-02  .840497462E-02  .853873052E-02
  .867460455E-02  .881263000E-02  .895284068E-02  .909527091E-02  .923995557E-02
  .938693006E-02  .953623033E-02  .968789290E-02  .984195485E-02  .999845383E-02
  .101574281E-01  .103189164E-01  .104829583E-01  .106495938E-01  .108188635E-01
  .109908087E-01  .111654714E-01  .113428941E-01  .115231200E-01  .117061932E-01
  .118921581E-01  .120810601E-01  .122729450E-01  .124678597E-01  .126658514E-01
  .128669683E-01  .130712593E-01  .132787741E-01  .134895629E-01  .137036770E-01
  .139211684E-01  .141420897E-01  .143664946E-01  .145944374E-01  .148259734E-01
  .150611586E-01  .153000500E-01  .155427054E-01  .157891834E-01  .160395438E-01
  .162938470E-01  .165521544E-01  .168145284E-01  .170810324E-01  .173517307E-01
  .176266886E-01  .179059723E-01  .181896492E-01  .184777875E-01  .187704568E-01
  .190677274E-01  .193696708E-01  .196763597E-01  .199878678E-01  .203042698E-01
  .206256418E-01  .209520610E-01  .212836056E-01  .216203551E-01  .219623903E-01
  .223097930E-01  .226626466E-01  .230210354E-01  .233850451E-01  .237547629E-01
  .241302770E-01  .245116772E-01  .248990545E-01  .252925014E-01  .256921116E-01
  .260979805E-01  .265102048E-01  .269288825E-01  .273541134E-01  .277859985E-01
  .282246407E-01  .286701440E-01  .291226143E-01  .295821590E-01  .300488870E-01
  .305229091E-01  .310043375E-01  .314932863E-01  .319898711E-01  .324942094E-01
  .330064205E-01  .335266252E-01  .340549466E-01  .345915091E-01  .351364394E-01
  .356898659E-01  .362519188E-01  .368227306E-01  .374024354E-01  .379911695E-01
  .385890713E-01  .391962811E-01  .398129413E-01  .404391966E-01  .410751936E-01
  .417210813E-01  .423770109E-01  .430431356E-01  .437196111E-01  .444065954E-01
  .451042488E-01  .458127340E-01  .465322159E-01  .472628622E-01  .480048429E-01
  .487583304E-01  .495234998E-01  .503005287E-01  .510895973E-01  .518908887E-01
  .527045883E-01  .535308845E-01  .543699684E-01  .552220338E-01  .560872776E-01
  .569658992E-01  .578581013E-01  .587640894E-01  .596840720E-01  .606182606E-01
  .615668698E-01  .625301175E-01  .635082245E-01  .645014151E-01  .655099166E-01
  .665339597E-01  .675737786E-01  .686296107E-01  .697016969E-01  .707902816E-01
  .718956127E-01  .730179417E-01  .741575237E-01  .753146177E-01  .764894861E-01
  .776823952E-01  .788936152E-01  .801234201E-01  .813720880E-01  .826399006E-01
  .839271442E-01  .852341086E-01  .865610882E-01  .879083813E-01  .892762906E-01
  .906651232E-01  .920751903E-01  .935068078E-01  .949602959E-01  .964359795E-01
  .979341878E-01  .994552551E-01  .100999520E+00  .102567326E+00  .104159022E+00
  .105774961E+00  .107415501E+00  .109081005E+00  .110771843E+00  .112488387E+00
  .114231016E+00  .116000115E+00  .117796073E+00  .119619284E+00  .121470150E+00
  .123349076E+00  .125256473E+00  .127192759E+00  .129158357E+00  .131153696E+00
  .133179211E+00  .135235342E+00  .137322537E+00  .139441248E+00  .141591935E+00
  .143775063E+00  .145991104E+00  .148240536E+00  .150523845E+00  .152841522E+00
  .155194064E+00  .157581977E+00  .160005774E+00  .162465971E+00  .164963095E+00
  .167497679E+00  .170070263E+00  .172681394E+00  .175331627E+00  .178021522E+00
  .180751651E+00  .183522590E+00  .186334924E+00  .189189245E+00  .192086154E+00
  .195026259E+00  .198010177E+00  .201038532E+00  .204111956E+00  .207231092E+00
  .210396588E+00  .213609102E+00  .216869302E+00  .220177862E+00  .223535466E+00
  .226942807E+00  .230400588E+00  .233909519E+00  .237470320E+00  .241083721E+00
  .244750461E+00  .248471287E+00  .252246958E+00  .256078241E+00  .259965914E+00
  .263910762E+00  .267913585E+00  .271975187E+00  .276096388E+00  .280278014E+00
  .284520903E+00  .288825904E+00  .293193876E+00  .297625688E+00  .302122221E+00
  .306684365E+00  .311313024E+00  .316009110E+00  .320773549E+00  .325607276E+00
  .330511238E+00  .335486395E+00  .340533715E+00  .345654183E+00  .350848791E+00
  .356118546E+00  .361464465E+00  .366887578E+00  .372388929E+00  .377969570E+00
  .383630570E+00  .389373008E+00  .395197976E+00  .401106579E+00  .407099936E+00
  .413179177E+00  .419345445E+00  .425599899E+00  .431943708E+00  .438378056E+00
  .444904141E+00  .451523172E+00  .458236375E+00  .465044988E+00  .471950262E+00
  .478953464E+00  .486055874E+00  .493258785E+00  .500563506E+00  .507971360E+00
  .515483685E+00  .523101830E+00  .530827164E+00  .538661066E+00  .546604933E+00
  .554660174E+00  .562828215E+00  .571110497E+00  .579508474E+00  .588023618E+00
  .596657415E+00  .605411365E+00  .614286985E+00  .623285806E+00  .632409377E+00
  .641659260E+00  .651037034E+00  .660544292E+00  .670182646E+00  .679953720E+00
  .689859157E+00  .699900613E+00  .710079763E+00  .720398295E+00  .730857914E+00
  .741460343E+00  .752207318E+00  .763100592E+00  .774141936E+00  .785333135E+00
  .796675991E+00  .808172322E+00  .819823961E+00  .831632759E+00  .843600583E+00
  .855729313E+00  .868020850E+00  .880477108E+00  .893100017E+00  .905891525E+00
  .918853593E+00  .931988201E+00  .945297343E+00  .958783029E+00  .972447286E+00
  .986292156E+00  .100031970E+01  .101453198E+01  .102893109E+01  .104351915E+01
  .105829825E+01  .107327055E+01  .108843819E+01  .110380333E+01  .111936815E+01
  .113513486E+01  .115110565E+01  .116728274E+01  .118366839E+01  .120026483E+01
  .121707434E+01  .123409918E+01  .125134167E+01  .126880409E+01  .128648876E+01
  .130439803E+01  .132253423E+01  .134089972E+01  .135949687E+01  .137832805E+01
  .139739566E+01  .141670211E+01  .143624979E+01  .145604115E+01  .147607861E+01
  .149636462E+01  .151690162E+01  .153769209E+01  .155873850E+01  .158004332E+01
  .160160904E+01  .162343816E+01  .164553317E+01  .166789660E+01  .169053094E+01
  .171343874E+01  .173662250E+01  .176008475E+01  .178382805E+01  .180785491E+01
  .183216788E+01  .185676951E+01  .188166234E+01  .190684891E+01  .193233178E+01
  .195811349E+01  .198419657E+01  .201058359E+01  .203727707E+01  .206427956E+01
  .209159360E+01  .211922170E+01  .214716641E+01  .217543023E+01  .220401568E+01
  .223292526E+01  .226216147E+01  .229172679E+01  .232162371E+01  .235185467E+01
  .238242215E+01  .241332856E+01  .244457634E+01  .247616790E+01  .250810563E+01
  .254039190E+01  .257302906E+01  .260601946E+01  .263936541E+01  .267306921E+01
  .270713311E+01  .274155937E+01  .277635021E+01  .281150782E+01  .284703436E+01
  .288293197E+01  .291920276E+01  .295584878E+01  .299287209E+01  .303027468E+01
  .306805852E+01  .310622553E+01  .314477761E+01  .318371660E+01  .322304431E+01
  .326276249E+01  .330287286E+01  .334337708E+01  .338427678E+01  .342557352E+01
  .346726881E+01  .350936411E+01  .355186083E+01  .359476031E+01  .363806384E+01
  .368177263E+01  .372588786E+01  .377041061E+01  .381534191E+01  .386068273E+01
  .390643395E+01  .395259637E+01  .399917075E+01  .404615775E+01  .409355793E+01
  .414137181E+01  .418959981E+01  .423824224E+01  .428729936E+01  .433677131E+01
  .438665816E+01  .443695988E+01  .448767632E+01  .453880726E+01  .459035237E+01
  .464231121E+01  .469468323E+01  .474746779E+01  .480066412E+01  .485427136E+01
  .490828849E+01  .496271442E+01  .501754792E+01  .507278763E+01  .512843207E+01
  .518447963E+01  .524092858E+01  .529777704E+01  .535502301E+01  .541266435E+01
  .547069875E+01  .552912381E+01  .558793693E+01  .564713541E+01  .570671636E+01
  .576667675E+01  .582701341E+01  .588772299E+01  .594880198E+01  .601024673E+01
  .607205340E+01  .613421798E+01  .619673632E+01  .625960405E+01  .632281666E+01
  .638636945E+01  .645025754E+01  .651447586E+01  .657901917E+01  .664388203E+01
  .670905881E+01  .677454369E+01  .684033066E+01  .690641350E+01  .697278580E+01
  .703944096E+01  .710637215E+01  .717357236E+01  .724103435E+01  .730875069E+01
  .737671373E+01  .744491561E+01  .751334825E+01  .758200336E+01  .765087242E+01
  .771994671E+01  .778921727E+01  .785867492E+01  .792831026E+01  .799811368E+01
  .806807532E+01  .813818509E+01  .820843270E+01  .827880760E+01  .834929902E+01
  .841989598E+01  .849058723E+01  .856136132E+01  .863220654E+01  .870311098E+01
  .877406247E+01  .884504862E+01  .891605680E+01  .898707416E+01  .905808760E+01
  .912908380E+01  .920004921E+01  .927097005E+01  .934183230E+01  .941262172E+01
  .948332385E+01  .955392399E+01  .962440723E+01  .969475844E+01  .976496225E+01
  .983500309E+01  .990486517E+01  .997453249E+01  .100439888E+02  .101132178E+02
  .101822027E+02  .102509268E+02  .103193730E+02  .103875242E+02  .104553628E+02
  .105228714E+02  .105900322E+02  .106568271E+02  .107232381E+02  .107892470E+02
  .108548351E+02  .109199841E+02  .109846750E+02  .110488890E+02  .111126071E+02
  .111758100E+02  .112384786E+02  .113005934E+02  .113621348E+02  .114230833E+02
  .114834192E+02  .115431225E+02  .116021735E+02  .116605522E+02  .117182385E+02
  .117752125E+02  .118314540E+02  .118869427E+02  .119416587E+02  .119955817E+02
  .120486914E+02  .121009678E+02  .121523906E+02  .122029397E+02  .122525950E+02
  .123013365E+02  .123491442E+02  .123959982E+02  .124418786E+02  .124867658E+02
  .125306401E+02  .125734821E+02  .126152724E+02  .126559919E+02  .126956215E+02
  .127341423E+02  .127715358E+02  .128077835E+02  .128428672E+02  .128767689E+02
  .129094709E+02  .129409558E+02  .129712063E+02  .130002057E+02  .130279373E+02
  .130543850E+02  .130795328E+02  .131033652E+02  .131258671E+02  .131470238E+02
  .131668210E+02  .131852446E+02  .132022813E+02  .132179180E+02  .132321423E+02
  .132449421E+02  .132563058E+02  .132662224E+02  .132746816E+02  .132816733E+02
  .132871884E+02  .132912179E+02  .132937539E+02  .132947887E+02  .132943156E+02
  .132923283E+02  .132888212E+02  .132837896E+02  .132772292E+02  .132691367E+02
  .132595093E+02  .132483451E+02  .132356428E+02  .132214021E+02  .132056232E+02
  .131883075E+02  .131694568E+02  .131490740E+02  .131271626E+02  .131037273E+02
  .130787734E+02  .130523070E+02  .130243354E+02  .129948666E+02  .129639094E+02
  .129314737E+02  .128975703E+02  .128622108E+02  .128254079E+02  .127871751E+02
  .127475269E+02  .127064788E+02  .126640473E+02  .126202496E+02  .125751042E+02
  .125286304E+02  .124808484E+02  .124317795E+02  .123814460E+02  .123298709E+02
  .122770785E+02  .122230939E+02  .121679432E+02  .121116533E+02  .120542523E+02
  .119957691E+02  .119362335E+02  .118756764E+02  .118141294E+02  .117516251E+02
  .116881970E+02  .116238796E+02  .115587080E+02  .114927184E+02  .114259478E+02
  .113584338E+02  .112902151E+02  .112213311E+02  .111518218E+02  .110817282E+02
  .110110918E+02  .109399549E+02  .108683606E+02  .107963525E+02  .107239747E+02
  .106512722E+02  .105782904E+02  .105050753E+02  .104316733E+02  .103581314E+02
  .102844971E+02  .102108180E+02  .101371425E+02  .100635191E+02  .998999668E+01
  .991662432E+01  .984345143E+01  .977052757E+01  .969790248E+01  .962562600E+01
  .955374807E+01  .948231863E+01  .941138766E+01  .934100506E+01  .927122064E+01
  .920208410E+01  .913364494E+01  .906595243E+01  .899905559E+01  .893300311E+01
  .886784332E+01  .880362416E+01  .874039308E+01  .867819707E+01  .861708254E+01
  .855709533E+01  .849828061E+01  .844068289E+01  .838434593E+01  .832931271E+01
  .827562537E+01  .822332519E+01  .817245253E+01  .812304676E+01  .807514626E+01
  .802878835E+01  .798400923E+01  .794084397E+01  .789932644E+01  .785948930E+01
  .782136391E+01  .778498033E+01  .775036727E+01  .771755203E+01  .768656050E+01
  .765741708E+01  .763014469E+01  .760476470E+01  .758129690E+01  .755975948E+01
  .754016901E+01  .752254038E+01  .750688679E+01  .749321972E+01  .748154892E+01
  .747188235E+01  .746422620E+01  .745858484E+01  .745496082E+01  .745335484E+01
  .745376574E+01  .745619049E+01  .746062419E+01  .746706002E+01  .747548927E+01
  .748590135E+01  .749828373E+01  .751262199E+01  .752889977E+01  .754709885E+01
  .756719907E+01  .758917839E+01  .761301288E+01  .763867674E+01  .766614231E+01
  .769538006E+01  .772635867E+01  .775904496E+01  .779340401E+01  .782939911E+01
  .786699180E+01  .790614194E+01  .794680767E+01  .798894551E+01  .803251035E+01
  .807745549E+01  .812373272E+01  .817129228E+01  .822008298E+01  .827005221E+01
  .832114597E+01  .837330894E+01  .842648453E+01  .848061491E+01  .853564108E+01
  .859150292E+01  .864813923E+01  .870548781E+01  .876348551E+01  .882206827E+01
  .888117121E+01  .894072868E+01  .900067429E+01  .906094105E+01  .912146136E+01
  .918216710E+01  .924298972E+01  .930386027E+01  .936470950E+01  .942546791E+01
  .948606583E+01  .954643346E+01  .960650099E+01  .966619863E+01  .972545668E+01
  .978420566E+01  .984237627E+01  .989989956E+01  .995670698E+01  .100127304E+02
  .100679022E+02  .101221554E+02  .101754237E+02  .102276414E+02  .102787438E+02
  .103286669E+02  .103773475E+02  .104247239E+02  .104707348E+02  .105153206E+02
  .105584224E+02  .105999829E+02  .106399459E+02  .106782567E+02  .107148618E+02
  .107497094E+02  .107827490E+02  .108139319E+02  .108432109E+02  .108705404E+02
  .108958766E+02  .109191774E+02  .109404027E+02  .109595138E+02  .109764744E+02
  .109912497E+02  .110038071E+02  .110141159E+02  .110221472E+02  .110278745E+02
  .110312731E+02  .110323205E+02  .110309961E+02  .110272817E+02  .110211610E+02
  .110126200E+02  .110016467E+02  .109882314E+02  .109723665E+02  .109540465E+02
  .109332682E+02  .109100305E+02  .108843344E+02  .108561832E+02  .108255823E+02
  .107925391E+02  .107570632E+02  .107191664E+02  .106788626E+02  .106361675E+02
  .105910990E+02  .105436772E+02  .104939239E+02  .104418630E+02  .103875204E+02
  .103309236E+02  .102721023E+02  .102110879E+02  .101479136E+02  .100826141E+02
  .100152262E+02  .994578815E+01  .987433973E+01  .980092239E+01  .972557909E+01
  .964835420E+01  .956929354E+01  .948844426E+01  .940585483E+01  .932157493E+01
  .923565547E+01  .914814844E+01  .905910696E+01  .896858510E+01  .887663793E+01
  .878332138E+01  .868869222E+01  .859280796E+01  .849572687E+01  .839750779E+01
  .829821020E+01  .819789403E+01  .809661973E+01  .799444805E+01  .789144016E+01
  .778765739E+01  .768316134E+01  .757801369E+01  .747227623E+01  .736601070E+01
  .725927886E+01  .715214225E+01  .704466235E+01  .693690029E+01  .682891698E+01
  .672077291E+01  .661252822E+01  .650424249E+01  .639597489E+01  .628778387E+01
  .617972736E+01  .607186252E+01  .596424583E+01  .585693291E+01  .574997862E+01
  .564343685E+01  .553736064E+01  .543180197E+01  .532681189E+01  .522244028E+01
  .511873604E+01  .501574682E+01  .491351919E+01  .481209843E+01  .471152864E+01
  .461185260E+01  .451311184E+01  .441534649E+01  .431859540E+01  .422289598E+01
  .412828428E+01  .403479490E+01  .394246104E+01  .385131438E+01  .376138523E+01
  .367270229E+01  .358529291E+01  .349918281E+01  .341439631E+01  .333095610E+01
  .324888341E+01  .316819803E+01  .308891796E+01  .301106014E+01  .293463948E+01
  .285966992E+01  .278616339E+01  .271413081E+01  .264358134E+01  .257452278E+01
  .250696147E+01  .244090233E+01  .237634887E+01  .231330323E+01  .225176617E+01
  .219173711E+01  .213321413E+01  .207619406E+01  .202067243E+01  .196664352E+01
  .191410043E+01  .186303505E+01  .181343811E+01  .176529926E+01  .171860703E+01
  .167334893E+01  .162951139E+01  .158707992E+01  .154603904E+01  .150637238E+01
  .146806266E+01  .143109181E+01  .139544092E+01  .136109034E+01  .132801966E+01
  .129620785E+01  .126563314E+01  .123627325E+01  .120810523E+01  .118110569E+01
  .115525065E+01  .113051577E+01  .110687622E+01  .108430682E+01  .106278202E+01
  .104227601E+01  .102276264E+01  .100421561E+01  .986608323E+00  .969914102E+00
  .954106070E+00  .939157307E+00  .925040769E+00  .911729438E+00  .899196228E+00
  .887414143E+00  .876356177E+00  .865995473E+00  .856305217E+00  .847258804E+00
  .838829719E+00  .830991708E+00  .823718659E+00  .816984765E+00  .810764405E+00
  .805032313E+00  .799763442E+00  .794933148E+00  .790517039E+00  .786491163E+00
  .782831855E+00  .779515927E+00  .776520504E+00  .773823217E+00  .771402040E+00
  .769235482E+00  .767302414E+00  .765582268E+00  .764054858E+00  .762700581E+00
  .761500230E+00  .760435204E+00  .759487307E+00  .758638967E+00  .757873027E+00
  .757172968E+00  .756522692E+00  .755906750E+00  .755310121E+00  .754718437E+00
  .754117763E+00  .753494825E+00  .752836775E+00  .752131435E+00  .751367049E+00
  .750532531E+00  .749617214E+00  .748611097E+00  .747504594E+00  .746288782E+00
  .744955141E+00  .743495810E+00  .741903320E+00  .740170857E+00  .738291984E+00
  .736260906E+00  .734072197E+00  .731721060E+00  .729203050E+00  .726514340E+00
  .723651436E+00  .720611450E+00  .717391806E+00  .713990519E+00  .710405900E+00
  .706636830E+00  .702682464E+00  .698542511E+00  .694216932E+00  .689706223E+00
  .685011107E+00  .680132821E+00  .675072810E+00  .669833009E+00  .664415533E+00
  .658822968E+00  .653058056E+00  .647123986E+00  .641024076E+00  .634762069E+00
  .628341812E+00  .621767549E+00  .615043607E+00  .608174682E+00  .601165528E+00
  .594021245E+00  .586746961E+00  .579348127E+00  .571830198E+00  .564198927E+00
  .556460041E+00  .548619543E+00  .540683387E+00  .532657774E+00  .524548834E+00
  .516362920E+00  .508106289E+00  .499785397E+00  .491406579E+00  .482976350E+00
  .474501078E+00  .465987290E+00  .457441344E+00  .448869732E+00  .440278763E+00
  .431674855E+00  .423064221E+00  .414453168E+00  .405847780E+00  .397254211E+00
  .388678376E+00  .380126248E+00  .371603559E+00  .363116007E+00  .354669151E+00
  .346268423E+00  .337919122E+00  .329626409E+00  .321395296E+00  .313230648E+00
  .305137171E+00  .297119412E+00  .289181751E+00  .281328399E+00  .273563396E+00
  .265890603E+00  .258313704E+00  .250836199E+00  .243461405E+00  .236192457E+00
  .229032297E+00  .221983685E+00  .215049190E+00  .208231192E+00  .201531883E+00
  .194953268E+00  .188497164E+00  .182165202E+00  .175958831E+00  .169879313E+00
  .163927733E+00  .158104997E+00  .152411837E+00  .146848810E+00  .141416307E+00
  .136114546E+00  .130943596E+00  .125903364E+00  .120993602E+00  .116213913E+00
  .111563756E+00  .107042452E+00  .102649186E+00  .983830151E-01  .942428707E-01
  .902275671E-01  .863358049E-01  .825661771E-01  .789171747E-01  .753871923E-01
  .719745339E-01  .686774185E-01  .654939862E-01  .624223032E-01  .594603684E-01
  .566061184E-01  .538574334E-01  .512121429E-01  .486680308E-01  .462228413E-01
  .438742840E-01  .416200389E-01  .394577620E-01  .373850899E-01  .353996447E-01
  .334990388E-01  .316808793E-01  .299427668E-01  .282823173E-01  .266971480E-01
  .251848873E-01  .237431789E-01  .223696849E-01  .210620893E-01  .198181016E-01
  .186354589E-01  .175119294E-01  .164453145E-01  .154334516E-01  .144742161E-01
  .135655233E-01  .127053303E-01  .118916381E-01  .111224923E-01  .103959848E-01
  .971025524E-02  .906349133E-02  .845393007E-02  .787985826E-02  .733961304E-02
  .683158219E-02  .635420434E-02  .590596909E-02  .548541692E-02  .509113904E-02
  .472177709E-02  .437602275E-02  .405261728E-02  .375035089E-02  .346806209E-02
  .320463696E-02  .295900832E-02  .273015481E-02  .251709998E-02  .231891128E-02
  .213469901E-02  .196361523E-02  .180485261E-02  .165764333E-02  .152125787E-02
  .139500378E-02  .127822454E-02  .117029826E-02  .107063652E-02  .978683097E-03
  .893912749E-03  .815830004E-03  .743967944E-03  .677887010E-03  .617173822E-03
  .561440014E-03  .510321095E-03  .463475332E-03  .420582653E-03  .381343583E-03
  .345478206E-03  .312725153E-03  .282840628E-03  .255597454E-03  .230784162E-03
  .208204109E-03  .187674620E-03  .169026181E-03  .152101645E-03  .136755485E-03
  .122853076E-03  .110270002E-03  .988914093E-04  .886113764E-04  .793323245E-04
  .709644539E-04  .634252109E-04  .566387831E-04  .505356223E-04  .450519946E-04
  .401295564E-04  .357149549E-04  .317594538E-04  .282185810E-04  .250517991E-04
  .222221969E-04  .196962013E-04  .174433083E-04  .154358324E-04  .136486733E-04
  .120590994E-04  .106465464E-04  .939243114E-05  .827997901E-05  .729406441E-05
  .642106364E-05  .564871918E-05  .496601480E-05  .436306070E-05  .383098808E-05
  .336185247E-05  .294854517E-05  .258471234E-05  .226468104E-05  .198339177E-05
  .173633710E-05  .151950579E-05  .132933199E-05  .116264926E-05  .101664884E-05
  .888841881E-06  .777025361E-06  .679251314E-06  .593799092E-06  .519150409E-06
  .453966906E-06  .397070022E-06  .347422946E-06  .304114460E-06  .266344506E-06
  .233411290E-06  .204699792E-06  .179671537E-06  .157855503E-06  .138840049E-06
  .122265761E-06  .107819129E-06  .952269499E-07  .842514070E-07  .746857344E-07
  .663504170E-07  .590898669E-07  .527695302E-07  .472733811E-07  .425017678E-07
  .383695803E-07  .348047152E-07  .317468209E-07  .291463090E-07  .269636292E-07
  .251688054E-07  .237412591E-07  .226699334E-07  .193940667E-07  .166046999E-07
  .142284071E-07  .122028408E-07  .104750897E-07  .900027194E-08  .774033179E-08
  .666301098E-08  .574097117E-08  .495104587E-08  .427360371E-08  .369200695E-08
  .319215165E-08  .276207752E-08  .239163718E-08  .207221622E-08  .179649629E-08
  .155825483E-08  .135219591E-08  .117380743E-08  .101924057E-08  .885208162E-09
  .768898936E-09  .667905247E-09  .580162104E-09  .503895755E-09  .437580305E-09
  .379901095E-09  .329723762E-09  .286068076E-09  .248085807E-09  .215041949E-09
  .186298805E-09  .161302446E-09  .139571189E-09  .120685766E-09  .104280925E-09
  .900382323E-10  .776799047E-10  .669634966E-10  .576773274E-10  .496365303E-10
  .426796344E-10  .366656008E-10  .314712477E-10  .269890110E-10  .231249910E-10
  .197972487E-10  .169343160E-10  .144738928E-10  .123617053E-10  .105505058E-10
  .899919535E-11  .767205351E-11  .653806315E-11  .557031721E-11  .474549821E-11
  .404342156E-11  .344663496E-11  .294006717E-11  .251072044E-11  .214740123E-11
  .184048490E-11  .158171022E-11  .136400046E-11  .118130773E-11  .102847817E-11
  .901135511E-12  .795581137E-12  .708708894E-12  .637933264E-12  .581129780E-12
  .536586811E-12  .502968135E-12  .479286045E-12  .464884604E-12  .459434982E-12
  .462940975E-12  .379682142E-12  .310901824E-12  .254172957E-12  .207459233E-12
  .169054949E-12  .137533661E-12  .111704420E-12  .905745463E-13  .733179969E-13
  .592485529E-13  .477971177E-13  .384925337E-13  .309453997E-13  .248344434E-13
  .198950661E-13  .159097294E-13  .126999040E-13  .101193369E-13  .804843290E-14
  .638957382E-14  .506322621E-14  .400471096E-14  .316152710E-14  .249113897E-14
  .195915002E-14  .153779854E-14  .120472099E-14  .941937323E-15  .735020059E-15
  .572415175E-15  .444888213E-15  .345073387E-15  .267107313E-15  .206332061E-15
  .159054919E-15  .122354433E-15  .939241431E-16  .719469435E-16  .549942929E-16
  .419455211E-16  .319233703E-16  .242426146E-16  .183691944E-16  .138877850E-16
  .104761161E-16  .788468286E-17  .592075199E-17  .443578266E-17  .331555603E-17
  .247244772E-17  .183939220E-17  .136517969E-17  .101080008E-17  .746607474E-18
  .550126534E-18  .404359414E-18  .296482234E-18  .216843952E-18  .158199383E-18
  .115123059E-18  .835624357E-19  .604981625E-19  .436864370E-19  .314641038E-19
  .226016051E-19  .161923239E-19  .115695320E-19  .824422377E-20  .585870594E-20
  .415204532E-20  .293441379E-20  .206809204E-20  .145344259E-20  .101858110E-20
  .711792111E-21  .495975923E-21  .344594105E-21  .238717796E-21  .164885039E-21
  .113549943E-21  .779635194E-22  .533684204E-22  .364212732E-22  .247795344E-22
  .168069031E-22  .113639155E-22  .765954845E-23  .514638465E-23  .344678480E-23
  .230105927E-23  .153120000E-23  .101558246E-23  .671376611E-24  .442357571E-24
  .290486107E-24  .190112303E-24  .123998448E-24  .805993561E-25  .522088604E-25
  .337009470E-25  .216776939E-25  .138945624E-25  .887411648E-26  .564730664E-26
  .358080810E-26  .226220258E-26  .142390149E-26  .892922014E-27  .557852371E-27
  .347203526E-27  .215275637E-27  .132965283E-27  .818089610E-28  .501382560E-28
  .306076294E-28  .186109513E-28  .112712486E-28  .679870386E-29  .408429223E-29
  .244359888E-29  .145596580E-29  .863905391E-30  .510458502E-30  .300344249E-30
  .175965724E-30  .102653051E-30  .596260009E-31  .344829525E-31  .198546815E-31
  .113814024E-31  .649512546E-32  .368996823E-32  .208682154E-32  .117478868E-32
  .658309295E-33  .367180755E-33  .203841825E-33  .112629925E-33  .619362499E-34
  .338961220E-34  .184608785E-34  .100054140E-34  .539611369E-35  .289583146E-35
  .154630207E-35  .821536417E-36  .434263320E-36  .228378704E-36  .119485808E-36
  .621895342E-37  .321988523E-37  .165831600E-37  .849531644E-38  .432871115E-38
  .219374271E-38  .110571174E-38  .554253255E-39  .276290207E-39  .136960171E-39
  .675110927E-40  .330893606E-40  .161255369E-40  .781326546E-41  .376377305E-41
  .180246328E-41  .858106332E-42  .406094253E-42  .191030557E-42  .893198815E-43
  .415089363E-43  .191717581E-43  .880010135E-44  .401418297E-44  .181956926E-44
  .819558512E-45  .366782931E-45  .163092390E-45  .720495348E-46  .316212374E-46
  .137864943E-46  .597080743E-47  .256858094E-47  .109751629E-47  .465760427E-48
  .196301793E-48  .821621891E-49  .341492824E-49  .140938162E-49  .577548515E-50
  .234982969E-50  .949177321E-51  .380624006E-51  .151515637E-51  .598694945E-52
  .234809018E-52  .914026917E-53  .353111616E-53  .135377782E-53  .515037094E-54
  .194427855E-54  .728249588E-55  .270630350E-55  .997745385E-56  .364907002E-56
  .132384138E-56  .476379216E-57  .170021699E-57  .601813541E-58  .211250014E-58
  .735325504E-59  .253793952E-59  .868504551E-60  .294660765E-60  .991064375E-61
  .330430761E-61  .000000000E+00  .000000000E+00  .000000000E+00  .000000000E+00
  .000000000E+00  .000000000E+00  .000000000E+00  .000000000E+00  .000000000E+00
  .000000000E+00  .000000000E+00  .000000000E+00  .000000000E+00  .000000000E+00
  .000000000E+00  .000000000E+00  .000000000E+00  .000000000E+00  .000000000E+00
  .000000000E+00  .000000000E+00  .000000000E+00  .000000000E+00  .000000000E+00
  .000000000E+00  .000000000E+00  .000000000E+00  .000000000E+00  .000000000E+00
  .000000000E+00  .000000000E+00  .000000000E+00  .000000000E+00  .000000000E+00
  .000000000E+00  .000000000E+00  .000000000E+00  .000000000E+00  .000000000E+00
  .000000000E+00  .000000000E+00  .000000000E+00  .000000000E+00  .000000000E+00
  .000000000E+00  .000000000E+00  .000000000E+00  .000000000E+00  .000000000E+00
  .000000000E+00  .000000000E+00  .000000000E+00  .000000000E+00  .000000000E+00
  .000000000E+00  .000000000E+00  .000000000E+00  .000000000E+00  .000000000E+00
  .000000000E+00  .000000000E+00  .000000000E+00  .000000000E+00  .000000000E+00
  .000000000E+00  .000000000E+00  .000000000E+00  .000000000E+00  .000000000E+00
  .000000000E+00  .000000000E+00  .000000000E+00  .000000000E+00  .000000000E+00
  .000000000E+00  .000000000E+00  .000000000E+00  .000000000E+00  .000000000E+00
  .000000000E+00  .000000000E+00  .000000000E+00  .000000000E+00  .000000000E+00
  .000000000E+00  .000000000E+00  .000000000E+00  .000000000E+00  .000000000E+00
  .000000000E+00  .000000000E+00  .000000000E+00  .000000000E+00  .000000000E+00
  .000000000E+00  .000000000E+00  .000000000E+00  .000000000E+00  .000000000E+00
  .000000000E+00  .000000000E+00  .000000000E+00  .000000000E+00  .000000000E+00
  .000000000E+00  .000000000E+00  .000000000E+00  .000000000E+00  .000000000E+00
  .000000000E+00  .000000000E+00  .000000000E+00  .000000000E+00  .000000000E+00
  .000000000E+00  .000000000E+00  .000000000E+00  .000000000E+00  .000000000E+00
