Ni:                                     
  .176281663E-02  .179057578E-02  .181877150E-02  .184741063E-02  .187650012E-02
  .190604706E-02  .193605861E-02  .196654206E-02  .199750484E-02  .202895444E-02
  .206089852E-02  .209334484E-02  .212630126E-02  .215977580E-02  .219377658E-02
  .222831185E-02  .226339001E-02  .229901957E-02  .233520917E-02  .237196759E-02
  .240930377E-02  .244722676E-02  .248574576E-02  .252487011E-02  .256460932E-02
  .260497301E-02  .264597098E-02  .268761318E-02  .272990970E-02  .277287079E-02
  .281650688E-02  .286082855E-02  .290584653E-02  .295157175E-02  .299801528E-02
  .304518838E-02  .309310248E-02  .314176919E-02  .319120031E-02  .324140780E-02
  .329240383E-02  .334420075E-02  .339681111E-02  .345024764E-02  .350452329E-02
  .355965119E-02  .361564469E-02  .367251734E-02  .373028291E-02  .378895538E-02
  .384854894E-02  .390907802E-02  .397055725E-02  .403300151E-02  .409642590E-02
  .416084576E-02  .422627667E-02  .429273445E-02  .436023516E-02  .442879512E-02
  .449843090E-02  .456915933E-02  .464099750E-02  .471396277E-02  .478807276E-02
  .486334539E-02  .493979881E-02  .501745151E-02  .509632222E-02  .517642999E-02
  .525779416E-02  .534043436E-02  .542437055E-02  .550962297E-02  .559621219E-02
  .568415910E-02  .577348492E-02  .586421118E-02  .595635977E-02  .604995290E-02
  .614501313E-02  .624156338E-02  .633962691E-02  .643922736E-02  .654038873E-02
  .664313537E-02  .674749205E-02  .685348389E-02  .696113641E-02  .707047553E-02
  .718152757E-02  .729431926E-02  .740887775E-02  .752523058E-02  .764340577E-02
  .776343172E-02  .788533730E-02  .800915184E-02  .813490509E-02  .826262728E-02
  .839234910E-02  .852410174E-02  .865791684E-02  .879382654E-02  .893186350E-02
  .907206085E-02  .921445225E-02  .935907189E-02  .950595448E-02  .965513526E-02
  .980665002E-02  .996053511E-02  .101168274E-01  .102755645E-01  .104367843E-01
  .106005255E-01  .107668273E-01  .109357297E-01  .111072730E-01  .112814984E-01
  .114584476E-01  .116381629E-01  .118206873E-01  .120060646E-01  .121943391E-01
  .123855558E-01  .125797605E-01  .127769996E-01  .129773203E-01  .131807704E-01
  .133873986E-01  .135972543E-01  .138103875E-01  .140268492E-01  .142466911E-01
  .144699657E-01  .146967261E-01  .149270266E-01  .151609221E-01  .153984684E-01
  .156397221E-01  .158847407E-01  .161335827E-01  .163863073E-01  .166429747E-01
  .169036461E-01  .171683836E-01  .174372501E-01  .177103096E-01  .179876272E-01
  .182692688E-01  .185553014E-01  .188457929E-01  .191408125E-01  .194404303E-01
  .197447174E-01  .200537461E-01  .203675897E-01  .206863229E-01  .210100212E-01
  .213387615E-01  .216726217E-01  .220116809E-01  .223560197E-01  .227057195E-01
  .230608633E-01  .234215351E-01  .237878204E-01  .241598059E-01  .245375797E-01
  .249212310E-01  .253108507E-01  .257065308E-01  .261083650E-01  .265164481E-01
  .269308766E-01  .273517484E-01  .277791628E-01  .282132207E-01  .286540245E-01
  .291016782E-01  .295562873E-01  .300179590E-01  .304868021E-01  .309629271E-01
  .314464460E-01  .319374727E-01  .324361227E-01  .329425134E-01  .334567638E-01
  .339789948E-01  .345093292E-01  .350478915E-01  .355948082E-01  .361502078E-01
  .367142205E-01  .372869786E-01  .378686165E-01  .384592705E-01  .390590790E-01
  .396681825E-01  .402867237E-01  .409148472E-01  .415527002E-01  .422004316E-01
  .428581931E-01  .435261382E-01  .442044230E-01  .448932060E-01  .455926478E-01
  .463029117E-01  .470241633E-01  .477565707E-01  .485003047E-01  .492555385E-01
  .500224478E-01  .508012112E-01  .515920098E-01  .523950276E-01  .532104511E-01
  .540384698E-01  .548792760E-01  .557330648E-01  .566000344E-01  .574803856E-01
  .583743227E-01  .592820528E-01  .602037859E-01  .611397356E-01  .620901182E-01
  .630551536E-01  .640350649E-01  .650300783E-01  .660404237E-01  .670663341E-01
  .681080463E-01  .691658004E-01  .702398402E-01  .713304130E-01  .724377698E-01
  .735621655E-01  .747038585E-01  .758631113E-01  .770401901E-01  .782353652E-01
  .794489107E-01  .806811051E-01  .819322307E-01  .832025740E-01  .844924260E-01
  .858020817E-01  .871318406E-01  .884820067E-01  .898528882E-01  .912447982E-01
  .926580541E-01  .940929782E-01  .955498974E-01  .970291435E-01  .985310532E-01
  .100055968E+00  .101604234E+00  .103176204E+00  .104772234E+00  .106392687E+00
  .108037929E+00  .109708333E+00  .111404278E+00  .113126147E+00  .114874330E+00
  .116649222E+00  .118451223E+00  .120280739E+00  .122138185E+00  .124023977E+00
  .125938541E+00  .127882307E+00  .129855713E+00  .131859201E+00  .133893222E+00
  .135958232E+00  .138054694E+00  .140183077E+00  .142343858E+00  .144537521E+00
  .146764554E+00  .149025456E+00  .151320732E+00  .153650892E+00  .156016457E+00
  .158417952E+00  .160855912E+00  .163330878E+00  .165843401E+00  .168394037E+00
  .170983352E+00  .173611920E+00  .176280322E+00  .178989149E+00  .181738998E+00
  .184530476E+00  .187364200E+00  .190240794E+00  .193160890E+00  .196125131E+00
  .199134168E+00  .202188662E+00  .205289283E+00  .208436709E+00  .211631631E+00
  .214874746E+00  .218166764E+00  .221508402E+00  .224900389E+00  .228343465E+00
  .231838378E+00  .235385887E+00  .238986765E+00  .242641790E+00  .246351757E+00
  .250117467E+00  .253939735E+00  .257819386E+00  .261757259E+00  .265754201E+00
  .269811074E+00  .273928749E+00  .278108111E+00  .282350058E+00  .286655498E+00
  .291025353E+00  .295460557E+00  .299962059E+00  .304530817E+00  .309167807E+00
  .313874013E+00  .318650438E+00  .323498095E+00  .328418011E+00  .333411230E+00
  .338478806E+00  .343621810E+00  .348841328E+00  .354138460E+00  .359514318E+00
  .364970034E+00  .370506753E+00  .376125634E+00  .381827854E+00  .387614604E+00
  .393487092E+00  .399446543E+00  .405494196E+00  .411631308E+00  .417859154E+00
  .424179023E+00  .430592223E+00  .437100081E+00  .443703937E+00  .450405153E+00
  .457205107E+00  .464105195E+00  .471106833E+00  .478211454E+00  .485420511E+00
  .492735474E+00  .500157834E+00  .507689101E+00  .515330805E+00  .523084494E+00
  .530951740E+00  .538934130E+00  .547033277E+00  .555250810E+00  .563588382E+00
  .572047667E+00  .580630358E+00  .589338173E+00  .598172848E+00  .607136146E+00
  .616229848E+00  .625455760E+00  .634815710E+00  .644311548E+00  .653945150E+00
  .663718413E+00  .673633260E+00  .683691635E+00  .693895508E+00  .704246875E+00
  .714747754E+00  .725400189E+00  .736206250E+00  .747168032E+00  .758287655E+00
  .769567265E+00  .781009036E+00  .792615166E+00  .804387882E+00  .816329436E+00
  .828442108E+00  .840728205E+00  .853190063E+00  .865830045E+00  .878650542E+00
  .891653974E+00  .904842789E+00  .918219465E+00  .931786507E+00  .945546453E+00
  .959501867E+00  .973655346E+00  .988009515E+00  .100256703E+01  .101733058E+01
  .103230288E+01  .104748668E+01  .106288476E+01  .107849993E+01  .109433504E+01
  .111039296E+01  .112667661E+01  .114318891E+01  .115993285E+01  .117691144E+01
  .119412771E+01  .121158473E+01  .122928563E+01  .124723352E+01  .126543161E+01
  .128388308E+01  .130259119E+01  .132155922E+01  .134079048E+01  .136028833E+01
  .138005614E+01  .140009734E+01  .142041539E+01  .144101378E+01  .146189604E+01
  .148306574E+01  .150452647E+01  .152628188E+01  .154833565E+01  .157069148E+01
  .159335314E+01  .161632439E+01  .163960909E+01  .166321107E+01  .168713426E+01
  .171138258E+01  .173596002E+01  .176087059E+01  .178611835E+01  .181170738E+01
  .183764182E+01  .186392584E+01  .189056365E+01  .191755950E+01  .194491766E+01
  .197264247E+01  .200073830E+01  .202920953E+01  .205806062E+01  .208729605E+01
  .211692034E+01  .214693804E+01  .217735375E+01  .220817211E+01  .223939780E+01
  .227103554E+01  .230309006E+01  .233556618E+01  .236846871E+01  .240180253E+01
  .243557254E+01  .246978369E+01  .250444097E+01  .253954939E+01  .257511402E+01
  .261113995E+01  .264763231E+01  .268459629E+01  .272203708E+01  .275995993E+01
  .279837013E+01  .283727298E+01  .287667385E+01  .291657812E+01  .295699121E+01
  .299791858E+01  .303936572E+01  .308133816E+01  .312384146E+01  .316688120E+01
  .321046301E+01  .325459256E+01  .329927551E+01  .334451760E+01  .339032456E+01
  .343670218E+01  .348365626E+01  .353119263E+01  .357931716E+01  .362803574E+01
  .367735427E+01  .372727870E+01  .377781499E+01  .382896913E+01  .388074713E+01
  .393315502E+01  .398619885E+01  .403988469E+01  .409421864E+01  .414920680E+01
  .420485531E+01  .426117029E+01  .431815791E+01  .437582433E+01  .443417574E+01
  .449321833E+01  .455295830E+01  .461340185E+01  .467455521E+01  .473642460E+01
  .479901624E+01  .486233636E+01  .492639118E+01  .499118695E+01  .505672988E+01
  .512302619E+01  .519008211E+01  .525790384E+01  .532649758E+01  .539586951E+01
  .546602583E+01  .553697267E+01  .560871620E+01  .568126253E+01  .575461778E+01
  .582878800E+01  .590377928E+01  .597959762E+01  .605624903E+01  .613373947E+01
  .621207488E+01  .629126114E+01  .637130412E+01  .645220961E+01  .653398339E+01
  .661663118E+01  .670015863E+01  .678457138E+01  .686987497E+01  .695607491E+01
  .704317664E+01  .713118552E+01  .722010686E+01  .730994589E+01  .740070778E+01
  .749239761E+01  .758502037E+01  .767858099E+01  .777308428E+01  .786853499E+01
  .796493775E+01  .806229711E+01  .816061752E+01  .825990329E+01  .836015866E+01
  .846138773E+01  .856359451E+01  .866678285E+01  .877095649E+01  .887611907E+01
  .898227404E+01  .908942476E+01  .919757441E+01  .930672605E+01  .941688258E+01
  .952804673E+01  .964022109E+01  .975340807E+01  .986760991E+01  .998282867E+01
  .100990663E+02  .102163244E+02  .103346045E+02  .104539080E+02  .105742359E+02
  .106955893E+02  .108179687E+02  .109413746E+02  .110658074E+02  .111912671E+02
  .113177535E+02  .114452660E+02  .115738042E+02  .117033670E+02  .118339533E+02
  .119655616E+02  .120981903E+02  .122318373E+02  .123665004E+02  .125021772E+02
  .126388647E+02  .127765599E+02  .129152593E+02  .130549593E+02  .131956557E+02
  .133373444E+02  .134800205E+02  .136236791E+02  .137683148E+02  .139139221E+02
  .140604948E+02  .142080266E+02  .143565107E+02  .145059400E+02  .146563071E+02
  .148076042E+02  .149598229E+02  .151129546E+02  .152669904E+02  .154219208E+02
  .155777360E+02  .157344258E+02  .158919794E+02  .160503859E+02  .162096336E+02
  .163697107E+02  .165306047E+02  .166923029E+02  .168547918E+02  .170180579E+02
  .171820868E+02  .173468639E+02  .175123741E+02  .176786017E+02  .178455306E+02
  .180131442E+02  .181814254E+02  .183503567E+02  .185199199E+02  .186900965E+02
  .188608674E+02  .190322128E+02  .192041129E+02  .193765467E+02  .195494933E+02
  .197229308E+02  .198968372E+02  .200711895E+02  .202459645E+02  .204211384E+02
  .205966867E+02  .207725847E+02  .209488068E+02  .211253270E+02  .213021187E+02
  .214791550E+02  .216564081E+02  .218338498E+02  .220114515E+02  .221891838E+02
  .223670169E+02  .225449205E+02  .227228636E+02  .229008148E+02  .230787421E+02
  .232566130E+02  .234343944E+02  .236120527E+02  .237895538E+02  .239668630E+02
  .241439453E+02  .243207648E+02  .244972856E+02  .246734708E+02  .248492833E+02
  .250246854E+02  .251996391E+02  .253741056E+02  .255480459E+02  .257214204E+02
  .258941892E+02  .260663119E+02  .262377475E+02  .264084549E+02  .265783923E+02
  .267475178E+02  .269157888E+02  .270831625E+02  .272495959E+02  .274150453E+02
  .275794670E+02  .277428169E+02  .279050505E+02  .280661232E+02  .282259900E+02
  .283846057E+02  .285419249E+02  .286979020E+02  .288524913E+02  .290056467E+02
  .291573222E+02  .293074717E+02  .294560488E+02  .296030071E+02  .297483003E+02
  .298918820E+02  .300337057E+02  .301737251E+02  .303118937E+02  .304481655E+02
  .305824942E+02  .307148339E+02  .308451387E+02  .309733631E+02  .310994617E+02
  .312233894E+02  .313451013E+02  .314645530E+02  .315817004E+02  .316964996E+02
  .318089075E+02  .319188813E+02  .320263785E+02  .321313573E+02  .322337767E+02
  .323335959E+02  .324307751E+02  .325252749E+02  .326170569E+02  .327060832E+02
  .327923168E+02  .328757218E+02  .329562628E+02  .330339055E+02  .331086165E+02
  .331803637E+02  .332491156E+02  .333148421E+02  .333775141E+02  .334371037E+02
  .334935844E+02  .335469307E+02  .335971185E+02  .336441250E+02  .336879290E+02
  .337285105E+02  .337658510E+02  .337999336E+02  .338307430E+02  .338582654E+02
  .338824886E+02  .339034022E+02  .339209976E+02  .339352677E+02  .339462074E+02
  .339538134E+02  .339580843E+02  .339590206E+02  .339566248E+02  .339509014E+02
  .339418567E+02  .339294995E+02  .339138404E+02  .338948922E+02  .338726698E+02
  .338471905E+02  .338184736E+02  .337865409E+02  .337514162E+02  .337131259E+02
  .336716985E+02  .336271650E+02  .335795588E+02  .335289156E+02  .334752735E+02
  .334186732E+02  .333591577E+02  .332967725E+02  .332315656E+02  .331635876E+02
  .330928912E+02  .330195321E+02  .329435682E+02  .328650598E+02  .327840700E+02
  .327006642E+02  .326149103E+02  .325268787E+02  .324366422E+02  .323442762E+02
  .322498583E+02  .321534686E+02  .320551898E+02  .319551065E+02  .318533061E+02
  .317498779E+02  .316449138E+02  .315385077E+02  .314307557E+02  .313217561E+02
  .312116094E+02  .311004178E+02  .309882857E+02  .308753195E+02  .307616274E+02
  .306473193E+02  .305325069E+02  .304173036E+02  .303018244E+02  .301861857E+02
  .300705054E+02  .299549029E+02  .298394985E+02  .297244141E+02  .296097723E+02
  .294956969E+02  .293823126E+02  .292697448E+02  .291581195E+02  .290475634E+02
  .289382036E+02  .288301675E+02  .287235829E+02  .286185774E+02  .285152788E+02
  .284138147E+02  .283143124E+02  .282168988E+02  .281217002E+02  .280288424E+02
  .279384502E+02  .278506474E+02  .277655570E+02  .276833004E+02  .276039980E+02
  .275277682E+02  .274547281E+02  .273849929E+02  .273186757E+02  .272558875E+02
  .271967371E+02  .271413308E+02  .270897724E+02  .270421628E+02  .269986002E+02
  .269591796E+02  .269239929E+02  .268931286E+02  .268666716E+02  .268447035E+02
  .268273017E+02  .268145399E+02  .268064877E+02  .268032102E+02  .268047686E+02
  .268112191E+02  .268226136E+02  .268389990E+02  .268604174E+02  .268869060E+02
  .269184964E+02  .269552154E+02  .269970841E+02  .270441183E+02  .270963279E+02
  .271537174E+02  .272162852E+02  .272840240E+02  .273569205E+02  .274349551E+02
  .275181023E+02  .276063303E+02  .276996010E+02  .277978699E+02  .279010863E+02
  .280091929E+02  .281221259E+02  .282398152E+02  .283621842E+02  .284891494E+02
  .286206213E+02  .287565035E+02  .288966933E+02  .290410813E+02  .291895519E+02
  .293419829E+02  .294982458E+02  .296582057E+02  .298217215E+02  .299886460E+02
  .301588258E+02  .303321015E+02  .305083078E+02  .306872738E+02  .308688226E+02
  .310527720E+02  .312389343E+02  .314271166E+02  .316171209E+02  .318087443E+02
  .320017791E+02  .321960130E+02  .323912294E+02  .325872076E+02  .327837228E+02
  .329805466E+02  .331774471E+02  .333741890E+02  .335705342E+02  .337662416E+02
  .339610678E+02  .341547672E+02  .343470921E+02  .345377932E+02  .347266199E+02
  .349133204E+02  .350976422E+02  .352793324E+02  .354581379E+02  .356338058E+02
  .358060837E+02  .359747200E+02  .361394643E+02  .363000676E+02  .364562829E+02
  .366078653E+02  .367545725E+02  .368961650E+02  .370324064E+02  .371630642E+02
  .372879095E+02  .374067178E+02  .375192692E+02  .376253487E+02  .377247467E+02
  .378172592E+02  .379026881E+02  .379808417E+02  .380515348E+02  .381145894E+02
  .381698344E+02  .382171068E+02  .382562511E+02  .382871200E+02  .383095750E+02
  .383234860E+02  .383287323E+02  .383252021E+02  .383127936E+02  .382914144E+02
  .382609824E+02  .382214258E+02  .381726829E+02  .381147031E+02  .380474464E+02
  .379708839E+02  .378849978E+02  .377897816E+02  .376852403E+02  .375713904E+02
  .374482601E+02  .373158891E+02  .371743291E+02  .370236435E+02  .368639075E+02
  .366952082E+02  .365176445E+02  .363313271E+02  .361363784E+02  .359329326E+02
  .357211354E+02  .355011439E+02  .352731268E+02  .350372637E+02  .347937455E+02
  .345427740E+02  .342845613E+02  .340193305E+02  .337473144E+02  .334687560E+02
  .331839080E+02  .328930322E+02  .325963998E+02  .322942905E+02  .319869925E+02
  .316748018E+02  .313580221E+02  .310369645E+02  .307119467E+02  .303832927E+02
  .300513326E+02  .297164018E+02  .293788408E+02  .290389946E+02  .286972119E+02
  .283538451E+02  .280092497E+02  .276637833E+02  .273178056E+02  .269716774E+02
  .266257606E+02  .262804170E+02  .259360081E+02  .255928946E+02  .252514357E+02
  .249119883E+02  .245749068E+02  .242405424E+02  .239092424E+02  .235813498E+02
  .232572025E+02  .229371331E+02  .226214678E+02  .223105266E+02  .220046220E+02
  .217040590E+02  .214091342E+02  .211201356E+02  .208373419E+02  .205610221E+02
  .202914351E+02  .200288291E+02  .197734411E+02  .195254969E+02  .192852101E+02
  .190527823E+02  .188284023E+02  .186122461E+02  .184044763E+02  .182052421E+02
  .180146786E+02  .178329073E+02  .176600349E+02  .174961540E+02  .173413426E+02
  .171956638E+02  .170591658E+02  .169318820E+02  .168138308E+02  .167050156E+02
  .166054248E+02  .165150317E+02  .164337950E+02  .163616583E+02  .162985507E+02
  .162443867E+02  .161990664E+02  .161624760E+02  .161344875E+02  .161149593E+02
  .161037366E+02  .161006513E+02  .161055229E+02  .161181583E+02  .161383525E+02
  .161658890E+02  .162005400E+02  .162420673E+02  .162902223E+02  .163447467E+02
  .164053732E+02  .164718254E+02  .165438194E+02  .166210631E+02  .167032578E+02
  .167900982E+02  .168812734E+02  .169764669E+02  .170753581E+02  .171776218E+02
  .172829301E+02  .173909518E+02  .175013539E+02  .176138018E+02  .177279601E+02
  .178434932E+02  .179600659E+02  .180773440E+02  .181949949E+02  .183126883E+02
  .184300967E+02  .185468961E+02  .186627665E+02  .187773924E+02  .188904633E+02
  .190016746E+02  .191107278E+02  .192173309E+02  .193211993E+02  .194220557E+02
  .195196310E+02  .196136646E+02  .197039047E+02  .197901087E+02  .198720437E+02
  .199494864E+02  .200222240E+02  .200900540E+02  .201527848E+02  .202102356E+02
  .202622368E+02  .203086300E+02  .203492684E+02  .203840168E+02  .204127514E+02
  .204353606E+02  .204517441E+02  .204618136E+02  .204654926E+02  .204627163E+02
  .204534316E+02  .204375969E+02  .204151823E+02  .203861690E+02  .203505496E+02
  .203083276E+02  .202595174E+02  .202041441E+02  .201422430E+02  .200738598E+02
  .199990499E+02  .199178782E+02  .198304193E+02  .197367564E+02  .196369816E+02
  .195311951E+02  .194195054E+02  .193020284E+02  .191788874E+02  .190502126E+02
  .189161406E+02  .187768142E+02  .186323822E+02  .184829983E+02  .183288217E+02
  .181700157E+02  .180067482E+02  .178391907E+02  .176675181E+02  .174919084E+02
  .173125421E+02  .171296022E+02  .169432733E+02  .167537418E+02  .165611948E+02
  .163658208E+02  .161678081E+02  .159673456E+02  .157646218E+02  .155598245E+02
  .153531407E+02  .151447564E+02  .149348558E+02  .147236218E+02  .145112349E+02
  .142978734E+02  .140837132E+02  .138689275E+02  .136536861E+02  .134381562E+02
  .132225011E+02  .130068810E+02  .127914519E+02  .125763663E+02  .123617723E+02
  .121478141E+02  .119346315E+02  .117223599E+02  .115111300E+02  .113010683E+02
  .110922963E+02  .108849309E+02  .106790841E+02  .104748634E+02  .102723710E+02
  .100717045E+02  .987295662E+01  .967621517E+01  .948156294E+01  .928907819E+01
  .909883397E+01  .891089895E+01  .872533668E+01  .854220634E+01  .836156223E+01
  .818345431E+01  .800792785E+01  .783502389E+01  .766477896E+01  .749722555E+01
  .733239182E+01  .717030206E+01  .701097647E+01  .685443156E+01  .670067997E+01
  .654973090E+01  .640158988E+01  .625625925E+01  .611373792E+01  .597402185E+01
  .583710379E+01  .570297384E+01  .557161912E+01  .544302431E+01  .531717140E+01
  .519404013E+01  .507360772E+01  .495584978E+01  .484073892E+01  .472824733E+01
  .461834374E+01  .451099697E+01  .440617261E+01  .430383653E+01  .420395159E+01
  .410648122E+01  .401138586E+01  .391862703E+01  .382816341E+01  .373995477E+01
  .365395834E+01  .357013265E+01  .348843383E+01  .340881956E+01  .333124522E+01
  .325566786E+01  .318204255E+01  .311032621E+01  .304047371E+01  .297244203E+01
  .290618619E+01  .284166349E+01  .277882937E+01  .271764169E+01  .265805651E+01
  .260003246E+01  .254352642E+01  .248849796E+01  .243490498E+01  .238270812E+01
  .233186644E+01  .228234183E+01  .223409459E+01  .218708796E+01  .214128362E+01
  .209664627E+01  .205313901E+01  .201072803E+01  .196937799E+01  .192905665E+01
  .188973019E+01  .185136796E+01  .181393777E+01  .177741059E+01  .174175581E+01
  .170694602E+01  .167295223E+01  .163974866E+01  .160730789E+01  .157560577E+01
  .154461644E+01  .151431732E+01  .148468411E+01  .145569577E+01  .142732950E+01
  .139956576E+01  .137238321E+01  .134576377E+01  .131968751E+01  .129413775E+01
  .126909592E+01  .124454667E+01  .122047274E+01  .119686008E+01  .117369264E+01
  .115095760E+01  .112864010E+01  .110672847E+01  .108520896E+01  .106407100E+01
  .104330190E+01  .102289212E+01  .100282994E+01  .983106789E+00  .963711892E+00
  .944637584E+00  .925873937E+00  .907414129E+00  .889249047E+00  .871372657E+00
  .853776579E+00  .836455505E+00  .819401753E+00  .802610687E+00  .786075249E+00
  .769791418E+00  .753752729E+00  .737955728E+00  .722394470E+00  .707066015E+00
  .691964915E+00  .677088698E+00  .662432344E+00  .647993807E+00  .633768471E+00
  .619754672E+00  .605948143E+00  .592347557E+00  .578948975E+00  .565751375E+00
  .552751091E+00  .539947366E+00  .527336792E+00  .514918848E+00  .502690332E+00
  .490650924E+00  .478797619E+00  .467130271E+00  .455646025E+00  .444344879E+00
  .433224121E+00  .422283868E+00  .411521510E+00  .400937261E+00  .390528605E+00
  .380295829E+00  .370236477E+00  .360350891E+00  .350637007E+00  .341094181E+00
  .331721401E+00  .322517694E+00  .313482076E+00  .304613568E+00  .295911185E+00
  .287373941E+00  .279000837E+00  .270790864E+00  .262742997E+00  .254856197E+00
  .247129403E+00  .239561532E+00  .232151480E+00  .224898115E+00  .217800279E+00
  .210856785E+00  .204066418E+00  .197427929E+00  .190940038E+00  .184601432E+00
  .178410764E+00  .172366654E+00  .166467684E+00  .160712404E+00  .155099327E+00
  .149626912E+00  .144293623E+00  .139097865E+00  .134038012E+00  .129112401E+00
  .124319339E+00  .119657096E+00  .115123912E+00  .110717997E+00  .106437527E+00
  .102280653E+00  .982454954E-01  .943301492E-01  .905326837E-01  .868511443E-01
  .832835541E-01  .798279154E-01  .764822112E-01  .732444070E-01  .701124524E-01
  .670842830E-01  .641578220E-01  .613309822E-01  .586016677E-01  .559677760E-01
  .534271996E-01  .509778279E-01  .486175493E-01  .463442530E-01  .441558167E-01
  .420501515E-01  .400251598E-01  .380787518E-01  .362088482E-01  .344133809E-01
  .326902959E-01  .310375538E-01  .294531325E-01  .279350280E-01  .264812564E-01
  .250898553E-01  .237588852E-01  .224864306E-01  .212706021E-01  .201095367E-01
  .190013996E-01  .179443853E-01  .169367184E-01  .159766546E-01  .150624818E-01
  .141925208E-01  .133651261E-01  .125786867E-01  .118316265E-01  .111224049E-01
  .104495174E-01  .981149605E-02  .920690941E-02  .863436322E-02  .809250040E-02
  .758000120E-02  .709558325E-02  .663800160E-02  .620604860E-02  .579855379E-02
  .541438375E-02  .505244181E-02  .471166780E-02  .439103768E-02  .408956316E-02
  .380629127E-02  .354030387E-02  .329071714E-02  .305668102E-02  .283737864E-02
  .263202567E-02  .243986967E-02  .226018944E-02  .209229431E-02  .193552340E-02
  .178924490E-02  .165285533E-02  .152577872E-02  .140746590E-02  .129739363E-02
  .119506391E-02  .110000310E-02  .101176113E-02  .929910767E-03  .854046735E-03
  .783784979E-03  .718761855E-03  .658633359E-03  .603074355E-03  .551777814E-03
  .504454068E-03  .460830072E-03  .420648685E-03  .383667961E-03  .349660461E-03
  .318412572E-03  .289723858E-03  .263406414E-03  .239284248E-03  .217192675E-03
  .196977737E-03  .178495636E-03  .161612190E-03  .146202308E-03  .132149481E-03
  .119345300E-03  .107688985E-03  .970869405E-04  .874523228E-04  .787046339E-04
  .707693281E-04  .635774391E-04  .570652242E-04  .511738266E-04  .458489543E-04
  .410405752E-04  .367026286E-04  .327927524E-04  .292720248E-04  .261047210E-04
  .232580837E-04  .207021071E-04  .184093337E-04  .163546639E-04  .145151768E-04
  .128699630E-04  .113999681E-04  .100878457E-04  .891782157E-05  .787556603E-05
  .694807548E-05  .612356240E-05  .539135308E-05  .474179282E-05  .416615818E-05
  .365657574E-05  .320594711E-05  .280787972E-05  .245662306E-05  .214700995E-05
  .187440265E-05  .163464330E-05  .142400852E-05  .123916783E-05  .107714567E-05
  .935286619E-06  .811223740E-06  .702849735E-06  .608290677E-06  .525882154E-06
  .454147619E-06  .391778769E-06  .337617788E-06  .290641287E-06  .249945819E-06
  .214734807E-06  .184306788E-06  .158044829E-06  .135407035E-06  .115918029E-06
  .991613294E-07  .847725284E-07  .724332024E-07  .618654814E-07  .528272131E-07
  .451076634E-07  .385236985E-07  .329164008E-07  .281480741E-07  .240995969E-07
  .206680891E-07  .177648571E-07  .153135907E-07  .132487826E-07  .115143485E-07
  .100624273E-07  .885234246E-08  .784970861E-08  .702567117E-08  .635626662E-08
  .582189557E-08  .540690181E-08  .509925441E-08  .489033192E-08  .467639254E-08
  .455807548E-08  .453306815E-08  .371875927E-08  .304588573E-08  .249076829E-08
  .203353499E-08  .165753589E-08  .134884339E-08  .109582624E-08  .888786964E-09
  .719653860E-09  .581719720E-09  .469420610E-09  .378148871E-09  .304095330E-09
  .244116387E-09  .195622255E-09  .156483152E-09  .124950705E-09  .995922164E-10
  .792357819E-10  .629245644E-10  .498787557E-10  .394639979E-10  .311652148E-10
  .245649676E-10  .193255868E-10  .151744496E-10  .118918730E-10  .930117611E-11
  .726054038E-11  .565635454E-11  .439778479E-11  .341235346E-11  .264234606E-11
  .204189748E-11  .157463380E-11  .121176776E-11  .930563767E-12  .713103348E-12
  .545294377E-12  .416077591E-12  .316792499E-12  .240671767E-12  .182438911E-12
  .137988907E-12  .104135189E-12  .784096775E-13  .589050830E-13  .441508316E-13
  .330156624E-13  .246313428E-13  .183330608E-13  .136129576E-13  .100839891E-13
  .745188730E-14  .549345830E-14  .403982514E-14  .296352064E-14  .216856977E-14
  .158288817E-14  .115247024E-14  .836956827E-15  .606263417E-15  .438021768E-15
  .315643629E-15  .226859136E-15  .162616371E-15  .116255034E-15  .828875802E-16
  .589369916E-16  .417924480E-16  .295535368E-16  .208407481E-16  .146554664E-16
  .102768190E-16  .718589143E-17  .501020554E-17  .348315960E-17  .241448249E-17
  .166877363E-17  .114996131E-17  .790080111E-18  .541191182E-18  .369582567E-18
  .251618658E-18  .170778870E-18  .115551238E-18  .779387441E-19  .524034173E-19
  .351222396E-19  .234644337E-19  .156254324E-19  .103713864E-19  .686140443E-20
  .452427700E-20  .297326598E-20  .194739968E-20  .127116357E-20  .826915163E-21
  .536070257E-21  .346315299E-21  .222945509E-21  .143017979E-21  .914187085E-22
  .582263603E-22  .369514769E-22  .233646313E-22  .147193392E-22  .923862035E-23
  .577700077E-23  .359882887E-23  .223341945E-23  .138075454E-23  .850327847E-24
  .521634858E-24  .318745107E-24  .194000786E-24  .117606876E-24  .710096394E-25
  .427015127E-25  .255738702E-25  .152532597E-25  .905998620E-26  .535891184E-26
  .315642385E-26  .185126654E-26  .108114191E-26  .628668420E-27  .363974301E-27
  .209804480E-27  .120403320E-27  .687901751E-28  .391257861E-28  .221530117E-28
  .124858964E-28  .700499779E-29  .391184429E-29  .217432380E-29  .120287273E-29
  .662295027E-30  .362913479E-30  .197905466E-30  .107398627E-30  .579974558E-31
  .311653007E-31  .166635919E-31  .886509617E-32  .469243526E-32  .247112930E-32
  .129466433E-32  .674785086E-33  .349866414E-33  .180446838E-33  .925738131E-34
  .472389623E-34  .239754728E-34  .121023528E-34  .607560108E-35  .303323714E-35
  .150591985E-35  .743457729E-36  .364964001E-36  .178140776E-36  .864522485E-37
  .417127484E-37  .200087811E-37  .954138395E-38  .452293609E-38  .213121436E-38
  .998183803E-39  .464675244E-39  .214992319E-39  .988574338E-40  .451738515E-40
  .205132536E-40  .925613519E-41  .415002230E-41  .184873426E-41  .818237541E-42
  .359784558E-42  .157159637E-42  .681948976E-43  .293935417E-43  .125839721E-43
  .535088714E-44  .225970785E-44  .947705290E-45  .394697775E-45  .163230788E-45
  .670287261E-46  .273285516E-46  .110622659E-46  .444547603E-47  .177342905E-47
  .702271747E-48  .276036596E-48  .107689230E-48  .416961410E-49  .160217913E-49
  .610929807E-50  .231158466E-50  .633929897E-53  .231191039E-53  .836338603E-54
  .300086466E-54  .106791161E-54  .376894776E-55  .131908231E-55  .457784894E-56
  .157528592E-56  .537447492E-57  .181786454E-57  .609544892E-58  .202599422E-58
  .667464876E-59  .217944284E-59  .705274674E-60  .226170249E-60  .718696339E-61
  .226285275E-61  .705888227E-62  .218148378E-62  .000000000E+00  .000000000E+00
  .000000000E+00  .000000000E+00  .000000000E+00  .000000000E+00  .000000000E+00
  .000000000E+00  .000000000E+00  .000000000E+00  .000000000E+00  .000000000E+00
  .000000000E+00  .000000000E+00  .000000000E+00  .000000000E+00  .000000000E+00
  .000000000E+00  .000000000E+00  .000000000E+00  .000000000E+00  .000000000E+00
  .000000000E+00  .000000000E+00  .000000000E+00  .000000000E+00  .000000000E+00
  .000000000E+00  .000000000E+00  .000000000E+00  .000000000E+00  .000000000E+00
  .000000000E+00  .000000000E+00  .000000000E+00  .000000000E+00  .000000000E+00
  .000000000E+00  .000000000E+00  .000000000E+00  .000000000E+00  .000000000E+00
  .000000000E+00  .000000000E+00  .000000000E+00  .000000000E+00  .000000000E+00
  .000000000E+00  .000000000E+00  .000000000E+00  .000000000E+00  .000000000E+00
  .000000000E+00  .000000000E+00  .000000000E+00  .000000000E+00  .000000000E+00
  .000000000E+00  .000000000E+00  .000000000E+00  .000000000E+00  .000000000E+00
  .000000000E+00  .000000000E+00  .000000000E+00  .000000000E+00  .000000000E+00
  .000000000E+00  .000000000E+00  .000000000E+00  .000000000E+00  .000000000E+00
  .000000000E+00  .000000000E+00  .000000000E+00  .000000000E+00  .000000000E+00
  .000000000E+00  .000000000E+00  .000000000E+00  .000000000E+00  .000000000E+00
  .000000000E+00  .000000000E+00  .000000000E+00  .000000000E+00  .000000000E+00
  .000000000E+00  .000000000E+00  .000000000E+00  .000000000E+00  .000000000E+00
  .000000000E+00  .000000000E+00  .000000000E+00  .000000000E+00  .000000000E+00
  .000000000E+00  .000000000E+00  .000000000E+00  .000000000E+00  .000000000E+00
  .000000000E+00  .000000000E+00  .000000000E+00  .000000000E+00  .000000000E+00
  .000000000E+00  .000000000E+00  .000000000E+00  .000000000E+00  .000000000E+00
  .000000000E+00  .000000000E+00  .000000000E+00  .000000000E+00  .000000000E+00
  .000000000E+00  .000000000E+00  .000000000E+00  .000000000E+00  .000000000E+00
  .000000000E+00  .000000000E+00  .000000000E+00  .000000000E+00  .000000000E+00
  .000000000E+00  .000000000E+00  .000000000E+00  .000000000E+00  .000000000E+00
  .000000000E+00  .000000000E+00  .000000000E+00  .000000000E+00  .000000000E+00
  .000000000E+00  .000000000E+00  .000000000E+00  .000000000E+00  .000000000E+00
  .000000000E+00  .000000000E+00  .000000000E+00  .000000000E+00  .000000000E+00
  .000000000E+00  .000000000E+00  .000000000E+00  .000000000E+00  .000000000E+00
  .000000000E+00  .000000000E+00  .000000000E+00  .000000000E+00  .000000000E+00
  .000000000E+00  .000000000E+00  .000000000E+00  .000000000E+00  .000000000E+00
  .000000000E+00  .000000000E+00  .000000000E+00  .000000000E+00  .000000000E+00
  .000000000E+00  .000000000E+00  .000000000E+00  .000000000E+00  .000000000E+00
  .000000000E+00  .000000000E+00  .000000000E+00  .000000000E+00  .000000000E+00
  .000000000E+00  .000000000E+00  .000000000E+00  .000000000E+00  .000000000E+00
  .000000000E+00  .000000000E+00  .000000000E+00  .000000000E+00  .000000000E+00
  .000000000E+00  .000000000E+00  .000000000E+00  .000000000E+00  .000000000E+00
  .000000000E+00  .000000000E+00  .000000000E+00  .000000000E+00  .000000000E+00
  .000000000E+00  .000000000E+00  .000000000E+00  .000000000E+00  .000000000E+00
  .000000000E+00  .000000000E+00  .000000000E+00  .000000000E+00  .000000000E+00
  .000000000E+00  .000000000E+00  .000000000E+00  .000000000E+00  .000000000E+00
  .000000000E+00  .000000000E+00  .000000000E+00  .000000000E+00  .000000000E+00
  .000000000E+00  .000000000E+00  .000000000E+00  .000000000E+00  .000000000E+00
  .000000000E+00  .000000000E+00  .000000000E+00  .000000000E+00  .000000000E+00
