  PAW Ga_h 21Jan2003                     
 100
Core Pot   L  =         .00000   -.67304
  -.20000000E+01  .73258902E+00
  -.19600000E+01  .71377581E+00
  -.19200000E+01  .69477036E+00
  -.18800000E+01  .67556844E+00
  -.18400000E+01  .65616573E+00
  -.18000000E+01  .63655776E+00
  -.17600000E+01  .61673992E+00
  -.17200000E+01  .59670746E+00
  -.16800000E+01  .57645547E+00
  -.16400000E+01  .55597890E+00
  -.16000000E+01  .53527252E+00
  -.15600000E+01  .51433095E+00
  -.15200000E+01  .49314861E+00
  -.14800000E+01  .47171976E+00
  -.14400000E+01  .45003846E+00
  -.14000000E+01  .42809856E+00
  -.13600000E+01  .40589373E+00
  -.13200000E+01  .38341739E+00
  -.12800000E+01  .36066276E+00
  -.12400000E+01  .33762280E+00
  -.12000000E+01  .31429026E+00
  -.11600000E+01  .29065758E+00
  -.11200000E+01  .26671699E+00
  -.10800000E+01  .24246040E+00
  -.10400000E+01  .21787943E+00
  -.10000000E+01  .19296541E+00
  -.96000000E+00  .16770934E+00
  -.92000000E+00  .14210186E+00
  -.88000000E+00  .11613330E+00
  -.84000000E+00  .89793602E-01
  -.80000000E+00  .63072290E-01
  -.76000000E+00  .35958520E-01
  -.72000000E+00  .84410104E-02
  -.68000000E+00 -.19491972E-01
  -.64000000E+00 -.47852627E-01
  -.60000000E+00 -.76653655E-01
  -.56000000E+00 -.10590827E+00
  -.52000000E+00 -.13563024E+00
  -.48000000E+00 -.16583391E+00
  -.44000000E+00 -.19653421E+00
  -.40000000E+00 -.22774674E+00
  -.36000000E+00 -.25948776E+00
  -.32000000E+00 -.29177424E+00
  -.28000000E+00 -.32462390E+00
  -.24000000E+00 -.35805525E+00
  -.20000000E+00 -.39208763E+00
  -.16000000E+00 -.42674129E+00
  -.12000000E+00 -.46203739E+00
  -.80000000E-01 -.49799811E+00
  -.40000000E-01 -.53464664E+00
   .12351231E-14 -.57200733E+00
   .40000000E-01 -.61010567E+00
   .80000000E-01 -.64896843E+00
   .12000000E+00 -.68862371E+00
   .16000000E+00 -.72910101E+00
   .20000000E+00 -.77043135E+00
   .24000000E+00 -.81264736E+00
   .28000000E+00 -.85578337E+00
   .32000000E+00 -.89987554E+00
   .36000000E+00 -.94496197E+00
   .40000000E+00 -.99108285E+00
   .44000000E+00 -.10382806E+01
   .48000000E+00 -.10866000E+01
   .52000000E+00 -.11360883E+01
   .56000000E+00 -.11867958E+01
   .60000000E+00 -.12387753E+01
   .64000000E+00 -.12920830E+01
   .68000000E+00 -.13467786E+01
   .72000000E+00 -.14029251E+01
   .76000000E+00 -.14605898E+01
   .80000000E+00 -.15198441E+01
   .84000000E+00 -.15807640E+01
   .88000000E+00 -.16434304E+01
   .92000000E+00 -.17079296E+01
   .96000000E+00 -.17743539E+01
   .10000000E+01 -.18428017E+01
   .10400000E+01 -.19133786E+01
   .10800000E+01 -.19861973E+01
   .11200000E+01 -.20613790E+01
   .11600000E+01 -.21390538E+01
   .12000000E+01 -.22193616E+01
   .12400000E+01 -.23024528E+01
   .12800000E+01 -.23884898E+01
   .13200000E+01 -.24776480E+01
   .13600000E+01 -.25701169E+01
   .14000000E+01 -.26661018E+01
   .14400000E+01 -.27658255E+01
   .14800000E+01 -.28695300E+01
   .15200000E+01 -.29774789E+01
   .15600000E+01 -.30899596E+01
   .16000000E+01 -.32072861E+01
   .16400000E+01 -.33298023E+01
   .16800000E+01 -.34578856E+01
   .17200000E+01 -.35919509E+01
   .17600000E+01 -.37324557E+01
   .18000000E+01 -.38799053E+01
   .18400000E+01 -.40348595E+01
   .18800000E+01 -.41979403E+01
   .19200000E+01 -.43698404E+01
   .19600000E+01 -.45513337E+01
   .20000000E+01 -.47432876E+01
Potential  L  =         .00000   -.67304
  -.20000000E+01  .79636242E+00
  -.19600000E+01  .77720060E+00
  -.19200000E+01  .75779791E+00
  -.18800000E+01  .73814737E+00
  -.18400000E+01  .71824171E+00
  -.18000000E+01  .69807333E+00
  -.17600000E+01  .67763431E+00
  -.17200000E+01  .65691641E+00
  -.16800000E+01  .63591101E+00
  -.16400000E+01  .61460909E+00
  -.16000000E+01  .59300126E+00
  -.15600000E+01  .57107767E+00
  -.15200000E+01  .54882804E+00
  -.14800000E+01  .52624159E+00
  -.14400000E+01  .50330704E+00
  -.14000000E+01  .48001258E+00
  -.13600000E+01  .45634580E+00
  -.13200000E+01  .43229370E+00
  -.12800000E+01  .40784263E+00
  -.12400000E+01  .38297825E+00
  -.12000000E+01  .35768549E+00
  -.11600000E+01  .33194849E+00
  -.11200000E+01  .30575056E+00
  -.10800000E+01  .27907413E+00
  -.10400000E+01  .25190065E+00
  -.10000000E+01  .22421059E+00
  -.96000000E+00  .19598332E+00
  -.92000000E+00  .16719703E+00
  -.88000000E+00  .13782868E+00
  -.84000000E+00  .10785388E+00
  -.80000000E+00  .77246798E-01
  -.76000000E+00  .45980061E-01
  -.72000000E+00  .14024619E-01
  -.68000000E+00 -.18650372E-01
  -.64000000E+00 -.52077701E-01
  -.60000000E+00 -.86292250E-01
  -.56000000E+00 -.12133117E+00
  -.52000000E+00 -.15723408E+00
  -.48000000E+00 -.19404325E+00
  -.44000000E+00 -.23180385E+00
  -.40000000E+00 -.27056420E+00
  -.36000000E+00 -.31037606E+00
  -.32000000E+00 -.35129491E+00
  -.28000000E+00 -.39338034E+00
  -.24000000E+00 -.43669639E+00
  -.20000000E+00 -.48131203E+00
  -.16000000E+00 -.52730158E+00
  -.12000000E+00 -.57474530E+00
  -.80000000E-01 -.62372998E+00
  -.40000000E-01 -.67434960E+00
   .12351231E-14 -.72670612E+00
   .40000000E-01 -.78091032E+00
   .80000000E-01 -.83708282E+00
   .12000000E+00 -.89535515E+00
   .16000000E+00 -.95587105E+00
   .20000000E+00 -.10187879E+01
   .24000000E+00 -.10842785E+01
   .28000000E+00 -.11525327E+01
   .32000000E+00 -.12237600E+01
   .36000000E+00 -.12981918E+01
   .40000000E+00 -.13760844E+01
   .44000000E+00 -.14577227E+01
   .48000000E+00 -.15434240E+01
   .52000000E+00 -.16335431E+01
   .56000000E+00 -.17284774E+01
   .60000000E+00 -.18286743E+01
   .64000000E+00 -.19346386E+01
   .68000000E+00 -.20469427E+01
   .72000000E+00 -.21662376E+01
   .76000000E+00 -.22932675E+01
   .80000000E+00 -.24288867E+01
   .84000000E+00 -.25740810E+01
   .88000000E+00 -.27299939E+01
   .92000000E+00 -.28979596E+01
   .96000000E+00 -.30795443E+01
   .10000000E+01 -.32765990E+01
   .10400000E+01 -.34913276E+01
   .10800000E+01 -.37263749E+01
   .11200000E+01 -.39849430E+01
   .11600000E+01 -.42709457E+01
   .12000000E+01 -.45892188E+01
   .12400000E+01 -.49458079E+01
   .12800000E+01 -.53483725E+01
   .13200000E+01 -.58067625E+01
   .13600000E+01 -.63338626E+01
   .14000000E+01 -.69468574E+01
   .14400000E+01 -.76691900E+01
   .14800000E+01 -.85336950E+01
   .15200000E+01 -.95878267E+01
   .15600000E+01 -.10902814E+02
   .16000000E+01 -.12590682E+02
   .16400000E+01 -.14838342E+02
   .16800000E+01 -.17982717E+02
   .17200000E+01 -.22699028E+02
   .17600000E+01 -.30567679E+02
   .18000000E+01 -.46355711E+02
   .18400000E+01 -.94212587E+02
   .18800000E+01  .57595613E+04
   .19200000E+01  .92552496E+02
   .19600000E+01  .46966960E+02
   .20000000E+01  .31599095E+02
Core Pot   L  =        1.00000   -.20138
  -.20000000E+01  .11609969E+01
  -.19600000E+01  .11463594E+01
  -.19200000E+01  .11316238E+01
  -.18800000E+01  .11167884E+01
  -.18400000E+01  .11018513E+01
  -.18000000E+01  .10868108E+01
  -.17600000E+01  .10716649E+01
  -.17200000E+01  .10564118E+01
  -.16800000E+01  .10410495E+01
  -.16400000E+01  .10255760E+01
  -.16000000E+01  .10099892E+01
  -.15600000E+01  .99428718E+00
  -.15200000E+01  .97846769E+00
  -.14800000E+01  .96252859E+00
  -.14400000E+01  .94646763E+00
  -.14000000E+01  .93028255E+00
  -.13600000E+01  .91397100E+00
  -.13200000E+01  .89753059E+00
  -.12800000E+01  .88095888E+00
  -.12400000E+01  .86425336E+00
  -.12000000E+01  .84741146E+00
  -.11600000E+01  .83043055E+00
  -.11200000E+01  .81330793E+00
  -.10800000E+01  .79604082E+00
  -.10400000E+01  .77862640E+00
  -.10000000E+01  .76106175E+00
  -.96000000E+00  .74334389E+00
  -.92000000E+00  .72546974E+00
  -.88000000E+00  .70743617E+00
  -.84000000E+00  .68923994E+00
  -.80000000E+00  .67087773E+00
  -.76000000E+00  .65234614E+00
  -.72000000E+00  .63364167E+00
  -.68000000E+00  .61476071E+00
  -.64000000E+00  .59569956E+00
  -.60000000E+00  .57645443E+00
  -.56000000E+00  .55702140E+00
  -.52000000E+00  .53739645E+00
  -.48000000E+00  .51757543E+00
  -.44000000E+00  .49755408E+00
  -.40000000E+00  .47732802E+00
  -.36000000E+00  .45689273E+00
  -.32000000E+00  .43624356E+00
  -.28000000E+00  .41537570E+00
  -.24000000E+00  .39428423E+00
  -.20000000E+00  .37296405E+00
  -.16000000E+00  .35140990E+00
  -.12000000E+00  .32961638E+00
  -.80000000E-01  .30757790E+00
  -.40000000E-01  .28528869E+00
   .12351231E-14  .26274281E+00
   .40000000E-01  .23993411E+00
   .80000000E-01  .21685625E+00
   .12000000E+00  .19350268E+00
   .16000000E+00  .16986661E+00
   .20000000E+00  .14594107E+00
   .24000000E+00  .12171880E+00
   .28000000E+00  .97192320E-01
   .32000000E+00  .72353888E-01
   .36000000E+00  .47195489E-01
   .40000000E+00  .21708825E-01
   .44000000E+00 -.41146969E-02
   .48000000E+00 -.30283978E-01
   .52000000E+00 -.56808241E-01
   .56000000E+00 -.83697048E-01
   .60000000E+00 -.11096031E+00
   .64000000E+00 -.13860832E+00
   .68000000E+00 -.16665175E+00
   .72000000E+00 -.19510167E+00
   .76000000E+00 -.22396959E+00
   .80000000E+00 -.25326747E+00
   .84000000E+00 -.28300772E+00
   .88000000E+00 -.31320326E+00
   .92000000E+00 -.34386752E+00
   .96000000E+00 -.37501447E+00
   .10000000E+01 -.40665866E+00
   .10400000E+01 -.43881523E+00
   .10800000E+01 -.47149998E+00
   .11200000E+01 -.50472934E+00
   .11600000E+01 -.53852046E+00
   .12000000E+01 -.57289124E+00
   .12400000E+01 -.60786034E+00
   .12800000E+01 -.64344726E+00
   .13200000E+01 -.67967235E+00
   .13600000E+01 -.71655692E+00
   .14000000E+01 -.75412322E+00
   .14400000E+01 -.79239454E+00
   .14800000E+01 -.83139525E+00
   .15200000E+01 -.87115088E+00
   .15600000E+01 -.91168819E+00
   .16000000E+01 -.95303524E+00
   .16400000E+01 -.99522145E+00
   .16800000E+01 -.10382777E+01
   .17200000E+01 -.10822365E+01
   .17600000E+01 -.11271319E+01
   .18000000E+01 -.11729998E+01
   .18400000E+01 -.12198779E+01
   .18800000E+01 -.12678060E+01
   .19200000E+01 -.13168261E+01
   .19600000E+01 -.13669822E+01
   .20000000E+01 -.14183210E+01
Potential  L  =        1.00000   -.20138
  -.20000000E+01  .11772414E+01
  -.19600000E+01  .11628170E+01
  -.19200000E+01  .11482791E+01
  -.18800000E+01  .11336256E+01
  -.18400000E+01  .11188543E+01
  -.18000000E+01  .11039628E+01
  -.17600000E+01  .10889490E+01
  -.17200000E+01  .10738103E+01
  -.16800000E+01  .10585443E+01
  -.16400000E+01  .10431485E+01
  -.16000000E+01  .10276202E+01
  -.15600000E+01  .10119569E+01
  -.15200000E+01  .99615562E+00
  -.14800000E+01  .98021366E+00
  -.14400000E+01  .96412805E+00
  -.14000000E+01  .94789577E+00
  -.13600000E+01  .93151371E+00
  -.13200000E+01  .91497867E+00
  -.12800000E+01  .89828733E+00
  -.12400000E+01  .88143630E+00
  -.12000000E+01  .86442205E+00
  -.11600000E+01  .84724097E+00
  -.11200000E+01  .82988930E+00
  -.10800000E+01  .81236320E+00
  -.10400000E+01  .79465865E+00
  -.10000000E+01  .77677156E+00
  -.96000000E+00  .75869765E+00
  -.92000000E+00  .74043254E+00
  -.88000000E+00  .72197167E+00
  -.84000000E+00  .70331035E+00
  -.80000000E+00  .68444370E+00
  -.76000000E+00  .66536669E+00
  -.72000000E+00  .64607413E+00
  -.68000000E+00  .62656060E+00
  -.64000000E+00  .60682053E+00
  -.60000000E+00  .58684813E+00
  -.56000000E+00  .56663736E+00
  -.52000000E+00  .54618209E+00
  -.48000000E+00  .52547583E+00
  -.44000000E+00  .50451188E+00
  -.40000000E+00  .48328330E+00
  -.36000000E+00  .46178293E+00
  -.32000000E+00  .44000320E+00
  -.28000000E+00  .41793636E+00
  -.24000000E+00  .39557433E+00
  -.20000000E+00  .37290871E+00
  -.16000000E+00  .34993074E+00
  -.12000000E+00  .32663133E+00
  -.80000000E-01  .30300099E+00
  -.40000000E-01  .27902986E+00
   .12351231E-14  .25470765E+00
   .40000000E-01  .23002364E+00
   .80000000E-01  .20496665E+00
   .12000000E+00  .17952500E+00
   .16000000E+00  .15368651E+00
   .20000000E+00  .12743846E+00
   .24000000E+00  .10076755E+00
   .28000000E+00  .73659883E-01
   .32000000E+00  .46100910E-01
   .36000000E+00  .18075412E-01
   .40000000E+00 -.10432548E-01
   .44000000E+00 -.39439672E-01
   .48000000E+00 -.68963466E-01
   .52000000E+00 -.99022298E-01
   .56000000E+00 -.12963544E+00
   .60000000E+00 -.16082315E+00
   .64000000E+00 -.19260668E+00
   .68000000E+00 -.22500843E+00
   .72000000E+00 -.25805193E+00
   .76000000E+00 -.29176196E+00
   .80000000E+00 -.32616467E+00
   .84000000E+00 -.36128757E+00
   .88000000E+00 -.39715976E+00
   .92000000E+00 -.43381191E+00
   .96000000E+00 -.47127647E+00
   .10000000E+01 -.50958774E+00
   .10400000E+01 -.54878206E+00
   .10800000E+01 -.58889788E+00
   .11200000E+01 -.62997602E+00
   .11600000E+01 -.67205976E+00
   .12000000E+01 -.71519511E+00
   .12400000E+01 -.75943096E+00
   .12800000E+01 -.80481936E+00
   .13200000E+01 -.85141576E+00
   .13600000E+01 -.89927928E+00
   .14000000E+01 -.94847305E+00
   .14400000E+01 -.99906455E+00
   .14800000E+01 -.10511260E+01
   .15200000E+01 -.11047346E+01
   .15600000E+01 -.11599734E+01
   .16000000E+01 -.12169315E+01
   .16400000E+01 -.12757046E+01
   .16800000E+01 -.13363958E+01
   .17200000E+01 -.13991164E+01
   .17600000E+01 -.14639865E+01
   .18000000E+01 -.15311358E+01
   .18400000E+01 -.16007051E+01
   .18800000E+01 -.16728470E+01
   .19200000E+01 -.17477274E+01
   .19600000E+01 -.18255269E+01
   .20000000E+01 -.19064425E+01
Core Pot   L  =        2.00000  -1.42843
  -.20000000E+01  .95537608E+00
  -.19600000E+01  .90581429E+00
  -.19200000E+01  .85171138E+00
  -.18800000E+01  .79224324E+00
  -.18400000E+01  .72637140E+00
  -.18000000E+01  .65276852E+00
  -.17600000E+01  .56971029E+00
  -.17200000E+01  .47491506E+00
  -.16800000E+01  .36529872E+00
  -.16400000E+01  .23658791E+00
  -.16000000E+01  .82685366E-01
  -.15600000E+01 -.10541939E+00
  -.15200000E+01 -.34162621E+00
  -.14800000E+01 -.64856152E+00
  -.14400000E+01 -.10657020E+01
  -.14000000E+01 -.16686499E+01
  -.13600000E+01 -.26227147E+01
  -.13200000E+01 -.43720895E+01
  -.12800000E+01 -.86569181E+01
  -.12400000E+01 -.35978207E+02
  -.12000000E+01  .23538329E+02
  -.11600000E+01  .99687213E+01
  -.11200000E+01  .67133338E+01
  -.10800000E+01  .52455827E+01
  -.10400000E+01  .44068786E+01
  -.10000000E+01  .38619345E+01
  -.96000000E+00  .34777785E+01
  -.92000000E+00  .31911576E+01
  -.88000000E+00  .29681397E+01
  -.84000000E+00  .27888880E+01
  -.80000000E+00  .26410308E+01
  -.76000000E+00  .25164514E+01
  -.72000000E+00  .24096036E+01
  -.68000000E+00  .23165689E+01
  -.64000000E+00  .22344997E+01
  -.60000000E+00  .21612772E+01
  -.56000000E+00  .20952920E+01
  -.52000000E+00  .20352994E+01
  -.48000000E+00  .19803221E+01
  -.44000000E+00  .19295814E+01
  -.40000000E+00  .18824497E+01
  -.36000000E+00  .18384150E+01
  -.32000000E+00  .17970557E+01
  -.28000000E+00  .17580214E+01
  -.24000000E+00  .17210184E+01
  -.20000000E+00  .16857987E+01
  -.16000000E+00  .16521512E+01
  -.12000000E+00  .16198954E+01
  -.80000000E-01  .15888756E+01
  -.40000000E-01  .15589571E+01
   .12351231E-14  .15300226E+01
   .40000000E-01  .15019694E+01
   .80000000E-01  .14747073E+01
   .12000000E+00  .14481565E+01
   .16000000E+00  .14222463E+01
   .20000000E+00  .13969138E+01
   .24000000E+00  .13721029E+01
   .28000000E+00  .13477630E+01
   .32000000E+00  .13238488E+01
   .36000000E+00  .13003192E+01
   .40000000E+00  .12771373E+01
   .44000000E+00  .12542692E+01
   .48000000E+00  .12316842E+01
   .52000000E+00  .12093542E+01
   .56000000E+00  .11872534E+01
   .60000000E+00  .11653581E+01
   .64000000E+00  .11436464E+01
   .68000000E+00  .11220983E+01
   .72000000E+00  .11006949E+01
   .76000000E+00  .10794188E+01
   .80000000E+00  .10582538E+01
   .84000000E+00  .10371849E+01
   .88000000E+00  .10161977E+01
   .92000000E+00  .99527897E+00
   .96000000E+00  .97441616E+00
   .10000000E+01  .95359740E+00
   .10400000E+01  .93281147E+00
   .10800000E+01  .91204775E+00
   .11200000E+01  .89129610E+00
   .11600000E+01  .87054687E+00
   .12000000E+01  .84979082E+00
   .12400000E+01  .82901910E+00
   .12800000E+01  .80822322E+00
   .13200000E+01  .78739496E+00
   .13600000E+01  .76652641E+00
   .14000000E+01  .74560992E+00
   .14400000E+01  .72463803E+00
   .14800000E+01  .70360351E+00
   .15200000E+01  .68249929E+00
   .15600000E+01  .66131846E+00
   .16000000E+01  .64005427E+00
   .16400000E+01  .61870005E+00
   .16800000E+01  .59724927E+00
   .17200000E+01  .57569546E+00
   .17600000E+01  .55403223E+00
   .18000000E+01  .53225325E+00
   .18400000E+01  .51035224E+00
   .18800000E+01  .48832294E+00
   .19200000E+01  .46615910E+00
   .19600000E+01  .44385450E+00
   .20000000E+01  .42140291E+00
Potential  L  =        2.00000  -1.42843
  -.20000000E+01 -.13546706E+00
  -.19600000E+01 -.19175390E+00
  -.19200000E+01 -.25017330E+00
  -.18800000E+01 -.31086724E+00
  -.18400000E+01 -.37399070E+00
  -.18000000E+01 -.43971314E+00
  -.17600000E+01 -.50822032E+00
  -.17200000E+01 -.57971625E+00
  -.16800000E+01 -.65442550E+00
  -.16400000E+01 -.73259586E+00
  -.16000000E+01 -.81450141E+00
  -.15600000E+01 -.90044616E+00
  -.15200000E+01 -.99076817E+00
  -.14800000E+01 -.10858445E+01
  -.14400000E+01 -.11860970E+01
  -.14000000E+01 -.12919993E+01
  -.13600000E+01 -.14040845E+01
  -.13200000E+01 -.15229557E+01
  -.12800000E+01 -.16492969E+01
  -.12400000E+01 -.17838878E+01
  -.12000000E+01 -.19276207E+01
  -.11600000E+01 -.20815219E+01
  -.11200000E+01 -.22467775E+01
  -.10800000E+01 -.24247660E+01
  -.10400000E+01 -.26170990E+01
  -.10000000E+01 -.28256724E+01
  -.96000000E+00 -.30527325E+01
  -.92000000E+00 -.33009601E+01
  -.88000000E+00 -.35735817E+01
  -.84000000E+00 -.38745151E+01
  -.80000000E+00 -.42085657E+01
  -.76000000E+00 -.45816925E+01
  -.72000000E+00 -.50013765E+01
  -.68000000E+00 -.54771400E+01
  -.64000000E+00 -.60212933E+01
  -.60000000E+00 -.66500365E+01
  -.56000000E+00 -.73851267E+01
  -.52000000E+00 -.82564852E+01
  -.48000000E+00 -.93064225E+01
  -.44000000E+00 -.10596792E+02
  -.40000000E+00 -.12221746E+02
  -.36000000E+00 -.14331984E+02
  -.32000000E+00 -.17184702E+02
  -.28000000E+00 -.21257866E+02
  -.24000000E+00 -.27551784E+02
  -.20000000E+00 -.38570936E+02
  -.16000000E+00 -.62854284E+02
  -.12000000E+00 -.16068346E+03
  -.80000000E-01  .31708442E+03
  -.40000000E-01  .81693729E+02
   .12351231E-14  .47493121E+02
   .40000000E-01  .33766984E+02
   .80000000E-01  .26362079E+02
   .12000000E+00  .21727062E+02
   .16000000E+00  .18551223E+02
   .20000000E+00  .16238146E+02
   .24000000E+00  .14477469E+02
   .28000000E+00  .13091750E+02
   .32000000E+00  .11972190E+02
   .36000000E+00  .11048367E+02
   .40000000E+00  .10272686E+02
   .44000000E+00  .96118241E+01
   .48000000E+00  .90417537E+01
   .52000000E+00  .85447121E+01
   .56000000E+00  .81072848E+01
   .60000000E+00  .77191517E+01
   .64000000E+00  .73722438E+01
   .68000000E+00  .70601606E+01
   .72000000E+00  .67777603E+01
   .76000000E+00  .65208650E+01
   .80000000E+00  .62860447E+01
   .84000000E+00  .60704572E+01
   .88000000E+00  .58717272E+01
   .92000000E+00  .56878546E+01
   .96000000E+00  .55171426E+01
   .10000000E+01  .53581430E+01
   .10400000E+01  .52096118E+01
   .10800000E+01  .50704743E+01
   .11200000E+01  .49397978E+01
   .11600000E+01  .48167685E+01
   .12000000E+01  .47006731E+01
   .12400000E+01  .45908839E+01
   .12800000E+01  .44868463E+01
   .13200000E+01  .43880685E+01
   .13600000E+01  .42941126E+01
   .14000000E+01  .42045877E+01
   .14400000E+01  .41191436E+01
   .14800000E+01  .40374657E+01
   .15200000E+01  .39592705E+01
   .15600000E+01  .38843020E+01
   .16000000E+01  .38123282E+01
   .16400000E+01  .37431386E+01
   .16800000E+01  .36765416E+01
   .17200000E+01  .36123624E+01
   .17600000E+01  .35504413E+01
   .18000000E+01  .34906321E+01
   .18400000E+01  .34328007E+01
   .18800000E+01  .33768236E+01
   .19200000E+01  .33225874E+01
   .19600000E+01  .32699872E+01
   .20000000E+01  .32189262E+01
Core Pot   L  =        3.00000   -.10000
  -.20000000E+01  .20564578E+01
  -.19600000E+01  .20473818E+01
  -.19200000E+01  .20382732E+01
  -.18800000E+01  .20291316E+01
  -.18400000E+01  .20199567E+01
  -.18000000E+01  .20107483E+01
  -.17600000E+01  .20015060E+01
  -.17200000E+01  .19922295E+01
  -.16800000E+01  .19829184E+01
  -.16400000E+01  .19735724E+01
  -.16000000E+01  .19641911E+01
  -.15600000E+01  .19547742E+01
  -.15200000E+01  .19453214E+01
  -.14800000E+01  .19358323E+01
  -.14400000E+01  .19263066E+01
  -.14000000E+01  .19167437E+01
  -.13600000E+01  .19071435E+01
  -.13200000E+01  .18975055E+01
  -.12800000E+01  .18878292E+01
  -.12400000E+01  .18781144E+01
  -.12000000E+01  .18683606E+01
  -.11600000E+01  .18585674E+01
  -.11200000E+01  .18487345E+01
  -.10800000E+01  .18388613E+01
  -.10400000E+01  .18289474E+01
  -.10000000E+01  .18189925E+01
  -.96000000E+00  .18089961E+01
  -.92000000E+00  .17989577E+01
  -.88000000E+00  .17888768E+01
  -.84000000E+00  .17787531E+01
  -.80000000E+00  .17685861E+01
  -.76000000E+00  .17583752E+01
  -.72000000E+00  .17481200E+01
  -.68000000E+00  .17378201E+01
  -.64000000E+00  .17274748E+01
  -.60000000E+00  .17170837E+01
  -.56000000E+00  .17066463E+01
  -.52000000E+00  .16961620E+01
  -.48000000E+00  .16856304E+01
  -.44000000E+00  .16750508E+01
  -.40000000E+00  .16644227E+01
  -.36000000E+00  .16537455E+01
  -.32000000E+00  .16430188E+01
  -.28000000E+00  .16322418E+01
  -.24000000E+00  .16214141E+01
  -.20000000E+00  .16105349E+01
  -.16000000E+00  .15996037E+01
  -.12000000E+00  .15886198E+01
  -.80000000E-01  .15775827E+01
  -.40000000E-01  .15664917E+01
   .12351231E-14  .15553460E+01
   .40000000E-01  .15441451E+01
   .80000000E-01  .15328882E+01
   .12000000E+00  .15215747E+01
   .16000000E+00  .15102038E+01
   .20000000E+00  .14987749E+01
   .24000000E+00  .14872871E+01
   .28000000E+00  .14757398E+01
   .32000000E+00  .14641321E+01
   .36000000E+00  .14524633E+01
   .40000000E+00  .14407326E+01
   .44000000E+00  .14289392E+01
   .48000000E+00  .14170822E+01
   .52000000E+00  .14051609E+01
   .56000000E+00  .13931743E+01
   .60000000E+00  .13811216E+01
   .64000000E+00  .13690018E+01
   .68000000E+00  .13568142E+01
   .72000000E+00  .13445577E+01
   .76000000E+00  .13322314E+01
   .80000000E+00  .13198343E+01
   .84000000E+00  .13073655E+01
   .88000000E+00  .12948239E+01
   .92000000E+00  .12822086E+01
   .96000000E+00  .12695184E+01
   .10000000E+01  .12567523E+01
   .10400000E+01  .12439092E+01
   .10800000E+01  .12309880E+01
   .11200000E+01  .12179875E+01
   .11600000E+01  .12049067E+01
   .12000000E+01  .11917442E+01
   .12400000E+01  .11784989E+01
   .12800000E+01  .11651695E+01
   .13200000E+01  .11517548E+01
   .13600000E+01  .11382535E+01
   .14000000E+01  .11246643E+01
   .14400000E+01  .11109857E+01
   .14800000E+01  .10972164E+01
   .15200000E+01  .10833551E+01
   .15600000E+01  .10694002E+01
   .16000000E+01  .10553502E+01
   .16400000E+01  .10412037E+01
   .16800000E+01  .10269591E+01
   .17200000E+01  .10126148E+01
   .17600000E+01  .99816917E+00
   .18000000E+01  .98362057E+00
   .18400000E+01  .96896730E+00
   .18800000E+01  .95420760E+00
   .19200000E+01  .93933970E+00
   .19600000E+01  .92436176E+00
   .20000000E+01  .90927190E+00
Potential  L  =        3.00000   -.10000
  -.20000000E+01  .20605890E+01
  -.19600000E+01  .20514477E+01
  -.19200000E+01  .20422730E+01
  -.18800000E+01  .20330646E+01
  -.18400000E+01  .20238221E+01
  -.18000000E+01  .20145452E+01
  -.17600000E+01  .20052336E+01
  -.17200000E+01  .19958869E+01
  -.16800000E+01  .19865049E+01
  -.16400000E+01  .19770871E+01
  -.16000000E+01  .19676331E+01
  -.15600000E+01  .19581427E+01
  -.15200000E+01  .19486155E+01
  -.14800000E+01  .19390511E+01
  -.14400000E+01  .19294491E+01
  -.14000000E+01  .19198091E+01
  -.13600000E+01  .19101308E+01
  -.13200000E+01  .19004138E+01
  -.12800000E+01  .18906577E+01
  -.12400000E+01  .18808620E+01
  -.12000000E+01  .18710263E+01
  -.11600000E+01  .18611503E+01
  -.11200000E+01  .18512335E+01
  -.10800000E+01  .18412755E+01
  -.10400000E+01  .18312758E+01
  -.10000000E+01  .18212341E+01
  -.96000000E+00  .18111498E+01
  -.92000000E+00  .18010224E+01
  -.88000000E+00  .17908517E+01
  -.84000000E+00  .17806369E+01
  -.80000000E+00  .17703777E+01
  -.76000000E+00  .17600737E+01
  -.72000000E+00  .17497242E+01
  -.68000000E+00  .17393288E+01
  -.64000000E+00  .17288869E+01
  -.60000000E+00  .17183981E+01
  -.56000000E+00  .17078619E+01
  -.52000000E+00  .16972776E+01
  -.48000000E+00  .16866447E+01
  -.44000000E+00  .16759627E+01
  -.40000000E+00  .16652310E+01
  -.36000000E+00  .16544491E+01
  -.32000000E+00  .16436163E+01
  -.28000000E+00  .16327320E+01
  -.24000000E+00  .16217957E+01
  -.20000000E+00  .16108067E+01
  -.16000000E+00  .15997645E+01
  -.12000000E+00  .15886682E+01
  -.80000000E-01  .15775174E+01
  -.40000000E-01  .15663113E+01
   .12351231E-14  .15550493E+01
   .40000000E-01  .15437307E+01
   .80000000E-01  .15323547E+01
   .12000000E+00  .15209207E+01
   .16000000E+00  .15094280E+01
   .20000000E+00  .14978758E+01
   .24000000E+00  .14862634E+01
   .28000000E+00  .14745899E+01
   .32000000E+00  .14628547E+01
   .36000000E+00  .14510569E+01
   .40000000E+00  .14391957E+01
   .44000000E+00  .14272704E+01
   .48000000E+00  .14152799E+01
   .52000000E+00  .14032236E+01
   .56000000E+00  .13911005E+01
   .60000000E+00  .13789098E+01
   .64000000E+00  .13666504E+01
   .68000000E+00  .13543216E+01
   .72000000E+00  .13419224E+01
   .76000000E+00  .13294517E+01
   .80000000E+00  .13169087E+01
   .84000000E+00  .13042924E+01
   .88000000E+00  .12916016E+01
   .92000000E+00  .12788354E+01
   .96000000E+00  .12659927E+01
   .10000000E+01  .12530725E+01
   .10400000E+01  .12400736E+01
   .10800000E+01  .12269949E+01
   .11200000E+01  .12138352E+01
   .11600000E+01  .12005934E+01
   .12000000E+01  .11872683E+01
   .12400000E+01  .11738586E+01
   .12800000E+01  .11603632E+01
   .13200000E+01  .11467806E+01
   .13600000E+01  .11331097E+01
   .14000000E+01  .11193491E+01
   .14400000E+01  .11054974E+01
   .14800000E+01  .10915533E+01
   .15200000E+01  .10775152E+01
   .15600000E+01  .10633819E+01
   .16000000E+01  .10491517E+01
   .16400000E+01  .10348231E+01
   .16800000E+01  .10203947E+01
   .17200000E+01  .10058648E+01
   .17600000E+01  .99123178E+00
   .18000000E+01  .97649399E+00
   .18400000E+01  .96164973E+00
   .18800000E+01  .94669727E+00
   .19200000E+01  .93163481E+00
   .19600000E+01  .91646055E+00
   .20000000E+01  .90117261E+00
Core Pot   L  =        4.00000    .00000
  -.20000000E+01  .26139480E+01
  -.19600000E+01  .26068211E+01
  -.19200000E+01  .25996783E+01
  -.18800000E+01  .25925196E+01
  -.18400000E+01  .25853449E+01
  -.18000000E+01  .25781541E+01
  -.17600000E+01  .25709470E+01
  -.17200000E+01  .25637236E+01
  -.16800000E+01  .25564838E+01
  -.16400000E+01  .25492274E+01
  -.16000000E+01  .25419544E+01
  -.15600000E+01  .25346648E+01
  -.15200000E+01  .25273583E+01
  -.14800000E+01  .25200348E+01
  -.14400000E+01  .25126944E+01
  -.14000000E+01  .25053368E+01
  -.13600000E+01  .24979620E+01
  -.13200000E+01  .24905698E+01
  -.12800000E+01  .24831602E+01
  -.12400000E+01  .24757330E+01
  -.12000000E+01  .24682882E+01
  -.11600000E+01  .24608255E+01
  -.11200000E+01  .24533450E+01
  -.10800000E+01  .24458465E+01
  -.10400000E+01  .24383299E+01
  -.10000000E+01  .24307950E+01
  -.96000000E+00  .24232418E+01
  -.92000000E+00  .24156701E+01
  -.88000000E+00  .24080798E+01
  -.84000000E+00  .24004708E+01
  -.80000000E+00  .23928430E+01
  -.76000000E+00  .23851963E+01
  -.72000000E+00  .23775304E+01
  -.68000000E+00  .23698454E+01
  -.64000000E+00  .23621411E+01
  -.60000000E+00  .23544173E+01
  -.56000000E+00  .23466740E+01
  -.52000000E+00  .23389109E+01
  -.48000000E+00  .23311280E+01
  -.44000000E+00  .23233252E+01
  -.40000000E+00  .23155022E+01
  -.36000000E+00  .23076590E+01
  -.32000000E+00  .22997955E+01
  -.28000000E+00  .22919114E+01
  -.24000000E+00  .22840067E+01
  -.20000000E+00  .22760812E+01
  -.16000000E+00  .22681348E+01
  -.12000000E+00  .22601673E+01
  -.80000000E-01  .22521786E+01
  -.40000000E-01  .22441685E+01
   .12351231E-14  .22361370E+01
   .40000000E-01  .22280837E+01
   .80000000E-01  .22200087E+01
   .12000000E+00  .22119117E+01
   .16000000E+00  .22037926E+01
   .20000000E+00  .21956513E+01
   .24000000E+00  .21874875E+01
   .28000000E+00  .21793011E+01
   .32000000E+00  .21710920E+01
   .36000000E+00  .21628599E+01
   .40000000E+00  .21546048E+01
   .44000000E+00  .21463265E+01
   .48000000E+00  .21380248E+01
   .52000000E+00  .21296995E+01
   .56000000E+00  .21213504E+01
   .60000000E+00  .21129774E+01
   .64000000E+00  .21045804E+01
   .68000000E+00  .20961590E+01
   .72000000E+00  .20877133E+01
   .76000000E+00  .20792429E+01
   .80000000E+00  .20707477E+01
   .84000000E+00  .20622274E+01
   .88000000E+00  .20536821E+01
   .92000000E+00  .20451113E+01
   .96000000E+00  .20365150E+01
   .10000000E+01  .20278929E+01
   .10400000E+01  .20192449E+01
   .10800000E+01  .20105707E+01
   .11200000E+01  .20018702E+01
   .11600000E+01  .19931431E+01
   .12000000E+01  .19843893E+01
   .12400000E+01  .19756085E+01
   .12800000E+01  .19668006E+01
   .13200000E+01  .19579652E+01
   .13600000E+01  .19491023E+01
   .14000000E+01  .19402116E+01
   .14400000E+01  .19312928E+01
   .14800000E+01  .19223458E+01
   .15200000E+01  .19133702E+01
   .15600000E+01  .19043660E+01
   .16000000E+01  .18953329E+01
   .16400000E+01  .18862706E+01
   .16800000E+01  .18771789E+01
   .17200000E+01  .18680575E+01
   .17600000E+01  .18589063E+01
   .18000000E+01  .18497249E+01
   .18400000E+01  .18405132E+01
   .18800000E+01  .18312709E+01
   .19200000E+01  .18219977E+01
   .19600000E+01  .18126933E+01
   .20000000E+01  .18033576E+01
Potential  L  =        4.00000    .00000
  -.20000000E+01  .26220190E+01
  -.19600000E+01  .26148717E+01
  -.19200000E+01  .26077083E+01
  -.18800000E+01  .26005287E+01
  -.18400000E+01  .25933327E+01
  -.18000000E+01  .25861203E+01
  -.17600000E+01  .25788914E+01
  -.17200000E+01  .25716458E+01
  -.16800000E+01  .25643835E+01
  -.16400000E+01  .25571044E+01
  -.16000000E+01  .25498083E+01
  -.15600000E+01  .25424952E+01
  -.15200000E+01  .25351649E+01
  -.14800000E+01  .25278174E+01
  -.14400000E+01  .25204525E+01
  -.14000000E+01  .25130701E+01
  -.13600000E+01  .25056702E+01
  -.13200000E+01  .24982525E+01
  -.12800000E+01  .24908171E+01
  -.12400000E+01  .24833637E+01
  -.12000000E+01  .24758923E+01
  -.11600000E+01  .24684028E+01
  -.11200000E+01  .24608949E+01
  -.10800000E+01  .24533687E+01
  -.10400000E+01  .24458240E+01
  -.10000000E+01  .24382607E+01
  -.96000000E+00  .24306786E+01
  -.92000000E+00  .24230777E+01
  -.88000000E+00  .24154578E+01
  -.84000000E+00  .24078187E+01
  -.80000000E+00  .24001605E+01
  -.76000000E+00  .23924828E+01
  -.72000000E+00  .23847857E+01
  -.68000000E+00  .23770690E+01
  -.64000000E+00  .23693324E+01
  -.60000000E+00  .23615760E+01
  -.56000000E+00  .23537996E+01
  -.52000000E+00  .23460031E+01
  -.48000000E+00  .23381862E+01
  -.44000000E+00  .23303489E+01
  -.40000000E+00  .23224911E+01
  -.36000000E+00  .23146125E+01
  -.32000000E+00  .23067131E+01
  -.28000000E+00  .22987926E+01
  -.24000000E+00  .22908511E+01
  -.20000000E+00  .22828882E+01
  -.16000000E+00  .22749040E+01
  -.12000000E+00  .22668981E+01
  -.80000000E-01  .22588705E+01
  -.40000000E-01  .22508210E+01
   .12351231E-14  .22427495E+01
   .40000000E-01  .22346558E+01
   .80000000E-01  .22265397E+01
   .12000000E+00  .22184011E+01
   .16000000E+00  .22102398E+01
   .20000000E+00  .22020557E+01
   .24000000E+00  .21938486E+01
   .28000000E+00  .21856183E+01
   .32000000E+00  .21773646E+01
   .36000000E+00  .21690875E+01
   .40000000E+00  .21607866E+01
   .44000000E+00  .21524620E+01
   .48000000E+00  .21441132E+01
   .52000000E+00  .21357403E+01
   .56000000E+00  .21273430E+01
   .60000000E+00  .21189211E+01
   .64000000E+00  .21104745E+01
   .68000000E+00  .21020029E+01
   .72000000E+00  .20935062E+01
   .76000000E+00  .20849841E+01
   .80000000E+00  .20764366E+01
   .84000000E+00  .20678633E+01
   .88000000E+00  .20592642E+01
   .92000000E+00  .20506389E+01
   .96000000E+00  .20419874E+01
   .10000000E+01  .20333093E+01
   .10400000E+01  .20246045E+01
   .10800000E+01  .20158728E+01
   .11200000E+01  .20071140E+01
   .11600000E+01  .19983278E+01
   .12000000E+01  .19895141E+01
   .12400000E+01  .19806726E+01
   .12800000E+01  .19718031E+01
   .13200000E+01  .19629054E+01
   .13600000E+01  .19539792E+01
   .14000000E+01  .19450243E+01
   .14400000E+01  .19360406E+01
   .14800000E+01  .19270277E+01
   .15200000E+01  .19179854E+01
   .15600000E+01  .19089135E+01
   .16000000E+01  .18998117E+01
   .16400000E+01  .18906798E+01
   .16800000E+01  .18815176E+01
   .17200000E+01  .18723248E+01
   .17600000E+01  .18631011E+01
   .18000000E+01  .18538463E+01
   .18400000E+01  .18445601E+01
   .18800000E+01  .18352422E+01
   .19200000E+01  .18258924E+01
   .19600000E+01  .18165105E+01
   .20000000E+01  .18070961E+01
KBPotential  L  =      2.00000  -2.85687
  -.20000000E+01  .96309888E+00
  -.19600000E+01  .91312508E+00
  -.19200000E+01  .85859319E+00
  -.18800000E+01  .79867701E+00
  -.18400000E+01  .73233568E+00
  -.18000000E+01  .65823913E+00
  -.17600000E+01  .57466002E+00
  -.17200000E+01  .47931344E+00
  -.16800000E+01  .36911210E+00
  -.16400000E+01  .23978012E+00
  -.16000000E+01  .85220057E-01
  -.15600000E+01 -.10357294E+00
  -.15200000E+01 -.34047867E+00
  -.14800000E+01 -.64806746E+00
  -.14400000E+01 -.10656646E+01
  -.14000000E+01 -.16684410E+01
  -.13600000E+01 -.26203111E+01
  -.13200000E+01 -.43597266E+01
  -.12800000E+01 -.85884888E+01
  -.12400000E+01 -.34542906E+02
  -.12000000E+01  .24312926E+02
  -.11600000E+01  .10122143E+02
  -.11200000E+01  .67890049E+01
  -.10800000E+01  .52949412E+01
  -.10400000E+01  .44435808E+01
  -.10000000E+01  .38913087E+01
  -.96000000E+00  .35023899E+01
  -.92000000E+00  .32124178E+01
  -.88000000E+00  .29869011E+01
  -.84000000E+00  .28057020E+01
  -.80000000E+00  .26562731E+01
  -.76000000E+00  .25303891E+01
  -.72000000E+00  .24224332E+01
  -.68000000E+00  .23284388E+01
  -.64000000E+00  .22455252E+01
  -.60000000E+00  .21715493E+01
  -.56000000E+00  .21048842E+01
  -.52000000E+00  .20442718E+01
  -.48000000E+00  .19887247E+01
  -.44000000E+00  .19374565E+01
  -.40000000E+00  .18898331E+01
  -.36000000E+00  .18453378E+01
  -.32000000E+00  .18035451E+01
  -.28000000E+00  .17641013E+01
  -.24000000E+00  .17267101E+01
  -.20000000E+00  .16911214E+01
  -.16000000E+00  .16571224E+01
  -.12000000E+00  .16245311E+01
  -.80000000E-01  .15931906E+01
  -.40000000E-01  .15629653E+01
   .12351231E-14  .15337370E+01
   .40000000E-01  .15054024E+01
   .80000000E-01  .14778706E+01
   .12000000E+00  .14510615E+01
   .16000000E+00  .14249041E+01
   .20000000E+00  .13993352E+01
   .24000000E+00  .13742983E+01
   .28000000E+00  .13497429E+01
   .32000000E+00  .13256236E+01
   .36000000E+00  .13018993E+01
   .40000000E+00  .12785329E+01
   .44000000E+00  .12554908E+01
   .48000000E+00  .12327422E+01
   .52000000E+00  .12102593E+01
   .56000000E+00  .11880163E+01
   .60000000E+00  .11659898E+01
   .64000000E+00  .11441582E+01
   .68000000E+00  .11225015E+01
   .72000000E+00  .11010013E+01
   .76000000E+00  .10796404E+01
   .80000000E+00  .10584031E+01
   .84000000E+00  .10372744E+01
   .88000000E+00  .10162407E+01
   .92000000E+00  .99528887E+00
   .96000000E+00  .97440695E+00
   .10000000E+01  .95358350E+00
   .10400000E+01  .93280779E+00
   .10800000E+01  .91206969E+00
   .11200000E+01  .89135962E+00
   .11600000E+01  .87066849E+00
   .12000000E+01  .84998766E+00
   .12400000E+01  .82930891E+00
   .12800000E+01  .80862438E+00
   .13200000E+01  .78792656E+00
   .13600000E+01  .76720825E+00
   .14000000E+01  .74646253E+00
   .14400000E+01  .72568274E+00
   .14800000E+01  .70486245E+00
   .15200000E+01  .68399545E+00
   .15600000E+01  .66307572E+00
   .16000000E+01  .64209741E+00
   .16400000E+01  .62105484E+00
   .16800000E+01  .59994246E+00
   .17200000E+01  .57875487E+00
   .17600000E+01  .55748678E+00
   .18000000E+01  .53613298E+00
   .18400000E+01  .51468837E+00
   .18800000E+01  .49314795E+00
   .19200000E+01  .47150675E+00
   .19600000E+01  .44975990E+00
   .20000000E+01  .42790255E+00
KBPotential  L  =       .00000  -1.34609
  -.20000000E+01  .73228804E+00
  -.19600000E+01  .71349363E+00
  -.19200000E+01  .69450612E+00
  -.18800000E+01  .67532133E+00
  -.18400000E+01  .65593492E+00
  -.18000000E+01  .63634244E+00
  -.17600000E+01  .61653930E+00
  -.17200000E+01  .59652075E+00
  -.16800000E+01  .57628191E+00
  -.16400000E+01  .55581772E+00
  -.16000000E+01  .53512300E+00
  -.15600000E+01  .51419235E+00
  -.15200000E+01  .49302024E+00
  -.14800000E+01  .47160092E+00
  -.14400000E+01  .44992846E+00
  -.14000000E+01  .42799676E+00
  -.13600000E+01  .40579947E+00
  -.13200000E+01  .38333006E+00
  -.12800000E+01  .36058174E+00
  -.12400000E+01  .33754752E+00
  -.12000000E+01  .31422014E+00
  -.11600000E+01  .29059209E+00
  -.11200000E+01  .26665560E+00
  -.10800000E+01  .24240260E+00
  -.10400000E+01  .21782475E+00
  -.10000000E+01  .19291339E+00
  -.96000000E+00  .16765954E+00
  -.92000000E+00  .14205388E+00
  -.88000000E+00  .11608674E+00
  -.84000000E+00  .89748097E-01
  -.80000000E+00  .63027514E-01
  -.76000000E+00  .35914163E-01
  -.72000000E+00  .83967873E-02
  -.68000000E+00 -.19536320E-01
  -.64000000E+00 -.47897333E-01
  -.60000000E+00 -.76698924E-01
  -.56000000E+00 -.10595428E+00
  -.52000000E+00 -.13567715E+00
  -.48000000E+00 -.16588184E+00
  -.44000000E+00 -.19658327E+00
  -.40000000E+00 -.22779700E+00
  -.36000000E+00 -.25953928E+00
  -.32000000E+00 -.29182704E+00
  -.28000000E+00 -.32467800E+00
  -.24000000E+00 -.35811063E+00
  -.20000000E+00 -.39214428E+00
  -.16000000E+00 -.42679917E+00
  -.12000000E+00 -.46209645E+00
  -.80000000E-01 -.49805829E+00
  -.40000000E-01 -.53470790E+00
   .12351231E-14 -.57206960E+00
   .40000000E-01 -.61016891E+00
   .80000000E-01 -.64903261E+00
   .12000000E+00 -.68868883E+00
   .16000000E+00 -.72916710E+00
   .20000000E+00 -.77049849E+00
   .24000000E+00 -.81271568E+00
   .28000000E+00 -.85585308E+00
   .32000000E+00 -.89994694E+00
   .36000000E+00 -.94503546E+00
   .40000000E+00 -.99115896E+00
   .44000000E+00 -.10383600E+01
   .48000000E+00 -.10866836E+01
   .52000000E+00 -.11361772E+01
   .56000000E+00 -.11868912E+01
   .60000000E+00 -.12388790E+01
   .64000000E+00 -.12921969E+01
   .68000000E+00 -.13469050E+01
   .72000000E+00 -.14030669E+01
   .76000000E+00 -.14607504E+01
   .80000000E+00 -.15200273E+01
   .84000000E+00 -.15809744E+01
   .88000000E+00 -.16436735E+01
   .92000000E+00 -.17082118E+01
   .96000000E+00 -.17746826E+01
   .10000000E+01 -.18431855E+01
   .10400000E+01 -.19138274E+01
   .10800000E+01 -.19867228E+01
   .11200000E+01 -.20619947E+01
   .11600000E+01 -.21397752E+01
   .12000000E+01 -.22202064E+01
   .12400000E+01 -.23034419E+01
   .12800000E+01 -.23896470E+01
   .13200000E+01 -.24790008E+01
   .13600000E+01 -.25716970E+01
   .14000000E+01 -.26679458E+01
   .14400000E+01 -.27679755E+01
   .14800000E+01 -.28720346E+01
   .15200000E+01 -.29803942E+01
   .15600000E+01 -.30933502E+01
   .16000000E+01 -.32112267E+01
   .16400000E+01 -.33343794E+01
   .16800000E+01 -.34631991E+01
   .17200000E+01 -.35981167E+01
   .17600000E+01 -.37396080E+01
   .18000000E+01 -.38882003E+01
   .18400000E+01 -.40444790E+01
   .18800000E+01 -.42090961E+01
   .19200000E+01 -.43827800E+01
   .19600000E+01 -.45663470E+01
   .20000000E+01 -.47607149E+01
KBPotential  L  =      1.00000   -.40276
  -.20000000E+01  .11582954E+01
  -.19600000E+01  .11438043E+01
  -.19200000E+01  .11292098E+01
  -.18800000E+01  .11145104E+01
  -.18400000E+01  .10997042E+01
  -.18000000E+01  .10847896E+01
  -.17600000E+01  .10697648E+01
  -.17200000E+01  .10546279E+01
  -.16800000E+01  .10393772E+01
  -.16400000E+01  .10240108E+01
  -.16000000E+01  .10085266E+01
  -.15600000E+01  .99292273E+00
  -.15200000E+01  .97719713E+00
  -.14800000E+01  .96134770E+00
  -.14400000E+01  .94537231E+00
  -.14000000E+01  .92926877E+00
  -.13600000E+01  .91303484E+00
  -.13200000E+01  .89666820E+00
  -.12800000E+01  .88016652E+00
  -.12400000E+01  .86352734E+00
  -.12000000E+01  .84674818E+00
  -.11600000E+01  .82982652E+00
  -.11200000E+01  .81275973E+00
  -.10800000E+01  .79554513E+00
  -.10400000E+01  .77817997E+00
  -.10000000E+01  .76066143E+00
  -.96000000E+00  .74298658E+00
  -.92000000E+00  .72515249E+00
  -.88000000E+00  .70715606E+00
  -.84000000E+00  .68899415E+00
  -.80000000E+00  .67066354E+00
  -.76000000E+00  .65216090E+00
  -.72000000E+00  .63348281E+00
  -.68000000E+00  .61462578E+00
  -.64000000E+00  .59558617E+00
  -.60000000E+00  .57636028E+00
  -.56000000E+00  .55694429E+00
  -.52000000E+00  .53733426E+00
  -.48000000E+00  .51752613E+00
  -.44000000E+00  .49751575E+00
  -.40000000E+00  .47729881E+00
  -.36000000E+00  .45687088E+00
  -.32000000E+00  .43622742E+00
  -.28000000E+00  .41536371E+00
  -.24000000E+00  .39427492E+00
  -.20000000E+00  .37295604E+00
  -.16000000E+00  .35140193E+00
  -.12000000E+00  .32960726E+00
  -.80000000E-01  .30756656E+00
  -.40000000E-01  .28527409E+00
   .12351231E-14  .26272412E+00
   .40000000E-01  .23991054E+00
   .80000000E-01  .21682712E+00
   .12000000E+00  .19346741E+00
   .16000000E+00  .16982472E+00
   .20000000E+00  .14589223E+00
   .24000000E+00  .12166267E+00
   .28000000E+00  .97128736E-01
   .32000000E+00  .72282765E-01
   .36000000E+00  .47116845E-01
   .40000000E+00  .21622778E-01
   .44000000E+00 -.42079319E-02
   .48000000E+00 -.30384092E-01
   .52000000E+00 -.56914835E-01
   .56000000E+00 -.83809630E-01
   .60000000E+00 -.11107831E+00
   .64000000E+00 -.13873107E+00
   .68000000E+00 -.16677852E+00
   .72000000E+00 -.19523165E+00
   .76000000E+00 -.22410191E+00
   .80000000E+00 -.25340119E+00
   .84000000E+00 -.28314186E+00
   .88000000E+00 -.31333679E+00
   .92000000E+00 -.34399940E+00
   .96000000E+00 -.37514362E+00
   .10000000E+01 -.40678401E+00
   .10400000E+01 -.43893572E+00
   .10800000E+01 -.47161457E+00
   .11200000E+01 -.50483705E+00
   .11600000E+01 -.53862038E+00
   .12000000E+01 -.57298256E+00
   .12400000E+01 -.60794238E+00
   .12800000E+01 -.64351948E+00
   .13200000E+01 -.67973445E+00
   .13600000E+01 -.71660878E+00
   .14000000E+01 -.75416503E+00
   .14400000E+01 -.79242681E+00
   .14800000E+01 -.83141888E+00
   .15200000E+01 -.87116723E+00
   .15600000E+01 -.91169912E+00
   .16000000E+01 -.95304322E+00
   .16400000E+01 -.99522963E+00
   .16800000E+01 -.10382900E+01
   .17200000E+01 -.10822578E+01
   .17600000E+01 -.11271680E+01
   .18000000E+01 -.11730577E+01
   .18400000E+01 -.12199660E+01
   .18800000E+01 -.12679341E+01
   .19200000E+01 -.13170055E+01
   .19600000E+01 -.13672263E+01
   .20000000E+01 -.14186453E+01
KBPotential  L  =      3.00000    .00000
  -.20000000E+01  .20605890E+01
  -.19600000E+01  .20514477E+01
  -.19200000E+01  .20422730E+01
  -.18800000E+01  .20330646E+01
  -.18400000E+01  .20238221E+01
  -.18000000E+01  .20145452E+01
  -.17600000E+01  .20052336E+01
  -.17200000E+01  .19958869E+01
  -.16800000E+01  .19865049E+01
  -.16400000E+01  .19770871E+01
  -.16000000E+01  .19676331E+01
  -.15600000E+01  .19581427E+01
  -.15200000E+01  .19486155E+01
  -.14800000E+01  .19390511E+01
  -.14400000E+01  .19294491E+01
  -.14000000E+01  .19198091E+01
  -.13600000E+01  .19101308E+01
  -.13200000E+01  .19004138E+01
  -.12800000E+01  .18906577E+01
  -.12400000E+01  .18808620E+01
  -.12000000E+01  .18710263E+01
  -.11600000E+01  .18611503E+01
  -.11200000E+01  .18512335E+01
  -.10800000E+01  .18412755E+01
  -.10400000E+01  .18312758E+01
  -.10000000E+01  .18212341E+01
  -.96000000E+00  .18111498E+01
  -.92000000E+00  .18010224E+01
  -.88000000E+00  .17908517E+01
  -.84000000E+00  .17806369E+01
  -.80000000E+00  .17703777E+01
  -.76000000E+00  .17600737E+01
  -.72000000E+00  .17497242E+01
  -.68000000E+00  .17393288E+01
  -.64000000E+00  .17288869E+01
  -.60000000E+00  .17183981E+01
  -.56000000E+00  .17078619E+01
  -.52000000E+00  .16972776E+01
  -.48000000E+00  .16866447E+01
  -.44000000E+00  .16759627E+01
  -.40000000E+00  .16652310E+01
  -.36000000E+00  .16544491E+01
  -.32000000E+00  .16436163E+01
  -.28000000E+00  .16327320E+01
  -.24000000E+00  .16217957E+01
  -.20000000E+00  .16108067E+01
  -.16000000E+00  .15997645E+01
  -.12000000E+00  .15886682E+01
  -.80000000E-01  .15775174E+01
  -.40000000E-01  .15663113E+01
   .12351231E-14  .15550493E+01
   .40000000E-01  .15437307E+01
   .80000000E-01  .15323547E+01
   .12000000E+00  .15209207E+01
   .16000000E+00  .15094280E+01
   .20000000E+00  .14978758E+01
   .24000000E+00  .14862634E+01
   .28000000E+00  .14745899E+01
   .32000000E+00  .14628547E+01
   .36000000E+00  .14510569E+01
   .40000000E+00  .14391957E+01
   .44000000E+00  .14272704E+01
   .48000000E+00  .14152799E+01
   .52000000E+00  .14032236E+01
   .56000000E+00  .13911005E+01
   .60000000E+00  .13789098E+01
   .64000000E+00  .13666504E+01
   .68000000E+00  .13543216E+01
   .72000000E+00  .13419224E+01
   .76000000E+00  .13294517E+01
   .80000000E+00  .13169087E+01
   .84000000E+00  .13042924E+01
   .88000000E+00  .12916016E+01
   .92000000E+00  .12788354E+01
   .96000000E+00  .12659927E+01
   .10000000E+01  .12530725E+01
   .10400000E+01  .12400736E+01
   .10800000E+01  .12269949E+01
   .11200000E+01  .12138352E+01
   .11600000E+01  .12005934E+01
   .12000000E+01  .11872683E+01
   .12400000E+01  .11738586E+01
   .12800000E+01  .11603632E+01
   .13200000E+01  .11467806E+01
   .13600000E+01  .11331097E+01
   .14000000E+01  .11193491E+01
   .14400000E+01  .11054974E+01
   .14800000E+01  .10915533E+01
   .15200000E+01  .10775152E+01
   .15600000E+01  .10633819E+01
   .16000000E+01  .10491517E+01
   .16400000E+01  .10348231E+01
   .16800000E+01  .10203947E+01
   .17200000E+01  .10058648E+01
   .17600000E+01  .99123178E+00
   .18000000E+01  .97649399E+00
   .18400000E+01  .96164973E+00
   .18800000E+01  .94669727E+00
   .19200000E+01  .93163481E+00
   .19600000E+01  .91646055E+00
   .20000000E+01  .90117261E+00
KBPotential  L  =      4.00000    .00000
  -.20000000E+01  .26220190E+01
  -.19600000E+01  .26148717E+01
  -.19200000E+01  .26077083E+01
  -.18800000E+01  .26005287E+01
  -.18400000E+01  .25933327E+01
  -.18000000E+01  .25861203E+01
  -.17600000E+01  .25788914E+01
  -.17200000E+01  .25716458E+01
  -.16800000E+01  .25643835E+01
  -.16400000E+01  .25571044E+01
  -.16000000E+01  .25498083E+01
  -.15600000E+01  .25424952E+01
  -.15200000E+01  .25351649E+01
  -.14800000E+01  .25278174E+01
  -.14400000E+01  .25204525E+01
  -.14000000E+01  .25130701E+01
  -.13600000E+01  .25056702E+01
  -.13200000E+01  .24982525E+01
  -.12800000E+01  .24908171E+01
  -.12400000E+01  .24833637E+01
  -.12000000E+01  .24758923E+01
  -.11600000E+01  .24684028E+01
  -.11200000E+01  .24608949E+01
  -.10800000E+01  .24533687E+01
  -.10400000E+01  .24458240E+01
  -.10000000E+01  .24382607E+01
  -.96000000E+00  .24306786E+01
  -.92000000E+00  .24230777E+01
  -.88000000E+00  .24154578E+01
  -.84000000E+00  .24078187E+01
  -.80000000E+00  .24001605E+01
  -.76000000E+00  .23924828E+01
  -.72000000E+00  .23847857E+01
  -.68000000E+00  .23770690E+01
  -.64000000E+00  .23693324E+01
  -.60000000E+00  .23615760E+01
  -.56000000E+00  .23537996E+01
  -.52000000E+00  .23460031E+01
  -.48000000E+00  .23381862E+01
  -.44000000E+00  .23303489E+01
  -.40000000E+00  .23224911E+01
  -.36000000E+00  .23146125E+01
  -.32000000E+00  .23067131E+01
  -.28000000E+00  .22987926E+01
  -.24000000E+00  .22908511E+01
  -.20000000E+00  .22828882E+01
  -.16000000E+00  .22749040E+01
  -.12000000E+00  .22668981E+01
  -.80000000E-01  .22588705E+01
  -.40000000E-01  .22508210E+01
   .12351231E-14  .22427495E+01
   .40000000E-01  .22346558E+01
   .80000000E-01  .22265397E+01
   .12000000E+00  .22184011E+01
   .16000000E+00  .22102398E+01
   .20000000E+00  .22020557E+01
   .24000000E+00  .21938486E+01
   .28000000E+00  .21856183E+01
   .32000000E+00  .21773646E+01
   .36000000E+00  .21690875E+01
   .40000000E+00  .21607866E+01
   .44000000E+00  .21524620E+01
   .48000000E+00  .21441132E+01
   .52000000E+00  .21357403E+01
   .56000000E+00  .21273430E+01
   .60000000E+00  .21189211E+01
   .64000000E+00  .21104745E+01
   .68000000E+00  .21020029E+01
   .72000000E+00  .20935062E+01
   .76000000E+00  .20849841E+01
   .80000000E+00  .20764366E+01
   .84000000E+00  .20678633E+01
   .88000000E+00  .20592642E+01
   .92000000E+00  .20506389E+01
   .96000000E+00  .20419874E+01
   .10000000E+01  .20333093E+01
   .10400000E+01  .20246045E+01
   .10800000E+01  .20158728E+01
   .11200000E+01  .20071140E+01
   .11600000E+01  .19983278E+01
   .12000000E+01  .19895141E+01
   .12400000E+01  .19806726E+01
   .12800000E+01  .19718031E+01
   .13200000E+01  .19629054E+01
   .13600000E+01  .19539792E+01
   .14000000E+01  .19450243E+01
   .14400000E+01  .19360406E+01
   .14800000E+01  .19270277E+01
   .15200000E+01  .19179854E+01
   .15600000E+01  .19089135E+01
   .16000000E+01  .18998117E+01
   .16400000E+01  .18906798E+01
   .16800000E+01  .18815176E+01
   .17200000E+01  .18723248E+01
   .17600000E+01  .18631011E+01
   .18000000E+01  .18538463E+01
   .18400000E+01  .18445601E+01
   .18800000E+01  .18352422E+01
   .19200000E+01  .18258924E+01
   .19600000E+01  .18165105E+01
   .20000000E+01  .18070961E+01
