W : p6s1d5                              
  .264982913E+00  .268537096E+00  .272138602E+00  .275788052E+00  .279486078E+00
  .283233318E+00  .287030422E+00  .290878043E+00  .294776847E+00  .298727506E+00
  .302730702E+00  .306787125E+00  .310897475E+00  .315062458E+00  .319282793E+00
  .323559207E+00  .327892434E+00  .332283220E+00  .336732320E+00  .341240499E+00
  .345808531E+00  .350437199E+00  .355127299E+00  .359879636E+00  .364695022E+00
  .369574285E+00  .374518260E+00  .379527792E+00  .384603741E+00  .389746972E+00
  .394958367E+00  .400238816E+00  .405589220E+00  .411010492E+00  .416503559E+00
  .422069356E+00  .427708833E+00  .433422950E+00  .439212680E+00  .445079008E+00
  .451022933E+00  .457045465E+00  .463147628E+00  .469330457E+00  .475595002E+00
  .481942326E+00  .488373505E+00  .494889629E+00  .501491801E+00  .508181140E+00
  .514958776E+00  .521825855E+00  .528783538E+00  .535833000E+00  .542975431E+00
  .550212035E+00  .557544032E+00  .564972658E+00  .572499162E+00  .580124812E+00
  .587850890E+00  .595678695E+00  .603609540E+00  .611644757E+00  .619785693E+00
  .628033714E+00  .636390201E+00  .644856553E+00  .653434185E+00  .662124533E+00
  .670929048E+00  .679849199E+00  .688886475E+00  .698042383E+00  .707318447E+00
  .716716213E+00  .726237243E+00  .735883121E+00  .745655448E+00  .755555848E+00
  .765585961E+00  .775747451E+00  .786042001E+00  .796471314E+00  .807037116E+00
  .817741151E+00  .828585189E+00  .839571016E+00  .850700446E+00  .861975310E+00
  .873397465E+00  .884968790E+00  .896691185E+00  .908566575E+00  .920596909E+00
  .932784158E+00  .945130318E+00  .957637410E+00  .970307477E+00  .983142591E+00
  .996144844E+00  .100931636E+01  .102265928E+01  .103617578E+01  .104986805E+01
  .106373833E+01  .107778885E+01  .109202191E+01  .110643980E+01  .112104487E+01
  .113583946E+01  .115082597E+01  .116600683E+01  .118138447E+01  .119696137E+01
  .121274005E+01  .122872303E+01  .124491288E+01  .126131220E+01  .127792362E+01
  .129474980E+01  .131179342E+01  .132905721E+01  .134654393E+01  .136425635E+01
  .138219731E+01  .140036964E+01  .141877625E+01  .143742005E+01  .145630399E+01
  .147543107E+01  .149480430E+01  .151442675E+01  .153430152E+01  .155443173E+01
  .157482056E+01  .159547120E+01  .161638690E+01  .163757094E+01  .165902664E+01
  .168075735E+01  .170276646E+01  .172505741E+01  .174763367E+01  .177049876E+01
  .179365622E+01  .181710965E+01  .184086269E+01  .186491901E+01  .188928233E+01
  .191395640E+01  .193894503E+01  .196425208E+01  .198988141E+01  .201583697E+01
  .204212274E+01  .206874274E+01  .209570103E+01  .212300172E+01  .215064898E+01
  .217864701E+01  .220700006E+01  .223571244E+01  .226478847E+01  .229423257E+01
  .232404918E+01  .235424278E+01  .238481792E+01  .241577919E+01  .244713123E+01
  .247887873E+01  .251102644E+01  .254357916E+01  .257654172E+01  .260991904E+01
  .264371605E+01  .267793778E+01  .271258927E+01  .274767564E+01  .278320207E+01
  .281917377E+01  .285559602E+01  .289247417E+01  .292981360E+01  .296761976E+01
  .300589816E+01  .304465437E+01  .308389400E+01  .312362274E+01  .316384633E+01
  .320457057E+01  .324580133E+01  .328754451E+01  .332980611E+01  .337259218E+01
  .341590880E+01  .345976217E+01  .350415849E+01  .354910408E+01  .359460528E+01
  .364066853E+01  .368730030E+01  .373450715E+01  .378229570E+01  .383067262E+01
  .387964468E+01  .392921868E+01  .397940151E+01  .403020012E+01  .408162152E+01
  .413367282E+01  .418636115E+01  .423969375E+01  .429367792E+01  .434832100E+01
  .440363046E+01  .445961377E+01  .451627854E+01  .457363239E+01  .463168306E+01
  .469043834E+01  .474990608E+01  .481009424E+01  .487101081E+01  .493266389E+01
  .499506163E+01  .505821227E+01  .512212412E+01  .518680555E+01  .525226503E+01
  .531851108E+01  .538555232E+01  .545339742E+01  .552205516E+01  .559153437E+01
  .566184396E+01  .573299292E+01  .580499032E+01  .587784531E+01  .595156710E+01
  .602616501E+01  .610164840E+01  .617802673E+01  .625530954E+01  .633350644E+01
  .641262711E+01  .649268134E+01  .657367897E+01  .665562991E+01  .673854419E+01
  .682243187E+01  .690730313E+01  .699316821E+01  .708003741E+01  .716792115E+01
  .725682989E+01  .734677420E+01  .743776470E+01  .752981211E+01  .762292721E+01
  .771712087E+01  .781240403E+01  .790878773E+01  .800628305E+01  .810490117E+01
  .820465335E+01  .830555091E+01  .840760525E+01  .851082787E+01  .861523030E+01
  .872082419E+01  .882762124E+01  .893563322E+01  .904487199E+01  .915534946E+01
  .926707764E+01  .938006860E+01  .949433446E+01  .960988744E+01  .972673982E+01
  .984490395E+01  .996439223E+01  .100852171E+02  .102073913E+02  .103309272E+02
  .104558375E+02  .105821351E+02  .107098328E+02  .108389433E+02  .109694796E+02
  .111014547E+02  .112348816E+02  .113697735E+02  .115061434E+02  .116440047E+02
  .117833704E+02  .119242541E+02  .120666689E+02  .122106284E+02  .123561460E+02
  .125032351E+02  .126519094E+02  .128021823E+02  .129540676E+02  .131075789E+02
  .132627298E+02  .134195342E+02  .135780057E+02  .137381582E+02  .139000055E+02
  .140635614E+02  .142288398E+02  .143958545E+02  .145646196E+02  .147351488E+02
  .149074562E+02  .150815557E+02  .152574611E+02  .154351866E+02  .156147460E+02
  .157961533E+02  .159794224E+02  .161645674E+02  .163516020E+02  .165405403E+02
  .167313962E+02  .169241835E+02  .171189160E+02  .173156077E+02  .175142724E+02
  .177149237E+02  .179175755E+02  .181222413E+02  .183289349E+02  .185376699E+02
  .187484597E+02  .189613178E+02  .191762577E+02  .193932927E+02  .196124361E+02
  .198337010E+02  .200571006E+02  .202826479E+02  .205103559E+02  .207402372E+02
  .209723048E+02  .212065712E+02  .214430490E+02  .216817504E+02  .219226879E+02
  .221658735E+02  .224113193E+02  .226590370E+02  .229090385E+02  .231613353E+02
  .234159389E+02  .236728603E+02  .239321108E+02  .241937011E+02  .244576421E+02
  .247239442E+02  .249926176E+02  .252636727E+02  .255371191E+02  .258129666E+02
  .260912247E+02  .263719025E+02  .266550089E+02  .269405528E+02  .272285426E+02
  .275189864E+02  .278118921E+02  .281072675E+02  .284051198E+02  .287054560E+02
  .290082829E+02  .293136069E+02  .296214341E+02  .299317703E+02  .302446207E+02
  .305599906E+02  .308778846E+02  .311983069E+02  .315212616E+02  .318467522E+02
  .321747818E+02  .325053532E+02  .328384687E+02  .331741302E+02  .335123390E+02
  .338530963E+02  .341964026E+02  .345422578E+02  .348906616E+02  .352416131E+02
  .355951109E+02  .359511530E+02  .363097370E+02  .366708598E+02  .370345180E+02
  .374007075E+02  .377694235E+02  .381406609E+02  .385144137E+02  .388906756E+02
  .392694394E+02  .396506976E+02  .400344417E+02  .404206627E+02  .408093512E+02
  .412004966E+02  .415940880E+02  .419901138E+02  .423885615E+02  .427894179E+02
  .431926693E+02  .435983009E+02  .440062974E+02  .444166427E+02  .448293199E+02
  .452443111E+02  .456615980E+02  .460811611E+02  .465029803E+02  .469270345E+02
  .473533018E+02  .477817596E+02  .482123842E+02  .486451511E+02  .490800349E+02
  .495170092E+02  .499560468E+02  .503971196E+02  .508401983E+02  .512852529E+02
  .517322524E+02  .521811646E+02  .526319566E+02  .530845942E+02  .535390426E+02
  .539952655E+02  .544532258E+02  .549128855E+02  .553742053E+02  .558371450E+02
  .563016632E+02  .567677175E+02  .572352644E+02  .577042593E+02  .581746565E+02
  .586464091E+02  .591194693E+02  .595937880E+02  .600693149E+02  .605459987E+02
  .610237870E+02  .615026260E+02  .619824611E+02  .624632362E+02  .629448942E+02
  .634273768E+02  .639106246E+02  .643945768E+02  .648791718E+02  .653643464E+02
  .658500364E+02  .663361766E+02  .668227003E+02  .673095399E+02  .677966264E+02
  .682838896E+02  .687712584E+02  .692586603E+02  .697460217E+02  .702332678E+02
  .707203226E+02  .712071091E+02  .716935490E+02  .721795630E+02  .726650704E+02
  .731499898E+02  .736342384E+02  .741177322E+02  .746003864E+02  .750821150E+02
  .755628309E+02  .760424460E+02  .765208711E+02  .769980161E+02  .774737898E+02
  .779481000E+02  .784208538E+02  .788919570E+02  .793613148E+02  .798288312E+02
  .802944096E+02  .807579525E+02  .812193614E+02  .816785373E+02  .821353802E+02
  .825897896E+02  .830416641E+02  .834909017E+02  .839373998E+02  .843810552E+02
  .848217642E+02  .852594225E+02  .856939254E+02  .861251676E+02  .865530436E+02
  .869774475E+02  .873982731E+02  .878154138E+02  .882287629E+02  .886382137E+02
  .890436591E+02  .894449922E+02  .898421058E+02  .902348931E+02  .906232472E+02
  .910070614E+02  .913862291E+02  .917606444E+02  .921302012E+02  .924947942E+02
  .928543186E+02  .932086698E+02  .935577441E+02  .939014386E+02  .942396508E+02
  .945722792E+02  .948992234E+02  .952203836E+02  .955356614E+02  .958449593E+02
  .961481812E+02  .964452322E+02  .967360187E+02  .970204488E+02  .972984319E+02
  .975698792E+02  .978347035E+02  .980928196E+02  .983441440E+02  .985885952E+02
  .988260939E+02  .990565630E+02  .992799274E+02  .994961148E+02  .997050550E+02
  .999066805E+02  .100100926E+03  .100287730E+03  .100467033E+03  .100638779E+03
  .100802914E+03  .100959389E+03  .101108155E+03  .101249170E+03  .101382394E+03
  .101507790E+03  .101625325E+03  .101734969E+03  .101836699E+03  .101930491E+03
  .102016329E+03  .102094199E+03  .102164093E+03  .102226006E+03  .102279937E+03
  .102325890E+03  .102363876E+03  .102393906E+03  .102416001E+03  .102430182E+03
  .102436478E+03  .102434923E+03  .102425555E+03  .102408417E+03  .102383559E+03
  .102351035E+03  .102310905E+03  .102263235E+03  .102208094E+03  .102145561E+03
  .102075717E+03  .101998651E+03  .101914456E+03  .101823234E+03  .101725089E+03
  .101620133E+03  .101508486E+03  .101390270E+03  .101265616E+03  .101134660E+03
  .100997546E+03  .100854421E+03  .100705441E+03  .100550767E+03  .100390566E+03
  .100225012E+03  .100054284E+03  .998785698E+02  .996980602E+02  .995129541E+02
  .993234559E+02  .991297762E+02  .989321317E+02  .987307450E+02  .985258446E+02
  .983176649E+02  .981064462E+02  .978924344E+02  .976758810E+02  .974570430E+02
  .972361829E+02  .970135685E+02  .967894728E+02  .965641737E+02  .963379541E+02
  .961111018E+02  .958839091E+02  .956566727E+02  .954296937E+02  .952032772E+02
  .949777324E+02  .947533719E+02  .945305120E+02  .943094724E+02  .940905756E+02
  .938741472E+02  .936605152E+02  .934500100E+02  .932429642E+02  .930397119E+02
  .928405891E+02  .926459328E+02  .924560810E+02  .922713725E+02  .920921461E+02
  .919187410E+02  .917514958E+02  .915907486E+02  .914368364E+02  .912900950E+02
  .911508583E+02  .910194583E+02  .908962245E+02  .907814835E+02  .906755587E+02
  .905787700E+02  .904914333E+02  .904138598E+02  .903463564E+02  .902892242E+02
  .902427591E+02  .902072507E+02  .901829821E+02  .901702296E+02  .901692621E+02
  .901803407E+02  .902037183E+02  .902396390E+02  .902883380E+02  .903500409E+02
  .904249633E+02  .905133104E+02  .906152768E+02  .907310454E+02  .908607879E+02
  .910046634E+02  .911628189E+02  .913353883E+02  .915224920E+02  .917242369E+02
  .919407156E+02  .921720063E+02  .924181721E+02  .926792610E+02  .929553054E+02
  .932463215E+02  .935523094E+02  .938732526E+02  .942091176E+02  .945598535E+02
  .949253923E+02  .953056477E+02  .957005160E+02  .961098747E+02  .965335833E+02
  .969714824E+02  .974233939E+02  .978891207E+02  .983684468E+02  .988611367E+02
  .993669359E+02  .998855705E+02  .100416747E+03  .100960154E+03  .101515458E+03
  .102082308E+03  .102660335E+03  .103249148E+03  .103848339E+03  .104457481E+03
  .105076128E+03  .105703815E+03  .106340061E+03  .106984364E+03  .107636206E+03
  .108295054E+03  .108960355E+03  .109631540E+03  .110308025E+03  .110989211E+03
  .111674483E+03  .112363212E+03  .113054755E+03  .113748456E+03  .114443646E+03
  .115139644E+03  .115835759E+03  .116531289E+03  .117225521E+03  .117917736E+03
  .118607204E+03  .119293190E+03  .119974951E+03  .120651742E+03  .121322809E+03
  .121987398E+03  .122644752E+03  .123294113E+03  .123934721E+03  .124565820E+03
  .125186654E+03  .125796469E+03  .126394519E+03  .126980060E+03  .127552357E+03
  .128110680E+03  .128654313E+03  .129182545E+03  .129694680E+03  .130190035E+03
  .130667938E+03  .131127737E+03  .131568792E+03  .131990484E+03  .132392212E+03
  .132773396E+03  .133133477E+03  .133471920E+03  .133788214E+03  .134081871E+03
  .134352434E+03  .134599469E+03  .134822574E+03  .135021377E+03  .135195535E+03
  .135344740E+03  .135468714E+03  .135567217E+03  .135640041E+03  .135687015E+03
  .135708006E+03  .135702919E+03  .135671694E+03  .135614316E+03  .135530804E+03
  .135421223E+03  .135285674E+03  .135124304E+03  .134937299E+03  .134724888E+03
  .134487344E+03  .134224981E+03  .133938155E+03  .133627269E+03  .133292764E+03
  .132935126E+03  .132554884E+03  .132152608E+03  .131728911E+03  .131284446E+03
  .130819907E+03  .130336029E+03  .129833586E+03  .129313389E+03  .128776289E+03
  .128223171E+03  .127654958E+03  .127072605E+03  .126477100E+03  .125869463E+03
  .125250745E+03  .124622023E+03  .123984402E+03  .123339012E+03  .122687005E+03
  .122029555E+03  .121367854E+03  .120703111E+03  .120036552E+03  .119369412E+03
  .118702939E+03  .118038386E+03  .117377013E+03  .116720083E+03  .116068858E+03
  .115424598E+03  .114788559E+03  .114161986E+03  .113546117E+03  .112942175E+03
  .112351366E+03  .111774879E+03  .111213878E+03  .110669507E+03  .110142878E+03
  .109635075E+03  .109147149E+03  .108680115E+03  .108234947E+03  .107812582E+03
  .107413908E+03  .107039772E+03  .106690966E+03  .106368234E+03  .106072266E+03
  .105803694E+03  .105563091E+03  .105350971E+03  .105167785E+03  .105013918E+03
  .104889689E+03  .104795349E+03  .104731079E+03  .104696989E+03  .104693117E+03
  .104719427E+03  .104775808E+03  .104862075E+03  .104977968E+03  .105123148E+03
  .105297201E+03  .105499637E+03  .105729889E+03  .105987315E+03  .106271196E+03
  .106580738E+03  .106915075E+03  .107273267E+03  .107654302E+03  .108057099E+03
  .108480509E+03  .108923315E+03  .109384238E+03  .109861935E+03  .110355006E+03
  .110861993E+03  .111381384E+03  .111911617E+03  .112451082E+03  .112998126E+03
  .113551054E+03  .114108137E+03  .114667611E+03  .115227684E+03  .115786540E+03
  .116342342E+03  .116893238E+03  .117437365E+03  .117972853E+03  .118497830E+03
  .119010426E+03  .119508782E+03  .119991049E+03  .120455396E+03  .120900013E+03
  .121323122E+03  .121722972E+03  .122097853E+03  .122446095E+03  .122766077E+03
  .123056228E+03  .123315033E+03  .123541040E+03  .123732861E+03  .123889178E+03
  .124008748E+03  .124090403E+03  .124133060E+03  .124135720E+03  .124097473E+03
  .124017503E+03  .123895087E+03  .123729601E+03  .123520524E+03  .123267434E+03
  .122970018E+03  .122628067E+03  .122241484E+03  .121810278E+03  .121334572E+03
  .120814597E+03  .120250698E+03  .119643330E+03  .118993061E+03  .118300569E+03
  .117566639E+03  .116792168E+03  .115978158E+03  .115125716E+03  .114236050E+03
  .113310470E+03  .112350381E+03  .111357284E+03  .110332768E+03  .109278510E+03
  .108196268E+03  .107087879E+03  .105955252E+03  .104800367E+03  .103625264E+03
  .102432044E+03  .101222858E+03  .999999055E+02  .987654262E+02  .975216940E+02
  .962710119E+02  .950157044E+02  .937581123E+02  .925005846E+02  .912454738E+02
  .899951272E+02  .887518822E+02  .875180577E+02  .862959492E+02  .850878207E+02
  .838958994E+02  .827223681E+02  .815693599E+02  .804389507E+02  .793331549E+02
  .782539172E+02  .772031092E+02  .761825220E+02  .751938625E+02  .742387466E+02
  .733186964E+02  .724351339E+02  .715893785E+02  .707826416E+02  .700160242E+02
  .692905131E+02  .686069784E+02  .679661707E+02  .673687195E+02  .668151309E+02
  .663057868E+02  .658409436E+02  .654207320E+02  .650451566E+02  .647140964E+02
  .644273053E+02  .641844133E+02  .639849278E+02  .638282360E+02  .637136062E+02
  .636401916E+02  .636070320E+02  .636130583E+02  .636570958E+02  .637378678E+02
  .638540006E+02  .640040275E+02  .641863944E+02  .643994643E+02  .646415235E+02
  .649107864E+02  .652054020E+02  .655234597E+02  .658629958E+02  .662219991E+02
  .665984183E+02  .669901679E+02  .673951350E+02  .678111860E+02  .682361737E+02
  .686679428E+02  .691043379E+02  .695432090E+02  .699824190E+02  .704198489E+02
  .708534056E+02  .712810264E+02  .717006864E+02  .721104031E+02  .725082434E+02
  .728923271E+02  .732608339E+02  .736120066E+02  .739441573E+02  .742556699E+02
  .745450061E+02  .748107070E+02  .750513986E+02  .752657926E+02  .754526914E+02
  .756109883E+02  .757396715E+02  .758378240E+02  .759046265E+02  .759393570E+02
  .759413929E+02  .759102098E+02  .758453828E+02  .757465850E+02  .756135881E+02
  .754462598E+02  .752445636E+02  .750085579E+02  .747383929E+02  .744343084E+02
  .740966323E+02  .737257773E+02  .733222383E+02  .728865893E+02  .724194793E+02
  .719216317E+02  .713938373E+02  .708369525E+02  .702518945E+02  .696396378E+02
  .690012100E+02  .683376878E+02  .676501920E+02  .669398849E+02  .662079636E+02
  .654556583E+02  .646842255E+02  .638949461E+02  .630891185E+02  .622680573E+02
  .614330862E+02  .605855369E+02  .597267418E+02  .588580336E+02  .579807381E+02
  .570961736E+02  .562056445E+02  .553104408E+02  .544118317E+02  .535110657E+02
  .526093643E+02  .517079225E+02  .508079031E+02  .499104374E+02  .490166191E+02
  .481275064E+02  .472441161E+02  .463674254E+02  .454983670E+02  .446378309E+02
  .437866600E+02  .429456526E+02  .421155577E+02  .412970780E+02  .404908661E+02
  .396975275E+02  .389176166E+02  .381516410E+02  .374000571E+02  .366632748E+02
  .359416541E+02  .352355091E+02  .345451051E+02  .338706632E+02  .332123577E+02
  .325703204E+02  .319446386E+02  .313353596E+02  .307424887E+02  .301659940E+02
  .296058048E+02  .290618158E+02  .285338863E+02  .280218444E+02  .275254861E+02
  .270445797E+02  .265788650E+02  .261280577E+02  .256918484E+02  .252699076E+02
  .248618842E+02  .244674105E+02  .240861013E+02  .237175580E+02  .233613684E+02
  .230171103E+02  .226843513E+02  .223626525E+02  .220515683E+02  .217506494E+02
  .214594435E+02  .211774976E+02  .209043586E+02  .206395750E+02  .203826985E+02
  .201332851E+02  .198908947E+02  .196550966E+02  .194254665E+02  .192015886E+02
  .189830568E+02  .187694753E+02  .185604598E+02  .183556379E+02  .181546496E+02
  .179571485E+02  .177628016E+02  .175712885E+02  .173823069E+02  .171955673E+02
  .170107954E+02  .168277325E+02  .166461348E+02  .164657743E+02  .162864385E+02
  .161079303E+02  .159300680E+02  .157526852E+02  .155756305E+02  .153987673E+02
  .152219735E+02  .150451414E+02  .148681767E+02  .146909994E+02  .145135425E+02
  .143357513E+02  .141575836E+02  .139790088E+02  .138000076E+02  .136205714E+02
  .134407020E+02  .132604105E+02  .130797174E+02  .128986518E+02  .127172505E+02
  .125355581E+02  .123536258E+02  .121715111E+02  .119892775E+02  .118069935E+02
  .116247323E+02  .114425711E+02  .112605910E+02  .110788758E+02  .108975120E+02
  .107165885E+02  .105361952E+02  .103564238E+02  .101773663E+02  .999911529E+01
  .982176296E+01  .964540129E+01  .947012126E+01  .929601279E+01  .912316419E+01
  .895166207E+01  .878159086E+01  .861303274E+01  .844606724E+01  .828077114E+01
  .811721819E+01  .795547900E+01  .779562081E+01  .763770743E+01  .748179902E+01
  .732795213E+01  .717621940E+01  .702664957E+01  .687928757E+01  .673417445E+01
  .659134672E+01  .645083829E+01  .631267732E+01  .617688998E+01  .604349669E+01
  .591251593E+01  .578396039E+01  .565784106E+01  .553416371E+01  .541293195E+01
  .529414455E+01  .517779838E+01  .506388568E+01  .495239699E+01  .484331844E+01
  .473663477E+01  .463232650E+01  .453037307E+01  .443074995E+01  .433343085E+01
  .423838791E+01  .414559121E+01  .405500813E+01  .396660509E+01  .388034570E+01
  .379619372E+01  .371411034E+01  .363405632E+01  .355599056E+01  .347987183E+01
  .340565726E+01  .333330411E+01  .326276827E+01  .319400599E+01  .312697235E+01
  .306162306E+01  .299791285E+01  .293579729E+01  .287523116E+01  .281617029E+01
  .275856990E+01  .270238641E+01  .264757526E+01  .259409437E+01  .254190074E+01
  .249095291E+01  .244120917E+01  .239262951E+01  .234517377E+01  .229880354E+01
  .225348040E+01  .220916772E+01  .216582895E+01  .212342942E+01  .208193451E+01
  .204131160E+01  .200152813E+01  .196255360E+01  .192435754E+01  .188691158E+01
  .185018744E+01  .181415887E+01  .177879973E+01  .174408594E+01  .170999348E+01
  .167650038E+01  .164358471E+01  .161122658E+01  .157940608E+01  .154810533E+01
  .151730638E+01  .148699327E+01  .145714994E+01  .142776226E+01  .139881594E+01
  .137029860E+01  .134219764E+01  .131450229E+01  .128720142E+01  .126028589E+01
  .123374614E+01  .120757430E+01  .118176214E+01  .115630309E+01  .113119015E+01
  .110641791E+01  .108198045E+01  .105787342E+01  .103409190E+01  .101063245E+01
  .987491015E+00  .964664982E+00  .942151062E+00  .919947341E+00  .898051173E+00
  .876461246E+00  .855175474E+00  .834193041E+00  .813512303E+00  .793132851E+00
  .773053415E+00  .753273897E+00  .733793291E+00  .714611739E+00  .695728441E+00
  .677143694E+00  .658856812E+00  .640868186E+00  .623177199E+00  .605784264E+00
  .588688756E+00  .571891063E+00  .555390518E+00  .539187426E+00  .523281005E+00
  .507671444E+00  .492357858E+00  .477340257E+00  .462617577E+00  .448189645E+00
  .434055206E+00  .420213871E+00  .406664157E+00  .393405449E+00  .380436031E+00
  .367755040E+00  .355360505E+00  .343251309E+00  .331425234E+00  .319880900E+00
  .308615822E+00  .297628361E+00  .286915786E+00  .276476194E+00  .266306593E+00
  .256404834E+00  .246767687E+00  .237392636E+00  .228276573E+00  .219416399E+00
  .210808905E+00  .202450777E+00  .194338599E+00  .186468860E+00  .178837958E+00
  .171442204E+00  .164277825E+00  .157340919E+00  .150627623E+00  .144133950E+00
  .137855852E+00  .131789223E+00  .125929911E+00  .120273718E+00  .114816405E+00
  .109553704E+00  .104481316E+00  .995949222E-01  .948901848E-01  .903627562E-01
  .860082824E-01  .818224089E-01  .778007851E-01  .739390704E-01  .702329382E-01
  .666780810E-01  .632702155E-01  .600050861E-01  .568784704E-01  .538861825E-01
  .510240773E-01  .482880547E-01  .456740624E-01  .431781004E-01  .407962235E-01
  .385245447E-01  .363592381E-01  .342965415E-01  .323327591E-01  .304642636E-01
  .286874983E-01  .269989792E-01  .253952967E-01  .238731168E-01  .224291829E-01
  .210603167E-01  .197633833E-01  .185354015E-01  .173734321E-01  .162746165E-01
  .152361780E-01  .142554214E-01  .133297326E-01  .124565790E-01  .116335090E-01
  .108581513E-01  .101282142E-01  .944148532E-02  .879583043E-02  .818919250E-02
  .761959072E-02  .708511931E-02  .658394601E-02  .611431161E-02  .567452767E-02
  .526297540E-02  .487810406E-02  .451842948E-02  .418253238E-02  .386905671E-02
  .357670800E-02  .330425159E-02  .305051091E-02  .281436572E-02  .259475032E-02
  .239065181E-02  .220110826E-02  .202520698E-02  .186208272E-02  .171091593E-02
  .157093103E-02  .144139466E-02  .132161401E-02  .121093513E-02  .110874131E-02
  .101445143E-02  .927518397E-03  .847427629E-03  .773695506E-03  .705867922E-03
  .643518855E-03  .586248979E-03  .533684316E-03  .485474937E-03  .441293701E-03
  .400835042E-03  .363813792E-03  .329964059E-03  .299038140E-03  .270805479E-03
  .245051674E-03  .221577517E-03  .200198083E-03  .180741861E-03  .163049917E-03
  .146975109E-03  .132381329E-03  .119142789E-03  .107143345E-03  .962758513E-04
  .864415535E-04  .775495125E-04  .695160621E-04  .622642967E-04  .557235894E-04
  .498291377E-04  .445215382E-04  .397463855E-04  .354538979E-04  .315985659E-04
  .281388240E-04  .250367437E-04  .222577473E-04  .197703411E-04  .175458670E-04
  .155582715E-04  .137838908E-04  .122012523E-04  .107908894E-04  .953517143E-05
  .841814485E-05  .742538794E-05  .654387593E-05  .576185694E-05  .506873778E-05
  .445497886E-05  .391199769E-05  .343208037E-05  .300830042E-05  .263444446E-05
  .230494429E-05  .201481479E-05  .175959727E-05  .153530790E-05  .133839062E-05
  .116567443E-05  .101433455E-05  .881857171E-06  .766007488E-06  .664800797E-06
  .576476321E-06  .499473581E-06  .432411067E-06  .374067018E-06  .323362121E-06
  .279343957E-06  .241173023E-06  .208110211E-06  .179505583E-06  .154788340E-06
  .133457860E-06  .115075720E-06  .992585901E-07  .856719431E-07  .740244830E-07
  .640632430E-07  .555692911E-07  .483539964E-07  .422558148E-07  .371375663E-07
  .328841789E-07  .294009104E-07  .247515853E-07  .208274372E-07  .175192202E-07
  .147335560E-07  .123907252E-07  .104227534E-07  .877175288E-08  .738848977E-08
  .623114664E-08  .526425558E-08  .445778002E-08  .378632572E-08  .322846427E-08
  .276615427E-08  .238424762E-08  .207006992E-08  .181306553E-08  .160449944E-08
  .143720911E-08  .130540099E-08  .120448722E-08  .113095950E-08  .108229698E-08
  .105691079E-08  .105411921E-08  .864293722E-09  .707571240E-09  .578375749E-09
  .472035791E-09  .384643638E-09  .312935424E-09  .254189254E-09  .206138744E-09
  .166899754E-09  .134908407E-09  .108868727E-09  .877084864E-10  .705420244E-10
  .566389894E-10  .453981079E-10  .363252031E-10  .290148087E-10  .231348141E-10
  .184136631E-10  .146297009E-10  .116023223E-10  .918463156E-11  .725736483E-11
  .572386785E-11  .450595290E-11  .354048730E-11  .277658947E-11  .217332856E-11
  .169784091E-11  .132379046E-11  .103011299E-11  .799993593E-12  .620035855E-12
  .479588019E-12  .370197598E-12  .285170830E-12  .219217522E-12  .168165333E-12
  .128730381E-12  .983334552E-13  .749530714E-13  .570082410E-13  .432651336E-13
  .327629303E-13  .247550455E-13  .186626364E-13  .140379099E-13  .105352285E-13
  .788840738E-14  .589291681E-14  .439196220E-14  .326562127E-14  .242238717E-14
  .179259976E-14  .132335575E-14  .974573909E-15  .715960704E-15  .524675885E-15
  .383540957E-15  .279667672E-15  .203410681E-15  .147569711E-15  .106783376E-15
  .770697415E-16  .554790249E-16  .398317287E-16  .285217126E-16  .203684869E-16
  .145067196E-16  .103038000E-16  .729850293E-17  .515547462E-17  .363155212E-17
  .255090839E-17  .178676118E-17  .124795021E-17  .869114666E-18  .603525818E-18
  .417872116E-18  .288475826E-18  .198556269E-18  .136255958E-18  .932211818E-19
  .635843632E-19  .432366455E-19  .293095294E-19  .198066053E-19  .133427292E-19
  .895986996E-20  .599749727E-20  .400164486E-20  .266131259E-20  .176413060E-20
  .116555193E-20  .767515280E-21  .503715497E-21  .329469145E-21  .214765009E-21
  .139514622E-21  .903173848E-22  .582648061E-22  .374552228E-22  .239925993E-22
  .153140006E-22  .973943979E-23  .617164107E-23  .389651203E-23  .245102234E-23
  .153603643E-23  .959015792E-24  .596495132E-24  .369599816E-24  .228132404E-24
  .140268185E-24  .859082416E-25  .524083273E-25  .318450434E-25  .192728357E-25
  .116170981E-25  .697403122E-26  .416955901E-26  .248257323E-26  .147199151E-26
  .869131124E-27  .511007668E-27  .299169202E-27  .174396924E-27  .101222772E-27
  .584951659E-28  .336549409E-28  .192774428E-28  .109927478E-28  .624027516E-29
  .352635566E-29  .198361561E-29  .111066212E-29  .618989556E-30  .343356563E-30
  .189562170E-30  .104156353E-30  .569548867E-31  .309934964E-31  .167836955E-31
  .904409262E-32  .484937330E-32  .258721258E-32  .137336834E-32  .725325193E-33
  .381111071E-33  .199216613E-33  .103594499E-33  .535879090E-34  .275738612E-34
  .141127142E-34  .718434338E-35  .363754538E-35  .183170548E-35  .917296398E-36
  .456826541E-36  .226235725E-36  .111408860E-36  .545515726E-37  .265585260E-37
  .128555246E-37  .618649432E-38  .295970263E-38  .140760141E-38  .665455170E-39
  .312712030E-39  .146061601E-39  .678066124E-40  .312846453E-40  .143447213E-40
  .653631568E-41  .295959372E-41  .133158019E-41  .595273444E-42  .264397452E-42
  .116672107E-42  .511473448E-43  .222742199E-43  .963567548E-44  .414036651E-44
  .176705022E-44  .749012065E-45  .315307785E-45  .131814287E-45  .547202339E-46
  .225562364E-46  .923196038E-47  .375150039E-47  .151347343E-47  .606147214E-48
  .240984718E-48  .951006159E-49  .372506411E-49  .144815389E-49  .558727391E-50
  .213925729E-50  .812787854E-51  .306418949E-51  .114617556E-51  .425359810E-52
  .156604412E-52  .571960434E-53  .207211781E-53  .744596753E-54  .265373544E-54
  .937983562E-55  .328779734E-55  .114276761E-55  .393844242E-56  .134578340E-56
  .455911009E-57  .153111970E-57  .509720429E-58  .168196979E-58  .550093841E-59
  .000000000E+00  .000000000E+00  .000000000E+00  .000000000E+00  .000000000E+00
  .000000000E+00  .000000000E+00  .000000000E+00  .000000000E+00  .000000000E+00
  .000000000E+00  .000000000E+00  .000000000E+00  .000000000E+00  .000000000E+00
  .000000000E+00  .000000000E+00  .000000000E+00  .000000000E+00  .000000000E+00
  .000000000E+00  .000000000E+00  .000000000E+00  .000000000E+00  .000000000E+00
  .000000000E+00  .000000000E+00  .000000000E+00  .000000000E+00  .000000000E+00
  .000000000E+00  .000000000E+00  .000000000E+00  .000000000E+00  .000000000E+00
  .000000000E+00  .000000000E+00  .000000000E+00  .000000000E+00  .000000000E+00
  .000000000E+00  .000000000E+00  .000000000E+00  .000000000E+00  .000000000E+00
  .000000000E+00  .000000000E+00  .000000000E+00  .000000000E+00  .000000000E+00
  .000000000E+00  .000000000E+00  .000000000E+00  .000000000E+00  .000000000E+00
  .000000000E+00  .000000000E+00  .000000000E+00  .000000000E+00  .000000000E+00
  .000000000E+00  .000000000E+00  .000000000E+00  .000000000E+00  .000000000E+00
  .000000000E+00  .000000000E+00  .000000000E+00  .000000000E+00  .000000000E+00
  .000000000E+00  .000000000E+00  .000000000E+00  .000000000E+00  .000000000E+00
  .000000000E+00  .000000000E+00  .000000000E+00  .000000000E+00  .000000000E+00
  .000000000E+00  .000000000E+00  .000000000E+00  .000000000E+00  .000000000E+00
  .000000000E+00  .000000000E+00  .000000000E+00  .000000000E+00  .000000000E+00
  .000000000E+00  .000000000E+00  .000000000E+00  .000000000E+00  .000000000E+00
  .000000000E+00  .000000000E+00  .000000000E+00  .000000000E+00  .000000000E+00
  .000000000E+00  .000000000E+00  .000000000E+00  .000000000E+00  .000000000E+00
  .000000000E+00  .000000000E+00  .000000000E+00  .000000000E+00  .000000000E+00
  .000000000E+00  .000000000E+00  .000000000E+00  .000000000E+00  .000000000E+00
  .000000000E+00  .000000000E+00  .000000000E+00  .000000000E+00  .000000000E+00
  .000000000E+00  .000000000E+00  .000000000E+00  .000000000E+00  .000000000E+00
  .000000000E+00  .000000000E+00  .000000000E+00  .000000000E+00  .000000000E+00
  .000000000E+00  .000000000E+00  .000000000E+00  .000000000E+00  .000000000E+00
  .000000000E+00  .000000000E+00  .000000000E+00  .000000000E+00  .000000000E+00
  .000000000E+00  .000000000E+00  .000000000E+00  .000000000E+00  .000000000E+00
  .000000000E+00  .000000000E+00  .000000000E+00  .000000000E+00  .000000000E+00
  .000000000E+00  .000000000E+00  .000000000E+00  .000000000E+00  .000000000E+00
  .000000000E+00  .000000000E+00  .000000000E+00  .000000000E+00  .000000000E+00
  .000000000E+00  .000000000E+00  .000000000E+00  .000000000E+00  .000000000E+00
  .000000000E+00  .000000000E+00  .000000000E+00  .000000000E+00  .000000000E+00
  .000000000E+00  .000000000E+00  .000000000E+00  .000000000E+00  .000000000E+00
  .000000000E+00  .000000000E+00  .000000000E+00  .000000000E+00  .000000000E+00
  .000000000E+00  .000000000E+00  .000000000E+00  .000000000E+00  .000000000E+00
  .000000000E+00  .000000000E+00  .000000000E+00  .000000000E+00  .000000000E+00
  .000000000E+00  .000000000E+00  .000000000E+00  .000000000E+00  .000000000E+00
  .000000000E+00  .000000000E+00  .000000000E+00  .000000000E+00  .000000000E+00
  .000000000E+00  .000000000E+00  .000000000E+00  .000000000E+00  .000000000E+00
  .000000000E+00  .000000000E+00  .000000000E+00  .000000000E+00  .000000000E+00
  .000000000E+00  .000000000E+00  .000000000E+00  .000000000E+00  .000000000E+00
  .000000000E+00  .000000000E+00  .000000000E+00  .000000000E+00  .000000000E+00
  .000000000E+00  .000000000E+00  .000000000E+00  .000000000E+00  .000000000E+00
  .000000000E+00  .000000000E+00  .000000000E+00  .000000000E+00  .000000000E+00
  .000000000E+00  .000000000E+00  .000000000E+00  .000000000E+00  .000000000E+00
  .000000000E+00  .000000000E+00  .000000000E+00  .000000000E+00  .000000000E+00
  .000000000E+00  .000000000E+00  .000000000E+00  .000000000E+00  .000000000E+00
  .000000000E+00  .000000000E+00  .000000000E+00  .000000000E+00  .000000000E+00
  .000000000E+00  .000000000E+00  .000000000E+00  .000000000E+00  .000000000E+00
  .000000000E+00  .000000000E+00  .000000000E+00  .000000000E+00  .000000000E+00
