   Th_s: PAW                             
 100
Core Pot   L  =         .00000   -.30974
  -.30000000E+01  .25063799E+01
  -.29500000E+01  .22110269E+01
  -.29000000E+01  .20328652E+01
  -.28500000E+01  .19106877E+01
  -.28000000E+01  .18195435E+01
  -.27500000E+01  .17473536E+01
  -.27000000E+01  .16875573E+01
  -.26500000E+01  .16362826E+01
  -.26000000E+01  .15910962E+01
  -.25500000E+01  .15503909E+01
  -.25000000E+01  .15130619E+01
  -.24500000E+01  .14783240E+01
  -.24000000E+01  .14456030E+01
  -.23500000E+01  .14144690E+01
  -.23000000E+01  .13845927E+01
  -.22500000E+01  .13557177E+01
  -.22000000E+01  .13276401E+01
  -.21500000E+01  .13001960E+01
  -.21000000E+01  .12732512E+01
  -.20500000E+01  .12466942E+01
  -.20000000E+01  .12204318E+01
  -.19500000E+01  .11943842E+01
  -.19000000E+01  .11684831E+01
  -.18500000E+01  .11426685E+01
  -.18000000E+01  .11168880E+01
  -.17500000E+01  .10910942E+01
  -.17000000E+01  .10652447E+01
  -.16500000E+01  .10393007E+01
  -.16000000E+01  .10132260E+01
  -.15500000E+01  .98698705E+00
  -.15000000E+01  .96055202E+00
  -.14500000E+01  .93389044E+00
  -.14000000E+01  .90697291E+00
  -.13500000E+01  .87977073E+00
  -.13000000E+01  .85225564E+00
  -.12500000E+01  .82439957E+00
  -.12000000E+01  .79617440E+00
  -.11500000E+01  .76755177E+00
  -.11000000E+01  .73850283E+00
  -.10500000E+01  .70899810E+00
  -.10000000E+01  .67900725E+00
  -.95000000E+00  .64849892E+00
  -.90000000E+00  .61744050E+00
  -.85000000E+00  .58579797E+00
  -.80000000E+00  .55353568E+00
  -.75000000E+00  .52061609E+00
  -.70000000E+00  .48699961E+00
  -.65000000E+00  .45264429E+00
  -.60000000E+00  .41750556E+00
  -.55000000E+00  .38153596E+00
  -.50000000E+00  .34468478E+00
  -.45000000E+00  .30689772E+00
  -.40000000E+00  .26811651E+00
  -.35000000E+00  .22827838E+00
  -.30000000E+00  .18731569E+00
  -.25000000E+00  .14515526E+00
  -.20000000E+00  .10171780E+00
  -.15000000E+00  .56917195E-01
  -.10000000E+00  .10659661E-01
  -.50000000E-01 -.37157141E-01
  -.22898350E-14 -.86645172E-01
   .50000000E-01 -.13792722E+00
   .10000000E+00 -.19113830E+00
   .15000000E+00 -.24642725E+00
   .20000000E+00 -.30395858E+00
   .25000000E+00 -.36391469E+00
   .30000000E+00 -.42649835E+00
   .35000000E+00 -.49193571E+00
   .40000000E+00 -.56047983E+00
   .45000000E+00 -.63241479E+00
   .50000000E+00 -.70806073E+00
   .55000000E+00 -.78777974E+00
   .60000000E+00 -.87198301E+00
   .65000000E+00 -.96113957E+00
   .70000000E+00 -.10557868E+01
   .75000000E+00 -.11565434E+01
   .80000000E+00 -.12641257E+01
   .85000000E+00 -.13793672E+01
   .90000000E+00 -.15032443E+01
   .95000000E+00 -.16369079E+01
   .10000000E+01 -.17817243E+01
   .10500000E+01 -.19393284E+01
   .11000000E+01 -.21116933E+01
   .11500000E+01 -.23012220E+01
   .12000000E+01 -.25108722E+01
   .12500000E+01 -.27443253E+01
   .13000000E+01 -.30062235E+01
   .13500000E+01 -.33025044E+01
   .14000000E+01 -.36408871E+01
   .14500000E+01 -.40315952E+01
   .15000000E+01 -.44884620E+01
   .15500000E+01 -.50306785E+01
   .16000000E+01 -.56856657E+01
   .16500000E+01 -.64940169E+01
   .17000000E+01 -.75184873E+01
   .17500000E+01 -.88615097E+01
   .18000000E+01 -.10702441E+02
   .18500000E+01 -.13386468E+02
   .19000000E+01 -.17673875E+02
   .19500000E+01 -.25632240E+02
   .20000000E+01 -.45564867E+02
Potential  L  =         .00000   -.30974
  -.30000000E+01  .15168202E+01
  -.29500000E+01  .15007398E+01
  -.29000000E+01  .14845030E+01
  -.28500000E+01  .14681055E+01
  -.28000000E+01  .14515428E+01
  -.27500000E+01  .14348102E+01
  -.27000000E+01  .14179029E+01
  -.26500000E+01  .14008159E+01
  -.26000000E+01  .13835437E+01
  -.25500000E+01  .13660809E+01
  -.25000000E+01  .13484216E+01
  -.24500000E+01  .13305597E+01
  -.24000000E+01  .13124888E+01
  -.23500000E+01  .12942022E+01
  -.23000000E+01  .12756928E+01
  -.22500000E+01  .12569532E+01
  -.22000000E+01  .12379756E+01
  -.21500000E+01  .12187518E+01
  -.21000000E+01  .11992731E+01
  -.20500000E+01  .11795303E+01
  -.20000000E+01  .11595140E+01
  -.19500000E+01  .11392137E+01
  -.19000000E+01  .11186189E+01
  -.18500000E+01  .10977181E+01
  -.18000000E+01  .10764991E+01
  -.17500000E+01  .10549493E+01
  -.17000000E+01  .10330549E+01
  -.16500000E+01  .10108015E+01
  -.16000000E+01  .98817378E+00
  -.15500000E+01  .96515521E+00
  -.15000000E+01  .94172834E+00
  -.14500000E+01  .91787445E+00
  -.14000000E+01  .89357355E+00
  -.13500000E+01  .86880421E+00
  -.13000000E+01  .84354345E+00
  -.12500000E+01  .81776658E+00
  -.12000000E+01  .79144705E+00
  -.11500000E+01  .76455625E+00
  -.11000000E+01  .73706328E+00
  -.10500000E+01  .70893477E+00
  -.10000000E+01  .68013457E+00
  -.95000000E+00  .65062343E+00
  -.90000000E+00  .62035871E+00
  -.85000000E+00  .58929395E+00
  -.80000000E+00  .55737846E+00
  -.75000000E+00  .52455675E+00
  -.70000000E+00  .49076801E+00
  -.65000000E+00  .45594539E+00
  -.60000000E+00  .42001522E+00
  -.55000000E+00  .38289613E+00
  -.50000000E+00  .34449797E+00
  -.45000000E+00  .30472057E+00
  -.40000000E+00  .26345229E+00
  -.35000000E+00  .22056831E+00
  -.30000000E+00  .17592858E+00
  -.25000000E+00  .12937537E+00
  -.20000000E+00  .80730401E-01
  -.15000000E+00  .29791304E-01
  -.10000000E+00 -.23672642E-01
  -.50000000E-01 -.79925702E-01
  -.22898350E-14 -.13927208E+00
   .50000000E-01 -.20206383E+00
   .10000000E+00 -.26871076E+00
   .15000000E+00 -.33969284E+00
   .20000000E+00 -.41557603E+00
   .25000000E+00 -.49703258E+00
   .30000000E+00 -.58486734E+00
   .35000000E+00 -.68005233E+00
   .40000000E+00 -.78377279E+00
   .45000000E+00 -.89748919E+00
   .50000000E+00 -.10230225E+01
   .55000000E+00 -.11626728E+01
   .60000000E+00 -.13193889E+01
   .65000000E+00 -.14970144E+01
   .70000000E+00 -.17006561E+01
   .75000000E+00 -.19372499E+01
   .80000000E+00 -.22164616E+01
   .85000000E+00 -.25521779E+01
   .90000000E+00 -.29650948E+01
   .95000000E+00 -.34874770E+01
   .10000000E+01 -.41725589E+01
   .10500000E+01 -.51148905E+01
   .11000000E+01 -.65000798E+01
   .11500000E+01 -.87491907E+01
   .12000000E+01 -.13065554E+02
   .12500000E+01 -.24827099E+02
   .13000000E+01 -.19001958E+03
   .13500000E+01  .34788573E+02
   .14000000E+01  .16139238E+02
   .14500000E+01  .10572204E+02
   .15000000E+01  .78851993E+01
   .15500000E+01  .62953741E+01
   .16000000E+01  .52395324E+01
   .16500000E+01  .44834838E+01
   .17000000E+01  .39124055E+01
   .17500000E+01  .34633794E+01
   .18000000E+01  .30990357E+01
   .18500000E+01  .27957758E+01
   .19000000E+01  .25379594E+01
   .19500000E+01  .23148064E+01
   .20000000E+01  .21186413E+01
Core Pot   L  =        1.00000  -1.57913
  -.30000000E+01  .13649904E+01
  -.29500000E+01  .13421147E+01
  -.29000000E+01  .13185707E+01
  -.28500000E+01  .12942986E+01
  -.28000000E+01  .12692305E+01
  -.27500000E+01  .12432886E+01
  -.27000000E+01  .12163838E+01
  -.26500000E+01  .11884133E+01
  -.26000000E+01  .11592573E+01
  -.25500000E+01  .11287763E+01
  -.25000000E+01  .10968060E+01
  -.24500000E+01  .10631518E+01
  -.24000000E+01  .10275814E+01
  -.23500000E+01  .98981482E+00
  -.23000000E+01  .94951195E+00
  -.22500000E+01  .90625489E+00
  -.22000000E+01  .85952441E+00
  -.21500000E+01  .80866706E+00
  -.21000000E+01  .75284858E+00
  -.20500000E+01  .69098645E+00
  -.20000000E+01  .62164986E+00
  -.19500000E+01  .54290695E+00
  -.19000000E+01  .45208394E+00
  -.18500000E+01  .34537060E+00
  -.18000000E+01  .21714357E+00
  -.17500000E+01  .58741811E-01
  -.17000000E+01 -.14390743E+00
  -.16500000E+01 -.41529940E+00
  -.16000000E+01 -.80219714E+00
  -.15500000E+01 -.14063837E+01
  -.15000000E+01 -.24993148E+01
  -.14500000E+01 -.51283461E+01
  -.14000000E+01 -.20829714E+02
  -.13500000E+01  .15693484E+02
  -.13000000E+01  .65556718E+01
  -.12500000E+01  .44305108E+01
  -.12000000E+01  .34748951E+01
  -.11500000E+01  .29260273E+01
  -.11000000E+01  .25659042E+01
  -.10500000E+01  .23086298E+01
  -.10000000E+01  .21135094E+01
  -.95000000E+00  .19587714E+01
  -.90000000E+00  .18317119E+01
  -.85000000E+00  .17244175E+01
  -.80000000E+00  .16317007E+01
  -.75000000E+00  .15500176E+01
  -.70000000E+00  .14768638E+01
  -.65000000E+00  .14104185E+01
  -.60000000E+00  .13493247E+01
  -.55000000E+00  .12925497E+01
  -.50000000E+00  .12392930E+01
  -.45000000E+00  .11889232E+01
  -.40000000E+00  .11409352E+01
  -.35000000E+00  .10949191E+01
  -.30000000E+00  .10505383E+01
  -.25000000E+00  .10075125E+01
  -.20000000E+00  .96560640E+00
  -.15000000E+00  .92461976E+00
  -.10000000E+00  .88438063E+00
  -.50000000E-01  .84473979E+00
  -.22898350E-14  .80556641E+00
   .50000000E-01  .76674464E+00
   .10000000E+00  .72817085E+00
   .15000000E+00  .68975138E+00
   .20000000E+00  .65140073E+00
   .25000000E+00  .61304006E+00
   .30000000E+00  .57459589E+00
   .35000000E+00  .53599906E+00
   .40000000E+00  .49718378E+00
   .45000000E+00  .45808688E+00
   .50000000E+00  .41864706E+00
   .55000000E+00  .37880431E+00
   .60000000E+00  .33849930E+00
   .65000000E+00  .29767289E+00
   .70000000E+00  .25626565E+00
   .75000000E+00  .21421732E+00
   .80000000E+00  .17146645E+00
   .85000000E+00  .12794987E+00
   .90000000E+00  .83602250E-01
   .95000000E+00  .38355661E-01
   .10000000E+01 -.78609609E-02
   .10500000E+01 -.55122300E-01
   .11000000E+01 -.10350722E+00
   .11500000E+01 -.15309938E+00
   .12000000E+01 -.20398785E+00
   .12500000E+01 -.25626784E+00
   .13000000E+01 -.31004153E+00
   .13500000E+01 -.36541887E+00
   .14000000E+01 -.42251863E+00
   .14500000E+01 -.48146951E+00
   .15000000E+01 -.54241137E+00
   .15500000E+01 -.60549669E+00
   .16000000E+01 -.67089220E+00
   .16500000E+01 -.73878075E+00
   .17000000E+01 -.80936353E+00
   .17500000E+01 -.88286251E+00
   .18000000E+01 -.95952345E+00
   .18500000E+01 -.10396192E+01
   .19000000E+01 -.11234539E+01
   .19500000E+01 -.12113676E+01
   .20000000E+01 -.13037416E+01
Potential  L  =        1.00000  -1.57913
  -.30000000E+01  .12376002E+01
  -.29500000E+01  .12119814E+01
  -.29000000E+01  .11855774E+01
  -.28500000E+01  .11583213E+01
  -.28000000E+01  .11301377E+01
  -.27500000E+01  .11009409E+01
  -.27000000E+01  .10706337E+01
  -.26500000E+01  .10391044E+01
  -.26000000E+01  .10062248E+01
  -.25500000E+01  .97184654E+00
  -.25000000E+01  .93579702E+00
  -.24500000E+01  .89787416E+00
  -.24000000E+01  .85783974E+00
  -.23500000E+01  .81541087E+00
  -.23000000E+01  .77024884E+00
  -.22500000E+01  .72194452E+00
  -.22000000E+01  .66999893E+00
  -.21500000E+01  .61379689E+00
  -.21000000E+01  .55257094E+00
  -.20500000E+01  .48535083E+00
  -.20000000E+01  .41089140E+00
  -.19500000E+01  .32756749E+00
  -.19000000E+01  .23321640E+00
  -.18500000E+01  .12489505E+00
  -.18000000E+01 -.15078158E-02
  -.17500000E+01 -.15191609E+00
  -.17000000E+01 -.33519054E+00
  -.16500000E+01 -.56520833E+00
  -.16000000E+01 -.86500116E+00
  -.15500000E+01 -.12757995E+01
  -.15000000E+01 -.18794402E+01
  -.14500000E+01 -.28646976E+01
  -.14000000E+01 -.47867375E+01
  -.13500000E+01 -.10294033E+02
  -.13000000E+01 -.19620830E+03
  -.12500000E+01  .13741441E+02
  -.12000000E+01  .71338724E+01
  -.11500000E+01  .50074489E+01
  -.11000000E+01  .39491687E+01
  -.10500000E+01  .33100456E+01
  -.10000000E+01  .28781732E+01
  -.95000000E+00  .25637884E+01
  -.90000000E+00  .23223459E+01
  -.85000000E+00  .21292264E+01
  -.80000000E+00  .19697120E+01
  -.75000000E+00  .18344599E+01
  -.70000000E+00  .17172512E+01
  -.65000000E+00  .16137833E+01
  -.60000000E+00  .15209819E+01
  -.55000000E+00  .14365896E+01
  -.50000000E+00  .13589091E+01
  -.45000000E+00  .12866375E+01
  -.40000000E+00  .12187556E+01
  -.35000000E+00  .11544529E+01
  -.30000000E+00  .10930745E+01
  -.25000000E+00  .10340831E+01
  -.20000000E+00  .97703218E+00
  -.15000000E+00  .92154512E+00
  -.10000000E+00  .86730006E+00
  -.50000000E-01  .81401820E+00
  -.22898350E-14  .76145471E+00
   .50000000E-01  .70939157E+00
   .10000000E+00  .65763187E+00
   .15000000E+00  .60599520E+00
   .20000000E+00  .55431377E+00
   .25000000E+00  .50242927E+00
   .30000000E+00  .45019004E+00
   .35000000E+00  .39744870E+00
   .40000000E+00  .34405996E+00
   .45000000E+00  .28987857E+00
   .50000000E+00  .23475747E+00
   .55000000E+00  .17854584E+00
   .60000000E+00  .12108724E+00
   .65000000E+00  .62217651E-01
   .70000000E+00  .17633966E-02
   .75000000E+00 -.60461128E-01
   .80000000E+00 -.12465594E+00
   .85000000E+00 -.19103827E+00
   .90000000E+00 -.25984576E+00
   .95000000E+00 -.33134017E+00
   .10000000E+01 -.40581167E+00
   .10500000E+01 -.48358390E+00
   .11000000E+01 -.56502005E+00
   .11500000E+01 -.65053005E+00
   .12000000E+01 -.74057935E+00
   .12500000E+01 -.83569957E+00
   .13000000E+01 -.93650161E+00
   .13500000E+01 -.10436919E+01
   .14000000E+01 -.11580925E+01
   .14500000E+01 -.12806671E+01
   .15000000E+01 -.14125533E+01
   .15500000E+01 -.15551043E+01
   .16000000E+01 -.17099444E+01
   .16500000E+01 -.18790400E+01
   .17000000E+01 -.20647966E+01
   .17500000E+01 -.22701891E+01
   .18000000E+01 -.24989417E+01
   .18500000E+01 -.27557806E+01
   .19000000E+01 -.30467973E+01
   .19500000E+01 -.33799795E+01
   .20000000E+01 -.37660143E+01
Core Pot   L  =        2.00000   -.18486
  -.30000000E+01  .15912356E+01
  -.29500000E+01  .15749446E+01
  -.29000000E+01  .15584740E+01
  -.28500000E+01  .15418181E+01
  -.28000000E+01  .15249705E+01
  -.27500000E+01  .15079249E+01
  -.27000000E+01  .14906743E+01
  -.26500000E+01  .14732116E+01
  -.26000000E+01  .14555292E+01
  -.25500000E+01  .14376188E+01
  -.25000000E+01  .14194721E+01
  -.24500000E+01  .14010801E+01
  -.24000000E+01  .13824331E+01
  -.23500000E+01  .13635210E+01
  -.23000000E+01  .13443330E+01
  -.22500000E+01  .13248577E+01
  -.22000000E+01  .13050830E+01
  -.21500000E+01  .12849957E+01
  -.21000000E+01  .12645821E+01
  -.20500000E+01  .12438274E+01
  -.20000000E+01  .12227156E+01
  -.19500000E+01  .12012300E+01
  -.19000000E+01  .11793521E+01
  -.18500000E+01  .11570626E+01
  -.18000000E+01  .11343403E+01
  -.17500000E+01  .11111626E+01
  -.17000000E+01  .10875050E+01
  -.16500000E+01  .10633410E+01
  -.16000000E+01  .10386421E+01
  -.15500000E+01  .10133771E+01
  -.15000000E+01  .98751225E+00
  -.14500000E+01  .96101066E+00
  -.14000000E+01  .93383218E+00
  -.13500000E+01  .90593283E+00
  -.13000000E+01  .87726440E+00
  -.12500000E+01  .84777392E+00
  -.12000000E+01  .81740300E+00
  -.11500000E+01  .78608716E+00
  -.11000000E+01  .75375498E+00
  -.10500000E+01  .72032711E+00
  -.10000000E+01  .68571513E+00
  -.95000000E+00  .64982021E+00
  -.90000000E+00  .61253152E+00
  -.85000000E+00  .57372429E+00
  -.80000000E+00  .53325754E+00
  -.75000000E+00  .49097134E+00
  -.70000000E+00  .44668347E+00
  -.65000000E+00  .40018539E+00
  -.60000000E+00  .35123723E+00
  -.55000000E+00  .29956165E+00
  -.50000000E+00  .24483618E+00
  -.45000000E+00  .18668358E+00
  -.40000000E+00  .12465964E+00
  -.35000000E+00  .58237589E-01
  -.30000000E+00 -.13212225E-01
  -.25000000E+00 -.90448686E-01
  -.20000000E+00 -.17439507E+00
  -.15000000E+00 -.26618624E+00
  -.10000000E+00 -.36723305E+00
  -.50000000E-01 -.47931193E+00
  -.22898350E-14 -.60469168E+00
   .50000000E-01 -.74631707E+00
   .10000000E+00 -.90808112E+00
   .15000000E+00 -.10952407E+01
   .20000000E+00 -.13150716E+01
   .25000000E+00 -.15779414E+01
   .30000000E+00 -.18991476E+01
   .35000000E+00 -.23022451E+01
   .40000000E+00 -.28254881E+01
   .45000000E+00 -.35354181E+01
   .50000000E+00 -.45589448E+01
   .55000000E+00 -.61718946E+01
   .60000000E+00 -.91081238E+01
   .65000000E+00 -.16185158E+02
   .70000000E+00 -.57791426E+02
   .75000000E+00  .41278292E+02
   .80000000E+00  .15802819E+02
   .85000000E+00  .99740993E+01
   .90000000E+00  .73796717E+01
   .95000000E+00  .59060275E+01
   .10000000E+01  .49516697E+01
   .10500000E+01  .42801255E+01
   .11000000E+01  .37795215E+01
   .11500000E+01  .33900681E+01
   .12000000E+01  .30769073E+01
   .12500000E+01  .28183429E+01
   .13000000E+01  .26001628E+01
   .13500000E+01  .24126670E+01
   .14000000E+01  .22490070E+01
   .14500000E+01  .21042094E+01
   .15000000E+01  .19745737E+01
   .15500000E+01  .18572889E+01
   .16000000E+01  .17501804E+01
   .16500000E+01  .16515387E+01
   .17000000E+01  .15600007E+01
   .17500000E+01  .14744654E+01
   .18000000E+01  .13940327E+01
   .18500000E+01  .13179593E+01
   .19000000E+01  .12456249E+01
   .19500000E+01  .11765074E+01
   .20000000E+01  .11101632E+01
Potential  L  =        2.00000   -.18486
  -.30000000E+01  .15840550E+01
  -.29500000E+01  .15676118E+01
  -.29000000E+01  .15509858E+01
  -.28500000E+01  .15341711E+01
  -.28000000E+01  .15171613E+01
  -.27500000E+01  .14999500E+01
  -.27000000E+01  .14825304E+01
  -.26500000E+01  .14648950E+01
  -.26000000E+01  .14470363E+01
  -.25500000E+01  .14289462E+01
  -.25000000E+01  .14106160E+01
  -.24500000E+01  .13920369E+01
  -.24000000E+01  .13731992E+01
  -.23500000E+01  .13540928E+01
  -.23000000E+01  .13347068E+01
  -.22500000E+01  .13150299E+01
  -.22000000E+01  .12950499E+01
  -.21500000E+01  .12747538E+01
  -.21000000E+01  .12541279E+01
  -.20500000E+01  .12331574E+01
  -.20000000E+01  .12118266E+01
  -.19500000E+01  .11901186E+01
  -.19000000E+01  .11680154E+01
  -.18500000E+01  .11454976E+01
  -.18000000E+01  .11225445E+01
  -.17500000E+01  .10991336E+01
  -.17000000E+01  .10752408E+01
  -.16500000E+01  .10508401E+01
  -.16000000E+01  .10259032E+01
  -.15500000E+01  .10003998E+01
  -.15000000E+01  .97429648E+00
  -.14500000E+01  .94755741E+00
  -.14000000E+01  .92014326E+00
  -.13500000E+01  .89201116E+00
  -.13000000E+01  .86311421E+00
  -.12500000E+01  .83340092E+00
  -.12000000E+01  .80281473E+00
  -.11500000E+01  .77129326E+00
  -.11000000E+01  .73876758E+00
  -.10500000E+01  .70516130E+00
  -.10000000E+01  .67038954E+00
  -.95000000E+00  .63435762E+00
  -.90000000E+00  .59695968E+00
  -.85000000E+00  .55807690E+00
  -.80000000E+00  .51757542E+00
  -.75000000E+00  .47530391E+00
  -.70000000E+00  .43109053E+00
  -.65000000E+00  .38473932E+00
  -.60000000E+00  .33602580E+00
  -.55000000E+00  .28469148E+00
  -.50000000E+00  .23043718E+00
  -.45000000E+00  .17291458E+00
  -.40000000E+00  .11171568E+00
  -.35000000E+00  .46359306E-01
  -.30000000E+00 -.23726068E-01
  -.25000000E+00 -.99224752E-01
  -.20000000E+00 -.18096319E+00
  -.15000000E+00 -.26994902E+00
  -.10000000E+00 -.36742380E+00
  -.50000000E-01 -.47493522E+00
  -.22898350E-14 -.59443796E+00
   .50000000E-01 -.72843708E+00
   .10000000E+00 -.88019682E+00
   .15000000E+00 -.10540521E+01
   .20000000E+00 -.12558875E+01
   .25000000E+00 -.14938977E+01
   .30000000E+00 -.17798465E+01
   .35000000E+00 -.21312471E+01
   .40000000E+00 -.25753661E+01
   .45000000E+00 -.31571134E+01
   .50000000E+00 -.39560702E+01
   .55000000E+00 -.51279545E+01
   .60000000E+00 -.70243096E+01
   .65000000E+00 -.10641508E+02
   .70000000E+00 -.20351566E+02
   .75000000E+00 -.13733113E+03
   .80000000E+00  .31181049E+02
   .85000000E+00  .14424868E+02
   .90000000E+00  .95396873E+01
   .95000000E+00  .72009188E+01
   .10000000E+01  .58232632E+01
   .10500000E+01  .49110901E+01
   .11000000E+01  .42594840E+01
   .11500000E+01  .37683490E+01
   .12000000E+01  .33829832E+01
   .12500000E+01  .30709631E+01
   .13000000E+01  .28118485E+01
   .13500000E+01  .25921123E+01
   .14000000E+01  .24024445E+01
   .14500000E+01  .22362255E+01
   .15000000E+01  .20886187E+01
   .15500000E+01  .19560065E+01
   .16000000E+01  .18356277E+01
   .16500000E+01  .17253369E+01
   .17000000E+01  .16234407E+01
   .17500000E+01  .15285834E+01
   .18000000E+01  .14396658E+01
   .18500000E+01  .13557858E+01
   .19000000E+01  .12761954E+01
   .19500000E+01  .12002675E+01
   .20000000E+01  .11274718E+01
Core Pot   L  =        3.00000   -.11402
  -.30000000E+01  .18011316E+01
  -.29500000E+01  .17870459E+01
  -.29000000E+01  .17728402E+01
  -.28500000E+01  .17585113E+01
  -.28000000E+01  .17440553E+01
  -.27500000E+01  .17294686E+01
  -.27000000E+01  .17147471E+01
  -.26500000E+01  .16998865E+01
  -.26000000E+01  .16848824E+01
  -.25500000E+01  .16697300E+01
  -.25000000E+01  .16544242E+01
  -.24500000E+01  .16389597E+01
  -.24000000E+01  .16233308E+01
  -.23500000E+01  .16075312E+01
  -.23000000E+01  .15915546E+01
  -.22500000E+01  .15753938E+01
  -.22000000E+01  .15590415E+01
  -.21500000E+01  .15424896E+01
  -.21000000E+01  .15257293E+01
  -.20500000E+01  .15087513E+01
  -.20000000E+01  .14915456E+01
  -.19500000E+01  .14741009E+01
  -.19000000E+01  .14564055E+01
  -.18500000E+01  .14384461E+01
  -.18000000E+01  .14202086E+01
  -.17500000E+01  .14016771E+01
  -.17000000E+01  .13828345E+01
  -.16500000E+01  .13636616E+01
  -.16000000E+01  .13441371E+01
  -.15500000E+01  .13242376E+01
  -.15000000E+01  .13039365E+01
  -.14500000E+01  .12832042E+01
  -.14000000E+01  .12620073E+01
  -.13500000E+01  .12403078E+01
  -.13000000E+01  .12180625E+01
  -.12500000E+01  .11952217E+01
  -.12000000E+01  .11717283E+01
  -.11500000E+01  .11475158E+01
  -.11000000E+01  .11225066E+01
  -.10500000E+01  .10966093E+01
  -.10000000E+01  .10697152E+01
  -.95000000E+00  .10416942E+01
  -.90000000E+00  .10123888E+01
  -.85000000E+00  .98160646E+00
  -.80000000E+00  .94910872E+00
  -.75000000E+00  .91459675E+00
  -.70000000E+00  .87769030E+00
  -.65000000E+00  .83789748E+00
  -.60000000E+00  .79457001E+00
  -.55000000E+00  .74683493E+00
  -.50000000E+00  .69348703E+00
  -.45000000E+00  .63281289E+00
  -.40000000E+00  .56228968E+00
  -.35000000E+00  .47804092E+00
  -.30000000E+00  .37378447E+00
  -.25000000E+00  .23861840E+00
  -.20000000E+00  .51809642E-01
  -.15000000E+00 -.23152874E+00
  -.10000000E+00 -.73009743E+00
  -.50000000E-01 -.18941618E+01
  -.22898350E-14 -.83442459E+01
   .50000000E-01  .78305440E+01
   .10000000E+00  .33456687E+01
   .15000000E+00  .23345775E+01
   .20000000E+00  .18762445E+01
   .25000000E+00  .16073726E+01
   .30000000E+00  .14256350E+01
   .35000000E+00  .12910100E+01
   .40000000E+00  .11846174E+01
   .45000000E+00  .10963808E+01
   .50000000E+00  .10204256E+01
   .55000000E+00  .95309094E+00
   .60000000E+00  .89197160E+00
   .65000000E+00  .83541795E+00
   .70000000E+00  .78225661E+00
   .75000000E+00  .73162621E+00
   .80000000E+00  .68287627E+00
   .85000000E+00  .63550269E+00
   .90000000E+00  .58910515E+00
   .95000000E+00  .54335814E+00
   .10000000E+01  .49799082E+00
   .10500000E+01  .45277257E+00
   .11000000E+01  .40750246E+00
   .11500000E+01  .36200138E+00
   .12000000E+01  .31610599E+00
   .12500000E+01  .26966399E+00
   .13000000E+01  .22253029E+00
   .13500000E+01  .17456379E+00
   .14000000E+01  .12562470E+00
   .14500000E+01  .75572039E-01
   .15000000E+01  .24261395E-01
   .15500000E+01 -.28457286E-01
   .16000000E+01 -.82741875E-01
   .16500000E+01 -.13876034E+00
   .17000000E+01 -.19669315E+00
   .17500000E+01 -.25673594E+00
   .18000000E+01 -.31910246E+00
   .18500000E+01 -.38402794E+00
   .19000000E+01 -.45177296E+00
   .19500000E+01 -.52262802E+00
   .20000000E+01 -.59691888E+00
Potential  L  =        3.00000   -.11402
  -.30000000E+01  .16073152E+01
  -.29500000E+01  .15902744E+01
  -.29000000E+01  .15730267E+01
  -.28500000E+01  .15555652E+01
  -.28000000E+01  .15378824E+01
  -.27500000E+01  .15199705E+01
  -.27000000E+01  .15018211E+01
  -.26500000E+01  .14834256E+01
  -.26000000E+01  .14647746E+01
  -.25500000E+01  .14458585E+01
  -.25000000E+01  .14266669E+01
  -.24500000E+01  .14071889E+01
  -.24000000E+01  .13874128E+01
  -.23500000E+01  .13673264E+01
  -.23000000E+01  .13469165E+01
  -.22500000E+01  .13261693E+01
  -.22000000E+01  .13050699E+01
  -.21500000E+01  .12836025E+01
  -.21000000E+01  .12617502E+01
  -.20500000E+01  .12394950E+01
  -.20000000E+01  .12168176E+01
  -.19500000E+01  .11936973E+01
  -.19000000E+01  .11701120E+01
  -.18500000E+01  .11460378E+01
  -.18000000E+01  .11214491E+01
  -.17500000E+01  .10963182E+01
  -.17000000E+01  .10706154E+01
  -.16500000E+01  .10443083E+01
  -.16000000E+01  .10173621E+01
  -.15500000E+01  .98973892E+00
  -.15000000E+01  .96139757E+00
  -.14500000E+01  .93229325E+00
  -.14000000E+01  .90237706E+00
  -.13500000E+01  .87159555E+00
  -.13000000E+01  .83989013E+00
  -.12500000E+01  .80719650E+00
  -.12000000E+01  .77344386E+00
  -.11500000E+01  .73855406E+00
  -.11000000E+01  .70244066E+00
  -.10500000E+01  .66500775E+00
  -.10000000E+01  .62614860E+00
  -.95000000E+00  .58574410E+00
  -.90000000E+00  .54366088E+00
  -.85000000E+00  .49974908E+00
  -.80000000E+00  .45383971E+00
  -.75000000E+00  .40574151E+00
  -.70000000E+00  .35523705E+00
  -.65000000E+00  .30207816E+00
  -.60000000E+00  .24598020E+00
  -.55000000E+00  .18661509E+00
  -.50000000E+00  .12360268E+00
  -.45000000E+00  .56499898E-01
  -.40000000E+00 -.15212826E-01
  -.35000000E+00 -.92148909E-01
  -.30000000E+00 -.17503786E+00
  -.25000000E+00 -.26475416E+00
  -.20000000E+00 -.36235532E+00
  -.15000000E+00 -.46913239E+00
  -.10000000E+00 -.58667842E+00
  -.50000000E-01 -.71698234E+00
  -.22898350E-14 -.86256026E+00
   .50000000E-01 -.10266427E+01
   .10000000E+00 -.12134478E+01
   .15000000E+00 -.14285901E+01
   .20000000E+00 -.16797114E+01
   .25000000E+00 -.19774862E+01
   .30000000E+00 -.23372930E+01
   .35000000E+00 -.27821270E+01
   .40000000E+00 -.33479829E+01
   .45000000E+00 -.40945547E+01
   .50000000E+00 -.51285852E+01
   .55000000E+00 -.66615985E+01
   .60000000E+00 -.91802884E+01
   .65000000E+00 -.14109653E+02
   .70000000E+00 -.28178156E+02
   .75000000E+00 -.41809555E+03
   .80000000E+00  .34796766E+02
   .85000000E+00  .17189452E+02
   .90000000E+00  .11607195E+02
   .95000000E+00  .88592678E+01
   .10000000E+01  .72191330E+01
   .10500000E+01  .61257983E+01
   .11000000E+01  .53422962E+01
   .11500000E+01  .47512577E+01
   .12000000E+01  .42879123E+01
   .12500000E+01  .39135905E+01
   .13000000E+01  .36037781E+01
   .13500000E+01  .33421814E+01
   .14000000E+01  .31175469E+01
   .14500000E+01  .29218517E+01
   .15000000E+01  .27492208E+01
   .15500000E+01  .25952529E+01
   .16000000E+01  .24565848E+01
   .16500000E+01  .23306018E+01
   .17000000E+01  .22152399E+01
   .17500000E+01  .21088474E+01
   .18000000E+01  .20100863E+01
   .18500000E+01  .19178607E+01
   .19000000E+01  .18312639E+01
   .19500000E+01  .17495387E+01
   .20000000E+01  .16720474E+01
Core Pot   L  =        4.00000    .00000
  -.30000000E+01  .20435777E+01
  -.29500000E+01  .20315539E+01
  -.29000000E+01  .20194630E+01
  -.28500000E+01  .20073038E+01
  -.28000000E+01  .19950753E+01
  -.27500000E+01  .19827763E+01
  -.27000000E+01  .19704056E+01
  -.26500000E+01  .19579620E+01
  -.26000000E+01  .19454444E+01
  -.25500000E+01  .19328514E+01
  -.25000000E+01  .19201816E+01
  -.24500000E+01  .19074339E+01
  -.24000000E+01  .18946068E+01
  -.23500000E+01  .18816988E+01
  -.23000000E+01  .18687085E+01
  -.22500000E+01  .18556345E+01
  -.22000000E+01  .18424751E+01
  -.21500000E+01  .18292287E+01
  -.21000000E+01  .18158938E+01
  -.20500000E+01  .18024685E+01
  -.20000000E+01  .17889513E+01
  -.19500000E+01  .17753402E+01
  -.19000000E+01  .17616335E+01
  -.18500000E+01  .17478292E+01
  -.18000000E+01  .17339252E+01
  -.17500000E+01  .17199197E+01
  -.17000000E+01  .17058105E+01
  -.16500000E+01  .16915954E+01
  -.16000000E+01  .16772721E+01
  -.15500000E+01  .16628383E+01
  -.15000000E+01  .16482917E+01
  -.14500000E+01  .16336297E+01
  -.14000000E+01  .16188498E+01
  -.13500000E+01  .16039492E+01
  -.13000000E+01  .15889253E+01
  -.12500000E+01  .15737751E+01
  -.12000000E+01  .15584957E+01
  -.11500000E+01  .15430840E+01
  -.11000000E+01  .15275369E+01
  -.10500000E+01  .15118509E+01
  -.10000000E+01  .14960226E+01
  -.95000000E+00  .14800485E+01
  -.90000000E+00  .14639248E+01
  -.85000000E+00  .14476476E+01
  -.80000000E+00  .14312130E+01
  -.75000000E+00  .14146166E+01
  -.70000000E+00  .13978542E+01
  -.65000000E+00  .13809211E+01
  -.60000000E+00  .13638127E+01
  -.55000000E+00  .13465238E+01
  -.50000000E+00  .13290494E+01
  -.45000000E+00  .13113840E+01
  -.40000000E+00  .12935219E+01
  -.35000000E+00  .12754572E+01
  -.30000000E+00  .12571836E+01
  -.25000000E+00  .12386948E+01
  -.20000000E+00  .12199838E+01
  -.15000000E+00  .12010435E+01
  -.10000000E+00  .11818663E+01
  -.50000000E-01  .11624444E+01
  -.22898350E-14  .11427694E+01
   .50000000E-01  .11228326E+01
   .10000000E+00  .11026249E+01
   .15000000E+00  .10821364E+01
   .20000000E+00  .10613569E+01
   .25000000E+00  .10402757E+01
   .30000000E+00  .10188813E+01
   .35000000E+00  .99716157E+00
   .40000000E+00  .97510373E+00
   .45000000E+00  .95269420E+00
   .50000000E+00  .92991858E+00
   .55000000E+00  .90676157E+00
   .60000000E+00  .88320689E+00
   .65000000E+00  .85923722E+00
   .70000000E+00  .83483409E+00
   .75000000E+00  .80997780E+00
   .80000000E+00  .78464729E+00
   .85000000E+00  .75882004E+00
   .90000000E+00  .73247190E+00
   .95000000E+00  .70557700E+00
   .10000000E+01  .67810750E+00
   .10500000E+01  .65003350E+00
   .11000000E+01  .62132272E+00
   .11500000E+01  .59194036E+00
   .12000000E+01  .56184877E+00
   .12500000E+01  .53100719E+00
   .13000000E+01  .49937138E+00
   .13500000E+01  .46689324E+00
   .14000000E+01  .43352040E+00
   .14500000E+01  .39919568E+00
   .15000000E+01  .36385652E+00
   .15500000E+01  .32743436E+00
   .16000000E+01  .28985384E+00
   .16500000E+01  .25103193E+00
   .17000000E+01  .21087694E+00
   .17500000E+01  .16928733E+00
   .18000000E+01  .12615025E+00
   .18500000E+01  .81340053E-01
   .19000000E+01  .34716252E-01
   .19500000E+01 -.13878681E-01
   .20000000E+01 -.64622048E-01
Potential  L  =        4.00000    .00000
  -.30000000E+01  .20491559E+01
  -.29500000E+01  .20372573E+01
  -.29000000E+01  .20252955E+01
  -.28500000E+01  .20132696E+01
  -.28000000E+01  .20011783E+01
  -.27500000E+01  .19890205E+01
  -.27000000E+01  .19767956E+01
  -.26500000E+01  .19645022E+01
  -.26000000E+01  .19521397E+01
  -.25500000E+01  .19397064E+01
  -.25000000E+01  .19272015E+01
  -.24500000E+01  .19146241E+01
  -.24000000E+01  .19019723E+01
  -.23500000E+01  .18892455E+01
  -.23000000E+01  .18764427E+01
  -.22500000E+01  .18635617E+01
  -.22000000E+01  .18506020E+01
  -.21500000E+01  .18375619E+01
  -.21000000E+01  .18244403E+01
  -.20500000E+01  .18112354E+01
  -.20000000E+01  .17979463E+01
  -.19500000E+01  .17845709E+01
  -.19000000E+01  .17711081E+01
  -.18500000E+01  .17575560E+01
  -.18000000E+01  .17439136E+01
  -.17500000E+01  .17301786E+01
  -.17000000E+01  .17163495E+01
  -.16500000E+01  .17024246E+01
  -.16000000E+01  .16884021E+01
  -.15500000E+01  .16742801E+01
  -.15000000E+01  .16600565E+01
  -.14500000E+01  .16457301E+01
  -.14000000E+01  .16312978E+01
  -.13500000E+01  .16167585E+01
  -.13000000E+01  .16021090E+01
  -.12500000E+01  .15873482E+01
  -.12000000E+01  .15724729E+01
  -.11500000E+01  .15574815E+01
  -.11000000E+01  .15423709E+01
  -.10500000E+01  .15271391E+01
  -.10000000E+01  .15117832E+01
  -.95000000E+00  .14963006E+01
  -.90000000E+00  .14806886E+01
  -.85000000E+00  .14649443E+01
  -.80000000E+00  .14490646E+01
  -.75000000E+00  .14330468E+01
  -.70000000E+00  .14168873E+01
  -.65000000E+00  .14005832E+01
  -.60000000E+00  .13841311E+01
  -.55000000E+00  .13675272E+01
  -.50000000E+00  .13507680E+01
  -.45000000E+00  .13338499E+01
  -.40000000E+00  .13167688E+01
  -.35000000E+00  .12995207E+01
  -.30000000E+00  .12821015E+01
  -.25000000E+00  .12645068E+01
  -.20000000E+00  .12467319E+01
  -.15000000E+00  .12287723E+01
  -.10000000E+00  .12106231E+01
  -.50000000E-01  .11922792E+01
  -.22898350E-14  .11737353E+01
   .50000000E-01  .11549859E+01
   .10000000E+00  .11360252E+01
   .15000000E+00  .11168474E+01
   .20000000E+00  .10974462E+01
   .25000000E+00  .10778151E+01
   .30000000E+00  .10579474E+01
   .35000000E+00  .10378360E+01
   .40000000E+00  .10174735E+01
   .45000000E+00  .99685229E+00
   .50000000E+00  .97596423E+00
   .55000000E+00  .95480093E+00
   .60000000E+00  .93335358E+00
   .65000000E+00  .91161294E+00
   .70000000E+00  .88956934E+00
   .75000000E+00  .86721266E+00
   .80000000E+00  .84453219E+00
   .85000000E+00  .82151678E+00
   .90000000E+00  .79815469E+00
   .95000000E+00  .77443357E+00
   .10000000E+01  .75034041E+00
   .10500000E+01  .72586154E+00
   .11000000E+01  .70098255E+00
   .11500000E+01  .67568819E+00
   .12000000E+01  .64996245E+00
   .12500000E+01  .62378837E+00
   .13000000E+01  .59714803E+00
   .13500000E+01  .57002274E+00
   .14000000E+01  .54239188E+00
   .14500000E+01  .51423443E+00
   .15000000E+01  .48552785E+00
   .15500000E+01  .45624813E+00
   .16000000E+01  .42636979E+00
   .16500000E+01  .39586572E+00
   .17000000E+01  .36470702E+00
   .17500000E+01  .33286292E+00
   .18000000E+01  .30030051E+00
   .18500000E+01  .26698468E+00
   .19000000E+01  .23287782E+00
   .19500000E+01  .19793960E+00
   .20000000E+01  .16212683E+00
KBPotential  L  =       .00000   -.61948
  -.30000000E+01  .15366105E+01
  -.29500000E+01  .15196090E+01
  -.29000000E+01  .15024409E+01
  -.28500000E+01  .14851019E+01
  -.28000000E+01  .14675879E+01
  -.27500000E+01  .14498943E+01
  -.27000000E+01  .14320165E+01
  -.26500000E+01  .14139495E+01
  -.26000000E+01  .13956885E+01
  -.25500000E+01  .13772280E+01
  -.25000000E+01  .13585627E+01
  -.24500000E+01  .13396868E+01
  -.24000000E+01  .13205946E+01
  -.23500000E+01  .13012797E+01
  -.23000000E+01  .12817357E+01
  -.22500000E+01  .12619561E+01
  -.22000000E+01  .12419336E+01
  -.21500000E+01  .12216612E+01
  -.21000000E+01  .12011310E+01
  -.20500000E+01  .11803351E+01
  -.20000000E+01  .11592651E+01
  -.19500000E+01  .11379123E+01
  -.19000000E+01  .11162672E+01
  -.18500000E+01  .10943209E+01
  -.18000000E+01  .10720628E+01
  -.17500000E+01  .10494825E+01
  -.17000000E+01  .10265688E+01
  -.16500000E+01  .10033100E+01
  -.16000000E+01  .97969386E+00
  -.15500000E+01  .95570746E+00
  -.15000000E+01  .93133715E+00
  -.14500000E+01  .90656858E+00
  -.14000000E+01  .88138657E+00
  -.13500000E+01  .85577514E+00
  -.13000000E+01  .82971737E+00
  -.12500000E+01  .80319536E+00
  -.12000000E+01  .77619018E+00
  -.11500000E+01  .74868173E+00
  -.11000000E+01  .72064875E+00
  -.10500000E+01  .69206860E+00
  -.10000000E+01  .66291726E+00
  -.95000000E+00  .63316915E+00
  -.90000000E+00  .60279702E+00
  -.85000000E+00  .57177183E+00
  -.80000000E+00  .54006255E+00
  -.75000000E+00  .50763603E+00
  -.70000000E+00  .47445678E+00
  -.65000000E+00  .44048676E+00
  -.60000000E+00  .40568517E+00
  -.55000000E+00  .37000824E+00
  -.50000000E+00  .33340858E+00
  -.45000000E+00  .29583543E+00
  -.40000000E+00  .25723385E+00
  -.35000000E+00  .21754458E+00
  -.30000000E+00  .17670328E+00
  -.25000000E+00  .13464022E+00
  -.20000000E+00  .91279637E-01
  -.15000000E+00  .46539001E-01
  -.10000000E+00  .32832472E-03
  -.50000000E-01 -.47450786E-01
  -.22898350E-14 -.96906091E-01
   .50000000E-01 -.14815587E+00
   .10000000E+00 -.20133020E+00
   .15000000E+00 -.25657244E+00
   .20000000E+00 -.31404075E+00
   .25000000E+00 -.37390963E+00
   .30000000E+00 -.43637064E+00
   .35000000E+00 -.50162853E+00
   .40000000E+00 -.56986262E+00
   .45000000E+00 -.63938548E+00
   .50000000E+00 -.71768103E+00
   .55000000E+00 -.79684728E+00
   .60000000E+00 -.88057642E+00
   .65000000E+00 -.96920629E+00
   .70000000E+00 -.10632405E+01
   .75000000E+00 -.11632770E+01
   .80000000E+00 -.12700141E+01
   .85000000E+00 -.13842673E+01
   .90000000E+00 -.15069941E+01
   .95000000E+00 -.16393253E+01
   .10000000E+01 -.17826064E+01
   .10500000E+01 -.19384509E+01
   .11000000E+01 -.21088103E+01
   .11500000E+01 -.22960679E+01
   .12000000E+01 -.25031655E+01
   .12500000E+01 -.27337776E+01
   .13000000E+01 -.29925546E+01
   .13500000E+01 -.32854705E+01
   .14000000E+01 -.36203306E+01
   .14500000E+01 -.40075320E+01
   .15000000E+01 -.44612377E+01
   .15500000E+01 -.50012523E+01
   .16000000E+01 -.56561442E+01
   .16500000E+01 -.64686972E+01
   .17000000E+01 -.75060115E+01
   .17500000E+01 -.88796450E+01
   .18000000E+01 -.10789752E+02
   .18500000E+01 -.13634822E+02
   .19000000E+01 -.18338289E+02
   .19500000E+01 -.27637400E+02
   .20000000E+01 -.54833810E+02
KBPotential  L  =      1.00000  -3.15826
  -.30000000E+01  .13745482E+01
  -.29500000E+01  .13512601E+01
  -.29000000E+01  .13272989E+01
  -.28500000E+01  .13026047E+01
  -.28000000E+01  .12771095E+01
  -.27500000E+01  .12507352E+01
  -.27000000E+01  .12233926E+01
  -.26500000E+01  .11949785E+01
  -.26000000E+01  .11653730E+01
  -.25500000E+01  .11344363E+01
  -.25000000E+01  .11020038E+01
  -.24500000E+01  .10678805E+01
  -.24000000E+01  .10318337E+01
  -.23500000E+01  .99358323E+00
  -.23000000E+01  .95278844E+00
  -.22500000E+01  .90903106E+00
  -.22000000E+01  .86179158E+00
  -.21500000E+01  .81041626E+00
  -.21000000E+01  .75407031E+00
  -.20500000E+01  .69167254E+00
  -.20000000E+01  .62179268E+00
  -.19500000E+01  .54250128E+00
  -.19000000E+01  .45112947E+00
  -.18500000E+01  .34387663E+00
  -.18000000E+01  .21513860E+00
  -.17500000E+01  .56292668E-01
  -.17000000E+01 -.14665248E+00
  -.16500000E+01 -.41800746E+00
  -.16000000E+01 -.80407043E+00
  -.15500000E+01 -.14052541E+01
  -.15000000E+01 -.24878038E+01
  -.14500000E+01 -.50669169E+01
  -.14000000E+01 -.19781965E+02
  -.13500000E+01  .16348169E+02
  -.13000000E+01  .66632812E+01
  -.12500000E+01  .44763769E+01
  -.12000000E+01  .35006512E+01
  -.11500000E+01  .29422732E+01
  -.11000000E+01  .25766595E+01
  -.10500000E+01  .23157880E+01
  -.10000000E+01  .21180945E+01
  -.95000000E+00  .19613943E+01
  -.90000000E+00  .18327617E+01
  -.85000000E+00  .17241586E+01
  -.80000000E+00  .16303197E+01
  -.75000000E+00  .15476520E+01
  -.70000000E+00  .14736183E+01
  -.65000000E+00  .14063750E+01
  -.60000000E+00  .13445492E+01
  -.55000000E+00  .12870968E+01
  -.50000000E+00  .12332088E+01
  -.45000000E+00  .11822479E+01
  -.40000000E+00  .11337046E+01
  -.35000000E+00  .10871655E+01
  -.30000000E+00  .10422918E+01
  -.25000000E+00  .99880175E+00
  -.20000000E+00  .95645892E+00
  -.15000000E+00  .91506265E+00
  -.10000000E+00  .87444096E+00
  -.50000000E-01  .83444483E+00
  -.22898350E-14  .79494413E+00
   .50000000E-01  .75582389E+00
   .10000000E+00  .71698169E+00
   .15000000E+00  .67832534E+00
   .20000000E+00  .63977111E+00
   .25000000E+00  .60124214E+00
   .30000000E+00  .56266726E+00
   .35000000E+00  .52397990E+00
   .40000000E+00  .48511677E+00
   .45000000E+00  .44601866E+00
   .50000000E+00  .40662748E+00
   .55000000E+00  .36688713E+00
   .60000000E+00  .32674255E+00
   .65000000E+00  .28613949E+00
   .70000000E+00  .24502372E+00
   .75000000E+00  .20334079E+00
   .80000000E+00  .16103562E+00
   .85000000E+00  .11805207E+00
   .90000000E+00  .74332561E-01
   .95000000E+00  .29817705E-01
   .10000000E+01 -.15554120E-01
   .10500000E+01 -.61847163E-01
   .11000000E+01 -.10912875E+00
   .11500000E+01 -.15746967E+00
   .12000000E+01 -.20694490E+00
   .12500000E+01 -.25763382E+00
   .13000000E+01 -.30962098E+00
   .13500000E+01 -.36299675E+00
   .14000000E+01 -.41785797E+00
   .14500000E+01 -.47430874E+00
   .15000000E+01 -.53246136E+00
   .15500000E+01 -.59243737E+00
   .16000000E+01 -.65436836E+00
   .16500000E+01 -.71839771E+00
   .17000000E+01 -.78468178E+00
   .17500000E+01 -.85339157E+00
   .18000000E+01 -.92471475E+00
   .18500000E+01 -.99885775E+00
   .19000000E+01 -.10760484E+01
   .19500000E+01 -.11565388E+01
   .20000000E+01 -.12406090E+01
KBPotential  L  =      2.00000   -.36973
  -.30000000E+01  .15821874E+01
  -.29500000E+01  .15659225E+01
  -.29000000E+01  .15494783E+01
  -.28500000E+01  .15328489E+01
  -.28000000E+01  .15160282E+01
  -.27500000E+01  .14990096E+01
  -.27000000E+01  .14817864E+01
  -.26500000E+01  .14643514E+01
  -.26000000E+01  .14466969E+01
  -.25500000E+01  .14288150E+01
  -.25000000E+01  .14106970E+01
  -.24500000E+01  .13923341E+01
  -.24000000E+01  .13737167E+01
  -.23500000E+01  .13548347E+01
  -.23000000E+01  .13356774E+01
  -.22500000E+01  .13162332E+01
  -.22000000E+01  .12964901E+01
  -.21500000E+01  .12764352E+01
  -.21000000E+01  .12560545E+01
  -.20500000E+01  .12353334E+01
  -.20000000E+01  .12142560E+01
  -.19500000E+01  .11928054E+01
  -.19000000E+01  .11709634E+01
  -.18500000E+01  .11487106E+01
  -.18000000E+01  .11260259E+01
  -.17500000E+01  .11028868E+01
  -.17000000E+01  .10792688E+01
  -.16500000E+01  .10551456E+01
  -.16000000E+01  .10304885E+01
  -.15500000E+01  .10052665E+01
  -.15000000E+01  .97944593E+00
  -.14500000E+01  .95299003E+00
  -.14000000E+01  .92585869E+00
  -.13500000E+01  .89800805E+00
  -.13000000E+01  .86939001E+00
  -.12500000E+01  .83995169E+00
  -.12000000E+01  .80963485E+00
  -.11500000E+01  .77837514E+00
  -.11000000E+01  .74610130E+00
  -.10500000E+01  .71273414E+00
  -.10000000E+01  .67818545E+00
  -.95000000E+00  .64235661E+00
  -.90000000E+00  .60513702E+00
  -.85000000E+00  .56640216E+00
  -.80000000E+00  .52601137E+00
  -.75000000E+00  .48380506E+00
  -.70000000E+00  .43960136E+00
  -.65000000E+00  .39319186E+00
  -.60000000E+00  .34433818E+00
  -.55000000E+00  .29276255E+00
  -.50000000E+00  .23814348E+00
  -.45000000E+00  .18010451E+00
  -.40000000E+00  .11820234E+00
  -.35000000E+00  .51911229E-01
  -.30000000E+00 -.19397265E-01
  -.25000000E+00 -.96480471E-01
  -.20000000E+00 -.18025991E+00
  -.15000000E+00 -.27186827E+00
  -.10000000E+00 -.37271363E+00
  -.50000000E-01 -.48456943E+00
  -.22898350E-14 -.60970031E+00
   .50000000E-01 -.75104550E+00
   .10000000E+00 -.91249159E+00
   .15000000E+00 -.10992867E+01
   .20000000E+00 -.13186949E+01
   .25000000E+00 -.15810681E+01
   .30000000E+00 -.19016822E+01
   .35000000E+00 -.23040615E+01
   .40000000E+00 -.28264164E+01
   .45000000E+00 -.35352257E+01
   .50000000E+00 -.45573151E+01
   .55000000E+00 -.61684390E+01
   .60000000E+00 -.91027536E+01
   .65000000E+00 -.16182750E+02
   .70000000E+00 -.58025021E+02
   .75000000E+00  .40994912E+02
   .80000000E+00  .15732943E+02
   .85000000E+00  .99336494E+01
   .90000000E+00  .73499673E+01
   .95000000E+00  .58817691E+01
   .10000000E+01  .49306755E+01
   .10500000E+01  .42613072E+01
   .11000000E+01  .37622195E+01
   .11500000E+01  .33739187E+01
   .12000000E+01  .30616603E+01
   .12500000E+01  .28038056E+01
   .13000000E+01  .25862143E+01
   .13500000E+01  .23991937E+01
   .14000000E+01  .22359186E+01
   .14500000E+01  .20914652E+01
   .15000000E+01  .19621283E+01
   .15500000E+01  .18450951E+01
   .16000000E+01  .17382050E+01
   .16500000E+01  .16397530E+01
   .17000000E+01  .15483794E+01
   .17500000E+01  .14629869E+01
   .18000000E+01  .13826771E+01
   .18500000E+01  .13067086E+01
   .19000000E+01  .12344625E+01
   .19500000E+01  .11654176E+01
   .20000000E+01  .10991311E+01
KBPotential  L  =      3.00000   -.22804
  -.30000000E+01  .18117511E+01
  -.29500000E+01  .17963561E+01
  -.29000000E+01  .17808596E+01
  -.28500000E+01  .17652589E+01
  -.28000000E+01  .17495514E+01
  -.27500000E+01  .17337336E+01
  -.27000000E+01  .17178028E+01
  -.26500000E+01  .17017555E+01
  -.26000000E+01  .16855879E+01
  -.25500000E+01  .16692965E+01
  -.25000000E+01  .16528771E+01
  -.24500000E+01  .16363254E+01
  -.24000000E+01  .16196367E+01
  -.23500000E+01  .16028060E+01
  -.23000000E+01  .15858279E+01
  -.22500000E+01  .15686968E+01
  -.22000000E+01  .15514063E+01
  -.21500000E+01  .15339495E+01
  -.21000000E+01  .15163194E+01
  -.20500000E+01  .14985077E+01
  -.20000000E+01  .14805060E+01
  -.19500000E+01  .14623046E+01
  -.19000000E+01  .14438931E+01
  -.18500000E+01  .14252601E+01
  -.18000000E+01  .14063930E+01
  -.17500000E+01  .13872778E+01
  -.17000000E+01  .13678990E+01
  -.16500000E+01  .13482396E+01
  -.16000000E+01  .13282801E+01
  -.15500000E+01  .13079990E+01
  -.15000000E+01  .12873721E+01
  -.14500000E+01  .12663718E+01
  -.14000000E+01  .12449668E+01
  -.13500000E+01  .12231218E+01
  -.13000000E+01  .12007956E+01
  -.12500000E+01  .11779412E+01
  -.12000000E+01  .11545040E+01
  -.11500000E+01  .11304200E+01
  -.11000000E+01  .11056144E+01
  -.10500000E+01  .10799982E+01
  -.10000000E+01  .10534655E+01
  -.95000000E+00  .10258888E+01
  -.90000000E+00  .99711317E+00
  -.85000000E+00  .96694834E+00
  -.80000000E+00  .93515821E+00
  -.75000000E+00  .90144578E+00
  -.70000000E+00  .86543223E+00
  -.65000000E+00  .82662616E+00
  -.60000000E+00  .78437907E+00
  -.55000000E+00  .73781587E+00
  -.50000000E+00  .68572717E+00
  -.45000000E+00  .62639167E+00
  -.40000000E+00  .55727343E+00
  -.35000000E+00  .47447488E+00
  -.30000000E+00  .37167957E+00
  -.25000000E+00  .23793125E+00
  -.20000000E+00  .52412794E-01
  -.15000000E+00 -.22987060E+00
  -.10000000E+00 -.72756106E+00
  -.50000000E-01 -.18880057E+01
  -.22898350E-14 -.81912130E+01
   .50000000E-01  .80970013E+01
   .10000000E+00  .34274184E+01
   .15000000E+00  .23955643E+01
   .20000000E+00  .19326133E+01
   .25000000E+00  .16638871E+01
   .30000000E+00  .14844410E+01
   .35000000E+00  .13533552E+01
   .40000000E+00  .12513704E+01
   .45000000E+00  .11682297E+01
   .50000000E+00  .10979682E+01
   .55000000E+00  .10368806E+01
   .60000000E+00  .98254295E+00
   .65000000E+00  .93330285E+00
   .70000000E+00  .88799463E+00
   .75000000E+00  .84577201E+00
   .80000000E+00  .80600576E+00
   .85000000E+00  .76821782E+00
   .90000000E+00  .73203838E+00
   .95000000E+00  .69717669E+00
   .10000000E+01  .66340069E+00
   .10500000E+01  .63052159E+00
   .11000000E+01  .59838874E+00
   .11500000E+01  .56687395E+00
   .12000000E+01  .53587145E+00
   .12500000E+01  .50529186E+00
   .13000000E+01  .47505927E+00
   .13500000E+01  .44510856E+00
   .14000000E+01  .41538346E+00
   .14500000E+01  .38583494E+00
   .15000000E+01  .35642001E+00
   .15500000E+01  .32710069E+00
   .16000000E+01  .29784322E+00
   .16500000E+01  .26861732E+00
   .17000000E+01  .23939573E+00
   .17500000E+01  .21015368E+00
   .18000000E+01  .18086862E+00
   .18500000E+01  .15151979E+00
   .19000000E+01  .12208803E+00
   .19500000E+01  .92555477E-01
   .20000000E+01  .62905479E-01
KBPotential  L  =      4.00000    .00000
  -.30000000E+01  .20491559E+01
  -.29500000E+01  .20372573E+01
  -.29000000E+01  .20252955E+01
  -.28500000E+01  .20132696E+01
  -.28000000E+01  .20011783E+01
  -.27500000E+01  .19890205E+01
  -.27000000E+01  .19767956E+01
  -.26500000E+01  .19645022E+01
  -.26000000E+01  .19521397E+01
  -.25500000E+01  .19397064E+01
  -.25000000E+01  .19272015E+01
  -.24500000E+01  .19146241E+01
  -.24000000E+01  .19019723E+01
  -.23500000E+01  .18892455E+01
  -.23000000E+01  .18764427E+01
  -.22500000E+01  .18635617E+01
  -.22000000E+01  .18506020E+01
  -.21500000E+01  .18375619E+01
  -.21000000E+01  .18244403E+01
  -.20500000E+01  .18112354E+01
  -.20000000E+01  .17979463E+01
  -.19500000E+01  .17845709E+01
  -.19000000E+01  .17711081E+01
  -.18500000E+01  .17575560E+01
  -.18000000E+01  .17439136E+01
  -.17500000E+01  .17301786E+01
  -.17000000E+01  .17163495E+01
  -.16500000E+01  .17024246E+01
  -.16000000E+01  .16884021E+01
  -.15500000E+01  .16742801E+01
  -.15000000E+01  .16600565E+01
  -.14500000E+01  .16457301E+01
  -.14000000E+01  .16312978E+01
  -.13500000E+01  .16167585E+01
  -.13000000E+01  .16021090E+01
  -.12500000E+01  .15873482E+01
  -.12000000E+01  .15724729E+01
  -.11500000E+01  .15574815E+01
  -.11000000E+01  .15423709E+01
  -.10500000E+01  .15271391E+01
  -.10000000E+01  .15117832E+01
  -.95000000E+00  .14963006E+01
  -.90000000E+00  .14806886E+01
  -.85000000E+00  .14649443E+01
  -.80000000E+00  .14490646E+01
  -.75000000E+00  .14330468E+01
  -.70000000E+00  .14168873E+01
  -.65000000E+00  .14005832E+01
  -.60000000E+00  .13841311E+01
  -.55000000E+00  .13675272E+01
  -.50000000E+00  .13507680E+01
  -.45000000E+00  .13338499E+01
  -.40000000E+00  .13167688E+01
  -.35000000E+00  .12995207E+01
  -.30000000E+00  .12821015E+01
  -.25000000E+00  .12645068E+01
  -.20000000E+00  .12467319E+01
  -.15000000E+00  .12287723E+01
  -.10000000E+00  .12106231E+01
  -.50000000E-01  .11922792E+01
  -.22898350E-14  .11737353E+01
   .50000000E-01  .11549859E+01
   .10000000E+00  .11360252E+01
   .15000000E+00  .11168474E+01
   .20000000E+00  .10974462E+01
   .25000000E+00  .10778151E+01
   .30000000E+00  .10579474E+01
   .35000000E+00  .10378360E+01
   .40000000E+00  .10174735E+01
   .45000000E+00  .99685229E+00
   .50000000E+00  .97596423E+00
   .55000000E+00  .95480093E+00
   .60000000E+00  .93335358E+00
   .65000000E+00  .91161294E+00
   .70000000E+00  .88956934E+00
   .75000000E+00  .86721266E+00
   .80000000E+00  .84453219E+00
   .85000000E+00  .82151678E+00
   .90000000E+00  .79815469E+00
   .95000000E+00  .77443357E+00
   .10000000E+01  .75034041E+00
   .10500000E+01  .72586154E+00
   .11000000E+01  .70098255E+00
   .11500000E+01  .67568819E+00
   .12000000E+01  .64996245E+00
   .12500000E+01  .62378837E+00
   .13000000E+01  .59714803E+00
   .13500000E+01  .57002274E+00
   .14000000E+01  .54239188E+00
   .14500000E+01  .51423443E+00
   .15000000E+01  .48552785E+00
   .15500000E+01  .45624813E+00
   .16000000E+01  .42636979E+00
   .16500000E+01  .39586572E+00
   .17000000E+01  .36470702E+00
   .17500000E+01  .33286292E+00
   .18000000E+01  .30030051E+00
   .18500000E+01  .26698468E+00
   .19000000E+01  .23287782E+00
   .19500000E+01  .19793960E+00
   .20000000E+01  .16212683E+00
