  PAW_GGA Al_h 08Apr2002                 
 100
Core Pot   L  =         .00000   -.57298
  -.20000000E+01  .93843830E+00
  -.19600000E+01  .92231822E+00
  -.19200000E+01  .90607736E+00
  -.18800000E+01  .88971349E+00
  -.18400000E+01  .87322433E+00
  -.18000000E+01  .85660757E+00
  -.17600000E+01  .83986081E+00
  -.17200000E+01  .82298162E+00
  -.16800000E+01  .80596751E+00
  -.16400000E+01  .78881592E+00
  -.16000000E+01  .77152425E+00
  -.15600000E+01  .75408979E+00
  -.15200000E+01  .73650982E+00
  -.14800000E+01  .71878152E+00
  -.14400000E+01  .70090200E+00
  -.14000000E+01  .68286831E+00
  -.13600000E+01  .66467741E+00
  -.13200000E+01  .64632619E+00
  -.12800000E+01  .62781146E+00
  -.12400000E+01  .60912994E+00
  -.12000000E+01  .59027827E+00
  -.11600000E+01  .57125299E+00
  -.11200000E+01  .55205056E+00
  -.10800000E+01  .53266735E+00
  -.10400000E+01  .51309960E+00
  -.10000000E+01  .49334347E+00
  -.96000000E+00  .47339501E+00
  -.92000000E+00  .45325015E+00
  -.88000000E+00  .43290471E+00
  -.84000000E+00  .41235439E+00
  -.80000000E+00  .39159477E+00
  -.76000000E+00  .37062130E+00
  -.72000000E+00  .34942929E+00
  -.68000000E+00  .32801392E+00
  -.64000000E+00  .30637021E+00
  -.60000000E+00  .28449305E+00
  -.56000000E+00  .26237716E+00
  -.52000000E+00  .24001711E+00
  -.48000000E+00  .21740729E+00
  -.44000000E+00  .19454193E+00
  -.40000000E+00  .17141505E+00
  -.36000000E+00  .14802052E+00
  -.32000000E+00  .12435198E+00
  -.28000000E+00  .10040287E+00
  -.24000000E+00  .76166444E-01
  -.20000000E+00  .51635699E-01
  -.16000000E+00  .26803417E-01
  -.12000000E+00  .16621351E-02
  -.80000000E-01 -.23795862E-01
  -.40000000E-01 -.49578552E-01
   .12351231E-14 -.75694189E-01
   .40000000E-01 -.10215131E+00
   .80000000E-01 -.12895876E+00
   .12000000E+00 -.15612568E+00
   .16000000E+00 -.18366156E+00
   .20000000E+00 -.21157622E+00
   .24000000E+00 -.23987983E+00
   .28000000E+00 -.26858294E+00
   .32000000E+00 -.29769650E+00
   .36000000E+00 -.32723187E+00
   .40000000E+00 -.35720082E+00
   .44000000E+00 -.38761560E+00
   .48000000E+00 -.41848890E+00
   .52000000E+00 -.44983393E+00
   .56000000E+00 -.48166441E+00
   .60000000E+00 -.51399461E+00
   .64000000E+00 -.54683937E+00
   .68000000E+00 -.58021413E+00
   .72000000E+00 -.61413498E+00
   .76000000E+00 -.64861865E+00
   .80000000E+00 -.68368260E+00
   .84000000E+00 -.71934502E+00
   .88000000E+00 -.75562487E+00
   .92000000E+00 -.79254193E+00
   .96000000E+00 -.83011688E+00
   .10000000E+01 -.86837128E+00
   .10400000E+01 -.90732766E+00
   .10800000E+01 -.94700960E+00
   .11200000E+01 -.98744173E+00
   .11600000E+01 -.10286498E+01
   .12000000E+01 -.10706609E+01
   .12400000E+01 -.11135033E+01
   .12800000E+01 -.11572065E+01
   .13200000E+01 -.12018017E+01
   .13600000E+01 -.12473216E+01
   .14000000E+01 -.12938002E+01
   .14400000E+01 -.13412737E+01
   .14800000E+01 -.13897799E+01
   .15200000E+01 -.14393584E+01
   .15600000E+01 -.14900513E+01
   .16000000E+01 -.15419026E+01
   .16400000E+01 -.15949589E+01
   .16800000E+01 -.16492691E+01
   .17200000E+01 -.17048850E+01
   .17600000E+01 -.17618613E+01
   .18000000E+01 -.18202559E+01
   .18400000E+01 -.18801298E+01
   .18800000E+01 -.19415478E+01
   .19200000E+01 -.20045786E+01
   .19600000E+01 -.20692950E+01
   .20000000E+01 -.21357741E+01
Potential  L  =         .00000   -.57298
  -.20000000E+01  .92946449E+00
  -.19600000E+01  .91378682E+00
  -.19200000E+01  .89798096E+00
  -.18800000E+01  .88204450E+00
  -.18400000E+01  .86597499E+00
  -.18000000E+01  .84976991E+00
  -.17600000E+01  .83342664E+00
  -.17200000E+01  .81694253E+00
  -.16800000E+01  .80031482E+00
  -.16400000E+01  .78354071E+00
  -.16000000E+01  .76661728E+00
  -.15600000E+01  .74954155E+00
  -.15200000E+01  .73231047E+00
  -.14800000E+01  .71492086E+00
  -.14400000E+01  .69736949E+00
  -.14000000E+01  .67965301E+00
  -.13600000E+01  .66176797E+00
  -.13200000E+01  .64371083E+00
  -.12800000E+01  .62547795E+00
  -.12400000E+01  .60706555E+00
  -.12000000E+01  .58846975E+00
  -.11600000E+01  .56968657E+00
  -.11200000E+01  .55071189E+00
  -.10800000E+01  .53154143E+00
  -.10400000E+01  .51217084E+00
  -.10000000E+01  .49259558E+00
  -.96000000E+00  .47281098E+00
  -.92000000E+00  .45281222E+00
  -.88000000E+00  .43259433E+00
  -.84000000E+00  .41215215E+00
  -.80000000E+00  .39148039E+00
  -.76000000E+00  .37057354E+00
  -.72000000E+00  .34942592E+00
  -.68000000E+00  .32803167E+00
  -.64000000E+00  .30638471E+00
  -.60000000E+00  .28447876E+00
  -.56000000E+00  .26230730E+00
  -.52000000E+00  .23986360E+00
  -.48000000E+00  .21714069E+00
  -.44000000E+00  .19413132E+00
  -.40000000E+00  .17082801E+00
  -.36000000E+00  .14722299E+00
  -.32000000E+00  .12330820E+00
  -.28000000E+00  .99075275E-01
  -.24000000E+00  .74515537E-01
  -.20000000E+00  .49619975E-01
  -.16000000E+00  .24379230E-01
  -.12000000E+00 -.12164235E-02
  -.80000000E-01 -.27177096E-01
  -.40000000E-01 -.53513300E-01
   .12351231E-14 -.80235971E-01
   .40000000E-01 -.10735649E+00
   .80000000E-01 -.13488672E+00
   .12000000E+00 -.16283898E+00
   .16000000E+00 -.19122616E+00
   .20000000E+00 -.22006166E+00
   .24000000E+00 -.24935946E+00
   .28000000E+00 -.27913417E+00
   .32000000E+00 -.30940101E+00
   .36000000E+00 -.34017591E+00
   .40000000E+00 -.37147550E+00
   .44000000E+00 -.40331717E+00
   .48000000E+00 -.43571910E+00
   .52000000E+00 -.46870034E+00
   .56000000E+00 -.50228083E+00
   .60000000E+00 -.53648144E+00
   .64000000E+00 -.57132409E+00
   .68000000E+00 -.60683175E+00
   .72000000E+00 -.64302852E+00
   .76000000E+00 -.67993974E+00
   .80000000E+00 -.71759200E+00
   .84000000E+00 -.75601330E+00
   .88000000E+00 -.79523307E+00
   .92000000E+00 -.83528233E+00
   .96000000E+00 -.87619374E+00
   .10000000E+01 -.91800175E+00
   .10400000E+01 -.96074270E+00
   .10800000E+01 -.10044550E+01
   .11200000E+01 -.10491791E+01
   .11600000E+01 -.10949581E+01
   .12000000E+01 -.11418372E+01
   .12400000E+01 -.11898645E+01
   .12800000E+01 -.12390912E+01
   .13200000E+01 -.12895712E+01
   .13600000E+01 -.13413621E+01
   .14000000E+01 -.13945250E+01
   .14400000E+01 -.14491249E+01
   .14800000E+01 -.15052310E+01
   .15200000E+01 -.15629172E+01
   .15600000E+01 -.16222625E+01
   .16000000E+01 -.16833509E+01
   .16400000E+01 -.17462726E+01
   .16800000E+01 -.18111243E+01
   .17200000E+01 -.18780093E+01
   .17600000E+01 -.19470389E+01
   .18000000E+01 -.20183326E+01
   .18400000E+01 -.20920190E+01
   .18800000E+01 -.21682368E+01
   .19200000E+01 -.22471357E+01
   .19600000E+01 -.23288777E+01
   .20000000E+01 -.24136381E+01
Core Pot   L  =        1.00000   -.20206
  -.20000000E+01  .13111637E+01
  -.19600000E+01  .12963926E+01
  -.19200000E+01  .12815683E+01
  -.18800000E+01  .12666884E+01
  -.18400000E+01  .12517501E+01
  -.18000000E+01  .12367511E+01
  -.17600000E+01  .12216888E+01
  -.17200000E+01  .12065608E+01
  -.16800000E+01  .11913646E+01
  -.16400000E+01  .11760978E+01
  -.16000000E+01  .11607579E+01
  -.15600000E+01  .11453426E+01
  -.15200000E+01  .11298495E+01
  -.14800000E+01  .11142760E+01
  -.14400000E+01  .10986199E+01
  -.14000000E+01  .10828786E+01
  -.13600000E+01  .10670499E+01
  -.13200000E+01  .10511311E+01
  -.12800000E+01  .10351199E+01
  -.12400000E+01  .10190138E+01
  -.12000000E+01  .10028103E+01
  -.11600000E+01  .98650696E+00
  -.11200000E+01  .97010114E+00
  -.10800000E+01  .95359031E+00
  -.10400000E+01  .93697189E+00
  -.10000000E+01  .92024324E+00
  -.96000000E+00  .90340170E+00
  -.92000000E+00  .88644458E+00
  -.88000000E+00  .86936913E+00
  -.84000000E+00  .85217257E+00
  -.80000000E+00  .83485206E+00
  -.76000000E+00  .81740474E+00
  -.72000000E+00  .79982768E+00
  -.68000000E+00  .78211788E+00
  -.64000000E+00  .76427232E+00
  -.60000000E+00  .74628789E+00
  -.56000000E+00  .72816143E+00
  -.52000000E+00  .70988972E+00
  -.48000000E+00  .69146946E+00
  -.44000000E+00  .67289729E+00
  -.40000000E+00  .65416975E+00
  -.36000000E+00  .63528334E+00
  -.32000000E+00  .61623445E+00
  -.28000000E+00  .59701939E+00
  -.24000000E+00  .57763439E+00
  -.20000000E+00  .55807557E+00
  -.16000000E+00  .53833898E+00
  -.12000000E+00  .51842053E+00
  -.80000000E-01  .49831606E+00
  -.40000000E-01  .47802130E+00
   .12351231E-14  .45753183E+00
   .40000000E-01  .43684314E+00
   .80000000E-01  .41595060E+00
   .12000000E+00  .39484944E+00
   .16000000E+00  .37353475E+00
   .20000000E+00  .35200149E+00
   .24000000E+00  .33024446E+00
   .28000000E+00  .30825834E+00
   .32000000E+00  .28603761E+00
   .36000000E+00  .26357662E+00
   .40000000E+00  .24086951E+00
   .44000000E+00  .21791029E+00
   .48000000E+00  .19469274E+00
   .52000000E+00  .17121046E+00
   .56000000E+00  .14745684E+00
   .60000000E+00  .12342508E+00
   .64000000E+00  .99108138E-01
   .68000000E+00  .74498736E-01
   .72000000E+00  .49589369E-01
   .76000000E+00  .24372270E-01
   .80000000E+00 -.11605870E-02
   .84000000E+00 -.27017506E-01
   .88000000E+00 -.53207080E-01
   .92000000E+00 -.79738202E-01
   .96000000E+00 -.10662008E+00
   .10000000E+01 -.13386226E+00
   .10400000E+01 -.16147461E+00
   .10800000E+01 -.18946740E+00
   .11200000E+01 -.21785123E+00
   .11600000E+01 -.24663715E+00
   .12000000E+01 -.27583658E+00
   .12400000E+01 -.30546141E+00
   .12800000E+01 -.33552397E+00
   .13200000E+01 -.36603707E+00
   .13600000E+01 -.39701406E+00
   .14000000E+01 -.42846877E+00
   .14400000E+01 -.46041562E+00
   .14800000E+01 -.49286962E+00
   .15200000E+01 -.52584640E+00
   .15600000E+01 -.55936221E+00
   .16000000E+01 -.59343402E+00
   .16400000E+01 -.62807951E+00
   .16800000E+01 -.66331714E+00
   .17200000E+01 -.69916614E+00
   .17600000E+01 -.73564663E+00
   .18000000E+01 -.77277959E+00
   .18400000E+01 -.81058697E+00
   .18800000E+01 -.84909174E+00
   .19200000E+01 -.88831789E+00
   .19600000E+01 -.92829057E+00
   .20000000E+01 -.96903611E+00
Potential  L  =        1.00000   -.20206
  -.20000000E+01  .12405698E+01
  -.19600000E+01  .12275998E+01
  -.19200000E+01  .12145509E+01
  -.18800000E+01  .12014220E+01
  -.18400000E+01  .11882119E+01
  -.18000000E+01  .11749194E+01
  -.17600000E+01  .11615433E+01
  -.17200000E+01  .11480824E+01
  -.16800000E+01  .11345354E+01
  -.16400000E+01  .11209011E+01
  -.16000000E+01  .11071780E+01
  -.15600000E+01  .10933649E+01
  -.15200000E+01  .10794604E+01
  -.14800000E+01  .10654630E+01
  -.14400000E+01  .10513714E+01
  -.14000000E+01  .10371840E+01
  -.13600000E+01  .10228994E+01
  -.13200000E+01  .10085160E+01
  -.12800000E+01  .99403224E+00
  -.12400000E+01  .97944652E+00
  -.12000000E+01  .96475719E+00
  -.11600000E+01  .94996256E+00
  -.11200000E+01  .93506090E+00
  -.10800000E+01  .92005045E+00
  -.10400000E+01  .90492940E+00
  -.10000000E+01  .88969590E+00
  -.96000000E+00  .87434805E+00
  -.92000000E+00  .85888392E+00
  -.88000000E+00  .84330151E+00
  -.84000000E+00  .82759878E+00
  -.80000000E+00  .81177365E+00
  -.76000000E+00  .79582397E+00
  -.72000000E+00  .77974755E+00
  -.68000000E+00  .76354214E+00
  -.64000000E+00  .74720544E+00
  -.60000000E+00  .73073508E+00
  -.56000000E+00  .71412862E+00
  -.52000000E+00  .69738359E+00
  -.48000000E+00  .68049743E+00
  -.44000000E+00  .66346752E+00
  -.40000000E+00  .64629115E+00
  -.36000000E+00  .62896558E+00
  -.32000000E+00  .61148796E+00
  -.28000000E+00  .59385538E+00
  -.24000000E+00  .57606486E+00
  -.20000000E+00  .55811330E+00
  -.16000000E+00  .53999754E+00
  -.12000000E+00  .52171432E+00
  -.80000000E-01  .50326034E+00
  -.40000000E-01  .48463214E+00
   .12351231E-14  .46582619E+00
   .40000000E-01  .44683885E+00
   .80000000E-01  .42766638E+00
   .12000000E+00  .40830494E+00
   .16000000E+00  .38875057E+00
   .20000000E+00  .36899917E+00
   .24000000E+00  .34904655E+00
   .28000000E+00  .32888840E+00
   .32000000E+00  .30852023E+00
   .36000000E+00  .28793745E+00
   .40000000E+00  .26713533E+00
   .44000000E+00  .24610899E+00
   .48000000E+00  .22485338E+00
   .52000000E+00  .20336330E+00
   .56000000E+00  .18163340E+00
   .60000000E+00  .15965813E+00
   .64000000E+00  .13743178E+00
   .68000000E+00  .11494845E+00
   .72000000E+00  .92202034E-01
   .76000000E+00  .69186241E-01
   .80000000E+00  .45894556E-01
   .84000000E+00  .22320246E-01
   .88000000E+00 -.15436502E-02
   .92000000E+00 -.25704336E-01
   .96000000E+00 -.50169263E-01
   .10000000E+01 -.74946146E-01
   .10400000E+01 -.10004297E+00
   .10800000E+01 -.12546802E+00
   .11200000E+01 -.15122985E+00
   .11600000E+01 -.17733736E+00
   .12000000E+01 -.20379974E+00
   .12400000E+01 -.23062657E+00
   .12800000E+01 -.25782774E+00
   .13200000E+01 -.28541355E+00
   .13600000E+01 -.31339467E+00
   .14000000E+01 -.34178219E+00
   .14400000E+01 -.37058764E+00
   .14800000E+01 -.39982300E+00
   .15200000E+01 -.42950072E+00
   .15600000E+01 -.45963375E+00
   .16000000E+01 -.49023558E+00
   .16400000E+01 -.52132025E+00
   .16800000E+01 -.55290237E+00
   .17200000E+01 -.58499716E+00
   .17600000E+01 -.61762052E+00
   .18000000E+01 -.65078899E+00
   .18400000E+01 -.68451986E+00
   .18800000E+01 -.71883114E+00
   .19200000E+01 -.75374168E+00
   .19600000E+01 -.78927114E+00
   .20000000E+01 -.82544009E+00
Core Pot   L  =        2.00000   -.20000
  -.20000000E+01  .15643539E+01
  -.19600000E+01  .15525439E+01
  -.19200000E+01  .15406648E+01
  -.18800000E+01  .15287156E+01
  -.18400000E+01  .15166952E+01
  -.18000000E+01  .15046027E+01
  -.17600000E+01  .14924369E+01
  -.17200000E+01  .14801966E+01
  -.16800000E+01  .14678809E+01
  -.16400000E+01  .14554884E+01
  -.16000000E+01  .14430180E+01
  -.15600000E+01  .14304684E+01
  -.15200000E+01  .14178385E+01
  -.14800000E+01  .14051269E+01
  -.14400000E+01  .13923323E+01
  -.14000000E+01  .13794534E+01
  -.13600000E+01  .13664888E+01
  -.13200000E+01  .13534371E+01
  -.12800000E+01  .13402969E+01
  -.12400000E+01  .13270666E+01
  -.12000000E+01  .13137449E+01
  -.11600000E+01  .13003300E+01
  -.11200000E+01  .12868205E+01
  -.10800000E+01  .12732148E+01
  -.10400000E+01  .12595110E+01
  -.10000000E+01  .12457076E+01
  -.96000000E+00  .12318028E+01
  -.92000000E+00  .12177948E+01
  -.88000000E+00  .12036817E+01
  -.84000000E+00  .11894616E+01
  -.80000000E+00  .11751327E+01
  -.76000000E+00  .11606928E+01
  -.72000000E+00  .11461400E+01
  -.68000000E+00  .11314722E+01
  -.64000000E+00  .11166871E+01
  -.60000000E+00  .11017827E+01
  -.56000000E+00  .10867565E+01
  -.52000000E+00  .10716063E+01
  -.48000000E+00  .10563297E+01
  -.44000000E+00  .10409241E+01
  -.40000000E+00  .10253870E+01
  -.36000000E+00  .10097158E+01
  -.32000000E+00  .99390787E+00
  -.28000000E+00  .97796036E+00
  -.24000000E+00  .96187042E+00
  -.20000000E+00  .94563514E+00
  -.16000000E+00  .92925147E+00
  -.12000000E+00  .91271631E+00
  -.80000000E-01  .89602645E+00
  -.40000000E-01  .87917857E+00
   .12351231E-14  .86216928E+00
   .40000000E-01  .84499505E+00
   .80000000E-01  .82765226E+00
   .12000000E+00  .81013717E+00
   .16000000E+00  .79244593E+00
   .20000000E+00  .77457456E+00
   .24000000E+00  .75651893E+00
   .28000000E+00  .73827483E+00
   .32000000E+00  .71983785E+00
   .36000000E+00  .70120347E+00
   .40000000E+00  .68236702E+00
   .44000000E+00  .66332365E+00
   .48000000E+00  .64406836E+00
   .52000000E+00  .62459598E+00
   .56000000E+00  .60490116E+00
   .60000000E+00  .58497836E+00
   .64000000E+00  .56482183E+00
   .68000000E+00  .54442564E+00
   .72000000E+00  .52378363E+00
   .76000000E+00  .50288942E+00
   .80000000E+00  .48173640E+00
   .84000000E+00  .46031771E+00
   .88000000E+00  .43862624E+00
   .92000000E+00  .41665460E+00
   .96000000E+00  .39439512E+00
   .10000000E+01  .37183985E+00
   .10400000E+01  .34898051E+00
   .10800000E+01  .32580850E+00
   .11200000E+01  .30231489E+00
   .11600000E+01  .27849038E+00
   .12000000E+01  .25432529E+00
   .12400000E+01  .22980954E+00
   .12800000E+01  .20493265E+00
   .13200000E+01  .17968369E+00
   .13600000E+01  .15405126E+00
   .14000000E+01  .12802347E+00
   .14400000E+01  .10158794E+00
   .14800000E+01  .74731710E-01
   .15200000E+01  .47441279E-01
   .15600000E+01  .19702521E-01
   .16000000E+01 -.84993287E-02
   .16400000E+01 -.37179709E-01
   .16800000E+01 -.66354777E-01
   .17200000E+01 -.96041452E-01
   .17600000E+01 -.12625746E+00
   .18000000E+01 -.15702137E+00
   .18400000E+01 -.18835267E+00
   .18800000E+01 -.22027181E+00
   .19200000E+01 -.25280025E+00
   .19600000E+01 -.28596056E+00
   .20000000E+01 -.31977645E+00
Potential  L  =        2.00000   -.20000
  -.20000000E+01  .15617691E+01
  -.19600000E+01  .15499546E+01
  -.19200000E+01  .15380724E+01
  -.18800000E+01  .15261214E+01
  -.18400000E+01  .15141008E+01
  -.18000000E+01  .15020095E+01
  -.17600000E+01  .14898465E+01
  -.17200000E+01  .14776107E+01
  -.16800000E+01  .14653012E+01
  -.16400000E+01  .14529167E+01
  -.16000000E+01  .14404562E+01
  -.15600000E+01  .14279186E+01
  -.15200000E+01  .14153026E+01
  -.14800000E+01  .14026071E+01
  -.14400000E+01  .13898309E+01
  -.14000000E+01  .13769728E+01
  -.13600000E+01  .13640314E+01
  -.13200000E+01  .13510055E+01
  -.12800000E+01  .13378937E+01
  -.12400000E+01  .13246948E+01
  -.12000000E+01  .13114072E+01
  -.11600000E+01  .12980296E+01
  -.11200000E+01  .12845605E+01
  -.10800000E+01  .12709984E+01
  -.10400000E+01  .12573419E+01
  -.10000000E+01  .12435893E+01
  -.96000000E+00  .12297391E+01
  -.92000000E+00  .12157896E+01
  -.88000000E+00  .12017391E+01
  -.84000000E+00  .11875860E+01
  -.80000000E+00  .11733285E+01
  -.76000000E+00  .11589647E+01
  -.72000000E+00  .11444928E+01
  -.68000000E+00  .11299110E+01
  -.64000000E+00  .11152173E+01
  -.60000000E+00  .11004097E+01
  -.56000000E+00  .10854862E+01
  -.52000000E+00  .10704446E+01
  -.48000000E+00  .10552829E+01
  -.44000000E+00  .10399988E+01
  -.40000000E+00  .10245901E+01
  -.36000000E+00  .10090544E+01
  -.32000000E+00  .99338940E+00
  -.28000000E+00  .97759262E+00
  -.24000000E+00  .96166157E+00
  -.20000000E+00  .94559364E+00
  -.16000000E+00  .92938621E+00
  -.12000000E+00  .91303653E+00
  -.80000000E-01  .89654182E+00
  -.40000000E-01  .87989920E+00
   .12351231E-14  .86310570E+00
   .40000000E-01  .84615828E+00
   .80000000E-01  .82905382E+00
   .12000000E+00  .81178909E+00
   .16000000E+00  .79436078E+00
   .20000000E+00  .77676547E+00
   .24000000E+00  .75899966E+00
   .28000000E+00  .74105972E+00
   .32000000E+00  .72294193E+00
   .36000000E+00  .70464245E+00
   .40000000E+00  .68615732E+00
   .44000000E+00  .66748247E+00
   .48000000E+00  .64861369E+00
   .52000000E+00  .62954665E+00
   .56000000E+00  .61027686E+00
   .60000000E+00  .59079973E+00
   .64000000E+00  .57111047E+00
   .68000000E+00  .55120419E+00
   .72000000E+00  .53107578E+00
   .76000000E+00  .51072003E+00
   .80000000E+00  .49013149E+00
   .84000000E+00  .46930458E+00
   .88000000E+00  .44823351E+00
   .92000000E+00  .42691228E+00
   .96000000E+00  .40533471E+00
   .10000000E+01  .38349438E+00
   .10400000E+01  .36138467E+00
   .10800000E+01  .33899872E+00
   .11200000E+01  .31632940E+00
   .11600000E+01  .29336935E+00
   .12000000E+01  .27011094E+00
   .12400000E+01  .24654625E+00
   .12800000E+01  .22266708E+00
   .13200000E+01  .19846492E+00
   .13600000E+01  .17393093E+00
   .14000000E+01  .14905593E+00
   .14400000E+01  .12383040E+00
   .14800000E+01  .98244450E-01
   .15200000E+01  .72287793E-01
   .15600000E+01  .45949739E-01
   .16000000E+01  .19219166E-01
   .16400000E+01 -.79154941E-02
   .16800000E+01 -.35466285E-01
   .17200000E+01 -.63445749E-01
   .17600000E+01 -.91866952E-01
   .18000000E+01 -.12074351E+00
   .18400000E+01 -.15008962E+00
   .18800000E+01 -.17992010E+00
   .19200000E+01 -.21025040E+00
   .19600000E+01 -.24109667E+00
   .20000000E+01 -.27247577E+00
Core Pot   L  =        3.00000    .00000
  -.20000000E+01  .21952733E+01
  -.19600000E+01  .21869265E+01
  -.19200000E+01  .21785550E+01
  -.18800000E+01  .21701587E+01
  -.18400000E+01  .21617372E+01
  -.18000000E+01  .21532905E+01
  -.17600000E+01  .21448182E+01
  -.17200000E+01  .21363204E+01
  -.16800000E+01  .21277966E+01
  -.16400000E+01  .21192467E+01
  -.16000000E+01  .21106706E+01
  -.15600000E+01  .21020680E+01
  -.15200000E+01  .20934387E+01
  -.14800000E+01  .20847824E+01
  -.14400000E+01  .20760990E+01
  -.14000000E+01  .20673883E+01
  -.13600000E+01  .20586500E+01
  -.13200000E+01  .20498839E+01
  -.12800000E+01  .20410898E+01
  -.12400000E+01  .20322674E+01
  -.12000000E+01  .20234165E+01
  -.11600000E+01  .20145369E+01
  -.11200000E+01  .20056284E+01
  -.10800000E+01  .19966907E+01
  -.10400000E+01  .19877235E+01
  -.10000000E+01  .19787266E+01
  -.96000000E+00  .19696998E+01
  -.92000000E+00  .19606428E+01
  -.88000000E+00  .19515554E+01
  -.84000000E+00  .19424372E+01
  -.80000000E+00  .19332881E+01
  -.76000000E+00  .19241078E+01
  -.72000000E+00  .19148959E+01
  -.68000000E+00  .19056522E+01
  -.64000000E+00  .18963765E+01
  -.60000000E+00  .18870685E+01
  -.56000000E+00  .18777279E+01
  -.52000000E+00  .18683543E+01
  -.48000000E+00  .18589475E+01
  -.44000000E+00  .18495073E+01
  -.40000000E+00  .18400332E+01
  -.36000000E+00  .18305251E+01
  -.32000000E+00  .18209825E+01
  -.28000000E+00  .18114053E+01
  -.24000000E+00  .18017930E+01
  -.20000000E+00  .17921453E+01
  -.16000000E+00  .17824620E+01
  -.12000000E+00  .17727427E+01
  -.80000000E-01  .17629870E+01
  -.40000000E-01  .17531947E+01
   .12351231E-14  .17433653E+01
   .40000000E-01  .17334986E+01
   .80000000E-01  .17235942E+01
   .12000000E+00  .17136517E+01
   .16000000E+00  .17036707E+01
   .20000000E+00  .16936510E+01
   .24000000E+00  .16835921E+01
   .28000000E+00  .16734936E+01
   .32000000E+00  .16633552E+01
   .36000000E+00  .16531765E+01
   .40000000E+00  .16429571E+01
   .44000000E+00  .16326965E+01
   .48000000E+00  .16223945E+01
   .52000000E+00  .16120505E+01
   .56000000E+00  .16016641E+01
   .60000000E+00  .15912350E+01
   .64000000E+00  .15807627E+01
   .68000000E+00  .15702468E+01
   .72000000E+00  .15596868E+01
   .76000000E+00  .15490822E+01
   .80000000E+00  .15384327E+01
   .84000000E+00  .15277377E+01
   .88000000E+00  .15169968E+01
   .92000000E+00  .15062096E+01
   .96000000E+00  .14953754E+01
   .10000000E+01  .14844939E+01
   .10400000E+01  .14735645E+01
   .10800000E+01  .14625868E+01
   .11200000E+01  .14515601E+01
   .11600000E+01  .14404841E+01
   .12000000E+01  .14293581E+01
   .12400000E+01  .14181816E+01
   .12800000E+01  .14069542E+01
   .13200000E+01  .13956751E+01
   .13600000E+01  .13843439E+01
   .14000000E+01  .13729600E+01
   .14400000E+01  .13615227E+01
   .14800000E+01  .13500316E+01
   .15200000E+01  .13384860E+01
   .15600000E+01  .13268853E+01
   .16000000E+01  .13152288E+01
   .16400000E+01  .13035160E+01
   .16800000E+01  .12917462E+01
   .17200000E+01  .12799187E+01
   .17600000E+01  .12680329E+01
   .18000000E+01  .12560881E+01
   .18400000E+01  .12440836E+01
   .18800000E+01  .12320188E+01
   .19200000E+01  .12198928E+01
   .19600000E+01  .12077050E+01
   .20000000E+01  .11954547E+01
Potential  L  =        3.00000    .00000
  -.20000000E+01  .21938737E+01
  -.19600000E+01  .21854872E+01
  -.19200000E+01  .21770755E+01
  -.18800000E+01  .21686385E+01
  -.18400000E+01  .21601759E+01
  -.18000000E+01  .21516875E+01
  -.17600000E+01  .21431732E+01
  -.17200000E+01  .21346326E+01
  -.16800000E+01  .21260657E+01
  -.16400000E+01  .21174721E+01
  -.16000000E+01  .21088518E+01
  -.15600000E+01  .21002044E+01
  -.15200000E+01  .20915297E+01
  -.14800000E+01  .20828276E+01
  -.14400000E+01  .20740978E+01
  -.14000000E+01  .20653400E+01
  -.13600000E+01  .20565541E+01
  -.13200000E+01  .20477398E+01
  -.12800000E+01  .20388969E+01
  -.12400000E+01  .20300252E+01
  -.12000000E+01  .20211244E+01
  -.11600000E+01  .20121942E+01
  -.11200000E+01  .20032344E+01
  -.10800000E+01  .19942448E+01
  -.10400000E+01  .19852251E+01
  -.10000000E+01  .19761751E+01
  -.96000000E+00  .19670944E+01
  -.92000000E+00  .19579829E+01
  -.88000000E+00  .19488403E+01
  -.84000000E+00  .19396662E+01
  -.80000000E+00  .19304605E+01
  -.76000000E+00  .19212228E+01
  -.72000000E+00  .19119529E+01
  -.68000000E+00  .19026505E+01
  -.64000000E+00  .18933153E+01
  -.60000000E+00  .18839470E+01
  -.56000000E+00  .18745453E+01
  -.52000000E+00  .18651099E+01
  -.48000000E+00  .18556405E+01
  -.44000000E+00  .18461368E+01
  -.40000000E+00  .18365985E+01
  -.36000000E+00  .18270253E+01
  -.32000000E+00  .18174168E+01
  -.28000000E+00  .18077728E+01
  -.24000000E+00  .17980929E+01
  -.20000000E+00  .17883767E+01
  -.16000000E+00  .17786240E+01
  -.12000000E+00  .17688344E+01
  -.80000000E-01  .17590075E+01
  -.40000000E-01  .17491430E+01
   .12351231E-14  .17392406E+01
   .40000000E-01  .17292998E+01
   .80000000E-01  .17193203E+01
   .12000000E+00  .17093018E+01
   .16000000E+00  .16992438E+01
   .20000000E+00  .16891460E+01
   .24000000E+00  .16790080E+01
   .28000000E+00  .16688294E+01
   .32000000E+00  .16586098E+01
   .36000000E+00  .16483488E+01
   .40000000E+00  .16380459E+01
   .44000000E+00  .16277009E+01
   .48000000E+00  .16173131E+01
   .52000000E+00  .16068823E+01
   .56000000E+00  .15964079E+01
   .60000000E+00  .15858896E+01
   .64000000E+00  .15753269E+01
   .68000000E+00  .15647193E+01
   .72000000E+00  .15540664E+01
   .76000000E+00  .15433677E+01
   .80000000E+00  .15326227E+01
   .84000000E+00  .15218309E+01
   .88000000E+00  .15109919E+01
   .92000000E+00  .15001051E+01
   .96000000E+00  .14891701E+01
   .10000000E+01  .14781863E+01
   .10400000E+01  .14671532E+01
   .10800000E+01  .14560703E+01
   .11200000E+01  .14449371E+01
   .11600000E+01  .14337529E+01
   .12000000E+01  .14225173E+01
   .12400000E+01  .14112296E+01
   .12800000E+01  .13998894E+01
   .13200000E+01  .13884959E+01
   .13600000E+01  .13770487E+01
   .14000000E+01  .13655471E+01
   .14400000E+01  .13539905E+01
   .14800000E+01  .13423784E+01
   .15200000E+01  .13307099E+01
   .15600000E+01  .13189846E+01
   .16000000E+01  .13072018E+01
   .16400000E+01  .12953607E+01
   .16800000E+01  .12834608E+01
   .17200000E+01  .12715013E+01
   .17600000E+01  .12594816E+01
   .18000000E+01  .12474009E+01
   .18400000E+01  .12352585E+01
   .18800000E+01  .12230537E+01
   .19200000E+01  .12107857E+01
   .19600000E+01  .11984538E+01
   .20000000E+01  .11860571E+01
Core Pot   L  =        4.00000    .00000
  -.20000000E+01  .27732039E+01
  -.19600000E+01  .27665396E+01
  -.19200000E+01  .27598619E+01
  -.18800000E+01  .27531724E+01
  -.18400000E+01  .27464713E+01
  -.18000000E+01  .27397560E+01
  -.17600000E+01  .27330271E+01
  -.17200000E+01  .27262861E+01
  -.16800000E+01  .27195308E+01
  -.16400000E+01  .27127615E+01
  -.16000000E+01  .27059814E+01
  -.15600000E+01  .26991867E+01
  -.15200000E+01  .26923782E+01
  -.14800000E+01  .26855564E+01
  -.14400000E+01  .26787207E+01
  -.14000000E+01  .26718702E+01
  -.13600000E+01  .26650086E+01
  -.13200000E+01  .26581319E+01
  -.12800000E+01  .26512410E+01
  -.12400000E+01  .26443361E+01
  -.12000000E+01  .26374176E+01
  -.11600000E+01  .26304849E+01
  -.11200000E+01  .26235372E+01
  -.10800000E+01  .26165761E+01
  -.10400000E+01  .26096002E+01
  -.10000000E+01  .26026100E+01
  -.96000000E+00  .25956040E+01
  -.92000000E+00  .25885863E+01
  -.88000000E+00  .25815520E+01
  -.84000000E+00  .25745032E+01
  -.80000000E+00  .25674395E+01
  -.76000000E+00  .25603612E+01
  -.72000000E+00  .25532677E+01
  -.68000000E+00  .25461593E+01
  -.64000000E+00  .25390354E+01
  -.60000000E+00  .25318962E+01
  -.56000000E+00  .25247419E+01
  -.52000000E+00  .25175722E+01
  -.48000000E+00  .25103869E+01
  -.44000000E+00  .25031860E+01
  -.40000000E+00  .24959695E+01
  -.36000000E+00  .24887372E+01
  -.32000000E+00  .24814877E+01
  -.28000000E+00  .24742248E+01
  -.24000000E+00  .24669447E+01
  -.20000000E+00  .24596482E+01
  -.16000000E+00  .24523359E+01
  -.12000000E+00  .24450072E+01
  -.80000000E-01  .24376619E+01
  -.40000000E-01  .24303000E+01
   .12351231E-14  .24229217E+01
   .40000000E-01  .24155271E+01
   .80000000E-01  .24081150E+01
   .12000000E+00  .24006864E+01
   .16000000E+00  .23932406E+01
   .20000000E+00  .23857779E+01
   .24000000E+00  .23782980E+01
   .28000000E+00  .23708007E+01
   .32000000E+00  .23632861E+01
   .36000000E+00  .23557540E+01
   .40000000E+00  .23482042E+01
   .44000000E+00  .23406367E+01
   .48000000E+00  .23330515E+01
   .52000000E+00  .23254483E+01
   .56000000E+00  .23178271E+01
   .60000000E+00  .23101878E+01
   .64000000E+00  .23025303E+01
   .68000000E+00  .22948543E+01
   .72000000E+00  .22871599E+01
   .76000000E+00  .22794469E+01
   .80000000E+00  .22717154E+01
   .84000000E+00  .22639649E+01
   .88000000E+00  .22561953E+01
   .92000000E+00  .22484069E+01
   .96000000E+00  .22405993E+01
   .10000000E+01  .22327724E+01
   .10400000E+01  .22249261E+01
   .10800000E+01  .22170603E+01
   .11200000E+01  .22091749E+01
   .11600000E+01  .22012697E+01
   .12000000E+01  .21933446E+01
   .12400000E+01  .21853994E+01
   .12800000E+01  .21774342E+01
   .13200000E+01  .21694486E+01
   .13600000E+01  .21614426E+01
   .14000000E+01  .21534162E+01
   .14400000E+01  .21453690E+01
   .14800000E+01  .21373010E+01
   .15200000E+01  .21292121E+01
   .15600000E+01  .21211023E+01
   .16000000E+01  .21129711E+01
   .16400000E+01  .21048186E+01
   .16800000E+01  .20966445E+01
   .17200000E+01  .20884489E+01
   .17600000E+01  .20802315E+01
   .18000000E+01  .20719921E+01
   .18400000E+01  .20637307E+01
   .18800000E+01  .20554471E+01
   .19200000E+01  .20471412E+01
   .19600000E+01  .20388127E+01
   .20000000E+01  .20304616E+01
Potential  L  =        4.00000    .00000
  -.20000000E+01  .27744580E+01
  -.19600000E+01  .27677844E+01
  -.19200000E+01  .27610976E+01
  -.18800000E+01  .27543984E+01
  -.18400000E+01  .27476855E+01
  -.18000000E+01  .27409597E+01
  -.17600000E+01  .27342212E+01
  -.17200000E+01  .27274687E+01
  -.16800000E+01  .27207034E+01
  -.16400000E+01  .27139244E+01
  -.16000000E+01  .27071320E+01
  -.15600000E+01  .27003263E+01
  -.15200000E+01  .26935065E+01
  -.14800000E+01  .26866735E+01
  -.14400000E+01  .26798265E+01
  -.14000000E+01  .26729657E+01
  -.13600000E+01  .26660910E+01
  -.13200000E+01  .26592024E+01
  -.12800000E+01  .26522996E+01
  -.12400000E+01  .26453829E+01
  -.12000000E+01  .26384519E+01
  -.11600000E+01  .26315064E+01
  -.11200000E+01  .26245468E+01
  -.10800000E+01  .26175730E+01
  -.10400000E+01  .26105841E+01
  -.10000000E+01  .26035810E+01
  -.96000000E+00  .25965633E+01
  -.92000000E+00  .25895309E+01
  -.88000000E+00  .25824832E+01
  -.84000000E+00  .25754207E+01
  -.80000000E+00  .25683437E+01
  -.76000000E+00  .25612512E+01
  -.72000000E+00  .25541435E+01
  -.68000000E+00  .25470208E+01
  -.64000000E+00  .25398826E+01
  -.60000000E+00  .25327291E+01
  -.56000000E+00  .25255599E+01
  -.52000000E+00  .25183754E+01
  -.48000000E+00  .25111750E+01
  -.44000000E+00  .25039589E+01
  -.40000000E+00  .24967269E+01
  -.36000000E+00  .24894792E+01
  -.32000000E+00  .24822152E+01
  -.28000000E+00  .24749351E+01
  -.24000000E+00  .24676389E+01
  -.20000000E+00  .24603263E+01
  -.16000000E+00  .24529972E+01
  -.12000000E+00  .24456517E+01
  -.80000000E-01  .24382897E+01
  -.40000000E-01  .24309110E+01
   .12351231E-14  .24235153E+01
   .40000000E-01  .24161029E+01
   .80000000E-01  .24086733E+01
   .12000000E+00  .24012267E+01
   .16000000E+00  .23937629E+01
   .20000000E+00  .23862819E+01
   .24000000E+00  .23787833E+01
   .28000000E+00  .23712675E+01
   .32000000E+00  .23637338E+01
   .36000000E+00  .23561826E+01
   .40000000E+00  .23486134E+01
   .44000000E+00  .23410264E+01
   .48000000E+00  .23334212E+01
   .52000000E+00  .23257980E+01
   .56000000E+00  .23181566E+01
   .60000000E+00  .23104966E+01
   .64000000E+00  .23028182E+01
   .68000000E+00  .22951213E+01
   .72000000E+00  .22874057E+01
   .76000000E+00  .22796713E+01
   .80000000E+00  .22719177E+01
   .84000000E+00  .22641453E+01
   .88000000E+00  .22563535E+01
   .92000000E+00  .22485425E+01
   .96000000E+00  .22407121E+01
   .10000000E+01  .22328622E+01
   .10400000E+01  .22249926E+01
   .10800000E+01  .22171032E+01
   .11200000E+01  .22091939E+01
   .11600000E+01  .22012645E+01
   .12000000E+01  .21933149E+01
   .12400000E+01  .21853451E+01
   .12800000E+01  .21773548E+01
   .13200000E+01  .21693439E+01
   .13600000E+01  .21613123E+01
   .14000000E+01  .21532599E+01
   .14400000E+01  .21451865E+01
   .14800000E+01  .21370920E+01
   .15200000E+01  .21289762E+01
   .15600000E+01  .21208390E+01
   .16000000E+01  .21126804E+01
   .16400000E+01  .21045000E+01
   .16800000E+01  .20962978E+01
   .17200000E+01  .20880737E+01
   .17600000E+01  .20798274E+01
   .18000000E+01  .20715589E+01
   .18400000E+01  .20632680E+01
   .18800000E+01  .20549545E+01
   .19200000E+01  .20466182E+01
   .19600000E+01  .20382591E+01
   .20000000E+01  .20298770E+01
KBPotential  L  =       .00000  -1.14596
  -.20000000E+01  .93413218E+00
  -.19600000E+01  .91821035E+00
  -.19200000E+01  .90216139E+00
  -.18800000E+01  .88598311E+00
  -.18400000E+01  .86967325E+00
  -.18000000E+01  .85322949E+00
  -.17600000E+01  .83664947E+00
  -.17200000E+01  .81993076E+00
  -.16800000E+01  .80307085E+00
  -.16400000E+01  .78606719E+00
  -.16000000E+01  .76891715E+00
  -.15600000E+01  .75161803E+00
  -.15200000E+01  .73416707E+00
  -.14800000E+01  .71656141E+00
  -.14400000E+01  .69879812E+00
  -.14000000E+01  .68087420E+00
  -.13600000E+01  .66278654E+00
  -.13200000E+01  .64453195E+00
  -.12800000E+01  .62610716E+00
  -.12400000E+01  .60750876E+00
  -.12000000E+01  .58873327E+00
  -.11600000E+01  .56977708E+00
  -.11200000E+01  .55063645E+00
  -.10800000E+01  .53130753E+00
  -.10400000E+01  .51178630E+00
  -.10000000E+01  .49206859E+00
  -.96000000E+00  .47215010E+00
  -.92000000E+00  .45202632E+00
  -.88000000E+00  .43169250E+00
  -.84000000E+00  .41114369E+00
  -.80000000E+00  .39037465E+00
  -.76000000E+00  .36937980E+00
  -.72000000E+00  .34815319E+00
  -.68000000E+00  .32668837E+00
  -.64000000E+00  .30497829E+00
  -.60000000E+00  .28301512E+00
  -.56000000E+00  .26078996E+00
  -.52000000E+00  .23829245E+00
  -.48000000E+00  .21551015E+00
  -.44000000E+00  .19242747E+00
  -.40000000E+00  .16902386E+00
  -.36000000E+00  .14527058E+00
  -.32000000E+00  .12112433E+00
  -.28000000E+00  .96513638E-01
  -.24000000E+00  .71306413E-01
  -.20000000E+00  .45218488E-01
  -.16000000E+00  .17484002E-01
  -.12000000E+00 -.14991288E-01
  -.80000000E-01 -.95970289E-01
  -.40000000E-01 -.17887145E-01
   .12351231E-14 -.62626300E-01
   .40000000E-01 -.93917738E-01
   .80000000E-01 -.12296388E+00
   .12000000E+00 -.15143352E+00
   .16000000E+00 -.17983023E+00
   .20000000E+00 -.20836264E+00
   .24000000E+00 -.23713629E+00
   .28000000E+00 -.26621311E+00
   .32000000E+00 -.29563411E+00
   .36000000E+00 -.32542933E+00
   .40000000E+00 -.35562277E+00
   .44000000E+00 -.38623485E+00
   .48000000E+00 -.41728400E+00
   .52000000E+00 -.44878744E+00
   .56000000E+00 -.48076178E+00
   .60000000E+00 -.51322333E+00
   .64000000E+00 -.54618837E+00
   .68000000E+00 -.57967340E+00
   .72000000E+00 -.61369514E+00
   .76000000E+00 -.64827071E+00
   .80000000E+00 -.68341773E+00
   .84000000E+00 -.71915436E+00
   .88000000E+00 -.75549936E+00
   .92000000E+00 -.79247220E+00
   .96000000E+00 -.83009306E+00
   .10000000E+01 -.86838290E+00
   .10400000E+01 -.90736357E+00
   .10800000E+01 -.94705779E+00
   .11200000E+01 -.98748927E+00
   .11600000E+01 -.10286827E+01
   .12000000E+01 -.10706639E+01
   .12400000E+01 -.11134599E+01
   .12800000E+01 -.11570988E+01
   .13200000E+01 -.12016102E+01
   .13600000E+01 -.12470249E+01
   .14000000E+01 -.12933753E+01
   .14400000E+01 -.13406953E+01
   .14800000E+01 -.13890205E+01
   .15200000E+01 -.14383882E+01
   .15600000E+01 -.14888377E+01
   .16000000E+01 -.15404101E+01
   .16400000E+01 -.15931489E+01
   .16800000E+01 -.16470996E+01
   .17200000E+01 -.17023102E+01
   .17600000E+01 -.17588315E+01
   .18000000E+01 -.18167168E+01
   .18400000E+01 -.18760224E+01
   .18800000E+01 -.19368080E+01
   .19200000E+01 -.19991363E+01
   .19600000E+01 -.20630739E+01
   .20000000E+01 -.21286914E+01
KBPotential  L  =      1.00000   -.40412
  -.20000000E+01  .12846055E+01
  -.19600000E+01  .12709545E+01
  -.19200000E+01  .12572121E+01
  -.18800000E+01  .12433769E+01
  -.18400000E+01  .12294475E+01
  -.18000000E+01  .12154224E+01
  -.17600000E+01  .12013002E+01
  -.17200000E+01  .11870793E+01
  -.16800000E+01  .11727583E+01
  -.16400000E+01  .11583354E+01
  -.16000000E+01  .11438090E+01
  -.15600000E+01  .11291775E+01
  -.15200000E+01  .11144390E+01
  -.14800000E+01  .10995918E+01
  -.14400000E+01  .10846341E+01
  -.14000000E+01  .10695637E+01
  -.13600000E+01  .10543788E+01
  -.13200000E+01  .10390772E+01
  -.12800000E+01  .10236567E+01
  -.12400000E+01  .10081148E+01
  -.12000000E+01  .99244922E+00
  -.11600000E+01  .97665709E+00
  -.11200000E+01  .96073549E+00
  -.10800000E+01  .94468115E+00
  -.10400000E+01  .92849034E+00
  -.10000000E+01  .91215876E+00
  -.96000000E+00  .89568124E+00
  -.92000000E+00  .87905133E+00
  -.88000000E+00  .86226061E+00
  -.84000000E+00  .84529744E+00
  -.80000000E+00  .82814454E+00
  -.76000000E+00  .81077421E+00
  -.72000000E+00  .79313718E+00
  -.68000000E+00  .77513357E+00
  -.64000000E+00  .75651939E+00
  -.60000000E+00  .73648254E+00
  -.56000000E+00  .70958378E+00
  -.52000000E+00  .74278931E+00
  -.48000000E+00  .69705934E+00
  -.44000000E+00  .67512223E+00
  -.40000000E+00  .65519595E+00
  -.36000000E+00  .63575630E+00
  -.32000000E+00  .61642686E+00
  -.28000000E+00  .59706804E+00
  -.24000000E+00  .57761485E+00
  -.20000000E+00  .55803183E+00
  -.16000000E+00  .53829720E+00
  -.12000000E+00  .51839614E+00
  -.80000000E-01  .49831764E+00
  -.40000000E-01  .47805294E+00
   .12351231E-14  .45759465E+00
   .40000000E-01  .43693619E+00
   .80000000E-01  .41607151E+00
   .12000000E+00  .39499491E+00
   .16000000E+00  .37370084E+00
   .20000000E+00  .35218388E+00
   .24000000E+00  .33043869E+00
   .28000000E+00  .30845979E+00
   .32000000E+00  .28624179E+00
   .36000000E+00  .26377917E+00
   .40000000E+00  .24106634E+00
   .44000000E+00  .21809753E+00
   .48000000E+00  .19486700E+00
   .52000000E+00  .17136874E+00
   .56000000E+00  .14759662E+00
   .60000000E+00  .12354436E+00
   .64000000E+00  .99205498E-01
   .68000000E+00  .74573397E-01
   .72000000E+00  .49641225E-01
   .76000000E+00  .24401952E-01
   .80000000E+00 -.11516691E-02
   .84000000E+00 -.27027103E-01
   .88000000E+00 -.53232048E-01
   .92000000E+00 -.79774438E-01
   .96000000E+00 -.10666248E+00
   .10000000E+01 -.13390464E+00
   .10400000E+01 -.16150964E+00
   .10800000E+01 -.18948651E+00
   .11200000E+01 -.21784451E+00
   .11600000E+01 -.24659341E+00
   .12000000E+01 -.27574320E+00
   .12400000E+01 -.30530405E+00
   .12800000E+01 -.33528670E+00
   .13200000E+01 -.36570221E+00
   .13600000E+01 -.39656200E+00
   .14000000E+01 -.42787794E+00
   .14400000E+01 -.45966230E+00
   .14800000E+01 -.49192782E+00
   .15200000E+01 -.52468770E+00
   .15600000E+01 -.55795561E+00
   .16000000E+01 -.59174578E+00
   .16400000E+01 -.62607295E+00
   .16800000E+01 -.66095242E+00
   .17200000E+01 -.69640010E+00
   .17600000E+01 -.73243252E+00
   .18000000E+01 -.76906686E+00
   .18400000E+01 -.80632099E+00
   .18800000E+01 -.84421348E+00
   .19200000E+01 -.88276370E+00
   .19600000E+01 -.92199177E+00
   .20000000E+01 -.96191869E+00
KBPotential  L  =      2.00000    .00000
  -.20000000E+01  .15617691E+01
  -.19600000E+01  .15499546E+01
  -.19200000E+01  .15380724E+01
  -.18800000E+01  .15261214E+01
  -.18400000E+01  .15141008E+01
  -.18000000E+01  .15020095E+01
  -.17600000E+01  .14898465E+01
  -.17200000E+01  .14776107E+01
  -.16800000E+01  .14653012E+01
  -.16400000E+01  .14529167E+01
  -.16000000E+01  .14404562E+01
  -.15600000E+01  .14279186E+01
  -.15200000E+01  .14153026E+01
  -.14800000E+01  .14026071E+01
  -.14400000E+01  .13898309E+01
  -.14000000E+01  .13769728E+01
  -.13600000E+01  .13640314E+01
  -.13200000E+01  .13510055E+01
  -.12800000E+01  .13378937E+01
  -.12400000E+01  .13246948E+01
  -.12000000E+01  .13114072E+01
  -.11600000E+01  .12980296E+01
  -.11200000E+01  .12845605E+01
  -.10800000E+01  .12709984E+01
  -.10400000E+01  .12573419E+01
  -.10000000E+01  .12435893E+01
  -.96000000E+00  .12297391E+01
  -.92000000E+00  .12157896E+01
  -.88000000E+00  .12017391E+01
  -.84000000E+00  .11875860E+01
  -.80000000E+00  .11733285E+01
  -.76000000E+00  .11589647E+01
  -.72000000E+00  .11444928E+01
  -.68000000E+00  .11299110E+01
  -.64000000E+00  .11152173E+01
  -.60000000E+00  .11004097E+01
  -.56000000E+00  .10854862E+01
  -.52000000E+00  .10704446E+01
  -.48000000E+00  .10552829E+01
  -.44000000E+00  .10399988E+01
  -.40000000E+00  .10245901E+01
  -.36000000E+00  .10090544E+01
  -.32000000E+00  .99338940E+00
  -.28000000E+00  .97759262E+00
  -.24000000E+00  .96166157E+00
  -.20000000E+00  .94559364E+00
  -.16000000E+00  .92938621E+00
  -.12000000E+00  .91303653E+00
  -.80000000E-01  .89654182E+00
  -.40000000E-01  .87989920E+00
   .12351231E-14  .86310570E+00
   .40000000E-01  .84615828E+00
   .80000000E-01  .82905382E+00
   .12000000E+00  .81178909E+00
   .16000000E+00  .79436078E+00
   .20000000E+00  .77676547E+00
   .24000000E+00  .75899966E+00
   .28000000E+00  .74105972E+00
   .32000000E+00  .72294193E+00
   .36000000E+00  .70464245E+00
   .40000000E+00  .68615732E+00
   .44000000E+00  .66748247E+00
   .48000000E+00  .64861369E+00
   .52000000E+00  .62954665E+00
   .56000000E+00  .61027686E+00
   .60000000E+00  .59079973E+00
   .64000000E+00  .57111047E+00
   .68000000E+00  .55120419E+00
   .72000000E+00  .53107578E+00
   .76000000E+00  .51072003E+00
   .80000000E+00  .49013149E+00
   .84000000E+00  .46930458E+00
   .88000000E+00  .44823351E+00
   .92000000E+00  .42691228E+00
   .96000000E+00  .40533471E+00
   .10000000E+01  .38349438E+00
   .10400000E+01  .36138467E+00
   .10800000E+01  .33899872E+00
   .11200000E+01  .31632940E+00
   .11600000E+01  .29336935E+00
   .12000000E+01  .27011094E+00
   .12400000E+01  .24654625E+00
   .12800000E+01  .22266708E+00
   .13200000E+01  .19846492E+00
   .13600000E+01  .17393093E+00
   .14000000E+01  .14905593E+00
   .14400000E+01  .12383040E+00
   .14800000E+01  .98244450E-01
   .15200000E+01  .72287793E-01
   .15600000E+01  .45949739E-01
   .16000000E+01  .19219166E-01
   .16400000E+01 -.79154941E-02
   .16800000E+01 -.35466285E-01
   .17200000E+01 -.63445749E-01
   .17600000E+01 -.91866952E-01
   .18000000E+01 -.12074351E+00
   .18400000E+01 -.15008962E+00
   .18800000E+01 -.17992010E+00
   .19200000E+01 -.21025040E+00
   .19600000E+01 -.24109667E+00
   .20000000E+01 -.27247577E+00
KBPotential  L  =      3.00000    .00000
  -.20000000E+01  .21938737E+01
  -.19600000E+01  .21854872E+01
  -.19200000E+01  .21770755E+01
  -.18800000E+01  .21686385E+01
  -.18400000E+01  .21601759E+01
  -.18000000E+01  .21516875E+01
  -.17600000E+01  .21431732E+01
  -.17200000E+01  .21346326E+01
  -.16800000E+01  .21260657E+01
  -.16400000E+01  .21174721E+01
  -.16000000E+01  .21088518E+01
  -.15600000E+01  .21002044E+01
  -.15200000E+01  .20915297E+01
  -.14800000E+01  .20828276E+01
  -.14400000E+01  .20740978E+01
  -.14000000E+01  .20653400E+01
  -.13600000E+01  .20565541E+01
  -.13200000E+01  .20477398E+01
  -.12800000E+01  .20388969E+01
  -.12400000E+01  .20300252E+01
  -.12000000E+01  .20211244E+01
  -.11600000E+01  .20121942E+01
  -.11200000E+01  .20032344E+01
  -.10800000E+01  .19942448E+01
  -.10400000E+01  .19852251E+01
  -.10000000E+01  .19761751E+01
  -.96000000E+00  .19670944E+01
  -.92000000E+00  .19579829E+01
  -.88000000E+00  .19488403E+01
  -.84000000E+00  .19396662E+01
  -.80000000E+00  .19304605E+01
  -.76000000E+00  .19212228E+01
  -.72000000E+00  .19119529E+01
  -.68000000E+00  .19026505E+01
  -.64000000E+00  .18933153E+01
  -.60000000E+00  .18839470E+01
  -.56000000E+00  .18745453E+01
  -.52000000E+00  .18651099E+01
  -.48000000E+00  .18556405E+01
  -.44000000E+00  .18461368E+01
  -.40000000E+00  .18365985E+01
  -.36000000E+00  .18270253E+01
  -.32000000E+00  .18174168E+01
  -.28000000E+00  .18077728E+01
  -.24000000E+00  .17980929E+01
  -.20000000E+00  .17883767E+01
  -.16000000E+00  .17786240E+01
  -.12000000E+00  .17688344E+01
  -.80000000E-01  .17590075E+01
  -.40000000E-01  .17491430E+01
   .12351231E-14  .17392406E+01
   .40000000E-01  .17292998E+01
   .80000000E-01  .17193203E+01
   .12000000E+00  .17093018E+01
   .16000000E+00  .16992438E+01
   .20000000E+00  .16891460E+01
   .24000000E+00  .16790080E+01
   .28000000E+00  .16688294E+01
   .32000000E+00  .16586098E+01
   .36000000E+00  .16483488E+01
   .40000000E+00  .16380459E+01
   .44000000E+00  .16277009E+01
   .48000000E+00  .16173131E+01
   .52000000E+00  .16068823E+01
   .56000000E+00  .15964079E+01
   .60000000E+00  .15858896E+01
   .64000000E+00  .15753269E+01
   .68000000E+00  .15647193E+01
   .72000000E+00  .15540664E+01
   .76000000E+00  .15433677E+01
   .80000000E+00  .15326227E+01
   .84000000E+00  .15218309E+01
   .88000000E+00  .15109919E+01
   .92000000E+00  .15001051E+01
   .96000000E+00  .14891701E+01
   .10000000E+01  .14781863E+01
   .10400000E+01  .14671532E+01
   .10800000E+01  .14560703E+01
   .11200000E+01  .14449371E+01
   .11600000E+01  .14337529E+01
   .12000000E+01  .14225173E+01
   .12400000E+01  .14112296E+01
   .12800000E+01  .13998894E+01
   .13200000E+01  .13884959E+01
   .13600000E+01  .13770487E+01
   .14000000E+01  .13655471E+01
   .14400000E+01  .13539905E+01
   .14800000E+01  .13423784E+01
   .15200000E+01  .13307099E+01
   .15600000E+01  .13189846E+01
   .16000000E+01  .13072018E+01
   .16400000E+01  .12953607E+01
   .16800000E+01  .12834608E+01
   .17200000E+01  .12715013E+01
   .17600000E+01  .12594816E+01
   .18000000E+01  .12474009E+01
   .18400000E+01  .12352585E+01
   .18800000E+01  .12230537E+01
   .19200000E+01  .12107857E+01
   .19600000E+01  .11984538E+01
   .20000000E+01  .11860571E+01
KBPotential  L  =      4.00000    .00000
  -.20000000E+01  .27744580E+01
  -.19600000E+01  .27677844E+01
  -.19200000E+01  .27610976E+01
  -.18800000E+01  .27543984E+01
  -.18400000E+01  .27476855E+01
  -.18000000E+01  .27409597E+01
  -.17600000E+01  .27342212E+01
  -.17200000E+01  .27274687E+01
  -.16800000E+01  .27207034E+01
  -.16400000E+01  .27139244E+01
  -.16000000E+01  .27071320E+01
  -.15600000E+01  .27003263E+01
  -.15200000E+01  .26935065E+01
  -.14800000E+01  .26866735E+01
  -.14400000E+01  .26798265E+01
  -.14000000E+01  .26729657E+01
  -.13600000E+01  .26660910E+01
  -.13200000E+01  .26592024E+01
  -.12800000E+01  .26522996E+01
  -.12400000E+01  .26453829E+01
  -.12000000E+01  .26384519E+01
  -.11600000E+01  .26315064E+01
  -.11200000E+01  .26245468E+01
  -.10800000E+01  .26175730E+01
  -.10400000E+01  .26105841E+01
  -.10000000E+01  .26035810E+01
  -.96000000E+00  .25965633E+01
  -.92000000E+00  .25895309E+01
  -.88000000E+00  .25824832E+01
  -.84000000E+00  .25754207E+01
  -.80000000E+00  .25683437E+01
  -.76000000E+00  .25612512E+01
  -.72000000E+00  .25541435E+01
  -.68000000E+00  .25470208E+01
  -.64000000E+00  .25398826E+01
  -.60000000E+00  .25327291E+01
  -.56000000E+00  .25255599E+01
  -.52000000E+00  .25183754E+01
  -.48000000E+00  .25111750E+01
  -.44000000E+00  .25039589E+01
  -.40000000E+00  .24967269E+01
  -.36000000E+00  .24894792E+01
  -.32000000E+00  .24822152E+01
  -.28000000E+00  .24749351E+01
  -.24000000E+00  .24676389E+01
  -.20000000E+00  .24603263E+01
  -.16000000E+00  .24529972E+01
  -.12000000E+00  .24456517E+01
  -.80000000E-01  .24382897E+01
  -.40000000E-01  .24309110E+01
   .12351231E-14  .24235153E+01
   .40000000E-01  .24161029E+01
   .80000000E-01  .24086733E+01
   .12000000E+00  .24012267E+01
   .16000000E+00  .23937629E+01
   .20000000E+00  .23862819E+01
   .24000000E+00  .23787833E+01
   .28000000E+00  .23712675E+01
   .32000000E+00  .23637338E+01
   .36000000E+00  .23561826E+01
   .40000000E+00  .23486134E+01
   .44000000E+00  .23410264E+01
   .48000000E+00  .23334212E+01
   .52000000E+00  .23257980E+01
   .56000000E+00  .23181566E+01
   .60000000E+00  .23104966E+01
   .64000000E+00  .23028182E+01
   .68000000E+00  .22951213E+01
   .72000000E+00  .22874057E+01
   .76000000E+00  .22796713E+01
   .80000000E+00  .22719177E+01
   .84000000E+00  .22641453E+01
   .88000000E+00  .22563535E+01
   .92000000E+00  .22485425E+01
   .96000000E+00  .22407121E+01
   .10000000E+01  .22328622E+01
   .10400000E+01  .22249926E+01
   .10800000E+01  .22171032E+01
   .11200000E+01  .22091939E+01
   .11600000E+01  .22012645E+01
   .12000000E+01  .21933149E+01
   .12400000E+01  .21853451E+01
   .12800000E+01  .21773548E+01
   .13200000E+01  .21693439E+01
   .13600000E+01  .21613123E+01
   .14000000E+01  .21532599E+01
   .14400000E+01  .21451865E+01
   .14800000E+01  .21370920E+01
   .15200000E+01  .21289762E+01
   .15600000E+01  .21208390E+01
   .16000000E+01  .21126804E+01
   .16400000E+01  .21045000E+01
   .16800000E+01  .20962978E+01
   .17200000E+01  .20880737E+01
   .17600000E+01  .20798274E+01
   .18000000E+01  .20715589E+01
   .18400000E+01  .20632680E+01
   .18800000E+01  .20549545E+01
   .19200000E+01  .20466182E+01
   .19600000E+01  .20382591E+01
   .20000000E+01  .20298770E+01
