  PAW Ar                                 
 100
Core Pot   L  =         .00000  -1.78634
  -.20000000E+01 -.52820245E+00
  -.19600000E+01 -.58902186E+00
  -.19200000E+01 -.65220010E+00
  -.18800000E+01 -.71789704E+00
  -.18400000E+01 -.78628742E+00
  -.18000000E+01 -.85756268E+00
  -.17600000E+01 -.93193293E+00
  -.17200000E+01 -.10096294E+01
  -.16800000E+01 -.10909070E+01
  -.16400000E+01 -.11760476E+01
  -.16000000E+01 -.12653635E+01
  -.15600000E+01 -.13592020E+01
  -.15200000E+01 -.14579501E+01
  -.14800000E+01 -.15620402E+01
  -.14400000E+01 -.16719576E+01
  -.14000000E+01 -.17882484E+01
  -.13600000E+01 -.19115291E+01
  -.13200000E+01 -.20424990E+01
  -.12800000E+01 -.21819540E+01
  -.12400000E+01 -.23308041E+01
  -.12000000E+01 -.24900946E+01
  -.11600000E+01 -.26610322E+01
  -.11200000E+01 -.28450177E+01
  -.10800000E+01 -.30436861E+01
  -.10400000E+01 -.32589578E+01
  -.10000000E+01 -.34931045E+01
  -.96000000E+00 -.37488321E+01
  -.92000000E+00 -.40293910E+01
  -.88000000E+00 -.43387191E+01
  -.84000000E+00 -.46816346E+01
  -.80000000E+00 -.50640961E+01
  -.76000000E+00 -.54935615E+01
  -.72000000E+00 -.59794911E+01
  -.68000000E+00 -.65340679E+01
  -.64000000E+00 -.71732531E+01
  -.60000000E+00 -.79183744E+01
  -.56000000E+00 -.87985874E+01
  -.52000000E+00 -.98548304E+01
  -.48000000E+00 -.11146446E+02
  -.44000000E+00 -.12762833E+02
  -.40000000E+00 -.14845230E+02
  -.36000000E+00 -.17630673E+02
  -.32000000E+00 -.21549786E+02
  -.28000000E+00 -.27475122E+02
  -.24000000E+00 -.37483723E+02
  -.20000000E+00 -.58030724E+02
  -.16000000E+00 -.12433524E+03
  -.12000000E+00  .11050619E+04
  -.80000000E-01  .10390031E+03
  -.40000000E-01  .55159782E+02
   .12351231E-14  .37834927E+02
   .40000000E-01  .28951706E+02
   .80000000E-01  .23546702E+02
   .12000000E+00  .19909954E+02
   .16000000E+00  .17294544E+02
   .20000000E+00  .15322295E+02
   .24000000E+00  .13781221E+02
   .28000000E+00  .12543270E+02
   .32000000E+00  .11526524E+02
   .36000000E+00  .10676142E+02
   .40000000E+00  .99540249E+01
   .44000000E+00  .93328791E+01
   .48000000E+00  .87926407E+01
   .52000000E+00  .83182294E+01
   .56000000E+00  .78980923E+01
   .60000000E+00  .75232288E+01
   .64000000E+00  .71865234E+01
   .68000000E+00  .68822761E+01
   .72000000E+00  .66058673E+01
   .76000000E+00  .63535136E+01
   .80000000E+00  .61220865E+01
   .84000000E+00  .59089765E+01
   .88000000E+00  .57119901E+01
   .92000000E+00  .55292698E+01
   .96000000E+00  .53592323E+01
   .10000000E+01  .52005193E+01
   .10400000E+01  .50519596E+01
   .10800000E+01  .49125373E+01
   .11200000E+01  .47813671E+01
   .11600000E+01  .46576741E+01
   .12000000E+01  .45407769E+01
   .12400000E+01  .44300741E+01
   .12800000E+01  .43250326E+01
   .13200000E+01  .42251786E+01
   .13600000E+01  .41300891E+01
   .14000000E+01  .40393855E+01
   .14400000E+01  .39527280E+01
   .14800000E+01  .38698106E+01
   .15200000E+01  .37903570E+01
   .15600000E+01  .37141173E+01
   .16000000E+01  .36408644E+01
   .16400000E+01  .35703922E+01
   .16800000E+01  .35025125E+01
   .17200000E+01  .34370535E+01
   .17600000E+01  .33738580E+01
   .18000000E+01  .33127818E+01
   .18400000E+01  .32536924E+01
   .18800000E+01  .31964680E+01
   .19200000E+01  .31409959E+01
   .19600000E+01  .30871725E+01
   .20000000E+01  .30349017E+01
Potential  L  =         .00000  -1.78634
  -.20000000E+01 -.42664279E+00
  -.19600000E+01 -.50109612E+00
  -.19200000E+01 -.58001060E+00
  -.18800000E+01 -.66386159E+00
  -.18400000E+01 -.75319505E+00
  -.18000000E+01 -.84864120E+00
  -.17600000E+01 -.95093143E+00
  -.17200000E+01 -.10609195E+01
  -.16800000E+01 -.11796080E+01
  -.16400000E+01 -.13081830E+01
  -.16000000E+01 -.14480569E+01
  -.15600000E+01 -.16009263E+01
  -.15200000E+01 -.17688467E+01
  -.14800000E+01 -.19543326E+01
  -.14400000E+01 -.21604936E+01
  -.14000000E+01 -.23912213E+01
  -.13600000E+01 -.26514520E+01
  -.13200000E+01 -.29475420E+01
  -.12800000E+01 -.32878183E+01
  -.12400000E+01 -.36834063E+01
  -.12000000E+01 -.41495136E+01
  -.11600000E+01 -.47074907E+01
  -.11200000E+01 -.53882826E+01
  -.10800000E+01 -.62384993E+01
  -.10400000E+01 -.73317650E+01
  -.10000000E+01 -.87916068E+01
  -.96000000E+00 -.10842360E+02
  -.92000000E+00 -.13938364E+02
  -.88000000E+00 -.19160327E+02
  -.84000000E+00 -.29862439E+02
  -.80000000E+00 -.64283029E+02
  -.76000000E+00  .59933022E+03
  -.72000000E+00  .54799577E+02
  -.68000000E+00  .29207041E+02
  -.64000000E+00  .20125342E+02
  -.60000000E+00  .15469167E+02
  -.56000000E+00  .12634507E+02
  -.52000000E+00  .10725295E+02
  -.48000000E+00  .93503905E+01
  -.44000000E+00  .83118420E+01
  -.40000000E+00  .74987229E+01
  -.36000000E+00  .68440437E+01
  -.32000000E+00  .63049581E+01
  -.28000000E+00  .58527852E+01
  -.24000000E+00  .54676023E+01
  -.20000000E+00  .51351387E+01
  -.16000000E+00  .48449042E+01
  -.12000000E+00  .45890151E+01
  -.80000000E-01  .43614313E+01
  -.40000000E-01  .41574477E+01
   .12351231E-14  .39733444E+01
   .40000000E-01  .38061416E+01
   .80000000E-01  .36534241E+01
   .12000000E+00  .35132139E+01
   .16000000E+00  .33838751E+01
   .20000000E+00  .32640420E+01
   .24000000E+00  .31525698E+01
   .28000000E+00  .30484867E+01
   .32000000E+00  .29509633E+01
   .36000000E+00  .28592889E+01
   .40000000E+00  .27728505E+01
   .44000000E+00  .26911165E+01
   .48000000E+00  .26136233E+01
   .52000000E+00  .25399649E+01
   .56000000E+00  .24697843E+01
   .60000000E+00  .24027661E+01
   .64000000E+00  .23386307E+01
   .68000000E+00  .22771292E+01
   .72000000E+00  .22180395E+01
   .76000000E+00  .21611627E+01
   .80000000E+00  .21063199E+01
   .84000000E+00  .20533499E+01
   .88000000E+00  .20021072E+01
   .92000000E+00  .19524598E+01
   .96000000E+00  .19042877E+01
   .10000000E+01  .18574819E+01
   .10400000E+01  .18119425E+01
   .10800000E+01  .17675785E+01
   .11200000E+01  .17243060E+01
   .11600000E+01  .16820484E+01
   .12000000E+01  .16407349E+01
   .12400000E+01  .16003000E+01
   .12800000E+01  .15606835E+01
   .13200000E+01  .15218294E+01
   .13600000E+01  .14836858E+01
   .14000000E+01  .14462046E+01
   .14400000E+01  .14093407E+01
   .14800000E+01  .13730522E+01
   .15200000E+01  .13373001E+01
   .15600000E+01  .13020475E+01
   .16000000E+01  .12672602E+01
   .16400000E+01  .12329059E+01
   .16800000E+01  .11989541E+01
   .17200000E+01  .11653764E+01
   .17600000E+01  .11321455E+01
   .18000000E+01  .10992361E+01
   .18400000E+01  .10666239E+01
   .18800000E+01  .10342861E+01
   .19200000E+01  .10022007E+01
   .19600000E+01  .97034718E+00
   .20000000E+01  .93870571E+00
Core Pot   L  =        1.00000   -.75923
  -.20000000E+01  .60060379E+00
  -.19600000E+01  .57498240E+00
  -.19200000E+01  .54890204E+00
  -.18800000E+01  .52234597E+00
  -.18400000E+01  .49529661E+00
  -.18000000E+01  .46773556E+00
  -.17600000E+01  .43964324E+00
  -.17200000E+01  .41099927E+00
  -.16800000E+01  .38178207E+00
  -.16400000E+01  .35196893E+00
  -.16000000E+01  .32153586E+00
  -.15600000E+01  .29045755E+00
  -.15200000E+01  .25870726E+00
  -.14800000E+01  .22625671E+00
  -.14400000E+01  .19307594E+00
  -.14000000E+01  .15913328E+00
  -.13600000E+01  .12439513E+00
  -.13200000E+01  .88825829E-01
  -.12800000E+01  .52387534E-01
  -.12400000E+01  .15040009E-01
  -.12000000E+01 -.23259576E-01
  -.11600000E+01 -.62556754E-01
  -.11200000E+01 -.10290015E+00
  -.10800000E+01 -.14434161E+00
  -.10400000E+01 -.18693653E+00
  -.10000000E+01 -.23074418E+00
  -.96000000E+00 -.27582799E+00
  -.92000000E+00 -.32225596E+00
  -.88000000E+00 -.37010111E+00
  -.84000000E+00 -.41944188E+00
  -.80000000E+00 -.47036270E+00
  -.76000000E+00 -.52295457E+00
  -.72000000E+00 -.57731568E+00
  -.68000000E+00 -.63355217E+00
  -.64000000E+00 -.69177892E+00
  -.60000000E+00 -.75212049E+00
  -.56000000E+00 -.81471218E+00
  -.52000000E+00 -.87970118E+00
  -.48000000E+00 -.94724790E+00
  -.44000000E+00 -.10175275E+01
  -.40000000E+00 -.10907318E+01
  -.36000000E+00 -.11670709E+01
  -.32000000E+00 -.12467757E+01
  -.28000000E+00 -.13301007E+01
  -.24000000E+00 -.14173268E+01
  -.20000000E+00 -.15087648E+01
  -.16000000E+00 -.16047596E+01
  -.12000000E+00 -.17056952E+01
  -.80000000E-01 -.18120001E+01
  -.40000000E-01 -.19241540E+01
   .12351231E-14 -.20426960E+01
   .40000000E-01 -.21682334E+01
   .80000000E-01 -.23014536E+01
   .12000000E+00 -.24431374E+01
   .16000000E+00 -.25941755E+01
   .20000000E+00 -.27555882E+01
   .24000000E+00 -.29285504E+01
   .28000000E+00 -.31144220E+01
   .32000000E+00 -.33147853E+01
   .36000000E+00 -.35314928E+01
   .40000000E+00 -.37667274E+01
   .44000000E+00 -.40230796E+01
   .48000000E+00 -.43036472E+01
   .52000000E+00 -.46121656E+01
   .56000000E+00 -.49531813E+01
   .60000000E+00 -.53322843E+01
   .64000000E+00 -.57564259E+01
   .68000000E+00 -.62343600E+01
   .72000000E+00 -.67772675E+01
   .76000000E+00 -.73996609E+01
   .80000000E+00 -.81207242E+01
   .84000000E+00 -.89663576E+01
   .88000000E+00 -.99723987E+01
   .92000000E+00 -.11189894E+02
   .96000000E+00 -.12694124E+02
   .10000000E+01 -.14600923E+02
   .10400000E+01 -.17098233E+02
   .10800000E+01 -.20512564E+02
   .11200000E+01 -.25465544E+02
   .11600000E+01 -.33304705E+02
   .12000000E+01 -.47599935E+02
   .12400000E+01 -.81938961E+02
   .12800000E+01 -.27767022E+03
   .13200000E+01  .20785605E+03
   .13600000E+01  .76667011E+02
   .14000000E+01  .47380826E+02
   .14400000E+01  .34474730E+02
   .14800000E+01  .27206692E+02
   .15200000E+01  .22542535E+02
   .15600000E+01  .19294087E+02
   .16000000E+01  .16900626E+02
   .16400000E+01  .15063004E+02
   .16800000E+01  .13607050E+02
   .17200000E+01  .12424473E+02
   .17600000E+01  .11444408E+02
   .18000000E+01  .10618532E+02
   .18400000E+01  .99127598E+01
   .18800000E+01  .93023618E+01
   .19200000E+01  .87689594E+01
   .19600000E+01  .82986092E+01
   .20000000E+01  .78805414E+01
Potential  L  =        1.00000   -.75923
  -.20000000E+01  .59857229E+00
  -.19600000E+01  .57291692E+00
  -.19200000E+01  .54680009E+00
  -.18800000E+01  .52020481E+00
  -.18400000E+01  .49311324E+00
  -.18000000E+01  .46550659E+00
  -.17600000E+01  .43736509E+00
  -.17200000E+01  .40866790E+00
  -.16800000E+01  .37939307E+00
  -.16400000E+01  .34951742E+00
  -.16000000E+01  .31901651E+00
  -.15600000E+01  .28786449E+00
  -.15200000E+01  .25603403E+00
  -.14800000E+01  .22349622E+00
  -.14400000E+01  .19022043E+00
  -.14000000E+01  .15617421E+00
  -.13600000E+01  .12132311E+00
  -.13200000E+01  .85630569E-01
  -.12800000E+01  .49057705E-01
  -.12400000E+01  .11563167E-01
  -.12000000E+01 -.26897086E-01
  -.11600000E+01 -.66370003E-01
  -.11200000E+01 -.10690569E+00
  -.10800000E+01 -.14855766E+00
  -.10400000E+01 -.19138318E+00
  -.10000000E+01 -.23544354E+00
  -.96000000E+00 -.28080445E+00
  -.92000000E+00 -.32753646E+00
  -.88000000E+00 -.37571537E+00
  -.84000000E+00 -.42542279E+00
  -.80000000E+00 -.47674663E+00
  -.76000000E+00 -.52978181E+00
  -.72000000E+00 -.58463089E+00
  -.68000000E+00 -.64140493E+00
  -.64000000E+00 -.70022433E+00
  -.60000000E+00 -.76121986E+00
  -.56000000E+00 -.82453382E+00
  -.52000000E+00 -.89032130E+00
  -.48000000E+00 -.95875170E+00
  -.44000000E+00 -.10300104E+01
  -.40000000E+00 -.11043006E+01
  -.36000000E+00 -.11818457E+01
  -.32000000E+00 -.12628918E+01
  -.28000000E+00 -.13477106E+01
  -.24000000E+00 -.14366027E+01
  -.20000000E+00 -.15299021E+01
  -.16000000E+00 -.16279801E+01
  -.12000000E+00 -.17312516E+01
  -.80000000E-01 -.18401809E+01
  -.40000000E-01 -.19552897E+01
   .12351231E-14 -.20771664E+01
   .40000000E-01 -.22064766E+01
   .80000000E-01 -.23439766E+01
   .12000000E+00 -.24905292E+01
   .16000000E+00 -.26471234E+01
   .20000000E+00 -.28148982E+01
   .24000000E+00 -.29951718E+01
   .28000000E+00 -.31894790E+01
   .32000000E+00 -.33996171E+01
   .36000000E+00 -.36277046E+01
   .40000000E+00 -.38762564E+01
   .44000000E+00 -.41482813E+01
   .48000000E+00 -.44474089E+01
   .52000000E+00 -.47780592E+01
   .56000000E+00 -.51456694E+01
   .60000000E+00 -.55570052E+01
   .64000000E+00 -.60205922E+01
   .68000000E+00 -.65473283E+01
   .72000000E+00 -.71513708E+01
   .76000000E+00 -.78514529E+01
   .80000000E+00 -.86728957E+01
   .84000000E+00 -.96507825E+01
   .88000000E+00 -.10835166E+02
   .92000000E+00 -.12300007E+02
   .96000000E+00 -.14159379E+02
   .10000000E+01 -.16598938E+02
   .10400000E+01 -.19942512E+02
   .10800000E+01 -.24810022E+02
   .11200000E+01 -.32556191E+02
   .11600000E+01 -.46817730E+02
   .12000000E+01 -.81813667E+02
   .12400000E+01 -.30357995E+03
   .12800000E+01  .18385941E+03
   .13200000E+01  .71494642E+02
   .13600000E+01  .44721155E+02
   .14000000E+01  .32711857E+02
   .14400000E+01  .25890705E+02
   .14800000E+01  .21490844E+02
   .15200000E+01  .18415881E+02
   .15600000E+01  .16144554E+02
   .16000000E+01  .14397333E+02
   .16400000E+01  .13010854E+02
   .16800000E+01  .11883251E+02
   .17200000E+01  .10947707E+02
   .17600000E+01  .10158577E+02
   .18000000E+01  .94836116E+01
   .18400000E+01  .88993848E+01
   .18800000E+01  .83884659E+01
   .19200000E+01  .79376181E+01
   .19600000E+01  .75366087E+01
   .20000000E+01  .71774023E+01
Core Pot   L  =        2.00000   -.20000
  -.20000000E+01  .14363390E+01
  -.19600000E+01  .14225315E+01
  -.19200000E+01  .14086080E+01
  -.18800000E+01  .13945661E+01
  -.18400000E+01  .13804033E+01
  -.18000000E+01  .13661169E+01
  -.17600000E+01  .13517042E+01
  -.17200000E+01  .13371625E+01
  -.16800000E+01  .13224888E+01
  -.16400000E+01  .13076802E+01
  -.16000000E+01  .12927335E+01
  -.15600000E+01  .12776457E+01
  -.15200000E+01  .12624133E+01
  -.14800000E+01  .12470331E+01
  -.14400000E+01  .12315014E+01
  -.14000000E+01  .12158147E+01
  -.13600000E+01  .11999692E+01
  -.13200000E+01  .11839610E+01
  -.12800000E+01  .11677860E+01
  -.12400000E+01  .11514400E+01
  -.12000000E+01  .11349188E+01
  -.11600000E+01  .11182177E+01
  -.11200000E+01  .11013323E+01
  -.10800000E+01  .10842575E+01
  -.10400000E+01  .10669884E+01
  -.10000000E+01  .10495197E+01
  -.96000000E+00  .10318461E+01
  -.92000000E+00  .10139619E+01
  -.88000000E+00  .99586121E+00
  -.84000000E+00  .97753802E+00
  -.80000000E+00  .95898595E+00
  -.76000000E+00  .94019842E+00
  -.72000000E+00  .92116856E+00
  -.68000000E+00  .90188922E+00
  -.64000000E+00  .88235294E+00
  -.60000000E+00  .86255195E+00
  -.56000000E+00  .84247815E+00
  -.52000000E+00  .82212306E+00
  -.48000000E+00  .80147787E+00
  -.44000000E+00  .78053333E+00
  -.40000000E+00  .75927981E+00
  -.36000000E+00  .73770720E+00
  -.32000000E+00  .71580496E+00
  -.28000000E+00  .69356202E+00
  -.24000000E+00  .67096682E+00
  -.20000000E+00  .64800722E+00
  -.16000000E+00  .62467050E+00
  -.12000000E+00  .60094322E+00
  -.80000000E-01  .57681152E+00
  -.40000000E-01  .55226058E+00
   .12351231E-14  .52727494E+00
   .40000000E-01  .50183830E+00
   .80000000E-01  .47593357E+00
   .12000000E+00  .44954256E+00
   .16000000E+00  .42264630E+00
   .20000000E+00  .39522469E+00
   .24000000E+00  .36725653E+00
   .28000000E+00  .33871941E+00
   .32000000E+00  .30958964E+00
   .36000000E+00  .27984214E+00
   .40000000E+00  .24945037E+00
   .44000000E+00  .21838616E+00
   .48000000E+00  .18661966E+00
   .52000000E+00  .15411915E+00
   .56000000E+00  .12085092E+00
   .60000000E+00  .86779107E-01
   .64000000E+00  .51865514E-01
   .68000000E+00  .16069418E-01
   .72000000E+00 -.20652620E-01
   .76000000E+00 -.58347077E-01
   .80000000E+00 -.97063597E-01
   .84000000E+00 -.13685537E+00
   .88000000E+00 -.17777941E+00
   .92000000E+00 -.21989694E+00
   .96000000E+00 -.26327380E+00
   .10000000E+01 -.30798075E+00
   .10400000E+01 -.35409416E+00
   .10800000E+01 -.40169644E+00
   .11200000E+01 -.45087667E+00
   .11600000E+01 -.50173131E+00
   .12000000E+01 -.55436498E+00
   .12400000E+01 -.60889130E+00
   .12800000E+01 -.66543397E+00
   .13200000E+01 -.72412781E+00
   .13600000E+01 -.78512013E+00
   .14000000E+01 -.84857216E+00
   .14400000E+01 -.91466075E+00
   .14800000E+01 -.98358031E+00
   .15200000E+01 -.10555451E+01
   .15600000E+01 -.11307916E+01
   .16000000E+01 -.12095820E+01
   .16400000E+01 -.12922071E+01
   .16800000E+01 -.13789909E+01
   .17200000E+01 -.14702950E+01
   .17600000E+01 -.15665248E+01
   .18000000E+01 -.16681359E+01
   .18400000E+01 -.17756421E+01
   .18800000E+01 -.18896252E+01
   .19200000E+01 -.20107468E+01
   .19600000E+01 -.21397619E+01
   .20000000E+01 -.22775367E+01
Potential  L  =        2.00000   -.20000
  -.20000000E+01  .14261572E+01
  -.19600000E+01  .14123228E+01
  -.19200000E+01  .13983765E+01
  -.18800000E+01  .13843161E+01
  -.18400000E+01  .13701392E+01
  -.18000000E+01  .13558435E+01
  -.17600000E+01  .13414267E+01
  -.17200000E+01  .13268861E+01
  -.16800000E+01  .13122194E+01
  -.16400000E+01  .12974238E+01
  -.16000000E+01  .12824967E+01
  -.15600000E+01  .12674352E+01
  -.15200000E+01  .12522365E+01
  -.14800000E+01  .12368977E+01
  -.14400000E+01  .12214156E+01
  -.14000000E+01  .12057871E+01
  -.13600000E+01  .11900091E+01
  -.13200000E+01  .11740780E+01
  -.12800000E+01  .11579905E+01
  -.12400000E+01  .11417429E+01
  -.12000000E+01  .11253317E+01
  -.11600000E+01  .11087529E+01
  -.11200000E+01  .10920027E+01
  -.10800000E+01  .10750769E+01
  -.10400000E+01  .10579714E+01
  -.10000000E+01  .10406818E+01
  -.96000000E+00  .10232036E+01
  -.92000000E+00  .10055322E+01
  -.88000000E+00  .98766271E+00
  -.84000000E+00  .96959013E+00
  -.80000000E+00  .95130932E+00
  -.76000000E+00  .93281490E+00
  -.72000000E+00  .91410133E+00
  -.68000000E+00  .89516285E+00
  -.64000000E+00  .87599348E+00
  -.60000000E+00  .85658702E+00
  -.56000000E+00  .83693705E+00
  -.52000000E+00  .81703688E+00
  -.48000000E+00  .79687958E+00
  -.44000000E+00  .77645794E+00
  -.40000000E+00  .75576447E+00
  -.36000000E+00  .73479137E+00
  -.32000000E+00  .71353053E+00
  -.28000000E+00  .69197354E+00
  -.24000000E+00  .67011159E+00
  -.20000000E+00  .64793555E+00
  -.16000000E+00  .62543588E+00
  -.12000000E+00  .60260259E+00
  -.80000000E-01  .57942542E+00
  -.40000000E-01  .55589349E+00
   .12351231E-14  .53199552E+00
   .40000000E-01  .50771975E+00
   .80000000E-01  .48305378E+00
   .12000000E+00  .45798476E+00
   .16000000E+00  .43249922E+00
   .20000000E+00  .40658306E+00
   .24000000E+00  .38022148E+00
   .28000000E+00  .35339903E+00
   .32000000E+00  .32609948E+00
   .36000000E+00  .29830580E+00
   .40000000E+00  .27000013E+00
   .44000000E+00  .24116371E+00
   .48000000E+00  .21177684E+00
   .52000000E+00  .18181878E+00
   .56000000E+00  .15126773E+00
   .60000000E+00  .12010072E+00
   .64000000E+00  .88293552E-01
   .68000000E+00  .55820722E-01
   .72000000E+00  .22655313E-01
   .76000000E+00 -.11231096E-01
   .80000000E+00 -.45868537E-01
   .84000000E+00 -.81288767E-01
   .88000000E+00 -.11752540E+00
   .92000000E+00 -.15461405E+00
   .96000000E+00 -.19259246E+00
   .10000000E+01 -.23150068E+00
   .10400000E+01 -.27138126E+00
   .10800000E+01 -.31227941E+00
   .11200000E+01 -.35424326E+00
   .11600000E+01 -.39732405E+00
   .12000000E+01 -.44157643E+00
   .12400000E+01 -.48705872E+00
   .12800000E+01 -.53383325E+00
   .13200000E+01 -.58196667E+00
   .13600000E+01 -.63153038E+00
   .14000000E+01 -.68260091E+00
   .14400000E+01 -.73526045E+00
   .14800000E+01 -.78959734E+00
   .15200000E+01 -.84570665E+00
   .15600000E+01 -.90369089E+00
   .16000000E+01 -.96366069E+00
   .16400000E+01 -.10257356E+01
   .16800000E+01 -.10900453E+01
   .17200000E+01 -.11567300E+01
   .17600000E+01 -.12259424E+01
   .18000000E+01 -.12978485E+01
   .18400000E+01 -.13726293E+01
   .18800000E+01 -.14504825E+01
   .19200000E+01 -.15316247E+01
   .19600000E+01 -.16162931E+01
   .20000000E+01 -.17047486E+01
Core Pot   L  =        3.00000    .00000
  -.20000000E+01  .21510982E+01
  -.19600000E+01  .21424410E+01
  -.19200000E+01  .21337559E+01
  -.18800000E+01  .21250424E+01
  -.18400000E+01  .21163004E+01
  -.18000000E+01  .21075297E+01
  -.17600000E+01  .20987300E+01
  -.17200000E+01  .20899010E+01
  -.16800000E+01  .20810426E+01
  -.16400000E+01  .20721544E+01
  -.16000000E+01  .20632361E+01
  -.15600000E+01  .20542876E+01
  -.15200000E+01  .20453086E+01
  -.14800000E+01  .20362987E+01
  -.14400000E+01  .20272578E+01
  -.14000000E+01  .20181855E+01
  -.13600000E+01  .20090815E+01
  -.13200000E+01  .19999456E+01
  -.12800000E+01  .19907775E+01
  -.12400000E+01  .19815769E+01
  -.12000000E+01  .19723435E+01
  -.11600000E+01  .19630770E+01
  -.11200000E+01  .19537770E+01
  -.10800000E+01  .19444434E+01
  -.10400000E+01  .19350757E+01
  -.10000000E+01  .19256736E+01
  -.96000000E+00  .19162369E+01
  -.92000000E+00  .19067652E+01
  -.88000000E+00  .18972582E+01
  -.84000000E+00  .18877155E+01
  -.80000000E+00  .18781368E+01
  -.76000000E+00  .18685217E+01
  -.72000000E+00  .18588699E+01
  -.68000000E+00  .18491811E+01
  -.64000000E+00  .18394549E+01
  -.60000000E+00  .18296908E+01
  -.56000000E+00  .18198887E+01
  -.52000000E+00  .18100480E+01
  -.48000000E+00  .18001683E+01
  -.44000000E+00  .17902494E+01
  -.40000000E+00  .17802908E+01
  -.36000000E+00  .17702921E+01
  -.32000000E+00  .17602529E+01
  -.28000000E+00  .17501728E+01
  -.24000000E+00  .17400514E+01
  -.20000000E+00  .17298882E+01
  -.16000000E+00  .17196829E+01
  -.12000000E+00  .17094349E+01
  -.80000000E-01  .16991438E+01
  -.40000000E-01  .16888093E+01
   .12351231E-14  .16784308E+01
   .40000000E-01  .16680078E+01
   .80000000E-01  .16575400E+01
   .12000000E+00  .16470267E+01
   .16000000E+00  .16364676E+01
   .20000000E+00  .16258621E+01
   .24000000E+00  .16152098E+01
   .28000000E+00  .16045101E+01
   .32000000E+00  .15937625E+01
   .36000000E+00  .15829664E+01
   .40000000E+00  .15721214E+01
   .44000000E+00  .15612269E+01
   .48000000E+00  .15502824E+01
   .52000000E+00  .15392872E+01
   .56000000E+00  .15282408E+01
   .60000000E+00  .15171427E+01
   .64000000E+00  .15059922E+01
   .68000000E+00  .14947887E+01
   .72000000E+00  .14835317E+01
   .76000000E+00  .14722204E+01
   .80000000E+00  .14608544E+01
   .84000000E+00  .14494328E+01
   .88000000E+00  .14379552E+01
   .92000000E+00  .14264207E+01
   .96000000E+00  .14148288E+01
   .10000000E+01  .14031787E+01
   .10400000E+01  .13914698E+01
   .10800000E+01  .13797013E+01
   .11200000E+01  .13678725E+01
   .11600000E+01  .13559827E+01
   .12000000E+01  .13440311E+01
   .12400000E+01  .13320170E+01
   .12800000E+01  .13199395E+01
   .13200000E+01  .13077979E+01
   .13600000E+01  .12955914E+01
   .14000000E+01  .12833192E+01
   .14400000E+01  .12709803E+01
   .14800000E+01  .12585740E+01
   .15200000E+01  .12460994E+01
   .15600000E+01  .12335557E+01
   .16000000E+01  .12209418E+01
   .16400000E+01  .12082569E+01
   .16800000E+01  .11955001E+01
   .17200000E+01  .11826703E+01
   .17600000E+01  .11697667E+01
   .18000000E+01  .11567882E+01
   .18400000E+01  .11437339E+01
   .18800000E+01  .11306026E+01
   .19200000E+01  .11173934E+01
   .19600000E+01  .11041051E+01
   .20000000E+01  .10907368E+01
Potential  L  =        3.00000    .00000
  -.20000000E+01  .21460685E+01
  -.19600000E+01  .21373399E+01
  -.19200000E+01  .21285823E+01
  -.18800000E+01  .21197954E+01
  -.18400000E+01  .21109789E+01
  -.18000000E+01  .21021326E+01
  -.17600000E+01  .20932562E+01
  -.17200000E+01  .20843494E+01
  -.16800000E+01  .20754120E+01
  -.16400000E+01  .20664437E+01
  -.16000000E+01  .20574443E+01
  -.15600000E+01  .20484133E+01
  -.15200000E+01  .20393506E+01
  -.14800000E+01  .20302558E+01
  -.14400000E+01  .20211288E+01
  -.14000000E+01  .20119690E+01
  -.13600000E+01  .20027764E+01
  -.13200000E+01  .19935504E+01
  -.12800000E+01  .19842910E+01
  -.12400000E+01  .19749976E+01
  -.12000000E+01  .19656701E+01
  -.11600000E+01  .19563080E+01
  -.11200000E+01  .19469111E+01
  -.10800000E+01  .19374790E+01
  -.10400000E+01  .19280114E+01
  -.10000000E+01  .19185079E+01
  -.96000000E+00  .19089682E+01
  -.92000000E+00  .18993919E+01
  -.88000000E+00  .18897787E+01
  -.84000000E+00  .18801283E+01
  -.80000000E+00  .18704401E+01
  -.76000000E+00  .18607140E+01
  -.72000000E+00  .18509494E+01
  -.68000000E+00  .18411460E+01
  -.64000000E+00  .18313034E+01
  -.60000000E+00  .18214212E+01
  -.56000000E+00  .18114990E+01
  -.52000000E+00  .18015365E+01
  -.48000000E+00  .17915331E+01
  -.44000000E+00  .17814884E+01
  -.40000000E+00  .17714021E+01
  -.36000000E+00  .17612737E+01
  -.32000000E+00  .17511027E+01
  -.28000000E+00  .17408887E+01
  -.24000000E+00  .17306313E+01
  -.20000000E+00  .17203299E+01
  -.16000000E+00  .17099841E+01
  -.12000000E+00  .16995935E+01
  -.80000000E-01  .16891575E+01
  -.40000000E-01  .16786757E+01
   .12351231E-14  .16681475E+01
   .40000000E-01  .16575724E+01
   .80000000E-01  .16469499E+01
   .12000000E+00  .16362796E+01
   .16000000E+00  .16255607E+01
   .20000000E+00  .16147929E+01
   .24000000E+00  .16039756E+01
   .28000000E+00  .15931081E+01
   .32000000E+00  .15821900E+01
   .36000000E+00  .15712206E+01
   .40000000E+00  .15601993E+01
   .44000000E+00  .15491256E+01
   .48000000E+00  .15379988E+01
   .52000000E+00  .15268184E+01
   .56000000E+00  .15155836E+01
   .60000000E+00  .15042938E+01
   .64000000E+00  .14929484E+01
   .68000000E+00  .14815468E+01
   .72000000E+00  .14700881E+01
   .76000000E+00  .14585718E+01
   .80000000E+00  .14469971E+01
   .84000000E+00  .14353634E+01
   .88000000E+00  .14236698E+01
   .92000000E+00  .14119158E+01
   .96000000E+00  .14001004E+01
   .10000000E+01  .13882229E+01
   .10400000E+01  .13762826E+01
   .10800000E+01  .13642786E+01
   .11200000E+01  .13522102E+01
   .11600000E+01  .13400765E+01
   .12000000E+01  .13278766E+01
   .12400000E+01  .13156098E+01
   .12800000E+01  .13032751E+01
   .13200000E+01  .12908716E+01
   .13600000E+01  .12783985E+01
   .14000000E+01  .12658548E+01
   .14400000E+01  .12532396E+01
   .14800000E+01  .12405519E+01
   .15200000E+01  .12277907E+01
   .15600000E+01  .12149551E+01
   .16000000E+01  .12020440E+01
   .16400000E+01  .11890563E+01
   .16800000E+01  .11759910E+01
   .17200000E+01  .11628471E+01
   .17600000E+01  .11496235E+01
   .18000000E+01  .11363189E+01
   .18400000E+01  .11229323E+01
   .18800000E+01  .11094624E+01
   .19200000E+01  .10959082E+01
   .19600000E+01  .10822683E+01
   .20000000E+01  .10685416E+01
Core Pot   L  =        4.00000    .00000
  -.20000000E+01  .27463720E+01
  -.19600000E+01  .27395890E+01
  -.19200000E+01  .27327919E+01
  -.18800000E+01  .27259817E+01
  -.18400000E+01  .27191563E+01
  -.18000000E+01  .27123199E+01
  -.17600000E+01  .27054671E+01
  -.17200000E+01  .26986011E+01
  -.16800000E+01  .26917226E+01
  -.16400000E+01  .26848271E+01
  -.16000000E+01  .26779188E+01
  -.15600000E+01  .26709977E+01
  -.15200000E+01  .26640593E+01
  -.14800000E+01  .26571096E+01
  -.14400000E+01  .26501432E+01
  -.14000000E+01  .26431626E+01
  -.13600000E+01  .26361676E+01
  -.13200000E+01  .26291574E+01
  -.12800000E+01  .26221325E+01
  -.12400000E+01  .26150926E+01
  -.12000000E+01  .26080375E+01
  -.11600000E+01  .26009675E+01
  -.11200000E+01  .25938805E+01
  -.10800000E+01  .25867802E+01
  -.10400000E+01  .25796641E+01
  -.10000000E+01  .25725327E+01
  -.96000000E+00  .25653857E+01
  -.92000000E+00  .25582231E+01
  -.88000000E+00  .25510461E+01
  -.84000000E+00  .25438505E+01
  -.80000000E+00  .25366420E+01
  -.76000000E+00  .25294155E+01
  -.72000000E+00  .25221733E+01
  -.68000000E+00  .25149135E+01
  -.64000000E+00  .25076405E+01
  -.60000000E+00  .25003495E+01
  -.56000000E+00  .24930416E+01
  -.52000000E+00  .24857177E+01
  -.48000000E+00  .24783766E+01
  -.44000000E+00  .24710192E+01
  -.40000000E+00  .24636435E+01
  -.36000000E+00  .24562520E+01
  -.32000000E+00  .24488449E+01
  -.28000000E+00  .24414178E+01
  -.24000000E+00  .24339749E+01
  -.20000000E+00  .24265160E+01
  -.16000000E+00  .24190381E+01
  -.12000000E+00  .24115415E+01
  -.80000000E-01  .24040283E+01
  -.40000000E-01  .23964988E+01
   .12351231E-14  .23889498E+01
   .40000000E-01  .23813829E+01
   .80000000E-01  .23737967E+01
   .12000000E+00  .23661934E+01
   .16000000E+00  .23585730E+01
   .20000000E+00  .23509329E+01
   .24000000E+00  .23432731E+01
   .28000000E+00  .23355957E+01
   .32000000E+00  .23279008E+01
   .36000000E+00  .23201843E+01
   .40000000E+00  .23124500E+01
   .44000000E+00  .23046980E+01
   .48000000E+00  .22969251E+01
   .52000000E+00  .22891329E+01
   .56000000E+00  .22813212E+01
   .60000000E+00  .22734898E+01
   .64000000E+00  .22656386E+01
   .68000000E+00  .22577674E+01
   .72000000E+00  .22498762E+01
   .76000000E+00  .22419648E+01
   .80000000E+00  .22340330E+01
   .84000000E+00  .22260809E+01
   .88000000E+00  .22181081E+01
   .92000000E+00  .22101146E+01
   .96000000E+00  .22021002E+01
   .10000000E+01  .21940648E+01
   .10400000E+01  .21860083E+01
   .10800000E+01  .21779305E+01
   .11200000E+01  .21698312E+01
   .11600000E+01  .21617105E+01
   .12000000E+01  .21535679E+01
   .12400000E+01  .21454035E+01
   .12800000E+01  .21372171E+01
   .13200000E+01  .21290086E+01
   .13600000E+01  .21207777E+01
   .14000000E+01  .21125243E+01
   .14400000E+01  .21042485E+01
   .14800000E+01  .20959497E+01
   .15200000E+01  .20876280E+01
   .15600000E+01  .20792833E+01
   .16000000E+01  .20709153E+01
   .16400000E+01  .20625239E+01
   .16800000E+01  .20541089E+01
   .17200000E+01  .20456701E+01
   .17600000E+01  .20372074E+01
   .18000000E+01  .20287207E+01
   .18400000E+01  .20202097E+01
   .18800000E+01  .20116743E+01
   .19200000E+01  .20031143E+01
   .19600000E+01  .19945295E+01
   .20000000E+01  .19859197E+01
Potential  L  =        4.00000    .00000
  -.20000000E+01  .27458857E+01
  -.19600000E+01  .27390908E+01
  -.19200000E+01  .27322824E+01
  -.18800000E+01  .27254600E+01
  -.18400000E+01  .27186236E+01
  -.18000000E+01  .27117733E+01
  -.17600000E+01  .27049089E+01
  -.17200000E+01  .26980304E+01
  -.16800000E+01  .26911376E+01
  -.16400000E+01  .26842304E+01
  -.16000000E+01  .26773090E+01
  -.15600000E+01  .26703730E+01
  -.15200000E+01  .26634225E+01
  -.14800000E+01  .26564574E+01
  -.14400000E+01  .26494776E+01
  -.14000000E+01  .26424829E+01
  -.13600000E+01  .26354733E+01
  -.13200000E+01  .26284489E+01
  -.12800000E+01  .26214093E+01
  -.12400000E+01  .26143547E+01
  -.12000000E+01  .26072848E+01
  -.11600000E+01  .26001996E+01
  -.11200000E+01  .25930989E+01
  -.10800000E+01  .25859829E+01
  -.10400000E+01  .25788513E+01
  -.10000000E+01  .25717039E+01
  -.96000000E+00  .25645408E+01
  -.92000000E+00  .25573619E+01
  -.88000000E+00  .25501672E+01
  -.84000000E+00  .25429562E+01
  -.80000000E+00  .25357292E+01
  -.76000000E+00  .25284862E+01
  -.72000000E+00  .25212266E+01
  -.68000000E+00  .25139506E+01
  -.64000000E+00  .25066583E+01
  -.60000000E+00  .24993492E+01
  -.56000000E+00  .24920235E+01
  -.52000000E+00  .24846809E+01
  -.48000000E+00  .24773215E+01
  -.44000000E+00  .24699451E+01
  -.40000000E+00  .24625515E+01
  -.36000000E+00  .24551407E+01
  -.32000000E+00  .24477127E+01
  -.28000000E+00  .24402671E+01
  -.24000000E+00  .24328041E+01
  -.20000000E+00  .24253234E+01
  -.16000000E+00  .24178250E+01
  -.12000000E+00  .24103089E+01
  -.80000000E-01  .24027745E+01
  -.40000000E-01  .23952222E+01
   .12351231E-14  .23876518E+01
   .40000000E-01  .23800629E+01
   .80000000E-01  .23724557E+01
   .12000000E+00  .23648300E+01
   .16000000E+00  .23571856E+01
   .20000000E+00  .23495224E+01
   .24000000E+00  .23418404E+01
   .28000000E+00  .23341393E+01
   .32000000E+00  .23264191E+01
   .36000000E+00  .23186797E+01
   .40000000E+00  .23109208E+01
   .44000000E+00  .23031426E+01
   .48000000E+00  .22953446E+01
   .52000000E+00  .22875269E+01
   .56000000E+00  .22796893E+01
   .60000000E+00  .22718317E+01
   .64000000E+00  .22639540E+01
   .68000000E+00  .22560559E+01
   .72000000E+00  .22481375E+01
   .76000000E+00  .22401985E+01
   .80000000E+00  .22322389E+01
   .84000000E+00  .22242584E+01
   .88000000E+00  .22162570E+01
   .92000000E+00  .22082344E+01
   .96000000E+00  .22001906E+01
   .10000000E+01  .21921254E+01
   .10400000E+01  .21840387E+01
   .10800000E+01  .21759303E+01
   .11200000E+01  .21678001E+01
   .11600000E+01  .21596479E+01
   .12000000E+01  .21514736E+01
   .12400000E+01  .21432770E+01
   .12800000E+01  .21350579E+01
   .13200000E+01  .21268163E+01
   .13600000E+01  .21185519E+01
   .14000000E+01  .21102646E+01
   .14400000E+01  .21019542E+01
   .14800000E+01  .20936206E+01
   .15200000E+01  .20852636E+01
   .15600000E+01  .20768831E+01
   .16000000E+01  .20684788E+01
   .16400000E+01  .20600506E+01
   .16800000E+01  .20515983E+01
   .17200000E+01  .20431219E+01
   .17600000E+01  .20346209E+01
   .18000000E+01  .20260954E+01
   .18400000E+01  .20175451E+01
   .18800000E+01  .20089699E+01
   .19200000E+01  .20003695E+01
   .19600000E+01  .19917438E+01
   .20000000E+01  .19830926E+01
KBPotential  L  =       .00000  -3.57267
  -.20000000E+01 -.52836505E+00
  -.19600000E+01 -.58918251E+00
  -.19200000E+01 -.65235985E+00
  -.18800000E+01 -.71805704E+00
  -.18400000E+01 -.78644901E+00
  -.18000000E+01 -.85772735E+00
  -.17600000E+01 -.93210240E+00
  -.17200000E+01 -.10098056E+01
  -.16800000E+01 -.10910921E+01
  -.16400000E+01 -.11762441E+01
  -.16000000E+01 -.12655743E+01
  -.15600000E+01 -.13594303E+01
  -.15200000E+01 -.14581996E+01
  -.14800000E+01 -.15623152E+01
  -.14400000E+01 -.16722630E+01
  -.14000000E+01 -.17885898E+01
  -.13600000E+01 -.19119131E+01
  -.13200000E+01 -.20429332E+01
  -.12800000E+01 -.21824472E+01
  -.12400000E+01 -.23313665E+01
  -.12000000E+01 -.24907385E+01
  -.11600000E+01 -.26617719E+01
  -.11200000E+01 -.28458701E+01
  -.10800000E+01 -.30446714E+01
  -.10400000E+01 -.32601003E+01
  -.10000000E+01 -.34944334E+01
  -.96000000E+00 -.37503832E+01
  -.92000000E+00 -.40312078E+01
  -.88000000E+00 -.43408557E+01
  -.84000000E+00 -.46841585E+01
  -.80000000E+00 -.50670927E+01
  -.76000000E+00 -.54971399E+01
  -.72000000E+00 -.59837929E+01
  -.68000000E+00 -.65392794E+01
  -.64000000E+00 -.71796247E+01
  -.60000000E+00 -.79262486E+01
  -.56000000E+00 -.88084450E+01
  -.52000000E+00 -.98673664E+01
  -.48000000E+00 -.11162699E+02
  -.44000000E+00 -.12784421E+02
  -.40000000E+00 -.14874815E+02
  -.36000000E+00 -.17672929E+02
  -.32000000E+00 -.21613704E+02
  -.28000000E+00 -.27580313E+02
  -.24000000E+00 -.37681993E+02
  -.20000000E+00 -.58512534E+02
  -.16000000E+00 -.12659211E+03
  -.12000000E+00  .95259139E+03
  -.80000000E-01  .10234501E+03
  -.40000000E-01  .54714181E+02
   .12351231E-14  .37622842E+02
   .40000000E-01  .28826270E+02
   .80000000E-01  .23462963E+02
   .12000000E+00  .19849567E+02
   .16000000E+00  .17248609E+02
   .20000000E+00  .15285961E+02
   .24000000E+00  .13751612E+02
   .28000000E+00  .12518570E+02
   .32000000E+00  .11505528E+02
   .36000000E+00  .10658017E+02
   .40000000E+00  .99381748E+01
   .44000000E+00  .93188673E+01
   .48000000E+00  .87801383E+01
   .52000000E+00  .83069843E+01
   .56000000E+00  .78879074E+01
   .60000000E+00  .75139478E+01
   .64000000E+00  .71780207E+01
   .68000000E+00  .68744495E+01
   .72000000E+00  .65986326E+01
   .76000000E+00  .63468008E+01
   .80000000E+00  .61158370E+01
   .84000000E+00  .59031407E+01
   .88000000E+00  .57065257E+01
   .92000000E+00  .55241407E+01
   .96000000E+00  .53544071E+01
   .10000000E+01  .51959710E+01
   .10400000E+01  .50476645E+01
   .10800000E+01  .49084745E+01
   .11200000E+01  .47775184E+01
   .11600000E+01  .46540233E+01
   .12000000E+01  .45373097E+01
   .12400000E+01  .44267775E+01
   .12800000E+01  .43218953E+01
   .13200000E+01  .42221901E+01
   .13600000E+01  .41272400E+01
   .14000000E+01  .40366676E+01
   .14400000E+01  .39501336E+01
   .14800000E+01  .38673327E+01
   .15200000E+01  .37879894E+01
   .15600000E+01  .37118540E+01
   .16000000E+01  .36387003E+01
   .16400000E+01  .35683223E+01
   .16800000E+01  .35005323E+01
   .17200000E+01  .34351589E+01
   .17600000E+01  .33720452E+01
   .18000000E+01  .33110472E+01
   .18400000E+01  .32520328E+01
   .18800000E+01  .31948802E+01
   .19200000E+01  .31394771E+01
   .19600000E+01  .30857200E+01
   .20000000E+01  .30335130E+01
KBPotential  L  =      1.00000  -1.51845
  -.20000000E+01  .59463084E+00
  -.19600000E+01  .56900961E+00
  -.19200000E+01  .54292972E+00
  -.18800000E+01  .51637440E+00
  -.18400000E+01  .48932599E+00
  -.18000000E+01  .46176592E+00
  -.17600000E+01  .43367466E+00
  -.17200000E+01  .40503162E+00
  -.16800000E+01  .37581510E+00
  -.16400000E+01  .34600223E+00
  -.16000000E+01  .31556885E+00
  -.15600000E+01  .28448945E+00
  -.15200000E+01  .25273708E+00
  -.14800000E+01  .22028319E+00
  -.14400000E+01  .18709757E+00
  -.14000000E+01  .15314822E+00
  -.13600000E+01  .11840118E+00
  -.13200000E+01  .82820394E-01
  -.12800000E+01  .46367563E-01
  -.12400000E+01  .90019442E-02
  -.12000000E+01 -.29319836E-01
  -.11600000E+01 -.68644002E-01
  -.11200000E+01 -.10901987E+00
  -.10800000E+01 -.15050011E+00
  -.10400000E+01 -.19314102E+00
  -.10000000E+01 -.23700267E+00
  -.96000000E+00 -.28215004E+00
  -.92000000E+00 -.32865237E+00
  -.88000000E+00 -.37658406E+00
  -.84000000E+00 -.42602515E+00
  -.80000000E+00 -.47706228E+00
  -.76000000E+00 -.52978804E+00
  -.72000000E+00 -.58430324E+00
  -.68000000E+00 -.64071676E+00
  -.64000000E+00 -.69914706E+00
  -.60000000E+00 -.75972150E+00
  -.56000000E+00 -.82257952E+00
  -.52000000E+00 -.88787304E+00
  -.48000000E+00 -.95576770E+00
  -.44000000E+00 -.10264447E+01
  -.40000000E+00 -.11001026E+01
  -.36000000E+00 -.11769595E+01
  -.32000000E+00 -.12572555E+01
  -.28000000E+00 -.13412555E+01
  -.24000000E+00 -.14292523E+01
  -.20000000E+00 -.15215714E+01
  -.16000000E+00 -.16185741E+01
  -.12000000E+00 -.17206635E+01
  -.80000000E-01 -.18282908E+01
  -.40000000E-01 -.19419625E+01
   .12351231E-14 -.20622488E+01
   .40000000E-01 -.21897947E+01
   .80000000E-01 -.23253320E+01
   .12000000E+00 -.24696948E+01
   .16000000E+00 -.26238378E+01
   .20000000E+00 -.27888592E+01
   .24000000E+00 -.29660283E+01
   .28000000E+00 -.31568206E+01
   .32000000E+00 -.33629615E+01
   .36000000E+00 -.35864808E+01
   .40000000E+00 -.38297839E+01
   .44000000E+00 -.40957425E+01
   .48000000E+00 -.43878130E+01
   .52000000E+00 -.47101940E+01
   .56000000E+00 -.50680362E+01
   .60000000E+00 -.54677289E+01
   .64000000E+00 -.59172967E+01
   .68000000E+00 -.64269568E+01
   .72000000E+00 -.70099244E+01
   .76000000E+00 -.76835986E+01
   .80000000E+00 -.84713611E+01
   .84000000E+00 -.94053891E+01
   .88000000E+00 -.10531220E+02
   .92000000E+00 -.11915490E+02
   .96000000E+00 -.13659752E+02
   .10000000E+01 -.15926799E+02
   .10400000E+01 -.18995013E+02
   .10800000E+01 -.23383109E+02
   .11200000E+01 -.30180844E+02
   .11600000E+01 -.42133298E+02
   .12000000E+01 -.68708048E+02
   .12400000E+01 -.17916466E+03
   .12800000E+01  .31286656E+03
   .13200000E+01  .84818208E+02
   .13600000E+01  .49480318E+02
   .14000000E+01  .35128915E+02
   .14400000E+01  .27345656E+02
   .14800000E+01  .22458859E+02
   .15200000E+01  .19103668E+02
   .15600000E+01  .16656331E+02
   .16000000E+01  .14791304E+02
   .16400000E+01  .13322064E+02
   .16800000E+01  .12134061E+02
   .17200000E+01  .11153054E+02
   .17600000E+01  .10328815E+02
   .18000000E+01  .96261491E+01
   .18400000E+01  .90196574E+01
   .18800000E+01  .84905537E+01
   .19200000E+01  .80246430E+01
   .19600000E+01  .76109993E+01
   .20000000E+01  .72410762E+01
KBPotential  L  =      2.00000    .00000
  -.20000000E+01  .14261572E+01
  -.19600000E+01  .14123228E+01
  -.19200000E+01  .13983765E+01
  -.18800000E+01  .13843161E+01
  -.18400000E+01  .13701392E+01
  -.18000000E+01  .13558435E+01
  -.17600000E+01  .13414267E+01
  -.17200000E+01  .13268861E+01
  -.16800000E+01  .13122194E+01
  -.16400000E+01  .12974238E+01
  -.16000000E+01  .12824967E+01
  -.15600000E+01  .12674352E+01
  -.15200000E+01  .12522365E+01
  -.14800000E+01  .12368977E+01
  -.14400000E+01  .12214156E+01
  -.14000000E+01  .12057871E+01
  -.13600000E+01  .11900091E+01
  -.13200000E+01  .11740780E+01
  -.12800000E+01  .11579905E+01
  -.12400000E+01  .11417429E+01
  -.12000000E+01  .11253317E+01
  -.11600000E+01  .11087529E+01
  -.11200000E+01  .10920027E+01
  -.10800000E+01  .10750769E+01
  -.10400000E+01  .10579714E+01
  -.10000000E+01  .10406818E+01
  -.96000000E+00  .10232036E+01
  -.92000000E+00  .10055322E+01
  -.88000000E+00  .98766271E+00
  -.84000000E+00  .96959013E+00
  -.80000000E+00  .95130932E+00
  -.76000000E+00  .93281490E+00
  -.72000000E+00  .91410133E+00
  -.68000000E+00  .89516285E+00
  -.64000000E+00  .87599348E+00
  -.60000000E+00  .85658702E+00
  -.56000000E+00  .83693705E+00
  -.52000000E+00  .81703688E+00
  -.48000000E+00  .79687958E+00
  -.44000000E+00  .77645794E+00
  -.40000000E+00  .75576447E+00
  -.36000000E+00  .73479137E+00
  -.32000000E+00  .71353053E+00
  -.28000000E+00  .69197354E+00
  -.24000000E+00  .67011159E+00
  -.20000000E+00  .64793555E+00
  -.16000000E+00  .62543588E+00
  -.12000000E+00  .60260259E+00
  -.80000000E-01  .57942542E+00
  -.40000000E-01  .55589349E+00
   .12351231E-14  .53199552E+00
   .40000000E-01  .50771975E+00
   .80000000E-01  .48305378E+00
   .12000000E+00  .45798476E+00
   .16000000E+00  .43249922E+00
   .20000000E+00  .40658306E+00
   .24000000E+00  .38022148E+00
   .28000000E+00  .35339903E+00
   .32000000E+00  .32609948E+00
   .36000000E+00  .29830580E+00
   .40000000E+00  .27000013E+00
   .44000000E+00  .24116371E+00
   .48000000E+00  .21177684E+00
   .52000000E+00  .18181878E+00
   .56000000E+00  .15126773E+00
   .60000000E+00  .12010072E+00
   .64000000E+00  .88293552E-01
   .68000000E+00  .55820722E-01
   .72000000E+00  .22655313E-01
   .76000000E+00 -.11231096E-01
   .80000000E+00 -.45868537E-01
   .84000000E+00 -.81288767E-01
   .88000000E+00 -.11752540E+00
   .92000000E+00 -.15461405E+00
   .96000000E+00 -.19259246E+00
   .10000000E+01 -.23150068E+00
   .10400000E+01 -.27138126E+00
   .10800000E+01 -.31227941E+00
   .11200000E+01 -.35424326E+00
   .11600000E+01 -.39732405E+00
   .12000000E+01 -.44157643E+00
   .12400000E+01 -.48705872E+00
   .12800000E+01 -.53383325E+00
   .13200000E+01 -.58196667E+00
   .13600000E+01 -.63153038E+00
   .14000000E+01 -.68260091E+00
   .14400000E+01 -.73526045E+00
   .14800000E+01 -.78959734E+00
   .15200000E+01 -.84570665E+00
   .15600000E+01 -.90369089E+00
   .16000000E+01 -.96366069E+00
   .16400000E+01 -.10257356E+01
   .16800000E+01 -.10900453E+01
   .17200000E+01 -.11567300E+01
   .17600000E+01 -.12259424E+01
   .18000000E+01 -.12978485E+01
   .18400000E+01 -.13726293E+01
   .18800000E+01 -.14504825E+01
   .19200000E+01 -.15316247E+01
   .19600000E+01 -.16162931E+01
   .20000000E+01 -.17047486E+01
KBPotential  L  =      3.00000    .00000
  -.20000000E+01  .21460685E+01
  -.19600000E+01  .21373399E+01
  -.19200000E+01  .21285823E+01
  -.18800000E+01  .21197954E+01
  -.18400000E+01  .21109789E+01
  -.18000000E+01  .21021326E+01
  -.17600000E+01  .20932562E+01
  -.17200000E+01  .20843494E+01
  -.16800000E+01  .20754120E+01
  -.16400000E+01  .20664437E+01
  -.16000000E+01  .20574443E+01
  -.15600000E+01  .20484133E+01
  -.15200000E+01  .20393506E+01
  -.14800000E+01  .20302558E+01
  -.14400000E+01  .20211288E+01
  -.14000000E+01  .20119690E+01
  -.13600000E+01  .20027764E+01
  -.13200000E+01  .19935504E+01
  -.12800000E+01  .19842910E+01
  -.12400000E+01  .19749976E+01
  -.12000000E+01  .19656701E+01
  -.11600000E+01  .19563080E+01
  -.11200000E+01  .19469111E+01
  -.10800000E+01  .19374790E+01
  -.10400000E+01  .19280114E+01
  -.10000000E+01  .19185079E+01
  -.96000000E+00  .19089682E+01
  -.92000000E+00  .18993919E+01
  -.88000000E+00  .18897787E+01
  -.84000000E+00  .18801283E+01
  -.80000000E+00  .18704401E+01
  -.76000000E+00  .18607140E+01
  -.72000000E+00  .18509494E+01
  -.68000000E+00  .18411460E+01
  -.64000000E+00  .18313034E+01
  -.60000000E+00  .18214212E+01
  -.56000000E+00  .18114990E+01
  -.52000000E+00  .18015365E+01
  -.48000000E+00  .17915331E+01
  -.44000000E+00  .17814884E+01
  -.40000000E+00  .17714021E+01
  -.36000000E+00  .17612737E+01
  -.32000000E+00  .17511027E+01
  -.28000000E+00  .17408887E+01
  -.24000000E+00  .17306313E+01
  -.20000000E+00  .17203299E+01
  -.16000000E+00  .17099841E+01
  -.12000000E+00  .16995935E+01
  -.80000000E-01  .16891575E+01
  -.40000000E-01  .16786757E+01
   .12351231E-14  .16681475E+01
   .40000000E-01  .16575724E+01
   .80000000E-01  .16469499E+01
   .12000000E+00  .16362796E+01
   .16000000E+00  .16255607E+01
   .20000000E+00  .16147929E+01
   .24000000E+00  .16039756E+01
   .28000000E+00  .15931081E+01
   .32000000E+00  .15821900E+01
   .36000000E+00  .15712206E+01
   .40000000E+00  .15601993E+01
   .44000000E+00  .15491256E+01
   .48000000E+00  .15379988E+01
   .52000000E+00  .15268184E+01
   .56000000E+00  .15155836E+01
   .60000000E+00  .15042938E+01
   .64000000E+00  .14929484E+01
   .68000000E+00  .14815468E+01
   .72000000E+00  .14700881E+01
   .76000000E+00  .14585718E+01
   .80000000E+00  .14469971E+01
   .84000000E+00  .14353634E+01
   .88000000E+00  .14236698E+01
   .92000000E+00  .14119158E+01
   .96000000E+00  .14001004E+01
   .10000000E+01  .13882229E+01
   .10400000E+01  .13762826E+01
   .10800000E+01  .13642786E+01
   .11200000E+01  .13522102E+01
   .11600000E+01  .13400765E+01
   .12000000E+01  .13278766E+01
   .12400000E+01  .13156098E+01
   .12800000E+01  .13032751E+01
   .13200000E+01  .12908716E+01
   .13600000E+01  .12783985E+01
   .14000000E+01  .12658548E+01
   .14400000E+01  .12532396E+01
   .14800000E+01  .12405519E+01
   .15200000E+01  .12277907E+01
   .15600000E+01  .12149551E+01
   .16000000E+01  .12020440E+01
   .16400000E+01  .11890563E+01
   .16800000E+01  .11759910E+01
   .17200000E+01  .11628471E+01
   .17600000E+01  .11496235E+01
   .18000000E+01  .11363189E+01
   .18400000E+01  .11229323E+01
   .18800000E+01  .11094624E+01
   .19200000E+01  .10959082E+01
   .19600000E+01  .10822683E+01
   .20000000E+01  .10685416E+01
KBPotential  L  =      4.00000    .00000
  -.20000000E+01  .27458857E+01
  -.19600000E+01  .27390908E+01
  -.19200000E+01  .27322824E+01
  -.18800000E+01  .27254600E+01
  -.18400000E+01  .27186236E+01
  -.18000000E+01  .27117733E+01
  -.17600000E+01  .27049089E+01
  -.17200000E+01  .26980304E+01
  -.16800000E+01  .26911376E+01
  -.16400000E+01  .26842304E+01
  -.16000000E+01  .26773090E+01
  -.15600000E+01  .26703730E+01
  -.15200000E+01  .26634225E+01
  -.14800000E+01  .26564574E+01
  -.14400000E+01  .26494776E+01
  -.14000000E+01  .26424829E+01
  -.13600000E+01  .26354733E+01
  -.13200000E+01  .26284489E+01
  -.12800000E+01  .26214093E+01
  -.12400000E+01  .26143547E+01
  -.12000000E+01  .26072848E+01
  -.11600000E+01  .26001996E+01
  -.11200000E+01  .25930989E+01
  -.10800000E+01  .25859829E+01
  -.10400000E+01  .25788513E+01
  -.10000000E+01  .25717039E+01
  -.96000000E+00  .25645408E+01
  -.92000000E+00  .25573619E+01
  -.88000000E+00  .25501672E+01
  -.84000000E+00  .25429562E+01
  -.80000000E+00  .25357292E+01
  -.76000000E+00  .25284862E+01
  -.72000000E+00  .25212266E+01
  -.68000000E+00  .25139506E+01
  -.64000000E+00  .25066583E+01
  -.60000000E+00  .24993492E+01
  -.56000000E+00  .24920235E+01
  -.52000000E+00  .24846809E+01
  -.48000000E+00  .24773215E+01
  -.44000000E+00  .24699451E+01
  -.40000000E+00  .24625515E+01
  -.36000000E+00  .24551407E+01
  -.32000000E+00  .24477127E+01
  -.28000000E+00  .24402671E+01
  -.24000000E+00  .24328041E+01
  -.20000000E+00  .24253234E+01
  -.16000000E+00  .24178250E+01
  -.12000000E+00  .24103089E+01
  -.80000000E-01  .24027745E+01
  -.40000000E-01  .23952222E+01
   .12351231E-14  .23876518E+01
   .40000000E-01  .23800629E+01
   .80000000E-01  .23724557E+01
   .12000000E+00  .23648300E+01
   .16000000E+00  .23571856E+01
   .20000000E+00  .23495224E+01
   .24000000E+00  .23418404E+01
   .28000000E+00  .23341393E+01
   .32000000E+00  .23264191E+01
   .36000000E+00  .23186797E+01
   .40000000E+00  .23109208E+01
   .44000000E+00  .23031426E+01
   .48000000E+00  .22953446E+01
   .52000000E+00  .22875269E+01
   .56000000E+00  .22796893E+01
   .60000000E+00  .22718317E+01
   .64000000E+00  .22639540E+01
   .68000000E+00  .22560559E+01
   .72000000E+00  .22481375E+01
   .76000000E+00  .22401985E+01
   .80000000E+00  .22322389E+01
   .84000000E+00  .22242584E+01
   .88000000E+00  .22162570E+01
   .92000000E+00  .22082344E+01
   .96000000E+00  .22001906E+01
   .10000000E+01  .21921254E+01
   .10400000E+01  .21840387E+01
   .10800000E+01  .21759303E+01
   .11200000E+01  .21678001E+01
   .11600000E+01  .21596479E+01
   .12000000E+01  .21514736E+01
   .12400000E+01  .21432770E+01
   .12800000E+01  .21350579E+01
   .13200000E+01  .21268163E+01
   .13600000E+01  .21185519E+01
   .14000000E+01  .21102646E+01
   .14400000E+01  .21019542E+01
   .14800000E+01  .20936206E+01
   .15200000E+01  .20852636E+01
   .15600000E+01  .20768831E+01
   .16000000E+01  .20684788E+01
   .16400000E+01  .20600506E+01
   .16800000E+01  .20515983E+01
   .17200000E+01  .20431219E+01
   .17600000E+01  .20346209E+01
   .18000000E+01  .20260954E+01
   .18400000E+01  .20175451E+01
   .18800000E+01  .20089699E+01
   .19200000E+01  .20003695E+01
   .19600000E+01  .19917438E+01
   .20000000E+01  .19830926E+01
