Fe:  d7 s1                              
  .131781026E-02  .133782226E-02  .135813781E-02  .137876149E-02  .139969798E-02
  .142095200E-02  .144252837E-02  .146443197E-02  .148666774E-02  .150924072E-02
  .153215602E-02  .155541880E-02  .157903434E-02  .160300797E-02  .162734511E-02
  .165205126E-02  .167713201E-02  .170259302E-02  .172844005E-02  .175467894E-02
  .178131562E-02  .180835610E-02  .183580650E-02  .186367301E-02  .189196194E-02
  .192067967E-02  .194983268E-02  .197942757E-02  .200947101E-02  .203996978E-02
  .207093078E-02  .210236099E-02  .213426751E-02  .216665755E-02  .219953840E-02
  .223291749E-02  .226680236E-02  .230120065E-02  .233612012E-02  .237156866E-02
  .240755424E-02  .244408501E-02  .248116918E-02  .251881514E-02  .255703135E-02
  .259582646E-02  .263520919E-02  .267518844E-02  .271577320E-02  .275697264E-02
  .279879603E-02  .284125280E-02  .288435252E-02  .292810490E-02  .297251980E-02
  .301760722E-02  .306337731E-02  .310984040E-02  .315700693E-02  .320488754E-02
  .325349299E-02  .330283425E-02  .335292241E-02  .340376874E-02  .345538470E-02
  .350778189E-02  .356097211E-02  .361496732E-02  .366977968E-02  .372542150E-02
  .378190532E-02  .383924382E-02  .389744991E-02  .395653667E-02  .401651738E-02
  .407740553E-02  .413921480E-02  .420195909E-02  .426565249E-02  .433030931E-02
  .439594409E-02  .446257156E-02  .453020669E-02  .459886467E-02  .466856091E-02
  .473931107E-02  .481113102E-02  .488403690E-02  .495804505E-02  .503317210E-02
  .510943489E-02  .518685053E-02  .526543640E-02  .534521011E-02  .542618957E-02
  .550839292E-02  .559183859E-02  .567654530E-02  .576253203E-02  .584981805E-02
  .593842291E-02  .602836647E-02  .611966888E-02  .621235059E-02  .630643235E-02
  .640193523E-02  .649888061E-02  .659729019E-02  .669718601E-02  .679859040E-02
  .690152607E-02  .700601605E-02  .711208369E-02  .721975273E-02  .732904724E-02
  .743999166E-02  .755261078E-02  .766692979E-02  .778297422E-02  .790077000E-02
  .802034345E-02  .814172128E-02  .826493059E-02  .838999890E-02  .851695412E-02
  .864582459E-02  .877663908E-02  .890942676E-02  .904421728E-02  .918104068E-02
  .931992749E-02  .946090868E-02  .960401566E-02  .974928035E-02  .989673511E-02
  .100464128E-01  .101983468E-01  .103525708E-01  .105091194E-01  .106680272E-01
  .108293298E-01  .109930629E-01  .111592630E-01  .113279671E-01  .114992128E-01
  .116730380E-01  .118494815E-01  .120285825E-01  .122103807E-01  .123949166E-01
  .125822312E-01  .127723661E-01  .129653634E-01  .131612661E-01  .133601177E-01
  .135619622E-01  .137668444E-01  .139748098E-01  .141859046E-01  .144001755E-01
  .146176699E-01  .148384362E-01  .150625233E-01  .152899807E-01  .155208589E-01
  .157552090E-01  .159930828E-01  .162345330E-01  .164796131E-01  .167283772E-01
  .169808803E-01  .172371784E-01  .174973280E-01  .177613866E-01  .180294126E-01
  .183014652E-01  .185776044E-01  .188578913E-01  .191423877E-01  .194311563E-01
  .197242609E-01  .200217661E-01  .203237375E-01  .206302416E-01  .209413461E-01
  .212571194E-01  .215776311E-01  .219029518E-01  .222331530E-01  .225683074E-01
  .229084889E-01  .232537721E-01  .236042330E-01  .239599486E-01  .243209972E-01
  .246874579E-01  .250594114E-01  .254369392E-01  .258201242E-01  .262090505E-01
  .266038033E-01  .270044694E-01  .274111364E-01  .278238935E-01  .282428311E-01
  .286680410E-01  .290996162E-01  .295376512E-01  .299822419E-01  .304334855E-01
  .308914806E-01  .313563273E-01  .318281272E-01  .323069834E-01  .327930004E-01
  .332862843E-01  .337869426E-01  .342950847E-01  .348108213E-01  .353342648E-01
  .358655293E-01  .364047304E-01  .369519856E-01  .375074140E-01  .380711364E-01
  .386432753E-01  .392239553E-01  .398133024E-01  .404114446E-01  .410185120E-01
  .416346361E-01  .422599508E-01  .428945916E-01  .435386962E-01  .441924040E-01
  .448558568E-01  .455291981E-01  .462125737E-01  .469061315E-01  .476100214E-01
  .483243956E-01  .490494085E-01  .497852167E-01  .505319789E-01  .512898565E-01
  .520590127E-01  .528396135E-01  .536318271E-01  .544358241E-01  .552517777E-01
  .560798635E-01  .569202595E-01  .577731465E-01  .586387077E-01  .595171292E-01
  .604085994E-01  .613133098E-01  .622314543E-01  .631632298E-01  .641088360E-01
  .650684754E-01  .660423535E-01  .670306785E-01  .680336619E-01  .690515181E-01
  .700844644E-01  .711327215E-01  .721965130E-01  .732760659E-01  .743716102E-01
  .754833795E-01  .766116104E-01  .777565430E-01  .789184210E-01  .800974913E-01
  .812940044E-01  .825082145E-01  .837403791E-01  .849907597E-01  .862596213E-01
  .875472328E-01  .888538667E-01  .901797996E-01  .915253118E-01  .928906878E-01
  .942762159E-01  .956821886E-01  .971089026E-01  .985566585E-01  .100025761E+00
  .101516521E+00  .103029250E+00  .104564268E+00  .106121896E+00  .107702462E+00
  .109306298E+00  .110933740E+00  .112585129E+00  .114260810E+00  .115961136E+00
  .117686460E+00  .119437145E+00  .121213555E+00  .123016061E+00  .124845040E+00
  .126700872E+00  .128583944E+00  .130494648E+00  .132433381E+00  .134400546E+00
  .136396551E+00  .138421811E+00  .140476746E+00  .142561781E+00  .144677348E+00
  .146823884E+00  .149001833E+00  .151211645E+00  .153453776E+00  .155728688E+00
  .158036850E+00  .160378737E+00  .162754830E+00  .165165618E+00  .167611596E+00
  .170093265E+00  .172611135E+00  .175165721E+00  .177757545E+00  .180387137E+00
  .183055035E+00  .185761783E+00  .188507933E+00  .191294043E+00  .194120682E+00
  .196988424E+00  .199897851E+00  .202849554E+00  .205844130E+00  .208882188E+00
  .211964341E+00  .215091212E+00  .218263434E+00  .221481645E+00  .224746494E+00
  .228058640E+00  .231418748E+00  .234827492E+00  .238285559E+00  .241793639E+00
  .245352438E+00  .248962665E+00  .252625044E+00  .256340304E+00  .260109188E+00
  .263932446E+00  .267810838E+00  .271745136E+00  .275736120E+00  .279784583E+00
  .283891325E+00  .288057160E+00  .292282910E+00  .296569411E+00  .300917506E+00
  .305328053E+00  .309801917E+00  .314339980E+00  .318943129E+00  .323612269E+00
  .328348311E+00  .333152182E+00  .338024820E+00  .342967175E+00  .347980207E+00
  .353064894E+00  .358222220E+00  .363453188E+00  .368758809E+00  .374140110E+00
  .379598129E+00  .385133920E+00  .390748548E+00  .396443094E+00  .402218651E+00
  .408076325E+00  .414017240E+00  .420042530E+00  .426153346E+00  .432350853E+00
  .438636231E+00  .445010674E+00  .451475391E+00  .458031608E+00  .464680564E+00
  .471423517E+00  .478261736E+00  .485196509E+00  .492229141E+00  .499360950E+00
  .506593273E+00  .513927462E+00  .521364887E+00  .528906935E+00  .536555008E+00
  .544310527E+00  .552174931E+00  .560149674E+00  .568236232E+00  .576436095E+00
  .584750773E+00  .593181795E+00  .601730706E+00  .610399072E+00  .619188477E+00
  .628100525E+00  .637136838E+00  .646299057E+00  .655588845E+00  .665007883E+00
  .674557872E+00  .684240534E+00  .694057610E+00  .704010864E+00  .714102079E+00
  .724333058E+00  .734705627E+00  .745221633E+00  .755882945E+00  .766691451E+00
  .777649064E+00  .788757718E+00  .800019368E+00  .811435994E+00  .823009597E+00
  .834742201E+00  .846635853E+00  .858692623E+00  .870914606E+00  .883303920E+00
  .895862704E+00  .908593125E+00  .921497372E+00  .934577659E+00  .947836225E+00
  .961275332E+00  .974897268E+00  .988704348E+00  .100269891E+01  .101688332E+01
  .103125996E+01  .104583125E+01  .106059964E+01  .107556758E+01  .109073758E+01
  .110611216E+01  .112169386E+01  .113748525E+01  .115348895E+01  .116970757E+01
  .118614378E+01  .120280025E+01  .121967971E+01  .123678488E+01  .125411854E+01
  .127168349E+01  .128948254E+01  .130751855E+01  .132579440E+01  .134431300E+01
  .136307729E+01  .138209025E+01  .140135485E+01  .142087415E+01  .144065118E+01
  .146068904E+01  .148099084E+01  .150155973E+01  .152239888E+01  .154351150E+01
  .156490083E+01  .158657013E+01  .160852270E+01  .163076186E+01  .165329097E+01
  .167611343E+01  .169923264E+01  .172265207E+01  .174637518E+01  .177040550E+01
  .179474656E+01  .181940193E+01  .184437523E+01  .186967008E+01  .189529015E+01
  .192123914E+01  .194752077E+01  .197413882E+01  .200109706E+01  .202839931E+01
  .205604943E+01  .208405131E+01  .211240885E+01  .214112600E+01  .217020674E+01
  .219965506E+01  .222947502E+01  .225967067E+01  .229024611E+01  .232120547E+01
  .235255290E+01  .238429260E+01  .241642878E+01  .244896569E+01  .248190761E+01
  .251525883E+01  .254902370E+01  .258320658E+01  .261781185E+01  .265284395E+01
  .268830731E+01  .272420642E+01  .276054577E+01  .279732991E+01  .283456337E+01
  .287225076E+01  .291039668E+01  .294900576E+01  .298808267E+01  .302763209E+01
  .306765874E+01  .310816734E+01  .314916266E+01  .319064948E+01  .323263260E+01
  .327511685E+01  .331810708E+01  .336160815E+01  .340562496E+01  .345016240E+01
  .349522542E+01  .354081896E+01  .358694798E+01  .363361746E+01  .368083240E+01
  .372859782E+01  .377691875E+01  .382580021E+01  .387524728E+01  .392526502E+01
  .397585851E+01  .402703284E+01  .407879311E+01  .413114443E+01  .418409192E+01
  .423764069E+01  .429179588E+01  .434656262E+01  .440194605E+01  .445795131E+01
  .451458353E+01  .457184786E+01  .462974944E+01  .468829341E+01  .474748490E+01
  .480732903E+01  .486783093E+01  .492899571E+01  .499082847E+01  .505333432E+01
  .511651833E+01  .518038557E+01  .524494109E+01  .531018993E+01  .537613710E+01
  .544278760E+01  .551014641E+01  .557821847E+01  .564700871E+01  .571652202E+01
  .578676329E+01  .585773733E+01  .592944896E+01  .600190295E+01  .607510402E+01
  .614905687E+01  .622376615E+01  .629923646E+01  .637547237E+01  .645247838E+01
  .653025896E+01  .660881853E+01  .668816142E+01  .676829195E+01  .684921434E+01
  .693093277E+01  .701345135E+01  .709677411E+01  .718090504E+01  .726584802E+01
  .735160688E+01  .743818536E+01  .752558711E+01  .761381572E+01  .770287467E+01
  .779276737E+01  .788349711E+01  .797506710E+01  .806748046E+01  .816074018E+01
  .825484917E+01  .834981021E+01  .844562599E+01  .854229906E+01  .863983186E+01
  .873822672E+01  .883748583E+01  .893761124E+01  .903860489E+01  .914046856E+01
  .924320392E+01  .934681245E+01  .945129553E+01  .955665435E+01  .966288997E+01
  .977000326E+01  .987799497E+01  .998686565E+01  .100966157E+02  .102072453E+02
  .103187544E+02  .104311430E+02  .105444107E+02  .106585570E+02  .107735811E+02
  .108894820E+02  .110062588E+02  .111239099E+02  .112424339E+02  .113618289E+02
  .114820930E+02  .116032239E+02  .117252191E+02  .118480760E+02  .119717917E+02
  .120963629E+02  .122217861E+02  .123480578E+02  .124751740E+02  .126031304E+02
  .127319226E+02  .128615458E+02  .129919950E+02  .131232648E+02  .132553498E+02
  .133882439E+02  .135219411E+02  .136564348E+02  .137917182E+02  .139277842E+02
  .140646255E+02  .142022342E+02  .143406024E+02  .144797216E+02  .146195832E+02
  .147601781E+02  .149014969E+02  .150435298E+02  .151862669E+02  .153296976E+02
  .154738111E+02  .156185963E+02  .157640418E+02  .159101355E+02  .160568652E+02
  .162042183E+02  .163521817E+02  .165007421E+02  .166498857E+02  .167995982E+02
  .169498651E+02  .171006714E+02  .172520017E+02  .174038402E+02  .175561708E+02
  .177089767E+02  .178622411E+02  .180159464E+02  .181700748E+02  .183246080E+02
  .184795273E+02  .186348137E+02  .187904474E+02  .189464087E+02  .191026769E+02
  .192592314E+02  .194160508E+02  .195731135E+02  .197303972E+02  .198878794E+02
  .200455371E+02  .202033468E+02  .203612847E+02  .205193264E+02  .206774473E+02
  .208356220E+02  .209938250E+02  .211520303E+02  .213102113E+02  .214683412E+02
  .216263927E+02  .217843379E+02  .219421488E+02  .220997967E+02  .222572526E+02
  .224144872E+02  .225714706E+02  .227281726E+02  .228845626E+02  .230406096E+02
  .231962822E+02  .233515486E+02  .235063768E+02  .236607342E+02  .238145879E+02
  .239679047E+02  .241206510E+02  .242727931E+02  .244242965E+02  .245751268E+02
  .247252491E+02  .248746283E+02  .250232289E+02  .251710151E+02  .253179510E+02
  .254640003E+02  .256091265E+02  .257532928E+02  .258964624E+02  .260385980E+02
  .261796623E+02  .263196178E+02  .264584267E+02  .265960513E+02  .267324534E+02
  .268675951E+02  .270014381E+02  .271339442E+02  .272650750E+02  .273947921E+02
  .275230571E+02  .276498316E+02  .277750771E+02  .278987552E+02  .280208277E+02
  .281412562E+02  .282600025E+02  .283770287E+02  .284922967E+02  .286057689E+02
  .287174076E+02  .288271755E+02  .289350355E+02  .290409506E+02  .291448843E+02
  .292468003E+02  .293466627E+02  .294444358E+02  .295400845E+02  .296335740E+02
  .297248699E+02  .298139384E+02  .299007462E+02  .299852603E+02  .300674485E+02
  .301472792E+02  .302247213E+02  .302997443E+02  .303723185E+02  .304424149E+02
  .305100052E+02  .305750619E+02  .306375583E+02  .306974685E+02  .307547676E+02
  .308094313E+02  .308614367E+02  .309107614E+02  .309573842E+02  .310012851E+02
  .310424448E+02  .310808454E+02  .311164699E+02  .311493027E+02  .311793291E+02
  .312065360E+02  .312309112E+02  .312524439E+02  .312711247E+02  .312869455E+02
  .312998996E+02  .313099817E+02  .313171879E+02  .313215157E+02  .313229645E+02
  .313215346E+02  .313172284E+02  .313100497E+02  .313000038E+02  .312870978E+02
  .312713404E+02  .312527420E+02  .312313147E+02  .312070724E+02  .311800307E+02
  .311502070E+02  .311176205E+02  .310822923E+02  .310442452E+02  .310035040E+02
  .309600954E+02  .309140477E+02  .308653916E+02  .308141593E+02  .307603851E+02
  .307041053E+02  .306453580E+02  .305841834E+02  .305206237E+02  .304547228E+02
  .303865269E+02  .303160840E+02  .302434441E+02  .301686592E+02  .300917833E+02
  .300128722E+02  .299319838E+02  .298491780E+02  .297645164E+02  .296780628E+02
  .295898828E+02  .295000438E+02  .294086150E+02  .293156678E+02  .292212751E+02
  .291255117E+02  .290284541E+02  .289301806E+02  .288307713E+02  .287303078E+02
  .286288734E+02  .285265530E+02  .284234330E+02  .283196014E+02  .282151477E+02
  .281101625E+02  .280047381E+02  .278989679E+02  .277929468E+02  .276867705E+02
  .275805362E+02  .274743419E+02  .273682867E+02  .272624707E+02  .271569948E+02
  .270519606E+02  .269474706E+02  .268436277E+02  .267405356E+02  .266382983E+02
  .265370202E+02  .264368061E+02  .263377610E+02  .262399899E+02  .261435980E+02
  .260486903E+02  .259553717E+02  .258637468E+02  .257739201E+02  .256859951E+02
  .256000754E+02  .255162634E+02  .254346611E+02  .253553693E+02  .252784880E+02
  .252041162E+02  .251323516E+02  .250632904E+02  .249970277E+02  .249336569E+02
  .248732696E+02  .248159559E+02  .247618039E+02  .247108997E+02  .246633272E+02
  .246191683E+02  .245785023E+02  .245414062E+02  .245079544E+02  .244782186E+02
  .244522677E+02  .244301678E+02  .244119817E+02  .243977694E+02  .243875875E+02
  .243814892E+02  .243795244E+02  .243817393E+02  .243881766E+02  .243988750E+02
  .244138696E+02  .244331914E+02  .244568675E+02  .244849207E+02  .245173697E+02
  .245542288E+02  .245955080E+02  .246412128E+02  .246913442E+02  .247458987E+02
  .248048678E+02  .248682386E+02  .249359933E+02  .250081091E+02  .250845587E+02
  .251653095E+02  .252503240E+02  .253395598E+02  .254329694E+02  .255305002E+02
  .256320947E+02  .257376900E+02  .258472182E+02  .259606066E+02  .260777770E+02
  .261986462E+02  .263231261E+02  .264511234E+02  .265825398E+02  .267172720E+02
  .268552118E+02  .269962459E+02  .271402565E+02  .272871208E+02  .274367111E+02
  .275888954E+02  .277435369E+02  .279004944E+02  .280596223E+02  .282207707E+02
  .283837855E+02  .285485085E+02  .287147777E+02  .288824270E+02  .290512869E+02
  .292211843E+02  .293919424E+02  .295633814E+02  .297353186E+02  .299075678E+02
  .300799406E+02  .302522458E+02  .304242896E+02  .305958763E+02  .307668081E+02
  .309368853E+02  .311059066E+02  .312736693E+02  .314399696E+02  .316046025E+02
  .317673625E+02  .319280435E+02  .320864391E+02  .322423427E+02  .323955481E+02
  .325458493E+02  .326930413E+02  .328369196E+02  .329772812E+02  .331139242E+02
  .332466488E+02  .333752566E+02  .334995518E+02  .336193409E+02  .337344329E+02
  .338446400E+02  .339497774E+02  .340496640E+02  .341441222E+02  .342329784E+02
  .343160633E+02  .343932121E+02  .344642644E+02  .345290652E+02  .345874644E+02
  .346393174E+02  .346844854E+02  .347228352E+02  .347542401E+02  .347785795E+02
  .347957393E+02  .348056124E+02  .348080985E+02  .348031045E+02  .347905446E+02
  .347703406E+02  .347424219E+02  .347067259E+02  .346631980E+02  .346117915E+02
  .345524684E+02  .344851989E+02  .344099618E+02  .343267445E+02  .342355432E+02
  .341363630E+02  .340292177E+02  .339141304E+02  .337911331E+02  .336602667E+02
  .335215814E+02  .333751364E+02  .332210003E+02  .330592503E+02  .328899733E+02
  .327132648E+02  .325292295E+02  .323379809E+02  .321396417E+02  .319343432E+02
  .317222252E+02  .315034363E+02  .312781337E+02  .310464824E+02  .308086562E+02
  .305648364E+02  .303152122E+02  .300599806E+02  .297993458E+02  .295335194E+02
  .292627197E+02  .289871718E+02  .287071074E+02  .284227642E+02  .281343860E+02
  .278422219E+02  .275465265E+02  .272475595E+02  .269455851E+02  .266408719E+02
  .263336924E+02  .260243229E+02  .257130429E+02  .254001348E+02  .250858835E+02
  .247705760E+02  .244545014E+02  .241379497E+02  .238212121E+02  .235045803E+02
  .231883463E+02  .228728016E+02  .225582372E+02  .222449427E+02  .219332067E+02
  .216233153E+02  .213155527E+02  .210102000E+02  .207075354E+02  .204078330E+02
  .201113636E+02  .198183929E+02  .195291822E+02  .192439873E+02  .189630587E+02
  .186866407E+02  .184149711E+02  .181482813E+02  .178867954E+02  .176307299E+02
  .173802940E+02  .171356882E+02  .168971051E+02  .166647282E+02  .164387322E+02
  .162192826E+02  .160065350E+02  .158006357E+02  .156017205E+02  .154099155E+02
  .152253359E+02  .150480865E+02  .148782615E+02  .147159440E+02  .145612062E+02
  .144141090E+02  .142747024E+02  .141430248E+02  .140191034E+02  .139029542E+02
  .137945816E+02  .136939788E+02  .136011275E+02  .135159984E+02  .134385509E+02
  .133687331E+02  .133064823E+02  .132517248E+02  .132043764E+02  .131643421E+02
  .131315165E+02  .131057843E+02  .130870200E+02  .130750884E+02  .130698450E+02
  .130711359E+02  .130787984E+02  .130926612E+02  .131125447E+02  .131382614E+02
  .131696160E+02  .132064062E+02  .132484226E+02  .132954494E+02  .133472647E+02
  .134036408E+02  .134643448E+02  .135291389E+02  .135977807E+02  .136700240E+02
  .137456188E+02  .138243121E+02  .139058482E+02  .139899689E+02  .140764146E+02
  .141649241E+02  .142552352E+02  .143470856E+02  .144402127E+02  .145343545E+02
  .146292497E+02  .147246386E+02  .148202631E+02  .149158673E+02  .150111979E+02
  .151060046E+02  .152000406E+02  .152930628E+02  .153848324E+02  .154751150E+02
  .155636813E+02  .156503072E+02  .157347740E+02  .158168692E+02  .158963863E+02
  .159731254E+02  .160468933E+02  .161175040E+02  .161847784E+02  .162485454E+02
  .163086410E+02  .163649096E+02  .164172034E+02  .164653828E+02  .165093166E+02
  .165488821E+02  .165839650E+02  .166144597E+02  .166402695E+02  .166613061E+02
  .166774901E+02  .166887511E+02  .166950271E+02  .166962651E+02  .166924207E+02
  .166834582E+02  .166693504E+02  .166500787E+02  .166256326E+02  .165960103E+02
  .165612177E+02  .165212689E+02  .164761858E+02  .164259979E+02  .163707421E+02
  .163104627E+02  .162452110E+02  .161750451E+02  .161000298E+02  .160202362E+02
  .159357415E+02  .158466290E+02  .157529875E+02  .156549112E+02  .155524993E+02
  .154458560E+02  .153350901E+02  .152203146E+02  .151016465E+02  .149792065E+02
  .148531189E+02  .147235111E+02  .145905134E+02  .144542587E+02  .143148822E+02
  .141725213E+02  .140273149E+02  .138794037E+02  .137289296E+02  .135760352E+02
  .134208642E+02  .132635605E+02  .131042685E+02  .129431322E+02  .127802956E+02
  .126159022E+02  .124500948E+02  .122830150E+02  .121148037E+02  .119456001E+02
  .117755422E+02  .116047659E+02  .114334055E+02  .112615932E+02  .110894589E+02
  .109171302E+02  .107447321E+02  .105723870E+02  .104002147E+02  .102283319E+02
  .100568522E+02  .988588647E+01  .971554211E+01  .954592328E+01  .937713096E+01
  .920926250E+01  .904241200E+01  .887666985E+01  .871212308E+01  .854885491E+01
  .838694519E+01  .822646988E+01  .806750154E+01  .791010886E+01  .775435708E+01
  .760030760E+01  .744801841E+01  .729754368E+01  .714893421E+01  .700223706E+01
  .685749597E+01  .671475106E+01  .657403916E+01  .643539363E+01  .629884463E+01
  .616441897E+01  .603214038E+01  .590202939E+01  .577410356E+01  .564837743E+01
  .552486271E+01  .540356820E+01  .528450003E+01  .516766156E+01  .505305386E+01
  .494067495E+01  .483052142E+01  .472258642E+01  .461686209E+01  .451333730E+01
  .441200006E+01  .431283529E+01  .421582728E+01  .412095733E+01  .402820639E+01
  .393755254E+01  .384897370E+01  .376244510E+01  .367794201E+01  .359543715E+01
  .351490350E+01  .343631161E+01  .335963249E+01  .328483487E+01  .321188802E+01
  .314075928E+01  .307141666E+01  .300382618E+01  .293795483E+01  .287376773E+01
  .281123112E+01  .275030947E+01  .269096850E+01  .263317231E+01  .257688632E+01
  .252207453E+01  .246870240E+01  .241673393E+01  .236613478E+01  .231686917E+01
  .226890314E+01  .222220136E+01  .217673041E+01  .213245556E+01  .208934406E+01
  .204736193E+01  .200647725E+01  .196665689E+01  .192786988E+01  .189008405E+01
  .185326946E+01  .181739500E+01  .178243185E+01  .174835005E+01  .171512194E+01
  .168271874E+01  .165111406E+01  .162028035E+01  .159019247E+01  .156082416E+01
  .153215157E+01  .150414975E+01  .147679616E+01  .145006713E+01  .142394145E+01
  .139839676E+01  .137341318E+01  .134896962E+01  .132504749E+01  .130162699E+01
  .127869083E+01  .125622045E+01  .123419980E+01  .121261155E+01  .119144087E+01
  .117067163E+01  .115029018E+01  .113028152E+01  .111063317E+01  .109133122E+01
  .107236426E+01  .105371949E+01  .103538654E+01  .101735358E+01  .999611276E+00
  .982148764E+00  .964957639E+00  .948027956E+00  .931352203E+00  .914921304E+00
  .898728592E+00  .882765791E+00  .867027027E+00  .851504789E+00  .836193945E+00
  .821087682E+00  .806181557E+00  .791469425E+00  .776947481E+00  .762610179E+00
  .748454307E+00  .734474888E+00  .720669252E+00  .707032928E+00  .693563746E+00
  .680257712E+00  .667113109E+00  .654126362E+00  .641296166E+00  .628619340E+00
  .616094947E+00  .603720146E+00  .591494333E+00  .579414984E+00  .567481787E+00
  .555692485E+00  .544047025E+00  .532543399E+00  .521181779E+00  .509960356E+00
  .498879497E+00  .487937582E+00  .477135140E+00  .466470692E+00  .455944906E+00
  .445556435E+00  .435306054E+00  .425192510E+00  .415216665E+00  .405377349E+00
  .395675486E+00  .386109954E+00  .376681721E+00  .367389707E+00  .358234901E+00
  .349216234E+00  .340334701E+00  .331589241E+00  .322980836E+00  .314508402E+00
  .306172899E+00  .297973222E+00  .289910287E+00  .281982944E+00  .274192063E+00
  .266536443E+00  .259016653E+00  .251632178E+00  .244382738E+00  .237268017E+00
  .230287660E+00  .223441274E+00  .216728421E+00  .210148623E+00  .203701357E+00
  .197386055E+00  .191202104E+00  .185148844E+00  .179225568E+00  .173431522E+00
  .167765904E+00  .162227865E+00  .156816508E+00  .151530889E+00  .146370016E+00
  .141332850E+00  .136418307E+00  .131625235E+00  .126952480E+00  .122398820E+00
  .117962993E+00  .113643691E+00  .109439567E+00  .105349234E+00  .101371265E+00
  .975041966E-01  .937465298E-01  .900967304E-01  .865532316E-01  .831144353E-01
  .797787140E-01  .765444121E-01  .734098483E-01  .703733167E-01  .674330891E-01
  .645874171E-01  .618345331E-01  .591726534E-01  .565999791E-01  .541146988E-01
  .517149902E-01  .493990218E-01  .471649556E-01  .450109483E-01  .429351536E-01
  .409357241E-01  .390108130E-01  .371585761E-01  .353771597E-01  .336647449E-01
  .320195055E-01  .304396252E-01  .289232987E-01  .274687341E-01  .260741536E-01
  .247377957E-01  .234579161E-01  .222327896E-01  .210607111E-01  .199399970E-01
  .188689863E-01  .178460420E-01  .168695519E-01  .159379296E-01  .150496158E-01
  .142030789E-01  .133968156E-01  .126293521E-01  .118992446E-01  .112050796E-01
  .105454748E-01  .991907963E-02  .932457515E-02  .876067486E-02  .822612475E-02
  .771970356E-02  .724022291E-02  .678652738E-02  .635749454E-02  .595203493E-02
  .556909192E-02  .520764166E-02  .486669282E-02  .454528636E-02  .424249529E-02
  .395742431E-02  .368920944E-02  .343701765E-02  .320004637E-02  .297752307E-02
  .276870471E-02  .257287722E-02  .238935497E-02  .221748013E-02  .205662212E-02
  .190617695E-02  .176556661E-02  .163423836E-02  .151166414E-02  .139733984E-02
  .129078463E-02  .119154026E-02  .109917040E-02  .101325988E-02  .933414070E-03
  .859258117E-03  .790436291E-03  .726611284E-03  .667463527E-03  .612690516E-03
  .562006147E-03  .515140053E-03  .471836961E-03  .431856053E-03  .394970347E-03
  .360966084E-03  .329642129E-03  .300809396E-03  .274290275E-03  .249918084E-03
  .227536531E-03  .206999198E-03  .188169034E-03  .170917874E-03  .155125962E-03
  .140681506E-03  .127480235E-03  .115424985E-03  .104425293E-03  .943970097E-04
  .852619331E-04  .769474509E-04  .693862040E-04  .625157626E-04  .562783191E-04
  .506203950E-04  .454925623E-04  .408491792E-04  .366481395E-04  .328506348E-04
  .294209298E-04  .263261504E-04  .235360829E-04  .210229853E-04  .187614093E-04
  .167280334E-04  .149015055E-04  .132622956E-04  .117925579E-04  .104760012E-04
  .929776856E-05  .824432389E-05  .730334722E-05  .646363640E-05  .571501601E-05
  .504825252E-05  .445497564E-05  .392760535E-05  .345928429E-05  .304381532E-05
  .267560371E-05  .234960386E-05  .206127018E-05  .180651184E-05  .158165120E-05
  .138338558E-05  .120875221E-05  .105509612E-05  .920040762E-06  .801461100E-06
  .697459103E-06  .606341360E-06  .526598702E-06  .456887660E-06  .396013618E-06
  .342915526E-06  .296652037E-06  .256388965E-06  .221387939E-06  .190996156E-06
  .164637146E-06  .141802443E-06  .122044100E-06  .104967955E-06  .902276019E-07
  .775189684E-07  .665754791E-07  .571637237E-07  .490795924E-07  .421448310E-07
  .362039742E-07  .311216204E-07  .267800128E-07  .230768967E-07  .199236247E-07
  .172434847E-07  .149702270E-07  .130467723E-07  .114240796E-07  .100601610E-07
  .891922700E-08  .797095165E-08  .718984702E-08  .655473859E-08  .604833550E-08
  .565689106E-08  .536995180E-08  .518019223E-08  .508334931E-08  .507824376E-08
  .424161022E-08  .354777049E-08  .297424090E-08  .250215084E-08  .211573818E-08
  .180192205E-08  .147857603E-08  .121141711E-08  .991017137E-09  .809470542E-09
  .660158661E-09  .537548838E-09  .437023459E-09  .354734685E-09  .287481208E-09
  .232603881E-09  .187897452E-09  .151536054E-09  .122010407E-09  .980749821E-10
  .787036097E-10  .630522630E-10  .504278947E-10  .402623954E-10  .320908661E-10
  .255335220E-10  .202806482E-10  .160801126E-10  .127270212E-10  .100551631E-10
  .792994809E-11  .624258703E-11  .490530509E-11  .384741185E-11  .301208073E-11
  .235371463E-11  .183579521E-11  .142913020E-11  .111042791E-11  .861140028E-12
  .666524020E-12  .514884947E-12  .396963562E-12  .305443444E-12  .234554785E-12
  .179756530E-12  .137481882E-12  .104934948E-12  .799285905E-13  .607553978E-13
  .460852168E-13  .348839575E-13  .263493836E-13  .198604449E-13  .149373806E-13
  .112103711E-13  .839496060E-14  .627282955E-14  .467678525E-14  .347907194E-14
  .258228576E-14  .191233039E-14  .141296714E-14  .104160831E-14  .766077520E-15
  .562120653E-15  .411497765E-15  .300523932E-15  .218955956E-15  .159145002E-15
  .115393186E-15  .834661839E-16  .602249515E-16  .433481017E-16  .311231536E-16
  .222899506E-16  .159235051E-16  .113465621E-16  .806450884E-17  .571704291E-17
  .404237613E-17  .285079186E-17  .200516238E-17  .140663204E-17  .984124381E-18
  .686672355E-18  .477827036E-18  .331592650E-18  .229479276E-18  .158371769E-18
  .108993109E-18  .747994655E-19  .511878938E-19  .349298254E-19  .237671425E-19
  .161250056E-19  .109082734E-19  .735760057E-20  .494801730E-20  .331765871E-20
  .221783037E-20  .147812654E-20  .982136980E-21  .650579068E-21  .429621521E-21
  .282826543E-21  .185606295E-21  .121420989E-21  .791796206E-22  .514685146E-22
  .333478875E-22  .215369066E-22  .138636114E-22  .889481991E-23  .568794339E-23
  .362510181E-23  .230261546E-23  .145763316E-23  .919580890E-24  .578143557E-24
  .362221802E-24  .226149499E-24  .140697938E-24  .872247462E-25  .538815782E-25
  .331648584E-25  .203395704E-25  .124285263E-25  .756658783E-26  .458956313E-26
  .277345801E-26  .166970160E-26  .100140809E-26  .598309812E-27  .356099764E-27
  .211122927E-27  .124682291E-27  .733444431E-28  .429744183E-28  .250795836E-28
  .145775728E-28  .843901262E-29  .486548786E-29  .279367698E-29  .159745120E-29
  .909634825E-30  .515799540E-30  .291242946E-30  .163748203E-30  .916706421E-31
  .510978250E-31  .283581987E-31  .156691158E-31  .861956538E-32  .472048408E-32
  .257355305E-32  .139672245E-32  .754574881E-33  .405783625E-33  .217205684E-33
  .115722221E-33  .613642587E-34  .323855665E-34  .170101732E-34  .889141778E-35
  .462510924E-35  .239411592E-35  .123317270E-35  .632035353E-36  .322315074E-36
  .163540198E-36  .825573592E-37  .414626446E-37  .207162211E-37  .102967139E-37
  .509100352E-38  .250384076E-38  .122487090E-38  .595985674E-39  .288419507E-39
  .138815513E-39  .664441914E-40  .316273356E-40  .149704727E-40  .704622200E-41
  .329765676E-41  .153448675E-41  .709920106E-42  .326530954E-42  .149309527E-42
  .678701065E-43  .306673875E-43  .137740448E-43  .614910215E-44  .272838912E-44
  .120316169E-44  .527282423E-45  .229637368E-45  .993802246E-46  .427359672E-46
  .182600128E-46  .775175879E-47  .326940355E-47  .136988217E-47  .570192398E-48
  .235754560E-48  .968224381E-49  .394953298E-49  .152224740E-49  .613728410E-50
  .245708866E-50  .976777206E-51  .385546344E-51  .151091543E-51  .587844076E-52
  .227048323E-52  .870530847E-53  .331310433E-53  .125154456E-53  .469237547E-54
  .174602004E-54  .644748461E-55  .236260123E-55  .859060517E-56  .309930500E-56
  .110939422E-56  .393969050E-57  .138792606E-57  .485033533E-58  .168132391E-58
  .578066734E-59  .197117006E-59  .666595060E-60  .223544560E-60  .743364917E-61
  .245102456E-61  .801258042E-62  .259685405E-62  .834342048E-63  .000000000E+00
  .000000000E+00  .000000000E+00  .000000000E+00  .000000000E+00  .000000000E+00
  .000000000E+00  .000000000E+00  .000000000E+00  .000000000E+00  .000000000E+00
  .000000000E+00  .000000000E+00  .000000000E+00  .000000000E+00  .000000000E+00
  .000000000E+00  .000000000E+00  .000000000E+00  .000000000E+00  .000000000E+00
  .000000000E+00  .000000000E+00  .000000000E+00  .000000000E+00  .000000000E+00
  .000000000E+00  .000000000E+00  .000000000E+00  .000000000E+00  .000000000E+00
  .000000000E+00  .000000000E+00  .000000000E+00  .000000000E+00  .000000000E+00
  .000000000E+00  .000000000E+00  .000000000E+00  .000000000E+00  .000000000E+00
  .000000000E+00  .000000000E+00  .000000000E+00  .000000000E+00  .000000000E+00
  .000000000E+00  .000000000E+00  .000000000E+00  .000000000E+00  .000000000E+00
  .000000000E+00  .000000000E+00  .000000000E+00  .000000000E+00  .000000000E+00
  .000000000E+00  .000000000E+00  .000000000E+00  .000000000E+00  .000000000E+00
  .000000000E+00  .000000000E+00  .000000000E+00  .000000000E+00  .000000000E+00
  .000000000E+00  .000000000E+00  .000000000E+00  .000000000E+00  .000000000E+00
  .000000000E+00  .000000000E+00  .000000000E+00  .000000000E+00  .000000000E+00
  .000000000E+00  .000000000E+00  .000000000E+00  .000000000E+00  .000000000E+00
  .000000000E+00  .000000000E+00  .000000000E+00  .000000000E+00  .000000000E+00
  .000000000E+00  .000000000E+00  .000000000E+00  .000000000E+00  .000000000E+00
  .000000000E+00  .000000000E+00  .000000000E+00  .000000000E+00  .000000000E+00
  .000000000E+00  .000000000E+00  .000000000E+00  .000000000E+00  .000000000E+00
  .000000000E+00  .000000000E+00  .000000000E+00  .000000000E+00  .000000000E+00
  .000000000E+00  .000000000E+00  .000000000E+00  .000000000E+00  .000000000E+00
  .000000000E+00  .000000000E+00  .000000000E+00  .000000000E+00  .000000000E+00
  .000000000E+00  .000000000E+00  .000000000E+00  .000000000E+00  .000000000E+00
  .000000000E+00  .000000000E+00  .000000000E+00  .000000000E+00  .000000000E+00
  .000000000E+00  .000000000E+00  .000000000E+00  .000000000E+00  .000000000E+00
  .000000000E+00  .000000000E+00  .000000000E+00  .000000000E+00  .000000000E+00
  .000000000E+00  .000000000E+00  .000000000E+00  .000000000E+00  .000000000E+00
