Ta: s1d4                                
  .241881869E+00  .245145009E+00  .248451859E+00  .251802996E+00  .255199008E+00
  .258640489E+00  .262128041E+00  .265662274E+00  .269243805E+00  .272873261E+00
  .276551275E+00  .280278489E+00  .284055554E+00  .287883129E+00  .291761881E+00
  .295692486E+00  .299675628E+00  .303712003E+00  .307802312E+00  .311947267E+00
  .316147588E+00  .320404007E+00  .324717263E+00  .329088105E+00  .333517292E+00
  .338005592E+00  .342553785E+00  .347162658E+00  .351833011E+00  .356565652E+00
  .361361402E+00  .366221089E+00  .371145555E+00  .376135651E+00  .381192239E+00
  .386316193E+00  .391508398E+00  .396769749E+00  .402101154E+00  .407503531E+00
  .412977813E+00  .418524940E+00  .424145869E+00  .429841567E+00  .435613011E+00
  .441461195E+00  .447387123E+00  .453391811E+00  .459476291E+00  .465641606E+00
  .471888811E+00  .478218978E+00  .484633189E+00  .491132543E+00  .497718150E+00
  .504391136E+00  .511152641E+00  .518003819E+00  .524945838E+00  .531979882E+00
  .539107150E+00  .546328855E+00  .553646225E+00  .561060507E+00  .568572959E+00
  .576184858E+00  .583897496E+00  .591712181E+00  .599630239E+00  .607653010E+00
  .615781852E+00  .624018142E+00  .632363272E+00  .640818651E+00  .649385708E+00
  .658065889E+00  .666860656E+00  .675771491E+00  .684799896E+00  .693947389E+00
  .703215509E+00  .712605812E+00  .722119875E+00  .731759295E+00  .741525687E+00
  .751420687E+00  .761445952E+00  .771603159E+00  .781894006E+00  .792320210E+00
  .802883513E+00  .813585675E+00  .824428479E+00  .835413732E+00  .846543259E+00
  .857818911E+00  .869242560E+00  .880816103E+00  .892541457E+00  .904420565E+00
  .916455393E+00  .928647932E+00  .941000196E+00  .953514224E+00  .966192080E+00
  .979035853E+00  .992047658E+00  .100522964E+01  .101858395E+01  .103211280E+01
  .104581839E+01  .105970299E+01  .107376885E+01  .108801828E+01  .110245361E+01
  .111707720E+01  .113189142E+01  .114689870E+01  .116210147E+01  .117750222E+01
  .119310343E+01  .120890764E+01  .122491742E+01  .124113535E+01  .125756406E+01
  .127420620E+01  .129106447E+01  .130814157E+01  .132544025E+01  .134296331E+01
  .136071356E+01  .137869384E+01  .139690703E+01  .141535607E+01  .143404389E+01
  .145297348E+01  .147214786E+01  .149157010E+01  .151124327E+01  .153117052E+01
  .155135500E+01  .157179992E+01  .159250851E+01  .161348406E+01  .163472987E+01
  .165624930E+01  .167804574E+01  .170012263E+01  .172248343E+01  .174513165E+01
  .176807085E+01  .179130462E+01  .181483658E+01  .183867042E+01  .186280985E+01
  .188725863E+01  .191202056E+01  .193709948E+01  .196249929E+01  .198822391E+01
  .201427732E+01  .204066355E+01  .206738666E+01  .209445076E+01  .212186002E+01
  .214961863E+01  .217773085E+01  .220620098E+01  .223503337E+01  .226423241E+01
  .229380254E+01  .232374826E+01  .235407412E+01  .238478470E+01  .241588465E+01
  .244737866E+01  .247927148E+01  .251156791E+01  .254427279E+01  .257739104E+01
  .261092759E+01  .264488748E+01  .267927574E+01  .271409751E+01  .274935796E+01
  .278506231E+01  .282121585E+01  .285782392E+01  .289489192E+01  .293242529E+01
  .297042955E+01  .300891027E+01  .304787308E+01  .308732367E+01  .312726778E+01
  .316771121E+01  .320865984E+01  .325011960E+01  .329209647E+01  .333459649E+01
  .337762580E+01  .342119055E+01  .346529700E+01  .350995143E+01  .355516022E+01
  .360092979E+01  .364726665E+01  .369417735E+01  .374166851E+01  .378974683E+01
  .383841907E+01  .388769205E+01  .393757266E+01  .398806786E+01  .403918469E+01
  .409093023E+01  .414331166E+01  .419633621E+01  .425001119E+01  .430434396E+01
  .435934198E+01  .441501275E+01  .447136388E+01  .452840302E+01  .458613789E+01
  .464457631E+01  .470372614E+01  .476359535E+01  .482419194E+01  .488552402E+01
  .494759977E+01  .501042741E+01  .507401528E+01  .513837176E+01  .520350533E+01
  .526942453E+01  .533613798E+01  .540365438E+01  .547198250E+01  .554113120E+01
  .561110939E+01  .568192608E+01  .575359035E+01  .582611136E+01  .589949834E+01
  .597376061E+01  .604890756E+01  .612494865E+01  .620189343E+01  .627975152E+01
  .635853263E+01  .643824655E+01  .651890312E+01  .660051229E+01  .668308407E+01
  .676662856E+01  .685115593E+01  .693667643E+01  .702320039E+01  .711073822E+01
  .719930041E+01  .728889753E+01  .737954020E+01  .747123916E+01  .756400520E+01
  .765784920E+01  .775278211E+01  .784881495E+01  .794595885E+01  .804422497E+01
  .814362457E+01  .824416900E+01  .834586966E+01  .844873803E+01  .855278568E+01
  .865802423E+01  .876446540E+01  .887212097E+01  .898100278E+01  .909112276E+01
  .920249291E+01  .931512529E+01  .942903205E+01  .954422537E+01  .966071755E+01
  .977852091E+01  .989764788E+01  .100181109E+02  .101399226E+02  .102630954E+02
  .103876422E+02  .105135755E+02  .106409083E+02  .107696533E+02  .108998235E+02
  .110314317E+02  .111644912E+02  .112990148E+02  .114350159E+02  .115725074E+02
  .117115027E+02  .118520151E+02  .119940579E+02  .121376444E+02  .122827881E+02
  .124295024E+02  .125778009E+02  .127276971E+02  .128792046E+02  .130323370E+02
  .131871079E+02  .133435310E+02  .135016200E+02  .136613888E+02  .138228509E+02
  .139860203E+02  .141509107E+02  .143175360E+02  .144859099E+02  .146560464E+02
  .148279592E+02  .150016623E+02  .151771695E+02  .153544948E+02  .155336518E+02
  .157146547E+02  .158975171E+02  .160822529E+02  .162688760E+02  .164574002E+02
  .166478393E+02  .168402070E+02  .170345171E+02  .172307833E+02  .174290193E+02
  .176292387E+02  .178314551E+02  .180356820E+02  .182419330E+02  .184502214E+02
  .186605607E+02  .188729641E+02  .190874450E+02  .193040164E+02  .195226915E+02
  .197434832E+02  .199664046E+02  .201914684E+02  .204186874E+02  .206480741E+02
  .208796411E+02  .211134009E+02  .213493656E+02  .215875475E+02  .218279586E+02
  .220706107E+02  .223155157E+02  .225626851E+02  .228121304E+02  .230638628E+02
  .233178935E+02  .235742335E+02  .238328935E+02  .240938840E+02  .243572155E+02
  .246228981E+02  .248909418E+02  .251613565E+02  .254341515E+02  .257093362E+02
  .259869198E+02  .262669109E+02  .265493183E+02  .268341502E+02  .271214145E+02
  .274111193E+02  .277032717E+02  .279978792E+02  .282949486E+02  .285944863E+02
  .288964988E+02  .292009919E+02  .295079712E+02  .298174420E+02  .301294091E+02
  .304438771E+02  .307608501E+02  .310803319E+02  .314023258E+02  .317268349E+02
  .320538617E+02  .323834083E+02  .327154765E+02  .330500674E+02  .333871820E+02
  .337268205E+02  .340689828E+02  .344136683E+02  .347608759E+02  .351106039E+02
  .354628503E+02  .358176124E+02  .361748870E+02  .365346703E+02  .368969579E+02
  .372617452E+02  .376290265E+02  .379987957E+02  .383710464E+02  .387457710E+02
  .391229618E+02  .395026101E+02  .398847067E+02  .402692418E+02  .406562049E+02
  .410455845E+02  .414373689E+02  .418315453E+02  .422281004E+02  .426270200E+02
  .430282893E+02  .434318926E+02  .438378136E+02  .442460349E+02  .446565387E+02
  .450693062E+02  .454843176E+02  .459015527E+02  .463209900E+02  .467426075E+02
  .471663820E+02  .475922897E+02  .480203059E+02  .484504047E+02  .488825597E+02
  .493167431E+02  .497529267E+02  .501910809E+02  .506311753E+02  .510731787E+02
  .515170586E+02  .519627817E+02  .524103137E+02  .528596192E+02  .533106619E+02
  .537634044E+02  .542178081E+02  .546738337E+02  .551314405E+02  .555905870E+02
  .560512303E+02  .565133267E+02  .569768313E+02  .574416982E+02  .579078801E+02
  .583753288E+02  .588439951E+02  .593138284E+02  .597847771E+02  .602567884E+02
  .607298084E+02  .612037821E+02  .616786531E+02  .621543642E+02  .626308567E+02
  .631080710E+02  .635859461E+02  .640644200E+02  .645434294E+02  .650229100E+02
  .655027960E+02  .659830208E+02  .664635164E+02  .669442137E+02  .674250424E+02
  .679059311E+02  .683868071E+02  .688675967E+02  .693482249E+02  .698286156E+02
  .703086917E+02  .707883748E+02  .712675854E+02  .717462428E+02  .722242655E+02
  .727015706E+02  .731780742E+02  .736536913E+02  .741283360E+02  .746019212E+02
  .750743588E+02  .755455596E+02  .760154337E+02  .764838899E+02  .769508362E+02
  .774161796E+02  .778798263E+02  .783416815E+02  .788016496E+02  .792596341E+02
  .797155377E+02  .801692624E+02  .806207092E+02  .810697787E+02  .815163706E+02
  .819603840E+02  .824017173E+02  .828402683E+02  .832759345E+02  .837086124E+02
  .841381985E+02  .845645886E+02  .849876781E+02  .854073621E+02  .858235355E+02
  .862360927E+02  .866449280E+02  .870499356E+02  .874510095E+02  .878480437E+02
  .882409321E+02  .886295686E+02  .890138474E+02  .893936627E+02  .897689090E+02
  .901394809E+02  .905052736E+02  .908661825E+02  .912221036E+02  .915729333E+02
  .919185687E+02  .922589076E+02  .925938484E+02  .929232904E+02  .932471339E+02
  .935652799E+02  .938776307E+02  .941840896E+02  .944845611E+02  .947789509E+02
  .950671663E+02  .953491157E+02  .956247093E+02  .958938589E+02  .961564778E+02
  .964124812E+02  .966617862E+02  .969043119E+02  .971399794E+02  .973687118E+02
  .975904348E+02  .978050760E+02  .980125658E+02  .982128369E+02  .984058247E+02
  .985914674E+02  .987697058E+02  .989404838E+02  .991037482E+02  .992594489E+02
  .994075392E+02  .995479754E+02  .996807175E+02  .998057288E+02  .999229762E+02
  .100032431E+03  .100134066E+03  .100227861E+03  .100313799E+03  .100391865E+03
  .100462050E+03  .100524349E+03  .100578762E+03  .100625291E+03  .100663947E+03
  .100694741E+03  .100717691E+03  .100732821E+03  .100740157E+03  .100739732E+03
  .100731584E+03  .100715755E+03  .100692295E+03  .100661255E+03  .100622696E+03
  .100576680E+03  .100523279E+03  .100462568E+03  .100394628E+03  .100319545E+03
  .100237413E+03  .100148331E+03  .100052402E+03  .999497368E+02  .998404523E+02
  .997246709E+02  .996025211E+02  .994741374E+02  .993396605E+02  .991992375E+02
  .990530212E+02  .989011710E+02  .987438520E+02  .985812359E+02  .984135002E+02
  .982408288E+02  .980634116E+02  .978814446E+02  .976951299E+02  .975046756E+02
  .973102958E+02  .971122103E+02  .969106452E+02  .967058321E+02  .964980084E+02
  .962874171E+02  .960743067E+02  .958589315E+02  .956415507E+02  .954224291E+02
  .952018364E+02  .949800473E+02  .947573416E+02  .945340035E+02  .943103220E+02
  .940865904E+02  .938631062E+02  .936401710E+02  .934180902E+02  .931971729E+02
  .929777318E+02  .927600825E+02  .925445440E+02  .923314378E+02  .921210881E+02
  .919138214E+02  .917099661E+02  .915098525E+02  .913138124E+02  .911221788E+02
  .909352855E+02  .907534671E+02  .905770584E+02  .904063941E+02  .902418088E+02
  .900836362E+02  .899322091E+02  .897878590E+02  .896509154E+02  .895217062E+02
  .894005563E+02  .892877882E+02  .891837210E+02  .890886701E+02  .890029472E+02
  .889268594E+02  .888607089E+02  .888047930E+02  .887594031E+02  .887248246E+02
  .887013366E+02  .886892112E+02  .886887131E+02  .887000995E+02  .887236192E+02
  .887595126E+02  .888080108E+02  .888693356E+02  .889436990E+02  .890313025E+02
  .891323371E+02  .892469822E+02  .893754061E+02  .895177647E+02  .896742018E+02
  .898448480E+02  .900298211E+02  .902292248E+02  .904431492E+02  .906716698E+02
  .909148474E+02  .911727276E+02  .914453406E+02  .917327007E+02  .920348062E+02
  .923516388E+02  .926831636E+02  .930293284E+02  .933900639E+02  .937652832E+02
  .941548816E+02  .945587362E+02  .949767061E+02  .954086319E+02  .958543355E+02
  .963136202E+02  .967862704E+02  .972720517E+02  .977707105E+02  .982819742E+02
  .988055511E+02  .993411305E+02  .998883825E+02  .100446958E+03  .101016490E+03
  .101596590E+03  .102186855E+03  .102786859E+03  .103396161E+03  .104014301E+03
  .104640800E+03  .105275162E+03  .105916874E+03  .106565407E+03  .107220213E+03
  .107880731E+03  .108546381E+03  .109216571E+03  .109890693E+03  .110568123E+03
  .111248227E+03  .111930356E+03  .112613848E+03  .113298031E+03  .113982222E+03
  .114665726E+03  .115347841E+03  .116027855E+03  .116705048E+03  .117378695E+03
  .118048064E+03  .118712416E+03  .119371010E+03  .120023103E+03  .120667947E+03
  .121304795E+03  .121932900E+03  .122551514E+03  .123159893E+03  .123757297E+03
  .124342989E+03  .124916238E+03  .125476319E+03  .126022518E+03  .126554125E+03
  .127070446E+03  .127570796E+03  .128054502E+03  .128520906E+03  .128969367E+03
  .129399258E+03  .129809972E+03  .130200919E+03  .130571532E+03  .130921263E+03
  .131249589E+03  .131556009E+03  .131840048E+03  .132101259E+03  .132339221E+03
  .132553540E+03  .132743856E+03  .132909835E+03  .133051179E+03  .133167621E+03
  .133258928E+03  .133324901E+03  .133365379E+03  .133380235E+03  .133369381E+03
  .133332767E+03  .133270382E+03  .133182252E+03  .133068446E+03  .132929073E+03
  .132764281E+03  .132574261E+03  .132359246E+03  .132119510E+03  .131855370E+03
  .131567184E+03  .131255352E+03  .130920319E+03  .130562568E+03  .130182627E+03
  .129781064E+03  .129358487E+03  .128915548E+03  .128452934E+03  .127971377E+03
  .127471642E+03  .126954537E+03  .126420902E+03  .125871615E+03  .125307589E+03
  .124729770E+03  .124139135E+03  .123536693E+03  .122923482E+03  .122300566E+03
  .121669037E+03  .121030010E+03  .120384622E+03  .119734030E+03  .119079412E+03
  .118421960E+03  .117762879E+03  .117103388E+03  .116444716E+03  .115788097E+03
  .115134770E+03  .114485978E+03  .113842963E+03  .113206963E+03  .112579212E+03
  .111960934E+03  .111353345E+03  .110757645E+03  .110175018E+03  .109606629E+03
  .109053622E+03  .108517115E+03  .107998199E+03  .107497936E+03  .107017352E+03
  .106557441E+03  .106119156E+03  .105703410E+03  .105311072E+03  .104942965E+03
  .104599863E+03  .104282488E+03  .103991512E+03  .103727546E+03  .103491148E+03
  .103282812E+03  .103102973E+03  .102952000E+03  .102830198E+03  .102737805E+03
  .102674987E+03  .102641844E+03  .102638403E+03  .102664619E+03  .102720372E+03
  .102805471E+03  .102919649E+03  .103062565E+03  .103233800E+03  .103432865E+03
  .103659191E+03  .103912138E+03  .104190990E+03  .104494959E+03  .104823182E+03
  .105174729E+03  .105548596E+03  .105943714E+03  .106358944E+03  .106793084E+03
  .107244870E+03  .107712976E+03  .108196020E+03  .108692563E+03  .109201115E+03
  .109720136E+03  .110248039E+03  .110783198E+03  .111323943E+03  .111868572E+03
  .112415350E+03  .112962515E+03  .113508282E+03  .114050845E+03  .114588385E+03
  .115119072E+03  .115641069E+03  .116152540E+03  .116651650E+03  .117136573E+03
  .117605497E+03  .118056627E+03  .118488190E+03  .118898442E+03  .119285669E+03
  .119648195E+03  .119984387E+03  .120292658E+03  .120571470E+03  .120819343E+03
  .121034857E+03  .121216655E+03  .121363450E+03  .121474027E+03  .121547248E+03
  .121582057E+03  .121577479E+03  .121532628E+03  .121446710E+03  .121319022E+03
  .121148959E+03  .120936014E+03  .120679783E+03  .120379962E+03  .120036354E+03
  .119648868E+03  .119217520E+03  .118742434E+03  .118223844E+03  .117662091E+03
  .117057628E+03  .116411014E+03  .115722918E+03  .114994114E+03  .114225485E+03
  .113418014E+03  .112572791E+03  .111691001E+03  .110773930E+03  .109822957E+03
  .108839554E+03  .107825279E+03  .106781774E+03  .105710765E+03  .104614049E+03
  .103493498E+03  .102351050E+03  .101188703E+03  .100008513E+03  .988125879E+02
  .976030789E+02  .963821780E+02  .951521113E+02  .939151318E+02  .926735147E+02
  .914295495E+02  .901855356E+02  .889437737E+02  .877065615E+02  .864761848E+02
  .852549137E+02  .840449934E+02  .828486403E+02  .816680334E+02  .805053097E+02
  .793625568E+02  .782418081E+02  .771450352E+02  .760741442E+02  .750309680E+02
  .740172630E+02  .730347021E+02  .720848715E+02  .711692646E+02  .702892789E+02
  .694462109E+02  .686412535E+02  .678754909E+02  .671498977E+02  .664653340E+02
  .658225447E+02  .652221562E+02  .646646756E+02  .641504890E+02  .636798611E+02
  .632529337E+02  .628697266E+02  .625301374E+02  .622339421E+02  .619807963E+02
  .617702366E+02  .616016825E+02  .614744381E+02  .613876953E+02  .613405361E+02
  .613319365E+02  .613607694E+02  .614258089E+02  .615257341E+02  .616591341E+02
  .618245125E+02  .620202921E+02  .622448206E+02  .624963761E+02  .627731721E+02
  .630733644E+02  .633950558E+02  .637363037E+02  .640951248E+02  .644695029E+02
  .648573934E+02  .652567326E+02  .656654411E+02  .660814325E+02  .665026182E+02
  .669269151E+02  .673522506E+02  .677765702E+02  .681978420E+02  .686140643E+02
  .690232698E+02  .694235327E+02  .698129724E+02  .701897607E+02  .705521244E+02
  .708983526E+02  .712267985E+02  .715358860E+02  .718241114E+02  .720900490E+02
  .723323524E+02  .725497593E+02  .727410925E+02  .729052637E+02  .730412739E+02
  .731482169E+02  .732252786E+02  .732717400E+02  .732869758E+02  .732704568E+02
  .732217480E+02  .731405099E+02  .730264966E+02  .728795549E+02  .726996253E+02
  .724867381E+02  .722410120E+02  .719626529E+02  .716519506E+02  .713092777E+02
  .709350853E+02  .705299005E+02  .700943252E+02  .696290307E+02  .691347544E+02
  .686122969E+02  .680625181E+02  .674863331E+02  .668847090E+02  .662586600E+02
  .656092443E+02  .649375589E+02  .642447371E+02  .635319425E+02  .628003664E+02
  .620512226E+02  .612857445E+02  .605051795E+02  .597107869E+02  .589038318E+02
  .580855840E+02  .572573109E+02  .564202777E+02  .555757399E+02  .547249437E+02
  .538691192E+02  .530094807E+02  .521472202E+02  .512835081E+02  .504194870E+02
  .495562728E+02  .486949484E+02  .478365657E+02  .469821394E+02  .461326491E+02
  .452890336E+02  .444521938E+02  .436229867E+02  .428022287E+02  .419906905E+02
  .411891002E+02  .403981385E+02  .396184427E+02  .388506016E+02  .380951602E+02
  .373526148E+02  .366234174E+02  .359079728E+02  .352066413E+02  .345197370E+02
  .338475309E+02  .331902488E+02  .325480755E+02  .319211523E+02  .313095811E+02
  .307134231E+02  .301327023E+02  .295674047E+02  .290174818E+02  .284828495E+02
  .279633927E+02  .274589638E+02  .269693870E+02  .264944575E+02  .260339456E+02
  .255875958E+02  .251551313E+02  .247362528E+02  .243306430E+02  .239379659E+02
  .235578708E+02  .231899914E+02  .228339503E+02  .224893581E+02  .221558169E+02
  .218329206E+02  .215202577E+02  .212174111E+02  .209239610E+02  .206394865E+02
  .203635659E+02  .200957784E+02  .198357056E+02  .195829324E+02  .193370471E+02
  .190976462E+02  .188643316E+02  .186367126E+02  .184144074E+02  .181970431E+02
  .179842573E+02  .177756982E+02  .175710255E+02  .173699110E+02  .171720388E+02
  .169771044E+02  .167848201E+02  .165949100E+02  .164071121E+02  .162211784E+02
  .160368754E+02  .158539837E+02  .156722986E+02  .154916293E+02  .153117999E+02
  .151326482E+02  .149540263E+02  .147758003E+02  .145978498E+02  .144200678E+02
  .142423603E+02  .140646458E+02  .138868560E+02  .137089342E+02  .135308353E+02
  .133525253E+02  .131739810E+02  .129951896E+02  .128161478E+02  .126368617E+02
  .124573464E+02  .122776250E+02  .120977286E+02  .119176953E+02  .117375701E+02
  .115574042E+02  .113772544E+02  .111971829E+02  .110172562E+02  .108375452E+02
  .106581246E+02  .104790720E+02  .103004679E+02  .101223950E+02  .994493774E+01
  .976818204E+01  .959221482E+01  .941712342E+01  .924299548E+01  .906991830E+01
  .889797878E+01  .872726278E+01  .855785511E+01  .838983894E+01  .822329579E+01
  .805830503E+01  .789494386E+01  .773328688E+01  .757340610E+01  .741537050E+01
  .725924616E+01  .710509578E+01  .695297873E+01  .680295089E+01  .665506482E+01
  .650936874E+01  .636590850E+01  .622472453E+01  .608585529E+01  .594933366E+01
  .581519055E+01  .568345120E+01  .555413899E+01  .542727166E+01  .530286520E+01
  .518092996E+01  .506147471E+01  .494450271E+01  .483001561E+01  .471801036E+01
  .460848179E+01  .450142045E+01  .439681500E+01  .429465003E+01  .419490849E+01
  .409756945E+01  .400261063E+01  .391000613E+01  .381972893E+01  .373174865E+01
  .364603409E+01  .356255092E+01  .348126427E+01  .340213602E+01  .332512860E+01
  .325020137E+01  .317731377E+01  .310642279E+01  .303748580E+01  .297045797E+01
  .290529508E+01  .284195105E+01  .278038023E+01  .272053601E+01  .266237197E+01
  .260584106E+01  .255089661E+01  .249749156E+01  .244557940E+01  .239511339E+01
  .234604755E+01  .229833532E+01  .225193210E+01  .220679277E+01  .216287334E+01
  .212012994E+01  .207851996E+01  .203800103E+01  .199853211E+01  .196007254E+01
  .192258307E+01  .188602488E+01  .185036065E+01  .181555355E+01  .178156831E+01
  .174837018E+01  .171592605E+01  .168420330E+01  .165317104E+01  .162279884E+01
  .159305805E+01  .156392048E+01  .153535970E+01  .150734974E+01  .147986640E+01
  .145288593E+01  .142638631E+01  .140034595E+01  .137474498E+01  .134956389E+01
  .132478490E+01  .130039055E+01  .127636504E+01  .125269284E+01  .122936007E+01
  .120635306E+01  .118365974E+01  .116126816E+01  .113916788E+01  .111734869E+01
  .109580181E+01  .107451846E+01  .105349134E+01  .103271307E+01  .101217770E+01
  .991879145E+00  .971812687E+00  .951973408E+00  .932357704E+00  .912961703E+00
  .893782803E+00  .874818064E+00  .856065764E+00  .837523778E+00  .819191156E+00
  .801066484E+00  .783149470E+00  .765439301E+00  .747936244E+00  .730639991E+00
  .713551266E+00  .696670163E+00  .679997778E+00  .663534526E+00  .647281776E+00
  .631240177E+00  .615411301E+00  .599795956E+00  .584395838E+00  .569211838E+00
  .554245713E+00  .539498382E+00  .524971594E+00  .510666232E+00  .496583989E+00
  .482725665E+00  .469092840E+00  .455686199E+00  .442507167E+00  .429556264E+00
  .416834729E+00  .404342877E+00  .392081739E+00  .380051405E+00  .368252664E+00
  .356685355E+00  .345350016E+00  .334246222E+00  .323374236E+00  .312733357E+00
  .302323571E+00  .292143894E+00  .282194028E+00  .272472700E+00  .262979328E+00
  .253712361E+00  .244670929E+00  .235853199E+00  .227258032E+00  .218883323E+00
  .210727665E+00  .202788691E+00  .195064741E+00  .187553207E+00  .180252185E+00
  .173158833E+00  .166271028E+00  .159585718E+00  .153100422E+00  .146812250E+00
  .140718274E+00  .134815482E+00  .129100782E+00  .123571010E+00  .118222930E+00
  .113053246E+00  .108058602E+00  .103235593E+00  .985807640E-01  .940906210E-01
  .897616336E-01  .855902413E-01  .815728589E-01  .777058814E-01  .739856896E-01
  .704086548E-01  .669711443E-01  .636695259E-01  .605001729E-01  .574594684E-01
  .545438102E-01  .517496148E-01  .490733219E-01  .465113979E-01  .440603403E-01
  .417166810E-01  .394769899E-01  .373378781E-01  .352960013E-01  .333480623E-01
  .314908143E-01  .297210629E-01  .280356686E-01  .264315495E-01  .249056824E-01
  .234551054E-01  .220769191E-01  .207682517E-01  .195263715E-01  .183485736E-01
  .172322202E-01  .161747418E-01  .151736376E-01  .142264756E-01  .133308931E-01
  .124845970E-01  .116853633E-01  .109310374E-01  .102195336E-01  .954883468E-02
  .891699131E-02  .832212164E-02  .776241040E-02  .723610810E-02  .674153015E-02
  .627705581E-02  .584112713E-02  .543224783E-02  .504898205E-02  .468995313E-02
  .435384226E-02  .403938713E-02  .374538053E-02  .347066892E-02  .321415099E-02
  .297477612E-02  .275154279E-02  .254349754E-02  .234973293E-02  .216938618E-02
  .200163770E-02  .184570953E-02  .170086385E-02  .156640150E-02  .144166045E-02
  .132601440E-02  .121887130E-02  .111967195E-02  .102788861E-02  .943023625E-03
  .864608085E-03  .792200545E-03  .725385742E-03  .663773358E-03  .606996818E-03
  .554712126E-03  .506596733E-03  .462348444E-03  .421684362E-03  .384339868E-03
  .350067637E-03  .318636698E-03  .289831522E-03  .263451151E-03  .239308364E-03
  .217228878E-03  .197050581E-03  .178622808E-03  .161805639E-03  .146469240E-03
  .132493231E-03  .119766087E-03  .108184572E-03  .976531926E-04  .880836963E-04
  .793945820E-04  .715106461E-04  .643625511E-04  .578864194E-04  .520234506E-04
  .467195618E-04  .419250487E-04  .375942684E-04  .336853410E-04  .301598709E-04
  .269826854E-04  .241215899E-04  .215471404E-04  .192324300E-04  .171528908E-04
  .152861087E-04  .136116515E-04  .121109093E-04  .107669455E-04  .956435984E-05
  .848916014E-05  .752864456E-05  .667129220E-05  .590666218E-05  .522530040E-05
  .461865360E-05  .407899018E-05  .359932727E-05  .317336371E-05  .279541845E-05
  .246037405E-05  .216362478E-05  .190102920E-05  .166886668E-05  .146379762E-05
  .128282725E-05  .112327242E-05  .982731452E-06  .859056662E-06  .750329311E-06
  .654836899E-06  .571052530E-06  .497616204E-06  .433317879E-06  .377082157E-06
  .327954453E-06  .285088527E-06  .247735279E-06  .215232689E-06  .186996816E-06
  .162513793E-06  .141332722E-06  .123059439E-06  .107351068E-06  .939114176E-07
  .803209048E-07  .686350378E-07  .585966983E-07  .499821265E-07  .425967729E-07
  .362716437E-07  .308600821E-07  .262349379E-07  .222860794E-07  .189182092E-07
  .160489474E-07  .136071530E-07  .115314531E-07  .976895657E-08  .827413051E-08
  .700781885E-08  .593638670E-08  .503097502E-08  .426685192E-08  .362284892E-08
  .308087155E-08  .262547520E-08  .224349788E-08  .192374311E-08  .165670646E-08
  .143434045E-08  .124985323E-08  .109753677E-08  .972621388E-09  .871153596E-09
  .789894898E-09  .726239761E-09  .678151312E-09  .644113989E-09  .623102198E-09
  .614567359E-09  .618440460E-09  .507145605E-09  .415223506E-09  .339421891E-09
  .277013252E-09  .225713802E-09  .183614349E-09  .149121434E-09  .120907284E-09
  .978673330E-10  .790842216E-10  .637973465E-10  .513771374E-10  .413033717E-10
  .331469201E-10  .265544094E-10  .212353575E-10  .169514015E-10  .135072935E-10
  .107433891E-10  .852939094E-11  .675914782E-11  .534633900E-11  .422089972E-11
  .332606624E-11  .261593740E-11  .205346650E-11  .160881054E-11  .125797588E-11
  .981709390E-12  .764592127E-12  .594300268E-12  .461003463E-12  .356876115E-12
  .275701185E-12  .212549658E-12  .163521752E-12  .125538419E-12  .961737146E-13
  .735203023E-13  .560817852E-13  .426866884E-13  .324198920E-13  .245680931E-13
  .185765209E-13  .140146597E-13  .105491658E-13  .792251633E-14  .593621539E-14
  .443761473E-14  .330959512E-14  .246250600E-14  .182788408E-14  .135356970E-14
  .999919083E-15  .736873458E-15  .541696835E-15  .397234029E-15  .290572642E-15
  .212017851E-15  .154308835E-15  .112021395E-15  .811136736E-16  .585815816E-16
  .421981091E-16  .303166102E-16  .217227520E-16  .155233816E-16  .110633274E-16
  .786327954E-17  .557353450E-17  .393964536E-17  .277698399E-17  .195195459E-17
  .136815823E-17  .956232177E-18  .666408956E-18  .463082857E-18  .320853568E-18
  .221653773E-18  .152669819E-18  .104840889E-18  .717789657E-19  .489939166E-19
  .333391842E-19  .226164754E-19  .152947097E-19  .103108161E-19  .692898095E-20
  .464150872E-20  .309921221E-20  .206269289E-20  .136835135E-20  .904750987E-21
  .596234904E-21  .391607522E-21  .256341114E-21  .167227364E-21  .108719234E-21
  .704374163E-22  .454764316E-22  .292578972E-22  .187569124E-22  .119819841E-22
  .762663262E-23  .483683253E-23  .305633360E-23  .192415114E-23  .120687827E-23
  .754155061E-24  .469480607E-24  .291153031E-24  .179869839E-24  .110691778E-24
  .678545337E-25  .414319398E-25  .251982767E-25  .152641199E-25  .920924697E-26
  .553367755E-26  .331151555E-26  .197355256E-26  .117129195E-26  .692247955E-27
  .407402461E-27  .238746121E-27  .139310822E-27  .809383350E-28  .468197906E-28
  .269646782E-28  .154609528E-28  .882545375E-29  .501512806E-29  .283697491E-29
  .159750274E-29  .895415099E-30  .499560178E-30  .277405831E-30  .153317379E-30
  .843332288E-31  .461658675E-31  .251502007E-31  .136346254E-31  .735544999E-32
  .394841154E-32  .210894578E-32  .112078116E-32  .592612848E-33  .311744232E-33
  .163149241E-33  .849401376E-34  .439910157E-34  .226631284E-34  .116134735E-34
  .591932561E-35  .300076106E-35  .151293688E-35  .758614911E-36  .378280475E-36
  .187576799E-36  .924905713E-37  .453470770E-37  .221062367E-37  .107145528E-37
  .516305629E-38  .247339206E-38  .117790943E-38  .557626041E-39  .262401085E-39
  .122732246E-39  .570559699E-40  .263615881E-40  .121045501E-40  .552345352E-41
  .250458583E-41  .112850196E-41  .505228378E-42  .224734548E-42  .993175767E-43
  .436047558E-43  .190182344E-43  .823971251E-44  .354597936E-44  .151572073E-44
  .643483477E-45  .271310759E-45  .113601492E-45  .472350368E-46  .195021860E-46
  .799496483E-47  .325416269E-47  .131500202E-47  .527536910E-48  .210084091E-48
  .830465840E-49  .325846362E-49  .126893820E-49  .490431489E-50  .188104887E-50
  .715943961E-51  .270388585E-51  .101321353E-51  .376694808E-52  .138939844E-52
  .508375697E-53  .184516670E-53  .664279911E-54  .237193574E-54  .839967305E-55
  .294985491E-55  .102727958E-55  .354729297E-56  .121449662E-56  .412246165E-57
  .138722837E-57  .462743211E-58  .153003860E-58  .501422936E-59  .000000000E+00
  .000000000E+00  .000000000E+00  .000000000E+00  .000000000E+00  .000000000E+00
  .000000000E+00  .000000000E+00  .000000000E+00  .000000000E+00  .000000000E+00
  .000000000E+00  .000000000E+00  .000000000E+00  .000000000E+00  .000000000E+00
  .000000000E+00  .000000000E+00  .000000000E+00  .000000000E+00  .000000000E+00
  .000000000E+00  .000000000E+00  .000000000E+00  .000000000E+00  .000000000E+00
  .000000000E+00  .000000000E+00  .000000000E+00  .000000000E+00  .000000000E+00
  .000000000E+00  .000000000E+00  .000000000E+00  .000000000E+00  .000000000E+00
  .000000000E+00  .000000000E+00  .000000000E+00  .000000000E+00  .000000000E+00
  .000000000E+00  .000000000E+00  .000000000E+00  .000000000E+00  .000000000E+00
  .000000000E+00  .000000000E+00  .000000000E+00  .000000000E+00  .000000000E+00
  .000000000E+00  .000000000E+00  .000000000E+00  .000000000E+00  .000000000E+00
  .000000000E+00  .000000000E+00  .000000000E+00  .000000000E+00  .000000000E+00
  .000000000E+00  .000000000E+00  .000000000E+00  .000000000E+00  .000000000E+00
  .000000000E+00  .000000000E+00  .000000000E+00  .000000000E+00  .000000000E+00
  .000000000E+00  .000000000E+00  .000000000E+00  .000000000E+00  .000000000E+00
  .000000000E+00  .000000000E+00  .000000000E+00  .000000000E+00  .000000000E+00
  .000000000E+00  .000000000E+00  .000000000E+00  .000000000E+00  .000000000E+00
  .000000000E+00  .000000000E+00  .000000000E+00  .000000000E+00  .000000000E+00
  .000000000E+00  .000000000E+00  .000000000E+00  .000000000E+00  .000000000E+00
  .000000000E+00  .000000000E+00  .000000000E+00  .000000000E+00  .000000000E+00
  .000000000E+00  .000000000E+00  .000000000E+00  .000000000E+00  .000000000E+00
  .000000000E+00  .000000000E+00  .000000000E+00  .000000000E+00  .000000000E+00
  .000000000E+00  .000000000E+00  .000000000E+00  .000000000E+00  .000000000E+00
  .000000000E+00  .000000000E+00  .000000000E+00  .000000000E+00  .000000000E+00
  .000000000E+00  .000000000E+00  .000000000E+00  .000000000E+00  .000000000E+00
  .000000000E+00  .000000000E+00  .000000000E+00  .000000000E+00  .000000000E+00
  .000000000E+00  .000000000E+00  .000000000E+00  .000000000E+00  .000000000E+00
  .000000000E+00  .000000000E+00  .000000000E+00  .000000000E+00  .000000000E+00
  .000000000E+00  .000000000E+00  .000000000E+00  .000000000E+00  .000000000E+00
  .000000000E+00  .000000000E+00  .000000000E+00  .000000000E+00  .000000000E+00
  .000000000E+00  .000000000E+00  .000000000E+00  .000000000E+00  .000000000E+00
  .000000000E+00  .000000000E+00  .000000000E+00  .000000000E+00  .000000000E+00
  .000000000E+00  .000000000E+00  .000000000E+00  .000000000E+00  .000000000E+00
  .000000000E+00  .000000000E+00  .000000000E+00  .000000000E+00  .000000000E+00
  .000000000E+00  .000000000E+00  .000000000E+00  .000000000E+00  .000000000E+00
  .000000000E+00  .000000000E+00  .000000000E+00  .000000000E+00  .000000000E+00
  .000000000E+00  .000000000E+00  .000000000E+00  .000000000E+00  .000000000E+00
  .000000000E+00  .000000000E+00  .000000000E+00  .000000000E+00  .000000000E+00
  .000000000E+00  .000000000E+00  .000000000E+00  .000000000E+00  .000000000E+00
  .000000000E+00  .000000000E+00  .000000000E+00  .000000000E+00  .000000000E+00
  .000000000E+00  .000000000E+00  .000000000E+00  .000000000E+00  .000000000E+00
  .000000000E+00  .000000000E+00  .000000000E+00  .000000000E+00  .000000000E+00
  .000000000E+00  .000000000E+00  .000000000E+00  .000000000E+00  .000000000E+00
  .000000000E+00  .000000000E+00  .000000000E+00  .000000000E+00  .000000000E+00
  .000000000E+00  .000000000E+00  .000000000E+00  .000000000E+00  .000000000E+00
  .000000000E+00  .000000000E+00  .000000000E+00  .000000000E+00  .000000000E+00
  .000000000E+00  .000000000E+00  .000000000E+00  .000000000E+00  .000000000E+00
  .000000000E+00  .000000000E+00  .000000000E+00  .000000000E+00  .000000000E+00
  .000000000E+00  .000000000E+00  .000000000E+00  .000000000E+00  .000000000E+00
