Ir: s1d8                                
   16  77.   .002000 192.22000 125.   .50E-04 .200  400F91 68.00000
   .7  1.0   0
  1.0   .0   .5-5543.3257 2.0000
  2.0   .0   .5 -970.6372 2.0000
  2.0  1.0  1.5 -844.2586 6.0000
  3.0   .0   .5 -227.0879 2.0000
  3.0  1.0  1.5 -190.0599 6.0000
  3.0  2.0  2.5 -149.323910.0000
  4.0   .0   .5  -48.2839 2.0000
  4.0  1.0  1.5  -36.1131 6.0000
  4.0  2.0  2.5  -21.144910.0000
  4.0  3.0  3.5   -4.422414.0000
  5.0   .0   .5   -6.9656 2.0000
  5.0  1.0  1.5   -3.8271 6.0000
  5.0  2.0  2.5    -.4048 8.0000
  6.0   .0   .5    -.4093 1.0000
  6.0  1.0  1.5    -.5000  .0000
  5.0  3.0  2.5    -.1000  .0000
