  PAW Si                                 
 100
Core Pot   L  =         .00000   -.79939
  -.20000000E+01  .79296101E+00
  -.19600000E+01  .76771397E+00
  -.19200000E+01  .74188154E+00
  -.18800000E+01  .71543334E+00
  -.18400000E+01  .68833678E+00
  -.18000000E+01  .66055677E+00
  -.17600000E+01  .63205555E+00
  -.17200000E+01  .60279241E+00
  -.16800000E+01  .57272336E+00
  -.16400000E+01  .54180081E+00
  -.16000000E+01  .50997322E+00
  -.15600000E+01  .47718463E+00
  -.15200000E+01  .44337421E+00
  -.14800000E+01  .40847571E+00
  -.14400000E+01  .37241678E+00
  -.14000000E+01  .33511838E+00
  -.13600000E+01  .29649385E+00
  -.13200000E+01  .25644801E+00
  -.12800000E+01  .21487613E+00
  -.12400000E+01  .17166262E+00
  -.12000000E+01  .12667964E+00
  -.11600000E+01  .79785391E-01
  -.11200000E+01  .30822163E-01
  -.10800000E+01 -.20385964E-01
  -.10400000E+01 -.74035843E-01
  -.10000000E+01 -.13034847E+00
  -.96000000E+00 -.18957282E+00
  -.92000000E+00 -.25199040E+00
  -.88000000E+00 -.31792082E+00
  -.84000000E+00 -.38772839E+00
  -.80000000E+00 -.46183029E+00
  -.76000000E+00 -.54070653E+00
  -.72000000E+00 -.62491222E+00
  -.68000000E+00 -.71509292E+00
  -.64000000E+00 -.81200384E+00
  -.60000000E+00 -.91653418E+00
  -.56000000E+00 -.10297382E+01
  -.52000000E+00 -.11528756E+01
  -.48000000E+00 -.12874638E+01
  -.44000000E+00 -.14353479E+01
  -.40000000E+00 -.15987937E+01
  -.36000000E+00 -.17806153E+01
  -.32000000E+00 -.19843517E+01
  -.28000000E+00 -.22145160E+01
  -.24000000E+00 -.24769557E+01
  -.20000000E+00 -.27793851E+01
  -.16000000E+00 -.31321956E+01
  -.12000000E+00 -.35497261E+01
  -.80000000E-01 -.40523361E+01
  -.40000000E-01 -.46699353E+01
   .12351231E-14 -.54483273E+01
   .40000000E-01 -.64613863E+01
   .80000000E-01 -.78364505E+01
   .12000000E+00 -.98133738E+01
   .16000000E+00 -.12904036E+02
   .20000000E+00 -.18430598E+02
   .24000000E+00 -.31178827E+02
   .28000000E+00 -.92264821E+02
   .32000000E+00  .10483915E+03
   .36000000E+00  .34317406E+02
   .40000000E+00  .20816106E+02
   .44000000E+00  .15081725E+02
   .48000000E+00  .11905102E+02
   .52000000E+00  .98841858E+01
   .56000000E+00  .84833149E+01
   .60000000E+00  .74535415E+01
   .64000000E+00  .66634412E+01
   .68000000E+00  .60370830E+01
   .72000000E+00  .55275358E+01
   .76000000E+00  .51042300E+01
   .80000000E+00  .47463991E+01
   .84000000E+00  .44394413E+01
   .88000000E+00  .41727901E+01
   .92000000E+00  .39386101E+01
   .96000000E+00  .37309680E+01
   .10000000E+01  .35452886E+01
   .10400000E+01  .33779868E+01
   .10800000E+01  .32262136E+01
   .11200000E+01  .30876763E+01
   .11600000E+01  .29605089E+01
   .12000000E+01  .28431772E+01
   .12400000E+01  .27344081E+01
   .12800000E+01  .26331363E+01
   .13200000E+01  .25384633E+01
   .13600000E+01  .24496262E+01
   .14000000E+01  .23659727E+01
   .14400000E+01  .22869418E+01
   .14800000E+01  .22120485E+01
   .15200000E+01  .21408709E+01
   .15600000E+01  .20730407E+01
   .16000000E+01  .20082342E+01
   .16400000E+01  .19461664E+01
   .16800000E+01  .18865851E+01
   .17200000E+01  .18292659E+01
   .17600000E+01  .17740088E+01
   .18000000E+01  .17206350E+01
   .18400000E+01  .16689838E+01
   .18800000E+01  .16189104E+01
   .19200000E+01  .15702841E+01
   .19600000E+01  .15229865E+01
   .20000000E+01  .14769098E+01
Potential  L  =         .00000   -.79939
  -.20000000E+01  .83875845E+00
  -.19600000E+01  .81447229E+00
  -.19200000E+01  .78960204E+00
  -.18800000E+01  .76411381E+00
  -.18400000E+01  .73797087E+00
  -.18000000E+01  .71113327E+00
  -.17600000E+01  .68355752E+00
  -.17200000E+01  .65519615E+00
  -.16800000E+01  .62599727E+00
  -.16400000E+01  .59590402E+00
  -.16000000E+01  .56485395E+00
  -.15600000E+01  .53277830E+00
  -.15200000E+01  .49960121E+00
  -.14800000E+01  .46523864E+00
  -.14400000E+01  .42959755E+00
  -.14000000E+01  .39257419E+00
  -.13600000E+01  .35405283E+00
  -.13200000E+01  .31390393E+00
  -.12800000E+01  .27198177E+00
  -.12400000E+01  .22812217E+00
  -.12000000E+01  .18213920E+00
  -.11600000E+01  .13382152E+00
  -.11200000E+01  .82927850E-01
  -.10800000E+01  .29181428E-01
  -.10400000E+01 -.27736772E-01
  -.10000000E+01 -.88196475E-01
  -.96000000E+00 -.15262863E+00
  -.92000000E+00 -.22153866E+00
  -.88000000E+00 -.29552339E+00
  -.84000000E+00 -.37529264E+00
  -.80000000E+00 -.46169748E+00
  -.76000000E+00 -.55576719E+00
  -.72000000E+00 -.65875865E+00
  -.68000000E+00 -.77222296E+00
  -.64000000E+00 -.89809706E+00
  -.60000000E+00 -.10388318E+01
  -.56000000E+00 -.11975748E+01
  -.52000000E+00 -.13784367E+01
  -.48000000E+00 -.15868911E+01
  -.44000000E+00 -.18303900E+01
  -.40000000E+00 -.21193473E+01
  -.36000000E+00 -.24687733E+01
  -.32000000E+00 -.29011254E+01
  -.28000000E+00 -.34515820E+01
  -.24000000E+00 -.41785366E+01
  -.20000000E+00 -.51865341E+01
  -.16000000E+00 -.66830960E+01
  -.12000000E+00 -.91469396E+01
  -.80000000E-01 -.13985964E+02
  -.40000000E-01 -.27916881E+02
   .12351231E-14 -.49955820E+03
   .40000000E-01  .33108934E+02
   .80000000E-01  .16390678E+02
   .12000000E+00  .11036439E+02
   .16000000E+00  .83915212E+01
   .20000000E+00  .68102102E+01
   .24000000E+00  .57551623E+01
   .28000000E+00  .49987754E+01
   .32000000E+00  .44281173E+01
   .36000000E+00  .39807869E+01
   .40000000E+00  .36194945E+01
   .44000000E+00  .33205835E+01
   .48000000E+00  .30683211E+01
   .52000000E+00  .28518363E+01
   .56000000E+00  .26633758E+01
   .60000000E+00  .24972607E+01
   .64000000E+00  .23492355E+01
   .68000000E+00  .22160479E+01
   .72000000E+00  .20951690E+01
   .76000000E+00  .19846026E+01
   .80000000E+00  .18827512E+01
   .84000000E+00  .17883209E+01
   .88000000E+00  .17002519E+01
   .92000000E+00  .16176678E+01
   .96000000E+00  .15398369E+01
   .10000000E+01  .14661431E+01
   .10400000E+01  .13960636E+01
   .10800000E+01  .13291523E+01
   .11200000E+01  .12650235E+01
   .11600000E+01  .12033439E+01
   .12000000E+01  .11438242E+01
   .12400000E+01  .10862091E+01
   .12800000E+01  .10302738E+01
   .13200000E+01  .97581897E+00
   .13600000E+01  .92266670E+00
   .14000000E+01  .87065749E+00
   .14400000E+01  .81964748E+00
   .14800000E+01  .76950622E+00
   .15200000E+01  .72011481E+00
   .15600000E+01  .67136423E+00
   .16000000E+01  .62315402E+00
   .16400000E+01  .57539107E+00
   .16800000E+01  .52798857E+00
   .17200000E+01  .48086524E+00
   .17600000E+01  .43394418E+00
   .18000000E+01  .38715266E+00
   .18400000E+01  .34042122E+00
   .18800000E+01  .29368317E+00
   .19200000E+01  .24687394E+00
   .19600000E+01  .19993115E+00
   .20000000E+01  .15279345E+00
Core Pot   L  =        1.00000   -.30648
  -.20000000E+01  .10815675E+01
  -.19600000E+01  .10631509E+01
  -.19200000E+01  .10444702E+01
  -.18800000E+01  .10255162E+01
  -.18400000E+01  .10062791E+01
  -.18000000E+01  .98674857E+00
  -.17600000E+01  .96691364E+00
  -.17200000E+01  .94676290E+00
  -.16800000E+01  .92628423E+00
  -.16400000E+01  .90546487E+00
  -.16000000E+01  .88429131E+00
  -.15600000E+01  .86274930E+00
  -.15200000E+01  .84082373E+00
  -.14800000E+01  .81849860E+00
  -.14400000E+01  .79575696E+00
  -.14000000E+01  .77258081E+00
  -.13600000E+01  .74895104E+00
  -.13200000E+01  .72484732E+00
  -.12800000E+01  .70024805E+00
  -.12400000E+01  .67513016E+00
  -.12000000E+01  .64946909E+00
  -.11600000E+01  .62323861E+00
  -.11200000E+01  .59641065E+00
  -.10800000E+01  .56895521E+00
  -.10400000E+01  .54084012E+00
  -.10000000E+01  .51203088E+00
  -.96000000E+00  .48249040E+00
  -.92000000E+00  .45217881E+00
  -.88000000E+00  .42105314E+00
  -.84000000E+00  .38906704E+00
  -.80000000E+00  .35617042E+00
  -.76000000E+00  .32230907E+00
  -.72000000E+00  .28742423E+00
  -.68000000E+00  .25145211E+00
  -.64000000E+00  .21432329E+00
  -.60000000E+00  .17596213E+00
  -.56000000E+00  .13628603E+00
  -.52000000E+00  .95204632E-01
  -.48000000E+00  .52618834E-01
  -.44000000E+00  .84197446E-02
  -.40000000E+00 -.37512576E-01
  -.36000000E+00 -.85310560E-01
  -.32000000E+00 -.13512081E+00
  -.28000000E+00 -.18710605E+00
  -.24000000E+00 -.24144740E+00
  -.20000000E+00 -.29834709E+00
  -.16000000E+00 -.35803161E+00
  -.12000000E+00 -.42075547E+00
  -.80000000E-01 -.48680569E+00
  -.40000000E-01 -.55650717E+00
   .12351231E-14 -.63022919E+00
   .40000000E-01 -.70839320E+00
   .80000000E-01 -.79148246E+00
   .12000000E+00 -.88005380E+00
   .16000000E+00 -.97475215E+00
   .20000000E+00 -.10763288E+01
   .24000000E+00 -.11856640E+01
   .28000000E+00 -.13037965E+01
   .32000000E+00 -.14319603E+01
   .36000000E+00 -.15716330E+01
   .40000000E+00 -.17245994E+01
   .44000000E+00 -.18930354E+01
   .48000000E+00 -.20796213E+01
   .52000000E+00 -.22876974E+01
   .56000000E+00 -.25214803E+01
   .60000000E+00 -.27863704E+01
   .64000000E+00 -.30893992E+01
   .68000000E+00 -.34398951E+01
   .72000000E+00 -.38505046E+01
   .76000000E+00 -.43388129E+01
   .80000000E+00 -.49300144E+01
   .84000000E+00 -.56615284E+01
   .88000000E+00 -.65914386E+01
   .92000000E+00 -.78150417E+01
   .96000000E+00 -.95003346E+01
   .10000000E+01 -.11973681E+02
   .10400000E+01 -.15963963E+02
   .10800000E+01 -.23499776E+02
   .11200000E+01 -.43136678E+02
   .11600000E+01 -.22414228E+03
   .12000000E+01  .73164530E+02
   .12400000E+01  .31989767E+02
   .12800000E+01  .20676156E+02
   .13200000E+01  .15377893E+02
   .13600000E+01  .12301176E+02
   .14000000E+01  .10288255E+02
   .14400000E+01  .88667617E+01
   .14800000E+01  .78079184E+01
   .15200000E+01  .69874488E+01
   .15600000E+01  .63320258E+01
   .16000000E+01  .57955887E+01
   .16400000E+01  .53477477E+01
   .16800000E+01  .49676413E+01
   .17200000E+01  .46404732E+01
   .17600000E+01  .43554574E+01
   .18000000E+01  .41045454E+01
   .18400000E+01  .38816098E+01
   .18800000E+01  .36819026E+01
   .19200000E+01  .35016881E+01
   .19600000E+01  .33379866E+01
   .20000000E+01  .31883920E+01
Potential  L  =        1.00000   -.30648
  -.20000000E+01  .10895489E+01
  -.19600000E+01  .10713152E+01
  -.19200000E+01  .10528187E+01
  -.18800000E+01  .10340497E+01
  -.18400000E+01  .10149983E+01
  -.18000000E+01  .99565385E+00
  -.17600000E+01  .97600505E+00
  -.17200000E+01  .95604007E+00
  -.16800000E+01  .93574637E+00
  -.16400000E+01  .91511071E+00
  -.16000000E+01  .89411901E+00
  -.15600000E+01  .87275638E+00
  -.15200000E+01  .85100701E+00
  -.14800000E+01  .82885410E+00
  -.14400000E+01  .80627979E+00
  -.14000000E+01  .78326507E+00
  -.13600000E+01  .75978968E+00
  -.13200000E+01  .73583200E+00
  -.12800000E+01  .71136896E+00
  -.12400000E+01  .68637587E+00
  -.12000000E+01  .66082632E+00
  -.11600000E+01  .63469198E+00
  -.11200000E+01  .60794245E+00
  -.10800000E+01  .58054507E+00
  -.10400000E+01  .55246468E+00
  -.10000000E+01  .52366336E+00
  -.96000000E+00  .49410022E+00
  -.92000000E+00  .46373104E+00
  -.88000000E+00  .43250787E+00
  -.84000000E+00  .40037883E+00
  -.80000000E+00  .36728745E+00
  -.76000000E+00  .33317222E+00
  -.72000000E+00  .29796611E+00
  -.68000000E+00  .26159586E+00
  -.64000000E+00  .22398123E+00
  -.60000000E+00  .18503413E+00
  -.56000000E+00  .14465766E+00
  -.52000000E+00  .10274497E+00
  -.48000000E+00  .59177921E-01
  -.44000000E+00  .13825569E-01
  -.40000000E+00 -.33457651E-01
  -.36000000E+00 -.82834008E-01
  -.32000000E+00 -.13448498E+00
  -.28000000E+00 -.18861417E+00
  -.24000000E+00 -.24545080E+00
  -.20000000E+00 -.30525392E+00
  -.16000000E+00 -.36831737E+00
  -.12000000E+00 -.43497593E+00
  -.80000000E-01 -.50561264E+00
  -.40000000E-01 -.58066789E+00
   .12351231E-14 -.66065060E+00
   .40000000E-01 -.74615206E+00
   .80000000E-01 -.83786342E+00
   .12000000E+00 -.93659766E+00
   .16000000E+00 -.10433177E+01
   .20000000E+00 -.11591727E+01
   .24000000E+00 -.12855456E+01
   .28000000E+00 -.14241155E+01
   .32000000E+00 -.15769414E+01
   .36000000E+00 -.17465769E+01
   .40000000E+00 -.19362273E+01
   .44000000E+00 -.21499727E+01
   .48000000E+00 -.23930876E+01
   .52000000E+00 -.26725130E+01
   .56000000E+00 -.29975714E+01
   .60000000E+00 -.33810838E+01
   .64000000E+00 -.38411815E+01
   .68000000E+00 -.44043729E+01
   .72000000E+00 -.51110137E+01
   .76000000E+00 -.60257088E+01
   .80000000E+00 -.72587445E+01
   .84000000E+00 -.90151386E+01
   .88000000E+00 -.11724169E+02
   .92000000E+00 -.16461430E+02
   .96000000E+00 -.26899382E+02
   .10000000E+01 -.69077798E+02
   .10400000E+01  .13441714E+03
   .10800000E+01  .34899148E+02
   .11200000E+01  .20308115E+02
   .11600000E+01  .14436287E+02
   .12000000E+01  .11260981E+02
   .12400000E+01  .92681449E+01
   .12800000E+01  .78984753E+01
   .13200000E+01  .68973294E+01
   .13600000E+01  .61321469E+01
   .14000000E+01  .55271175E+01
   .14400000E+01  .50357478E+01
   .14800000E+01  .46279384E+01
   .15200000E+01  .42833432E+01
   .15600000E+01  .39877144E+01
   .16000000E+01  .37307769E+01
   .16400000E+01  .35049334E+01
   .16800000E+01  .33044452E+01
   .17200000E+01  .31248964E+01
   .17600000E+01  .29628333E+01
   .18000000E+01  .28155156E+01
   .18400000E+01  .26807412E+01
   .18800000E+01  .25567197E+01
   .19200000E+01  .24419807E+01
   .19600000E+01  .23353051E+01
   .20000000E+01  .22356732E+01
Core Pot   L  =        2.00000   -.30000
  -.20000000E+01  .14252895E+01
  -.19600000E+01  .14114820E+01
  -.19200000E+01  .13975517E+01
  -.18800000E+01  .13834957E+01
  -.18400000E+01  .13693108E+01
  -.18000000E+01  .13549939E+01
  -.17600000E+01  .13405416E+01
  -.17200000E+01  .13259504E+01
  -.16800000E+01  .13112169E+01
  -.16400000E+01  .12963371E+01
  -.16000000E+01  .12813074E+01
  -.15600000E+01  .12661235E+01
  -.15200000E+01  .12507814E+01
  -.14800000E+01  .12352765E+01
  -.14400000E+01  .12196045E+01
  -.14000000E+01  .12037604E+01
  -.13600000E+01  .11877393E+01
  -.13200000E+01  .11715361E+01
  -.12800000E+01  .11551453E+01
  -.12400000E+01  .11385612E+01
  -.12000000E+01  .11217781E+01
  -.11600000E+01  .11047895E+01
  -.11200000E+01  .10875892E+01
  -.10800000E+01  .10701703E+01
  -.10400000E+01  .10525257E+01
  -.10000000E+01  .10346479E+01
  -.96000000E+00  .10165292E+01
  -.92000000E+00  .99816129E+00
  -.88000000E+00  .97953558E+00
  -.84000000E+00  .96064299E+00
  -.80000000E+00  .94147399E+00
  -.76000000E+00  .92201851E+00
  -.72000000E+00  .90226598E+00
  -.68000000E+00  .88220521E+00
  -.64000000E+00  .86182443E+00
  -.60000000E+00  .84111119E+00
  -.56000000E+00  .82005231E+00
  -.52000000E+00  .79863387E+00
  -.48000000E+00  .77684112E+00
  -.44000000E+00  .75465841E+00
  -.40000000E+00  .73206917E+00
  -.36000000E+00  .70905576E+00
  -.32000000E+00  .68559946E+00
  -.28000000E+00  .66168032E+00
  -.24000000E+00  .63727711E+00
  -.20000000E+00  .61236717E+00
  -.16000000E+00  .58692632E+00
  -.12000000E+00  .56092869E+00
  -.80000000E-01  .53434662E+00
  -.40000000E-01  .50715044E+00
   .12351231E-14  .47930834E+00
   .40000000E-01  .45078611E+00
   .80000000E-01  .42154698E+00
   .12000000E+00  .39155131E+00
   .16000000E+00  .36075630E+00
   .20000000E+00  .32911574E+00
   .24000000E+00  .29657957E+00
   .28000000E+00  .26309351E+00
   .32000000E+00  .22859861E+00
   .36000000E+00  .19303072E+00
   .40000000E+00  .15631988E+00
   .44000000E+00  .11838967E+00
   .48000000E+00  .79156433E-01
   .52000000E+00  .38528376E-01
   .56000000E+00 -.35954262E-02
   .60000000E+00 -.47326219E-01
   .64000000E+00 -.92786925E-01
   .68000000E+00 -.14011373E+00
   .72000000E+00 -.18945792E+00
   .76000000E+00 -.24098806E+00
   .80000000E+00 -.29489253E+00
   .84000000E+00 -.35138255E+00
   .88000000E+00 -.41069575E+00
   .92000000E+00 -.47310046E+00
   .96000000E+00 -.53890083E+00
   .10000000E+01 -.60844306E+00
   .10400000E+01 -.68212290E+00
   .10800000E+01 -.76039495E+00
   .11200000E+01 -.84378393E+00
   .11600000E+01 -.93289889E+00
   .12000000E+01 -.10284508E+01
   .12400000E+01 -.11312748E+01
   .12800000E+01 -.12423589E+01
   .13200000E+01 -.13628802E+01
   .13600000E+01 -.14942526E+01
   .14000000E+01 -.16381899E+01
   .14400000E+01 -.17967895E+01
   .14800000E+01 -.19726462E+01
   .15200000E+01 -.21690091E+01
   .15600000E+01 -.23900018E+01
   .16000000E+01 -.26409378E+01
   .16400000E+01 -.29287837E+01
   .16800000E+01 -.32628560E+01
   .17200000E+01 -.36559034E+01
   .17600000E+01 -.41258484E+01
   .18000000E+01 -.46987080E+01
   .18400000E+01 -.54137464E+01
   .18800000E+01 -.63331359E+01
   .19200000E+01 -.75615181E+01
   .19600000E+01 -.92897370E+01
   .20000000E+01 -.11906627E+02
Potential  L  =        2.00000   -.30000
  -.20000000E+01  .14258583E+01
  -.19600000E+01  .14120417E+01
  -.19200000E+01  .13981019E+01
  -.18800000E+01  .13840359E+01
  -.18400000E+01  .13698407E+01
  -.18000000E+01  .13555131E+01
  -.17600000E+01  .13410496E+01
  -.17200000E+01  .13264469E+01
  -.16800000E+01  .13117013E+01
  -.16400000E+01  .12968091E+01
  -.16000000E+01  .12817664E+01
  -.15600000E+01  .12665692E+01
  -.15200000E+01  .12512133E+01
  -.14800000E+01  .12356942E+01
  -.14400000E+01  .12200075E+01
  -.14000000E+01  .12041483E+01
  -.13600000E+01  .11881117E+01
  -.13200000E+01  .11718926E+01
  -.12800000E+01  .11554854E+01
  -.12400000E+01  .11388847E+01
  -.12000000E+01  .11220845E+01
  -.11600000E+01  .11050786E+01
  -.11200000E+01  .10878605E+01
  -.10800000E+01  .10704236E+01
  -.10400000E+01  .10527608E+01
  -.10000000E+01  .10348646E+01
  -.96000000E+00  .10167274E+01
  -.92000000E+00  .99834086E+00
  -.88000000E+00  .97969654E+00
  -.84000000E+00  .96078541E+00
  -.80000000E+00  .94159803E+00
  -.76000000E+00  .92212444E+00
  -.72000000E+00  .90235418E+00
  -.68000000E+00  .88227621E+00
  -.64000000E+00  .86187888E+00
  -.60000000E+00  .84114993E+00
  -.56000000E+00  .82007637E+00
  -.52000000E+00  .79864449E+00
  -.48000000E+00  .77683978E+00
  -.44000000E+00  .75464689E+00
  -.40000000E+00  .73204952E+00
  -.36000000E+00  .70903041E+00
  -.32000000E+00  .68557120E+00
  -.28000000E+00  .66165241E+00
  -.24000000E+00  .63725330E+00
  -.20000000E+00  .61235176E+00
  -.16000000E+00  .58692425E+00
  -.12000000E+00  .56094563E+00
  -.80000000E-01  .53438901E+00
  -.40000000E-01  .50722566E+00
   .12351231E-14  .47942477E+00
   .40000000E-01  .45095333E+00
   .80000000E-01  .42177585E+00
   .12000000E+00  .39185419E+00
   .16000000E+00  .36114725E+00
   .20000000E+00  .32961073E+00
   .24000000E+00  .29719676E+00
   .28000000E+00  .26385356E+00
   .32000000E+00  .22952500E+00
   .36000000E+00  .19415018E+00
   .40000000E+00  .15766285E+00
   .44000000E+00  .11999084E+00
   .48000000E+00  .81055385E-01
   .52000000E+00  .40770322E-01
   .56000000E+00 -.95878424E-03
   .60000000E+00 -.44235672E-01
   .64000000E+00 -.89174558E-01
   .68000000E+00 -.13590151E+00
   .72000000E+00 -.18455601E+00
   .76000000E+00 -.23529284E+00
   .80000000E+00 -.28828417E+00
   .84000000E+00 -.34372218E+00
   .88000000E+00 -.40182198E+00
   .92000000E+00 -.46282516E+00
   .96000000E+00 -.52700406E+00
   .10000000E+01 -.59466676E+00
   .10400000E+01 -.66616322E+00
   .10800000E+01 -.74189262E+00
   .11200000E+01 -.82231236E+00
   .11600000E+01 -.90794910E+00
   .12000000E+01 -.99941239E+00
   .12400000E+01 -.10974117E+01
   .12800000E+01 -.12027777E+01
   .13200000E+01 -.13164896E+01
   .13600000E+01 -.14397094E+01
   .14000000E+01 -.15738273E+01
   .14400000E+01 -.17205203E+01
   .14800000E+01 -.18818302E+01
   .15200000E+01 -.20602686E+01
   .15600000E+01 -.22589606E+01
   .16000000E+01 -.24818441E+01
   .16400000E+01 -.27339521E+01
   .16800000E+01 -.30218232E+01
   .17200000E+01 -.33541089E+01
   .17600000E+01 -.37425027E+01
   .18000000E+01 -.42032065E+01
   .18400000E+01 -.47593350E+01
   .18800000E+01 -.54450430E+01
   .19200000E+01 -.63130111E+01
   .19600000E+01 -.74489772E+01
   .20000000E+01 -.90024913E+01
Core Pot   L  =        3.00000    .00000
  -.20000000E+01  .18114251E+01
  -.19600000E+01  .18009531E+01
  -.19200000E+01  .17904299E+01
  -.18800000E+01  .17798547E+01
  -.18400000E+01  .17692268E+01
  -.18000000E+01  .17585455E+01
  -.17600000E+01  .17478102E+01
  -.17200000E+01  .17370201E+01
  -.16800000E+01  .17261743E+01
  -.16400000E+01  .17152723E+01
  -.16000000E+01  .17043132E+01
  -.15600000E+01  .16932962E+01
  -.15200000E+01  .16822204E+01
  -.14800000E+01  .16710852E+01
  -.14400000E+01  .16598895E+01
  -.14000000E+01  .16486326E+01
  -.13600000E+01  .16373136E+01
  -.13200000E+01  .16259315E+01
  -.12800000E+01  .16144855E+01
  -.12400000E+01  .16029746E+01
  -.12000000E+01  .15913978E+01
  -.11600000E+01  .15797541E+01
  -.11200000E+01  .15680425E+01
  -.10800000E+01  .15562621E+01
  -.10400000E+01  .15444117E+01
  -.10000000E+01  .15324903E+01
  -.96000000E+00  .15204967E+01
  -.92000000E+00  .15084298E+01
  -.88000000E+00  .14962884E+01
  -.84000000E+00  .14840715E+01
  -.80000000E+00  .14717777E+01
  -.76000000E+00  .14594058E+01
  -.72000000E+00  .14469545E+01
  -.68000000E+00  .14344225E+01
  -.64000000E+00  .14218086E+01
  -.60000000E+00  .14091112E+01
  -.56000000E+00  .13963290E+01
  -.52000000E+00  .13834606E+01
  -.48000000E+00  .13705044E+01
  -.44000000E+00  .13574590E+01
  -.40000000E+00  .13443227E+01
  -.36000000E+00  .13310941E+01
  -.32000000E+00  .13177714E+01
  -.28000000E+00  .13043529E+01
  -.24000000E+00  .12908370E+01
  -.20000000E+00  .12772218E+01
  -.16000000E+00  .12635056E+01
  -.12000000E+00  .12496864E+01
  -.80000000E-01  .12357623E+01
  -.40000000E-01  .12217313E+01
   .12351231E-14  .12075914E+01
   .40000000E-01  .11933406E+01
   .80000000E-01  .11789765E+01
   .12000000E+00  .11644971E+01
   .16000000E+00  .11499001E+01
   .20000000E+00  .11351830E+01
   .24000000E+00  .11203435E+01
   .28000000E+00  .11053791E+01
   .32000000E+00  .10902872E+01
   .36000000E+00  .10750652E+01
   .40000000E+00  .10597103E+01
   .44000000E+00  .10442197E+01
   .48000000E+00  .10285906E+01
   .52000000E+00  .10128200E+01
   .56000000E+00  .99690471E+00
   .60000000E+00  .98084164E+00
   .64000000E+00  .96462748E+00
   .68000000E+00  .94825884E+00
   .72000000E+00  .93173223E+00
   .76000000E+00  .91504403E+00
   .80000000E+00  .89819049E+00
   .84000000E+00  .88116776E+00
   .88000000E+00  .86397183E+00
   .92000000E+00  .84659859E+00
   .96000000E+00  .82904374E+00
   .10000000E+01  .81130287E+00
   .10400000E+01  .79337139E+00
   .10800000E+01  .77524456E+00
   .11200000E+01  .75691744E+00
   .11600000E+01  .73838496E+00
   .12000000E+01  .71964181E+00
   .12400000E+01  .70068251E+00
   .12800000E+01  .68150139E+00
   .13200000E+01  .66209252E+00
   .13600000E+01  .64244978E+00
   .14000000E+01  .62256680E+00
   .14400000E+01  .60243695E+00
   .14800000E+01  .58205336E+00
   .15200000E+01  .56140885E+00
   .15600000E+01  .54049600E+00
   .16000000E+01  .51930703E+00
   .16400000E+01  .49783387E+00
   .16800000E+01  .47606812E+00
   .17200000E+01  .45400099E+00
   .17600000E+01  .43162334E+00
   .18000000E+01  .40892564E+00
   .18400000E+01  .38589791E+00
   .18800000E+01  .36252976E+00
   .19200000E+01  .33881031E+00
   .19600000E+01  .31472820E+00
   .20000000E+01  .29027154E+00
Potential  L  =        3.00000    .00000
  -.20000000E+01  .18122898E+01
  -.19600000E+01  .18018219E+01
  -.19200000E+01  .17913026E+01
  -.18800000E+01  .17807313E+01
  -.18400000E+01  .17701072E+01
  -.18000000E+01  .17594297E+01
  -.17600000E+01  .17486980E+01
  -.17200000E+01  .17379114E+01
  -.16800000E+01  .17270692E+01
  -.16400000E+01  .17161705E+01
  -.16000000E+01  .17052146E+01
  -.15600000E+01  .16942008E+01
  -.15200000E+01  .16831280E+01
  -.14800000E+01  .16719956E+01
  -.14400000E+01  .16608027E+01
  -.14000000E+01  .16495484E+01
  -.13600000E+01  .16382318E+01
  -.13200000E+01  .16268520E+01
  -.12800000E+01  .16154081E+01
  -.12400000E+01  .16038990E+01
  -.12000000E+01  .15923239E+01
  -.11600000E+01  .15806818E+01
  -.11200000E+01  .15689715E+01
  -.10800000E+01  .15571921E+01
  -.10400000E+01  .15453425E+01
  -.10000000E+01  .15334216E+01
  -.96000000E+00  .15214283E+01
  -.92000000E+00  .15093614E+01
  -.88000000E+00  .14972198E+01
  -.84000000E+00  .14850023E+01
  -.80000000E+00  .14727075E+01
  -.76000000E+00  .14603344E+01
  -.72000000E+00  .14478814E+01
  -.68000000E+00  .14353475E+01
  -.64000000E+00  .14227311E+01
  -.60000000E+00  .14100309E+01
  -.56000000E+00  .13972454E+01
  -.52000000E+00  .13843732E+01
  -.48000000E+00  .13714128E+01
  -.44000000E+00  .13583627E+01
  -.40000000E+00  .13452212E+01
  -.36000000E+00  .13319867E+01
  -.32000000E+00  .13186576E+01
  -.28000000E+00  .13052321E+01
  -.24000000E+00  .12917085E+01
  -.20000000E+00  .12780849E+01
  -.16000000E+00  .12643596E+01
  -.12000000E+00  .12505306E+01
  -.80000000E-01  .12365958E+01
  -.40000000E-01  .12225534E+01
   .12351231E-14  .12084013E+01
   .40000000E-01  .11941372E+01
   .80000000E-01  .11797590E+01
   .12000000E+00  .11652645E+01
   .16000000E+00  .11506512E+01
   .20000000E+00  .11359168E+01
   .24000000E+00  .11210589E+01
   .28000000E+00  .11060748E+01
   .32000000E+00  .10909620E+01
   .36000000E+00  .10757177E+01
   .40000000E+00  .10603391E+01
   .44000000E+00  .10448235E+01
   .48000000E+00  .10291677E+01
   .52000000E+00  .10133688E+01
   .56000000E+00  .99742357E+00
   .60000000E+00  .98132875E+00
   .64000000E+00  .96508098E+00
   .68000000E+00  .94867677E+00
   .72000000E+00  .93211252E+00
   .76000000E+00  .91538451E+00
   .80000000E+00  .89848890E+00
   .84000000E+00  .88142170E+00
   .88000000E+00  .86417880E+00
   .92000000E+00  .84675593E+00
   .96000000E+00  .82914869E+00
   .10000000E+01  .81135249E+00
   .10400000E+01  .79336262E+00
   .10800000E+01  .77517415E+00
   .11200000E+01  .75678200E+00
   .11600000E+01  .73818090E+00
   .12000000E+01  .71936536E+00
   .12400000E+01  .70032971E+00
   .12800000E+01  .68106804E+00
   .13200000E+01  .66157422E+00
   .13600000E+01  .64184188E+00
   .14000000E+01  .62186440E+00
   .14400000E+01  .60163489E+00
   .14800000E+01  .58114618E+00
   .15200000E+01  .56039081E+00
   .15600000E+01  .53936101E+00
   .16000000E+01  .51804869E+00
   .16400000E+01  .49644541E+00
   .16800000E+01  .47454238E+00
   .17200000E+01  .45233040E+00
   .17600000E+01  .42979995E+00
   .18000000E+01  .40694094E+00
   .18400000E+01  .38374295E+00
   .18800000E+01  .36019505E+00
   .19200000E+01  .33628575E+00
   .19600000E+01  .31200321E+00
   .20000000E+01  .28733482E+00
Core Pot   L  =        4.00000    .00000
  -.20000000E+01  .21894685E+01
  -.19600000E+01  .21808457E+01
  -.19200000E+01  .21721943E+01
  -.18800000E+01  .21635140E+01
  -.18400000E+01  .21548045E+01
  -.18000000E+01  .21460657E+01
  -.17600000E+01  .21372972E+01
  -.17200000E+01  .21284987E+01
  -.16800000E+01  .21196701E+01
  -.16400000E+01  .21108109E+01
  -.16000000E+01  .21019210E+01
  -.15600000E+01  .20930000E+01
  -.15200000E+01  .20840476E+01
  -.14800000E+01  .20750636E+01
  -.14400000E+01  .20660477E+01
  -.14000000E+01  .20569995E+01
  -.13600000E+01  .20479187E+01
  -.13200000E+01  .20388051E+01
  -.12800000E+01  .20296583E+01
  -.12400000E+01  .20204780E+01
  -.12000000E+01  .20112638E+01
  -.11600000E+01  .20020155E+01
  -.11200000E+01  .19927327E+01
  -.10800000E+01  .19834150E+01
  -.10400000E+01  .19740622E+01
  -.10000000E+01  .19646738E+01
  -.96000000E+00  .19552495E+01
  -.92000000E+00  .19457889E+01
  -.88000000E+00  .19362917E+01
  -.84000000E+00  .19267576E+01
  -.80000000E+00  .19171860E+01
  -.76000000E+00  .19075767E+01
  -.72000000E+00  .18979292E+01
  -.68000000E+00  .18882431E+01
  -.64000000E+00  .18785181E+01
  -.60000000E+00  .18687537E+01
  -.56000000E+00  .18589496E+01
  -.52000000E+00  .18491052E+01
  -.48000000E+00  .18392202E+01
  -.44000000E+00  .18292940E+01
  -.40000000E+00  .18193264E+01
  -.36000000E+00  .18093168E+01
  -.32000000E+00  .17992647E+01
  -.28000000E+00  .17891698E+01
  -.24000000E+00  .17790314E+01
  -.20000000E+00  .17688492E+01
  -.16000000E+00  .17586226E+01
  -.12000000E+00  .17483512E+01
  -.80000000E-01  .17380344E+01
  -.40000000E-01  .17276717E+01
   .12351231E-14  .17172626E+01
   .40000000E-01  .17068066E+01
   .80000000E-01  .16963031E+01
   .12000000E+00  .16857515E+01
   .16000000E+00  .16751513E+01
   .20000000E+00  .16645020E+01
   .24000000E+00  .16538029E+01
   .28000000E+00  .16430534E+01
   .32000000E+00  .16322530E+01
   .36000000E+00  .16214010E+01
   .40000000E+00  .16104967E+01
   .44000000E+00  .15995397E+01
   .48000000E+00  .15885291E+01
   .52000000E+00  .15774644E+01
   .56000000E+00  .15663449E+01
   .60000000E+00  .15551698E+01
   .64000000E+00  .15439385E+01
   .68000000E+00  .15326503E+01
   .72000000E+00  .15213044E+01
   .76000000E+00  .15099001E+01
   .80000000E+00  .14984366E+01
   .84000000E+00  .14869133E+01
   .88000000E+00  .14753292E+01
   .92000000E+00  .14636836E+01
   .96000000E+00  .14519757E+01
   .10000000E+01  .14402046E+01
   .10400000E+01  .14283695E+01
   .10800000E+01  .14164696E+01
   .11200000E+01  .14045038E+01
   .11600000E+01  .13924715E+01
   .12000000E+01  .13803715E+01
   .12400000E+01  .13682030E+01
   .12800000E+01  .13559651E+01
   .13200000E+01  .13436567E+01
   .13600000E+01  .13312769E+01
   .14000000E+01  .13188246E+01
   .14400000E+01  .13062988E+01
   .14800000E+01  .12936984E+01
   .15200000E+01  .12810224E+01
   .15600000E+01  .12682697E+01
   .16000000E+01  .12554390E+01
   .16400000E+01  .12425293E+01
   .16800000E+01  .12295393E+01
   .17200000E+01  .12164680E+01
   .17600000E+01  .12033139E+01
   .18000000E+01  .11900759E+01
   .18400000E+01  .11767527E+01
   .18800000E+01  .11633429E+01
   .19200000E+01  .11498453E+01
   .19600000E+01  .11362584E+01
   .20000000E+01  .11225807E+01
Potential  L  =        4.00000    .00000
  -.20000000E+01  .21901684E+01
  -.19600000E+01  .21815517E+01
  -.19200000E+01  .21729064E+01
  -.18800000E+01  .21642322E+01
  -.18400000E+01  .21555291E+01
  -.18000000E+01  .21467966E+01
  -.17600000E+01  .21380345E+01
  -.17200000E+01  .21292425E+01
  -.16800000E+01  .21204204E+01
  -.16400000E+01  .21115679E+01
  -.16000000E+01  .21026847E+01
  -.15600000E+01  .20937705E+01
  -.15200000E+01  .20848250E+01
  -.14800000E+01  .20758480E+01
  -.14400000E+01  .20668390E+01
  -.14000000E+01  .20577980E+01
  -.13600000E+01  .20487244E+01
  -.13200000E+01  .20396181E+01
  -.12800000E+01  .20304786E+01
  -.12400000E+01  .20213057E+01
  -.12000000E+01  .20120991E+01
  -.11600000E+01  .20028584E+01
  -.11200000E+01  .19935833E+01
  -.10800000E+01  .19842734E+01
  -.10400000E+01  .19749284E+01
  -.10000000E+01  .19655480E+01
  -.96000000E+00  .19561318E+01
  -.92000000E+00  .19466794E+01
  -.88000000E+00  .19371904E+01
  -.84000000E+00  .19276646E+01
  -.80000000E+00  .19181015E+01
  -.76000000E+00  .19085006E+01
  -.72000000E+00  .18988618E+01
  -.68000000E+00  .18891845E+01
  -.64000000E+00  .18794683E+01
  -.60000000E+00  .18697128E+01
  -.56000000E+00  .18599176E+01
  -.52000000E+00  .18500824E+01
  -.48000000E+00  .18402066E+01
  -.44000000E+00  .18302898E+01
  -.40000000E+00  .18203315E+01
  -.36000000E+00  .18103314E+01
  -.32000000E+00  .18002890E+01
  -.28000000E+00  .17902038E+01
  -.24000000E+00  .17800752E+01
  -.20000000E+00  .17699030E+01
  -.16000000E+00  .17596865E+01
  -.12000000E+00  .17494252E+01
  -.80000000E-01  .17391187E+01
  -.40000000E-01  .17287664E+01
   .12351231E-14  .17183678E+01
   .40000000E-01  .17079223E+01
   .80000000E-01  .16974295E+01
   .12000000E+00  .16868888E+01
   .16000000E+00  .16762996E+01
   .20000000E+00  .16656613E+01
   .24000000E+00  .16549733E+01
   .28000000E+00  .16442352E+01
   .32000000E+00  .16334461E+01
   .36000000E+00  .16226057E+01
   .40000000E+00  .16117131E+01
   .44000000E+00  .16007678E+01
   .48000000E+00  .15897692E+01
   .52000000E+00  .15787165E+01
   .56000000E+00  .15676090E+01
   .60000000E+00  .15564462E+01
   .64000000E+00  .15452273E+01
   .68000000E+00  .15339516E+01
   .72000000E+00  .15226183E+01
   .76000000E+00  .15112268E+01
   .80000000E+00  .14997762E+01
   .84000000E+00  .14882659E+01
   .88000000E+00  .14766949E+01
   .92000000E+00  .14650626E+01
   .96000000E+00  .14533680E+01
   .10000000E+01  .14416105E+01
   .10400000E+01  .14297890E+01
   .10800000E+01  .14179028E+01
   .11200000E+01  .14059510E+01
   .11600000E+01  .13939327E+01
   .12000000E+01  .13818469E+01
   .12400000E+01  .13696927E+01
   .12800000E+01  .13574691E+01
   .13200000E+01  .13451753E+01
   .13600000E+01  .13328101E+01
   .14000000E+01  .13203726E+01
   .14400000E+01  .13078618E+01
   .14800000E+01  .12952764E+01
   .15200000E+01  .12826156E+01
   .15600000E+01  .12698781E+01
   .16000000E+01  .12570629E+01
   .16400000E+01  .12441687E+01
   .16800000E+01  .12311944E+01
   .17200000E+01  .12181388E+01
   .17600000E+01  .12050007E+01
   .18000000E+01  .11917787E+01
   .18400000E+01  .11784716E+01
   .18800000E+01  .11650781E+01
   .19200000E+01  .11515968E+01
   .19600000E+01  .11380263E+01
   .20000000E+01  .11243653E+01
KBPotential  L  =       .00000  -1.59877
  -.20000000E+01  .79287991E+00
  -.19600000E+01  .76763504E+00
  -.19200000E+01  .74180467E+00
  -.18800000E+01  .71535843E+00
  -.18400000E+01  .68826370E+00
  -.18000000E+01  .66048542E+00
  -.17600000E+01  .63198582E+00
  -.17200000E+01  .60272417E+00
  -.16800000E+01  .57265648E+00
  -.16400000E+01  .54173517E+00
  -.16000000E+01  .50990868E+00
  -.15600000E+01  .47712105E+00
  -.15200000E+01  .44331145E+00
  -.14800000E+01  .40841361E+00
  -.14400000E+01  .37235523E+00
  -.14000000E+01  .33505721E+00
  -.13600000E+01  .29643283E+00
  -.13200000E+01  .25638707E+00
  -.12800000E+01  .21481508E+00
  -.12400000E+01  .17160137E+00
  -.12000000E+01  .12661795E+00
  -.11600000E+01  .79723081E-01
  -.11200000E+01  .30759057E-01
  -.10800000E+01 -.20450052E-01
  -.10400000E+01 -.74101104E-01
  -.10000000E+01 -.13041510E+00
  -.96000000E+00 -.18964102E+00
  -.92000000E+00 -.25206040E+00
  -.88000000E+00 -.31799284E+00
  -.84000000E+00 -.38780266E+00
  -.80000000E+00 -.46190709E+00
  -.76000000E+00 -.54078615E+00
  -.72000000E+00 -.62499500E+00
  -.68000000E+00 -.71517925E+00
  -.64000000E+00 -.81209418E+00
  -.60000000E+00 -.91662907E+00
  -.56000000E+00 -.10298384E+01
  -.52000000E+00 -.11529819E+01
  -.48000000E+00 -.12875773E+01
  -.44000000E+00 -.14354701E+01
  -.40000000E+00 -.15989265E+01
  -.36000000E+00 -.17807614E+01
  -.32000000E+00 -.19845149E+01
  -.28000000E+00 -.22147013E+01
  -.24000000E+00 -.24771706E+01
  -.20000000E+00 -.27796404E+01
  -.16000000E+00 -.31325069E+01
  -.12000000E+00 -.35501177E+01
  -.80000000E-01 -.40528457E+01
  -.40000000E-01 -.46706237E+01
   .12351231E-14 -.54492972E+01
   .40000000E-01 -.64628206E+01
   .80000000E-01 -.78386991E+01
   .12000000E+00 -.98171754E+01
   .16000000E+00 -.12911188E+02
   .20000000E+00 -.18446593E+02
   .24000000E+00 -.31229306E+02
   .28000000E+00 -.92755747E+02
   .32000000E+00  .10414420E+03
   .36000000E+00  .34234278E+02
   .40000000E+00  .20782040E+02
   .44000000E+00  .15061807E+02
   .48000000E+00  .11891278E+02
   .52000000E+00  .98735759E+01
   .56000000E+00  .84746172E+01
   .60000000E+00  .74460744E+01
   .64000000E+00  .66568092E+01
   .68000000E+00  .60310386E+01
   .72000000E+00  .55219146E+01
   .76000000E+00  .50989174E+01
   .80000000E+00  .47413119E+01
   .84000000E+00  .44345172E+01
   .88000000E+00  .41679807E+01
   .92000000E+00  .39338770E+01
   .96000000E+00  .37262799E+01
   .10000000E+01  .35406189E+01
   .10400000E+01  .33733137E+01
   .10800000E+01  .32215177E+01
   .11200000E+01  .30829408E+01
   .11600000E+01  .29557179E+01
   .12000000E+01  .28383165E+01
   .12400000E+01  .27294644E+01
   .12800000E+01  .26280969E+01
   .13200000E+01  .25333164E+01
   .13600000E+01  .24443601E+01
   .14000000E+01  .23605762E+01
   .14400000E+01  .22814037E+01
   .14800000E+01  .22063577E+01
   .15200000E+01  .21350163E+01
   .15600000E+01  .20670110E+01
   .16000000E+01  .20020182E+01
   .16400000E+01  .19397526E+01
   .16800000E+01  .18799618E+01
   .17200000E+01  .18224209E+01
   .17600000E+01  .17669298E+01
   .18000000E+01  .17133093E+01
   .18400000E+01  .16613981E+01
   .18800000E+01  .16110509E+01
   .19200000E+01  .15621369E+01
   .19600000E+01  .15145368E+01
   .20000000E+01  .14681425E+01
KBPotential  L  =      1.00000   -.61295
  -.20000000E+01  .10812788E+01
  -.19600000E+01  .10628745E+01
  -.19200000E+01  .10442059E+01
  -.18800000E+01  .10252637E+01
  -.18400000E+01  .10060380E+01
  -.18000000E+01  .98651861E+00
  -.17600000E+01  .96669450E+00
  -.17200000E+01  .94655426E+00
  -.16800000E+01  .92608578E+00
  -.16400000E+01  .90527628E+00
  -.16000000E+01  .88411228E+00
  -.15600000E+01  .86257948E+00
  -.15200000E+01  .84066278E+00
  -.14800000E+01  .81834620E+00
  -.14400000E+01  .79561276E+00
  -.14000000E+01  .77244447E+00
  -.13600000E+01  .74882222E+00
  -.13200000E+01  .72472569E+00
  -.12800000E+01  .70013323E+00
  -.12400000E+01  .67502182E+00
  -.12000000E+01  .64936688E+00
  -.11600000E+01  .62314216E+00
  -.11200000E+01  .59631962E+00
  -.10800000E+01  .56886924E+00
  -.10400000E+01  .54075885E+00
  -.10000000E+01  .51195395E+00
  -.96000000E+00  .48241747E+00
  -.92000000E+00  .45210952E+00
  -.88000000E+00  .42098714E+00
  -.84000000E+00  .38900397E+00
  -.80000000E+00  .35610995E+00
  -.76000000E+00  .32225086E+00
  -.72000000E+00  .28736796E+00
  -.68000000E+00  .25139744E+00
  -.64000000E+00  .21426991E+00
  -.60000000E+00  .17590974E+00
  -.56000000E+00  .13623436E+00
  -.52000000E+00  .95153379E-01
  -.48000000E+00  .52567743E-01
  -.44000000E+00  .83685700E-02
  -.40000000E+00 -.37564058E-01
  -.36000000E+00 -.85362558E-01
  -.32000000E+00 -.13517351E+00
  -.28000000E+00 -.18715961E+00
  -.24000000E+00 -.24150209E+00
  -.20000000E+00 -.29840295E+00
  -.16000000E+00 -.35808864E+00
  -.12000000E+00 -.42081378E+00
  -.80000000E-01 -.48686525E+00
  -.40000000E-01 -.55656820E+00
   .12351231E-14 -.63029173E+00
   .40000000E-01 -.70845735E+00
   .80000000E-01 -.79154839E+00
   .12000000E+00 -.88012173E+00
   .16000000E+00 -.97482245E+00
   .20000000E+00 -.10764020E+01
   .24000000E+00 -.11857411E+01
   .28000000E+00 -.13038788E+01
   .32000000E+00 -.14320497E+01
   .36000000E+00 -.15717324E+01
   .40000000E+00 -.17247130E+01
   .44000000E+00 -.18931692E+01
   .48000000E+00 -.20797839E+01
   .52000000E+00 -.22879014E+01
   .56000000E+00 -.25217437E+01
   .60000000E+00 -.27867198E+01
   .64000000E+00 -.30898733E+01
   .68000000E+00 -.34405517E+01
   .72000000E+00 -.38514316E+01
   .76000000E+00 -.43401457E+01
   .80000000E+00 -.49319687E+01
   .84000000E+00 -.56644590E+01
   .88000000E+00 -.65959552E+01
   .92000000E+00 -.78222545E+01
   .96000000E+00 -.95124270E+01
   .10000000E+01 -.11995436E+02
   .10400000E+01 -.16007688E+02
   .10800000E+01 -.23606772E+02
   .11200000E+01 -.43544160E+02
   .11600000E+01 -.23708064E+03
   .12000000E+01  .71733342E+02
   .12400000E+01  .31680862E+02
   .12800000E+01  .20531804E+02
   .13200000E+01  .15288867E+02
   .13600000E+01  .12237808E+02
   .14000000E+01  .10239038E+02
   .14400000E+01  .88262407E+01
   .14800000E+01  .77731412E+01
   .15200000E+01  .69566635E+01
   .15600000E+01  .63041175E+01
   .16000000E+01  .57698085E+01
   .16400000E+01  .53235696E+01
   .16800000E+01  .49446823E+01
   .17200000E+01  .46184454E+01
   .17600000E+01  .43341385E+01
   .18000000E+01  .40837595E+01
   .18400000E+01  .38612144E+01
   .18800000E+01  .36617805E+01
   .19200000E+01  .34817405E+01
   .19600000E+01  .33181291E+01
   .20000000E+01  .31685511E+01
KBPotential  L  =      2.00000    .00000
  -.20000000E+01  .14258583E+01
  -.19600000E+01  .14120417E+01
  -.19200000E+01  .13981019E+01
  -.18800000E+01  .13840359E+01
  -.18400000E+01  .13698407E+01
  -.18000000E+01  .13555131E+01
  -.17600000E+01  .13410496E+01
  -.17200000E+01  .13264469E+01
  -.16800000E+01  .13117013E+01
  -.16400000E+01  .12968091E+01
  -.16000000E+01  .12817664E+01
  -.15600000E+01  .12665692E+01
  -.15200000E+01  .12512133E+01
  -.14800000E+01  .12356942E+01
  -.14400000E+01  .12200075E+01
  -.14000000E+01  .12041483E+01
  -.13600000E+01  .11881117E+01
  -.13200000E+01  .11718926E+01
  -.12800000E+01  .11554854E+01
  -.12400000E+01  .11388847E+01
  -.12000000E+01  .11220845E+01
  -.11600000E+01  .11050786E+01
  -.11200000E+01  .10878605E+01
  -.10800000E+01  .10704236E+01
  -.10400000E+01  .10527608E+01
  -.10000000E+01  .10348646E+01
  -.96000000E+00  .10167274E+01
  -.92000000E+00  .99834086E+00
  -.88000000E+00  .97969654E+00
  -.84000000E+00  .96078541E+00
  -.80000000E+00  .94159803E+00
  -.76000000E+00  .92212444E+00
  -.72000000E+00  .90235418E+00
  -.68000000E+00  .88227621E+00
  -.64000000E+00  .86187888E+00
  -.60000000E+00  .84114993E+00
  -.56000000E+00  .82007637E+00
  -.52000000E+00  .79864449E+00
  -.48000000E+00  .77683978E+00
  -.44000000E+00  .75464689E+00
  -.40000000E+00  .73204952E+00
  -.36000000E+00  .70903041E+00
  -.32000000E+00  .68557120E+00
  -.28000000E+00  .66165241E+00
  -.24000000E+00  .63725330E+00
  -.20000000E+00  .61235176E+00
  -.16000000E+00  .58692425E+00
  -.12000000E+00  .56094563E+00
  -.80000000E-01  .53438901E+00
  -.40000000E-01  .50722566E+00
   .12351231E-14  .47942477E+00
   .40000000E-01  .45095333E+00
   .80000000E-01  .42177585E+00
   .12000000E+00  .39185419E+00
   .16000000E+00  .36114725E+00
   .20000000E+00  .32961073E+00
   .24000000E+00  .29719676E+00
   .28000000E+00  .26385356E+00
   .32000000E+00  .22952500E+00
   .36000000E+00  .19415018E+00
   .40000000E+00  .15766285E+00
   .44000000E+00  .11999084E+00
   .48000000E+00  .81055385E-01
   .52000000E+00  .40770322E-01
   .56000000E+00 -.95878424E-03
   .60000000E+00 -.44235672E-01
   .64000000E+00 -.89174558E-01
   .68000000E+00 -.13590151E+00
   .72000000E+00 -.18455601E+00
   .76000000E+00 -.23529284E+00
   .80000000E+00 -.28828417E+00
   .84000000E+00 -.34372218E+00
   .88000000E+00 -.40182198E+00
   .92000000E+00 -.46282516E+00
   .96000000E+00 -.52700406E+00
   .10000000E+01 -.59466676E+00
   .10400000E+01 -.66616322E+00
   .10800000E+01 -.74189262E+00
   .11200000E+01 -.82231236E+00
   .11600000E+01 -.90794910E+00
   .12000000E+01 -.99941239E+00
   .12400000E+01 -.10974117E+01
   .12800000E+01 -.12027777E+01
   .13200000E+01 -.13164896E+01
   .13600000E+01 -.14397094E+01
   .14000000E+01 -.15738273E+01
   .14400000E+01 -.17205203E+01
   .14800000E+01 -.18818302E+01
   .15200000E+01 -.20602686E+01
   .15600000E+01 -.22589606E+01
   .16000000E+01 -.24818441E+01
   .16400000E+01 -.27339521E+01
   .16800000E+01 -.30218232E+01
   .17200000E+01 -.33541089E+01
   .17600000E+01 -.37425027E+01
   .18000000E+01 -.42032065E+01
   .18400000E+01 -.47593350E+01
   .18800000E+01 -.54450430E+01
   .19200000E+01 -.63130111E+01
   .19600000E+01 -.74489772E+01
   .20000000E+01 -.90024913E+01
KBPotential  L  =      3.00000    .00000
  -.20000000E+01  .18122898E+01
  -.19600000E+01  .18018219E+01
  -.19200000E+01  .17913026E+01
  -.18800000E+01  .17807313E+01
  -.18400000E+01  .17701072E+01
  -.18000000E+01  .17594297E+01
  -.17600000E+01  .17486980E+01
  -.17200000E+01  .17379114E+01
  -.16800000E+01  .17270692E+01
  -.16400000E+01  .17161705E+01
  -.16000000E+01  .17052146E+01
  -.15600000E+01  .16942008E+01
  -.15200000E+01  .16831280E+01
  -.14800000E+01  .16719956E+01
  -.14400000E+01  .16608027E+01
  -.14000000E+01  .16495484E+01
  -.13600000E+01  .16382318E+01
  -.13200000E+01  .16268520E+01
  -.12800000E+01  .16154081E+01
  -.12400000E+01  .16038990E+01
  -.12000000E+01  .15923239E+01
  -.11600000E+01  .15806818E+01
  -.11200000E+01  .15689715E+01
  -.10800000E+01  .15571921E+01
  -.10400000E+01  .15453425E+01
  -.10000000E+01  .15334216E+01
  -.96000000E+00  .15214283E+01
  -.92000000E+00  .15093614E+01
  -.88000000E+00  .14972198E+01
  -.84000000E+00  .14850023E+01
  -.80000000E+00  .14727075E+01
  -.76000000E+00  .14603344E+01
  -.72000000E+00  .14478814E+01
  -.68000000E+00  .14353475E+01
  -.64000000E+00  .14227311E+01
  -.60000000E+00  .14100309E+01
  -.56000000E+00  .13972454E+01
  -.52000000E+00  .13843732E+01
  -.48000000E+00  .13714128E+01
  -.44000000E+00  .13583627E+01
  -.40000000E+00  .13452212E+01
  -.36000000E+00  .13319867E+01
  -.32000000E+00  .13186576E+01
  -.28000000E+00  .13052321E+01
  -.24000000E+00  .12917085E+01
  -.20000000E+00  .12780849E+01
  -.16000000E+00  .12643596E+01
  -.12000000E+00  .12505306E+01
  -.80000000E-01  .12365958E+01
  -.40000000E-01  .12225534E+01
   .12351231E-14  .12084013E+01
   .40000000E-01  .11941372E+01
   .80000000E-01  .11797590E+01
   .12000000E+00  .11652645E+01
   .16000000E+00  .11506512E+01
   .20000000E+00  .11359168E+01
   .24000000E+00  .11210589E+01
   .28000000E+00  .11060748E+01
   .32000000E+00  .10909620E+01
   .36000000E+00  .10757177E+01
   .40000000E+00  .10603391E+01
   .44000000E+00  .10448235E+01
   .48000000E+00  .10291677E+01
   .52000000E+00  .10133688E+01
   .56000000E+00  .99742357E+00
   .60000000E+00  .98132875E+00
   .64000000E+00  .96508098E+00
   .68000000E+00  .94867677E+00
   .72000000E+00  .93211252E+00
   .76000000E+00  .91538451E+00
   .80000000E+00  .89848890E+00
   .84000000E+00  .88142170E+00
   .88000000E+00  .86417880E+00
   .92000000E+00  .84675593E+00
   .96000000E+00  .82914869E+00
   .10000000E+01  .81135249E+00
   .10400000E+01  .79336262E+00
   .10800000E+01  .77517415E+00
   .11200000E+01  .75678200E+00
   .11600000E+01  .73818090E+00
   .12000000E+01  .71936536E+00
   .12400000E+01  .70032971E+00
   .12800000E+01  .68106804E+00
   .13200000E+01  .66157422E+00
   .13600000E+01  .64184188E+00
   .14000000E+01  .62186440E+00
   .14400000E+01  .60163489E+00
   .14800000E+01  .58114618E+00
   .15200000E+01  .56039081E+00
   .15600000E+01  .53936101E+00
   .16000000E+01  .51804869E+00
   .16400000E+01  .49644541E+00
   .16800000E+01  .47454238E+00
   .17200000E+01  .45233040E+00
   .17600000E+01  .42979995E+00
   .18000000E+01  .40694094E+00
   .18400000E+01  .38374295E+00
   .18800000E+01  .36019505E+00
   .19200000E+01  .33628575E+00
   .19600000E+01  .31200321E+00
   .20000000E+01  .28733482E+00
KBPotential  L  =      4.00000    .00000
  -.20000000E+01  .21901684E+01
  -.19600000E+01  .21815517E+01
  -.19200000E+01  .21729064E+01
  -.18800000E+01  .21642322E+01
  -.18400000E+01  .21555291E+01
  -.18000000E+01  .21467966E+01
  -.17600000E+01  .21380345E+01
  -.17200000E+01  .21292425E+01
  -.16800000E+01  .21204204E+01
  -.16400000E+01  .21115679E+01
  -.16000000E+01  .21026847E+01
  -.15600000E+01  .20937705E+01
  -.15200000E+01  .20848250E+01
  -.14800000E+01  .20758480E+01
  -.14400000E+01  .20668390E+01
  -.14000000E+01  .20577980E+01
  -.13600000E+01  .20487244E+01
  -.13200000E+01  .20396181E+01
  -.12800000E+01  .20304786E+01
  -.12400000E+01  .20213057E+01
  -.12000000E+01  .20120991E+01
  -.11600000E+01  .20028584E+01
  -.11200000E+01  .19935833E+01
  -.10800000E+01  .19842734E+01
  -.10400000E+01  .19749284E+01
  -.10000000E+01  .19655480E+01
  -.96000000E+00  .19561318E+01
  -.92000000E+00  .19466794E+01
  -.88000000E+00  .19371904E+01
  -.84000000E+00  .19276646E+01
  -.80000000E+00  .19181015E+01
  -.76000000E+00  .19085006E+01
  -.72000000E+00  .18988618E+01
  -.68000000E+00  .18891845E+01
  -.64000000E+00  .18794683E+01
  -.60000000E+00  .18697128E+01
  -.56000000E+00  .18599176E+01
  -.52000000E+00  .18500824E+01
  -.48000000E+00  .18402066E+01
  -.44000000E+00  .18302898E+01
  -.40000000E+00  .18203315E+01
  -.36000000E+00  .18103314E+01
  -.32000000E+00  .18002890E+01
  -.28000000E+00  .17902038E+01
  -.24000000E+00  .17800752E+01
  -.20000000E+00  .17699030E+01
  -.16000000E+00  .17596865E+01
  -.12000000E+00  .17494252E+01
  -.80000000E-01  .17391187E+01
  -.40000000E-01  .17287664E+01
   .12351231E-14  .17183678E+01
   .40000000E-01  .17079223E+01
   .80000000E-01  .16974295E+01
   .12000000E+00  .16868888E+01
   .16000000E+00  .16762996E+01
   .20000000E+00  .16656613E+01
   .24000000E+00  .16549733E+01
   .28000000E+00  .16442352E+01
   .32000000E+00  .16334461E+01
   .36000000E+00  .16226057E+01
   .40000000E+00  .16117131E+01
   .44000000E+00  .16007678E+01
   .48000000E+00  .15897692E+01
   .52000000E+00  .15787165E+01
   .56000000E+00  .15676090E+01
   .60000000E+00  .15564462E+01
   .64000000E+00  .15452273E+01
   .68000000E+00  .15339516E+01
   .72000000E+00  .15226183E+01
   .76000000E+00  .15112268E+01
   .80000000E+00  .14997762E+01
   .84000000E+00  .14882659E+01
   .88000000E+00  .14766949E+01
   .92000000E+00  .14650626E+01
   .96000000E+00  .14533680E+01
   .10000000E+01  .14416105E+01
   .10400000E+01  .14297890E+01
   .10800000E+01  .14179028E+01
   .11200000E+01  .14059510E+01
   .11600000E+01  .13939327E+01
   .12000000E+01  .13818469E+01
   .12400000E+01  .13696927E+01
   .12800000E+01  .13574691E+01
   .13200000E+01  .13451753E+01
   .13600000E+01  .13328101E+01
   .14000000E+01  .13203726E+01
   .14400000E+01  .13078618E+01
   .14800000E+01  .12952764E+01
   .15200000E+01  .12826156E+01
   .15600000E+01  .12698781E+01
   .16000000E+01  .12570629E+01
   .16400000E+01  .12441687E+01
   .16800000E+01  .12311944E+01
   .17200000E+01  .12181388E+01
   .17600000E+01  .12050007E+01
   .18000000E+01  .11917787E+01
   .18400000E+01  .11784716E+01
   .18800000E+01  .11650781E+01
   .19200000E+01  .11515968E+01
   .19600000E+01  .11380263E+01
   .20000000E+01  .11243653E+01
