  PAW Zr                                 
 100
Core Pot   L  =         .00000  -3.84588
  -.30000000E+01  .15418141E+01
  -.29500000E+01  .15213440E+01
  -.29000000E+01  .15010956E+01
  -.28500000E+01  .14810035E+01
  -.28000000E+01  .14610136E+01
  -.27500000E+01  .14410808E+01
  -.27000000E+01  .14211668E+01
  -.26500000E+01  .14012385E+01
  -.26000000E+01  .13812670E+01
  -.25500000E+01  .13612268E+01
  -.25000000E+01  .13410948E+01
  -.24500000E+01  .13208502E+01
  -.24000000E+01  .13004736E+01
  -.23500000E+01  .12799469E+01
  -.23000000E+01  .12592533E+01
  -.22500000E+01  .12383762E+01
  -.22000000E+01  .12173001E+01
  -.21500000E+01  .11960096E+01
  -.21000000E+01  .11744894E+01
  -.20500000E+01  .11527245E+01
  -.20000000E+01  .11306999E+01
  -.19500000E+01  .11084004E+01
  -.19000000E+01  .10858104E+01
  -.18500000E+01  .10629144E+01
  -.18000000E+01  .10396959E+01
  -.17500000E+01  .10161385E+01
  -.17000000E+01  .99222468E+00
  -.16500000E+01  .96793660E+00
  -.16000000E+01  .94325548E+00
  -.15500000E+01  .91816167E+00
  -.15000000E+01  .89263458E+00
  -.14500000E+01  .86665252E+00
  -.14000000E+01  .84019259E+00
  -.13500000E+01  .81323060E+00
  -.13000000E+01  .78574087E+00
  -.12500000E+01  .75769616E+00
  -.12000000E+01  .72906745E+00
  -.11500000E+01  .69982381E+00
  -.11000000E+01  .66993218E+00
  -.10500000E+01  .63935717E+00
  -.10000000E+01  .60806085E+00
  -.95000000E+00  .57600245E+00
  -.90000000E+00  .54313809E+00
  -.85000000E+00  .50942045E+00
  -.80000000E+00  .47479843E+00
  -.75000000E+00  .43921670E+00
  -.70000000E+00  .40261527E+00
  -.65000000E+00  .36492895E+00
  -.60000000E+00  .32608675E+00
  -.55000000E+00  .28601122E+00
  -.50000000E+00  .24461768E+00
  -.45000000E+00  .20181333E+00
  -.40000000E+00  .15749619E+00
  -.35000000E+00  .11155400E+00
  -.30000000E+00  .63862806E-01
  -.25000000E+00  .14285411E-01
  -.20000000E+00 -.37330488E-01
  -.15000000E+00 -.91154446E-01
  -.10000000E+00 -.14737581E+00
  -.50000000E-01 -.20620671E+00
  -.22898350E-14 -.26788563E+00
   .50000000E-01 -.33268167E+00
   .10000000E+00 -.40089960E+00
   .15000000E+00 -.47288607E+00
   .20000000E+00 -.54903704E+00
   .25000000E+00 -.62980694E+00
   .30000000E+00 -.71571990E+00
   .35000000E+00 -.80738369E+00
   .40000000E+00 -.90550716E+00
   .45000000E+00 -.10109222E+01
   .50000000E+00 -.11246116E+01
   .55000000E+00 -.12477454E+01
   .60000000E+00 -.13817270E+01
   .65000000E+00 -.15282553E+01
   .70000000E+00 -.16894062E+01
   .75000000E+00 -.18677441E+01
   .80000000E+00 -.20664742E+01
   .85000000E+00 -.22896561E+01
   .90000000E+00 -.25425094E+01
   .95000000E+00 -.28318600E+01
   .10000000E+01 -.31668095E+01
   .10500000E+01 -.35597701E+01
   .11000000E+01 -.40281214E+01
   .11500000E+01 -.45969715E+01
   .12000000E+01 -.53039911E+01
   .12500000E+01 -.62083951E+01
   .13000000E+01 -.74089139E+01
   .13500000E+01 -.90833589E+01
   .14000000E+01 -.11587627E+02
   .14500000E+01 -.15753126E+02
   .15000000E+01 -.24079262E+02
   .15500000E+01 -.49125593E+02
   .16000000E+01  .79765057E+04
   .16500000E+01  .50021906E+02
   .17000000E+01  .25437631E+02
   .17500000E+01  .17196367E+02
   .18000000E+01  .13059754E+02
   .18500000E+01  .10567958E+02
   .19000000E+01  .88993333E+01
   .19500000E+01  .77013280E+01
   .20000000E+01  .67975270E+01
Potential  L  =         .00000  -3.84588
  -.30000000E+01  .15335369E+01
  -.29500000E+01  .15109208E+01
  -.29000000E+01  .14885672E+01
  -.28500000E+01  .14663897E+01
  -.28000000E+01  .14443166E+01
  -.27500000E+01  .14222869E+01
  -.27000000E+01  .14002481E+01
  -.26500000E+01  .13781540E+01
  -.26000000E+01  .13559632E+01
  -.25500000E+01  .13336382E+01
  -.25000000E+01  .13111442E+01
  -.24500000E+01  .12884483E+01
  -.24000000E+01  .12655192E+01
  -.23500000E+01  .12423264E+01
  -.23000000E+01  .12188399E+01
  -.22500000E+01  .11950298E+01
  -.22000000E+01  .11708658E+01
  -.21500000E+01  .11463170E+01
  -.21000000E+01  .11213517E+01
  -.20500000E+01  .10959368E+01
  -.20000000E+01  .10700376E+01
  -.19500000E+01  .10436175E+01
  -.19000000E+01  .10166377E+01
  -.18500000E+01  .98905669E+00
  -.18000000E+01  .96082986E+00
  -.17500000E+01  .93190912E+00
  -.17000000E+01  .90224233E+00
  -.16500000E+01  .87177274E+00
  -.16000000E+01  .84043829E+00
  -.15500000E+01  .80817091E+00
  -.15000000E+01  .77489561E+00
  -.14500000E+01  .74052945E+00
  -.14000000E+01  .70498041E+00
  -.13500000E+01  .66814592E+00
  -.13000000E+01  .62991129E+00
  -.12500000E+01  .59014767E+00
  -.12000000E+01  .54870979E+00
  -.11500000E+01  .50543308E+00
  -.11000000E+01  .46013033E+00
  -.10500000E+01  .41258748E+00
  -.10000000E+01  .36255856E+00
  -.95000000E+00  .30975955E+00
  -.90000000E+00  .25386033E+00
  -.85000000E+00  .19447493E+00
  -.80000000E+00  .13114927E+00
  -.75000000E+00  .63345092E-01
  -.70000000E+00 -.95805407E-02
  -.65000000E+00 -.88402186E-01
  -.60000000E+00 -.17406166E+00
  -.55000000E+00 -.26771598E+00
  -.50000000E+00 -.37080270E+00
  -.45000000E+00 -.48513075E+00
  -.40000000E+00 -.61300889E+00
  -.35000000E+00 -.75743146E+00
  -.30000000E+00 -.92235368E+00
  -.25000000E+00 -.11131112E+01
  -.20000000E+00 -.13370805E+01
  -.15000000E+00 -.16047584E+01
  -.10000000E+00 -.19316083E+01
  -.50000000E-01 -.23413930E+01
  -.22898350E-14 -.28726067E+01
   .50000000E-01 -.35919881E+01
   .10000000E+00 -.46262472E+01
   .15000000E+00 -.62489542E+01
   .20000000E+00 -.91801236E+01
   .25000000E+00 -.16124551E+02
   .30000000E+00 -.53773089E+02
   .35000000E+00  .45673729E+02
   .40000000E+00  .16687946E+02
   .45000000E+00  .10429360E+02
   .50000000E+00  .76859606E+01
   .55000000E+00  .61393484E+01
   .60000000E+00  .51423576E+01
   .65000000E+00  .44430981E+01
   .70000000E+00  .39231466E+01
   .75000000E+00  .35194858E+01
   .80000000E+00  .31954928E+01
   .85000000E+00  .29284286E+01
   .90000000E+00  .27034268E+01
   .95000000E+00  .25103568E+01
   .10000000E+01  .23420762E+01
   .10500000E+01  .21934035E+01
   .11000000E+01  .20604873E+01
   .11500000E+01  .19404046E+01
   .12000000E+01  .18308961E+01
   .12500000E+01  .17301868E+01
   .13000000E+01  .16368623E+01
   .13500000E+01  .15497811E+01
   .14000000E+01  .14680105E+01
   .14500000E+01  .13907814E+01
   .15000000E+01  .13174515E+01
   .15500000E+01  .12474793E+01
   .16000000E+01  .11804085E+01
   .16500000E+01  .11158462E+01
   .17000000E+01  .10534542E+01
   .17500000E+01  .99293835E+00
   .18000000E+01  .93404128E+00
   .18500000E+01  .87653607E+00
   .19000000E+01  .82022114E+00
   .19500000E+01  .76491619E+00
   .20000000E+01  .71045879E+00
Core Pot   L  =        1.00000  -2.24428
  -.30000000E+01  .14252557E+01
  -.29500000E+01  .13985333E+01
  -.29000000E+01  .13700454E+01
  -.28500000E+01  .13394158E+01
  -.28000000E+01  .13061450E+01
  -.27500000E+01  .12695559E+01
  -.27000000E+01  .12287059E+01
  -.26500000E+01  .11822428E+01
  -.26000000E+01  .11281531E+01
  -.25500000E+01  .10633019E+01
  -.25000000E+01  .98252344E+00
  -.24500000E+01  .87665652E+00
  -.24000000E+01  .72775194E+00
  -.23500000E+01  .49520400E+00
  -.23000000E+01  .63504652E-01
  -.22500000E+01 -.10783286E+01
  -.22000000E+01 -.15589098E+02
  -.21500000E+01  .47505552E+01
  -.21000000E+01  .28629584E+01
  -.20500000E+01  .22958347E+01
  -.20000000E+01  .20151879E+01
  -.19500000E+01  .18430190E+01
  -.19000000E+01  .17234149E+01
  -.18500000E+01  .16331959E+01
  -.18000000E+01  .15610179E+01
  -.17500000E+01  .15006715E+01
  -.17000000E+01  .14484707E+01
  -.16500000E+01  .14020878E+01
  -.16000000E+01  .13599793E+01
  -.15500000E+01  .13210800E+01
  -.15000000E+01  .12846304E+01
  -.14500000E+01  .12500730E+01
  -.14000000E+01  .12169887E+01
  -.13500000E+01  .11850553E+01
  -.13000000E+01  .11540205E+01
  -.12500000E+01  .11236826E+01
  -.12000000E+01  .10938783E+01
  -.11500000E+01  .10644728E+01
  -.11000000E+01  .10353534E+01
  -.10500000E+01  .10064242E+01
  -.10000000E+01  .97760277E+00
  -.95000000E+00  .94881681E+00
  -.90000000E+00  .92000235E+00
  -.85000000E+00  .89110185E+00
  -.80000000E+00  .86206282E+00
  -.75000000E+00  .83283672E+00
  -.70000000E+00  .80337810E+00
  -.65000000E+00  .77364380E+00
  -.60000000E+00  .74359232E+00
  -.55000000E+00  .71318333E+00
  -.50000000E+00  .68237714E+00
  -.45000000E+00  .65113429E+00
  -.40000000E+00  .61941519E+00
  -.35000000E+00  .58717977E+00
  -.30000000E+00  .55438709E+00
  -.25000000E+00  .52099507E+00
  -.20000000E+00  .48696016E+00
  -.15000000E+00  .45223699E+00
  -.10000000E+00  .41677802E+00
  -.50000000E-01  .38053326E+00
  -.22898350E-14  .34344984E+00
   .50000000E-01  .30547162E+00
   .10000000E+00  .26653878E+00
   .15000000E+00  .22658734E+00
   .20000000E+00  .18554863E+00
   .25000000E+00  .14334872E+00
   .30000000E+00  .99907807E-01
   .35000000E+00  .55139433E-01
   .40000000E+00  .89497085E-02
   .45000000E+00 -.38763624E-01
   .50000000E+00 -.88112253E-01
   .55000000E+00 -.13921850E+00
   .60000000E+00 -.19221672E+00
   .65000000E+00 -.24725490E+00
   .70000000E+00 -.30449652E+00
   .75000000E+00 -.36412273E+00
   .80000000E+00 -.42633485E+00
   .85000000E+00 -.49135739E+00
   .90000000E+00 -.55944153E+00
   .95000000E+00 -.63086929E+00
   .10000000E+01 -.70595849E+00
   .10500000E+01 -.78506867E+00
   .11000000E+01 -.86860830E+00
   .11500000E+01 -.95704342E+00
   .12000000E+01 -.10509083E+01
   .12500000E+01 -.11508183E+01
   .13000000E+01 -.12574863E+01
   .13500000E+01 -.13717425E+01
   .14000000E+01 -.14945600E+01
   .14500000E+01 -.16270868E+01
   .15000000E+01 -.17706873E+01
   .15500000E+01 -.19269955E+01
   .16000000E+01 -.20979859E+01
   .16500000E+01 -.22860664E+01
   .17000000E+01 -.24942045E+01
   .17500000E+01 -.27261007E+01
   .18000000E+01 -.29864290E+01
   .18500000E+01 -.32811803E+01
   .19000000E+01 -.36181614E+01
   .19500000E+01 -.40077401E+01
   .20000000E+01 -.44639890E+01
Potential  L  =        1.00000  -2.24428
  -.30000000E+01  .13503010E+01
  -.29500000E+01  .13176974E+01
  -.29000000E+01  .12825685E+01
  -.28500000E+01  .12443907E+01
  -.28000000E+01  .12024778E+01
  -.27500000E+01  .11559133E+01
  -.27000000E+01  .11034437E+01
  -.26500000E+01  .10433081E+01
  -.26000000E+01  .97295131E+00
  -.25500000E+01  .88851929E+00
  -.25000000E+01  .78391135E+00
  -.24500000E+01  .64886270E+00
  -.24000000E+01  .46465953E+00
  -.23500000E+01  .19318490E+00
  -.23000000E+01 -.25702915E+00
  -.22500000E+01 -.11744159E+01
  -.22000000E+01 -.41928686E+01
  -.21500000E+01  .34912882E+02
  -.21000000E+01  .55331134E+01
  -.20500000E+01  .35626769E+01
  -.20000000E+01  .28350853E+01
  -.19500000E+01  .24501357E+01
  -.19000000E+01  .22078257E+01
  -.18500000E+01  .20383917E+01
  -.18000000E+01  .19111321E+01
  -.17500000E+01  .18104300E+01
  -.17000000E+01  .17274948E+01
  -.16500000E+01  .16570008E+01
  -.16000000E+01  .15955313E+01
  -.15500000E+01  .15407928E+01
  -.15000000E+01  .14911871E+01
  -.14500000E+01  .14455657E+01
  -.14000000E+01  .14030807E+01
  -.13500000E+01  .13630922E+01
  -.13000000E+01  .13251070E+01
  -.12500000E+01  .12887380E+01
  -.12000000E+01  .12536767E+01
  -.11500000E+01  .12196731E+01
  -.11000000E+01  .11865222E+01
  -.10500000E+01  .11540532E+01
  -.10000000E+01  .11221220E+01
  -.95000000E+00  .10906060E+01
  -.90000000E+00  .10593988E+01
  -.85000000E+00  .10284077E+01
  -.80000000E+00  .99755052E+00
  -.75000000E+00  .96675351E+00
  -.70000000E+00  .93594988E+00
  -.65000000E+00  .90507824E+00
  -.60000000E+00  .87408156E+00
  -.55000000E+00  .84290617E+00
  -.50000000E+00  .81150094E+00
  -.45000000E+00  .77981666E+00
  -.40000000E+00  .74780535E+00
  -.35000000E+00  .71541980E+00
  -.30000000E+00  .68261300E+00
  -.25000000E+00  .64933775E+00
  -.20000000E+00  .61554619E+00
  -.15000000E+00  .58118940E+00
  -.10000000E+00  .54621699E+00
  -.50000000E-01  .51057667E+00
  -.22898350E-14  .47421382E+00
   .50000000E-01  .43707107E+00
   .10000000E+00  .39908784E+00
   .15000000E+00  .36019964E+00
   .20000000E+00  .32033785E+00
   .25000000E+00  .27942884E+00
   .30000000E+00  .23739339E+00
   .35000000E+00  .19414582E+00
   .40000000E+00  .14959348E+00
   .45000000E+00  .10363528E+00
   .50000000E+00  .56160930E-01
   .55000000E+00  .70495018E-02
   .60000000E+00 -.43831931E-01
   .65000000E+00 -.96630052E-01
   .70000000E+00 -.15150727E+00
   .75000000E+00 -.20864403E+00
   .80000000E+00 -.26824155E+00
   .85000000E+00 -.33052496E+00
   .90000000E+00 -.39574725E+00
   .95000000E+00 -.46419372E+00
   .10000000E+01 -.53618754E+00
   .10500000E+01 -.61209630E+00
   .11000000E+01 -.69234008E+00
   .11500000E+01 -.77740137E+00
   .12000000E+01 -.86783716E+00
   .12500000E+01 -.96429405E+00
   .13000000E+01 -.10675272E+01
   .13500000E+01 -.11784244E+01
   .14000000E+01 -.12980362E+01
   .14500000E+01 -.14276160E+01
   .15000000E+01 -.15686709E+01
   .15500000E+01 -.17230298E+01
   .16000000E+01 -.18929346E+01
   .16500000E+01 -.20811634E+01
   .17000000E+01 -.22912020E+01
   .17500000E+01 -.25274843E+01
   .18000000E+01 -.27957387E+01
   .18500000E+01 -.31034985E+01
   .19000000E+01 -.34608730E+01
   .19500000E+01 -.38817532E+01
   .20000000E+01 -.43857630E+01
Core Pot   L  =        2.00000   -.18347
  -.30000000E+01  .16770764E+01
  -.29500000E+01  .16617021E+01
  -.29000000E+01  .16461693E+01
  -.28500000E+01  .16304728E+01
  -.28000000E+01  .16146069E+01
  -.27500000E+01  .15985657E+01
  -.27000000E+01  .15823430E+01
  -.26500000E+01  .15659322E+01
  -.26000000E+01  .15493263E+01
  -.25500000E+01  .15325176E+01
  -.25000000E+01  .15154983E+01
  -.24500000E+01  .14982599E+01
  -.24000000E+01  .14807933E+01
  -.23500000E+01  .14630888E+01
  -.23000000E+01  .14451360E+01
  -.22500000E+01  .14269238E+01
  -.22000000E+01  .14084402E+01
  -.21500000E+01  .13896723E+01
  -.21000000E+01  .13706062E+01
  -.20500000E+01  .13512270E+01
  -.20000000E+01  .13315183E+01
  -.19500000E+01  .13114626E+01
  -.19000000E+01  .12910407E+01
  -.18500000E+01  .12702317E+01
  -.18000000E+01  .12490128E+01
  -.17500000E+01  .12273592E+01
  -.17000000E+01  .12052433E+01
  -.16500000E+01  .11826352E+01
  -.16000000E+01  .11595016E+01
  -.15500000E+01  .11358056E+01
  -.15000000E+01  .11115064E+01
  -.14500000E+01  .10865585E+01
  -.14000000E+01  .10609110E+01
  -.13500000E+01  .10345068E+01
  -.13000000E+01  .10072817E+01
  -.12500000E+01  .97916292E+00
  -.12000000E+01  .95006784E+00
  -.11500000E+01  .91990220E+00
  -.11000000E+01  .88855786E+00
  -.10500000E+01  .85591012E+00
  -.10000000E+01  .82181437E+00
  -.95000000E+00  .78610183E+00
  -.90000000E+00  .74857428E+00
  -.85000000E+00  .70899716E+00
  -.80000000E+00  .66709076E+00
  -.75000000E+00  .62251870E+00
  -.70000000E+00  .57487263E+00
  -.65000000E+00  .52365170E+00
  -.60000000E+00  .46823458E+00
  -.55000000E+00  .40784066E+00
  -.50000000E+00  .34147519E+00
  -.45000000E+00  .26785004E+00
  -.40000000E+00  .18526646E+00
  -.35000000E+00  .91436653E-01
  -.30000000E+00 -.16796480E-01
  -.25000000E+00 -.14391664E+00
  -.20000000E+00 -.29651408E+00
  -.15000000E+00 -.48468907E+00
  -.10000000E+00 -.72475034E+00
  -.50000000E-01 -.10448554E+01
  -.22898350E-14 -.14981654E+01
   .50000000E-01 -.21985292E+01
   .10000000E+00 -.34416908E+01
   .15000000E+00 -.63102178E+01
   .20000000E+00 -.20487911E+02
   .25000000E+00  .22349013E+02
   .30000000E+00  .79083216E+01
   .35000000E+00  .50175733E+01
   .40000000E+00  .37667790E+01
   .45000000E+00  .30615649E+01
   .50000000E+00  .26039552E+01
   .55000000E+00  .22794332E+01
   .60000000E+00  .20345783E+01
   .65000000E+00  .18411126E+01
   .70000000E+00  .16826624E+01
   .75000000E+00  .15490873E+01
   .80000000E+00  .14337690E+01
   .85000000E+00  .13322015E+01
   .90000000E+00  .12412083E+01
   .95000000E+00  .11584835E+01
   .10000000E+01  .10823103E+01
   .10500000E+01  .10113823E+01
   .11000000E+01  .94468563E+00
   .11500000E+01  .88141934E+00
   .12000000E+01  .82094059E+00
   .12500000E+01  .76272545E+00
   .13000000E+01  .70634082E+00
   .13500000E+01  .65142367E+00
   .14000000E+01  .59766561E+00
   .14500000E+01  .54480120E+00
   .15000000E+01  .49259886E+00
   .15500000E+01  .44085388E+00
   .16000000E+01  .38938280E+00
   .16500000E+01  .33801900E+00
   .17000000E+01  .28660902E+00
   .17500000E+01  .23500954E+00
   .18000000E+01  .18308488E+00
   .18500000E+01  .13070482E+00
   .19000000E+01  .77742682E-01
   .19500000E+01  .24073668E-01
   .20000000E+01 -.30426711E-01
Potential  L  =        2.00000   -.18347
  -.30000000E+01  .16684669E+01
  -.29500000E+01  .16527908E+01
  -.29000000E+01  .16369433E+01
  -.28500000E+01  .16209185E+01
  -.28000000E+01  .16047102E+01
  -.27500000E+01  .15883118E+01
  -.27000000E+01  .15717161E+01
  -.26500000E+01  .15549158E+01
  -.26000000E+01  .15379029E+01
  -.25500000E+01  .15206690E+01
  -.25000000E+01  .15032052E+01
  -.24500000E+01  .14855019E+01
  -.24000000E+01  .14675489E+01
  -.23500000E+01  .14493354E+01
  -.23000000E+01  .14308498E+01
  -.22500000E+01  .14120796E+01
  -.22000000E+01  .13930113E+01
  -.21500000E+01  .13736308E+01
  -.21000000E+01  .13539224E+01
  -.20500000E+01  .13338695E+01
  -.20000000E+01  .13134541E+01
  -.19500000E+01  .12926568E+01
  -.19000000E+01  .12714564E+01
  -.18500000E+01  .12498300E+01
  -.18000000E+01  .12277525E+01
  -.17500000E+01  .12051969E+01
  -.17000000E+01  .11821333E+01
  -.16500000E+01  .11585292E+01
  -.16000000E+01  .11343487E+01
  -.15500000E+01  .11095524E+01
  -.15000000E+01  .10840968E+01
  -.14500000E+01  .10579337E+01
  -.14000000E+01  .10310097E+01
  -.13500000E+01  .10032651E+01
  -.13000000E+01  .97463334E+00
  -.12500000E+01  .94503985E+00
  -.12000000E+01  .91440056E+00
  -.11500000E+01  .88262059E+00
  -.11000000E+01  .84959227E+00
  -.10500000E+01  .81519293E+00
  -.10000000E+01  .77928217E+00
  -.95000000E+00  .74169845E+00
  -.90000000E+00  .70225495E+00
  -.85000000E+00  .66073436E+00
  -.80000000E+00  .61688233E+00
  -.75000000E+00  .57039917E+00
  -.70000000E+00  .52092919E+00
  -.65000000E+00  .46804686E+00
  -.60000000E+00  .41123871E+00
  -.55000000E+00  .34987946E+00
  -.50000000E+00  .28319916E+00
  -.45000000E+00  .21023916E+00
  -.40000000E+00  .12978987E+00
  -.35000000E+00  .40303235E-01
  -.30000000E+00 -.60235359E-01
  -.25000000E+00 -.17449734E+00
  -.20000000E+00 -.30610284E+00
  -.15000000E+00 -.46008342E+00
  -.10000000E+00 -.64364498E+00
  -.50000000E-01 -.86748549E+00
  -.22898350E-14 -.11482033E+01
   .50000000E-01 -.15130176E+01
   .10000000E+00 -.20098836E+01
   .15000000E+00 -.27318896E+01
   .20000000E+00 -.38866966E+01
   .25000000E+00 -.60511730E+01
   .30000000E+00 -.11648514E+02
   .35000000E+00 -.61911217E+02
   .40000000E+00  .21762590E+02
   .45000000E+00  .97994117E+01
   .50000000E+00  .65208977E+01
   .55000000E+00  .49795788E+01
   .60000000E+00  .40781769E+01
   .65000000E+00  .34827001E+01
   .70000000E+00  .30570660E+01
   .75000000E+00  .27354220E+01
   .80000000E+00  .24820147E+01
   .85000000E+00  .22757552E+01
   .90000000E+00  .21033976E+01
   .95000000E+00  .19562021E+01
   .10000000E+01  .18281674E+01
   .10500000E+01  .17150349E+01
   .11000000E+01  .16136983E+01
   .11500000E+01  .15218358E+01
   .12000000E+01  .14376769E+01
   .12500000E+01  .13598494E+01
   .13000000E+01  .12872687E+01
   .13500000E+01  .12190671E+01
   .14000000E+01  .11545411E+01
   .14500000E+01  .10931136E+01
   .15000000E+01  .10343056E+01
   .15500000E+01  .97771530E+00
   .16000000E+01  .92300272E+00
   .16500000E+01  .86987713E+00
   .17000000E+01  .81808769E+00
   .17500000E+01  .76741610E+00
   .18000000E+01  .71767062E+00
   .18500000E+01  .66868139E+00
   .19000000E+01  .62029659E+00
   .19500000E+01  .57237931E+00
   .20000000E+01  .52480495E+00
Core Pot   L  =        3.00000    .00000
  -.30000000E+01  .19019858E+01
  -.29500000E+01  .18889906E+01
  -.29000000E+01  .18759097E+01
  -.28500000E+01  .18627413E+01
  -.28000000E+01  .18494837E+01
  -.27500000E+01  .18361352E+01
  -.27000000E+01  .18226940E+01
  -.26500000E+01  .18091582E+01
  -.26000000E+01  .17955258E+01
  -.25500000E+01  .17817948E+01
  -.25000000E+01  .17679632E+01
  -.24500000E+01  .17540288E+01
  -.24000000E+01  .17399894E+01
  -.23500000E+01  .17258427E+01
  -.23000000E+01  .17115863E+01
  -.22500000E+01  .16972178E+01
  -.22000000E+01  .16827346E+01
  -.21500000E+01  .16681340E+01
  -.21000000E+01  .16534133E+01
  -.20500000E+01  .16385696E+01
  -.20000000E+01  .16236001E+01
  -.19500000E+01  .16085016E+01
  -.19000000E+01  .15932709E+01
  -.18500000E+01  .15779047E+01
  -.18000000E+01  .15623995E+01
  -.17500000E+01  .15467518E+01
  -.17000000E+01  .15309577E+01
  -.16500000E+01  .15150135E+01
  -.16000000E+01  .14989150E+01
  -.15500000E+01  .14826579E+01
  -.15000000E+01  .14662379E+01
  -.14500000E+01  .14496502E+01
  -.14000000E+01  .14328901E+01
  -.13500000E+01  .14159525E+01
  -.13000000E+01  .13988320E+01
  -.12500000E+01  .13815232E+01
  -.12000000E+01  .13640201E+01
  -.11500000E+01  .13463167E+01
  -.11000000E+01  .13284066E+01
  -.10500000E+01  .13102829E+01
  -.10000000E+01  .12919388E+01
  -.95000000E+00  .12733665E+01
  -.90000000E+00  .12545584E+01
  -.85000000E+00  .12355062E+01
  -.80000000E+00  .12162010E+01
  -.75000000E+00  .11966337E+01
  -.70000000E+00  .11767946E+01
  -.65000000E+00  .11566732E+01
  -.60000000E+00  .11362588E+01
  -.55000000E+00  .11155396E+01
  -.50000000E+00  .10945034E+01
  -.45000000E+00  .10731372E+01
  -.40000000E+00  .10514270E+01
  -.35000000E+00  .10293580E+01
  -.30000000E+00  .10069145E+01
  -.25000000E+00  .98407952E+00
  -.20000000E+00  .96083513E+00
  -.15000000E+00  .93716200E+00
  -.10000000E+00  .91303947E+00
  -.50000000E-01  .88844531E+00
  -.22898350E-14  .86335566E+00
   .50000000E-01  .83774478E+00
   .10000000E+00  .81158495E+00
   .15000000E+00  .78484618E+00
   .20000000E+00  .75749601E+00
   .25000000E+00  .72949927E+00
   .30000000E+00  .70081769E+00
   .35000000E+00  .67140966E+00
   .40000000E+00  .64122974E+00
   .45000000E+00  .61022826E+00
   .50000000E+00  .57835078E+00
   .55000000E+00  .54553751E+00
   .60000000E+00  .51172258E+00
   .65000000E+00  .47683326E+00
   .70000000E+00  .44078903E+00
   .75000000E+00  .40350044E+00
   .80000000E+00  .36486787E+00
   .85000000E+00  .32477999E+00
   .90000000E+00  .28311194E+00
   .95000000E+00  .23972321E+00
   .10000000E+01  .19445503E+00
   .10500000E+01  .14712730E+00
   .11000000E+01  .97534794E-01
   .11500000E+01  .45442627E-01
   .12000000E+01 -.94194327E-02
   .12500000E+01 -.67363908E-01
   .13000000E+01 -.12875431E+00
   .13500000E+01 -.19401609E+00
   .14000000E+01 -.26365047E+00
   .14500000E+01 -.33825232E+00
   .15000000E+01 -.41853313E+00
   .15500000E+01 -.50535133E+00
   .16000000E+01 -.59975243E+00
   .16500000E+01 -.70302317E+00
   .17000000E+01 -.81676565E+00
   .17500000E+01 -.94300056E+00
   .18000000E+01 -.10843139E+01
   .18500000E+01 -.12440699E+01
   .19000000E+01 -.14267285E+01
   .19500000E+01 -.16383314E+01
   .20000000E+01 -.18872729E+01
Potential  L  =        3.00000    .00000
  -.30000000E+01  .19038181E+01
  -.29500000E+01  .18908890E+01
  -.29000000E+01  .18778771E+01
  -.28500000E+01  .18647808E+01
  -.28000000E+01  .18515985E+01
  -.27500000E+01  .18383287E+01
  -.27000000E+01  .18249697E+01
  -.26500000E+01  .18115198E+01
  -.26000000E+01  .17979773E+01
  -.25500000E+01  .17843403E+01
  -.25000000E+01  .17706071E+01
  -.24500000E+01  .17567756E+01
  -.24000000E+01  .17428440E+01
  -.23500000E+01  .17288102E+01
  -.23000000E+01  .17146720E+01
  -.22500000E+01  .17004274E+01
  -.22000000E+01  .16860740E+01
  -.21500000E+01  .16716096E+01
  -.21000000E+01  .16570318E+01
  -.20500000E+01  .16423380E+01
  -.20000000E+01  .16275258E+01
  -.19500000E+01  .16125926E+01
  -.19000000E+01  .15975354E+01
  -.18500000E+01  .15823516E+01
  -.18000000E+01  .15670382E+01
  -.17500000E+01  .15515922E+01
  -.17000000E+01  .15360103E+01
  -.16500000E+01  .15202894E+01
  -.16000000E+01  .15044261E+01
  -.15500000E+01  .14884168E+01
  -.15000000E+01  .14722578E+01
  -.14500000E+01  .14559455E+01
  -.14000000E+01  .14394758E+01
  -.13500000E+01  .14228446E+01
  -.13000000E+01  .14060478E+01
  -.12500000E+01  .13890808E+01
  -.12000000E+01  .13719390E+01
  -.11500000E+01  .13546176E+01
  -.11000000E+01  .13371117E+01
  -.10500000E+01  .13194160E+01
  -.10000000E+01  .13015250E+01
  -.95000000E+00  .12834330E+01
  -.90000000E+00  .12651342E+01
  -.85000000E+00  .12466222E+01
  -.80000000E+00  .12278907E+01
  -.75000000E+00  .12089327E+01
  -.70000000E+00  .11897412E+01
  -.65000000E+00  .11703088E+01
  -.60000000E+00  .11506275E+01
  -.55000000E+00  .11306893E+01
  -.50000000E+00  .11104856E+01
  -.45000000E+00  .10900072E+01
  -.40000000E+00  .10692446E+01
  -.35000000E+00  .10481880E+01
  -.30000000E+00  .10268268E+01
  -.25000000E+00  .10051499E+01
  -.20000000E+00  .98314561E+00
  -.15000000E+00  .96080162E+00
  -.10000000E+00  .93810492E+00
  -.50000000E-01  .91504175E+00
  -.22898350E-14  .89159756E+00
   .50000000E-01  .86775695E+00
   .10000000E+00  .84350358E+00
   .15000000E+00  .81882013E+00
   .20000000E+00  .79368821E+00
   .25000000E+00  .76808826E+00
   .30000000E+00  .74199947E+00
   .35000000E+00  .71539969E+00
   .40000000E+00  .68826527E+00
   .45000000E+00  .66057099E+00
   .50000000E+00  .63228986E+00
   .55000000E+00  .60339301E+00
   .60000000E+00  .57384951E+00
   .65000000E+00  .54362616E+00
   .70000000E+00  .51268728E+00
   .75000000E+00  .48099467E+00
   .80000000E+00  .44850662E+00
   .85000000E+00  .41517865E+00
   .90000000E+00  .38096252E+00
   .95000000E+00  .34580597E+00
   .10000000E+01  .30965232E+00
   .10500000E+01  .27244000E+00
   .11000000E+01  .23410199E+00
   .11500000E+01  .19456516E+00
   .12000000E+01  .15374962E+00
   .12500000E+01  .11156784E+00
   .13000000E+01  .67923585E-01
   .13500000E+01  .22711570E-01
   .14000000E+01 -.24184947E-01
   .14500000E+01 -.72894831E-01
   .15000000E+01 -.12356095E+00
   .15500000E+01 -.17634214E+00
   .16000000E+01 -.23141552E+00
   .16500000E+01 -.28897922E+00
   .17000000E+01 -.34925559E+00
   .17500000E+01 -.41249507E+00
   .18000000E+01 -.47898077E+00
   .18500000E+01 -.54903401E+00
   .19000000E+01 -.62302104E+00
   .19500000E+01 -.70136116E+00
   .20000000E+01 -.78453678E+00
Core Pot   L  =        4.00000    .00000
  -.30000000E+01  .21480334E+01
  -.29500000E+01  .21367059E+01
  -.29000000E+01  .21253235E+01
  -.28500000E+01  .21138854E+01
  -.28000000E+01  .21023908E+01
  -.27500000E+01  .20908389E+01
  -.27000000E+01  .20792289E+01
  -.26500000E+01  .20675600E+01
  -.26000000E+01  .20558314E+01
  -.25500000E+01  .20440422E+01
  -.25000000E+01  .20321914E+01
  -.24500000E+01  .20202783E+01
  -.24000000E+01  .20083018E+01
  -.23500000E+01  .19962611E+01
  -.23000000E+01  .19841552E+01
  -.22500000E+01  .19719830E+01
  -.22000000E+01  .19597435E+01
  -.21500000E+01  .19474358E+01
  -.21000000E+01  .19350588E+01
  -.20500000E+01  .19226113E+01
  -.20000000E+01  .19100923E+01
  -.19500000E+01  .18975005E+01
  -.19000000E+01  .18848349E+01
  -.18500000E+01  .18720942E+01
  -.18000000E+01  .18592772E+01
  -.17500000E+01  .18463826E+01
  -.17000000E+01  .18334091E+01
  -.16500000E+01  .18203554E+01
  -.16000000E+01  .18072201E+01
  -.15500000E+01  .17940018E+01
  -.15000000E+01  .17806990E+01
  -.14500000E+01  .17673104E+01
  -.14000000E+01  .17538342E+01
  -.13500000E+01  .17402691E+01
  -.13000000E+01  .17266133E+01
  -.12500000E+01  .17128652E+01
  -.12000000E+01  .16990231E+01
  -.11500000E+01  .16850852E+01
  -.11000000E+01  .16710498E+01
  -.10500000E+01  .16569149E+01
  -.10000000E+01  .16426787E+01
  -.95000000E+00  .16283392E+01
  -.90000000E+00  .16138944E+01
  -.85000000E+00  .15993421E+01
  -.80000000E+00  .15846802E+01
  -.75000000E+00  .15699065E+01
  -.70000000E+00  .15550186E+01
  -.65000000E+00  .15400143E+01
  -.60000000E+00  .15248911E+01
  -.55000000E+00  .15096464E+01
  -.50000000E+00  .14942776E+01
  -.45000000E+00  .14787821E+01
  -.40000000E+00  .14631571E+01
  -.35000000E+00  .14473996E+01
  -.30000000E+00  .14315068E+01
  -.25000000E+00  .14154755E+01
  -.20000000E+00  .13993026E+01
  -.15000000E+00  .13829847E+01
  -.10000000E+00  .13665184E+01
  -.50000000E-01  .13499002E+01
  -.22898350E-14  .13331265E+01
   .50000000E-01  .13161934E+01
   .10000000E+00  .12990970E+01
   .15000000E+00  .12818332E+01
   .20000000E+00  .12643978E+01
   .25000000E+00  .12467862E+01
   .30000000E+00  .12289941E+01
   .35000000E+00  .12110165E+01
   .40000000E+00  .11928485E+01
   .45000000E+00  .11744850E+01
   .50000000E+00  .11559207E+01
   .55000000E+00  .11371498E+01
   .60000000E+00  .11181666E+01
   .65000000E+00  .10989651E+01
   .70000000E+00  .10795388E+01
   .75000000E+00  .10598813E+01
   .80000000E+00  .10399855E+01
   .85000000E+00  .10198442E+01
   .90000000E+00  .99945002E+00
   .95000000E+00  .97879498E+00
   .10000000E+01  .95787083E+00
   .10500000E+01  .93666895E+00
   .11000000E+01  .91518029E+00
   .11500000E+01  .89339535E+00
   .12000000E+01  .87130419E+00
   .12500000E+01  .84889634E+00
   .13000000E+01  .82616084E+00
   .13500000E+01  .80308613E+00
   .14000000E+01  .77966007E+00
   .14500000E+01  .75586988E+00
   .15000000E+01  .73170208E+00
   .15500000E+01  .70714247E+00
   .16000000E+01  .68217606E+00
   .16500000E+01  .65678702E+00
   .17000000E+01  .63095860E+00
   .17500000E+01  .60467310E+00
   .18000000E+01  .57791178E+00
   .18500000E+01  .55065476E+00
   .19000000E+01  .52288095E+00
   .19500000E+01  .49456797E+00
   .20000000E+01  .46569202E+00
Potential  L  =        4.00000    .00000
  -.30000000E+01  .21485396E+01
  -.29500000E+01  .21372239E+01
  -.29000000E+01  .21258552E+01
  -.28500000E+01  .21144310E+01
  -.28000000E+01  .21029512E+01
  -.27500000E+01  .20914145E+01
  -.27000000E+01  .20798199E+01
  -.26500000E+01  .20681675E+01
  -.26000000E+01  .20564552E+01
  -.25500000E+01  .20446847E+01
  -.25000000E+01  .20328508E+01
  -.24500000E+01  .20209573E+01
  -.24000000E+01  .20089990E+01
  -.23500000E+01  .19969781E+01
  -.23000000E+01  .19848927E+01
  -.22500000E+01  .19727417E+01
  -.22000000E+01  .19605258E+01
  -.21500000E+01  .19482398E+01
  -.21000000E+01  .19358876E+01
  -.20500000E+01  .19234635E+01
  -.20000000E+01  .19109699E+01
  -.19500000E+01  .18984055E+01
  -.19000000E+01  .18857663E+01
  -.18500000E+01  .18730540E+01
  -.18000000E+01  .18602670E+01
  -.17500000E+01  .18474019E+01
  -.17000000E+01  .18344603E+01
  -.16500000E+01  .18214391E+01
  -.16000000E+01  .18083391E+01
  -.15500000E+01  .17951549E+01
  -.15000000E+01  .17818897E+01
  -.14500000E+01  .17685392E+01
  -.14000000E+01  .17551016E+01
  -.13500000E+01  .17415773E+01
  -.13000000E+01  .17279642E+01
  -.12500000E+01  .17142600E+01
  -.12000000E+01  .17004650E+01
  -.11500000E+01  .16865749E+01
  -.11000000E+01  .16725891E+01
  -.10500000E+01  .16585058E+01
  -.10000000E+01  .16443232E+01
  -.95000000E+00  .16300395E+01
  -.90000000E+00  .16156526E+01
  -.85000000E+00  .16011606E+01
  -.80000000E+00  .15865615E+01
  -.75000000E+00  .15718532E+01
  -.70000000E+00  .15570334E+01
  -.65000000E+00  .15421000E+01
  -.60000000E+00  .15270498E+01
  -.55000000E+00  .15118828E+01
  -.50000000E+00  .14965934E+01
  -.45000000E+00  .14811815E+01
  -.40000000E+00  .14656443E+01
  -.35000000E+00  .14499777E+01
  -.30000000E+00  .14341789E+01
  -.25000000E+00  .14182472E+01
  -.20000000E+00  .14021768E+01
  -.15000000E+00  .13859666E+01
  -.10000000E+00  .13696129E+01
  -.50000000E-01  .13531123E+01
  -.22898350E-14  .13364614E+01
   .50000000E-01  .13196567E+01
   .10000000E+00  .13026946E+01
   .15000000E+00  .12855712E+01
   .20000000E+00  .12682826E+01
   .25000000E+00  .12508249E+01
   .30000000E+00  .12331936E+01
   .35000000E+00  .12153846E+01
   .40000000E+00  .11973932E+01
   .45000000E+00  .11792147E+01
   .50000000E+00  .11608443E+01
   .55000000E+00  .11422768E+01
   .60000000E+00  .11235070E+01
   .65000000E+00  .11045294E+01
   .70000000E+00  .10853383E+01
   .75000000E+00  .10659276E+01
   .80000000E+00  .10462912E+01
   .85000000E+00  .10264227E+01
   .90000000E+00  .10063153E+01
   .95000000E+00  .98596191E+00
   .10000000E+01  .96535529E+00
   .10500000E+01  .94448774E+00
   .11000000E+01  .92335127E+00
   .11500000E+01  .90193753E+00
   .12000000E+01  .88023773E+00
   .12500000E+01  .85824278E+00
   .13000000E+01  .83594308E+00
   .13500000E+01  .81332858E+00
   .14000000E+01  .79038876E+00
   .14500000E+01  .76711259E+00
   .15000000E+01  .74348847E+00
   .15500000E+01  .71950424E+00
   .16000000E+01  .69514712E+00
   .16500000E+01  .67040364E+00
   .17000000E+01  .64525963E+00
   .17500000E+01  .61970021E+00
   .18000000E+01  .59370964E+00
   .18500000E+01  .56727135E+00
   .19000000E+01  .54036782E+00
   .19500000E+01  .51298054E+00
   .20000000E+01  .48508997E+00
KBPotential  L  =       .00000  -7.69176
  -.30000000E+01  .15404623E+01
  -.29500000E+01  .15199884E+01
  -.29000000E+01  .14997368E+01
  -.28500000E+01  .14796417E+01
  -.28000000E+01  .14596493E+01
  -.27500000E+01  .14397143E+01
  -.27000000E+01  .14197984E+01
  -.26500000E+01  .13998688E+01
  -.26000000E+01  .13798970E+01
  -.25500000E+01  .13598566E+01
  -.25000000E+01  .13397255E+01
  -.24500000E+01  .13194825E+01
  -.24000000E+01  .12991084E+01
  -.23500000E+01  .12785850E+01
  -.23000000E+01  .12578958E+01
  -.22500000E+01  .12370241E+01
  -.22000000E+01  .12159545E+01
  -.21500000E+01  .11946716E+01
  -.21000000E+01  .11731601E+01
  -.20500000E+01  .11514055E+01
  -.20000000E+01  .11293924E+01
  -.19500000E+01  .11071058E+01
  -.19000000E+01  .10845306E+01
  -.18500000E+01  .10616504E+01
  -.18000000E+01  .10384496E+01
  -.17500000E+01  .10149116E+01
  -.17000000E+01  .99101902E+00
  -.16500000E+01  .96675403E+00
  -.16000000E+01  .94209793E+00
  -.15500000E+01  .91703113E+00
  -.15000000E+01  .89153316E+00
  -.14500000E+01  .86558219E+00
  -.14000000E+01  .83915556E+00
  -.13500000E+01  .81222905E+00
  -.13000000E+01  .78477702E+00
  -.12500000E+01  .75677222E+00
  -.12000000E+01  .72818563E+00
  -.11500000E+01  .69898629E+00
  -.11000000E+01  .66914111E+00
  -.10500000E+01  .63861460E+00
  -.10000000E+01  .60736871E+00
  -.95000000E+00  .57536263E+00
  -.90000000E+00  .54255202E+00
  -.85000000E+00  .50888937E+00
  -.80000000E+00  .47432321E+00
  -.75000000E+00  .43879774E+00
  -.70000000E+00  .40225238E+00
  -.65000000E+00  .36462125E+00
  -.60000000E+00  .32583244E+00
  -.55000000E+00  .28580743E+00
  -.50000000E+00  .24446021E+00
  -.45000000E+00  .20169634E+00
  -.40000000E+00  .15741191E+00
  -.35000000E+00  .11149263E+00
  -.30000000E+00  .63810930E-01
  -.25000000E+00  .14226438E-01
  -.20000000E+00 -.37417424E-01
  -.15000000E+00 -.91295404E-01
  -.10000000E+00 -.14760320E+00
  -.50000000E-01 -.20656069E+00
  -.22898350E-14 -.26841632E+00
   .50000000E-01 -.33344974E+00
   .10000000E+00 -.40198053E+00
   .15000000E+00 -.47437291E+00
   .20000000E+00 -.55104477E+00
   .25000000E+00 -.63247765E+00
   .30000000E+00 -.71922960E+00
   .35000000E+00 -.81195156E+00
   .40000000E+00 -.91140637E+00
   .45000000E+00 -.10184952E+01
   .50000000E+00 -.11342898E+01
   .55000000E+00 -.12600752E+01
   .60000000E+00 -.13974057E+01
   .65000000E+00 -.15481795E+01
   .70000000E+00 -.17147386E+01
   .75000000E+00 -.19000085E+01
   .80000000E+00 -.21076909E+01
   .85000000E+00 -.23425403E+01
   .90000000E+00 -.26107667E+01
   .95000000E+00 -.29206397E+01
   .10000000E+01 -.32834192E+01
   .10500000E+01 -.37148433E+01
   .11000000E+01 -.42376007E+01
   .11500000E+01 -.48856437E+01
   .12000000E+01 -.57121719E+01
   .12500000E+01 -.68055232E+01
   .13000000E+01 -.83239301E+01
   .13500000E+01 -.10581690E+02
   .14000000E+01 -.14304564E+02
   .14500000E+01 -.21630717E+02
   .15000000E+01 -.42802195E+02
   .15500000E+01 -.82788361E+03
   .16000000E+01  .49199706E+02
   .16500000E+01  .24201886E+02
   .17000000E+01  .16168063E+02
   .17500000E+01  .12196443E+02
   .18000000E+01  .98222499E+01
   .18500000E+01  .82391954E+01
   .19000000E+01  .71053949E+01
   .19500000E+01  .62510942E+01
   .20000000E+01  .55824489E+01
KBPotential  L  =      1.00000  -4.48856
  -.30000000E+01  .14252569E+01
  -.29500000E+01  .13985315E+01
  -.29000000E+01  .13700408E+01
  -.28500000E+01  .13394082E+01
  -.28000000E+01  .13061340E+01
  -.27500000E+01  .12695416E+01
  -.27000000E+01  .12286887E+01
  -.26500000E+01  .11822218E+01
  -.26000000E+01  .11281275E+01
  -.25500000E+01  .10632716E+01
  -.25000000E+01  .98248807E+00
  -.24500000E+01  .87661348E+00
  -.24000000E+01  .72769850E+00
  -.23500000E+01  .49513668E+00
  -.23000000E+01  .63405738E-01
  -.22500000E+01 -.10785251E+01
  -.22000000E+01 -.15591953E+02
  -.21500000E+01  .47506527E+01
  -.21000000E+01  .28630173E+01
  -.20500000E+01  .22958748E+01
  -.20000000E+01  .20152184E+01
  -.19500000E+01  .18430446E+01
  -.19000000E+01  .17234381E+01
  -.18500000E+01  .16332186E+01
  -.18000000E+01  .15610415E+01
  -.17500000E+01  .15006972E+01
  -.17000000E+01  .14484995E+01
  -.16500000E+01  .14021208E+01
  -.16000000E+01  .13600174E+01
  -.15500000E+01  .13211244E+01
  -.15000000E+01  .12846822E+01
  -.14500000E+01  .12501335E+01
  -.14000000E+01  .12170590E+01
  -.13500000E+01  .11851369E+01
  -.13000000E+01  .11541147E+01
  -.12500000E+01  .11237907E+01
  -.12000000E+01  .10940024E+01
  -.11500000E+01  .10646148E+01
  -.11000000E+01  .10355152E+01
  -.10500000E+01  .10066082E+01
  -.10000000E+01  .97781119E+00
  -.95000000E+00  .94905243E+00
  -.90000000E+00  .92026798E+00
  -.85000000E+00  .89140061E+00
  -.80000000E+00  .86239840E+00
  -.75000000E+00  .83321259E+00
  -.70000000E+00  .80379835E+00
  -.65000000E+00  .77411291E+00
  -.60000000E+00  .74411523E+00
  -.55000000E+00  .71376542E+00
  -.50000000E+00  .68302433E+00
  -.45000000E+00  .65185309E+00
  -.40000000E+00  .62021274E+00
  -.35000000E+00  .58806393E+00
  -.30000000E+00  .55536651E+00
  -.25000000E+00  .52207924E+00
  -.20000000E+00  .48815962E+00
  -.15000000E+00  .45356330E+00
  -.10000000E+00  .41824402E+00
  -.50000000E-01  .38215309E+00
  -.22898350E-14  .34523918E+00
   .50000000E-01  .30744785E+00
   .10000000E+00  .26872118E+00
   .15000000E+00  .22899734E+00
   .20000000E+00  .18821005E+00
   .25000000E+00  .14628811E+00
   .30000000E+00  .10315483E+00
   .35000000E+00  .58727206E-01
   .40000000E+00  .12915313E-01
   .45000000E+00 -.34378592E-01
   .50000000E+00 -.83260987E-01
   .55000000E+00 -.13384846E+00
   .60000000E+00 -.18626832E+00
   .65000000E+00 -.24066130E+00
   .70000000E+00 -.29718165E+00
   .75000000E+00 -.35600025E+00
   .80000000E+00 -.41730641E+00
   .85000000E+00 -.48131070E+00
   .90000000E+00 -.54824796E+00
   .95000000E+00 -.61838097E+00
   .10000000E+01 -.69200510E+00
   .10500000E+01 -.76945316E+00
   .11000000E+01 -.85110180E+00
   .11500000E+01 -.93737925E+00
   .12000000E+01 -.10287740E+01
   .12500000E+01 -.11258465E+01
   .13000000E+01 -.12292425E+01
   .13500000E+01 -.13397102E+01
   .14000000E+01 -.14581216E+01
   .14500000E+01 -.15854993E+01
   .15000000E+01 -.17230498E+01
   .15500000E+01 -.18722083E+01
   .16000000E+01 -.20346945E+01
   .16500000E+01 -.22125876E+01
   .17000000E+01 -.24084245E+01
   .17500000E+01 -.26253351E+01
   .18000000E+01 -.28672249E+01
   .18500000E+01 -.31390313E+01
   .19000000E+01 -.34470898E+01
   .19500000E+01 -.37996658E+01
   .20000000E+01 -.42077505E+01
KBPotential  L  =      2.00000   -.36694
  -.30000000E+01  .16781951E+01
  -.29500000E+01  .16628026E+01
  -.29000000E+01  .16472511E+01
  -.28500000E+01  .16315353E+01
  -.28000000E+01  .16156497E+01
  -.27500000E+01  .15995884E+01
  -.27000000E+01  .15833452E+01
  -.26500000E+01  .15669133E+01
  -.26000000E+01  .15502857E+01
  -.25500000E+01  .15334550E+01
  -.25000000E+01  .15164133E+01
  -.24500000E+01  .14991519E+01
  -.24000000E+01  .14816620E+01
  -.23500000E+01  .14639337E+01
  -.23000000E+01  .14459566E+01
  -.22500000E+01  .14277198E+01
  -.22000000E+01  .14092111E+01
  -.21500000E+01  .13904178E+01
  -.21000000E+01  .13713260E+01
  -.20500000E+01  .13519205E+01
  -.20000000E+01  .13321854E+01
  -.19500000E+01  .13121029E+01
  -.19000000E+01  .12916539E+01
  -.18500000E+01  .12708176E+01
  -.18000000E+01  .12495713E+01
  -.17500000E+01  .12278900E+01
  -.17000000E+01  .12057463E+01
  -.16500000E+01  .11831103E+01
  -.16000000E+01  .11599486E+01
  -.15500000E+01  .11362246E+01
  -.15000000E+01  .11119016E+01
  -.14500000E+01  .10869256E+01
  -.14000000E+01  .10612504E+01
  -.13500000E+01  .10348182E+01
  -.13000000E+01  .10075776E+01
  -.12500000E+01  .97943158E+00
  -.12000000E+01  .95030969E+00
  -.11500000E+01  .92011771E+00
  -.11000000E+01  .88874760E+00
  -.10500000E+01  .85607474E+00
  -.10000000E+01  .82195460E+00
  -.95000000E+00  .78621851E+00
  -.90000000E+00  .74866889E+00
  -.85000000E+00  .70907011E+00
  -.80000000E+00  .66714402E+00
  -.75000000E+00  .62255259E+00
  -.70000000E+00  .57488846E+00
  -.65000000E+00  .52365087E+00
  -.60000000E+00  .46821855E+00
  -.55000000E+00  .40781094E+00
  -.50000000E+00  .34143305E+00
  -.45000000E+00  .26779760E+00
  -.40000000E+00  .18520499E+00
  -.35000000E+00  .91365702E-01
  -.30000000E+00 -.16873108E-01
  -.25000000E+00 -.14400076E+00
  -.20000000E+00 -.29660637E+00
  -.15000000E+00 -.48478779E+00
  -.10000000E+00 -.72484977E+00
  -.50000000E-01 -.10449920E+01
  -.22898350E-14 -.14983328E+01
   .50000000E-01 -.21987343E+01
   .10000000E+00 -.34419000E+01
   .15000000E+00 -.63099542E+01
   .20000000E+00 -.20473685E+02
   .25000000E+00  .22380616E+02
   .30000000E+00  .79147100E+01
   .35000000E+00  .50213904E+01
   .40000000E+00  .37698249E+01
   .45000000E+00  .30643261E+01
   .50000000E+00  .26066362E+01
   .55000000E+00  .22821445E+01
   .60000000E+00  .20373918E+01
   .65000000E+00  .18440820E+01
   .70000000E+00  .16858326E+01
   .75000000E+00  .15524987E+01
   .80000000E+00  .14374603E+01
   .85000000E+00  .13362111E+01
   .90000000E+00  .12455755E+01
   .95000000E+00  .11632491E+01
   .10000000E+01  .10875174E+01
   .10500000E+01  .10170766E+01
   .11000000E+01  .95091061E+00
   .11500000E+01  .88823331E+00
   .12000000E+01  .82840025E+00
   .12500000E+01  .77089213E+00
   .13000000E+01  .71528094E+00
   .13500000E+01  .66120499E+00
   .14000000E+01  .60834583E+00
   .14500000E+01  .55649051E+00
   .15000000E+01  .50539159E+00
   .15500000E+01  .45485351E+00
   .16000000E+01  .40469608E+00
   .16500000E+01  .35479224E+00
   .17000000E+01  .30495022E+00
   .17500000E+01  .25506050E+00
   .18000000E+01  .20500357E+00
   .18500000E+01  .15466895E+00
   .19000000E+01  .10395143E+00
   .19500000E+01  .52734958E-01
   .20000000E+01  .91913283E-03
KBPotential  L  =      3.00000    .00000
  -.30000000E+01  .19038181E+01
  -.29500000E+01  .18908890E+01
  -.29000000E+01  .18778771E+01
  -.28500000E+01  .18647808E+01
  -.28000000E+01  .18515985E+01
  -.27500000E+01  .18383287E+01
  -.27000000E+01  .18249697E+01
  -.26500000E+01  .18115198E+01
  -.26000000E+01  .17979773E+01
  -.25500000E+01  .17843403E+01
  -.25000000E+01  .17706071E+01
  -.24500000E+01  .17567756E+01
  -.24000000E+01  .17428440E+01
  -.23500000E+01  .17288102E+01
  -.23000000E+01  .17146720E+01
  -.22500000E+01  .17004274E+01
  -.22000000E+01  .16860740E+01
  -.21500000E+01  .16716096E+01
  -.21000000E+01  .16570318E+01
  -.20500000E+01  .16423380E+01
  -.20000000E+01  .16275258E+01
  -.19500000E+01  .16125926E+01
  -.19000000E+01  .15975354E+01
  -.18500000E+01  .15823516E+01
  -.18000000E+01  .15670382E+01
  -.17500000E+01  .15515922E+01
  -.17000000E+01  .15360103E+01
  -.16500000E+01  .15202894E+01
  -.16000000E+01  .15044261E+01
  -.15500000E+01  .14884168E+01
  -.15000000E+01  .14722578E+01
  -.14500000E+01  .14559455E+01
  -.14000000E+01  .14394758E+01
  -.13500000E+01  .14228446E+01
  -.13000000E+01  .14060478E+01
  -.12500000E+01  .13890808E+01
  -.12000000E+01  .13719390E+01
  -.11500000E+01  .13546176E+01
  -.11000000E+01  .13371117E+01
  -.10500000E+01  .13194160E+01
  -.10000000E+01  .13015250E+01
  -.95000000E+00  .12834330E+01
  -.90000000E+00  .12651342E+01
  -.85000000E+00  .12466222E+01
  -.80000000E+00  .12278907E+01
  -.75000000E+00  .12089327E+01
  -.70000000E+00  .11897412E+01
  -.65000000E+00  .11703088E+01
  -.60000000E+00  .11506275E+01
  -.55000000E+00  .11306893E+01
  -.50000000E+00  .11104856E+01
  -.45000000E+00  .10900072E+01
  -.40000000E+00  .10692446E+01
  -.35000000E+00  .10481880E+01
  -.30000000E+00  .10268268E+01
  -.25000000E+00  .10051499E+01
  -.20000000E+00  .98314561E+00
  -.15000000E+00  .96080162E+00
  -.10000000E+00  .93810492E+00
  -.50000000E-01  .91504175E+00
  -.22898350E-14  .89159756E+00
   .50000000E-01  .86775695E+00
   .10000000E+00  .84350358E+00
   .15000000E+00  .81882013E+00
   .20000000E+00  .79368821E+00
   .25000000E+00  .76808826E+00
   .30000000E+00  .74199947E+00
   .35000000E+00  .71539969E+00
   .40000000E+00  .68826527E+00
   .45000000E+00  .66057099E+00
   .50000000E+00  .63228986E+00
   .55000000E+00  .60339301E+00
   .60000000E+00  .57384951E+00
   .65000000E+00  .54362616E+00
   .70000000E+00  .51268728E+00
   .75000000E+00  .48099467E+00
   .80000000E+00  .44850662E+00
   .85000000E+00  .41517865E+00
   .90000000E+00  .38096252E+00
   .95000000E+00  .34580597E+00
   .10000000E+01  .30965232E+00
   .10500000E+01  .27244000E+00
   .11000000E+01  .23410199E+00
   .11500000E+01  .19456516E+00
   .12000000E+01  .15374962E+00
   .12500000E+01  .11156784E+00
   .13000000E+01  .67923585E-01
   .13500000E+01  .22711570E-01
   .14000000E+01 -.24184947E-01
   .14500000E+01 -.72894831E-01
   .15000000E+01 -.12356095E+00
   .15500000E+01 -.17634214E+00
   .16000000E+01 -.23141552E+00
   .16500000E+01 -.28897922E+00
   .17000000E+01 -.34925559E+00
   .17500000E+01 -.41249507E+00
   .18000000E+01 -.47898077E+00
   .18500000E+01 -.54903401E+00
   .19000000E+01 -.62302104E+00
   .19500000E+01 -.70136116E+00
   .20000000E+01 -.78453678E+00
KBPotential  L  =      4.00000    .00000
  -.30000000E+01  .21485396E+01
  -.29500000E+01  .21372239E+01
  -.29000000E+01  .21258552E+01
  -.28500000E+01  .21144310E+01
  -.28000000E+01  .21029512E+01
  -.27500000E+01  .20914145E+01
  -.27000000E+01  .20798199E+01
  -.26500000E+01  .20681675E+01
  -.26000000E+01  .20564552E+01
  -.25500000E+01  .20446847E+01
  -.25000000E+01  .20328508E+01
  -.24500000E+01  .20209573E+01
  -.24000000E+01  .20089990E+01
  -.23500000E+01  .19969781E+01
  -.23000000E+01  .19848927E+01
  -.22500000E+01  .19727417E+01
  -.22000000E+01  .19605258E+01
  -.21500000E+01  .19482398E+01
  -.21000000E+01  .19358876E+01
  -.20500000E+01  .19234635E+01
  -.20000000E+01  .19109699E+01
  -.19500000E+01  .18984055E+01
  -.19000000E+01  .18857663E+01
  -.18500000E+01  .18730540E+01
  -.18000000E+01  .18602670E+01
  -.17500000E+01  .18474019E+01
  -.17000000E+01  .18344603E+01
  -.16500000E+01  .18214391E+01
  -.16000000E+01  .18083391E+01
  -.15500000E+01  .17951549E+01
  -.15000000E+01  .17818897E+01
  -.14500000E+01  .17685392E+01
  -.14000000E+01  .17551016E+01
  -.13500000E+01  .17415773E+01
  -.13000000E+01  .17279642E+01
  -.12500000E+01  .17142600E+01
  -.12000000E+01  .17004650E+01
  -.11500000E+01  .16865749E+01
  -.11000000E+01  .16725891E+01
  -.10500000E+01  .16585058E+01
  -.10000000E+01  .16443232E+01
  -.95000000E+00  .16300395E+01
  -.90000000E+00  .16156526E+01
  -.85000000E+00  .16011606E+01
  -.80000000E+00  .15865615E+01
  -.75000000E+00  .15718532E+01
  -.70000000E+00  .15570334E+01
  -.65000000E+00  .15421000E+01
  -.60000000E+00  .15270498E+01
  -.55000000E+00  .15118828E+01
  -.50000000E+00  .14965934E+01
  -.45000000E+00  .14811815E+01
  -.40000000E+00  .14656443E+01
  -.35000000E+00  .14499777E+01
  -.30000000E+00  .14341789E+01
  -.25000000E+00  .14182472E+01
  -.20000000E+00  .14021768E+01
  -.15000000E+00  .13859666E+01
  -.10000000E+00  .13696129E+01
  -.50000000E-01  .13531123E+01
  -.22898350E-14  .13364614E+01
   .50000000E-01  .13196567E+01
   .10000000E+00  .13026946E+01
   .15000000E+00  .12855712E+01
   .20000000E+00  .12682826E+01
   .25000000E+00  .12508249E+01
   .30000000E+00  .12331936E+01
   .35000000E+00  .12153846E+01
   .40000000E+00  .11973932E+01
   .45000000E+00  .11792147E+01
   .50000000E+00  .11608443E+01
   .55000000E+00  .11422768E+01
   .60000000E+00  .11235070E+01
   .65000000E+00  .11045294E+01
   .70000000E+00  .10853383E+01
   .75000000E+00  .10659276E+01
   .80000000E+00  .10462912E+01
   .85000000E+00  .10264227E+01
   .90000000E+00  .10063153E+01
   .95000000E+00  .98596191E+00
   .10000000E+01  .96535529E+00
   .10500000E+01  .94448774E+00
   .11000000E+01  .92335127E+00
   .11500000E+01  .90193753E+00
   .12000000E+01  .88023773E+00
   .12500000E+01  .85824278E+00
   .13000000E+01  .83594308E+00
   .13500000E+01  .81332858E+00
   .14000000E+01  .79038876E+00
   .14500000E+01  .76711259E+00
   .15000000E+01  .74348847E+00
   .15500000E+01  .71950424E+00
   .16000000E+01  .69514712E+00
   .16500000E+01  .67040364E+00
   .17000000E+01  .64525963E+00
   .17500000E+01  .61970021E+00
   .18000000E+01  .59370964E+00
   .18500000E+01  .56727135E+00
   .19000000E+01  .54036782E+00
   .19500000E+01  .51298054E+00
   .20000000E+01  .48508997E+00
