Zr: s1d3                                
  .893172223E-02  .906888876E-02  .920815698E-02  .934955899E-02  .949312738E-02
  .963889520E-02  .978689605E-02  .993716400E-02  .100897337E-01  .102446402E-01
  .104019192E-01  .105616069E-01  .107237400E-01  .108883559E-01  .110554925E-01
  .112251882E-01  .113974820E-01  .115724135E-01  .117500230E-01  .119303514E-01
  .121134400E-01  .122993310E-01  .124880670E-01  .126796915E-01  .128742485E-01
  .130717826E-01  .132723392E-01  .134759645E-01  .136827050E-01  .138926084E-01
  .141057227E-01  .143220970E-01  .145417808E-01  .147648245E-01  .149912792E-01
  .152211971E-01  .154546306E-01  .156916335E-01  .159322599E-01  .161765651E-01
  .164246050E-01  .166764364E-01  .169321171E-01  .171917055E-01  .174552612E-01
  .177228444E-01  .179945165E-01  .182703395E-01  .185503766E-01  .188346919E-01
  .191233503E-01  .194164180E-01  .197139618E-01  .200160499E-01  .203227512E-01
  .206341359E-01  .209502750E-01  .212712408E-01  .215971066E-01  .219279467E-01
  .222638367E-01  .226048533E-01  .229510743E-01  .233025786E-01  .236594463E-01
  .240217590E-01  .243895992E-01  .247630506E-01  .251421985E-01  .255271292E-01
  .259179304E-01  .263146910E-01  .267175015E-01  .271264534E-01  .275416399E-01
  .279631553E-01  .283910957E-01  .288255583E-01  .292666418E-01  .297144466E-01
  .301690743E-01  .306306284E-01  .310992135E-01  .315749362E-01  .320579043E-01
  .325482276E-01  .330460172E-01  .335513861E-01  .340644489E-01  .345853219E-01
  .351141232E-01  .356509726E-01  .361959917E-01  .367493040E-01  .373110347E-01
  .378813110E-01  .384602619E-01  .390480185E-01  .396447135E-01  .402504820E-01
  .408654609E-01  .414897892E-01  .421236078E-01  .427670599E-01  .434202908E-01
  .440834479E-01  .447566809E-01  .454401416E-01  .461339841E-01  .468383649E-01
  .475534426E-01  .482793784E-01  .490163358E-01  .497644807E-01  .505239814E-01
  .512950089E-01  .520777366E-01  .528723404E-01  .536789990E-01  .544978937E-01
  .553292083E-01  .561731295E-01  .570298469E-01  .578995525E-01  .587824415E-01
  .596787120E-01  .605885646E-01  .615122035E-01  .624498353E-01  .634016701E-01
  .643679209E-01  .653488040E-01  .663445386E-01  .673553475E-01  .683814565E-01
  .694230948E-01  .704804951E-01  .715538934E-01  .726435293E-01  .737496457E-01
  .748724894E-01  .760123105E-01  .771693630E-01  .783439046E-01  .795361967E-01
  .807465046E-01  .819750975E-01  .832222486E-01  .844882349E-01  .857733378E-01
  .870778425E-01  .884020385E-01  .897462197E-01  .911106840E-01  .924957339E-01
  .939016762E-01  .953288223E-01  .967774879E-01  .982479937E-01  .997406647E-01
  .101255831E+00  .102793827E+00  .104354993E+00  .105939672E+00  .107548216E+00
  .109180978E+00  .110838317E+00  .112520600E+00  .114228197E+00  .115961483E+00
  .117720839E+00  .119506652E+00  .121319315E+00  .123159226E+00  .125026788E+00
  .126922411E+00  .128846510E+00  .130799508E+00  .132781832E+00  .134793915E+00
  .136836198E+00  .138909127E+00  .141013156E+00  .143148744E+00  .145316356E+00
  .147516466E+00  .149749553E+00  .152016103E+00  .154316611E+00  .156651577E+00
  .159021507E+00  .161426919E+00  .163868333E+00  .166346281E+00  .168861298E+00
  .171413932E+00  .174004734E+00  .176634265E+00  .179303095E+00  .182011800E+00
  .184760966E+00  .187551187E+00  .190383064E+00  .193257208E+00  .196174238E+00
  .199134783E+00  .202139480E+00  .205188974E+00  .208283921E+00  .211424986E+00
  .214612843E+00  .217848174E+00  .221131674E+00  .224464045E+00  .227845999E+00
  .231278261E+00  .234761564E+00  .238296649E+00  .241884273E+00  .245525199E+00
  .249220202E+00  .252970069E+00  .256775596E+00  .260637593E+00  .264556879E+00
  .268534285E+00  .272570655E+00  .276666841E+00  .280823712E+00  .285042146E+00
  .289323033E+00  .293667277E+00  .298075793E+00  .302549511E+00  .307089371E+00
  .311696328E+00  .316371349E+00  .321115417E+00  .325929525E+00  .330814681E+00
  .335771909E+00  .340802245E+00  .345906738E+00  .351086455E+00  .356342476E+00
  .361675894E+00  .367087819E+00  .372579377E+00  .378151707E+00  .383805965E+00
  .389543324E+00  .395364969E+00  .401272106E+00  .407265954E+00  .413347751E+00
  .419518748E+00  .425780218E+00  .432133448E+00  .438579742E+00  .445120425E+00
  .451756835E+00  .458490333E+00  .465322295E+00  .472254117E+00  .479287213E+00
  .486423015E+00  .493662978E+00  .501008572E+00  .508461288E+00  .516022640E+00
  .523694157E+00  .531477392E+00  .539373918E+00  .547385327E+00  .555513235E+00
  .563759278E+00  .572125112E+00  .580612418E+00  .589222896E+00  .597958271E+00
  .606820289E+00  .615810719E+00  .624931355E+00  .634184012E+00  .643570529E+00
  .653092771E+00  .662752625E+00  .672552004E+00  .682492845E+00  .692577110E+00
  .702806787E+00  .713183889E+00  .723710455E+00  .734388551E+00  .745220269E+00
  .756207728E+00  .767353072E+00  .778658476E+00  .790126140E+00  .801758293E+00
  .813557192E+00  .825525122E+00  .837664399E+00  .849977366E+00  .862466397E+00
  .875133894E+00  .887982290E+00  .901014050E+00  .914231668E+00  .927637668E+00
  .941234609E+00  .955025078E+00  .969011696E+00  .983197117E+00  .997584025E+00
  .101217514E+01  .102697321E+01  .104198103E+01  .105720141E+01  .107263721E+01
  .108829132E+01  .110416665E+01  .112026618E+01  .113659289E+01  .115314981E+01
  .116994002E+01  .118696661E+01  .120423273E+01  .122174155E+01  .123949629E+01
  .125750020E+01  .127575659E+01  .129426876E+01  .131304011E+01  .133207403E+01
  .135137397E+01  .137094344E+01  .139078594E+01  .141090506E+01  .143130441E+01
  .145198763E+01  .147295843E+01  .149422054E+01  .151577774E+01  .153763386E+01
  .155979275E+01  .158225832E+01  .160503454E+01  .162812539E+01  .165153492E+01
  .167526722E+01  .169932640E+01  .172371666E+01  .174844221E+01  .177350732E+01
  .179891631E+01  .182467353E+01  .185078340E+01  .187725037E+01  .190407895E+01
  .193127368E+01  .195883917E+01  .198678007E+01  .201510106E+01  .204380690E+01
  .207290239E+01  .210239236E+01  .213228171E+01  .216257539E+01  .219327839E+01
  .222439576E+01  .225593260E+01  .228789405E+01  .232028531E+01  .235311164E+01
  .238637833E+01  .242009075E+01  .245425430E+01  .248887444E+01  .252395668E+01
  .255950659E+01  .259552978E+01  .263203193E+01  .266901876E+01  .270649605E+01
  .274446963E+01  .278294539E+01  .282192927E+01  .286142725E+01  .290144539E+01
  .294198979E+01  .298306660E+01  .302468203E+01  .306684234E+01  .310955386E+01
  .315282295E+01  .319665604E+01  .324105961E+01  .328604020E+01  .333160439E+01
  .337775883E+01  .342451021E+01  .347186528E+01  .351983085E+01  .356841378E+01
  .361762097E+01  .366745939E+01  .371793606E+01  .376905805E+01  .382083248E+01
  .387326652E+01  .392636741E+01  .398014242E+01  .403459888E+01  .408974417E+01
  .414558572E+01  .420213103E+01  .425938761E+01  .431736305E+01  .437606499E+01
  .443550109E+01  .449567909E+01  .455660676E+01  .461829192E+01  .468074244E+01
  .474396622E+01  .480797124E+01  .487276548E+01  .493835699E+01  .500475386E+01
  .507196421E+01  .513999622E+01  .520885809E+01  .527855808E+01  .534910447E+01
  .542050557E+01  .549276976E+01  .556590542E+01  .563992099E+01  .571482492E+01
  .579062570E+01  .586733187E+01  .594495196E+01  .602349456E+01  .610296827E+01
  .618338172E+01  .626474357E+01  .634706249E+01  .643034718E+01  .651460634E+01
  .659984871E+01  .668608304E+01  .677331809E+01  .686156262E+01  .695082541E+01
  .704111526E+01  .713244096E+01  .722481131E+01  .731823511E+01  .741272115E+01
  .750827824E+01  .760491516E+01  .770264070E+01  .780146364E+01  .790139273E+01
  .800243673E+01  .810460437E+01  .820790435E+01  .831234537E+01  .841793609E+01
  .852468514E+01  .863260113E+01  .874169262E+01  .885196815E+01  .896343620E+01
  .907610524E+01  .918998365E+01  .930507979E+01  .942140195E+01  .953895838E+01
  .965775726E+01  .977780669E+01  .989911472E+01  .100216893E+02  .101455384E+02
  .102706698E+02  .103970912E+02  .105248103E+02  .106538347E+02  .107841717E+02
  .109158288E+02  .110488131E+02  .111831320E+02  .113187922E+02  .114558009E+02
  .115941647E+02  .117338904E+02  .118749843E+02  .120174530E+02  .121613027E+02
  .123065394E+02  .124531691E+02  .126011975E+02  .127506303E+02  .129014729E+02
  .130537306E+02  .132074084E+02  .133625112E+02  .135190438E+02  .136770106E+02
  .138364158E+02  .139972637E+02  .141595580E+02  .143233024E+02  .144885003E+02
  .146551548E+02  .148232688E+02  .149928451E+02  .151638860E+02  .153363937E+02
  .155103700E+02  .156858165E+02  .158627346E+02  .160411253E+02  .162209892E+02
  .164023268E+02  .165851381E+02  .167694230E+02  .169551809E+02  .171424108E+02
  .173311115E+02  .175212815E+02  .177129187E+02  .179060209E+02  .181005853E+02
  .182966088E+02  .184940880E+02  .186930190E+02  .188933975E+02  .190952188E+02
  .192984778E+02  .195031689E+02  .197092860E+02  .199168229E+02  .201257724E+02
  .203361274E+02  .205478798E+02  .207610215E+02  .209755435E+02  .211914366E+02
  .214086909E+02  .216272961E+02  .218472414E+02  .220685153E+02  .222911058E+02
  .225150006E+02  .227401866E+02  .229666501E+02  .231943770E+02  .234233526E+02
  .236535615E+02  .238849877E+02  .241176148E+02  .243514255E+02  .245864021E+02
  .248225261E+02  .250597787E+02  .252981400E+02  .255375898E+02  .257781070E+02
  .260196701E+02  .262622567E+02  .265058438E+02  .267504078E+02  .269959243E+02
  .272423683E+02  .274897140E+02  .277379349E+02  .279870039E+02  .282368931E+02
  .284875739E+02  .287390170E+02  .289911923E+02  .292440689E+02  .294976155E+02
  .297517996E+02  .300065882E+02  .302619477E+02  .305178434E+02  .307742401E+02
  .310311017E+02  .312883915E+02  .315460718E+02  .318041045E+02  .320624504E+02
  .323210696E+02  .325799217E+02  .328389652E+02  .330981581E+02  .333574574E+02
  .336168196E+02  .338762003E+02  .341355544E+02  .343948360E+02  .346539985E+02
  .349129946E+02  .351717762E+02  .354302946E+02  .356885003E+02  .359463430E+02
  .362037718E+02  .364607352E+02  .367171808E+02  .369730557E+02  .372283062E+02
  .374828782E+02  .377367166E+02  .379897659E+02  .382419700E+02  .384932721E+02
  .387436149E+02  .389929405E+02  .392411903E+02  .394883055E+02  .397342264E+02
  .399788931E+02  .402222450E+02  .404642213E+02  .407047605E+02  .409438008E+02
  .411812800E+02  .414171355E+02  .416513046E+02  .418837238E+02  .421143297E+02
  .423430586E+02  .425698464E+02  .427946289E+02  .430173417E+02  .432379203E+02
  .434563000E+02  .436724162E+02  .438862040E+02  .440975987E+02  .443065356E+02
  .445129499E+02  .447167772E+02  .449179530E+02  .451164130E+02  .453120932E+02
  .455049299E+02  .456948597E+02  .458818193E+02  .460657463E+02  .462465782E+02
  .464242533E+02  .465987105E+02  .467698890E+02  .469377289E+02  .471021708E+02
  .472631561E+02  .474206271E+02  .475745267E+02  .477247989E+02  .478713885E+02
  .480142415E+02  .481533047E+02  .482885261E+02  .484198550E+02  .485472418E+02
  .486706382E+02  .487899972E+02  .489052732E+02  .490164222E+02  .491234016E+02
  .492261703E+02  .493246889E+02  .494189199E+02  .495088273E+02  .495943769E+02
  .496755365E+02  .497522759E+02  .498245668E+02  .498923829E+02  .499557002E+02
  .500144967E+02  .500687528E+02  .501184510E+02  .501635764E+02  .502041165E+02
  .502400610E+02  .502714026E+02  .502981361E+02  .503202593E+02  .503377725E+02
  .503506791E+02  .503589849E+02  .503626989E+02  .503618328E+02  .503564014E+02
  .503464225E+02  .503319170E+02  .503129089E+02  .502894253E+02  .502614967E+02
  .502291565E+02  .501924418E+02  .501513928E+02  .501060532E+02  .500564698E+02
  .500026932E+02  .499447773E+02  .498827794E+02  .498167604E+02  .497467848E+02
  .496729206E+02  .495952392E+02  .495138158E+02  .494287291E+02  .493400615E+02
  .492478987E+02  .491523304E+02  .490534496E+02  .489513529E+02  .488461407E+02
  .487379168E+02  .486267884E+02  .485128667E+02  .483962658E+02  .482771036E+02
  .481555015E+02  .480315842E+02  .479054795E+02  .477773189E+02  .476472370E+02
  .475153715E+02  .473818634E+02  .472468565E+02  .471104980E+02  .469729377E+02
  .468343283E+02  .466948254E+02  .465545871E+02  .464137742E+02  .462725498E+02
  .461310797E+02  .459895317E+02  .458480757E+02  .457068838E+02  .455661300E+02
  .454259899E+02  .452866409E+02  .451482618E+02  .450110330E+02  .448751357E+02
  .447407525E+02  .446080667E+02  .444772624E+02  .443485243E+02  .442220375E+02
  .440979871E+02  .439765586E+02  .438579371E+02  .437423073E+02  .436298536E+02
  .435207595E+02  .434152075E+02  .433133793E+02  .432154549E+02  .431216128E+02
  .430320298E+02  .429468809E+02  .428663385E+02  .427905728E+02  .427197513E+02
  .426540387E+02  .425935964E+02  .425385827E+02  .424891520E+02  .424454553E+02
  .424076392E+02  .423758463E+02  .423502144E+02  .423308769E+02  .423179620E+02
  .423115928E+02  .423118869E+02  .423189562E+02  .423329069E+02  .423538389E+02
  .423818458E+02  .424170148E+02  .424594260E+02  .425091528E+02  .425662612E+02
  .426308101E+02  .427028504E+02  .427824255E+02  .428695706E+02  .429643130E+02
  .430666714E+02  .431766562E+02  .432942688E+02  .434195020E+02  .435523397E+02
  .436927564E+02  .438407176E+02  .439961793E+02  .441590880E+02  .443293807E+02
  .445069845E+02  .446918171E+02  .448837860E+02  .450827891E+02  .452887141E+02
  .455014389E+02  .457208314E+02  .459467494E+02  .461790407E+02  .464175433E+02
  .466620849E+02  .469124836E+02  .471685474E+02  .474300748E+02  .476968544E+02
  .479686652E+02  .482452768E+02  .485264495E+02  .488119342E+02  .491014729E+02
  .493947989E+02  .496916366E+02  .499917020E+02  .502947029E+02  .506003393E+02
  .509083031E+02  .512182790E+02  .515299447E+02  .518429706E+02  .521570210E+02
  .524717537E+02  .527868208E+02  .531018689E+02  .534165396E+02  .537304695E+02
  .540432912E+02  .543546334E+02  .546641212E+02  .549713769E+02  .552760201E+02
  .555776685E+02  .558759383E+02  .561704445E+02  .564608016E+02  .567466241E+02
  .570275270E+02  .573031264E+02  .575730398E+02  .578368871E+02  .580942907E+02
  .583448764E+02  .585882738E+02  .588241170E+02  .590520450E+02  .592717024E+02
  .594827401E+02  .596848156E+02  .598775938E+02  .600607477E+02  .602339585E+02
  .603969169E+02  .605493229E+02  .606908870E+02  .608213305E+02  .609403859E+02
  .610477978E+02  .611433233E+02  .612267324E+02  .612978085E+02  .613563494E+02
  .614021671E+02  .614350887E+02  .614549568E+02  .614616299E+02  .614549828E+02
  .614349071E+02  .614013114E+02  .613541221E+02  .612932831E+02  .612187566E+02
  .611305234E+02  .610285828E+02  .609129531E+02  .607836719E+02  .606407962E+02
  .604844022E+02  .603145863E+02  .601314640E+02  .599351712E+02  .597258633E+02
  .595037156E+02  .592689231E+02  .590217008E+02  .587622831E+02  .584909239E+02
  .582078965E+02  .579134931E+02  .576080249E+02  .572918215E+02  .569652309E+02
  .566286188E+02  .562823683E+02  .559268796E+02  .555625696E+02  .551898708E+02
  .548092316E+02  .544211151E+02  .540259987E+02  .536243734E+02  .532167431E+02
  .528036240E+02  .523855438E+02  .519630406E+02  .515366626E+02  .511069669E+02
  .506745188E+02  .502398908E+02  .498036616E+02  .493664153E+02  .489287405E+02
  .484912288E+02  .480544746E+02  .476190733E+02  .471856206E+02  .467547116E+02
  .463269392E+02  .459028936E+02  .454831608E+02  .450683217E+02  .446589509E+02
  .442556155E+02  .438588742E+02  .434692762E+02  .430873600E+02  .427136521E+02
  .423486664E+02  .419929028E+02  .416468461E+02  .413109653E+02  .409857122E+02
  .406715209E+02  .403688061E+02  .400779630E+02  .397993657E+02  .395333668E+02
  .392802963E+02  .390404610E+02  .388141434E+02  .386016015E+02  .384030676E+02
  .382187481E+02  .380488225E+02  .378934433E+02  .377527350E+02  .376267945E+02
  .375156898E+02  .374194601E+02  .373381158E+02  .372716379E+02  .372199779E+02
  .371830579E+02  .371607706E+02  .371529792E+02  .371595174E+02  .371801899E+02
  .372147724E+02  .372630120E+02  .373246274E+02  .373993095E+02  .374867220E+02
  .375865014E+02  .376982584E+02  .378215777E+02  .379560197E+02  .381011202E+02
  .382563923E+02  .384213265E+02  .385953922E+02  .387780382E+02  .389686942E+02
  .391667716E+02  .393716649E+02  .395827526E+02  .397993986E+02  .400209536E+02
  .402467560E+02  .404761336E+02  .407084049E+02  .409428801E+02  .411788633E+02
  .414156528E+02  .416525438E+02  .418888289E+02  .421237999E+02  .423567493E+02
  .425869717E+02  .428137653E+02  .430364333E+02  .432542854E+02  .434666392E+02
  .436728217E+02  .438721706E+02  .440640356E+02  .442477800E+02  .444227818E+02
  .445884352E+02  .447441514E+02  .448893604E+02  .450235117E+02  .451460758E+02
  .452565449E+02  .453544341E+02  .454392824E+02  .455106535E+02  .455681368E+02
  .456113483E+02  .456399309E+02  .456535554E+02  .456519210E+02  .456347561E+02
  .456018184E+02  .455528953E+02  .454878048E+02  .454063951E+02  .453085451E+02
  .451941648E+02  .450631947E+02  .449156064E+02  .447514024E+02  .445706157E+02
  .443733098E+02  .441595785E+02  .439295454E+02  .436833635E+02  .434212148E+02
  .431433099E+02  .428498872E+02  .425412122E+02  .422175771E+02  .418792999E+02
  .415267235E+02  .411602149E+02  .407801645E+02  .403869847E+02  .399811096E+02
  .395629931E+02  .391331088E+02  .386919480E+02  .382400193E+02  .377778468E+02
  .373059697E+02  .368249403E+02  .363353234E+02  .358376944E+02  .353326390E+02
  .348207509E+02  .343026314E+02  .337788874E+02  .332501309E+02  .327169767E+02
  .321800424E+02  .316399460E+02  .310973055E+02  .305527368E+02  .300068536E+02
  .294602649E+02  .289135750E+02  .283673815E+02  .278222748E+02  .272788361E+02
  .267376379E+02  .261992408E+02  .256641946E+02  .251330357E+02  .246062875E+02
  .240844582E+02  .235680412E+02  .230575132E+02  .225533345E+02  .220559471E+02
  .215657752E+02  .210832236E+02  .206086781E+02  .201425039E+02  .196850461E+02
  .192366285E+02  .187975542E+02  .183681040E+02  .179485374E+02  .175390915E+02
  .171399815E+02  .167513998E+02  .163735172E+02  .160064813E+02  .156504180E+02
  .153054308E+02  .149716013E+02  .146489890E+02  .143376322E+02  .140375474E+02
  .137487307E+02  .134711573E+02  .132047825E+02  .129495416E+02  .127053511E+02
  .124721085E+02  .122496938E+02  .120379688E+02  .118367793E+02  .116459542E+02
  .114653076E+02  .112946382E+02  .111337315E+02  .109823589E+02  .108402799E+02
  .107072422E+02  .105829824E+02  .104672272E+02  .103596941E+02  .102600919E+02
  .101681221E+02  .100834792E+02  .100058519E+02  .993492360E+01  .987037367E+01
  .981187776E+01  .975910898E+01  .971173849E+01  .966943642E+01  .963187255E+01
  .959871713E+01  .956964147E+01  .954431892E+01  .952242549E+01  .950364025E+01
  .948764646E+01  .947413166E+01  .946278865E+01  .945331611E+01  .944541912E+01
  .943880925E+01  .943320574E+01  .942833529E+01  .942393314E+01  .941974263E+01
  .941551688E+01  .941101780E+01  .940601726E+01  .940029678E+01  .939364834E+01
  .938587402E+01  .937678679E+01  .936621003E+01  .935397829E+01  .933993671E+01
  .932394178E+01  .930586066E+01  .928557186E+01  .926296454E+01  .923793915E+01
  .921040661E+01  .918028895E+01  .914751842E+01  .911203809E+01  .907380091E+01
  .903277024E+01  .898891892E+01  .894222971E+01  .889269435E+01  .884031395E+01
  .878509804E+01  .872706492E+01  .866624064E+01  .860265939E+01  .853636243E+01
  .846739846E+01  .839582255E+01  .832169642E+01  .824508748E+01  .816606902E+01
  .808471926E+01  .800112151E+01  .791536329E+01  .782753641E+01  .773773615E+01
  .764606132E+01  .755261341E+01  .745749674E+01  .736081758E+01  .726268426E+01
  .716320640E+01  .706249498E+01  .696066158E+01  .685781848E+01  .675407793E+01
  .664955226E+01  .654435303E+01  .643859145E+01  .633237755E+01  .622581998E+01
  .611902655E+01  .601210247E+01  .590515201E+01  .579827638E+01  .569157544E+01
  .558514558E+01  .547908156E+01  .537347429E+01  .526841285E+01  .516398211E+01
  .506026492E+01  .495733973E+01  .485528275E+01  .475416562E+01  .465405765E+01
  .455502344E+01  .445712517E+01  .436042023E+01  .426496357E+01  .417080533E+01
  .407799321E+01  .398657007E+01  .389657641E+01  .380804796E+01  .372101811E+01
  .363551567E+01  .355156683E+01  .346919401E+01  .338841660E+01  .330925050E+01
  .323170876E+01  .315580108E+01  .308153451E+01  .300891292E+01  .293793773E+01
  .286860737E+01  .280091801E+01  .273486307E+01  .267043392E+01  .260761937E+01
  .254640645E+01  .248677981E+01  .242872256E+01  .237221567E+01  .231723878E+01
  .226376961E+01  .221178480E+01  .216125926E+01  .211216707E+01  .206448062E+01
  .201817202E+01  .197321189E+01  .192957043E+01  .188721673E+01  .184611969E+01
  .180624725E+01  .176756735E+01  .173004718E+01  .169365407E+01  .165835478E+01
  .162411639E+01  .159090553E+01  .155868932E+01  .152743456E+01  .149710849E+01
  .146767855E+01  .143911271E+01  .141137889E+01  .138444582E+01  .135828229E+01
  .133285801E+01  .130814281E+01  .128410755E+01  .126072326E+01  .123796205E+01
  .121579628E+01  .119419948E+01  .117314541E+01  .115260908E+01  .113256576E+01
  .111299200E+01  .109386465E+01  .107516184E+01  .105686201E+01  .103894492E+01
  .102139063E+01  .100418053E+01  .987296299E+00  .970720938E+00  .954437746E+00
  .938431319E+00  .922686540E+00  .907189566E+00  .891926821E+00  .876885986E+00
  .862054977E+00  .847422939E+00  .832979217E+00  .818714362E+00  .804619090E+00
  .790685280E+00  .776904908E+00  .763271146E+00  .749777219E+00  .736417441E+00
  .723186168E+00  .710078813E+00  .697090785E+00  .684218507E+00  .671458347E+00
  .658807658E+00  .646263692E+00  .633824633E+00  .621488525E+00  .609254310E+00
  .597120743E+00  .585087429E+00  .573153746E+00  .561319890E+00  .549585786E+00
  .537952131E+00  .526419314E+00  .514988464E+00  .503660363E+00  .492436493E+00
  .481317950E+00  .470306506E+00  .459403512E+00  .448610953E+00  .437930365E+00
  .427363894E+00  .416913206E+00  .406580542E+00  .396367639E+00  .386276786E+00
  .376309745E+00  .366468799E+00  .356755683E+00  .347172635E+00  .337721328E+00
  .328403910E+00  .319221935E+00  .310177459E+00  .301271888E+00  .292507123E+00
  .283884405E+00  .275405458E+00  .267071338E+00  .258883567E+00  .250842988E+00
  .242950910E+00  .235207953E+00  .227615192E+00  .220173010E+00  .212882242E+00
  .205743028E+00  .198755954E+00  .191920908E+00  .185238226E+00  .178707551E+00
  .172328964E+00  .166101855E+00  .160026061E+00  .154100730E+00  .148325453E+00
  .142699139E+00  .137221147E+00  .131890161E+00  .126705312E+00  .121665102E+00
  .116768278E+00  .112013381E+00  .107398857E+00  .102923057E+00  .985842438E-01
  .943805963E-01  .903101813E-01  .863710532E-01  .825611613E-01  .788783875E-01
  .753205515E-01  .718854152E-01  .685706870E-01  .653740270E-01  .622930512E-01
  .593253366E-01  .564684254E-01  .537198298E-01  .510770365E-01  .485375112E-01
  .460987031E-01  .437580490E-01  .415129777E-01  .393609140E-01  .372992828E-01
  .353255133E-01  .334370420E-01  .316313172E-01  .299058018E-01  .282579773E-01
  .266853465E-01  .251854366E-01  .237558026E-01  .223940293E-01  .210977345E-01
  .198645711E-01  .186922295E-01  .175784395E-01  .165209723E-01  .155176144E-01
  .145662545E-01  .136647973E-01  .128111947E-01  .120034474E-01  .112396057E-01
  .105177702E-01  .983609249E-02  .919277590E-02  .858607555E-02  .801429877E-02
  .747580522E-02  .696900687E-02  .649236791E-02  .604440451E-02  .562368449E-02
  .522882693E-02  .485850164E-02  .451142854E-02  .418637703E-02  .388216517E-02
  .359765893E-02  .333177123E-02  .308346106E-02  .285173247E-02  .263563352E-02
  .243425522E-02  .224673041E-02  .207223261E-02  .190997490E-02  .175920869E-02
  .161922253E-02  .148934093E-02  .136892313E-02  .125736186E-02  .115408215E-02
  .105854015E-02  .970221842E-03  .888641938E-03  .813342653E-03  .743892560E-03
  .679885445E-03  .620939190E-03  .566694672E-03  .516814691E-03  .470982924E-03
  .428902904E-03  .390297029E-03  .354905599E-03  .322485887E-03  .292811233E-03
  .265670180E-03  .240865627E-03  .218214030E-03  .197544620E-03  .178698663E-03
  .161528741E-03  .145898076E-03  .131679875E-03  .118756707E-03  .107019915E-03
  .963690449E-04  .867113191E-04  .779611220E-04  .700395216E-04  .628738130E-04
  .563970891E-04  .505478335E-04  .452695381E-04  .405103424E-04  .362226951E-04
  .323630354E-04  .288914945E-04  .257716163E-04  .229700954E-04  .204565330E-04
  .182032082E-04  .161848654E-04  .143785163E-04  .127632553E-04  .113200883E-04
  .100317739E-04  .888267602E-05  .785862746E-05  .694680375E-05  .613560663E-05
  .541455653E-05  .477419343E-05  .420598557E-05  .370224557E-05  .325605331E-05
  .286118512E-05  .251204901E-05  .220362521E-05  .193141189E-05  .169137550E-05
  .147990552E-05  .129377315E-05  .113009367E-05  .986292302E-06  .860073064E-06
  .749390594E-06  .652424551E-06  .567556447E-06  .493348684E-06  .428525610E-06
  .371956414E-06  .322639710E-06  .279689646E-06  .242323415E-06  .209850033E-06
  .181660269E-06  .157217631E-06  .136050296E-06  .117743917E-06  .101935205E-06
  .883062380E-07  .765794176E-07  .665130277E-07  .578973422E-07  .505512444E-07
  .443193230E-07  .390694258E-07  .346906454E-07  .310917732E-07  .262237368E-07
  .221022883E-07  .186165635E-07  .156715989E-07  .131861385E-07  .110907301E-07
  .932607518E-08  .784159995E-08  .659421962E-08  .554727088E-08  .466959099E-08
  .393472415E-08  .332023864E-08  .280713995E-08  .237936725E-08  .202336204E-08
  .172769935E-08  .148277317E-08  .128052879E-08  .111423604E-08  .978297990E-09
  .868090728E-09  .779830460E-09  .710464940E-09  .657586797E-09  .619367077E-09
  .594507328E-09  .582211640E-09  .582175484E-09  .477452358E-09  .390970706E-09
  .319661329E-09  .260952414E-09  .212692156E-09  .173082887E-09  .140625094E-09
  .114069903E-09  .923788053E-10  .746895908E-10  .602875594E-10  .485812397E-10
  .390819390E-10  .313865479E-10  .251631050E-10  .201386981E-10  .160893412E-10
  .128315178E-10  .102151290E-10  .811762262E-11  .643911422E-11  .509833914E-11
  .402930046E-11  .317849775E-11  .250264028E-11  .196676345E-11  .154268009E-11
  .120770955E-11  .943636639E-12  .735860542E-12  .572700252E-12  .444828947E-12
  .344814202E-12  .266744990E-12  .205929690E-12  .158652063E-12  .121974488E-12
  .935796046E-13  .716431539E-13  .547320593E-13  .417229250E-13  .317369939E-13
  .240883515E-13  .182427681E-13  .137850652E-13  .103932974E-13  .781837127E-14
  .586799225E-14  .439404937E-14  .328272338E-14  .244674854E-14  .181937307E-14
  .134965630E-14  .998815273E-15  .737393378E-15  .543071245E-15  .398978305E-15
  .292393677E-15  .213749030E-15  .155865143E-15  .113368829E-15  .822487280E-16
  .595177619E-16  .429572823E-16  .309236447E-16  .222023537E-16  .158983683E-16
  .113538183E-16  .808644734E-17  .574368400E-17  .406846616E-17  .287388008E-17
  .202439210E-17  .142199774E-17  .996028122E-18  .695669220E-18  .484487371E-18
  .336434505E-18  .232941482E-18  .160809286E-18  .110683550E-18  .759542872E-19
  .519646823E-19  .354438151E-19  .241011738E-19  .163376933E-19  .110404626E-19
  .743732716E-20  .499423056E-20  .334296089E-20  .223045693E-20  .148335455E-20
  .983271215E-21  .649632103E-21  .427775490E-21  .280741724E-21  .183623796E-21
  .119693367E-21  .777532293E-22  .503340661E-22  .324704818E-22  .208730734E-22
  .133703487E-22  .853385668E-23  .542727407E-23  .343905701E-23  .217122848E-23
  .136573809E-23  .855878615E-24  .534351205E-24  .332351910E-24  .205926926E-24
  .127103747E-24  .781484600E-25  .478614468E-25  .291971810E-25  .177407504E-25
  .107365601E-25  .647152287E-26  .388491841E-26  .232261492E-26  .138285970E-26
  .819917611E-27  .484104329E-27  .284622827E-27  .166627907E-27  .971310569E-28
  .563749092E-28  .325773564E-28  .187427288E-28  .107354793E-28  .612161768E-29
  .347497350E-29  .196363871E-29  .110453784E-29  .618432851E-30  .344652407E-30
  .191174800E-30  .105541717E-30  .579889624E-31  .317086349E-31  .172545643E-31
  .934346115E-32  .503467977E-32  .269947319E-32  .144016402E-32  .764457247E-33
  .403724544E-33  .212124125E-33  .110879190E-33  .576563396E-34  .298237983E-34
  .153454412E-34  .785376460E-35  .399797279E-35  .202416763E-35  .101924569E-35
  .510408612E-36  .254181874E-36  .125874935E-36  .619844151E-37  .303497158E-37
  .147752820E-37  .715164493E-38  .344147771E-38  .164638916E-38  .782975299E-39
  .370144237E-39  .173932391E-39  .812373024E-40  .377115959E-40  .173987237E-40
  .797740118E-41  .363484052E-41  .164576312E-41  .740432215E-42  .330991697E-42
  .147007783E-42  .648682877E-43  .284361421E-43  .123831785E-43  .535665524E-44
  .230161180E-44  .982253964E-45  .416337158E-45  .175255787E-45  .732624303E-46
  .304121969E-46  .125356641E-46  .513044866E-47  .208471629E-47  .841002252E-48
  .336806690E-48  .133897410E-48  .528379455E-49  .206955085E-49  .804519657E-50
  .310385437E-50  .118834806E-50  .451478365E-51  .170197935E-51  .636602846E-52
  .236239479E-52  .869717950E-53  .317627923E-53  .115065519E-53  .413456469E-54
  .147347915E-54  .520785803E-55  .182535065E-55  .634419267E-56  .218635125E-56
  .747046115E-57  .253063170E-57  .849834669E-58  .282900414E-58  .933460163E-59
  .305274298E-59  .989431823E-60  .317798156E-60  .101147504E-60  .318981463E-61
  .996667098E-62  .000000000E+00  .000000000E+00  .000000000E+00  .000000000E+00
  .000000000E+00  .000000000E+00  .000000000E+00  .000000000E+00  .000000000E+00
  .000000000E+00  .000000000E+00  .000000000E+00  .000000000E+00  .000000000E+00
  .000000000E+00  .000000000E+00  .000000000E+00  .000000000E+00  .000000000E+00
  .000000000E+00  .000000000E+00  .000000000E+00  .000000000E+00  .000000000E+00
  .000000000E+00  .000000000E+00  .000000000E+00  .000000000E+00  .000000000E+00
  .000000000E+00  .000000000E+00  .000000000E+00  .000000000E+00  .000000000E+00
  .000000000E+00  .000000000E+00  .000000000E+00  .000000000E+00  .000000000E+00
  .000000000E+00  .000000000E+00  .000000000E+00  .000000000E+00  .000000000E+00
  .000000000E+00  .000000000E+00  .000000000E+00  .000000000E+00  .000000000E+00
  .000000000E+00  .000000000E+00  .000000000E+00  .000000000E+00  .000000000E+00
  .000000000E+00  .000000000E+00  .000000000E+00  .000000000E+00  .000000000E+00
  .000000000E+00  .000000000E+00  .000000000E+00  .000000000E+00  .000000000E+00
  .000000000E+00  .000000000E+00  .000000000E+00  .000000000E+00  .000000000E+00
  .000000000E+00  .000000000E+00  .000000000E+00  .000000000E+00  .000000000E+00
  .000000000E+00  .000000000E+00  .000000000E+00  .000000000E+00  .000000000E+00
  .000000000E+00  .000000000E+00  .000000000E+00  .000000000E+00  .000000000E+00
  .000000000E+00  .000000000E+00  .000000000E+00  .000000000E+00  .000000000E+00
  .000000000E+00  .000000000E+00  .000000000E+00  .000000000E+00  .000000000E+00
  .000000000E+00  .000000000E+00  .000000000E+00  .000000000E+00  .000000000E+00
  .000000000E+00  .000000000E+00  .000000000E+00  .000000000E+00  .000000000E+00
  .000000000E+00  .000000000E+00  .000000000E+00  .000000000E+00  .000000000E+00
  .000000000E+00  .000000000E+00  .000000000E+00  .000000000E+00  .000000000E+00
  .000000000E+00  .000000000E+00  .000000000E+00  .000000000E+00  .000000000E+00
  .000000000E+00  .000000000E+00  .000000000E+00  .000000000E+00  .000000000E+00
  .000000000E+00  .000000000E+00  .000000000E+00  .000000000E+00  .000000000E+00
  .000000000E+00  .000000000E+00  .000000000E+00  .000000000E+00  .000000000E+00
  .000000000E+00  .000000000E+00  .000000000E+00  .000000000E+00  .000000000E+00
  .000000000E+00  .000000000E+00  .000000000E+00  .000000000E+00  .000000000E+00
  .000000000E+00  .000000000E+00  .000000000E+00  .000000000E+00  .000000000E+00
  .000000000E+00  .000000000E+00  .000000000E+00  .000000000E+00  .000000000E+00
  .000000000E+00  .000000000E+00  .000000000E+00  .000000000E+00  .000000000E+00
  .000000000E+00  .000000000E+00  .000000000E+00  .000000000E+00  .000000000E+00
  .000000000E+00  .000000000E+00  .000000000E+00  .000000000E+00  .000000000E+00
  .000000000E+00  .000000000E+00  .000000000E+00  .000000000E+00  .000000000E+00
  .000000000E+00  .000000000E+00  .000000000E+00  .000000000E+00  .000000000E+00
  .000000000E+00  .000000000E+00  .000000000E+00  .000000000E+00  .000000000E+00
  .000000000E+00  .000000000E+00  .000000000E+00  .000000000E+00  .000000000E+00
  .000000000E+00  .000000000E+00  .000000000E+00  .000000000E+00  .000000000E+00
  .000000000E+00  .000000000E+00  .000000000E+00  .000000000E+00  .000000000E+00
  .000000000E+00  .000000000E+00  .000000000E+00  .000000000E+00  .000000000E+00
