Ac:                                     
  .103683047E+01  .104933230E+01  .106198303E+01  .107478442E+01  .108773822E+01
  .110084621E+01  .111411019E+01  .112753198E+01  .114111341E+01  .115485636E+01
  .116876270E+01  .118283434E+01  .119707319E+01  .121148122E+01  .122606037E+01
  .124081265E+01  .125574006E+01  .127084465E+01  .128612846E+01  .130159358E+01
  .131724211E+01  .133307618E+01  .134909793E+01  .136530955E+01  .138171323E+01
  .139831120E+01  .141510569E+01  .143209900E+01  .144929340E+01  .146669123E+01
  .148429484E+01  .150210660E+01  .152012890E+01  .153836419E+01  .155681491E+01
  .157548354E+01  .159437260E+01  .161348461E+01  .163282215E+01  .165238781E+01
  .167218420E+01  .169221397E+01  .171247981E+01  .173298441E+01  .175373053E+01
  .177472092E+01  .179595837E+01  .181744573E+01  .183918584E+01  .186118160E+01
  .188343592E+01  .190595176E+01  .192873210E+01  .195177995E+01  .197509837E+01
  .199869044E+01  .202255926E+01  .204670800E+01  .207113982E+01  .209585795E+01
  .212086564E+01  .214616617E+01  .217176286E+01  .219765907E+01  .222385819E+01
  .225036364E+01  .227717890E+01  .230430745E+01  .233175285E+01  .235951865E+01
  .238760849E+01  .241602600E+01  .244477488E+01  .247385885E+01  .250328169E+01
  .253304720E+01  .256315923E+01  .259362166E+01  .262443842E+01  .265561349E+01
  .268715087E+01  .271905461E+01  .275132881E+01  .278397761E+01  .281700518E+01
  .285041575E+01  .288421358E+01  .291840299E+01  .295298832E+01  .298797398E+01
  .302336441E+01  .305916410E+01  .309537758E+01  .313200945E+01  .316906432E+01
  .320654687E+01  .324446183E+01  .328281396E+01  .332160809E+01  .336084908E+01
  .340054184E+01  .344069136E+01  .348130263E+01  .352238072E+01  .356393076E+01
  .360595791E+01  .364846739E+01  .369146446E+01  .373495446E+01  .377894275E+01
  .382343477E+01  .386843600E+01  .391395197E+01  .395998827E+01  .400655055E+01
  .405364450E+01  .410127589E+01  .414945051E+01  .419817425E+01  .424745302E+01
  .429729280E+01  .434769963E+01  .439867961E+01  .445023889E+01  .450238369E+01
  .455512027E+01  .460845497E+01  .466239419E+01  .471694436E+01  .477211201E+01
  .482790370E+01  .488432608E+01  .494138584E+01  .499908973E+01  .505744459E+01
  .511645729E+01  .517613479E+01  .523648410E+01  .529751229E+01  .535922650E+01
  .542163394E+01  .548474189E+01  .554855767E+01  .561308870E+01  .567834244E+01
  .574432643E+01  .581104828E+01  .587851564E+01  .594673628E+01  .601571798E+01
  .608546864E+01  .615599618E+01  .622730864E+01  .629941409E+01  .637232068E+01
  .644603665E+01  .652057028E+01  .659592994E+01  .667212407E+01  .674916119E+01
  .682704985E+01  .690579873E+01  .698541655E+01  .706591210E+01  .714729425E+01
  .722957195E+01  .731275422E+01  .739685014E+01  .748186888E+01  .756781967E+01
  .765471184E+01  .774255477E+01  .783135791E+01  .792113082E+01  .801188309E+01
  .810362442E+01  .819636457E+01  .829011338E+01  .838488075E+01  .848067670E+01
  .857751126E+01  .867539460E+01  .877433692E+01  .887434853E+01  .897543978E+01
  .907762113E+01  .918090310E+01  .928529629E+01  .939081137E+01  .949745910E+01
  .960525030E+01  .971419588E+01  .982430681E+01  .993559415E+01  .100480690E+02
  .101617427E+02  .102766264E+02  .103927314E+02  .105100693E+02  .106286516E+02
  .107484897E+02  .108695955E+02  .109919805E+02  .111156567E+02  .112406359E+02
  .113669300E+02  .114945511E+02  .116235114E+02  .117538228E+02  .118854978E+02
  .120185486E+02  .121529877E+02  .122888274E+02  .124260802E+02  .125647589E+02
  .127048761E+02  .128464444E+02  .129894768E+02  .131339860E+02  .132799850E+02
  .134274869E+02  .135765046E+02  .137270513E+02  .138791402E+02  .140327846E+02
  .141879978E+02  .143447930E+02  .145031839E+02  .146631839E+02  .148248064E+02
  .149880653E+02  .151529740E+02  .153195463E+02  .154877960E+02  .156577369E+02
  .158293829E+02  .160027480E+02  .161778459E+02  .163546909E+02  .165332969E+02
  .167136780E+02  .168958484E+02  .170798222E+02  .172656138E+02  .174532372E+02
  .176427069E+02  .178340372E+02  .180272423E+02  .182223367E+02  .184193348E+02
  .186182511E+02  .188190999E+02  .190218958E+02  .192266533E+02  .194333868E+02
  .196421109E+02  .198528401E+02  .200655890E+02  .202803722E+02  .204972041E+02
  .207160994E+02  .209370726E+02  .211601382E+02  .213853108E+02  .216126049E+02
  .218420351E+02  .220736159E+02  .223073616E+02  .225432869E+02  .227814061E+02
  .230217337E+02  .232642839E+02  .235090712E+02  .237561099E+02  .240054142E+02
  .242569983E+02  .245108764E+02  .247670625E+02  .250255708E+02  .252864151E+02
  .255496095E+02  .258151677E+02  .260831036E+02  .263534307E+02  .266261628E+02
  .269013133E+02  .271788956E+02  .274589231E+02  .277414089E+02  .280263663E+02
  .283138081E+02  .286037472E+02  .288961965E+02  .291911684E+02  .294886756E+02
  .297887303E+02  .300913448E+02  .303965311E+02  .307043010E+02  .310146664E+02
  .313276388E+02  .316432295E+02  .319614498E+02  .322823106E+02  .326058228E+02
  .329319971E+02  .332608437E+02  .335923729E+02  .339265947E+02  .342635188E+02
  .346031548E+02  .349455117E+02  .352905988E+02  .356384247E+02  .359889980E+02
  .363423268E+02  .366984191E+02  .370572825E+02  .374189243E+02  .377833517E+02
  .381505713E+02  .385205896E+02  .388934126E+02  .392690461E+02  .396474954E+02
  .400287657E+02  .404128615E+02  .407997872E+02  .411895467E+02  .415821435E+02
  .419775808E+02  .423758612E+02  .427769871E+02  .431809602E+02  .435877821E+02
  .439974537E+02  .444099756E+02  .448253477E+02  .452435696E+02  .456646404E+02
  .460885587E+02  .465153225E+02  .469449295E+02  .473773765E+02  .478126601E+02
  .482507762E+02  .486917202E+02  .491354867E+02  .495820701E+02  .500314639E+02
  .504836610E+02  .509386539E+02  .513964344E+02  .518569933E+02  .523203214E+02
  .527864082E+02  .532552429E+02  .537268139E+02  .542011090E+02  .546781150E+02
  .551578184E+02  .556402045E+02  .561252583E+02  .566129637E+02  .571033039E+02
  .575962616E+02  .580918183E+02  .585899550E+02  .590906516E+02  .595938874E+02
  .600996408E+02  .606078893E+02  .611186096E+02  .616317774E+02  .621473677E+02
  .626653544E+02  .631857105E+02  .637084083E+02  .642334190E+02  .647607127E+02
  .652902589E+02  .658220258E+02  .663559807E+02  .668920901E+02  .674303193E+02
  .679706325E+02  .685129932E+02  .690573634E+02  .696037046E+02  .701519767E+02
  .707021390E+02  .712541493E+02  .718079646E+02  .723635407E+02  .729208324E+02
  .734797931E+02  .740403755E+02  .746025307E+02  .751662089E+02  .757313592E+02
  .762979295E+02  .768658664E+02  .774351155E+02  .780056210E+02  .785773262E+02
  .791501730E+02  .797241021E+02  .802990530E+02  .808749642E+02  .814517727E+02
  .820294144E+02  .826078239E+02  .831869347E+02  .837666790E+02  .843469878E+02
  .849277907E+02  .855090164E+02  .860905919E+02  .866724434E+02  .872544956E+02
  .878366720E+02  .884188950E+02  .890010855E+02  .895831635E+02  .901650475E+02
  .907466548E+02  .913279017E+02  .919087031E+02  .924889727E+02  .930686230E+02
  .936475654E+02  .942257100E+02  .948029658E+02  .953792406E+02  .959544410E+02
  .965284725E+02  .971012396E+02  .976726454E+02  .982425922E+02  .988109810E+02
  .993777118E+02  .999426835E+02  .100505794E+03  .101066941E+03  .101626019E+03
  .102182924E+03  .102737549E+03  .103289788E+03  .103839533E+03  .104386675E+03
  .104931105E+03  .105472713E+03  .106011386E+03  .106547014E+03  .107079483E+03
  .107608680E+03  .108134492E+03  .108656804E+03  .109175501E+03  .109690466E+03
  .110201584E+03  .110708738E+03  .111211812E+03  .111710687E+03  .112205246E+03
  .112695370E+03  .113180943E+03  .113661844E+03  .114137956E+03  .114609160E+03
  .115075337E+03  .115536369E+03  .115992137E+03  .116442523E+03  .116887409E+03
  .117326677E+03  .117760208E+03  .118187887E+03  .118609597E+03  .119025221E+03
  .119434644E+03  .119837751E+03  .120234428E+03  .120624562E+03  .121008041E+03
  .121384753E+03  .121754588E+03  .122117437E+03  .122473192E+03  .122821746E+03
  .123162995E+03  .123496834E+03  .123823161E+03  .124141876E+03  .124452881E+03
  .124756077E+03  .125051371E+03  .125338669E+03  .125617880E+03  .125888916E+03
  .126151690E+03  .126406119E+03  .126652121E+03  .126889616E+03  .127118530E+03
  .127338788E+03  .127550321E+03  .127753061E+03  .127946943E+03  .128131906E+03
  .128307894E+03  .128474851E+03  .128632726E+03  .128781474E+03  .128921049E+03
  .129051414E+03  .129172531E+03  .129284371E+03  .129386905E+03  .129480110E+03
  .129563969E+03  .129638466E+03  .129703592E+03  .129759344E+03  .129805719E+03
  .129842725E+03  .129870370E+03  .129888669E+03  .129897644E+03  .129897319E+03
  .129887726E+03  .129868901E+03  .129840887E+03  .129803731E+03  .129757488E+03
  .129702216E+03  .129637981E+03  .129564856E+03  .129482917E+03  .129392250E+03
  .129292943E+03  .129185094E+03  .129068806E+03  .128944188E+03  .128811357E+03
  .128670435E+03  .128521552E+03  .128364844E+03  .128200455E+03  .128028533E+03
  .127849235E+03  .127662726E+03  .127469176E+03  .127268761E+03  .127061667E+03
  .126848085E+03  .126628213E+03  .126402257E+03  .126170428E+03  .125932947E+03
  .125690040E+03  .125441939E+03  .125188886E+03  .124931126E+03  .124668914E+03
  .124402510E+03  .124132182E+03  .123858203E+03  .123580855E+03  .123300423E+03
  .123017202E+03  .122731490E+03  .122443594E+03  .122153827E+03  .121862504E+03
  .121569951E+03  .121276497E+03  .120982477E+03  .120688230E+03  .120394103E+03
  .120100445E+03  .119807612E+03  .119515965E+03  .119225866E+03  .118937686E+03
  .118651796E+03  .118368572E+03  .118088395E+03  .117811646E+03  .117538713E+03
  .117269984E+03  .117005850E+03  .116746704E+03  .116492940E+03  .116244956E+03
  .116003149E+03  .115767917E+03  .115539659E+03  .115318774E+03  .115105662E+03
  .114900719E+03  .114704344E+03  .114516932E+03  .114338877E+03  .114170570E+03
  .114012402E+03  .113864758E+03  .113728022E+03  .113602570E+03  .113488780E+03
  .113387019E+03  .113297652E+03  .113221039E+03  .113157532E+03  .113107475E+03
  .113071210E+03  .113049065E+03  .113041365E+03  .113048423E+03  .113070546E+03
  .113108028E+03  .113161155E+03  .113230203E+03  .113315435E+03  .113417103E+03
  .113535447E+03  .113670696E+03  .113823064E+03  .113992751E+03  .114179945E+03
  .114384818E+03  .114607527E+03  .114848214E+03  .115107005E+03  .115384009E+03
  .115679319E+03  .115993010E+03  .116325139E+03  .116675746E+03  .117044851E+03
  .117432457E+03  .117838544E+03  .118263077E+03  .118705996E+03  .119167225E+03
  .119646665E+03  .120144196E+03  .120659676E+03  .121192944E+03  .121743815E+03
  .122312081E+03  .122897515E+03  .123499865E+03  .124118857E+03  .124754195E+03
  .125405560E+03  .126072609E+03  .126754977E+03  .127452276E+03  .128164096E+03
  .128890002E+03  .129629539E+03  .130382227E+03  .131147565E+03  .131925029E+03
  .132714073E+03  .133514129E+03  .134324608E+03  .135144899E+03  .135974372E+03
  .136812373E+03  .137658233E+03  .138511258E+03  .139370739E+03  .140235948E+03
  .141106136E+03  .141980541E+03  .142858382E+03  .143738863E+03  .144621172E+03
  .145504483E+03  .146387958E+03  .147270745E+03  .148151981E+03  .149030791E+03
  .149906292E+03  .150777591E+03  .151643788E+03  .152503976E+03  .153357244E+03
  .154202675E+03  .155039349E+03  .155866347E+03  .156682745E+03  .157487623E+03
  .158280062E+03  .159059147E+03  .159823968E+03  .160573620E+03  .161307207E+03
  .162023841E+03  .162722645E+03  .163402755E+03  .164063319E+03  .164703500E+03
  .165322480E+03  .165919457E+03  .166493648E+03  .167044294E+03  .167570655E+03
  .168072019E+03  .168547697E+03  .168997029E+03  .169419382E+03  .169814154E+03
  .170180777E+03  .170518712E+03  .170827459E+03  .171106550E+03  .171355557E+03
  .171574090E+03  .171761799E+03  .171918376E+03  .172043553E+03  .172137108E+03
  .172198865E+03  .172228689E+03  .172226497E+03  .172192251E+03  .172125961E+03
  .172027688E+03  .171897544E+03  .171735688E+03  .171542335E+03  .171317749E+03
  .171062246E+03  .170776195E+03  .170460020E+03  .170114195E+03  .169739248E+03
  .169335760E+03  .168904364E+03  .168445747E+03  .167960647E+03  .167449852E+03
  .166914203E+03  .166354592E+03  .165771957E+03  .165167288E+03  .164541620E+03
  .163896035E+03  .163231660E+03  .162549664E+03  .161851261E+03  .161137703E+03
  .160410281E+03  .159670321E+03  .158919187E+03  .158158272E+03  .157389002E+03
  .156612829E+03  .155831232E+03  .155045712E+03  .154257789E+03  .153469003E+03
  .152680906E+03  .151895066E+03  .151113054E+03  .150336450E+03  .149566837E+03
  .148805795E+03  .148054900E+03  .147315722E+03  .146589819E+03  .145878734E+03
  .145183993E+03  .144507100E+03  .143849533E+03  .143212743E+03  .142598147E+03
  .142007127E+03  .141441025E+03  .140901140E+03  .140388726E+03  .139904983E+03
  .139451061E+03  .139028051E+03  .138636985E+03  .138278830E+03  .137954486E+03
  .137664786E+03  .137410486E+03  .137192269E+03  .137010739E+03  .136866418E+03
  .136759745E+03  .136691073E+03  .136660668E+03  .136668704E+03  .136715266E+03
  .136800342E+03  .136923828E+03  .137085523E+03  .137285130E+03  .137522253E+03
  .137796399E+03  .138106975E+03  .138453290E+03  .138834557E+03  .139249887E+03
  .139698297E+03  .140178707E+03  .140689941E+03  .141230730E+03  .141799716E+03
  .142395447E+03  .143016386E+03  .143660912E+03  .144327320E+03  .145013829E+03
  .145718580E+03  .146439644E+03  .147175022E+03  .147922655E+03  .148680420E+03
  .149446144E+03  .150217599E+03  .150992518E+03  .151768589E+03  .152543469E+03
  .153314785E+03  .154080143E+03  .154837131E+03  .155583327E+03  .156316302E+03
  .157033634E+03  .157732906E+03  .158411715E+03  .159067683E+03  .159698458E+03
  .160301723E+03  .160875203E+03  .161416671E+03  .161923954E+03  .162394942E+03
  .162827592E+03  .163219935E+03  .163570084E+03  .163876236E+03  .164136685E+03
  .164349819E+03  .164514133E+03  .164628231E+03  .164690831E+03  .164700773E+03
  .164657017E+03  .164558657E+03  .164404916E+03  .164195154E+03  .163928871E+03
  .163605710E+03  .163225459E+03  .162788053E+03  .162293577E+03  .161742266E+03
  .161134507E+03  .160470838E+03  .159751951E+03  .158978688E+03  .158152042E+03
  .157273156E+03  .156343321E+03  .155363971E+03  .154336686E+03  .153263182E+03
  .152145314E+03  .150985067E+03  .149784551E+03  .148546002E+03  .147271768E+03
  .145964312E+03  .144626198E+03  .143260087E+03  .141868734E+03  .140454973E+03
  .139021716E+03  .137571941E+03  .136108684E+03  .134635031E+03  .133154111E+03
  .131669084E+03  .130183131E+03  .128699447E+03  .127221232E+03  .125751677E+03
  .124293960E+03  .122851231E+03  .121426605E+03  .120023150E+03  .118643881E+03
  .117291747E+03  .115969622E+03  .114680297E+03  .113426470E+03  .112210736E+03
  .111035582E+03  .109903372E+03  .108816347E+03  .107776613E+03  .106786130E+03
  .105846716E+03  .104960029E+03  .104127567E+03  .103350663E+03  .102630478E+03
  .101967997E+03  .101364027E+03  .100819191E+03  .100333928E+03  .999084900E+02
  .995429396E+02  .992371511E+02  .989908095E+02  .988034111E+02  .986742650E+02
  .986024945E+02  .985870402E+02  .986266626E+02  .987199462E+02  .988653036E+02
  .990609808E+02  .993050627E+02  .995954788E+02  .999300107E+02  .100306298E+03
  .100721849E+03  .101174043E+03  .101660147E+03  .102177317E+03  .102722613E+03
  .103293005E+03  .103885386E+03  .104496579E+03  .105123354E+03  .105762429E+03
  .106410489E+03  .107064195E+03  .107720193E+03  .108375127E+03  .109025650E+03
  .109668435E+03  .110300185E+03  .110917644E+03  .111517610E+03  .112096943E+03
  .112652575E+03  .113181521E+03  .113680889E+03  .114147887E+03  .114579834E+03
  .114974168E+03  .115328452E+03  .115640383E+03  .115907799E+03  .116128685E+03
  .116301178E+03  .116423572E+03  .116494326E+03  .116512062E+03  .116475574E+03
  .116383828E+03  .116235965E+03  .116031299E+03  .115769323E+03  .115449709E+03
  .115072301E+03  .114637122E+03  .114144368E+03  .113594404E+03  .112987768E+03
  .112325159E+03  .111607440E+03  .110835630E+03  .110010899E+03  .109134566E+03
  .108208087E+03  .107233054E+03  .106211186E+03  .105144321E+03  .104034410E+03
  .102883510E+03  .101693774E+03  .100467443E+03  .992068392E+02  .979143560E+02
  .965924484E+02  .952436268E+02  .938704441E+02  .924754912E+02  .910613834E+02
  .896307561E+02  .881862512E+02  .867305130E+02  .852661748E+02  .837958552E+02
  .823221448E+02  .808476032E+02  .793747459E+02  .779060423E+02  .764439023E+02
  .749906759E+02  .735486399E+02  .721199980E+02  .707068687E+02  .693112860E+02
  .679351883E+02  .665804195E+02  .652487189E+02  .639417235E+02  .626609583E+02
  .614078399E+02  .601836676E+02  .589896276E+02  .578267856E+02  .566960915E+02
  .555983729E+02  .545343408E+02  .535045843E+02  .525095764E+02  .515496703E+02
  .506251058E+02  .497360063E+02  .488823856E+02  .480641467E+02  .472810883E+02
  .465329048E+02  .458191931E+02  .451394535E+02  .444930968E+02  .438794459E+02
  .432977436E+02  .427471539E+02  .422267706E+02  .417356193E+02  .412726655E+02
  .408368175E+02  .404269343E+02  .400418290E+02  .396802760E+02  .393410154E+02
  .390227599E+02  .387241989E+02  .384440053E+02  .381808397E+02  .379333570E+02
  .377002107E+02  .374800581E+02  .372715658E+02  .370734135E+02  .368842998E+02
  .367029452E+02  .365280976E+02  .363585350E+02  .361930706E+02  .360305547E+02
  .358698795E+02  .357099807E+02  .355498414E+02  .353884912E+02  .352250163E+02
  .350585531E+02  .348882936E+02  .347134859E+02  .345334356E+02  .343475065E+02
  .341551214E+02  .339557619E+02  .337489693E+02  .335343433E+02  .333115430E+02
  .330802812E+02  .328403356E+02  .325915354E+02  .323337653E+02  .320669627E+02
  .317911172E+02  .315062680E+02  .312125025E+02  .309099537E+02  .305987988E+02
  .302792559E+02  .299515827E+02  .296160731E+02  .292730552E+02  .289228875E+02
  .285659594E+02  .282026855E+02  .278335038E+02  .274588728E+02  .270792698E+02
  .266951867E+02  .263071291E+02  .259156120E+02  .255211588E+02  .251242976E+02
  .247255596E+02  .243254761E+02  .239245769E+02  .235233876E+02  .231224279E+02
  .227222090E+02  .223232327E+02  .219259887E+02  .215309536E+02  .211385887E+02
  .207493395E+02  .203636334E+02  .199818793E+02  .196044661E+02  .192317620E+02
  .188641134E+02  .185018446E+02  .181452568E+02  .177946281E+02  .174502127E+02
  .171122411E+02  .167809194E+02  .164564300E+02  .161389309E+02  .158285567E+02
  .155254182E+02  .152296030E+02  .149411760E+02  .146601799E+02  .143866355E+02
  .141205429E+02  .138618817E+02  .136106121E+02  .133666755E+02  .131299957E+02
  .129004792E+02  .126780169E+02  .124624844E+02  .122537436E+02  .120516432E+02
  .118560201E+02  .116667001E+02  .114834994E+02  .113062249E+02  .111346764E+02
  .109686463E+02  .108079218E+02  .106522850E+02  .105015144E+02  .103553841E+02
  .102136698E+02  .100761442E+02  .994258019E+01  .981275128E+01  .968643279E+01
  .956340205E+01  .944343988E+01  .932633042E+01  .921186268E+01  .909983022E+01
  .899003263E+01  .888227516E+01  .877637003E+01  .867213608E+01  .856939976E+01
  .846799512E+01  .836776218E+01  .826855345E+01  .817022770E+01  .807265223E+01
  .797570317E+01  .787926543E+01  .778323280E+01  .768750778E+01  .759200212E+01
  .749663570E+01  .740133787E+01  .730604601E+01  .721070631E+01  .711527292E+01
  .701970837E+01  .692398272E+01  .682807387E+01  .673196679E+01  .663565374E+01
  .653913344E+01  .644241126E+01  .634549839E+01  .624841205E+01  .615117453E+01
  .605381269E+01  .595635934E+01  .585885103E+01  .576132799E+01  .566383426E+01
  .556641683E+01  .546912580E+01  .537201346E+01  .527513448E+01  .517854505E+01
  .508230303E+01  .498646715E+01  .489109710E+01  .479625282E+01  .470199463E+01
  .460838248E+01  .451547610E+01  .442333434E+01  .433201534E+01  .424157583E+01
  .415207134E+01  .406355562E+01  .397608080E+01  .388969686E+01  .380445179E+01
  .372039113E+01  .363755819E+01  .355599353E+01  .347573528E+01  .339681862E+01
  .331927614E+01  .324313737E+01  .316842910E+01  .309517500E+01  .302339599E+01
  .295310978E+01  .288433133E+01  .281707247E+01  .275134228E+01  .268714675E+01
  .262448927E+01  .256337020E+01  .250378742E+01  .244573597E+01  .238920841E+01
  .233419479E+01  .228068285E+01  .222865799E+01  .217810342E+01  .212900029E+01
  .208132778E+01  .203506322E+01  .199018220E+01  .194665870E+01  .190446473E+01
  .186357190E+01  .182395006E+01  .178556790E+01  .174839315E+01  .171239260E+01
  .167753229E+01  .164377760E+01  .161109337E+01  .157944402E+01  .154879364E+01
  .151910610E+01  .149034517E+01  .146247461E+01  .143545827E+01  .140926015E+01
  .138384456E+01  .135917611E+01  .133521989E+01  .131194145E+01  .128930694E+01
  .126728315E+01  .124583758E+01  .122493846E+01  .120455488E+01  .118465622E+01
  .116521390E+01  .114619966E+01  .112758626E+01  .110934743E+01  .109145799E+01
  .107389378E+01  .105663173E+01  .103964986E+01  .102292731E+01  .100644428E+01
  .990182143E+00  .974123324E+00  .958251406E+00  .942551023E+00  .927007946E+00
  .911608977E+00  .896342026E+00  .881195997E+00  .866160867E+00  .851227565E+00
  .836388043E+00  .821635153E+00  .806962719E+00  .792365403E+00  .777838778E+00
  .763379193E+00  .748983839E+00  .734650616E+00  .720378194E+00  .706165880E+00
  .692013680E+00  .677922158E+00  .663892506E+00  .649926397E+00  .636026055E+00
  .622194110E+00  .608433666E+00  .594748160E+00  .581141428E+00  .567617565E+00
  .554180991E+00  .540836315E+00  .527588400E+00  .514442231E+00  .501402981E+00
  .488475879E+00  .475666279E+00  .462979434E+00  .450420862E+00  .437995916E+00
  .425709962E+00  .413568255E+00  .401576012E+00  .389738299E+00  .378060094E+00
  .366546186E+00  .355201237E+00  .344029688E+00  .333035817E+00  .322223650E+00
  .311597028E+00  .301159513E+00  .290914459E+00  .280864924E+00  .271013740E+00
  .261363432E+00  .251916285E+00  .242674269E+00  .233639109E+00  .224812207E+00
  .216194722E+00  .207787490E+00  .199591104E+00  .191605839E+00  .183831734E+00
  .176268518E+00  .168915694E+00  .161772464E+00  .154837818E+00  .148110460E+00
  .141588895E+00  .135271366E+00  .129155915E+00  .123240368E+00  .117522348E+00
  .111999291E+00  .106668451E+00  .101526912E+00  .965716003E-01  .917992229E-01
  .872064975E-01  .827899387E-01  .785459476E-01  .744708224E-01  .705607698E-01
  .668119159E-01  .632203171E-01  .597819704E-01  .564928242E-01  .533487882E-01
  .503457436E-01  .474795522E-01  .447460662E-01  .421411369E-01  .396606233E-01
  .373004003E-01  .350563665E-01  .329244517E-01  .309006238E-01  .289808955E-01
  .271613304E-01  .254380488E-01  .238072328E-01  .222651316E-01  .208080657E-01
  .194324308E-01  .181347018E-01  .169114359E-01  .157592753E-01  .146749498E-01
  .136552788E-01  .126971731E-01  .117976363E-01  .109537656E-01  .101627528E-01
  .942188439E-02  .872854203E-02  .808020210E-02  .747443544E-02  .690890661E-02
  .638137308E-02  .588968411E-02  .543172487E-02  .500558164E-02  .460936875E-02
  .424128629E-02  .389961812E-02  .358272991E-02  .328906695E-02  .301715196E-02
  .276558283E-02  .253303022E-02  .231823526E-02  .212000707E-02  .193722038E-02
  .176881303E-02  .161378357E-02  .147118878E-02  .134014129E-02  .121980712E-02
  .110940336E-02  .100819579E-02  .915496641E-03  .830662274E-03  .753091048E-03
  .682221134E-03  .617528464E-03  .558524684E-03  .504755218E-03  .455797356E-03
  .411258448E-03  .370774132E-03  .334006660E-03  .300643269E-03  .270394638E-03
  .242993404E-03  .218192753E-03  .195765074E-03  .175500677E-03  .157206587E-03
  .140705385E-03  .125834126E-03  .112443308E-03  .100395904E-03  .895664472E-04
  .798401712E-04  .711122054E-04  .632868176E-04  .562767053E-04  .500023341E-04
  .443913186E-04  .393778460E-04  .349021393E-04  .309099576E-04  .273521326E-04
  .241841384E-04  .213656936E-04  .188603920E-04  .166353630E-04  .146609574E-04
  .129104577E-04  .113598124E-04  .998739085E-05  .877375875E-05  .770147226E-05
  .675488942E-05  .591999765E-05  .518425626E-05  .453645277E-05  .396657191E-05
  .346567651E-05  .302579912E-05  .263984370E-05  .230149637E-05  .200514469E-05
  .174580449E-05  .151905388E-05  .132097357E-05  .114809321E-05  .997342894E-06
  .866009715E-06  .751698622E-06  .652297362E-06  .565945052E-06  .491004060E-06
  .426034886E-06  .369773762E-06  .321112699E-06  .279081773E-06  .242833419E-06
  .211628569E-06  .184824451E-06  .161863924E-06  .142266215E-06  .125618975E-06
  .111571552E-06  .998294614E-07  .901499968E-07  .823389892E-07  .762488753E-07
  .639769407E-07  .536404959E-07  .449425543E-07  .376302927E-07  .314887180E-07
  .263352033E-07  .220147825E-07  .183961013E-07  .153679382E-07  .128362186E-07
  .107214559E-07  .895655991E-08  .748496396E-08  .625902485E-08  .523865836E-08
  .439017685E-08  .368530042E-08  .310031675E-08  .261536832E-08  .221384860E-08
  .188189141E-08  .160793988E-08  .138238357E-08  .119725369E-08  .104596827E-08
  .923120089E-09  .824301620E-09  .745962064E-09  .685292645E-09  .640137151E-09
  .608925074E-09  .590627656E-09  .584733290E-09  .482676810E-09  .398267385E-09
  .328521030E-09  .270943489E-09  .223452589E-09  .184312445E-09  .152077779E-09
  .125546874E-09  .103721853E-09  .857752096E-10  .710216312E-10  .588943147E-10
  .489250888E-10  .407277522E-10  .339841279E-10  .284324091E-10  .238574338E-10
  .200825815E-10  .169630313E-10  .143801618E-10  .122369062E-10  .104539059E-10
  .896633058E-11  .772125263E-11  .667548374E-11  .579379428E-11  .504745059E-11
  .441301497E-11  .387136298E-11  .340687973E-11  .300680369E-11  .266069170E-11
  .235998332E-11  .209764677E-11  .186789127E-11  .166593392E-11  .148781073E-11
  .133022370E-11  .119041724E-11  .106607817E-11  .955255090E-12  .856293099E-12
  .767781189E-12  .688509668E-12  .617435731E-12  .553655586E-12  .496381830E-12
  .444925052E-12  .398678832E-12  .357107461E-12  .319735856E-12  .286141223E-12
  .255946149E-12  .228812828E-12  .204438214E-12  .182549916E-12  .162902715E-12
  .145275562E-12  .129469002E-12  .115302920E-12  .102614583E-12  .912569084E-13
  .810969348E-13  .720144608E-13  .639008305E-13  .566578435E-13  .501967747E-13
  .444374897E-13  .393076446E-13  .347419612E-13  .306815694E-13  .270734097E-13
  .238696897E-13  .210273901E-13  .185078148E-13  .162761814E-13  .143012486E-13
  .125549772E-13  .110122212E-13  .965044773E-14  .844948132E-14  .739127254E-14
  .645968735E-14  .564031611E-14  .492030039E-14  .428817598E-14  .373373075E-14
  .324787601E-14  .282253031E-14  .245051428E-14  .212545591E-14  .184170503E-14
  .159425623E-14  .137867955E-14  .119105808E-14  .102793194E-14  .886247936E-15
  .763314424E-15  .656760903E-15  .564501794E-15  .484704080E-15  .415758380E-15
  .356253141E-15  .304951622E-15  .260771399E-15  .222766127E-15  .190109327E-15
  .162079997E-15  .138049845E-15  .117471977E-15  .998708929E-16  .848336320E-16
  .720019644E-16  .610654972E-16  .517556032E-16  .438400780E-16  .371184436E-16
  .314178254E-16  .265893377E-16  .225049175E-16  .190545557E-16  .161438794E-16
  .136920424E-16  .116298882E-16  .989835347E-17  .844708129E-17  .723322104E-17
  .622039081E-17  .537778375E-17  .467940098E-17  .410339641E-17  .363152094E-17
  .324865537E-17  .294242348E-17  .270287832E-17  .252225678E-17  .239479966E-17
  .231663381E-17  .228572607E-17  .230189801E-17  .188963701E-17  .154875343E-17
  .126733736E-17  .103538693E-17  .844516205E-18  .687705501E-18  .559088428E-18
  .453770488E-18  .367674854E-18  .297411461E-18  .240166078E-18  .193606478E-18
  .155803197E-18  .125162743E-18  .100371385E-18  .803479433E-19  .642041987E-19
  .512117574E-19  .407743671E-19  .324048296E-19  .257057828E-19  .203537327E-19
  .160858107E-19  .126888117E-19  .999013759E-20  .785032901E-20  .615691871E-20
  .481938254E-20  .376500009E-20  .293546786E-20  .228413358E-20  .177374231E-20
  .137460330E-20  .106310211E-20  .820495452E-21  .631936988E-21  .485691515E-21
  .372502406E-21  .285083512E-21  .217711883E-21  .165902027E-21  .126145924E-21
  .957059862E-22  .724505462E-22  .547234119E-22  .412406794E-22  .310092838E-22
  .232628550E-22  .174113184E-22  .130013848E-22  .968564975E-23  .719848194E-23
  .533725363E-23  .394776424E-23  .291294740E-23  .214414272E-23  .157436649E-23
  .115313591E-23  .842498266E-24  .613991938E-24  .446326488E-24  .323616108E-24
  .234037872E-24  .168815252E-24  .121450044E-24  .871434937E-25  .623611813E-25
  .445068104E-25  .316783101E-25  .224859628E-25  .159171529E-25  .112360615E-25
  .790948052E-26  .555209891E-26  .388626106E-26  .271245395E-26  .188772362E-26
  .130993578E-26  .906331342E-27  .625229062E-27  .430027429E-27  .294881550E-27
  .201596504E-27  .137401596E-27  .933605252E-28  .632392604E-28  .427023167E-28
  .287439427E-28  .192868136E-28  .128997942E-28  .860007133E-29  .571487887E-29
  .378517838E-29  .249878313E-29  .164407692E-29  .107809098E-29  .704557885E-30
  .458874696E-30  .297835035E-30  .192641428E-30  .124166292E-30  .797490739E-31
  .510391215E-31  .325479721E-31  .206811829E-31  .130931731E-31  .825885476E-32
  .519023864E-32  .324963431E-32  .202697461E-32  .125955072E-32  .779692436E-33
  .480792804E-33  .295329029E-33  .180698402E-33  .110125736E-33  .668491535E-34
  .404167792E-34  .243372894E-34  .145953101E-34  .871707634E-35  .518478141E-35
  .307098497E-35  .181133179E-35  .106384103E-35  .622155684E-36  .362284802E-36
  .210046201E-36  .121248973E-36  .696826336E-37  .398693263E-37  .227093954E-37
  .128768293E-37  .726830634E-38  .408378186E-38  .228391979E-38  .127137015E-38
  .704400634E-39  .388425398E-39  .213166576E-39  .116422663E-39  .632770276E-40
  .342237648E-40  .184189804E-40  .986375453E-41  .525581945E-41  .278639469E-41
  .146970849E-41  .771237910E-42  .402620799E-42  .209091630E-42  .108016844E-42
  .555063098E-43  .283707460E-43  .144230806E-43  .729265012E-44  .366719362E-44
  .183393657E-44  .912047653E-45  .451038985E-45  .221796349E-45  .108447298E-45
  .527214350E-46  .254823695E-46  .122449293E-46  .584946677E-47  .277778903E-47
  .131124706E-47  .615249423E-48  .286931543E-48  .132997831E-48  .612672857E-49
  .280484582E-49  .127603887E-49  .576861397E-50  .259125199E-50  .115652806E-50
  .512847957E-51  .225935469E-51  .988827969E-52  .429907128E-52  .185661979E-52
  .796420426E-53  .339319928E-53  .143582063E-53  .603380063E-54  .251801068E-54
  .104345983E-54  .429359397E-55  .175415755E-55  .711530842E-56  .286530785E-56
  .114544963E-56  .454550734E-57  .179046033E-57  .699998516E-58  .271614848E-58
  .104594189E-58  .399698702E-59  .151566185E-59  .570281577E-60  .212895578E-60
  .788509317E-61  .289722550E-61  .105600316E-61  .381792630E-62  .136911832E-62
  .486941785E-63  .171754050E-63  .600761161E-64  .208368675E-64  .716587625E-65
  .244333377E-65  .825929554E-66  .276770490E-66  .919353936E-67  .302692209E-67
  .987744027E-68  .319433987E-68  .102371719E-68  .000000000E+00  .000000000E+00
  .000000000E+00  .000000000E+00  .000000000E+00  .000000000E+00  .000000000E+00
  .000000000E+00  .000000000E+00  .000000000E+00  .000000000E+00  .000000000E+00
  .000000000E+00  .000000000E+00  .000000000E+00  .000000000E+00  .000000000E+00
  .000000000E+00  .000000000E+00  .000000000E+00  .000000000E+00  .000000000E+00
  .000000000E+00  .000000000E+00  .000000000E+00  .000000000E+00  .000000000E+00
  .000000000E+00  .000000000E+00  .000000000E+00  .000000000E+00  .000000000E+00
  .000000000E+00  .000000000E+00  .000000000E+00  .000000000E+00  .000000000E+00
  .000000000E+00  .000000000E+00  .000000000E+00  .000000000E+00  .000000000E+00
  .000000000E+00  .000000000E+00  .000000000E+00  .000000000E+00  .000000000E+00
  .000000000E+00  .000000000E+00  .000000000E+00  .000000000E+00  .000000000E+00
  .000000000E+00  .000000000E+00  .000000000E+00  .000000000E+00  .000000000E+00
  .000000000E+00  .000000000E+00  .000000000E+00  .000000000E+00  .000000000E+00
  .000000000E+00  .000000000E+00  .000000000E+00  .000000000E+00  .000000000E+00
  .000000000E+00  .000000000E+00  .000000000E+00  .000000000E+00  .000000000E+00
  .000000000E+00  .000000000E+00  .000000000E+00  .000000000E+00  .000000000E+00
  .000000000E+00  .000000000E+00  .000000000E+00  .000000000E+00  .000000000E+00
  .000000000E+00  .000000000E+00  .000000000E+00  .000000000E+00  .000000000E+00
  .000000000E+00  .000000000E+00  .000000000E+00  .000000000E+00  .000000000E+00
  .000000000E+00  .000000000E+00  .000000000E+00  .000000000E+00  .000000000E+00
  .000000000E+00  .000000000E+00  .000000000E+00  .000000000E+00  .000000000E+00
