  PAW H                                  
 100
Core Pot   L  =         .00000   -.63108
  -.20000000E+01  .71110475E+00
  -.19600000E+01  .69801227E+00
  -.19200000E+01  .68486513E+00
  -.18800000E+01  .67166286E+00
  -.18400000E+01  .65840500E+00
  -.18000000E+01  .64509110E+00
  -.17600000E+01  .63172067E+00
  -.17200000E+01  .61829325E+00
  -.16800000E+01  .60480836E+00
  -.16400000E+01  .59126549E+00
  -.16000000E+01  .57766417E+00
  -.15600000E+01  .56400388E+00
  -.15200000E+01  .55028414E+00
  -.14800000E+01  .53650442E+00
  -.14400000E+01  .52266421E+00
  -.14000000E+01  .50876298E+00
  -.13600000E+01  .49480021E+00
  -.13200000E+01  .48077536E+00
  -.12800000E+01  .46668789E+00
  -.12400000E+01  .45253726E+00
  -.12000000E+01  .43832289E+00
  -.11600000E+01  .42404425E+00
  -.11200000E+01  .40970074E+00
  -.10800000E+01  .39529181E+00
  -.10400000E+01  .38081686E+00
  -.10000000E+01  .36627531E+00
  -.96000000E+00  .35166656E+00
  -.92000000E+00  .33699001E+00
  -.88000000E+00  .32224505E+00
  -.84000000E+00  .30743104E+00
  -.80000000E+00  .29254738E+00
  -.76000000E+00  .27759342E+00
  -.72000000E+00  .26256853E+00
  -.68000000E+00  .24747204E+00
  -.64000000E+00  .23230331E+00
  -.60000000E+00  .21706166E+00
  -.56000000E+00  .20174642E+00
  -.52000000E+00  .18635690E+00
  -.48000000E+00  .17089242E+00
  -.44000000E+00  .15535226E+00
  -.40000000E+00  .13973573E+00
  -.36000000E+00  .12404209E+00
  -.32000000E+00  .10827062E+00
  -.28000000E+00  .92420588E-01
  -.24000000E+00  .76491236E-01
  -.20000000E+00  .60481809E-01
  -.16000000E+00  .44391538E-01
  -.12000000E+00  .28219647E-01
  -.80000000E-01  .11965346E-01
  -.40000000E-01 -.43721637E-02
   .12351231E-14 -.20793690E-01
   .40000000E-01 -.37300055E-01
   .80000000E-01 -.53892087E-01
   .12000000E+00 -.70570631E-01
   .16000000E+00 -.87336538E-01
   .20000000E+00 -.10419068E+00
   .24000000E+00 -.12113392E+00
   .28000000E+00 -.13816715E+00
   .32000000E+00 -.15529129E+00
   .36000000E+00 -.17250723E+00
   .40000000E+00 -.18981590E+00
   .44000000E+00 -.20721824E+00
   .48000000E+00 -.22471521E+00
   .52000000E+00 -.24230777E+00
   .56000000E+00 -.25999689E+00
   .60000000E+00 -.27778357E+00
   .64000000E+00 -.29566880E+00
   .68000000E+00 -.31365362E+00
   .72000000E+00 -.33173906E+00
   .76000000E+00 -.34992616E+00
   .80000000E+00 -.36821599E+00
   .84000000E+00 -.38660962E+00
   .88000000E+00 -.40510815E+00
   .92000000E+00 -.42371270E+00
   .96000000E+00 -.44242437E+00
   .10000000E+01 -.46124433E+00
   .10400000E+01 -.48017372E+00
   .10800000E+01 -.49921373E+00
   .11200000E+01 -.51836553E+00
   .11600000E+01 -.53763036E+00
   .12000000E+01 -.55700942E+00
   .12400000E+01 -.57650398E+00
   .12800000E+01 -.59611528E+00
   .13200000E+01 -.61584463E+00
   .13600000E+01 -.63569331E+00
   .14000000E+01 -.65566266E+00
   .14400000E+01 -.67575402E+00
   .14800000E+01 -.69596874E+00
   .15200000E+01 -.71630821E+00
   .15600000E+01 -.73677384E+00
   .16000000E+01 -.75736705E+00
   .16400000E+01 -.77808929E+00
   .16800000E+01 -.79894202E+00
   .17200000E+01 -.81992676E+00
   .17600000E+01 -.84104500E+00
   .18000000E+01 -.86229829E+00
   .18400000E+01 -.88368819E+00
   .18800000E+01 -.90521629E+00
   .19200000E+01 -.92688421E+00
   .19600000E+01 -.94869359E+00
   .20000000E+01 -.97064609E+00
Potential  L  =         .00000   -.63108
  -.20000000E+01  .75621700E+00
  -.19600000E+01  .74440494E+00
  -.19200000E+01  .73255194E+00
  -.18800000E+01  .72065771E+00
  -.18400000E+01  .70872195E+00
  -.18000000E+01  .69674439E+00
  -.17600000E+01  .68472471E+00
  -.17200000E+01  .67266263E+00
  -.16800000E+01  .66055785E+00
  -.16400000E+01  .64841005E+00
  -.16000000E+01  .63621894E+00
  -.15600000E+01  .62398420E+00
  -.15200000E+01  .61170551E+00
  -.14800000E+01  .59938258E+00
  -.14400000E+01  .58701507E+00
  -.14000000E+01  .57460266E+00
  -.13600000E+01  .56214502E+00
  -.13200000E+01  .54964184E+00
  -.12800000E+01  .53709277E+00
  -.12400000E+01  .52449747E+00
  -.12000000E+01  .51185563E+00
  -.11600000E+01  .49916687E+00
  -.11200000E+01  .48643088E+00
  -.10800000E+01  .47364728E+00
  -.10400000E+01  .46081574E+00
  -.10000000E+01  .44793589E+00
  -.96000000E+00  .43500737E+00
  -.92000000E+00  .42202983E+00
  -.88000000E+00  .40900289E+00
  -.84000000E+00  .39592617E+00
  -.80000000E+00  .38279932E+00
  -.76000000E+00  .36962194E+00
  -.72000000E+00  .35639365E+00
  -.68000000E+00  .34311408E+00
  -.64000000E+00  .32978281E+00
  -.60000000E+00  .31639947E+00
  -.56000000E+00  .30296365E+00
  -.52000000E+00  .28947494E+00
  -.48000000E+00  .27593295E+00
  -.44000000E+00  .26233725E+00
  -.40000000E+00  .24868743E+00
  -.36000000E+00  .23498307E+00
  -.32000000E+00  .22122375E+00
  -.28000000E+00  .20740903E+00
  -.24000000E+00  .19353847E+00
  -.20000000E+00  .17961165E+00
  -.16000000E+00  .16562811E+00
  -.12000000E+00  .15158741E+00
  -.80000000E-01  .13748909E+00
  -.40000000E-01  .12333270E+00
   .12351231E-14  .10911776E+00
   .40000000E-01  .94843821E-01
   .80000000E-01  .80510393E-01
   .12000000E+00  .66117003E-01
   .16000000E+00  .51663166E-01
   .20000000E+00  .37148391E-01
   .24000000E+00  .22572184E-01
   .28000000E+00  .79340429E-02
   .32000000E+00 -.67665385E-02
   .36000000E+00 -.21530072E-01
   .40000000E+00 -.36357077E-01
   .44000000E+00 -.51248076E-01
   .48000000E+00 -.66203600E-01
   .52000000E+00 -.81224183E-01
   .56000000E+00 -.96310369E-01
   .60000000E+00 -.11146270E+00
   .64000000E+00 -.12668175E+00
   .68000000E+00 -.14196805E+00
   .72000000E+00 -.15732219E+00
   .76000000E+00 -.17274473E+00
   .80000000E+00 -.18823627E+00
   .84000000E+00 -.20379737E+00
   .88000000E+00 -.21942864E+00
   .92000000E+00 -.23513069E+00
   .96000000E+00 -.25090410E+00
   .10000000E+01 -.26674951E+00
   .10400000E+01 -.28266754E+00
   .10800000E+01 -.29865881E+00
   .11200000E+01 -.31472396E+00
   .11600000E+01 -.33086363E+00
   .12000000E+01 -.34707849E+00
   .12400000E+01 -.36336918E+00
   .12800000E+01 -.37973638E+00
   .13200000E+01 -.39618077E+00
   .13600000E+01 -.41270302E+00
   .14000000E+01 -.42930383E+00
   .14400000E+01 -.44598390E+00
   .14800000E+01 -.46274395E+00
   .15200000E+01 -.47958468E+00
   .15600000E+01 -.49650683E+00
   .16000000E+01 -.51351114E+00
   .16400000E+01 -.53059834E+00
   .16800000E+01 -.54776919E+00
   .17200000E+01 -.56502446E+00
   .17600000E+01 -.58236493E+00
   .18000000E+01 -.59979136E+00
   .18400000E+01 -.61730456E+00
   .18800000E+01 -.63490533E+00
   .19200000E+01 -.65259448E+00
   .19600000E+01 -.67037284E+00
   .20000000E+01 -.68824124E+00
Core Pot   L  =        1.00000   -.30000
  -.20000000E+01  .26523717E+01
  -.19600000E+01  .26463902E+01
  -.19200000E+01  .26404012E+01
  -.18800000E+01  .26344046E+01
  -.18400000E+01  .26284004E+01
  -.18000000E+01  .26223886E+01
  -.17600000E+01  .26163693E+01
  -.17200000E+01  .26103422E+01
  -.16800000E+01  .26043076E+01
  -.16400000E+01  .25982652E+01
  -.16000000E+01  .25922152E+01
  -.15600000E+01  .25861574E+01
  -.15200000E+01  .25800918E+01
  -.14800000E+01  .25740185E+01
  -.14400000E+01  .25679374E+01
  -.14000000E+01  .25618485E+01
  -.13600000E+01  .25557517E+01
  -.13200000E+01  .25496471E+01
  -.12800000E+01  .25435346E+01
  -.12400000E+01  .25374142E+01
  -.12000000E+01  .25312858E+01
  -.11600000E+01  .25251495E+01
  -.11200000E+01  .25190052E+01
  -.10800000E+01  .25128529E+01
  -.10400000E+01  .25066926E+01
  -.10000000E+01  .25005242E+01
  -.96000000E+00  .24943477E+01
  -.92000000E+00  .24881632E+01
  -.88000000E+00  .24819705E+01
  -.84000000E+00  .24757697E+01
  -.80000000E+00  .24695606E+01
  -.76000000E+00  .24633434E+01
  -.72000000E+00  .24571180E+01
  -.68000000E+00  .24508843E+01
  -.64000000E+00  .24446424E+01
  -.60000000E+00  .24383921E+01
  -.56000000E+00  .24321335E+01
  -.52000000E+00  .24258666E+01
  -.48000000E+00  .24195913E+01
  -.44000000E+00  .24133076E+01
  -.40000000E+00  .24070155E+01
  -.36000000E+00  .24007149E+01
  -.32000000E+00  .23944058E+01
  -.28000000E+00  .23880883E+01
  -.24000000E+00  .23817622E+01
  -.20000000E+00  .23754275E+01
  -.16000000E+00  .23690843E+01
  -.12000000E+00  .23627325E+01
  -.80000000E-01  .23563720E+01
  -.40000000E-01  .23500029E+01
   .12351231E-14  .23436251E+01
   .40000000E-01  .23372385E+01
   .80000000E-01  .23308433E+01
   .12000000E+00  .23244392E+01
   .16000000E+00  .23180264E+01
   .20000000E+00  .23116047E+01
   .24000000E+00  .23051742E+01
   .28000000E+00  .22987348E+01
   .32000000E+00  .22922865E+01
   .36000000E+00  .22858293E+01
   .40000000E+00  .22793631E+01
   .44000000E+00  .22728880E+01
   .48000000E+00  .22664038E+01
   .52000000E+00  .22599105E+01
   .56000000E+00  .22534082E+01
   .60000000E+00  .22468968E+01
   .64000000E+00  .22403762E+01
   .68000000E+00  .22338465E+01
   .72000000E+00  .22273076E+01
   .76000000E+00  .22207595E+01
   .80000000E+00  .22142022E+01
   .84000000E+00  .22076355E+01
   .88000000E+00  .22010596E+01
   .92000000E+00  .21944743E+01
   .96000000E+00  .21878796E+01
   .10000000E+01  .21812756E+01
   .10400000E+01  .21746621E+01
   .10800000E+01  .21680392E+01
   .11200000E+01  .21614068E+01
   .11600000E+01  .21547649E+01
   .12000000E+01  .21481134E+01
   .12400000E+01  .21414523E+01
   .12800000E+01  .21347817E+01
   .13200000E+01  .21281014E+01
   .13600000E+01  .21214114E+01
   .14000000E+01  .21147117E+01
   .14400000E+01  .21080023E+01
   .14800000E+01  .21012831E+01
   .15200000E+01  .20945542E+01
   .15600000E+01  .20878154E+01
   .16000000E+01  .20810667E+01
   .16400000E+01  .20743082E+01
   .16800000E+01  .20675397E+01
   .17200000E+01  .20607613E+01
   .17600000E+01  .20539728E+01
   .18000000E+01  .20471744E+01
   .18400000E+01  .20403659E+01
   .18800000E+01  .20335473E+01
   .19200000E+01  .20267186E+01
   .19600000E+01  .20198797E+01
   .20000000E+01  .20130307E+01
Potential  L  =        1.00000   -.30000
  -.20000000E+01  .26181222E+01
  -.19600000E+01  .26121436E+01
  -.19200000E+01  .26061576E+01
  -.18800000E+01  .26001642E+01
  -.18400000E+01  .25941633E+01
  -.18000000E+01  .25881550E+01
  -.17600000E+01  .25821391E+01
  -.17200000E+01  .25761157E+01
  -.16800000E+01  .25700848E+01
  -.16400000E+01  .25640463E+01
  -.16000000E+01  .25580003E+01
  -.15600000E+01  .25519466E+01
  -.15200000E+01  .25458853E+01
  -.14800000E+01  .25398163E+01
  -.14400000E+01  .25337397E+01
  -.14000000E+01  .25276553E+01
  -.13600000E+01  .25215633E+01
  -.13200000E+01  .25154635E+01
  -.12800000E+01  .25093559E+01
  -.12400000E+01  .25032406E+01
  -.12000000E+01  .24971174E+01
  -.11600000E+01  .24909864E+01
  -.11200000E+01  .24848476E+01
  -.10800000E+01  .24787009E+01
  -.10400000E+01  .24725462E+01
  -.10000000E+01  .24663837E+01
  -.96000000E+00  .24602132E+01
  -.92000000E+00  .24540347E+01
  -.88000000E+00  .24478483E+01
  -.84000000E+00  .24416538E+01
  -.80000000E+00  .24354513E+01
  -.76000000E+00  .24292407E+01
  -.72000000E+00  .24230220E+01
  -.68000000E+00  .24167953E+01
  -.64000000E+00  .24105603E+01
  -.60000000E+00  .24043173E+01
  -.56000000E+00  .23980660E+01
  -.52000000E+00  .23918065E+01
  -.48000000E+00  .23855388E+01
  -.44000000E+00  .23792629E+01
  -.40000000E+00  .23729786E+01
  -.36000000E+00  .23666861E+01
  -.32000000E+00  .23603852E+01
  -.28000000E+00  .23540759E+01
  -.24000000E+00  .23477583E+01
  -.20000000E+00  .23414323E+01
  -.16000000E+00  .23350978E+01
  -.12000000E+00  .23287549E+01
  -.80000000E-01  .23224035E+01
  -.40000000E-01  .23160435E+01
   .12351231E-14  .23096751E+01
   .40000000E-01  .23032981E+01
   .80000000E-01  .22969125E+01
   .12000000E+00  .22905182E+01
   .16000000E+00  .22841154E+01
   .20000000E+00  .22777039E+01
   .24000000E+00  .22712837E+01
   .28000000E+00  .22648547E+01
   .32000000E+00  .22584171E+01
   .36000000E+00  .22519706E+01
   .40000000E+00  .22455154E+01
   .44000000E+00  .22390513E+01
   .48000000E+00  .22325784E+01
   .52000000E+00  .22260966E+01
   .56000000E+00  .22196058E+01
   .60000000E+00  .22131062E+01
   .64000000E+00  .22065976E+01
   .68000000E+00  .22000800E+01
   .72000000E+00  .21935534E+01
   .76000000E+00  .21870177E+01
   .80000000E+00  .21804730E+01
   .84000000E+00  .21739191E+01
   .88000000E+00  .21673562E+01
   .92000000E+00  .21607840E+01
   .96000000E+00  .21542027E+01
   .10000000E+01  .21476122E+01
   .10400000E+01  .21410124E+01
   .10800000E+01  .21344034E+01
   .11200000E+01  .21277850E+01
   .11600000E+01  .21211573E+01
   .12000000E+01  .21145203E+01
   .12400000E+01  .21078738E+01
   .12800000E+01  .21012180E+01
   .13200000E+01  .20945527E+01
   .13600000E+01  .20878779E+01
   .14000000E+01  .20811936E+01
   .14400000E+01  .20744997E+01
   .14800000E+01  .20677963E+01
   .15200000E+01  .20610833E+01
   .15600000E+01  .20543607E+01
   .16000000E+01  .20476284E+01
   .16400000E+01  .20408864E+01
   .16800000E+01  .20341347E+01
   .17200000E+01  .20273732E+01
   .17600000E+01  .20206019E+01
   .18000000E+01  .20138208E+01
   .18400000E+01  .20070299E+01
   .18800000E+01  .20002291E+01
   .19200000E+01  .19934184E+01
   .19600000E+01  .19865977E+01
   .20000000E+01  .19797671E+01
Core Pot   L  =        2.00000    .00000
  -.20000000E+01  .41729620E+01
  -.19600000E+01  .41688532E+01
  -.19200000E+01  .41647416E+01
  -.18800000E+01  .41606274E+01
  -.18400000E+01  .41565105E+01
  -.18000000E+01  .41523909E+01
  -.17600000E+01  .41482685E+01
  -.17200000E+01  .41441434E+01
  -.16800000E+01  .41400157E+01
  -.16400000E+01  .41358852E+01
  -.16000000E+01  .41317519E+01
  -.15600000E+01  .41276159E+01
  -.15200000E+01  .41234772E+01
  -.14800000E+01  .41193358E+01
  -.14400000E+01  .41151916E+01
  -.14000000E+01  .41110446E+01
  -.13600000E+01  .41068949E+01
  -.13200000E+01  .41027424E+01
  -.12800000E+01  .40985871E+01
  -.12400000E+01  .40944291E+01
  -.12000000E+01  .40902683E+01
  -.11600000E+01  .40861048E+01
  -.11200000E+01  .40819384E+01
  -.10800000E+01  .40777693E+01
  -.10400000E+01  .40735973E+01
  -.10000000E+01  .40694226E+01
  -.96000000E+00  .40652451E+01
  -.92000000E+00  .40610647E+01
  -.88000000E+00  .40568816E+01
  -.84000000E+00  .40526956E+01
  -.80000000E+00  .40485068E+01
  -.76000000E+00  .40443152E+01
  -.72000000E+00  .40401207E+01
  -.68000000E+00  .40359234E+01
  -.64000000E+00  .40317233E+01
  -.60000000E+00  .40275203E+01
  -.56000000E+00  .40233145E+01
  -.52000000E+00  .40191059E+01
  -.48000000E+00  .40148943E+01
  -.44000000E+00  .40106799E+01
  -.40000000E+00  .40064627E+01
  -.36000000E+00  .40022426E+01
  -.32000000E+00  .39980195E+01
  -.28000000E+00  .39937937E+01
  -.24000000E+00  .39895649E+01
  -.20000000E+00  .39853332E+01
  -.16000000E+00  .39810987E+01
  -.12000000E+00  .39768612E+01
  -.80000000E-01  .39726208E+01
  -.40000000E-01  .39683775E+01
   .12351231E-14  .39641313E+01
   .40000000E-01  .39598822E+01
   .80000000E-01  .39556302E+01
   .12000000E+00  .39513752E+01
   .16000000E+00  .39471173E+01
   .20000000E+00  .39428565E+01
   .24000000E+00  .39385927E+01
   .28000000E+00  .39343259E+01
   .32000000E+00  .39300562E+01
   .36000000E+00  .39257836E+01
   .40000000E+00  .39215080E+01
   .44000000E+00  .39172294E+01
   .48000000E+00  .39129478E+01
   .52000000E+00  .39086633E+01
   .56000000E+00  .39043757E+01
   .60000000E+00  .39000852E+01
   .64000000E+00  .38957917E+01
   .68000000E+00  .38914952E+01
   .72000000E+00  .38871957E+01
   .76000000E+00  .38828932E+01
   .80000000E+00  .38785876E+01
   .84000000E+00  .38742791E+01
   .88000000E+00  .38699675E+01
   .92000000E+00  .38656529E+01
   .96000000E+00  .38613352E+01
   .10000000E+01  .38570145E+01
   .10400000E+01  .38526908E+01
   .10800000E+01  .38483640E+01
   .11200000E+01  .38440342E+01
   .11600000E+01  .38397013E+01
   .12000000E+01  .38353653E+01
   .12400000E+01  .38310262E+01
   .12800000E+01  .38266841E+01
   .13200000E+01  .38223389E+01
   .13600000E+01  .38179906E+01
   .14000000E+01  .38136392E+01
   .14400000E+01  .38092848E+01
   .14800000E+01  .38049272E+01
   .15200000E+01  .38005665E+01
   .15600000E+01  .37962027E+01
   .16000000E+01  .37918358E+01
   .16400000E+01  .37874657E+01
   .16800000E+01  .37830925E+01
   .17200000E+01  .37787162E+01
   .17600000E+01  .37743368E+01
   .18000000E+01  .37699542E+01
   .18400000E+01  .37655684E+01
   .18800000E+01  .37611795E+01
   .19200000E+01  .37567874E+01
   .19600000E+01  .37523922E+01
   .20000000E+01  .37479938E+01
Potential  L  =        2.00000    .00000
  -.20000000E+01  .41920982E+01
  -.19600000E+01  .41880190E+01
  -.19200000E+01  .41839372E+01
  -.18800000E+01  .41798528E+01
  -.18400000E+01  .41757657E+01
  -.18000000E+01  .41716759E+01
  -.17600000E+01  .41675836E+01
  -.17200000E+01  .41634885E+01
  -.16800000E+01  .41593909E+01
  -.16400000E+01  .41552906E+01
  -.16000000E+01  .41511876E+01
  -.15600000E+01  .41470819E+01
  -.15200000E+01  .41429736E+01
  -.14800000E+01  .41388626E+01
  -.14400000E+01  .41347489E+01
  -.14000000E+01  .41306326E+01
  -.13600000E+01  .41265136E+01
  -.13200000E+01  .41223918E+01
  -.12800000E+01  .41182674E+01
  -.12400000E+01  .41141403E+01
  -.12000000E+01  .41100105E+01
  -.11600000E+01  .41058780E+01
  -.11200000E+01  .41017427E+01
  -.10800000E+01  .40976048E+01
  -.10400000E+01  .40934641E+01
  -.10000000E+01  .40893207E+01
  -.96000000E+00  .40851746E+01
  -.92000000E+00  .40810257E+01
  -.88000000E+00  .40768742E+01
  -.84000000E+00  .40727198E+01
  -.80000000E+00  .40685627E+01
  -.76000000E+00  .40644029E+01
  -.72000000E+00  .40602403E+01
  -.68000000E+00  .40560750E+01
  -.64000000E+00  .40519069E+01
  -.60000000E+00  .40477360E+01
  -.56000000E+00  .40435624E+01
  -.52000000E+00  .40393859E+01
  -.48000000E+00  .40352067E+01
  -.44000000E+00  .40310247E+01
  -.40000000E+00  .40268399E+01
  -.36000000E+00  .40226524E+01
  -.32000000E+00  .40184620E+01
  -.28000000E+00  .40142688E+01
  -.24000000E+00  .40100728E+01
  -.20000000E+00  .40058740E+01
  -.16000000E+00  .40016724E+01
  -.12000000E+00  .39974679E+01
  -.80000000E-01  .39932607E+01
  -.40000000E-01  .39890506E+01
   .12351231E-14  .39848376E+01
   .40000000E-01  .39806218E+01
   .80000000E-01  .39764032E+01
   .12000000E+00  .39721817E+01
   .16000000E+00  .39679574E+01
   .20000000E+00  .39637302E+01
   .24000000E+00  .39595002E+01
   .28000000E+00  .39552672E+01
   .32000000E+00  .39510314E+01
   .36000000E+00  .39467928E+01
   .40000000E+00  .39425512E+01
   .44000000E+00  .39383068E+01
   .48000000E+00  .39340594E+01
   .52000000E+00  .39298092E+01
   .56000000E+00  .39255560E+01
   .60000000E+00  .39213000E+01
   .64000000E+00  .39170410E+01
   .68000000E+00  .39127792E+01
   .72000000E+00  .39085144E+01
   .76000000E+00  .39042466E+01
   .80000000E+00  .38999760E+01
   .84000000E+00  .38957024E+01
   .88000000E+00  .38914259E+01
   .92000000E+00  .38871464E+01
   .96000000E+00  .38828640E+01
   .10000000E+01  .38785786E+01
   .10400000E+01  .38742903E+01
   .10800000E+01  .38699989E+01
   .11200000E+01  .38657047E+01
   .11600000E+01  .38614074E+01
   .12000000E+01  .38571072E+01
   .12400000E+01  .38528040E+01
   .12800000E+01  .38484978E+01
   .13200000E+01  .38441886E+01
   .13600000E+01  .38398764E+01
   .14000000E+01  .38355611E+01
   .14400000E+01  .38312429E+01
   .14800000E+01  .38269217E+01
   .15200000E+01  .38225974E+01
   .15600000E+01  .38182702E+01
   .16000000E+01  .38139398E+01
   .16400000E+01  .38096065E+01
   .16800000E+01  .38052701E+01
   .17200000E+01  .38009307E+01
   .17600000E+01  .37965882E+01
   .18000000E+01  .37922427E+01
   .18400000E+01  .37878941E+01
   .18800000E+01  .37835424E+01
   .19200000E+01  .37791877E+01
   .19600000E+01  .37748298E+01
   .20000000E+01  .37704689E+01
Core Pot   L  =        3.00000    .00000
  -.20000000E+01  .56368539E+01
  -.19600000E+01  .56336975E+01
  -.19200000E+01  .56305398E+01
  -.18800000E+01  .56273808E+01
  -.18400000E+01  .56242206E+01
  -.18000000E+01  .56210590E+01
  -.17600000E+01  .56178961E+01
  -.17200000E+01  .56147320E+01
  -.16800000E+01  .56115665E+01
  -.16400000E+01  .56083998E+01
  -.16000000E+01  .56052317E+01
  -.15600000E+01  .56020623E+01
  -.15200000E+01  .55988917E+01
  -.14800000E+01  .55957197E+01
  -.14400000E+01  .55925464E+01
  -.14000000E+01  .55893719E+01
  -.13600000E+01  .55861960E+01
  -.13200000E+01  .55830188E+01
  -.12800000E+01  .55798403E+01
  -.12400000E+01  .55766604E+01
  -.12000000E+01  .55734793E+01
  -.11600000E+01  .55702969E+01
  -.11200000E+01  .55671131E+01
  -.10800000E+01  .55639280E+01
  -.10400000E+01  .55607416E+01
  -.10000000E+01  .55575539E+01
  -.96000000E+00  .55543648E+01
  -.92000000E+00  .55511744E+01
  -.88000000E+00  .55479827E+01
  -.84000000E+00  .55447897E+01
  -.80000000E+00  .55415954E+01
  -.76000000E+00  .55383997E+01
  -.72000000E+00  .55352027E+01
  -.68000000E+00  .55320043E+01
  -.64000000E+00  .55288046E+01
  -.60000000E+00  .55256036E+01
  -.56000000E+00  .55224013E+01
  -.52000000E+00  .55191976E+01
  -.48000000E+00  .55159925E+01
  -.44000000E+00  .55127862E+01
  -.40000000E+00  .55095785E+01
  -.36000000E+00  .55063694E+01
  -.32000000E+00  .55031590E+01
  -.28000000E+00  .54999473E+01
  -.24000000E+00  .54967342E+01
  -.20000000E+00  .54935197E+01
  -.16000000E+00  .54903039E+01
  -.12000000E+00  .54870868E+01
  -.80000000E-01  .54838683E+01
  -.40000000E-01  .54806484E+01
   .12351231E-14  .54774272E+01
   .40000000E-01  .54742046E+01
   .80000000E-01  .54709807E+01
   .12000000E+00  .54677554E+01
   .16000000E+00  .54645288E+01
   .20000000E+00  .54613008E+01
   .24000000E+00  .54580714E+01
   .28000000E+00  .54548406E+01
   .32000000E+00  .54516085E+01
   .36000000E+00  .54483750E+01
   .40000000E+00  .54451402E+01
   .44000000E+00  .54419040E+01
   .48000000E+00  .54386664E+01
   .52000000E+00  .54354274E+01
   .56000000E+00  .54321870E+01
   .60000000E+00  .54289453E+01
   .64000000E+00  .54257022E+01
   .68000000E+00  .54224577E+01
   .72000000E+00  .54192118E+01
   .76000000E+00  .54159646E+01
   .80000000E+00  .54127159E+01
   .84000000E+00  .54094659E+01
   .88000000E+00  .54062145E+01
   .92000000E+00  .54029617E+01
   .96000000E+00  .53997075E+01
   .10000000E+01  .53964519E+01
   .10400000E+01  .53931949E+01
   .10800000E+01  .53899365E+01
   .11200000E+01  .53866767E+01
   .11600000E+01  .53834155E+01
   .12000000E+01  .53801530E+01
   .12400000E+01  .53768890E+01
   .12800000E+01  .53736236E+01
   .13200000E+01  .53703568E+01
   .13600000E+01  .53670886E+01
   .14000000E+01  .53638190E+01
   .14400000E+01  .53605480E+01
   .14800000E+01  .53572756E+01
   .15200000E+01  .53540017E+01
   .15600000E+01  .53507265E+01
   .16000000E+01  .53474498E+01
   .16400000E+01  .53441717E+01
   .16800000E+01  .53408922E+01
   .17200000E+01  .53376113E+01
   .17600000E+01  .53343289E+01
   .18000000E+01  .53310452E+01
   .18400000E+01  .53277600E+01
   .18800000E+01  .53244734E+01
   .19200000E+01  .53211853E+01
   .19600000E+01  .53178958E+01
   .20000000E+01  .53146049E+01
Potential  L  =        3.00000    .00000
  -.20000000E+01  .56455813E+01
  -.19600000E+01  .56424338E+01
  -.19200000E+01  .56392850E+01
  -.18800000E+01  .56361349E+01
  -.18400000E+01  .56329836E+01
  -.18000000E+01  .56298309E+01
  -.17600000E+01  .56266770E+01
  -.17200000E+01  .56235218E+01
  -.16800000E+01  .56203654E+01
  -.16400000E+01  .56172076E+01
  -.16000000E+01  .56140486E+01
  -.15600000E+01  .56108882E+01
  -.15200000E+01  .56077266E+01
  -.14800000E+01  .56045637E+01
  -.14400000E+01  .56013996E+01
  -.14000000E+01  .55982341E+01
  -.13600000E+01  .55950673E+01
  -.13200000E+01  .55918992E+01
  -.12800000E+01  .55887299E+01
  -.12400000E+01  .55855592E+01
  -.12000000E+01  .55823873E+01
  -.11600000E+01  .55792140E+01
  -.11200000E+01  .55760395E+01
  -.10800000E+01  .55728636E+01
  -.10400000E+01  .55696865E+01
  -.10000000E+01  .55665080E+01
  -.96000000E+00  .55633283E+01
  -.92000000E+00  .55601472E+01
  -.88000000E+00  .55569648E+01
  -.84000000E+00  .55537811E+01
  -.80000000E+00  .55505961E+01
  -.76000000E+00  .55474098E+01
  -.72000000E+00  .55442222E+01
  -.68000000E+00  .55410333E+01
  -.64000000E+00  .55378430E+01
  -.60000000E+00  .55346514E+01
  -.56000000E+00  .55314585E+01
  -.52000000E+00  .55282643E+01
  -.48000000E+00  .55250688E+01
  -.44000000E+00  .55218719E+01
  -.40000000E+00  .55186738E+01
  -.36000000E+00  .55154743E+01
  -.32000000E+00  .55122734E+01
  -.28000000E+00  .55090713E+01
  -.24000000E+00  .55058678E+01
  -.20000000E+00  .55026629E+01
  -.16000000E+00  .54994568E+01
  -.12000000E+00  .54962493E+01
  -.80000000E-01  .54930405E+01
  -.40000000E-01  .54898303E+01
   .12351231E-14  .54866188E+01
   .40000000E-01  .54834059E+01
   .80000000E-01  .54801918E+01
   .12000000E+00  .54769762E+01
   .16000000E+00  .54737594E+01
   .20000000E+00  .54705411E+01
   .24000000E+00  .54673216E+01
   .28000000E+00  .54641007E+01
   .32000000E+00  .54608784E+01
   .36000000E+00  .54576548E+01
   .40000000E+00  .54544298E+01
   .44000000E+00  .54512035E+01
   .48000000E+00  .54479758E+01
   .52000000E+00  .54447468E+01
   .56000000E+00  .54415164E+01
   .60000000E+00  .54382846E+01
   .64000000E+00  .54350515E+01
   .68000000E+00  .54318170E+01
   .72000000E+00  .54285812E+01
   .76000000E+00  .54253440E+01
   .80000000E+00  .54221054E+01
   .84000000E+00  .54188655E+01
   .88000000E+00  .54156242E+01
   .92000000E+00  .54123815E+01
   .96000000E+00  .54091374E+01
   .10000000E+01  .54058920E+01
   .10400000E+01  .54026452E+01
   .10800000E+01  .53993970E+01
   .11200000E+01  .53961475E+01
   .11600000E+01  .53928965E+01
   .12000000E+01  .53896442E+01
   .12400000E+01  .53863905E+01
   .12800000E+01  .53831354E+01
   .13200000E+01  .53798789E+01
   .13600000E+01  .53766210E+01
   .14000000E+01  .53733618E+01
   .14400000E+01  .53701011E+01
   .14800000E+01  .53668391E+01
   .15200000E+01  .53635757E+01
   .15600000E+01  .53603108E+01
   .16000000E+01  .53570446E+01
   .16400000E+01  .53537770E+01
   .16800000E+01  .53505080E+01
   .17200000E+01  .53472376E+01
   .17600000E+01  .53439657E+01
   .18000000E+01  .53406925E+01
   .18400000E+01  .53374179E+01
   .18800000E+01  .53341418E+01
   .19200000E+01  .53308644E+01
   .19600000E+01  .53275855E+01
   .20000000E+01  .53243052E+01
Core Pot   L  =        4.00000    .00000
  -.20000000E+01  .70830184E+01
  -.19600000E+01  .70804497E+01
  -.19200000E+01  .70778802E+01
  -.18800000E+01  .70753091E+01
  -.18400000E+01  .70727382E+01
  -.18000000E+01  .70701666E+01
  -.17600000E+01  .70675943E+01
  -.17200000E+01  .70650220E+01
  -.16800000E+01  .70624486E+01
  -.16400000E+01  .70598743E+01
  -.16000000E+01  .70572993E+01
  -.15600000E+01  .70547233E+01
  -.15200000E+01  .70521497E+01
  -.14800000E+01  .70495723E+01
  -.14400000E+01  .70469939E+01
  -.14000000E+01  .70444150E+01
  -.13600000E+01  .70418308E+01
  -.13200000E+01  .70392507E+01
  -.12800000E+01  .70366696E+01
  -.12400000E+01  .70340879E+01
  -.12000000E+01  .70315056E+01
  -.11600000E+01  .70289222E+01
  -.11200000E+01  .70263382E+01
  -.10800000E+01  .70237535E+01
  -.10400000E+01  .70211681E+01
  -.10000000E+01  .70185819E+01
  -.96000000E+00  .70159950E+01
  -.92000000E+00  .70134074E+01
  -.88000000E+00  .70108198E+01
  -.84000000E+00  .70082307E+01
  -.80000000E+00  .70056413E+01
  -.76000000E+00  .70030508E+01
  -.72000000E+00  .70004590E+01
  -.68000000E+00  .69978669E+01
  -.64000000E+00  .69952744E+01
  -.60000000E+00  .69926809E+01
  -.56000000E+00  .69900866E+01
  -.52000000E+00  .69874915E+01
  -.48000000E+00  .69848952E+01
  -.44000000E+00  .69822987E+01
  -.40000000E+00  .69797015E+01
  -.36000000E+00  .69771036E+01
  -.32000000E+00  .69745049E+01
  -.28000000E+00  .69719055E+01
  -.24000000E+00  .69693053E+01
  -.20000000E+00  .69667043E+01
  -.16000000E+00  .69641026E+01
  -.12000000E+00  .69615002E+01
  -.80000000E-01  .69588971E+01
  -.40000000E-01  .69562932E+01
   .12351231E-14  .69536885E+01
   .40000000E-01  .69510832E+01
   .80000000E-01  .69484770E+01
   .12000000E+00  .69458702E+01
   .16000000E+00  .69432625E+01
   .20000000E+00  .69406541E+01
   .24000000E+00  .69380450E+01
   .28000000E+00  .69354351E+01
   .32000000E+00  .69328245E+01
   .36000000E+00  .69302131E+01
   .40000000E+00  .69276010E+01
   .44000000E+00  .69249920E+01
   .48000000E+00  .69223784E+01
   .52000000E+00  .69197597E+01
   .56000000E+00  .69171445E+01
   .60000000E+00  .69145286E+01
   .64000000E+00  .69119120E+01
   .68000000E+00  .69092944E+01
   .72000000E+00  .69066762E+01
   .76000000E+00  .69040573E+01
   .80000000E+00  .69014376E+01
   .84000000E+00  .68988179E+01
   .88000000E+00  .68961966E+01
   .92000000E+00  .68935747E+01
   .96000000E+00  .68909519E+01
   .10000000E+01  .68883279E+01
   .10400000E+01  .68857037E+01
   .10800000E+01  .68830787E+01
   .11200000E+01  .68804529E+01
   .11600000E+01  .68778275E+01
   .12000000E+01  .68752002E+01
   .12400000E+01  .68725721E+01
   .12800000E+01  .68699433E+01
   .13200000E+01  .68673138E+01
   .13600000E+01  .68646834E+01
   .14000000E+01  .68620515E+01
   .14400000E+01  .68594197E+01
   .14800000E+01  .68567870E+01
   .15200000E+01  .68541536E+01
   .15600000E+01  .68515194E+01
   .16000000E+01  .68488854E+01
   .16400000E+01  .68462497E+01
   .16800000E+01  .68436126E+01
   .17200000E+01  .68409753E+01
   .17600000E+01  .68383373E+01
   .18000000E+01  .68356985E+01
   .18400000E+01  .68330585E+01
   .18800000E+01  .68304182E+01
   .19200000E+01  .68277771E+01
   .19600000E+01  .68251352E+01
   .20000000E+01  .68224961E+01
Potential  L  =        4.00000    .00000
  -.20000000E+01  .70877526E+01
  -.19600000E+01  .70851873E+01
  -.19200000E+01  .70826212E+01
  -.18800000E+01  .70800546E+01
  -.18400000E+01  .70774880E+01
  -.18000000E+01  .70749199E+01
  -.17600000E+01  .70723509E+01
  -.17200000E+01  .70697813E+01
  -.16800000E+01  .70672110E+01
  -.16400000E+01  .70646397E+01
  -.16000000E+01  .70620670E+01
  -.15600000E+01  .70594945E+01
  -.15200000E+01  .70569213E+01
  -.14800000E+01  .70543437E+01
  -.14400000E+01  .70517690E+01
  -.14000000E+01  .70491940E+01
  -.13600000E+01  .70466179E+01
  -.13200000E+01  .70440454E+01
  -.12800000E+01  .70414677E+01
  -.12400000E+01  .70388895E+01
  -.12000000E+01  .70363105E+01
  -.11600000E+01  .70337308E+01
  -.11200000E+01  .70311502E+01
  -.10800000E+01  .70285690E+01
  -.10400000E+01  .70259875E+01
  -.10000000E+01  .70234049E+01
  -.96000000E+00  .70208216E+01
  -.92000000E+00  .70182376E+01
  -.88000000E+00  .70156520E+01
  -.84000000E+00  .70130664E+01
  -.80000000E+00  .70104802E+01
  -.76000000E+00  .70078932E+01
  -.72000000E+00  .70053055E+01
  -.68000000E+00  .70027171E+01
  -.64000000E+00  .70001279E+01
  -.60000000E+00  .69975380E+01
  -.56000000E+00  .69949473E+01
  -.52000000E+00  .69923560E+01
  -.48000000E+00  .69897639E+01
  -.44000000E+00  .69871710E+01
  -.40000000E+00  .69845776E+01
  -.36000000E+00  .69819833E+01
  -.32000000E+00  .69793882E+01
  -.28000000E+00  .69767925E+01
  -.24000000E+00  .69741960E+01
  -.20000000E+00  .69715987E+01
  -.16000000E+00  .69690007E+01
  -.12000000E+00  .69664016E+01
  -.80000000E-01  .69638022E+01
  -.40000000E-01  .69612024E+01
   .12351231E-14  .69586022E+01
   .40000000E-01  .69560002E+01
   .80000000E-01  .69533977E+01
   .12000000E+00  .69507943E+01
   .16000000E+00  .69481905E+01
   .20000000E+00  .69455862E+01
   .24000000E+00  .69429809E+01
   .28000000E+00  .69403712E+01
   .32000000E+00  .69377641E+01
   .36000000E+00  .69351565E+01
   .40000000E+00  .69325515E+01
   .44000000E+00  .69299424E+01
   .48000000E+00  .69273327E+01
   .52000000E+00  .69247227E+01
   .56000000E+00  .69221114E+01
   .60000000E+00  .69194992E+01
   .64000000E+00  .69168864E+01
   .68000000E+00  .69142727E+01
   .72000000E+00  .69116578E+01
   .76000000E+00  .69090427E+01
   .80000000E+00  .69064269E+01
   .84000000E+00  .69038104E+01
   .88000000E+00  .69011937E+01
   .92000000E+00  .68985756E+01
   .96000000E+00  .68959567E+01
   .10000000E+01  .68933371E+01
   .10400000E+01  .68907167E+01
   .10800000E+01  .68880946E+01
   .11200000E+01  .68854727E+01
   .11600000E+01  .68828501E+01
   .12000000E+01  .68802267E+01
   .12400000E+01  .68776027E+01
   .12800000E+01  .68749786E+01
   .13200000E+01  .68723529E+01
   .13600000E+01  .68697266E+01
   .14000000E+01  .68670994E+01
   .14400000E+01  .68644711E+01
   .14800000E+01  .68618418E+01
   .15200000E+01  .68592131E+01
   .15600000E+01  .68565829E+01
   .16000000E+01  .68539519E+01
   .16400000E+01  .68513202E+01
   .16800000E+01  .68486879E+01
   .17200000E+01  .68460549E+01
   .17600000E+01  .68434209E+01
   .18000000E+01  .68407825E+01
   .18400000E+01  .68381470E+01
   .18800000E+01  .68355107E+01
   .19200000E+01  .68328736E+01
   .19600000E+01  .68302358E+01
   .20000000E+01  .68276008E+01
KBPotential  L  =       .00000  -1.26217
  -.20000000E+01  .78128793E+00
  -.19600000E+01  .76902168E+00
  -.19200000E+01  .75669952E+00
  -.18800000E+01  .74432100E+00
  -.18400000E+01  .73188565E+00
  -.18000000E+01  .71939301E+00
  -.17600000E+01  .70684262E+00
  -.17200000E+01  .69423398E+00
  -.16800000E+01  .68156664E+00
  -.16400000E+01  .66884009E+00
  -.16000000E+01  .65605385E+00
  -.15600000E+01  .64320746E+00
  -.15200000E+01  .63030033E+00
  -.14800000E+01  .61733201E+00
  -.14400000E+01  .60430196E+00
  -.14000000E+01  .59120968E+00
  -.13600000E+01  .57805464E+00
  -.13200000E+01  .56483629E+00
  -.12800000E+01  .55155411E+00
  -.12400000E+01  .53820755E+00
  -.12000000E+01  .52479605E+00
  -.11600000E+01  .51131906E+00
  -.11200000E+01  .49777600E+00
  -.10800000E+01  .48416632E+00
  -.10400000E+01  .47048942E+00
  -.10000000E+01  .45674473E+00
  -.96000000E+00  .44293165E+00
  -.92000000E+00  .42904958E+00
  -.88000000E+00  .41509791E+00
  -.84000000E+00  .40107602E+00
  -.80000000E+00  .38698331E+00
  -.76000000E+00  .37281912E+00
  -.72000000E+00  .35858283E+00
  -.68000000E+00  .34427380E+00
  -.64000000E+00  .32989136E+00
  -.60000000E+00  .31543485E+00
  -.56000000E+00  .30090361E+00
  -.52000000E+00  .28629696E+00
  -.48000000E+00  .27161421E+00
  -.44000000E+00  .25685466E+00
  -.40000000E+00  .24201761E+00
  -.36000000E+00  .22710235E+00
  -.32000000E+00  .21210815E+00
  -.28000000E+00  .19703429E+00
  -.24000000E+00  .18188001E+00
  -.20000000E+00  .16664458E+00
  -.16000000E+00  .15132723E+00
  -.12000000E+00  .13592719E+00
  -.80000000E-01  .12044369E+00
  -.40000000E-01  .10487595E+00
   .12351231E-14  .89223127E-01
   .40000000E-01  .73484436E-01
   .80000000E-01  .57659056E-01
   .12000000E+00  .41746153E-01
   .16000000E+00  .25744886E-01
   .20000000E+00  .96543993E-02
   .24000000E+00 -.65261717E-02
   .28000000E+00 -.22797704E-01
   .32000000E+00 -.39161087E-01
   .36000000E+00 -.55617221E-01
   .40000000E+00 -.72167019E-01
   .44000000E+00 -.88811407E-01
   .48000000E+00 -.10555132E+00
   .52000000E+00 -.12238771E+00
   .56000000E+00 -.13932154E+00
   .60000000E+00 -.15635379E+00
   .64000000E+00 -.17348545E+00
   .68000000E+00 -.19071752E+00
   .72000000E+00 -.20805102E+00
   .76000000E+00 -.22548698E+00
   .80000000E+00 -.24302644E+00
   .84000000E+00 -.26067047E+00
   .88000000E+00 -.27842015E+00
   .92000000E+00 -.29627656E+00
   .96000000E+00 -.31424081E+00
   .10000000E+01 -.33231402E+00
   .10400000E+01 -.35049733E+00
   .10800000E+01 -.36879190E+00
   .11200000E+01 -.38719889E+00
   .11600000E+01 -.40571950E+00
   .12000000E+01 -.42435492E+00
   .12400000E+01 -.44310638E+00
   .12800000E+01 -.46197513E+00
   .13200000E+01 -.48096241E+00
   .13600000E+01 -.50006950E+00
   .14000000E+01 -.51929771E+00
   .14400000E+01 -.53864834E+00
   .14800000E+01 -.55812272E+00
   .15200000E+01 -.57772222E+00
   .15600000E+01 -.59744821E+00
   .16000000E+01 -.61730208E+00
   .16400000E+01 -.63728524E+00
   .16800000E+01 -.65739914E+00
   .17200000E+01 -.67764522E+00
   .17600000E+01 -.69802499E+00
   .18000000E+01 -.71853993E+00
   .18400000E+01 -.73919157E+00
   .18800000E+01 -.75998147E+00
   .19200000E+01 -.78091120E+00
   .19600000E+01 -.80198235E+00
   .20000000E+01 -.82319655E+00
KBPotential  L  =      1.00000   -.60000
  -.20000000E+01  .26148352E+01
  -.19600000E+01  .26088874E+01
  -.19200000E+01  .26029344E+01
  -.18800000E+01  .25969761E+01
  -.18400000E+01  .25910125E+01
  -.18000000E+01  .25850436E+01
  -.17600000E+01  .25790694E+01
  -.17200000E+01  .25730898E+01
  -.16800000E+01  .25671049E+01
  -.16400000E+01  .25611146E+01
  -.16000000E+01  .25551190E+01
  -.15600000E+01  .25491179E+01
  -.15200000E+01  .25431114E+01
  -.14800000E+01  .25370996E+01
  -.14400000E+01  .25310822E+01
  -.14000000E+01  .25250594E+01
  -.13600000E+01  .25190312E+01
  -.13200000E+01  .25129974E+01
  -.12800000E+01  .25069581E+01
  -.12400000E+01  .25009134E+01
  -.12000000E+01  .24948630E+01
  -.11600000E+01  .24888072E+01
  -.11200000E+01  .24827457E+01
  -.10800000E+01  .24766787E+01
  -.10400000E+01  .24706060E+01
  -.10000000E+01  .24645278E+01
  -.96000000E+00  .24584439E+01
  -.92000000E+00  .24523544E+01
  -.88000000E+00  .24462592E+01
  -.84000000E+00  .24401583E+01
  -.80000000E+00  .24340517E+01
  -.76000000E+00  .24279394E+01
  -.72000000E+00  .24218214E+01
  -.68000000E+00  .24156976E+01
  -.64000000E+00  .24095680E+01
  -.60000000E+00  .24034327E+01
  -.56000000E+00  .23972916E+01
  -.52000000E+00  .23911446E+01
  -.48000000E+00  .23849918E+01
  -.44000000E+00  .23788332E+01
  -.40000000E+00  .23726687E+01
  -.36000000E+00  .23664983E+01
  -.32000000E+00  .23603220E+01
  -.28000000E+00  .23541398E+01
  -.24000000E+00  .23479517E+01
  -.20000000E+00  .23417576E+01
  -.16000000E+00  .23355575E+01
  -.12000000E+00  .23293514E+01
  -.80000000E-01  .23231394E+01
  -.40000000E-01  .23169213E+01
   .12351231E-14  .23106971E+01
   .40000000E-01  .23044669E+01
   .80000000E-01  .22982307E+01
   .12000000E+00  .22919883E+01
   .16000000E+00  .22857398E+01
   .20000000E+00  .22794852E+01
   .24000000E+00  .22732244E+01
   .28000000E+00  .22669575E+01
   .32000000E+00  .22606844E+01
   .36000000E+00  .22544051E+01
   .40000000E+00  .22481195E+01
   .44000000E+00  .22418277E+01
   .48000000E+00  .22355297E+01
   .52000000E+00  .22292253E+01
   .56000000E+00  .22229147E+01
   .60000000E+00  .22165978E+01
   .64000000E+00  .22102745E+01
   .68000000E+00  .22039449E+01
   .72000000E+00  .21976088E+01
   .76000000E+00  .21912664E+01
   .80000000E+00  .21849176E+01
   .84000000E+00  .21785624E+01
   .88000000E+00  .21722007E+01
   .92000000E+00  .21658325E+01
   .96000000E+00  .21594579E+01
   .10000000E+01  .21530767E+01
   .10400000E+01  .21466890E+01
   .10800000E+01  .21402948E+01
   .11200000E+01  .21338940E+01
   .11600000E+01  .21274866E+01
   .12000000E+01  .21210726E+01
   .12400000E+01  .21146520E+01
   .12800000E+01  .21082247E+01
   .13200000E+01  .21017908E+01
   .13600000E+01  .20953502E+01
   .14000000E+01  .20889028E+01
   .14400000E+01  .20824488E+01
   .14800000E+01  .20759880E+01
   .15200000E+01  .20695204E+01
   .15600000E+01  .20630461E+01
   .16000000E+01  .20565649E+01
   .16400000E+01  .20500769E+01
   .16800000E+01  .20435820E+01
   .17200000E+01  .20370803E+01
   .17600000E+01  .20305717E+01
   .18000000E+01  .20240562E+01
   .18400000E+01  .20175337E+01
   .18800000E+01  .20110043E+01
   .19200000E+01  .20044679E+01
   .19600000E+01  .19979245E+01
   .20000000E+01  .19913741E+01
KBPotential  L  =      2.00000    .00000
  -.20000000E+01  .41920982E+01
  -.19600000E+01  .41880190E+01
  -.19200000E+01  .41839372E+01
  -.18800000E+01  .41798528E+01
  -.18400000E+01  .41757657E+01
  -.18000000E+01  .41716759E+01
  -.17600000E+01  .41675836E+01
  -.17200000E+01  .41634885E+01
  -.16800000E+01  .41593909E+01
  -.16400000E+01  .41552906E+01
  -.16000000E+01  .41511876E+01
  -.15600000E+01  .41470819E+01
  -.15200000E+01  .41429736E+01
  -.14800000E+01  .41388626E+01
  -.14400000E+01  .41347489E+01
  -.14000000E+01  .41306326E+01
  -.13600000E+01  .41265136E+01
  -.13200000E+01  .41223918E+01
  -.12800000E+01  .41182674E+01
  -.12400000E+01  .41141403E+01
  -.12000000E+01  .41100105E+01
  -.11600000E+01  .41058780E+01
  -.11200000E+01  .41017427E+01
  -.10800000E+01  .40976048E+01
  -.10400000E+01  .40934641E+01
  -.10000000E+01  .40893207E+01
  -.96000000E+00  .40851746E+01
  -.92000000E+00  .40810257E+01
  -.88000000E+00  .40768742E+01
  -.84000000E+00  .40727198E+01
  -.80000000E+00  .40685627E+01
  -.76000000E+00  .40644029E+01
  -.72000000E+00  .40602403E+01
  -.68000000E+00  .40560750E+01
  -.64000000E+00  .40519069E+01
  -.60000000E+00  .40477360E+01
  -.56000000E+00  .40435624E+01
  -.52000000E+00  .40393859E+01
  -.48000000E+00  .40352067E+01
  -.44000000E+00  .40310247E+01
  -.40000000E+00  .40268399E+01
  -.36000000E+00  .40226524E+01
  -.32000000E+00  .40184620E+01
  -.28000000E+00  .40142688E+01
  -.24000000E+00  .40100728E+01
  -.20000000E+00  .40058740E+01
  -.16000000E+00  .40016724E+01
  -.12000000E+00  .39974679E+01
  -.80000000E-01  .39932607E+01
  -.40000000E-01  .39890506E+01
   .12351231E-14  .39848376E+01
   .40000000E-01  .39806218E+01
   .80000000E-01  .39764032E+01
   .12000000E+00  .39721817E+01
   .16000000E+00  .39679574E+01
   .20000000E+00  .39637302E+01
   .24000000E+00  .39595002E+01
   .28000000E+00  .39552672E+01
   .32000000E+00  .39510314E+01
   .36000000E+00  .39467928E+01
   .40000000E+00  .39425512E+01
   .44000000E+00  .39383068E+01
   .48000000E+00  .39340594E+01
   .52000000E+00  .39298092E+01
   .56000000E+00  .39255560E+01
   .60000000E+00  .39213000E+01
   .64000000E+00  .39170410E+01
   .68000000E+00  .39127792E+01
   .72000000E+00  .39085144E+01
   .76000000E+00  .39042466E+01
   .80000000E+00  .38999760E+01
   .84000000E+00  .38957024E+01
   .88000000E+00  .38914259E+01
   .92000000E+00  .38871464E+01
   .96000000E+00  .38828640E+01
   .10000000E+01  .38785786E+01
   .10400000E+01  .38742903E+01
   .10800000E+01  .38699989E+01
   .11200000E+01  .38657047E+01
   .11600000E+01  .38614074E+01
   .12000000E+01  .38571072E+01
   .12400000E+01  .38528040E+01
   .12800000E+01  .38484978E+01
   .13200000E+01  .38441886E+01
   .13600000E+01  .38398764E+01
   .14000000E+01  .38355611E+01
   .14400000E+01  .38312429E+01
   .14800000E+01  .38269217E+01
   .15200000E+01  .38225974E+01
   .15600000E+01  .38182702E+01
   .16000000E+01  .38139398E+01
   .16400000E+01  .38096065E+01
   .16800000E+01  .38052701E+01
   .17200000E+01  .38009307E+01
   .17600000E+01  .37965882E+01
   .18000000E+01  .37922427E+01
   .18400000E+01  .37878941E+01
   .18800000E+01  .37835424E+01
   .19200000E+01  .37791877E+01
   .19600000E+01  .37748298E+01
   .20000000E+01  .37704689E+01
KBPotential  L  =      3.00000    .00000
  -.20000000E+01  .56455813E+01
  -.19600000E+01  .56424338E+01
  -.19200000E+01  .56392850E+01
  -.18800000E+01  .56361349E+01
  -.18400000E+01  .56329836E+01
  -.18000000E+01  .56298309E+01
  -.17600000E+01  .56266770E+01
  -.17200000E+01  .56235218E+01
  -.16800000E+01  .56203654E+01
  -.16400000E+01  .56172076E+01
  -.16000000E+01  .56140486E+01
  -.15600000E+01  .56108882E+01
  -.15200000E+01  .56077266E+01
  -.14800000E+01  .56045637E+01
  -.14400000E+01  .56013996E+01
  -.14000000E+01  .55982341E+01
  -.13600000E+01  .55950673E+01
  -.13200000E+01  .55918992E+01
  -.12800000E+01  .55887299E+01
  -.12400000E+01  .55855592E+01
  -.12000000E+01  .55823873E+01
  -.11600000E+01  .55792140E+01
  -.11200000E+01  .55760395E+01
  -.10800000E+01  .55728636E+01
  -.10400000E+01  .55696865E+01
  -.10000000E+01  .55665080E+01
  -.96000000E+00  .55633283E+01
  -.92000000E+00  .55601472E+01
  -.88000000E+00  .55569648E+01
  -.84000000E+00  .55537811E+01
  -.80000000E+00  .55505961E+01
  -.76000000E+00  .55474098E+01
  -.72000000E+00  .55442222E+01
  -.68000000E+00  .55410333E+01
  -.64000000E+00  .55378430E+01
  -.60000000E+00  .55346514E+01
  -.56000000E+00  .55314585E+01
  -.52000000E+00  .55282643E+01
  -.48000000E+00  .55250688E+01
  -.44000000E+00  .55218719E+01
  -.40000000E+00  .55186738E+01
  -.36000000E+00  .55154743E+01
  -.32000000E+00  .55122734E+01
  -.28000000E+00  .55090713E+01
  -.24000000E+00  .55058678E+01
  -.20000000E+00  .55026629E+01
  -.16000000E+00  .54994568E+01
  -.12000000E+00  .54962493E+01
  -.80000000E-01  .54930405E+01
  -.40000000E-01  .54898303E+01
   .12351231E-14  .54866188E+01
   .40000000E-01  .54834059E+01
   .80000000E-01  .54801918E+01
   .12000000E+00  .54769762E+01
   .16000000E+00  .54737594E+01
   .20000000E+00  .54705411E+01
   .24000000E+00  .54673216E+01
   .28000000E+00  .54641007E+01
   .32000000E+00  .54608784E+01
   .36000000E+00  .54576548E+01
   .40000000E+00  .54544298E+01
   .44000000E+00  .54512035E+01
   .48000000E+00  .54479758E+01
   .52000000E+00  .54447468E+01
   .56000000E+00  .54415164E+01
   .60000000E+00  .54382846E+01
   .64000000E+00  .54350515E+01
   .68000000E+00  .54318170E+01
   .72000000E+00  .54285812E+01
   .76000000E+00  .54253440E+01
   .80000000E+00  .54221054E+01
   .84000000E+00  .54188655E+01
   .88000000E+00  .54156242E+01
   .92000000E+00  .54123815E+01
   .96000000E+00  .54091374E+01
   .10000000E+01  .54058920E+01
   .10400000E+01  .54026452E+01
   .10800000E+01  .53993970E+01
   .11200000E+01  .53961475E+01
   .11600000E+01  .53928965E+01
   .12000000E+01  .53896442E+01
   .12400000E+01  .53863905E+01
   .12800000E+01  .53831354E+01
   .13200000E+01  .53798789E+01
   .13600000E+01  .53766210E+01
   .14000000E+01  .53733618E+01
   .14400000E+01  .53701011E+01
   .14800000E+01  .53668391E+01
   .15200000E+01  .53635757E+01
   .15600000E+01  .53603108E+01
   .16000000E+01  .53570446E+01
   .16400000E+01  .53537770E+01
   .16800000E+01  .53505080E+01
   .17200000E+01  .53472376E+01
   .17600000E+01  .53439657E+01
   .18000000E+01  .53406925E+01
   .18400000E+01  .53374179E+01
   .18800000E+01  .53341418E+01
   .19200000E+01  .53308644E+01
   .19600000E+01  .53275855E+01
   .20000000E+01  .53243052E+01
KBPotential  L  =      4.00000    .00000
  -.20000000E+01  .70877526E+01
  -.19600000E+01  .70851873E+01
  -.19200000E+01  .70826212E+01
  -.18800000E+01  .70800546E+01
  -.18400000E+01  .70774880E+01
  -.18000000E+01  .70749199E+01
  -.17600000E+01  .70723509E+01
  -.17200000E+01  .70697813E+01
  -.16800000E+01  .70672110E+01
  -.16400000E+01  .70646397E+01
  -.16000000E+01  .70620670E+01
  -.15600000E+01  .70594945E+01
  -.15200000E+01  .70569213E+01
  -.14800000E+01  .70543437E+01
  -.14400000E+01  .70517690E+01
  -.14000000E+01  .70491940E+01
  -.13600000E+01  .70466179E+01
  -.13200000E+01  .70440454E+01
  -.12800000E+01  .70414677E+01
  -.12400000E+01  .70388895E+01
  -.12000000E+01  .70363105E+01
  -.11600000E+01  .70337308E+01
  -.11200000E+01  .70311502E+01
  -.10800000E+01  .70285690E+01
  -.10400000E+01  .70259875E+01
  -.10000000E+01  .70234049E+01
  -.96000000E+00  .70208216E+01
  -.92000000E+00  .70182376E+01
  -.88000000E+00  .70156520E+01
  -.84000000E+00  .70130664E+01
  -.80000000E+00  .70104802E+01
  -.76000000E+00  .70078932E+01
  -.72000000E+00  .70053055E+01
  -.68000000E+00  .70027171E+01
  -.64000000E+00  .70001279E+01
  -.60000000E+00  .69975380E+01
  -.56000000E+00  .69949473E+01
  -.52000000E+00  .69923560E+01
  -.48000000E+00  .69897639E+01
  -.44000000E+00  .69871710E+01
  -.40000000E+00  .69845776E+01
  -.36000000E+00  .69819833E+01
  -.32000000E+00  .69793882E+01
  -.28000000E+00  .69767925E+01
  -.24000000E+00  .69741960E+01
  -.20000000E+00  .69715987E+01
  -.16000000E+00  .69690007E+01
  -.12000000E+00  .69664016E+01
  -.80000000E-01  .69638022E+01
  -.40000000E-01  .69612024E+01
   .12351231E-14  .69586022E+01
   .40000000E-01  .69560002E+01
   .80000000E-01  .69533977E+01
   .12000000E+00  .69507943E+01
   .16000000E+00  .69481905E+01
   .20000000E+00  .69455862E+01
   .24000000E+00  .69429809E+01
   .28000000E+00  .69403712E+01
   .32000000E+00  .69377641E+01
   .36000000E+00  .69351565E+01
   .40000000E+00  .69325515E+01
   .44000000E+00  .69299424E+01
   .48000000E+00  .69273327E+01
   .52000000E+00  .69247227E+01
   .56000000E+00  .69221114E+01
   .60000000E+00  .69194992E+01
   .64000000E+00  .69168864E+01
   .68000000E+00  .69142727E+01
   .72000000E+00  .69116578E+01
   .76000000E+00  .69090427E+01
   .80000000E+00  .69064269E+01
   .84000000E+00  .69038104E+01
   .88000000E+00  .69011937E+01
   .92000000E+00  .68985756E+01
   .96000000E+00  .68959567E+01
   .10000000E+01  .68933371E+01
   .10400000E+01  .68907167E+01
   .10800000E+01  .68880946E+01
   .11200000E+01  .68854727E+01
   .11600000E+01  .68828501E+01
   .12000000E+01  .68802267E+01
   .12400000E+01  .68776027E+01
   .12800000E+01  .68749786E+01
   .13200000E+01  .68723529E+01
   .13600000E+01  .68697266E+01
   .14000000E+01  .68670994E+01
   .14400000E+01  .68644711E+01
   .14800000E+01  .68618418E+01
   .15200000E+01  .68592131E+01
   .15600000E+01  .68565829E+01
   .16000000E+01  .68539519E+01
   .16400000E+01  .68513202E+01
   .16800000E+01  .68486879E+01
   .17200000E+01  .68460549E+01
   .17600000E+01  .68434209E+01
   .18000000E+01  .68407825E+01
   .18400000E+01  .68381470E+01
   .18800000E+01  .68355107E+01
   .19200000E+01  .68328736E+01
   .19600000E+01  .68302358E+01
   .20000000E+01  .68276008E+01
