  PAW Ga                                 
 100
Core Pot   L  =         .00000   -.66219
  -.20000000E+01  .79212660E+00
  -.19600000E+01  .76984580E+00
  -.19200000E+01  .74719407E+00
  -.18800000E+01  .72415785E+00
  -.18400000E+01  .70072286E+00
  -.18000000E+01  .67687408E+00
  -.17600000E+01  .65259567E+00
  -.17200000E+01  .62787097E+00
  -.16800000E+01  .60268237E+00
  -.16400000E+01  .57701129E+00
  -.16000000E+01  .55083813E+00
  -.15600000E+01  .52414213E+00
  -.15200000E+01  .49690134E+00
  -.14800000E+01  .46909253E+00
  -.14400000E+01  .44069104E+00
  -.14000000E+01  .41167077E+00
  -.13600000E+01  .38200395E+00
  -.13200000E+01  .35166109E+00
  -.12800000E+01  .32061082E+00
  -.12400000E+01  .28881974E+00
  -.12000000E+01  .25625222E+00
  -.11600000E+01  .22287027E+00
  -.11200000E+01  .18863328E+00
  -.10800000E+01  .15349785E+00
  -.10400000E+01  .11741748E+00
  -.10000000E+01  .80342320E-01
  -.96000000E+00  .42218885E-01
  -.92000000E+00  .29896734E-02
  -.88000000E+00 -.37407197E-01
  -.84000000E+00 -.79038419E-01
  -.80000000E+00 -.12197597E+00
  -.76000000E+00 -.16629767E+00
  -.72000000E+00 -.21208773E+00
  -.68000000E+00 -.25943752E+00
  -.64000000E+00 -.30844624E+00
  -.60000000E+00 -.35922187E+00
  -.56000000E+00 -.41188210E+00
  -.52000000E+00 -.46655549E+00
  -.48000000E+00 -.52338273E+00
  -.44000000E+00 -.58251815E+00
  -.40000000E+00 -.64413135E+00
  -.36000000E+00 -.70840921E+00
  -.32000000E+00 -.77555809E+00
  -.28000000E+00 -.84580650E+00
  -.24000000E+00 -.91940809E+00
  -.20000000E+00 -.99664528E+00
  -.16000000E+00 -.10778334E+01
  -.12000000E+00 -.11633257E+01
  -.80000000E-01 -.12535191E+01
  -.40000000E-01 -.13488614E+01
   .12351231E-14 -.14498594E+01
   .40000000E-01 -.15570893E+01
   .80000000E-01 -.16712086E+01
   .12000000E+00 -.17929713E+01
   .16000000E+00 -.19232463E+01
   .20000000E+00 -.20630398E+01
   .24000000E+00 -.22135241E+01
   .28000000E+00 -.23760727E+01
   .32000000E+00 -.25523060E+01
   .36000000E+00 -.27441492E+01
   .40000000E+00 -.29539073E+01
   .44000000E+00 -.31843638E+01
   .48000000E+00 -.34389121E+01
   .52000000E+00 -.37217314E+01
   .56000000E+00 -.40380289E+01
   .60000000E+00 -.43943763E+01
   .64000000E+00 -.47991879E+01
   .68000000E+00 -.52634158E+01
   .72000000E+00 -.58015841E+01
   .76000000E+00 -.64333750E+01
   .80000000E+00 -.71861409E+01
   .84000000E+00 -.80990456E+01
   .88000000E+00 -.92302103E+01
   .92000000E+00 -.10669764E+02
   .96000000E+00 -.12565395E+02
   .10000000E+01 -.15177031E+02
   .10400000E+01 -.19008473E+02
   .10800000E+01 -.25181051E+02
   .11200000E+01 -.36797836E+02
   .11600000E+01 -.66786988E+02
   .12000000E+01 -.32446028E+03
   .12400000E+01  .11739158E+03
   .12800000E+01  .50381786E+02
   .13200000E+01  .32334918E+02
   .13600000E+01  .23940912E+02
   .14000000E+01  .19086039E+02
   .14400000E+01  .15919475E+02
   .14800000E+01  .13689351E+02
   .15200000E+01  .12032526E+02
   .15600000E+01  .10752120E+02
   .16000000E+01  .97321353E+01
   .16400000E+01  .88997881E+01
   .16800000E+01  .82071005E+01
   .17200000E+01  .76211622E+01
   .17600000E+01  .71186457E+01
   .18000000E+01  .66825551E+01
   .18400000E+01  .63002145E+01
   .18800000E+01  .59619771E+01
   .19200000E+01  .56603717E+01
   .19600000E+01  .53895218E+01
   .20000000E+01  .51447418E+01
Potential  L  =         .00000   -.66219
  -.20000000E+01  .91858135E+00
  -.19600000E+01  .89710803E+00
  -.19200000E+01  .87521368E+00
  -.18800000E+01  .85287786E+00
  -.18400000E+01  .83007867E+00
  -.18000000E+01  .80679259E+00
  -.17600000E+01  .78299438E+00
  -.17200000E+01  .75865688E+00
  -.16800000E+01  .73375081E+00
  -.16400000E+01  .70824459E+00
  -.16000000E+01  .68210410E+00
  -.15600000E+01  .65529236E+00
  -.15200000E+01  .62776932E+00
  -.14800000E+01  .59949143E+00
  -.14400000E+01  .57041132E+00
  -.14000000E+01  .54047731E+00
  -.13600000E+01  .50963293E+00
  -.13200000E+01  .47781638E+00
  -.12800000E+01  .44495980E+00
  -.12400000E+01  .41098855E+00
  -.12000000E+01  .37582036E+00
  -.11600000E+01  .33936424E+00
  -.11200000E+01  .30151938E+00
  -.10800000E+01  .26217370E+00
  -.10400000E+01  .22120225E+00
  -.10000000E+01  .17846532E+00
  -.96000000E+00  .13380613E+00
  -.92000000E+00  .87048168E-01
  -.88000000E+00  .37991941E-01
  -.84000000E+00 -.13588890E-01
  -.80000000E+00 -.67952210E-01
  -.76000000E+00 -.12539317E+00
  -.72000000E+00 -.18625119E+00
  -.68000000E+00 -.25091861E+00
  -.64000000E+00 -.31985147E+00
  -.60000000E+00 -.39358296E+00
  -.56000000E+00 -.47274060E+00
  -.52000000E+00 -.55806800E+00
  -.48000000E+00 -.65045314E+00
  -.44000000E+00 -.75096518E+00
  -.40000000E+00 -.86090330E+00
  -.36000000E+00 -.98186207E+00
  -.32000000E+00 -.11158206E+01
  -.28000000E+00 -.12652661E+01
  -.24000000E+00 -.14333678E+01
  -.20000000E+00 -.16242289E+01
  -.16000000E+00 -.18432574E+01
  -.12000000E+00 -.20977298E+01
  -.80000000E-01 -.23976755E+01
  -.40000000E-01 -.27573137E+01
   .12351231E-14 -.31974981E+01
   .40000000E-01 -.37500973E+01
   .80000000E-01 -.44663745E+01
   .12000000E+00 -.54343905E+01
   .16000000E+00 -.68192442E+01
   .20000000E+00 -.89709016E+01
   .24000000E+00 -.12783547E+02
   .28000000E+00 -.21426311E+02
   .32000000E+00 -.60221239E+02
   .36000000E+00  .82290069E+02
   .40000000E+00  .25151202E+02
   .44000000E+00  .15069830E+02
   .48000000E+00  .10860925E+02
   .52000000E+00  .85455485E+01
   .56000000E+00  .70770403E+01
   .60000000E+00  .60600749E+01
   .64000000E+00  .53122155E+01
   .68000000E+00  .47376120E+01
   .72000000E+00  .42810802E+01
   .76000000E+00  .39086026E+01
   .80000000E+00  .35980675E+01
   .84000000E+00  .33344789E+01
   .88000000E+00  .31073066E+01
   .92000000E+00  .29089389E+01
   .96000000E+00  .27337364E+01
   .10000000E+01  .25774319E+01
   .10400000E+01  .24367365E+01
   .10800000E+01  .23090742E+01
   .11200000E+01  .21923983E+01
   .11600000E+01  .20850619E+01
   .12000000E+01  .19857247E+01
   .12400000E+01  .18932841E+01
   .12800000E+01  .18068252E+01
   .13200000E+01  .17255816E+01
   .13600000E+01  .16489067E+01
   .14000000E+01  .15762506E+01
   .14400000E+01  .15071427E+01
   .14800000E+01  .14411776E+01
   .15200000E+01  .13780040E+01
   .15600000E+01  .13173159E+01
   .16000000E+01  .12588449E+01
   .16400000E+01  .12023549E+01
   .16800000E+01  .11476369E+01
   .17200000E+01  .10945052E+01
   .17600000E+01  .10427939E+01
   .18000000E+01  .99235423E+00
   .18400000E+01  .94305210E+00
   .18800000E+01  .89476630E+00
   .19200000E+01  .84738670E+00
   .19600000E+01  .80081286E+00
   .20000000E+01  .75495278E+00
Core Pot   L  =        1.00000   -.19300
  -.20000000E+01  .11188311E+01
  -.19600000E+01  .11023306E+01
  -.19200000E+01  .10856579E+01
  -.18800000E+01  .10688088E+01
  -.18400000E+01  .10517788E+01
  -.18000000E+01  .10345631E+01
  -.17600000E+01  .10171571E+01
  -.17200000E+01  .99955565E+00
  -.16800000E+01  .98175366E+00
  -.16400000E+01  .96374575E+00
  -.16000000E+01  .94552633E+00
  -.15600000E+01  .92708961E+00
  -.15200000E+01  .90842957E+00
  -.14800000E+01  .88953997E+00
  -.14400000E+01  .87041428E+00
  -.14000000E+01  .85104575E+00
  -.13600000E+01  .83142733E+00
  -.13200000E+01  .81155167E+00
  -.12800000E+01  .79141114E+00
  -.12400000E+01  .77099777E+00
  -.12000000E+01  .75030326E+00
  -.11600000E+01  .72931893E+00
  -.11200000E+01  .70803572E+00
  -.10800000E+01  .68644424E+00
  -.10400000E+01  .66453457E+00
  -.10000000E+01  .64229641E+00
  -.96000000E+00  .61971897E+00
  -.92000000E+00  .59679095E+00
  -.88000000E+00  .57350054E+00
  -.84000000E+00  .54983535E+00
  -.80000000E+00  .52578240E+00
  -.76000000E+00  .50132807E+00
  -.72000000E+00  .47645807E+00
  -.68000000E+00  .45115740E+00
  -.64000000E+00  .42541026E+00
  -.60000000E+00  .39920013E+00
  -.56000000E+00  .37250951E+00
  -.52000000E+00  .34532005E+00
  -.48000000E+00  .31761240E+00
  -.44000000E+00  .28936615E+00
  -.40000000E+00  .26055977E+00
  -.36000000E+00  .23117052E+00
  -.32000000E+00  .20117438E+00
  -.28000000E+00  .17054594E+00
  -.24000000E+00  .13925829E+00
  -.20000000E+00  .10728294E+00
  -.16000000E+00  .74589680E-01
  -.12000000E+00  .41146441E-01
  -.80000000E-01  .69191617E-02
  -.40000000E-01 -.28128371E-01
   .12351231E-14 -.64034698E-01
   .40000000E-01 -.10084088E+00
   .80000000E-01 -.13859071E+00
   .12000000E+00 -.17733094E+00
   .16000000E+00 -.21711154E+00
   .20000000E+00 -.25798596E+00
   .24000000E+00 -.30001149E+00
   .28000000E+00 -.34324956E+00
   .32000000E+00 -.38776615E+00
   .36000000E+00 -.43363222E+00
   .40000000E+00 -.48092417E+00
   .44000000E+00 -.52972440E+00
   .48000000E+00 -.58012189E+00
   .52000000E+00 -.63221289E+00
   .56000000E+00 -.68610166E+00
   .60000000E+00 -.74190135E+00
   .64000000E+00 -.79973493E+00
   .68000000E+00 -.85973634E+00
   .72000000E+00 -.92205168E+00
   .76000000E+00 -.98684067E+00
   .80000000E+00 -.10542783E+01
   .84000000E+00 -.11245565E+01
   .88000000E+00 -.11978866E+01
   .92000000E+00 -.12745016E+01
   .96000000E+00 -.13546590E+01
   .10000000E+01 -.14386444E+01
   .10400000E+01 -.15267749E+01
   .10800000E+01 -.16194042E+01
   .11200000E+01 -.17169276E+01
   .11600000E+01 -.18197885E+01
   .12000000E+01 -.19284859E+01
   .12400000E+01 -.20435834E+01
   .12800000E+01 -.21657200E+01
   .13200000E+01 -.22956232E+01
   .13600000E+01 -.24341249E+01
   .14000000E+01 -.25821806E+01
   .14400000E+01 -.27408935E+01
   .14800000E+01 -.29115444E+01
   .15200000E+01 -.30956283E+01
   .15600000E+01 -.32949017E+01
   .16000000E+01 -.35114423E+01
   .16400000E+01 -.37477256E+01
   .16800000E+01 -.40067254E+01
   .17200000E+01 -.42920458E+01
   .17600000E+01 -.46080971E+01
   .18000000E+01 -.49603349E+01
   .18400000E+01 -.53555896E+01
   .18800000E+01 -.58025279E+01
   .19200000E+01 -.63123152E+01
   .19600000E+01 -.68995858E+01
   .20000000E+01 -.75839031E+01
Potential  L  =        1.00000   -.19300
  -.20000000E+01  .11605652E+01
  -.19600000E+01  .11441982E+01
  -.19200000E+01  .11276464E+01
  -.18800000E+01  .11109045E+01
  -.18400000E+01  .10939670E+01
  -.18000000E+01  .10768282E+01
  -.17600000E+01  .10594823E+01
  -.17200000E+01  .10419229E+01
  -.16800000E+01  .10241438E+01
  -.16400000E+01  .10061380E+01
  -.16000000E+01  .98789854E+00
  -.15600000E+01  .96941807E+00
  -.15200000E+01  .95068884E+00
  -.14800000E+01  .93170276E+00
  -.14400000E+01  .91245137E+00
  -.14000000E+01  .89292581E+00
  -.13600000E+01  .87311675E+00
  -.13200000E+01  .85301443E+00
  -.12800000E+01  .83260860E+00
  -.12400000E+01  .81188849E+00
  -.12000000E+01  .79084276E+00
  -.11600000E+01  .76945949E+00
  -.11200000E+01  .74772613E+00
  -.10800000E+01  .72562945E+00
  -.10400000E+01  .70315550E+00
  -.10000000E+01  .68028957E+00
  -.96000000E+00  .65701611E+00
  -.92000000E+00  .63331870E+00
  -.88000000E+00  .60917995E+00
  -.84000000E+00  .58458146E+00
  -.80000000E+00  .55950373E+00
  -.76000000E+00  .53392608E+00
  -.72000000E+00  .50782655E+00
  -.68000000E+00  .48118182E+00
  -.64000000E+00  .45396704E+00
  -.60000000E+00  .42615583E+00
  -.56000000E+00  .39772002E+00
  -.52000000E+00  .36862952E+00
  -.48000000E+00  .33885225E+00
  -.44000000E+00  .30835386E+00
  -.40000000E+00  .27709760E+00
  -.36000000E+00  .24504405E+00
  -.32000000E+00  .21215090E+00
  -.28000000E+00  .17837268E+00
  -.24000000E+00  .14366043E+00
  -.20000000E+00  .10796140E+00
  -.16000000E+00  .71218640E-01
  -.12000000E+00  .33370569E-01
  -.80000000E-01 -.56494830E-02
  -.40000000E-01 -.45913833E-01
   .12351231E-14 -.87501055E-01
   .40000000E-01 -.13049668E+00
   .80000000E-01 -.17499396E+00
   .12000000E+00 -.22109483E+00
   .16000000E+00 -.26891085E+00
   .20000000E+00 -.31856447E+00
   .24000000E+00 -.37019032E+00
   .28000000E+00 -.42393682E+00
   .32000000E+00 -.47996797E+00
   .36000000E+00 -.53846547E+00
   .40000000E+00 -.59963116E+00
   .44000000E+00 -.66368994E+00
   .48000000E+00 -.73089312E+00
   .52000000E+00 -.80152243E+00
   .56000000E+00 -.87589483E+00
   .60000000E+00 -.95436813E+00
   .64000000E+00 -.10373478E+01
   .68000000E+00 -.11252954E+01
   .72000000E+00 -.12187382E+01
   .76000000E+00 -.13182819E+01
   .80000000E+00 -.14246250E+01
   .84000000E+00 -.15385784E+01
   .88000000E+00 -.16610878E+01
   .92000000E+00 -.17932639E+01
   .96000000E+00 -.19364194E+01
   .10000000E+01 -.20921175E+01
   .10400000E+01 -.22622346E+01
   .10800000E+01 -.24490429E+01
   .11200000E+01 -.26553205E+01
   .11600000E+01 -.28845005E+01
   .12000000E+01 -.31408769E+01
   .12400000E+01 -.34298913E+01
   .12800000E+01 -.37585452E+01
   .13200000E+01 -.41360008E+01
   .13600000E+01 -.45744858E+01
   .14000000E+01 -.50906912E+01
   .14400000E+01 -.57080134E+01
   .14800000E+01 -.64602975E+01
   .15200000E+01 -.73984032E+01
   .15600000E+01 -.86024343E+01
   .16000000E+01 -.10206288E+02
   .16400000E+01 -.12451918E+02
   .16800000E+01 -.15825898E+02
   .17200000E+01 -.21473131E+02
   .17600000E+01 -.32879328E+02
   .18000000E+01 -.68108414E+02
   .18400000E+01  .15126494E+04
   .18800000E+01  .63899375E+02
   .19200000E+01  .32988003E+02
   .19600000E+01  .22379635E+02
   .20000000E+01  .17011073E+02
Core Pot   L  =        2.00000  -1.41586
  -.20000000E+01  .12677528E+01
  -.19600000E+01  .12375991E+01
  -.19200000E+01  .12048358E+01
  -.18800000E+01  .11688931E+01
  -.18400000E+01  .11290174E+01
  -.18000000E+01  .10841912E+01
  -.17600000E+01  .10330052E+01
  -.17200000E+01  .97345050E+00
  -.16800000E+01  .90256104E+00
  -.16400000E+01  .81576594E+00
  -.16000000E+01  .70563385E+00
  -.15600000E+01  .55921961E+00
  -.15200000E+01  .35178474E+00
  -.14800000E+01  .29403800E-01
  -.14400000E+01 -.55209070E+00
  -.14000000E+01 -.19516753E+01
  -.13600000E+01 -.10458577E+02
  -.13200000E+01  .88918158E+01
  -.12800000E+01  .41851253E+01
  -.12400000E+01  .30751033E+01
  -.12000000E+01  .25725899E+01
  -.11600000E+01  .22821631E+01
  -.11200000E+01  .20903504E+01
  -.10800000E+01  .19523470E+01
  -.10400000E+01  .18468986E+01
  -.10000000E+01  .17626241E+01
  -.96000000E+00  .16928792E+01
  -.92000000E+00  .16335235E+01
  -.88000000E+00  .15818425E+01
  -.84000000E+00  .15359822E+01
  -.80000000E+00  .14946326E+01
  -.76000000E+00  .14568419E+01
  -.72000000E+00  .14219014E+01
  -.68000000E+00  .13892727E+01
  -.64000000E+00  .13585389E+01
  -.60000000E+00  .13293722E+01
  -.56000000E+00  .13015111E+01
  -.52000000E+00  .12747442E+01
  -.48000000E+00  .12488988E+01
  -.44000000E+00  .12238321E+01
  -.40000000E+00  .11994251E+01
  -.36000000E+00  .11755772E+01
  -.32000000E+00  .11522035E+01
  -.28000000E+00  .11292309E+01
  -.24000000E+00  .11065965E+01
  -.20000000E+00  .10842457E+01
  -.16000000E+00  .10621305E+01
  -.12000000E+00  .10402089E+01
  -.80000000E-01  .10184435E+01
  -.40000000E-01  .99680086E+00
   .12351231E-14  .97525108E+00
   .40000000E-01  .95376706E+00
   .80000000E-01  .93232417E+00
   .12000000E+00  .91089989E+00
   .16000000E+00  .88947348E+00
   .20000000E+00  .86802573E+00
   .24000000E+00  .84653875E+00
   .28000000E+00  .82499578E+00
   .32000000E+00  .80338101E+00
   .36000000E+00  .78167945E+00
   .40000000E+00  .75987683E+00
   .44000000E+00  .73795946E+00
   .48000000E+00  .71591412E+00
   .52000000E+00  .69372802E+00
   .56000000E+00  .67138870E+00
   .60000000E+00  .64888395E+00
   .64000000E+00  .62620178E+00
   .68000000E+00  .60333033E+00
   .72000000E+00  .58025782E+00
   .76000000E+00  .55697252E+00
   .80000000E+00  .53346270E+00
   .84000000E+00  .50971657E+00
   .88000000E+00  .48572228E+00
   .92000000E+00  .46146781E+00
   .96000000E+00  .43694099E+00
   .10000000E+01  .41212945E+00
   .10400000E+01  .38702053E+00
   .10800000E+01  .36160135E+00
   .11200000E+01  .33585867E+00
   .11600000E+01  .30977893E+00
   .12000000E+01  .28334812E+00
   .12400000E+01  .25655185E+00
   .12800000E+01  .22937520E+00
   .13200000E+01  .20180279E+00
   .13600000E+01  .17381864E+00
   .14000000E+01  .14540616E+00
   .14400000E+01  .11654812E+00
   .14800000E+01  .87226584E-01
   .15200000E+01  .57422837E-01
   .15600000E+01  .27117361E-01
   .16000000E+01 -.37102413E-02
   .16400000E+01 -.35081316E-01
   .16800000E+01 -.67018222E-01
   .17200000E+01 -.99544393E-01
   .17600000E+01 -.13268445E+00
   .18000000E+01 -.16646422E+00
   .18400000E+01 -.20091095E+00
   .18800000E+01 -.23605327E+00
   .19200000E+01 -.27192140E+00
   .19600000E+01 -.30854718E+00
   .20000000E+01 -.34596428E+00
Potential  L  =        2.00000  -1.41586
  -.20000000E+01  .17711953E+00
  -.19600000E+01  .11717423E+00
  -.19200000E+01  .54068332E-01
  -.18800000E+01 -.12498215E-01
  -.18400000E+01 -.82865077E-01
  -.18000000E+01 -.15741827E+00
  -.17600000E+01 -.23659838E+00
  -.17200000E+01 -.32091052E+00
  -.16800000E+01 -.41093666E+00
  -.16400000E+01 -.50735076E+00
  -.16000000E+01 -.61093780E+00
  -.15600000E+01 -.72261754E+00
  -.15200000E+01 -.84347479E+00
  -.14800000E+01 -.97479820E+00
  -.14400000E+01 -.11181305E+01
  -.14000000E+01 -.12753345E+01
  -.13600000E+01 -.14486803E+01
  -.13200000E+01 -.16409635E+01
  -.12800000E+01 -.18556665E+01
  -.12400000E+01 -.20971829E+01
  -.12000000E+01 -.23711371E+01
  -.11600000E+01 -.26848470E+01
  -.11200000E+01 -.30480141E+01
  -.10800000E+01 -.34737793E+01
  -.10400000E+01 -.39803962E+01
  -.10000000E+01 -.45939847E+01
  -.96000000E+00 -.53532814E+01
  -.92000000E+00 -.63183022E+01
  -.88000000E+00 -.75872820E+01
  -.84000000E+00 -.93328579E+01
  -.80000000E+00 -.11888962E+02
  -.76000000E+00 -.15996601E+02
  -.72000000E+00 -.23696072E+02
  -.68000000E+00 -.43397293E+02
  -.64000000E+00 -.20311007E+03
  -.60000000E+00  .81576291E+02
  -.56000000E+00  .34974978E+02
  -.52000000E+00  .22647199E+02
  -.48000000E+00  .16943540E+02
  -.44000000E+00  .13652590E+02
  -.40000000E+00  .11508635E+02
  -.36000000E+00  .99995016E+01
  -.32000000E+00  .88784368E+01
  -.28000000E+00  .80118920E+01
  -.24000000E+00  .73212841E+01
  -.20000000E+00  .67573552E+01
  -.16000000E+00  .62876606E+01
  -.12000000E+00  .58899592E+01
  -.80000000E-01  .55484944E+01
  -.40000000E-01  .52517916E+01
   .12351231E-14  .49912961E+01
   .40000000E-01  .47604994E+01
   .80000000E-01  .45543625E+01
   .12000000E+00  .43689228E+01
   .16000000E+00  .42010214E+01
   .20000000E+00  .40481091E+01
   .24000000E+00  .39081061E+01
   .28000000E+00  .37792986E+01
   .32000000E+00  .36602616E+01
   .36000000E+00  .35498006E+01
   .40000000E+00  .34469069E+01
   .44000000E+00  .33507223E+01
   .48000000E+00  .32605126E+01
   .52000000E+00  .31756456E+01
   .56000000E+00  .30955742E+01
   .60000000E+00  .30198223E+01
   .64000000E+00  .29479735E+01
   .68000000E+00  .28796626E+01
   .72000000E+00  .28145673E+01
   .76000000E+00  .27524024E+01
   .80000000E+00  .26929144E+01
   .84000000E+00  .26358774E+01
   .88000000E+00  .25810893E+01
   .92000000E+00  .25283688E+01
   .96000000E+00  .24775526E+01
   .10000000E+01  .24284933E+01
   .10400000E+01  .23810578E+01
   .10800000E+01  .23351249E+01
   .11200000E+01  .22905847E+01
   .11600000E+01  .22473368E+01
   .12000000E+01  .22052896E+01
   .12400000E+01  .21643590E+01
   .12800000E+01  .21244682E+01
   .13200000E+01  .20855461E+01
   .13600000E+01  .20475275E+01
   .14000000E+01  .20103521E+01
   .14400000E+01  .19739642E+01
   .14800000E+01  .19383120E+01
   .15200000E+01  .19033478E+01
   .15600000E+01  .18690267E+01
   .16000000E+01  .18353075E+01
   .16400000E+01  .18021512E+01
   .16800000E+01  .17695217E+01
   .17200000E+01  .17373852E+01
   .17600000E+01  .17057098E+01
   .18000000E+01  .16744658E+01
   .18400000E+01  .16436252E+01
   .18800000E+01  .16131615E+01
   .19200000E+01  .15830498E+01
   .19600000E+01  .15532667E+01
   .20000000E+01  .15237899E+01
Core Pot   L  =        3.00000   -.10000
  -.20000000E+01  .18847889E+01
  -.19600000E+01  .18747550E+01
  -.19200000E+01  .18646761E+01
  -.18800000E+01  .18545514E+01
  -.18400000E+01  .18443806E+01
  -.18000000E+01  .18341630E+01
  -.17600000E+01  .18238980E+01
  -.17200000E+01  .18135851E+01
  -.16800000E+01  .18032236E+01
  -.16400000E+01  .17928130E+01
  -.16000000E+01  .17823525E+01
  -.15600000E+01  .17718417E+01
  -.15200000E+01  .17612798E+01
  -.14800000E+01  .17506662E+01
  -.14400000E+01  .17400001E+01
  -.14000000E+01  .17292810E+01
  -.13600000E+01  .17185081E+01
  -.13200000E+01  .17076807E+01
  -.12800000E+01  .16967981E+01
  -.12400000E+01  .16858595E+01
  -.12000000E+01  .16748642E+01
  -.11600000E+01  .16638113E+01
  -.11200000E+01  .16527001E+01
  -.10800000E+01  .16415299E+01
  -.10400000E+01  .16302997E+01
  -.10000000E+01  .16190087E+01
  -.96000000E+00  .16076561E+01
  -.92000000E+00  .15962409E+01
  -.88000000E+00  .15847623E+01
  -.84000000E+00  .15732194E+01
  -.80000000E+00  .15616113E+01
  -.76000000E+00  .15499368E+01
  -.72000000E+00  .15381952E+01
  -.68000000E+00  .15263854E+01
  -.64000000E+00  .15145063E+01
  -.60000000E+00  .15025569E+01
  -.56000000E+00  .14905361E+01
  -.52000000E+00  .14784429E+01
  -.48000000E+00  .14662761E+01
  -.44000000E+00  .14540346E+01
  -.40000000E+00  .14417171E+01
  -.36000000E+00  .14293225E+01
  -.32000000E+00  .14168496E+01
  -.28000000E+00  .14042971E+01
  -.24000000E+00  .13916636E+01
  -.20000000E+00  .13789480E+01
  -.16000000E+00  .13661487E+01
  -.12000000E+00  .13532645E+01
  -.80000000E-01  .13402939E+01
  -.40000000E-01  .13272354E+01
   .12351231E-14  .13140875E+01
   .40000000E-01  .13008488E+01
   .80000000E-01  .12875176E+01
   .12000000E+00  .12740923E+01
   .16000000E+00  .12605712E+01
   .20000000E+00  .12469527E+01
   .24000000E+00  .12332350E+01
   .28000000E+00  .12194162E+01
   .32000000E+00  .12054947E+01
   .36000000E+00  .11914684E+01
   .40000000E+00  .11773355E+01
   .44000000E+00  .11630939E+01
   .48000000E+00  .11487415E+01
   .52000000E+00  .11342763E+01
   .56000000E+00  .11196962E+01
   .60000000E+00  .11049988E+01
   .64000000E+00  .10901818E+01
   .68000000E+00  .10752430E+01
   .72000000E+00  .10601798E+01
   .76000000E+00  .10449898E+01
   .80000000E+00  .10296704E+01
   .84000000E+00  .10142190E+01
   .88000000E+00  .99863276E+00
   .92000000E+00  .98290891E+00
   .96000000E+00  .96704456E+00
   .10000000E+01  .95103671E+00
   .10400000E+01  .93488227E+00
   .10800000E+01  .91857806E+00
   .11200000E+01  .90212079E+00
   .11600000E+01  .88550708E+00
   .12000000E+01  .86873343E+00
   .12400000E+01  .85179621E+00
   .12800000E+01  .83469171E+00
   .13200000E+01  .81741606E+00
   .13600000E+01  .79996528E+00
   .14000000E+01  .78233525E+00
   .14400000E+01  .76452171E+00
   .14800000E+01  .74652024E+00
   .15200000E+01  .72832629E+00
   .15600000E+01  .70993514E+00
   .16000000E+01  .69134188E+00
   .16400000E+01  .67254147E+00
   .16800000E+01  .65352865E+00
   .17200000E+01  .63429798E+00
   .17600000E+01  .61484382E+00
   .18000000E+01  .59516032E+00
   .18400000E+01  .57524140E+00
   .18800000E+01  .55508075E+00
   .19200000E+01  .53467183E+00
   .19600000E+01  .51400786E+00
   .20000000E+01  .49308175E+00
Potential  L  =        3.00000   -.10000
  -.20000000E+01  .18858949E+01
  -.19600000E+01  .18758292E+01
  -.19200000E+01  .18657184E+01
  -.18800000E+01  .18555619E+01
  -.18400000E+01  .18453592E+01
  -.18000000E+01  .18351098E+01
  -.17600000E+01  .18248131E+01
  -.17200000E+01  .18144685E+01
  -.16800000E+01  .18040755E+01
  -.16400000E+01  .17936334E+01
  -.16000000E+01  .17831417E+01
  -.15600000E+01  .17725996E+01
  -.15200000E+01  .17620067E+01
  -.14800000E+01  .17513622E+01
  -.14400000E+01  .17406656E+01
  -.14000000E+01  .17299160E+01
  -.13600000E+01  .17191130E+01
  -.13200000E+01  .17082557E+01
  -.12800000E+01  .16973435E+01
  -.12400000E+01  .16863756E+01
  -.12000000E+01  .16753514E+01
  -.11600000E+01  .16642700E+01
  -.11200000E+01  .16531308E+01
  -.10800000E+01  .16419329E+01
  -.10400000E+01  .16306755E+01
  -.10000000E+01  .16193579E+01
  -.96000000E+00  .16079792E+01
  -.92000000E+00  .15965386E+01
  -.88000000E+00  .15850352E+01
  -.84000000E+00  .15734682E+01
  -.80000000E+00  .15618366E+01
  -.76000000E+00  .15501395E+01
  -.72000000E+00  .15383761E+01
  -.68000000E+00  .15265453E+01
  -.64000000E+00  .15146461E+01
  -.60000000E+00  .15026777E+01
  -.56000000E+00  .14906390E+01
  -.52000000E+00  .14785289E+01
  -.48000000E+00  .14663463E+01
  -.44000000E+00  .14540903E+01
  -.40000000E+00  .14417597E+01
  -.36000000E+00  .14293533E+01
  -.32000000E+00  .14168701E+01
  -.28000000E+00  .14043087E+01
  -.24000000E+00  .13916681E+01
  -.20000000E+00  .13789470E+01
  -.16000000E+00  .13661441E+01
  -.12000000E+00  .13532581E+01
  -.80000000E-01  .13402877E+01
  -.40000000E-01  .13272316E+01
   .12351231E-14  .13140883E+01
   .40000000E-01  .13008564E+01
   .80000000E-01  .12875346E+01
   .12000000E+00  .12741212E+01
   .16000000E+00  .12606148E+01
   .20000000E+00  .12470137E+01
   .24000000E+00  .12333165E+01
   .28000000E+00  .12195215E+01
   .32000000E+00  .12056269E+01
   .36000000E+00  .11916311E+01
   .40000000E+00  .11775323E+01
   .44000000E+00  .11633286E+01
   .48000000E+00  .11490183E+01
   .52000000E+00  .11345993E+01
   .56000000E+00  .11200698E+01
   .60000000E+00  .11054278E+01
   .64000000E+00  .10906711E+01
   .68000000E+00  .10757977E+01
   .72000000E+00  .10608054E+01
   .76000000E+00  .10456919E+01
   .80000000E+00  .10304550E+01
   .84000000E+00  .10150923E+01
   .88000000E+00  .99960144E+00
   .92000000E+00  .98397984E+00
   .96000000E+00  .96822498E+00
   .10000000E+01  .95233424E+00
   .10400000E+01  .93630490E+00
   .10800000E+01  .92013419E+00
   .11200000E+01  .90381923E+00
   .11600000E+01  .88735710E+00
   .12000000E+01  .87074474E+00
   .12400000E+01  .85397905E+00
   .12800000E+01  .83705679E+00
   .13200000E+01  .81997466E+00
   .13600000E+01  .80272925E+00
   .14000000E+01  .78531703E+00
   .14400000E+01  .76773438E+00
   .14800000E+01  .74997756E+00
   .15200000E+01  .73204270E+00
   .15600000E+01  .71392584E+00
   .16000000E+01  .69562286E+00
   .16400000E+01  .67712953E+00
   .16800000E+01  .65844146E+00
   .17200000E+01  .63955414E+00
   .17600000E+01  .62046290E+00
   .18000000E+01  .60116291E+00
   .18400000E+01  .58164918E+00
   .18800000E+01  .56191656E+00
   .19200000E+01  .54195972E+00
   .19600000E+01  .52177313E+00
   .20000000E+01  .50135108E+00
Core Pot   L  =        4.00000    .00000
  -.20000000E+01  .23095081E+01
  -.19600000E+01  .23013651E+01
  -.19200000E+01  .22931980E+01
  -.18800000E+01  .22850068E+01
  -.18400000E+01  .22767912E+01
  -.18000000E+01  .22685510E+01
  -.17600000E+01  .22602861E+01
  -.17200000E+01  .22519962E+01
  -.16800000E+01  .22436811E+01
  -.16400000E+01  .22353406E+01
  -.16000000E+01  .22269745E+01
  -.15600000E+01  .22185827E+01
  -.15200000E+01  .22101649E+01
  -.14800000E+01  .22017208E+01
  -.14400000E+01  .21932503E+01
  -.14000000E+01  .21847531E+01
  -.13600000E+01  .21762291E+01
  -.13200000E+01  .21676779E+01
  -.12800000E+01  .21590994E+01
  -.12400000E+01  .21504934E+01
  -.12000000E+01  .21418595E+01
  -.11600000E+01  .21331976E+01
  -.11200000E+01  .21245074E+01
  -.10800000E+01  .21157886E+01
  -.10400000E+01  .21070411E+01
  -.10000000E+01  .20982646E+01
  -.96000000E+00  .20894587E+01
  -.92000000E+00  .20806234E+01
  -.88000000E+00  .20717582E+01
  -.84000000E+00  .20628629E+01
  -.80000000E+00  .20539373E+01
  -.76000000E+00  .20449811E+01
  -.72000000E+00  .20359940E+01
  -.68000000E+00  .20269758E+01
  -.64000000E+00  .20179261E+01
  -.60000000E+00  .20088446E+01
  -.56000000E+00  .19997311E+01
  -.52000000E+00  .19905853E+01
  -.48000000E+00  .19814069E+01
  -.44000000E+00  .19721955E+01
  -.40000000E+00  .19629509E+01
  -.36000000E+00  .19536728E+01
  -.32000000E+00  .19443607E+01
  -.28000000E+00  .19350145E+01
  -.24000000E+00  .19256338E+01
  -.20000000E+00  .19162182E+01
  -.16000000E+00  .19067674E+01
  -.12000000E+00  .18972811E+01
  -.80000000E-01  .18877589E+01
  -.40000000E-01  .18782005E+01
   .12351231E-14  .18686055E+01
   .40000000E-01  .18589736E+01
   .80000000E-01  .18493043E+01
   .12000000E+00  .18395974E+01
   .16000000E+00  .18298524E+01
   .20000000E+00  .18200689E+01
   .24000000E+00  .18102466E+01
   .28000000E+00  .18003851E+01
   .32000000E+00  .17904840E+01
   .36000000E+00  .17805428E+01
   .40000000E+00  .17705611E+01
   .44000000E+00  .17605386E+01
   .48000000E+00  .17504747E+01
   .52000000E+00  .17403692E+01
   .56000000E+00  .17302214E+01
   .60000000E+00  .17200310E+01
   .64000000E+00  .17097975E+01
   .68000000E+00  .16995205E+01
   .72000000E+00  .16891994E+01
   .76000000E+00  .16788338E+01
   .80000000E+00  .16684233E+01
   .84000000E+00  .16579673E+01
   .88000000E+00  .16474653E+01
   .92000000E+00  .16369168E+01
   .96000000E+00  .16263213E+01
   .10000000E+01  .16156782E+01
   .10400000E+01  .16049871E+01
   .10800000E+01  .15942474E+01
   .11200000E+01  .15834585E+01
   .11600000E+01  .15726198E+01
   .12000000E+01  .15617308E+01
   .12400000E+01  .15507910E+01
   .12800000E+01  .15397997E+01
   .13200000E+01  .15287562E+01
   .13600000E+01  .15176601E+01
   .14000000E+01  .15065106E+01
   .14400000E+01  .14953072E+01
   .14800000E+01  .14840491E+01
   .15200000E+01  .14727358E+01
   .15600000E+01  .14613665E+01
   .16000000E+01  .14499406E+01
   .16400000E+01  .14384574E+01
   .16800000E+01  .14269161E+01
   .17200000E+01  .14153161E+01
   .17600000E+01  .14036566E+01
   .18000000E+01  .13919369E+01
   .18400000E+01  .13801561E+01
   .18800000E+01  .13683136E+01
   .19200000E+01  .13564085E+01
   .19600000E+01  .13444401E+01
   .20000000E+01  .13324074E+01
Potential  L  =        4.00000    .00000
  -.20000000E+01  .23120517E+01
  -.19600000E+01  .23038803E+01
  -.19200000E+01  .22956846E+01
  -.18800000E+01  .22874644E+01
  -.18400000E+01  .22792194E+01
  -.18000000E+01  .22709495E+01
  -.17600000E+01  .22626545E+01
  -.17200000E+01  .22543341E+01
  -.16800000E+01  .22459881E+01
  -.16400000E+01  .22376164E+01
  -.16000000E+01  .22292187E+01
  -.15600000E+01  .22207948E+01
  -.15200000E+01  .22123445E+01
  -.14800000E+01  .22038676E+01
  -.14400000E+01  .21953638E+01
  -.14000000E+01  .21868329E+01
  -.13600000E+01  .21782748E+01
  -.13200000E+01  .21696890E+01
  -.12800000E+01  .21610755E+01
  -.12400000E+01  .21524340E+01
  -.12000000E+01  .21437643E+01
  -.11600000E+01  .21350660E+01
  -.11200000E+01  .21263390E+01
  -.10800000E+01  .21175829E+01
  -.10400000E+01  .21087977E+01
  -.10000000E+01  .20999829E+01
  -.96000000E+00  .20911383E+01
  -.92000000E+00  .20822637E+01
  -.88000000E+00  .20733588E+01
  -.84000000E+00  .20644233E+01
  -.80000000E+00  .20554570E+01
  -.76000000E+00  .20464595E+01
  -.72000000E+00  .20374306E+01
  -.68000000E+00  .20283700E+01
  -.64000000E+00  .20192774E+01
  -.60000000E+00  .20101525E+01
  -.56000000E+00  .20009950E+01
  -.52000000E+00  .19918046E+01
  -.48000000E+00  .19825811E+01
  -.44000000E+00  .19733240E+01
  -.40000000E+00  .19640330E+01
  -.36000000E+00  .19547080E+01
  -.32000000E+00  .19453484E+01
  -.28000000E+00  .19359540E+01
  -.24000000E+00  .19265245E+01
  -.20000000E+00  .19170595E+01
  -.16000000E+00  .19075587E+01
  -.12000000E+00  .18980216E+01
  -.80000000E-01  .18884481E+01
  -.40000000E-01  .18788376E+01
   .12351231E-14  .18691899E+01
   .40000000E-01  .18595046E+01
   .80000000E-01  .18497812E+01
   .12000000E+00  .18400194E+01
   .16000000E+00  .18302189E+01
   .20000000E+00  .18203791E+01
   .24000000E+00  .18104998E+01
   .28000000E+00  .18005805E+01
   .32000000E+00  .17906208E+01
   .36000000E+00  .17806203E+01
   .40000000E+00  .17705786E+01
   .44000000E+00  .17604951E+01
   .48000000E+00  .17503696E+01
   .52000000E+00  .17402014E+01
   .56000000E+00  .17299903E+01
   .60000000E+00  .17197357E+01
   .64000000E+00  .17094371E+01
   .68000000E+00  .16990941E+01
   .72000000E+00  .16887062E+01
   .76000000E+00  .16782729E+01
   .80000000E+00  .16677937E+01
   .84000000E+00  .16572681E+01
   .88000000E+00  .16466956E+01
   .92000000E+00  .16360757E+01
   .96000000E+00  .16254077E+01
   .10000000E+01  .16146913E+01
   .10400000E+01  .16039258E+01
   .10800000E+01  .15931106E+01
   .11200000E+01  .15822453E+01
   .11600000E+01  .15713292E+01
   .12000000E+01  .15603617E+01
   .12400000E+01  .15493422E+01
   .12800000E+01  .15382701E+01
   .13200000E+01  .15271449E+01
   .13600000E+01  .15159658E+01
   .14000000E+01  .15047323E+01
   .14400000E+01  .14934436E+01
   .14800000E+01  .14820992E+01
   .15200000E+01  .14706982E+01
   .15600000E+01  .14592401E+01
   .16000000E+01  .14477242E+01
   .16400000E+01  .14361497E+01
   .16800000E+01  .14245158E+01
   .17200000E+01  .14128220E+01
   .17600000E+01  .14010673E+01
   .18000000E+01  .13892511E+01
   .18400000E+01  .13773725E+01
   .18800000E+01  .13654307E+01
   .19200000E+01  .13534250E+01
   .19600000E+01  .13413546E+01
   .20000000E+01  .13292184E+01
KBPotential  L  =      2.00000  -2.83171
  -.20000000E+01  .12720686E+01
  -.19600000E+01  .12416984E+01
  -.19200000E+01  .12087158E+01
  -.18800000E+01  .11725502E+01
  -.18400000E+01  .11324474E+01
  -.18000000E+01  .10873886E+01
  -.17600000E+01  .10359631E+01
  -.17200000E+01  .97615989E+00
  -.16800000E+01  .90500990E+00
  -.16400000E+01  .81793788E+00
  -.16000000E+01  .70750599E+00
  -.15600000E+01  .56075926E+00
  -.15200000E+01  .35294427E+00
  -.14800000E+01  .30116256E-01
  -.14400000E+01 -.55188661E+00
  -.14000000E+01 -.19515626E+01
  -.13600000E+01 -.10430357E+02
  -.13200000E+01  .89253866E+01
  -.12800000E+01  .41942688E+01
  -.12400000E+01  .30805466E+01
  -.12000000E+01  .25765607E+01
  -.11600000E+01  .22853103E+01
  -.11200000E+01  .20929472E+01
  -.10800000E+01  .19545346E+01
  -.10400000E+01  .18487603E+01
  -.10000000E+01  .17642145E+01
  -.96000000E+00  .16942367E+01
  -.92000000E+00  .16346771E+01
  -.88000000E+00  .15828154E+01
  -.84000000E+00  .15367937E+01
  -.80000000E+00  .14952997E+01
  -.76000000E+00  .14573798E+01
  -.72000000E+00  .14223245E+01
  -.68000000E+00  .13895946E+01
  -.64000000E+00  .13587729E+01
  -.60000000E+00  .13295314E+01
  -.56000000E+00  .13016087E+01
  -.52000000E+00  .12747937E+01
  -.48000000E+00  .12489138E+01
  -.44000000E+00  .12238267E+01
  -.40000000E+00  .11994136E+01
  -.36000000E+00  .11755748E+01
  -.32000000E+00  .11522257E+01
  -.28000000E+00  .11292940E+01
  -.24000000E+00  .11067176E+01
  -.20000000E+00  .10844424E+01
  -.16000000E+00  .10624215E+01
  -.12000000E+00  .10406136E+01
  -.80000000E-01  .10189823E+01
  -.40000000E-01  .99749517E+00
   .12351231E-14  .97612341E+00
   .40000000E-01  .95484102E+00
   .80000000E-01  .93362457E+00
   .12000000E+00  .91245279E+00
   .16000000E+00  .89130625E+00
   .20000000E+00  .87016718E+00
   .24000000E+00  .84901914E+00
   .28000000E+00  .82784693E+00
   .32000000E+00  .80663641E+00
   .36000000E+00  .78537431E+00
   .40000000E+00  .76404819E+00
   .44000000E+00  .74264628E+00
   .48000000E+00  .72115741E+00
   .52000000E+00  .69957093E+00
   .56000000E+00  .67787664E+00
   .60000000E+00  .65606473E+00
   .64000000E+00  .63412571E+00
   .68000000E+00  .61205038E+00
   .72000000E+00  .58982978E+00
   .76000000E+00  .56745515E+00
   .80000000E+00  .54491788E+00
   .84000000E+00  .52220950E+00
   .88000000E+00  .49932163E+00
   .92000000E+00  .47624596E+00
   .96000000E+00  .45297423E+00
   .10000000E+01  .42949820E+00
   .10400000E+01  .40580962E+00
   .10800000E+01  .38190021E+00
   .11200000E+01  .35776166E+00
   .11600000E+01  .33338559E+00
   .12000000E+01  .30876352E+00
   .12400000E+01  .28388690E+00
   .12800000E+01  .25874702E+00
   .13200000E+01  .23333508E+00
   .13600000E+01  .20764207E+00
   .14000000E+01  .18165886E+00
   .14400000E+01  .15537610E+00
   .14800000E+01  .12878424E+00
   .15200000E+01  .10187350E+00
   .15600000E+01  .74633883E-01
   .16000000E+01  .47055106E-01
   .16400000E+01  .19126621E-01
   .16800000E+01 -.91624184E-02
   .17200000E+01 -.37823174E-01
   .17600000E+01 -.66867142E-01
   .18000000E+01 -.96306177E-01
   .18400000E+01 -.12615251E+00
   .18800000E+01 -.15641877E+00
   .19200000E+01 -.18711801E+00
   .19600000E+01 -.21826374E+00
   .20000000E+01 -.24986992E+00
KBPotential  L  =       .00000  -1.32438
  -.20000000E+01  .79199232E+00
  -.19600000E+01  .76972034E+00
  -.19200000E+01  .74707711E+00
  -.18800000E+01  .72404907E+00
  -.18400000E+01  .70062194E+00
  -.18000000E+01  .67678068E+00
  -.17600000E+01  .65250948E+00
  -.17200000E+01  .62779164E+00
  -.16800000E+01  .60260958E+00
  -.16400000E+01  .57694471E+00
  -.16000000E+01  .55077742E+00
  -.15600000E+01  .52408696E+00
  -.15200000E+01  .49685139E+00
  -.14800000E+01  .46904746E+00
  -.14400000E+01  .44065054E+00
  -.14000000E+01  .41163451E+00
  -.13600000E+01  .38197161E+00
  -.13200000E+01  .35163236E+00
  -.12800000E+01  .32058539E+00
  -.12400000E+01  .28879731E+00
  -.12000000E+01  .25623250E+00
  -.11600000E+01  .22285296E+00
  -.11200000E+01  .18861812E+00
  -.10800000E+01  .15348456E+00
  -.10400000E+01  .11740582E+00
  -.10000000E+01  .80332044E-01
  -.96000000E+00  .42209766E-01
  -.92000000E+00  .29814998E-02
  -.88000000E+00 -.37414620E-01
  -.84000000E+00 -.79045268E-01
  -.80000000E+00 -.12198241E+00
  -.76000000E+00 -.16630382E+00
  -.72000000E+00 -.21209373E+00
  -.68000000E+00 -.25944345E+00
  -.64000000E+00 -.30845218E+00
  -.60000000E+00 -.35922787E+00
  -.56000000E+00 -.41188819E+00
  -.52000000E+00 -.46656168E+00
  -.48000000E+00 -.52338902E+00
  -.44000000E+00 -.58252451E+00
  -.40000000E+00 -.64413775E+00
  -.36000000E+00 -.70841561E+00
  -.32000000E+00 -.77556445E+00
  -.28000000E+00 -.84581280E+00
  -.24000000E+00 -.91941434E+00
  -.20000000E+00 -.99665154E+00
  -.16000000E+00 -.10778398E+01
  -.12000000E+00 -.11633325E+01
  -.80000000E-01 -.12535267E+01
  -.40000000E-01 -.13488704E+01
   .12351231E-14 -.14498707E+01
   .40000000E-01 -.15571042E+01
   .80000000E-01 -.16712289E+01
   .12000000E+00 -.17929994E+01
   .16000000E+00 -.19232856E+01
   .20000000E+00 -.20630949E+01
   .24000000E+00 -.22136010E+01
   .28000000E+00 -.23761794E+01
   .32000000E+00 -.25524535E+01
   .36000000E+00 -.27443517E+01
   .40000000E+00 -.29541841E+01
   .44000000E+00 -.31847407E+01
   .48000000E+00 -.34394236E+01
   .52000000E+00 -.37224243E+01
   .56000000E+00 -.40389670E+01
   .60000000E+00 -.43956471E+01
   .64000000E+00 -.48009135E+01
   .68000000E+00 -.52657681E+01
   .72000000E+00 -.58048097E+01
   .76000000E+00 -.64378346E+01
   .80000000E+00 -.71923752E+01
   .84000000E+00 -.81078895E+01
   .88000000E+00 -.92430006E+01
   .92000000E+00 -.10688743E+02
   .96000000E+00 -.12594552E+02
   .10000000E+01 -.15224046E+02
   .10400000E+01 -.19089835E+02
   .10800000E+01 -.25338363E+02
   .11200000E+01 -.37167898E+02
   .11600000E+01 -.68135719E+02
   .12000000E+01 -.36258974E+03
   .12400000E+01  .11270985E+03
   .12800000E+01  .49421364E+02
   .13200000E+01  .31901795E+02
   .13600000E+01  .23682116E+02
   .14000000E+01  .18907197E+02
   .14400000E+01  .15784421E+02
   .14800000E+01  .13581105E+02
   .15200000E+01  .11941990E+02
   .15600000E+01  .10673943E+02
   .16000000E+01  .96629436E+01
   .16400000E+01  .88373365E+01
   .16800000E+01  .81498293E+01
   .17200000E+01  .75679481E+01
   .17600000E+01  .70686556E+01
   .18000000E+01  .66351551E+01
   .18400000E+01  .62549113E+01
   .18800000E+01  .59183797E+01
   .19200000E+01  .56181643E+01
   .19600000E+01  .53484456E+01
   .20000000E+01  .51045814E+01
KBPotential  L  =      1.00000   -.38600
  -.20000000E+01  .11183025E+01
  -.19600000E+01  .11018295E+01
  -.19200000E+01  .10851835E+01
  -.18800000E+01  .10683602E+01
  -.18400000E+01  .10513550E+01
  -.18000000E+01  .10341634E+01
  -.17600000E+01  .10167805E+01
  -.17200000E+01  .99920145E+00
  -.16800000E+01  .98142100E+00
  -.16400000E+01  .96343382E+00
  -.16000000E+01  .94523432E+00
  -.15600000E+01  .92681674E+00
  -.15200000E+01  .90817506E+00
  -.14800000E+01  .88930304E+00
  -.14400000E+01  .87019416E+00
  -.14000000E+01  .85084170E+00
  -.13600000E+01  .83123861E+00
  -.13200000E+01  .81137757E+00
  -.12800000E+01  .79125093E+00
  -.12400000E+01  .77085074E+00
  -.12000000E+01  .75016871E+00
  -.11600000E+01  .72919618E+00
  -.11200000E+01  .70792413E+00
  -.10800000E+01  .68634310E+00
  -.10400000E+01  .66444326E+00
  -.10000000E+01  .64221429E+00
  -.96000000E+00  .61964543E+00
  -.92000000E+00  .59672538E+00
  -.88000000E+00  .57344234E+00
  -.84000000E+00  .54978395E+00
  -.80000000E+00  .52573723E+00
  -.76000000E+00  .50128859E+00
  -.72000000E+00  .47642375E+00
  -.68000000E+00  .45112772E+00
  -.64000000E+00  .42538476E+00
  -.60000000E+00  .39917830E+00
  -.56000000E+00  .37249092E+00
  -.52000000E+00  .34530426E+00
  -.48000000E+00  .31759900E+00
  -.44000000E+00  .28935476E+00
  -.40000000E+00  .26055002E+00
  -.36000000E+00  .23116207E+00
  -.32000000E+00  .20116692E+00
  -.28000000E+00  .17053917E+00
  -.24000000E+00  .13925195E+00
  -.20000000E+00  .10727680E+00
  -.16000000E+00  .74583532E-01
  -.12000000E+00  .41140107E-01
  -.80000000E-01  .69124954E-02
  -.40000000E-01 -.28135486E-01
   .12351231E-14 -.64042348E-01
   .40000000E-01 -.10084912E+00
   .80000000E-01 -.13859957E+00
   .12000000E+00 -.17734040E+00
   .16000000E+00 -.21712157E+00
   .20000000E+00 -.25799650E+00
   .24000000E+00 -.30002245E+00
   .28000000E+00 -.34326082E+00
   .32000000E+00 -.38777758E+00
   .36000000E+00 -.43364367E+00
   .40000000E+00 -.48093547E+00
   .44000000E+00 -.52973539E+00
   .48000000E+00 -.58013240E+00
   .52000000E+00 -.63222278E+00
   .56000000E+00 -.68611081E+00
   .60000000E+00 -.74190969E+00
   .64000000E+00 -.79974246E+00
   .68000000E+00 -.85974313E+00
   .72000000E+00 -.92205795E+00
   .76000000E+00 -.98684677E+00
   .80000000E+00 -.10542847E+01
   .84000000E+00 -.11245642E+01
   .88000000E+00 -.11978967E+01
   .92000000E+00 -.12745156E+01
   .96000000E+00 -.13546790E+01
   .10000000E+01 -.14386729E+01
   .10400000E+01 -.15268155E+01
   .10800000E+01 -.16194613E+01
   .11200000E+01 -.17170067E+01
   .11600000E+01 -.18198966E+01
   .12000000E+01 -.19286319E+01
   .12400000E+01 -.20437783E+01
   .12800000E+01 -.21659776E+01
   .13200000E+01 -.22959608E+01
   .13600000E+01 -.24345639E+01
   .14000000E+01 -.25827478E+01
   .14400000E+01 -.27416227E+01
   .14800000E+01 -.29124776E+01
   .15200000E+01 -.30968184E+01
   .15600000E+01 -.32964154E+01
   .16000000E+01 -.35133639E+01
   .16400000E+01 -.37501627E+01
   .16800000E+01 -.40098157E+01
   .17200000E+01 -.42959666E+01
   .17600000E+01 -.46130789E+01
   .18000000E+01 -.49666804E+01
   .18400000E+01 -.53636998E+01
   .18800000E+01 -.58129415E+01
   .19200000E+01 -.63257662E+01
   .19600000E+01 -.69170909E+01
   .20000000E+01 -.76068988E+01
KBPotential  L  =      3.00000    .00000
  -.20000000E+01  .18858949E+01
  -.19600000E+01  .18758292E+01
  -.19200000E+01  .18657184E+01
  -.18800000E+01  .18555619E+01
  -.18400000E+01  .18453592E+01
  -.18000000E+01  .18351098E+01
  -.17600000E+01  .18248131E+01
  -.17200000E+01  .18144685E+01
  -.16800000E+01  .18040755E+01
  -.16400000E+01  .17936334E+01
  -.16000000E+01  .17831417E+01
  -.15600000E+01  .17725996E+01
  -.15200000E+01  .17620067E+01
  -.14800000E+01  .17513622E+01
  -.14400000E+01  .17406656E+01
  -.14000000E+01  .17299160E+01
  -.13600000E+01  .17191130E+01
  -.13200000E+01  .17082557E+01
  -.12800000E+01  .16973435E+01
  -.12400000E+01  .16863756E+01
  -.12000000E+01  .16753514E+01
  -.11600000E+01  .16642700E+01
  -.11200000E+01  .16531308E+01
  -.10800000E+01  .16419329E+01
  -.10400000E+01  .16306755E+01
  -.10000000E+01  .16193579E+01
  -.96000000E+00  .16079792E+01
  -.92000000E+00  .15965386E+01
  -.88000000E+00  .15850352E+01
  -.84000000E+00  .15734682E+01
  -.80000000E+00  .15618366E+01
  -.76000000E+00  .15501395E+01
  -.72000000E+00  .15383761E+01
  -.68000000E+00  .15265453E+01
  -.64000000E+00  .15146461E+01
  -.60000000E+00  .15026777E+01
  -.56000000E+00  .14906390E+01
  -.52000000E+00  .14785289E+01
  -.48000000E+00  .14663463E+01
  -.44000000E+00  .14540903E+01
  -.40000000E+00  .14417597E+01
  -.36000000E+00  .14293533E+01
  -.32000000E+00  .14168701E+01
  -.28000000E+00  .14043087E+01
  -.24000000E+00  .13916681E+01
  -.20000000E+00  .13789470E+01
  -.16000000E+00  .13661441E+01
  -.12000000E+00  .13532581E+01
  -.80000000E-01  .13402877E+01
  -.40000000E-01  .13272316E+01
   .12351231E-14  .13140883E+01
   .40000000E-01  .13008564E+01
   .80000000E-01  .12875346E+01
   .12000000E+00  .12741212E+01
   .16000000E+00  .12606148E+01
   .20000000E+00  .12470137E+01
   .24000000E+00  .12333165E+01
   .28000000E+00  .12195215E+01
   .32000000E+00  .12056269E+01
   .36000000E+00  .11916311E+01
   .40000000E+00  .11775323E+01
   .44000000E+00  .11633286E+01
   .48000000E+00  .11490183E+01
   .52000000E+00  .11345993E+01
   .56000000E+00  .11200698E+01
   .60000000E+00  .11054278E+01
   .64000000E+00  .10906711E+01
   .68000000E+00  .10757977E+01
   .72000000E+00  .10608054E+01
   .76000000E+00  .10456919E+01
   .80000000E+00  .10304550E+01
   .84000000E+00  .10150923E+01
   .88000000E+00  .99960144E+00
   .92000000E+00  .98397984E+00
   .96000000E+00  .96822498E+00
   .10000000E+01  .95233424E+00
   .10400000E+01  .93630490E+00
   .10800000E+01  .92013419E+00
   .11200000E+01  .90381923E+00
   .11600000E+01  .88735710E+00
   .12000000E+01  .87074474E+00
   .12400000E+01  .85397905E+00
   .12800000E+01  .83705679E+00
   .13200000E+01  .81997466E+00
   .13600000E+01  .80272925E+00
   .14000000E+01  .78531703E+00
   .14400000E+01  .76773438E+00
   .14800000E+01  .74997756E+00
   .15200000E+01  .73204270E+00
   .15600000E+01  .71392584E+00
   .16000000E+01  .69562286E+00
   .16400000E+01  .67712953E+00
   .16800000E+01  .65844146E+00
   .17200000E+01  .63955414E+00
   .17600000E+01  .62046290E+00
   .18000000E+01  .60116291E+00
   .18400000E+01  .58164918E+00
   .18800000E+01  .56191656E+00
   .19200000E+01  .54195972E+00
   .19600000E+01  .52177313E+00
   .20000000E+01  .50135108E+00
KBPotential  L  =      4.00000    .00000
  -.20000000E+01  .23120517E+01
  -.19600000E+01  .23038803E+01
  -.19200000E+01  .22956846E+01
  -.18800000E+01  .22874644E+01
  -.18400000E+01  .22792194E+01
  -.18000000E+01  .22709495E+01
  -.17600000E+01  .22626545E+01
  -.17200000E+01  .22543341E+01
  -.16800000E+01  .22459881E+01
  -.16400000E+01  .22376164E+01
  -.16000000E+01  .22292187E+01
  -.15600000E+01  .22207948E+01
  -.15200000E+01  .22123445E+01
  -.14800000E+01  .22038676E+01
  -.14400000E+01  .21953638E+01
  -.14000000E+01  .21868329E+01
  -.13600000E+01  .21782748E+01
  -.13200000E+01  .21696890E+01
  -.12800000E+01  .21610755E+01
  -.12400000E+01  .21524340E+01
  -.12000000E+01  .21437643E+01
  -.11600000E+01  .21350660E+01
  -.11200000E+01  .21263390E+01
  -.10800000E+01  .21175829E+01
  -.10400000E+01  .21087977E+01
  -.10000000E+01  .20999829E+01
  -.96000000E+00  .20911383E+01
  -.92000000E+00  .20822637E+01
  -.88000000E+00  .20733588E+01
  -.84000000E+00  .20644233E+01
  -.80000000E+00  .20554570E+01
  -.76000000E+00  .20464595E+01
  -.72000000E+00  .20374306E+01
  -.68000000E+00  .20283700E+01
  -.64000000E+00  .20192774E+01
  -.60000000E+00  .20101525E+01
  -.56000000E+00  .20009950E+01
  -.52000000E+00  .19918046E+01
  -.48000000E+00  .19825811E+01
  -.44000000E+00  .19733240E+01
  -.40000000E+00  .19640330E+01
  -.36000000E+00  .19547080E+01
  -.32000000E+00  .19453484E+01
  -.28000000E+00  .19359540E+01
  -.24000000E+00  .19265245E+01
  -.20000000E+00  .19170595E+01
  -.16000000E+00  .19075587E+01
  -.12000000E+00  .18980216E+01
  -.80000000E-01  .18884481E+01
  -.40000000E-01  .18788376E+01
   .12351231E-14  .18691899E+01
   .40000000E-01  .18595046E+01
   .80000000E-01  .18497812E+01
   .12000000E+00  .18400194E+01
   .16000000E+00  .18302189E+01
   .20000000E+00  .18203791E+01
   .24000000E+00  .18104998E+01
   .28000000E+00  .18005805E+01
   .32000000E+00  .17906208E+01
   .36000000E+00  .17806203E+01
   .40000000E+00  .17705786E+01
   .44000000E+00  .17604951E+01
   .48000000E+00  .17503696E+01
   .52000000E+00  .17402014E+01
   .56000000E+00  .17299903E+01
   .60000000E+00  .17197357E+01
   .64000000E+00  .17094371E+01
   .68000000E+00  .16990941E+01
   .72000000E+00  .16887062E+01
   .76000000E+00  .16782729E+01
   .80000000E+00  .16677937E+01
   .84000000E+00  .16572681E+01
   .88000000E+00  .16466956E+01
   .92000000E+00  .16360757E+01
   .96000000E+00  .16254077E+01
   .10000000E+01  .16146913E+01
   .10400000E+01  .16039258E+01
   .10800000E+01  .15931106E+01
   .11200000E+01  .15822453E+01
   .11600000E+01  .15713292E+01
   .12000000E+01  .15603617E+01
   .12400000E+01  .15493422E+01
   .12800000E+01  .15382701E+01
   .13200000E+01  .15271449E+01
   .13600000E+01  .15159658E+01
   .14000000E+01  .15047323E+01
   .14400000E+01  .14934436E+01
   .14800000E+01  .14820992E+01
   .15200000E+01  .14706982E+01
   .15600000E+01  .14592401E+01
   .16000000E+01  .14477242E+01
   .16400000E+01  .14361497E+01
   .16800000E+01  .14245158E+01
   .17200000E+01  .14128220E+01
   .17600000E+01  .14010673E+01
   .18000000E+01  .13892511E+01
   .18400000E+01  .13773725E+01
   .18800000E+01  .13654307E+01
   .19200000E+01  .13534250E+01
   .19600000E+01  .13413546E+01
   .20000000E+01  .13292184E+01
