Ni:                                     
  .176281663E-02  .179057578E-02  .181877150E-02  .184741062E-02  .187650012E-02
  .190604705E-02  .193605861E-02  .196654206E-02  .199750484E-02  .202895444E-02
  .206089852E-02  .209334484E-02  .212630126E-02  .215977580E-02  .219377658E-02
  .222831185E-02  .226339001E-02  .229901957E-02  .233520916E-02  .237196759E-02
  .240930377E-02  .244722676E-02  .248574576E-02  .252487011E-02  .256460932E-02
  .260497301E-02  .264597098E-02  .268761318E-02  .272990970E-02  .277287079E-02
  .281650688E-02  .286082855E-02  .290584653E-02  .295157175E-02  .299801528E-02
  .304518838E-02  .309310248E-02  .314176919E-02  .319120031E-02  .324140780E-02
  .329240383E-02  .334420075E-02  .339681111E-02  .345024764E-02  .350452329E-02
  .355965119E-02  .361564468E-02  .367251734E-02  .373028291E-02  .378895538E-02
  .384854894E-02  .390907801E-02  .397055725E-02  .403300151E-02  .409642590E-02
  .416084576E-02  .422627667E-02  .429273444E-02  .436023515E-02  .442879511E-02
  .449843090E-02  .456915933E-02  .464099750E-02  .471396277E-02  .478807276E-02
  .486334538E-02  .493979881E-02  .501745150E-02  .509632222E-02  .517642999E-02
  .525779416E-02  .534043436E-02  .542437055E-02  .550962297E-02  .559621219E-02
  .568415910E-02  .577348492E-02  .586421118E-02  .595635977E-02  .604995289E-02
  .614501313E-02  .624156338E-02  .633962691E-02  .643922736E-02  .654038873E-02
  .664313537E-02  .674749205E-02  .685348388E-02  .696113641E-02  .707047553E-02
  .718152757E-02  .729431926E-02  .740887774E-02  .752523058E-02  .764340576E-02
  .776343172E-02  .788533730E-02  .800915184E-02  .813490508E-02  .826262727E-02
  .839234910E-02  .852410174E-02  .865791683E-02  .879382654E-02  .893186349E-02
  .907206084E-02  .921445225E-02  .935907189E-02  .950595448E-02  .965513525E-02
  .980665002E-02  .996053510E-02  .101168274E-01  .102755645E-01  .104367843E-01
  .106005255E-01  .107668273E-01  .109357297E-01  .111072730E-01  .112814984E-01
  .114584476E-01  .116381628E-01  .118206873E-01  .120060646E-01  .121943391E-01
  .123855558E-01  .125797605E-01  .127769996E-01  .129773203E-01  .131807704E-01
  .133873986E-01  .135972543E-01  .138103875E-01  .140268492E-01  .142466911E-01
  .144699656E-01  .146967261E-01  .149270266E-01  .151609221E-01  .153984684E-01
  .156397221E-01  .158847407E-01  .161335827E-01  .163863073E-01  .166429747E-01
  .169036461E-01  .171683836E-01  .174372501E-01  .177103096E-01  .179876272E-01
  .182692688E-01  .185553014E-01  .188457929E-01  .191408125E-01  .194404303E-01
  .197447174E-01  .200537461E-01  .203675897E-01  .206863229E-01  .210100212E-01
  .213387615E-01  .216726217E-01  .220116809E-01  .223560197E-01  .227057195E-01
  .230608633E-01  .234215351E-01  .237878204E-01  .241598059E-01  .245375797E-01
  .249212310E-01  .253108507E-01  .257065308E-01  .261083650E-01  .265164481E-01
  .269308766E-01  .273517484E-01  .277791628E-01  .282132207E-01  .286540245E-01
  .291016781E-01  .295562873E-01  .300179590E-01  .304868021E-01  .309629271E-01
  .314464460E-01  .319374727E-01  .324361227E-01  .329425134E-01  .334567638E-01
  .339789948E-01  .345093292E-01  .350478915E-01  .355948082E-01  .361502078E-01
  .367142205E-01  .372869786E-01  .378686165E-01  .384592705E-01  .390590790E-01
  .396681825E-01  .402867237E-01  .409148472E-01  .415527001E-01  .422004316E-01
  .428581930E-01  .435261382E-01  .442044230E-01  .448932060E-01  .455926478E-01
  .463029117E-01  .470241633E-01  .477565707E-01  .485003047E-01  .492555384E-01
  .500224478E-01  .508012112E-01  .515920098E-01  .523950276E-01  .532104511E-01
  .540384698E-01  .548792760E-01  .557330648E-01  .566000343E-01  .574803856E-01
  .583743227E-01  .592820528E-01  .602037859E-01  .611397356E-01  .620901182E-01
  .630551536E-01  .640350649E-01  .650300783E-01  .660404236E-01  .670663341E-01
  .681080463E-01  .691658004E-01  .702398402E-01  .713304130E-01  .724377698E-01
  .735621654E-01  .747038585E-01  .758631112E-01  .770401901E-01  .782353651E-01
  .794489107E-01  .806811051E-01  .819322307E-01  .832025740E-01  .844924260E-01
  .858020817E-01  .871318406E-01  .884820066E-01  .898528882E-01  .912447981E-01
  .926580541E-01  .940929782E-01  .955498974E-01  .970291435E-01  .985310531E-01
  .100055968E+00  .101604234E+00  .103176204E+00  .104772234E+00  .106392687E+00
  .108037929E+00  .109708333E+00  .111404278E+00  .113126147E+00  .114874330E+00
  .116649222E+00  .118451223E+00  .120280739E+00  .122138185E+00  .124023977E+00
  .125938541E+00  .127882307E+00  .129855713E+00  .131859201E+00  .133893222E+00
  .135958232E+00  .138054694E+00  .140183077E+00  .142343858E+00  .144537521E+00
  .146764554E+00  .149025456E+00  .151320732E+00  .153650892E+00  .156016457E+00
  .158417952E+00  .160855912E+00  .163330878E+00  .165843401E+00  .168394037E+00
  .170983352E+00  .173611920E+00  .176280322E+00  .178989149E+00  .181738998E+00
  .184530476E+00  .187364200E+00  .190240793E+00  .193160890E+00  .196125131E+00
  .199134168E+00  .202188662E+00  .205289283E+00  .208436709E+00  .211631631E+00
  .214874746E+00  .218166764E+00  .221508402E+00  .224900389E+00  .228343465E+00
  .231838377E+00  .235385887E+00  .238986764E+00  .242641790E+00  .246351756E+00
  .250117467E+00  .253939735E+00  .257819386E+00  .261757259E+00  .265754201E+00
  .269811074E+00  .273928749E+00  .278108111E+00  .282350058E+00  .286655498E+00
  .291025353E+00  .295460557E+00  .299962059E+00  .304530817E+00  .309167806E+00
  .313874013E+00  .318650438E+00  .323498095E+00  .328418011E+00  .333411229E+00
  .338478806E+00  .343621810E+00  .348841328E+00  .354138459E+00  .359514318E+00
  .364970034E+00  .370506753E+00  .376125634E+00  .381827854E+00  .387614604E+00
  .393487092E+00  .399446543E+00  .405494196E+00  .411631308E+00  .417859154E+00
  .424179023E+00  .430592223E+00  .437100080E+00  .443703937E+00  .450405153E+00
  .457205107E+00  .464105195E+00  .471106833E+00  .478211454E+00  .485420511E+00
  .492735474E+00  .500157834E+00  .507689101E+00  .515330804E+00  .523084494E+00
  .530951739E+00  .538934130E+00  .547033277E+00  .555250810E+00  .563588382E+00
  .572047667E+00  .580630358E+00  .589338172E+00  .598172848E+00  .607136146E+00
  .616229848E+00  .625455760E+00  .634815710E+00  .644311548E+00  .653945150E+00
  .663718413E+00  .673633259E+00  .683691634E+00  .693895508E+00  .704246875E+00
  .714747753E+00  .725400189E+00  .736206250E+00  .747168032E+00  .758287654E+00
  .769567265E+00  .781009036E+00  .792615166E+00  .804387882E+00  .816329436E+00
  .828442107E+00  .840728205E+00  .853190063E+00  .865830045E+00  .878650542E+00
  .891653974E+00  .904842789E+00  .918219464E+00  .931786507E+00  .945546452E+00
  .959501867E+00  .973655345E+00  .988009514E+00  .100256703E+01  .101733058E+01
  .103230288E+01  .104748668E+01  .106288476E+01  .107849993E+01  .109433504E+01
  .111039296E+01  .112667661E+01  .114318891E+01  .115993285E+01  .117691144E+01
  .119412771E+01  .121158473E+01  .122928563E+01  .124723352E+01  .126543161E+01
  .128388308E+01  .130259119E+01  .132155922E+01  .134079048E+01  .136028833E+01
  .138005614E+01  .140009734E+01  .142041539E+01  .144101378E+01  .146189604E+01
  .148306574E+01  .150452647E+01  .152628188E+01  .154833565E+01  .157069148E+01
  .159335314E+01  .161632439E+01  .163960909E+01  .166321107E+01  .168713426E+01
  .171138258E+01  .173596002E+01  .176087059E+01  .178611835E+01  .181170738E+01
  .183764182E+01  .186392584E+01  .189056365E+01  .191755950E+01  .194491766E+01
  .197264247E+01  .200073830E+01  .202920953E+01  .205806062E+01  .208729605E+01
  .211692033E+01  .214693803E+01  .217735375E+01  .220817211E+01  .223939780E+01
  .227103554E+01  .230309006E+01  .233556618E+01  .236846871E+01  .240180253E+01
  .243557254E+01  .246978369E+01  .250444097E+01  .253954939E+01  .257511402E+01
  .261113995E+01  .264763231E+01  .268459629E+01  .272203708E+01  .275995993E+01
  .279837013E+01  .283727298E+01  .287667385E+01  .291657812E+01  .295699121E+01
  .299791858E+01  .303936572E+01  .308133816E+01  .312384145E+01  .316688120E+01
  .321046301E+01  .325459255E+01  .329927551E+01  .334451759E+01  .339032456E+01
  .343670218E+01  .348365626E+01  .353119263E+01  .357931716E+01  .362803574E+01
  .367735427E+01  .372727870E+01  .377781499E+01  .382896913E+01  .388074713E+01
  .393315502E+01  .398619885E+01  .403988469E+01  .409421864E+01  .414920680E+01
  .420485531E+01  .426117029E+01  .431815791E+01  .437582433E+01  .443417574E+01
  .449321833E+01  .455295830E+01  .461340185E+01  .467455521E+01  .473642460E+01
  .479901624E+01  .486233635E+01  .492639118E+01  .499118695E+01  .505672988E+01
  .512302619E+01  .519008211E+01  .525790384E+01  .532649757E+01  .539586951E+01
  .546602582E+01  .553697267E+01  .560871620E+01  .568126253E+01  .575461777E+01
  .582878800E+01  .590377927E+01  .597959762E+01  .605624903E+01  .613373947E+01
  .621207488E+01  .629126114E+01  .637130412E+01  .645220961E+01  .653398339E+01
  .661663117E+01  .670015863E+01  .678457138E+01  .686987497E+01  .695607491E+01
  .704317663E+01  .713118551E+01  .722010685E+01  .730994589E+01  .740070778E+01
  .749239761E+01  .758502037E+01  .767858098E+01  .777308428E+01  .786853499E+01
  .796493775E+01  .806229711E+01  .816061751E+01  .825990329E+01  .836015866E+01
  .846138773E+01  .856359450E+01  .866678284E+01  .877095649E+01  .887611906E+01
  .898227404E+01  .908942475E+01  .919757441E+01  .930672605E+01  .941688258E+01
  .952804673E+01  .964022109E+01  .975340806E+01  .986760990E+01  .998282867E+01
  .100990663E+02  .102163244E+02  .103346045E+02  .104539080E+02  .105742359E+02
  .106955893E+02  .108179687E+02  .109413746E+02  .110658074E+02  .111912671E+02
  .113177535E+02  .114452660E+02  .115738042E+02  .117033670E+02  .118339533E+02
  .119655616E+02  .120981903E+02  .122318373E+02  .123665004E+02  .125021772E+02
  .126388647E+02  .127765599E+02  .129152593E+02  .130549593E+02  .131956557E+02
  .133373444E+02  .134800205E+02  .136236791E+02  .137683148E+02  .139139221E+02
  .140604948E+02  .142080266E+02  .143565107E+02  .145059400E+02  .146563071E+02
  .148076042E+02  .149598229E+02  .151129546E+02  .152669904E+02  .154219208E+02
  .155777360E+02  .157344258E+02  .158919794E+02  .160503859E+02  .162096336E+02
  .163697107E+02  .165306047E+02  .166923028E+02  .168547918E+02  .170180579E+02
  .171820868E+02  .173468639E+02  .175123741E+02  .176786017E+02  .178455306E+02
  .180131442E+02  .181814254E+02  .183503567E+02  .185199199E+02  .186900965E+02
  .188608674E+02  .190322128E+02  .192041128E+02  .193765467E+02  .195494933E+02
  .197229308E+02  .198968371E+02  .200711895E+02  .202459645E+02  .204211384E+02
  .205966867E+02  .207725847E+02  .209488068E+02  .211253270E+02  .213021187E+02
  .214791550E+02  .216564081E+02  .218338498E+02  .220114515E+02  .221891838E+02
  .223670169E+02  .225449205E+02  .227228636E+02  .229008148E+02  .230787421E+02
  .232566130E+02  .234343944E+02  .236120527E+02  .237895537E+02  .239668630E+02
  .241439453E+02  .243207648E+02  .244972856E+02  .246734708E+02  .248492833E+02
  .250246854E+02  .251996391E+02  .253741056E+02  .255480459E+02  .257214204E+02
  .258941892E+02  .260663119E+02  .262377475E+02  .264084549E+02  .265783923E+02
  .267475178E+02  .269157887E+02  .270831625E+02  .272495958E+02  .274150453E+02
  .275794670E+02  .277428169E+02  .279050505E+02  .280661232E+02  .282259900E+02
  .283846057E+02  .285419249E+02  .286979020E+02  .288524913E+02  .290056467E+02
  .291573222E+02  .293074717E+02  .294560488E+02  .296030071E+02  .297483003E+02
  .298918820E+02  .300337057E+02  .301737251E+02  .303118937E+02  .304481655E+02
  .305824942E+02  .307148339E+02  .308451387E+02  .309733631E+02  .310994617E+02
  .312233894E+02  .313451013E+02  .314645530E+02  .315817004E+02  .316964996E+02
  .318089075E+02  .319188813E+02  .320263784E+02  .321313573E+02  .322337767E+02
  .323335959E+02  .324307751E+02  .325252749E+02  .326170569E+02  .327060832E+02
  .327923168E+02  .328757218E+02  .329562628E+02  .330339055E+02  .331086165E+02
  .331803637E+02  .332491156E+02  .333148421E+02  .333775141E+02  .334371037E+02
  .334935844E+02  .335469307E+02  .335971185E+02  .336441250E+02  .336879290E+02
  .337285105E+02  .337658510E+02  .337999336E+02  .338307430E+02  .338582654E+02
  .338824886E+02  .339034022E+02  .339209976E+02  .339352677E+02  .339462074E+02
  .339538134E+02  .339580843E+02  .339590206E+02  .339566248E+02  .339509014E+02
  .339418567E+02  .339294995E+02  .339138404E+02  .338948921E+02  .338726698E+02
  .338471905E+02  .338184736E+02  .337865409E+02  .337514162E+02  .337131259E+02
  .336716985E+02  .336271650E+02  .335795588E+02  .335289156E+02  .334752735E+02
  .334186732E+02  .333591577E+02  .332967725E+02  .332315656E+02  .331635875E+02
  .330928912E+02  .330195321E+02  .329435681E+02  .328650598E+02  .327840700E+02
  .327006642E+02  .326149103E+02  .325268787E+02  .324366422E+02  .323442762E+02
  .322498583E+02  .321534686E+02  .320551897E+02  .319551065E+02  .318533060E+02
  .317498779E+02  .316449138E+02  .315385077E+02  .314307557E+02  .313217561E+02
  .312116094E+02  .311004177E+02  .309882857E+02  .308753195E+02  .307616274E+02
  .306473193E+02  .305325069E+02  .304173036E+02  .303018244E+02  .301861857E+02
  .300705054E+02  .299549029E+02  .298394985E+02  .297244141E+02  .296097723E+02
  .294956969E+02  .293823126E+02  .292697448E+02  .291581195E+02  .290475634E+02
  .289382036E+02  .288301675E+02  .287235829E+02  .286185774E+02  .285152788E+02
  .284138147E+02  .283143124E+02  .282168988E+02  .281217002E+02  .280288424E+02
  .279384502E+02  .278506474E+02  .277655570E+02  .276833004E+02  .276039979E+02
  .275277682E+02  .274547281E+02  .273849929E+02  .273186756E+02  .272558874E+02
  .271967371E+02  .271413308E+02  .270897724E+02  .270421628E+02  .269986002E+02
  .269591796E+02  .269239929E+02  .268931285E+02  .268666716E+02  .268447035E+02
  .268273017E+02  .268145399E+02  .268064877E+02  .268032102E+02  .268047685E+02
  .268112191E+02  .268226135E+02  .268389990E+02  .268604174E+02  .268869059E+02
  .269184964E+02  .269552154E+02  .269970841E+02  .270441183E+02  .270963279E+02
  .271537174E+02  .272162852E+02  .272840240E+02  .273569205E+02  .274349551E+02
  .275181023E+02  .276063303E+02  .276996010E+02  .277978699E+02  .279010863E+02
  .280091928E+02  .281221259E+02  .282398152E+02  .283621841E+02  .284891494E+02
  .286206213E+02  .287565035E+02  .288966933E+02  .290410813E+02  .291895519E+02
  .293419829E+02  .294982457E+02  .296582056E+02  .298217214E+02  .299886459E+02
  .301588257E+02  .303321014E+02  .305083078E+02  .306872737E+02  .308688225E+02
  .310527719E+02  .312389342E+02  .314271166E+02  .316171209E+02  .318087443E+02
  .320017790E+02  .321960129E+02  .323912294E+02  .325872075E+02  .327837228E+02
  .329805466E+02  .331774470E+02  .333741890E+02  .335705341E+02  .337662415E+02
  .339610678E+02  .341547672E+02  .343470920E+02  .345377931E+02  .347266198E+02
  .349133203E+02  .350976421E+02  .352793323E+02  .354581379E+02  .356338058E+02
  .358060837E+02  .359747199E+02  .361394642E+02  .363000675E+02  .364562828E+02
  .366078652E+02  .367545724E+02  .368961649E+02  .370324063E+02  .371630641E+02
  .372879094E+02  .374067177E+02  .375192691E+02  .376253486E+02  .377247466E+02
  .378172591E+02  .379026880E+02  .379808416E+02  .380515347E+02  .381145893E+02
  .381698344E+02  .382171067E+02  .382562510E+02  .382871199E+02  .383095749E+02
  .383234860E+02  .383287322E+02  .383252020E+02  .383127935E+02  .382914143E+02
  .382609823E+02  .382214257E+02  .381726828E+02  .381147030E+02  .380474464E+02
  .379708838E+02  .378849977E+02  .377897815E+02  .376852402E+02  .375713903E+02
  .374482600E+02  .373158890E+02  .371743290E+02  .370236434E+02  .368639074E+02
  .366952081E+02  .365176444E+02  .363313270E+02  .361363784E+02  .359329326E+02
  .357211353E+02  .355011439E+02  .352731267E+02  .350372636E+02  .347937455E+02
  .345427739E+02  .342845613E+02  .340193304E+02  .337473143E+02  .334687559E+02
  .331839079E+02  .328930322E+02  .325963998E+02  .322942905E+02  .319869924E+02
  .316748017E+02  .313580220E+02  .310369644E+02  .307119466E+02  .303832926E+02
  .300513325E+02  .297164018E+02  .293788408E+02  .290389945E+02  .286972118E+02
  .283538451E+02  .280092496E+02  .276637833E+02  .273178055E+02  .269716774E+02
  .266257605E+02  .262804169E+02  .259360080E+02  .255928946E+02  .252514356E+02
  .249119882E+02  .245749067E+02  .242405424E+02  .239092424E+02  .235813497E+02
  .232572024E+02  .229371330E+02  .226214677E+02  .223105265E+02  .220046220E+02
  .217040589E+02  .214091341E+02  .211201355E+02  .208373418E+02  .205610220E+02
  .202914350E+02  .200288290E+02  .197734410E+02  .195254968E+02  .192852100E+02
  .190527822E+02  .188284022E+02  .186122460E+02  .184044762E+02  .182052420E+02
  .180146785E+02  .178329071E+02  .176600348E+02  .174961539E+02  .173413425E+02
  .171956636E+02  .170591656E+02  .169318818E+02  .168138307E+02  .167050155E+02
  .166054246E+02  .165150316E+02  .164337948E+02  .163616581E+02  .162985505E+02
  .162443865E+02  .161990663E+02  .161624758E+02  .161344873E+02  .161149591E+02
  .161037363E+02  .161006511E+02  .161055227E+02  .161181581E+02  .161383523E+02
  .161658887E+02  .162005398E+02  .162420671E+02  .162902220E+02  .163447465E+02
  .164053729E+02  .164718252E+02  .165438191E+02  .166210628E+02  .167032575E+02
  .167900979E+02  .168812731E+02  .169764666E+02  .170753577E+02  .171776215E+02
  .172829298E+02  .173909514E+02  .175013535E+02  .176138014E+02  .177279598E+02
  .178434929E+02  .179600656E+02  .180773436E+02  .181949946E+02  .183126879E+02
  .184300964E+02  .185468958E+02  .186627662E+02  .187773920E+02  .188904629E+02
  .190016742E+02  .191107274E+02  .192173305E+02  .193211989E+02  .194220553E+02
  .195196306E+02  .196136642E+02  .197039044E+02  .197901084E+02  .198720433E+02
  .199494860E+02  .200222236E+02  .200900536E+02  .201527845E+02  .202102352E+02
  .202622364E+02  .203086296E+02  .203492681E+02  .203840164E+02  .204127511E+02
  .204353602E+02  .204517437E+02  .204618132E+02  .204654923E+02  .204627160E+02
  .204534313E+02  .204375966E+02  .204151820E+02  .203861687E+02  .203505493E+02
  .203083273E+02  .202595171E+02  .202041438E+02  .201422428E+02  .200738595E+02
  .199990496E+02  .199178780E+02  .198304191E+02  .197367562E+02  .196369814E+02
  .195311949E+02  .194195053E+02  .193020283E+02  .191788873E+02  .190502125E+02
  .189161404E+02  .187768141E+02  .186323820E+02  .184829982E+02  .183288216E+02
  .181700157E+02  .180067482E+02  .178391907E+02  .176675181E+02  .174919084E+02
  .173125421E+02  .171296022E+02  .169432734E+02  .167537418E+02  .165611949E+02
  .163658208E+02  .161678082E+02  .159673457E+02  .157646219E+02  .155598246E+02
  .153531408E+02  .151447565E+02  .149348560E+02  .147236220E+02  .145112350E+02
  .142978736E+02  .140837134E+02  .138689277E+02  .136536863E+02  .134381564E+02
  .132225014E+02  .130068813E+02  .127914522E+02  .125763666E+02  .123617726E+02
  .121478145E+02  .119346318E+02  .117223602E+02  .115111304E+02  .113010687E+02
  .110922967E+02  .108849313E+02  .106790845E+02  .104748638E+02  .102723714E+02
  .100717050E+02  .987295705E+01  .967621561E+01  .948156339E+01  .928907864E+01
  .909883444E+01  .891089943E+01  .872533715E+01  .854220682E+01  .836156272E+01
  .818345481E+01  .800792835E+01  .783502439E+01  .766477946E+01  .749722606E+01
  .733239233E+01  .717030258E+01  .701097698E+01  .685443208E+01  .670068049E+01
  .654973143E+01  .640159041E+01  .625625978E+01  .611373845E+01  .597402238E+01
  .583710433E+01  .570297437E+01  .557161965E+01  .544302484E+01  .531717193E+01
  .519404066E+01  .507360825E+01  .495585031E+01  .484073945E+01  .472824785E+01
  .461834426E+01  .451099749E+01  .440617312E+01  .430383704E+01  .420395210E+01
  .410648172E+01  .401138636E+01  .391862753E+01  .382816391E+01  .373995526E+01
  .365395882E+01  .357013313E+01  .348843431E+01  .340882003E+01  .333124569E+01
  .325566832E+01  .318204301E+01  .311032666E+01  .304047416E+01  .297244247E+01
  .290618663E+01  .284166392E+01  .277882979E+01  .271764210E+01  .265805692E+01
  .260003286E+01  .254352681E+01  .248849835E+01  .243490536E+01  .238270849E+01
  .233186680E+01  .228234218E+01  .223409494E+01  .218708830E+01  .214128396E+01
  .209664659E+01  .205313932E+01  .201072834E+01  .196937829E+01  .192905694E+01
  .188973047E+01  .185136824E+01  .181393804E+01  .177741085E+01  .174175606E+01
  .170694626E+01  .167295246E+01  .163974888E+01  .160730811E+01  .157560597E+01
  .154461663E+01  .151431751E+01  .148468429E+01  .145569594E+01  .142732966E+01
  .139956591E+01  .137238335E+01  .134576390E+01  .131968763E+01  .129413786E+01
  .126909602E+01  .124454677E+01  .122047283E+01  .119686015E+01  .117369270E+01
  .115095765E+01  .112864014E+01  .110672850E+01  .108520898E+01  .106407101E+01
  .104330190E+01  .102289211E+01  .100282992E+01  .983106762E+00  .963711854E+00
  .944637537E+00  .925873879E+00  .907414061E+00  .889248968E+00  .871372568E+00
  .853776480E+00  .836455396E+00  .819401633E+00  .802610556E+00  .786075108E+00
  .769791267E+00  .753752568E+00  .737955556E+00  .722394288E+00  .707065823E+00
  .691964711E+00  .677088484E+00  .662432120E+00  .647993572E+00  .633768226E+00
  .619754417E+00  .605947877E+00  .592347281E+00  .578948688E+00  .565751078E+00
  .552750784E+00  .539947049E+00  .527336465E+00  .514918510E+00  .502689984E+00
  .490650566E+00  .478797251E+00  .467129893E+00  .455645637E+00  .444344481E+00
  .433223713E+00  .422283451E+00  .411521083E+00  .400936825E+00  .390528158E+00
  .380295374E+00  .370236013E+00  .360350417E+00  .350636558E+00  .341093757E+00
  .331721001E+00  .322517317E+00  .313481722E+00  .304613234E+00  .295910873E+00
  .287373648E+00  .279000563E+00  .270790609E+00  .262742760E+00  .254855976E+00
  .247129198E+00  .239561343E+00  .232151305E+00  .224897954E+00  .217800131E+00
  .210856650E+00  .204066295E+00  .197427817E+00  .190939937E+00  .184601341E+00
  .178410684E+00  .172366582E+00  .166467621E+00  .160712349E+00  .155099280E+00
  .149626873E+00  .144293589E+00  .139097838E+00  .134037991E+00  .129112386E+00
  .124319329E+00  .119657091E+00  .115123912E+00  .110718000E+00  .106437534E+00
  .102280664E+00  .982455094E-01  .943301662E-01  .905327033E-01  .868511664E-01
  .832835784E-01  .798279416E-01  .764822392E-01  .732444365E-01  .701124833E-01
  .670843150E-01  .641578550E-01  .613310160E-01  .586017023E-01  .559678111E-01
  .534272351E-01  .509778636E-01  .486175852E-01  .463442890E-01  .441558526E-01
  .420501873E-01  .400251954E-01  .380787871E-01  .362088831E-01  .344134154E-01
  .326903299E-01  .310375873E-01  .294531654E-01  .279350602E-01  .264812880E-01
  .250898862E-01  .237589153E-01  .224864600E-01  .212706307E-01  .201095645E-01
  .190014266E-01  .179444115E-01  .169367438E-01  .159766791E-01  .150625055E-01
  .141925437E-01  .133651482E-01  .125787080E-01  .118316470E-01  .111224246E-01
  .104495364E-01  .981151420E-02  .920692680E-02  .863437988E-02  .809251633E-02
  .758001642E-02  .709559779E-02  .663801547E-02  .620606181E-02  .579856637E-02
  .541439572E-02  .505245318E-02  .471167860E-02  .439104792E-02  .408957287E-02
  .380630046E-02  .354031256E-02  .329072535E-02  .305668878E-02  .283738596E-02
  .263203257E-02  .243987617E-02  .226019556E-02  .209230006E-02  .193552880E-02
  .178924998E-02  .165286009E-02  .152578318E-02  .140747007E-02  .129739754E-02
  .119506756E-02  .110000650E-02  .101176431E-02  .929913727E-03  .854049491E-03
  .783787543E-03  .718764238E-03  .658635573E-03  .603076409E-03  .551779719E-03
  .504455832E-03  .460831705E-03  .420650195E-03  .383669356E-03  .349661748E-03
  .318413759E-03  .289724952E-03  .263407421E-03  .239285174E-03  .217193525E-03
  .196978518E-03  .178496352E-03  .161612847E-03  .146202909E-03  .132150031E-03
  .119345802E-03  .107689444E-03  .970873586E-04  .874527038E-04  .787049807E-04
  .707696436E-04  .635777257E-04  .570654843E-04  .511740625E-04  .458491681E-04
  .410407686E-04  .367028035E-04  .327929104E-04  .292721674E-04  .261048495E-04
  .232581995E-04  .207022112E-04  .184094273E-04  .163547479E-04  .145152522E-04
  .128700306E-04  .114000285E-04  .100878997E-04  .891786987E-05  .787560912E-05
  .694811389E-05  .612359661E-05  .539138350E-05  .474181986E-05  .416618218E-05
  .365659702E-05  .320596595E-05  .280789639E-05  .245663779E-05  .214702296E-05
  .187441412E-05  .163465340E-05  .142401740E-05  .123917564E-05  .107715253E-05
  .935292631E-06  .811229006E-06  .702854344E-06  .608294705E-06  .525885671E-06
  .454150686E-06  .391781442E-06  .337620113E-06  .290643309E-06  .249947575E-06
  .214736331E-06  .184308109E-06  .158045974E-06  .135408025E-06  .115918885E-06
  .991620696E-07  .847731678E-07  .724337545E-07  .618659579E-07  .528276244E-07
  .451080185E-07  .385240051E-07  .329166658E-07  .281483033E-07  .240997955E-07
  .206682614E-07  .177650070E-07  .153137216E-07  .132488973E-07  .115144495E-07
  .100625167E-07  .885242218E-08  .784978025E-08  .702573615E-08  .635632619E-08
  .582195084E-08  .540695378E-08  .509930399E-08  .489037997E-08  .467643796E-08
  .455811918E-08  .453311101E-08  .371879475E-08  .304591505E-08  .249079248E-08
  .203355492E-08  .165755228E-08  .134885685E-08  .109583727E-08  .888795992E-09
  .719661235E-09  .581725734E-09  .469425507E-09  .378152851E-09  .304098559E-09
  .244119002E-09  .195624369E-09  .156484857E-09  .124952079E-09  .995933213E-10
  .792366687E-10  .629252748E-10  .498793237E-10  .394644513E-10  .311655760E-10
  .245652548E-10  .193258147E-10  .151746301E-10  .118920157E-10  .930128867E-11
  .726062901E-11  .565642418E-11  .439783940E-11  .341239620E-11  .264237944E-11
  .204192350E-11  .157465404E-11  .121178347E-11  .930575931E-12  .713112749E-12
  .545301627E-12  .416083170E-12  .316796783E-12  .240675049E-12  .182441420E-12
  .137990821E-12  .104136646E-12  .784107835E-13  .589059209E-13  .441514649E-13
  .330161400E-13  .246317021E-13  .183333305E-13  .136131595E-13  .100841399E-13
  .745199969E-14  .549354184E-14  .403988709E-14  .296356646E-14  .216860358E-14
  .158291306E-14  .115248851E-14  .836970205E-15  .606273188E-15  .438028886E-15
  .315648801E-15  .226862884E-15  .162619080E-15  .116256986E-15  .828889837E-16
  .589379978E-16  .417931673E-16  .295540497E-16  .208411128E-16  .146557249E-16
  .102770018E-16  .718602027E-17  .501029611E-17  .348322308E-17  .241452685E-17
  .166880454E-17  .114998279E-17  .790094985E-18  .541201454E-18  .369589638E-18
  .251623511E-18  .170782191E-18  .115553503E-18  .779402843E-19  .524044612E-19
  .351229450E-19  .234649088E-19  .156257513E-19  .103715998E-19  .686154673E-20
  .452437158E-20  .297332864E-20  .194744105E-20  .127119079E-20  .826933013E-21
  .536081922E-21  .346322896E-21  .222950438E-21  .143021166E-21  .914207623E-22
  .582276789E-22  .369523203E-22  .233651689E-22  .147196806E-22  .923883633E-23
  .577713690E-23  .359891435E-23  .223347292E-23  .138078786E-23  .850348530E-24
  .521647647E-24  .318752983E-24  .194005619E-24  .117609829E-24  .710114364E-25
  .427026019E-25  .255745277E-25  .152536549E-25  .906022283E-26  .535905292E-26
  .315650760E-26  .185131604E-26  .108117106E-26  .628685500E-27  .363984267E-27
  .209810270E-27  .120406669E-27  .687921038E-28  .391268917E-28  .221536427E-28
  .124862548E-28  .700520047E-29  .391195837E-29  .217438771E-29  .120290836E-29
  .662314801E-30  .362924400E-30  .197911469E-30  .107401910E-30  .579992426E-31
  .311662684E-31  .166641134E-31  .886537579E-32  .469258444E-32  .247120847E-32
  .129470613E-32  .674807047E-33  .349877890E-33  .180452803E-33  .925768977E-34
  .472405487E-34  .239762843E-34  .121027656E-34  .607580996E-35  .303334224E-35
  .150597244E-35  .743483897E-36  .364976948E-36  .178147145E-36  .864553638E-37
  .417142633E-37  .200095135E-37  .954173594E-38  .452310426E-38  .213129422E-38
  .998221503E-39  .464692931E-39  .215000567E-39  .988612563E-40  .451756120E-40
  .205140593E-40  .925650160E-41  .415018788E-41  .184880860E-41  .818270702E-42
  .359799254E-42  .157166107E-42  .681977272E-43  .293947710E-43  .125845025E-43
  .535111445E-44  .225980460E-44  .947746186E-45  .394714941E-45  .163237943E-45
  .670316875E-46  .273297685E-46  .110627624E-46  .444567712E-47  .177350991E-47
  .702304017E-48  .276049381E-48  .107694257E-48  .416981027E-49  .160225511E-49
  .610959007E-50  .231169602E-50  .634022461E-53  .231225086E-53  .836462822E-54
  .300131419E-54  .106807295E-54  .376952205E-55  .131928502E-55  .457855846E-56
  .157553215E-56  .537532219E-57  .181815357E-57  .609642632E-58  .202632185E-58
  .667573735E-59  .217980131E-59  .705391665E-60  .226208085E-60  .718817593E-61
  .226323777E-61  .706009353E-62  .218186129E-62  .000000000E+00  .000000000E+00
  .000000000E+00  .000000000E+00  .000000000E+00  .000000000E+00  .000000000E+00
  .000000000E+00  .000000000E+00  .000000000E+00  .000000000E+00  .000000000E+00
  .000000000E+00  .000000000E+00  .000000000E+00  .000000000E+00  .000000000E+00
  .000000000E+00  .000000000E+00  .000000000E+00  .000000000E+00  .000000000E+00
  .000000000E+00  .000000000E+00  .000000000E+00  .000000000E+00  .000000000E+00
  .000000000E+00  .000000000E+00  .000000000E+00  .000000000E+00  .000000000E+00
  .000000000E+00  .000000000E+00  .000000000E+00  .000000000E+00  .000000000E+00
  .000000000E+00  .000000000E+00  .000000000E+00  .000000000E+00  .000000000E+00
  .000000000E+00  .000000000E+00  .000000000E+00  .000000000E+00  .000000000E+00
  .000000000E+00  .000000000E+00  .000000000E+00  .000000000E+00  .000000000E+00
  .000000000E+00  .000000000E+00  .000000000E+00  .000000000E+00  .000000000E+00
  .000000000E+00  .000000000E+00  .000000000E+00  .000000000E+00  .000000000E+00
  .000000000E+00  .000000000E+00  .000000000E+00  .000000000E+00  .000000000E+00
  .000000000E+00  .000000000E+00  .000000000E+00  .000000000E+00  .000000000E+00
  .000000000E+00  .000000000E+00  .000000000E+00  .000000000E+00  .000000000E+00
  .000000000E+00  .000000000E+00  .000000000E+00  .000000000E+00  .000000000E+00
  .000000000E+00  .000000000E+00  .000000000E+00  .000000000E+00  .000000000E+00
  .000000000E+00  .000000000E+00  .000000000E+00  .000000000E+00  .000000000E+00
  .000000000E+00  .000000000E+00  .000000000E+00  .000000000E+00  .000000000E+00
  .000000000E+00  .000000000E+00  .000000000E+00  .000000000E+00  .000000000E+00
  .000000000E+00  .000000000E+00  .000000000E+00  .000000000E+00  .000000000E+00
  .000000000E+00  .000000000E+00  .000000000E+00  .000000000E+00  .000000000E+00
  .000000000E+00  .000000000E+00  .000000000E+00  .000000000E+00  .000000000E+00
  .000000000E+00  .000000000E+00  .000000000E+00  .000000000E+00  .000000000E+00
  .000000000E+00  .000000000E+00  .000000000E+00  .000000000E+00  .000000000E+00
  .000000000E+00  .000000000E+00  .000000000E+00  .000000000E+00  .000000000E+00
  .000000000E+00  .000000000E+00  .000000000E+00  .000000000E+00  .000000000E+00
  .000000000E+00  .000000000E+00  .000000000E+00  .000000000E+00  .000000000E+00
  .000000000E+00  .000000000E+00  .000000000E+00  .000000000E+00  .000000000E+00
  .000000000E+00  .000000000E+00  .000000000E+00  .000000000E+00  .000000000E+00
  .000000000E+00  .000000000E+00  .000000000E+00  .000000000E+00  .000000000E+00
  .000000000E+00  .000000000E+00  .000000000E+00  .000000000E+00  .000000000E+00
  .000000000E+00  .000000000E+00  .000000000E+00  .000000000E+00  .000000000E+00
  .000000000E+00  .000000000E+00  .000000000E+00  .000000000E+00  .000000000E+00
  .000000000E+00  .000000000E+00  .000000000E+00  .000000000E+00  .000000000E+00
  .000000000E+00  .000000000E+00  .000000000E+00  .000000000E+00  .000000000E+00
  .000000000E+00  .000000000E+00  .000000000E+00  .000000000E+00  .000000000E+00
  .000000000E+00  .000000000E+00  .000000000E+00  .000000000E+00  .000000000E+00
  .000000000E+00  .000000000E+00  .000000000E+00  .000000000E+00  .000000000E+00
  .000000000E+00  .000000000E+00  .000000000E+00  .000000000E+00  .000000000E+00
  .000000000E+00  .000000000E+00  .000000000E+00  .000000000E+00  .000000000E+00
  .000000000E+00  .000000000E+00  .000000000E+00  .000000000E+00  .000000000E+00
  .000000000E+00  .000000000E+00  .000000000E+00  .000000000E+00  .000000000E+00
  .000000000E+00  .000000000E+00  .000000000E+00  .000000000E+00  .000000000E+00
  .000000000E+00  .000000000E+00  .000000000E+00  .000000000E+00  .000000000E+00
