Re: s1d7                                
   16  75.   .002000 186.20700 125.   .50E-04 .200  400F91 68.00000
   .7  1.0   0
  1.0   .0   .5-5218.4129 2.0000
  2.0   .0   .5 -905.7187 2.0000
  2.0  1.0  1.5 -791.3852 6.0000
  3.0   .0   .5 -209.7527 2.0000
  3.0  1.0  1.5 -175.9652 6.0000
  3.0  2.0  2.5 -137.663110.0000
  4.0   .0   .5  -43.6304 2.0000
  4.0  1.0  1.5  -32.5224 6.0000
  4.0  2.0  2.5  -18.561310.0000
  4.0  3.0  3.5   -2.986414.0000
  5.0   .0   .5   -6.0654 2.0000
  5.0  1.0  1.5   -3.2932 6.0000
  5.0  2.0  2.5    -.3004 6.0000
  6.0   .0   .5    -.3907 1.0000
  6.0  1.0  1.5    -.5000  .0000
  5.0  3.0  2.5    -.1000  .0000
