Ca: s2d0.01                             
  .434910234E-03  .441837875E-03  .448875778E-03  .456025696E-03  .463289410E-03
  .470668727E-03  .478165487E-03  .485781555E-03  .493518828E-03  .501379233E-03
  .509364726E-03  .517477296E-03  .525718962E-03  .534091776E-03  .542597822E-03
  .551239217E-03  .560018113E-03  .568936693E-03  .577997178E-03  .587201822E-03
  .596552916E-03  .606052787E-03  .615703798E-03  .625508351E-03  .635468885E-03
  .645587878E-03  .655867846E-03  .666311348E-03  .676920981E-03  .687699384E-03
  .698649237E-03  .709773264E-03  .721074231E-03  .732554947E-03  .744218268E-03
  .756067094E-03  .768104370E-03  .780333089E-03  .792756291E-03  .805377063E-03
  .818198543E-03  .831223918E-03  .844456424E-03  .857899350E-03  .871556037E-03
  .885429877E-03  .899524319E-03  .913842863E-03  .928389067E-03  .943166544E-03
  .958178964E-03  .973430058E-03  .988923611E-03  .100466347E-02  .102065355E-02
  .103689782E-02  .105340030E-02  .107016511E-02  .108719639E-02  .110449838E-02
  .112207537E-02  .113993173E-02  .115807188E-02  .117650033E-02  .119522165E-02
  .121424049E-02  .123356156E-02  .125318966E-02  .127312966E-02  .129338650E-02
  .131396521E-02  .133487089E-02  .135610872E-02  .137768398E-02  .139960201E-02
  .142186824E-02  .144448820E-02  .146746749E-02  .149081181E-02  .151452694E-02
  .153861876E-02  .156309325E-02  .158795646E-02  .161321456E-02  .163887379E-02
  .166494053E-02  .169142122E-02  .171832243E-02  .174565081E-02  .177341313E-02
  .180161627E-02  .183026721E-02  .185937304E-02  .188894097E-02  .191897831E-02
  .194949250E-02  .198049109E-02  .201198175E-02  .204397226E-02  .207647055E-02
  .210948465E-02  .214302273E-02  .217709308E-02  .221170413E-02  .224686443E-02
  .228258268E-02  .231886770E-02  .235572847E-02  .239317410E-02  .243121384E-02
  .246985708E-02  .250911338E-02  .254899243E-02  .258950409E-02  .263065835E-02
  .267246539E-02  .271493553E-02  .275807924E-02  .280190719E-02  .284643020E-02
  .289165924E-02  .293760548E-02  .298428026E-02  .303169510E-02  .307986169E-02
  .312879191E-02  .317849783E-02  .322899170E-02  .328028599E-02  .333239332E-02
  .338532656E-02  .343909873E-02  .349372310E-02  .354921313E-02  .360558248E-02
  .366284504E-02  .372101492E-02  .378010645E-02  .384013416E-02  .390111284E-02
  .396305751E-02  .402598340E-02  .408990601E-02  .415484106E-02  .422080454E-02
  .428781265E-02  .435588190E-02  .442502901E-02  .449527099E-02  .456662510E-02
  .463910889E-02  .471274017E-02  .478753704E-02  .486351787E-02  .494070132E-02
  .501910635E-02  .509875223E-02  .517965849E-02  .526184502E-02  .534533197E-02
  .543013984E-02  .551628943E-02  .560380189E-02  .569269868E-02  .578300160E-02
  .587473280E-02  .596791475E-02  .606257032E-02  .615872268E-02  .625639541E-02
  .635561242E-02  .645639804E-02  .655877693E-02  .666277416E-02  .676841521E-02
  .687572591E-02  .698473254E-02  .709546176E-02  .720794067E-02  .732219677E-02
  .743825800E-02  .755615273E-02  .767590979E-02  .779755844E-02  .792112841E-02
  .804664988E-02  .817415351E-02  .830367043E-02  .843523226E-02  .856887112E-02
  .870461961E-02  .884251087E-02  .898257852E-02  .912485672E-02  .926938017E-02
  .941618409E-02  .956530426E-02  .971677703E-02  .987063928E-02  .100269285E-01
  .101856827E-01  .103469406E-01  .105107414E-01  .106771250E-01  .108461318E-01
  .110178030E-01  .111921802E-01  .113693059E-01  .115492232E-01  .117319757E-01
  .119176078E-01  .121061647E-01  .122976920E-01  .124922363E-01  .126898448E-01
  .128905655E-01  .130944469E-01  .133015386E-01  .135118908E-01  .137255544E-01
  .139425812E-01  .141630237E-01  .143869354E-01  .146143704E-01  .148453838E-01
  .150800315E-01  .153183703E-01  .155604577E-01  .158063523E-01  .160561135E-01
  .163098016E-01  .165674780E-01  .168292048E-01  .170950452E-01  .173650634E-01
  .176393245E-01  .179178946E-01  .182008409E-01  .184882316E-01  .187801360E-01
  .190766243E-01  .193777679E-01  .196836393E-01  .199943121E-01  .203098610E-01
  .206303620E-01  .209558920E-01  .212865292E-01  .216223532E-01  .219634445E-01
  .223098850E-01  .226617579E-01  .230191475E-01  .233821396E-01  .237508212E-01
  .241252806E-01  .245056075E-01  .248918929E-01  .252842294E-01  .256827109E-01
  .260874325E-01  .264984912E-01  .269159850E-01  .273400138E-01  .277706789E-01
  .282080830E-01  .286523305E-01  .291035274E-01  .295617812E-01  .300272012E-01
  .304998983E-01  .309799850E-01  .314675755E-01  .319627860E-01  .324657342E-01
  .329765397E-01  .334953238E-01  .340222097E-01  .345573227E-01  .351007896E-01
  .356527394E-01  .362133029E-01  .367826131E-01  .373608047E-01  .379480148E-01
  .385443821E-01  .391500480E-01  .397651554E-01  .403898499E-01  .410242790E-01
  .416685925E-01  .423229424E-01  .429874831E-01  .436623713E-01  .443477659E-01
  .450438285E-01  .457507229E-01  .464686153E-01  .471976747E-01  .479380724E-01
  .486899823E-01  .494535809E-01  .502290475E-01  .510165638E-01  .518163146E-01
  .526284872E-01  .534532717E-01  .542908612E-01  .551414515E-01  .560052415E-01
  .568824330E-01  .577732309E-01  .586778428E-01  .595964800E-01  .605293563E-01
  .614766892E-01  .624386991E-01  .634156100E-01  .644076488E-01  .654150462E-01
  .664380360E-01  .674768557E-01  .685317462E-01  .696029520E-01  .706907212E-01
  .717953055E-01  .729169606E-01  .740559457E-01  .752125239E-01  .763869622E-01
  .775795316E-01  .787905070E-01  .800201673E-01  .812687958E-01  .825366795E-01
  .838241101E-01  .851313832E-01  .864587990E-01  .878066619E-01  .891752810E-01
  .905649697E-01  .919760461E-01  .934088330E-01  .948636577E-01  .963408525E-01
  .978407544E-01  .993637055E-01  .100910053E+00  .102480148E+00  .104074349E+00
  .105693017E+00  .107336520E+00  .109005232E+00  .110699530E+00  .112419798E+00
  .114166426E+00  .115939808E+00  .117740345E+00  .119568444E+00  .121424518E+00
  .123308983E+00  .125222265E+00  .127164794E+00  .129137007E+00  .131139346E+00
  .133172260E+00  .135236206E+00  .137331645E+00  .139459046E+00  .141618885E+00
  .143811643E+00  .146037810E+00  .148297882E+00  .150592362E+00  .152921761E+00
  .155286595E+00  .157687389E+00  .160124677E+00  .162598997E+00  .165110897E+00
  .167660933E+00  .170249666E+00  .172877669E+00  .175545520E+00  .178253807E+00
  .181003123E+00  .183794074E+00  .186627272E+00  .189503336E+00  .192422896E+00
  .195386592E+00  .198395068E+00  .201448982E+00  .204548999E+00  .207695793E+00
  .210890048E+00  .214132457E+00  .217423722E+00  .220764557E+00  .224155683E+00
  .227597833E+00  .231091749E+00  .234638184E+00  .238237900E+00  .241891671E+00
  .245600281E+00  .249364524E+00  .253185205E+00  .257063141E+00  .260999160E+00
  .264994099E+00  .269048809E+00  .273164152E+00  .277341001E+00  .281580240E+00
  .285882767E+00  .290249490E+00  .294681330E+00  .299179222E+00  .303744110E+00
  .308376954E+00  .313078725E+00  .317850406E+00  .322692996E+00  .327607505E+00
  .332594956E+00  .337656388E+00  .342792851E+00  .348005410E+00  .353295145E+00
  .358663148E+00  .364110527E+00  .369638403E+00  .375247913E+00  .380940209E+00
  .386716455E+00  .392577835E+00  .398525544E+00  .404560794E+00  .410684813E+00
  .416898844E+00  .423204146E+00  .429601996E+00  .436093684E+00  .442680518E+00
  .449363823E+00  .456144941E+00  .463025230E+00  .470006066E+00  .477088841E+00
  .484274966E+00  .491565869E+00  .498962995E+00  .506467808E+00  .514081791E+00
  .521806443E+00  .529643283E+00  .537593850E+00  .545659698E+00  .553842405E+00
  .562143564E+00  .570564789E+00  .579107716E+00  .587773996E+00  .596565303E+00
  .605483332E+00  .614529796E+00  .623706430E+00  .633014989E+00  .642457248E+00
  .652035005E+00  .661750079E+00  .671604308E+00  .681599555E+00  .691737702E+00
  .702020654E+00  .712450339E+00  .723028705E+00  .733757724E+00  .744639392E+00
  .755675724E+00  .766868763E+00  .778220570E+00  .789733233E+00  .801408862E+00
  .813249591E+00  .825257577E+00  .837435003E+00  .849784074E+00  .862307021E+00
  .875006099E+00  .887883585E+00  .900941786E+00  .914183030E+00  .927609671E+00
  .941224088E+00  .955028687E+00  .969025898E+00  .983218178E+00  .997608007E+00
  .101219789E+01  .102699037E+01  .104198800E+01  .105719337E+01  .107260909E+01
  .108823781E+01  .110408218E+01  .112014490E+01  .113642869E+01  .115293630E+01
  .116967050E+01  .118663410E+01  .120382991E+01  .122126081E+01  .123892966E+01
  .125683939E+01  .127499293E+01  .129339325E+01  .131204334E+01  .133094622E+01
  .135010495E+01  .136952260E+01  .138920227E+01  .140914710E+01  .142936025E+01
  .144984491E+01  .147060430E+01  .149164166E+01  .151296026E+01  .153456340E+01
  .155645442E+01  .157863667E+01  .160111352E+01  .162388841E+01  .164696475E+01
  .167034603E+01  .169403572E+01  .171803737E+01  .174235450E+01  .176699071E+01
  .179194959E+01  .181723477E+01  .184284991E+01  .186879868E+01  .189508481E+01
  .192171202E+01  .194868407E+01  .197600476E+01  .200367788E+01  .203170729E+01
  .206009683E+01  .208885041E+01  .211797192E+01  .214746531E+01  .217733452E+01
  .220758355E+01  .223821640E+01  .226923709E+01  .230064967E+01  .233245822E+01
  .236466683E+01  .239727961E+01  .243030069E+01  .246373423E+01  .249758440E+01
  .253185539E+01  .256655142E+01  .260167670E+01  .263723549E+01  .267323205E+01
  .270967065E+01  .274655558E+01  .278389116E+01  .282168170E+01  .285993154E+01
  .289864503E+01  .293782651E+01  .297748036E+01  .301761096E+01  .305822269E+01
  .309931996E+01  .314090715E+01  .318298869E+01  .322556898E+01  .326865244E+01
  .331224349E+01  .335634657E+01  .340096608E+01  .344610646E+01  .349177212E+01
  .353796750E+01  .358469700E+01  .363196504E+01  .367977603E+01  .372813436E+01
  .377704442E+01  .382651059E+01  .387653724E+01  .392712872E+01  .397828938E+01
  .403002353E+01  .408233549E+01  .413522953E+01  .418870993E+01  .424278092E+01
  .429744673E+01  .435271155E+01  .440857953E+01  .446505482E+01  .452214152E+01
  .457984369E+01  .463816537E+01  .469711056E+01  .475668320E+01  .481688722E+01
  .487772648E+01  .493920481E+01  .500132598E+01  .506409372E+01  .512751170E+01
  .519158353E+01  .525631279E+01  .532170296E+01  .538775747E+01  .545447972E+01
  .552187299E+01  .558994052E+01  .565868547E+01  .572811092E+01  .579821989E+01
  .586901530E+01  .594049998E+01  .601267669E+01  .608554810E+01  .615911677E+01
  .623338518E+01  .630835571E+01  .638403063E+01  .646041211E+01  .653750220E+01
  .661530287E+01  .669381592E+01  .677304310E+01  .685298597E+01  .693364602E+01
  .701502457E+01  .709712284E+01  .717994189E+01  .726348265E+01  .734774592E+01
  .743273232E+01  .751844236E+01  .760487635E+01  .769203449E+01  .777991678E+01
  .786852308E+01  .795785305E+01  .804790622E+01  .813868189E+01  .823017922E+01
  .832239717E+01  .841533451E+01  .850898981E+01  .860336144E+01  .869844759E+01
  .879424622E+01  .889075508E+01  .898797172E+01  .908589347E+01  .918451741E+01
  .928384043E+01  .938385916E+01  .948457000E+01  .958596911E+01  .968805242E+01
  .979081559E+01  .989425403E+01  .999836290E+01  .101031371E+02  .102085712E+02
  .103146597E+02  .104213965E+02  .105287755E+02  .106367902E+02  .107454339E+02
  .108546994E+02  .109645794E+02  .110750662E+02  .111861520E+02  .112978283E+02
  .114100866E+02  .115229181E+02  .116363134E+02  .117502630E+02  .118647571E+02
  .119797855E+02  .120953375E+02  .122114023E+02  .123279686E+02  .124450250E+02
  .125625593E+02  .126805595E+02  .127990127E+02  .129179061E+02  .130372262E+02
  .131569594E+02  .132770914E+02  .133976079E+02  .135184940E+02  .136397344E+02
  .137613136E+02  .138832156E+02  .140054239E+02  .141279220E+02  .142506925E+02
  .143737180E+02  .144969805E+02  .146204618E+02  .147441431E+02  .148680053E+02
  .149920290E+02  .151161942E+02  .152404807E+02  .153648678E+02  .154893344E+02
  .156138591E+02  .157384200E+02  .158629949E+02  .159875611E+02  .161120955E+02
  .162365749E+02  .163609753E+02  .164852726E+02  .166094423E+02  .167334593E+02
  .168572983E+02  .169809337E+02  .171043395E+02  .172274891E+02  .173503558E+02
  .174729124E+02  .175951316E+02  .177169854E+02  .178384456E+02  .179594839E+02
  .180800712E+02  .182001786E+02  .183197766E+02  .184388353E+02  .185573248E+02
  .186752147E+02  .187924743E+02  .189090729E+02  .190249792E+02  .191401618E+02
  .192545892E+02  .193682294E+02  .194810504E+02  .195930199E+02  .197041054E+02
  .198142743E+02  .199234938E+02  .200317308E+02  .201389524E+02  .202451252E+02
  .203502159E+02  .204541911E+02  .205570173E+02  .206586610E+02  .207590884E+02
  .208582661E+02  .209561603E+02  .210527374E+02  .211479638E+02  .212418060E+02
  .213342304E+02  .214252038E+02  .215146928E+02  .216026642E+02  .216890851E+02
  .217739227E+02  .218571442E+02  .219387174E+02  .220186100E+02  .220967902E+02
  .221732263E+02  .222478871E+02  .223207416E+02  .223917593E+02  .224609098E+02
  .225281636E+02  .225934913E+02  .226568640E+02  .227182533E+02  .227776315E+02
  .228349712E+02  .228902459E+02  .229434294E+02  .229944962E+02  .230434217E+02
  .230901817E+02  .231347529E+02  .231771128E+02  .232172395E+02  .232551120E+02
  .232907102E+02  .233240148E+02  .233550075E+02  .233836708E+02  .234099884E+02
  .234339446E+02  .234555251E+02  .234747165E+02  .234915065E+02  .235058839E+02
  .235178386E+02  .235273617E+02  .235344457E+02  .235390839E+02  .235412713E+02
  .235410039E+02  .235382791E+02  .235330957E+02  .235254538E+02  .235153548E+02
  .235028017E+02  .234877988E+02  .234703520E+02  .234504685E+02  .234281571E+02
  .234034284E+02  .233762940E+02  .233467676E+02  .233148641E+02  .232806004E+02
  .232439947E+02  .232050669E+02  .231638388E+02  .231203337E+02  .230745765E+02
  .230265939E+02  .229764144E+02  .229240682E+02  .228695870E+02  .228130046E+02
  .227543563E+02  .226936791E+02  .226310120E+02  .225663956E+02  .224998722E+02
  .224314859E+02  .223612826E+02  .222893099E+02  .222156171E+02  .221402553E+02
  .220632771E+02  .219847372E+02  .219046915E+02  .218231980E+02  .217403161E+02
  .216561069E+02  .215706330E+02  .214839587E+02  .213961499E+02  .213072739E+02
  .212173996E+02  .211265972E+02  .210349386E+02  .209424967E+02  .208493462E+02
  .207555627E+02  .206612234E+02  .205664064E+02  .204711913E+02  .203756587E+02
  .202798900E+02  .201839680E+02  .200879763E+02  .199919994E+02  .198961225E+02
  .198004320E+02  .197050144E+02  .196099574E+02  .195153490E+02  .194212777E+02
  .193278325E+02  .192351027E+02  .191431780E+02  .190521482E+02  .189621031E+02
  .188731328E+02  .187853272E+02  .186987761E+02  .186135691E+02  .185297955E+02
  .184475441E+02  .183669033E+02  .182879609E+02  .182108042E+02  .181355194E+02
  .180621922E+02  .179909070E+02  .179217475E+02  .178547959E+02  .177901333E+02
  .177278396E+02  .176679931E+02  .176106705E+02  .175559470E+02  .175038959E+02
  .174545888E+02  .174080954E+02  .173644831E+02  .173238173E+02  .172861613E+02
  .172515759E+02  .172201194E+02  .171918479E+02  .171668144E+02  .171450696E+02
  .171266611E+02  .171116339E+02  .171000297E+02  .170918872E+02  .170872422E+02
  .170861268E+02  .170885702E+02  .170945980E+02  .171042322E+02  .171174914E+02
  .171343906E+02  .171549409E+02  .171791499E+02  .172070212E+02  .172385545E+02
  .172737455E+02  .173125862E+02  .173550642E+02  .174011631E+02  .174508625E+02
  .175041377E+02  .175609598E+02  .176212956E+02  .176851079E+02  .177523550E+02
  .178229909E+02  .178969653E+02  .179742236E+02  .180547070E+02  .181383523E+02
  .182250920E+02  .183148543E+02  .184075632E+02  .185031384E+02  .186014956E+02
  .187025460E+02  .188061971E+02  .189123519E+02  .190209098E+02  .191317660E+02
  .192448119E+02  .193599351E+02  .194770195E+02  .195959454E+02  .197165894E+02
  .198388250E+02  .199625218E+02  .200875468E+02  .202137634E+02  .203410323E+02
  .204692111E+02  .205981549E+02  .207277159E+02  .208577440E+02  .209880868E+02
  .211185896E+02  .212490958E+02  .213794468E+02  .215094824E+02  .216390407E+02
  .217679587E+02  .218960719E+02  .220232149E+02  .221492215E+02  .222739247E+02
  .223971573E+02  .225187515E+02  .226385396E+02  .227563540E+02  .228720272E+02
  .229853926E+02  .230962839E+02  .232045360E+02  .233099847E+02  .234124673E+02
  .235118226E+02  .236078909E+02  .237005149E+02  .237895389E+02  .238748100E+02
  .239561777E+02  .240334941E+02  .241066146E+02  .241753976E+02  .242397048E+02
  .242994015E+02  .243543569E+02  .244044440E+02  .244495400E+02  .244895265E+02
  .245242895E+02  .245537198E+02  .245777129E+02  .245961696E+02  .246089957E+02
  .246161024E+02  .246174064E+02  .246128301E+02  .246023017E+02  .245857554E+02
  .245631313E+02  .245343759E+02  .244994420E+02  .244582886E+02  .244108814E+02
  .243571927E+02  .242972016E+02  .242308936E+02  .241582616E+02  .240793050E+02
  .239940302E+02  .239024509E+02  .238045875E+02  .237004676E+02  .235901259E+02
  .234736041E+02  .233509512E+02  .232222229E+02  .230874824E+02  .229467995E+02
  .228002512E+02  .226479213E+02  .224899005E+02  .223262864E+02  .221571831E+02
  .219827014E+02  .218029586E+02  .216180783E+02  .214281905E+02  .212334312E+02
  .210339425E+02  .208298722E+02  .206213740E+02  .204086068E+02  .201917350E+02
  .199709281E+02  .197463606E+02  .195182115E+02  .192866646E+02  .190519078E+02
  .188141330E+02  .185735361E+02  .183303165E+02  .180846767E+02  .178368226E+02
  .175869626E+02  .173353077E+02  .170820713E+02  .168274685E+02  .165717162E+02
  .163150326E+02  .160576370E+02  .157997495E+02  .155415906E+02  .152833812E+02
  .150253417E+02  .147676923E+02  .145106523E+02  .142544401E+02  .139992725E+02
  .137453650E+02  .134929305E+02  .132421803E+02  .129933225E+02  .127465627E+02
  .125021030E+02  .122601425E+02  .120208758E+02  .117844941E+02  .115511840E+02
  .113211274E+02  .110945014E+02  .108714782E+02  .106522244E+02  .104369010E+02
  .102256631E+02  .100186601E+02  .981603479E+01  .961792361E+01  .942445631E+01
  .923575593E+01  .905193837E+01  .887311255E+01  .869937994E+01  .853083479E+01
  .836756365E+01  .820964562E+01  .805715196E+01  .791014626E+01  .776868419E+01
  .763281361E+01  .750257445E+01  .737799870E+01  .725911045E+01  .714592581E+01
  .703845306E+01  .693669255E+01  .684063684E+01  .675027072E+01  .666557126E+01
  .658650791E+01  .651304260E+01  .644512976E+01  .638271651E+01  .632574271E+01
  .627414107E+01  .622783727E+01  .618675013E+01  .615079162E+01  .611986709E+01
  .609387534E+01  .607270878E+01  .605625355E+01  .604438971E+01  .603699132E+01
  .603392672E+01  .603505865E+01  .604024455E+01  .604933670E+01  .606218262E+01
  .607862528E+01  .609850351E+01  .612165225E+01  .614790301E+01  .617708409E+01
  .620902112E+01  .624353724E+01  .628045362E+01  .631958978E+01  .636076406E+01
  .640379399E+01  .644849682E+01  .649468975E+01  .654219046E+01  .659081726E+01
  .664038952E+01  .669072776E+01  .674165409E+01  .679299222E+01  .684456790E+01
  .689620894E+01  .694774566E+01  .699901086E+01  .704984029E+01  .710007266E+01
  .714955002E+01  .719811785E+01  .724562543E+01  .729192586E+01  .733687651E+01
  .738033901E+01  .742217968E+01  .746226954E+01  .750048469E+01  .753670634E+01
  .757082113E+01  .760272113E+01  .763230419E+01  .765947380E+01  .768413948E+01
  .770621662E+01  .772562675E+01  .774229744E+01  .775616250E+01  .776716184E+01
  .777524170E+01  .778035440E+01  .778245860E+01  .778151905E+01  .777750673E+01
  .777039869E+01  .776017810E+01  .774683406E+01  .773036166E+01  .771076175E+01
  .768804101E+01  .766221163E+01  .763329143E+01  .760130348E+01  .756627621E+01
  .752824306E+01  .748724248E+01  .744331763E+01  .739651635E+01  .734689089E+01
  .729449778E+01  .723939759E+01  .718165484E+01  .712133767E+01  .705851779E+01
  .699327013E+01  .692567280E+01  .685580671E+01  .678375552E+01  .670960531E+01
  .663344446E+01  .655536339E+01  .647545436E+01  .639381127E+01  .631052946E+01
  .622570549E+01  .613943693E+01  .605182219E+01  .596296027E+01  .587295064E+01
  .578189296E+01  .568988699E+01  .559703229E+01  .550342812E+01  .540917314E+01
  .531436560E+01  .521910243E+01  .512348015E+01  .502759373E+01  .493153707E+01
  .483540254E+01  .473928101E+01  .464326162E+01  .454743173E+01  .445187672E+01
  .435668000E+01  .426192276E+01  .416768401E+01  .407404036E+01  .398106610E+01
  .388883291E+01  .379741003E+01  .370686394E+01  .361725856E+01  .352865498E+01
  .344111159E+01  .335468386E+01  .326942454E+01  .318538339E+01  .310260736E+01
  .302114042E+01  .294102373E+01  .286229543E+01  .278499084E+01  .270914230E+01
  .263477938E+01  .256192867E+01  .249061404E+01  .242085645E+01  .235267422E+01
  .228608283E+01  .222109516E+01  .215772145E+01  .209596936E+01  .203584405E+01
  .197734821E+01  .192048217E+01  .186524394E+01  .181162928E+01  .175963180E+01
  .170924301E+01  .166045242E+01  .161324759E+01  .156761428E+01  .152353647E+01
  .148099647E+01  .143997502E+01  .140045137E+01  .136240335E+01  .132580750E+01
  .129063913E+01  .125687240E+01  .122448045E+01  .119343542E+01  .116370861E+01
  .113527050E+01  .110809087E+01  .108213885E+01  .105738300E+01  .103379141E+01
  .101133173E+01  .989971233E+00  .969676919E+00  .950415513E+00  .932153557E+00
  .914857428E+00  .898493411E+00  .883027706E+00  .868426497E+00  .854655955E+00
  .841682307E+00  .829471830E+00  .817990924E+00  .807206110E+00  .797084100E+00
  .787591802E+00  .778696398E+00  .770365349E+00  .762566480E+00  .755267990E+00
  .748438541E+00  .742047263E+00  .736063849E+00  .730458557E+00  .725202300E+00
  .720266636E+00  .715623865E+00  .711246998E+00  .707109851E+00  .703187005E+00
  .699453892E+00  .695886747E+00  .692462682E+00  .689159635E+00  .685956440E+00
  .682832763E+00  .679769172E+00  .676747069E+00  .673748753E+00  .670757352E+00
  .667756882E+00  .664732172E+00  .661668931E+00  .658553663E+00  .655373733E+00
  .652117282E+00  .648773293E+00  .645331505E+00  .641782472E+00  .638117482E+00
  .634328615E+00  .630408656E+00  .626351157E+00  .622150347E+00  .617801193E+00
  .613299311E+00  .608641023E+00  .603823272E+00  .598843674E+00  .593700434E+00
  .588392400E+00  .582918972E+00  .577280165E+00  .571476507E+00  .565509108E+00
  .559379562E+00  .553090001E+00  .546643012E+00  .540041684E+00  .533289522E+00
  .526390501E+00  .519348969E+00  .512169716E+00  .504857861E+00  .497418928E+00
  .489858737E+00  .482183468E+00  .474399564E+00  .466513782E+00  .458533104E+00
  .450464791E+00  .442316278E+00  .434095239E+00  .425809483E+00  .417467006E+00
  .409075898E+00  .400644390E+00  .392180755E+00  .383693364E+00  .375190578E+00
  .366680805E+00  .358172397E+00  .349673697E+00  .341192948E+00  .332738329E+00
  .324317870E+00  .315939491E+00  .307610918E+00  .299339702E+00  .291133184E+00
  .282998472E+00  .274942424E+00  .266971633E+00  .259092404E+00  .251310748E+00
  .243632361E+00  .236062619E+00  .228606565E+00  .221268903E+00  .214053989E+00
  .206965834E+00  .200008094E+00  .193184073E+00  .186496725E+00  .179948653E+00
  .173542117E+00  .167279037E+00  .161160998E+00  .155189263E+00  .149364774E+00
  .143688170E+00  .138159791E+00  .132779693E+00  .127547657E+00  .122463205E+00
  .117525610E+00  .112733908E+00  .108086915E+00  .103583239E+00  .992212900E-01
  .949993007E-01  .909153344E-01  .869673004E-01  .831529672E-01  .794699759E-01
  .759158524E-01  .724880205E-01  .691838137E-01  .660004873E-01  .629352297E-01
  .599851735E-01  .571474060E-01  .544189797E-01  .517969212E-01  .492782414E-01
  .468599437E-01  .445390322E-01  .423125200E-01  .401774363E-01  .381308336E-01
  .361697942E-01  .342914363E-01  .324929202E-01  .307714537E-01  .291242977E-01
  .275487708E-01  .260422550E-01  .246021999E-01  .232261276E-01  .219116373E-01
  .206564099E-01  .194582117E-01  .183148988E-01  .172244201E-01  .161848199E-01
  .151942393E-01  .142509161E-01  .133531828E-01  .124994626E-01  .116882628E-01
  .109181663E-01  .101878212E-01  .949592875E-02  .884123092E-02  .822249828E-02
  .763851870E-02  .708808794E-02  .657000231E-02  .608305385E-02  .562602776E-02
  .519770221E-02  .479684987E-02  .442224100E-02  .407264760E-02  .374684821E-02
  .344363297E-02  .316180886E-02  .290020453E-02  .265767490E-02  .243310524E-02
  .222541465E-02  .203355903E-02  .185653339E-02  .169337364E-02  .154315784E-02
  .140500696E-02  .127808518E-02  .116159984E-02  .105480104E-02  .956980910E-03
  .867472740E-03  .785649820E-03  .710924167E-03  .642745131E-03  .580597905E-03
  .524001970E-03  .472509513E-03  .425703818E-03  .383197658E-03  .344631701E-03
  .309672943E-03  .278013174E-03  .249367487E-03  .223472831E-03  .200086629E-03
  .178985435E-03  .159963665E-03  .142832376E-03  .127418114E-03  .113561813E-03
  .101117763E-03  .899526262E-04  .799445207E-04  .709821493E-04  .629639892E-04
  .557975302E-04  .493985620E-04  .436905103E-04  .386038167E-04  .340753620E-04
  .300479303E-04  .264697111E-04  .232938382E-04  .204779628E-04  .179838585E-04
  .157770571E-04  .138265121E-04  .121042896E-04  .105852830E-04  .924695212E-05
  .806908238E-05  .703356532E-05  .612419707E-05  .532649428E-05  .462752600E-05
  .401576050E-05  .348092520E-05  .301388106E-05  .260650388E-05  .225158474E-05
  .194272907E-05  .167427611E-05  .144121799E-05  .123913041E-05  .106410928E-05
  .912713461E-06  .781917557E-06  .669047531E-06  .571795398E-06  .488064716E-06
  .416097525E-06  .354281702E-06  .301254865E-06  .255827380E-06  .216961859E-06
  .183754910E-06  .155420903E-06  .131277566E-06  .110733204E-06  .932753945E-07
  .784609888E-07  .659072896E-07  .552842752E-07  .463077572E-07  .387333678E-07
  .323512861E-07  .269816172E-07  .224703512E-07  .186858342E-07  .155156911E-07
  .128641468E-07  .106496975E-07  .880308996E-08  .726557067E-08  .598737077E-08
  .492639793E-08  .404710805E-08  .331953401E-08  .271845079E-08  .222265910E-08
  .181437166E-08  .147868830E-08  .120314776E-08  .977345686E-09  .792609523E-09
  .641722363E-09  .518688741E-09  .418536356E-09  .337148517E-09  .271122781E-09
  .217651907E-09  .174423783E-09  .139537447E-09  .111432742E-09  .888315043E-10
  .706884760E-10  .561504106E-10  .445220719E-10  .352380119E-10  .278391921E-10
  .219536517E-10  .172805544E-10  .135770473E-10  .106474577E-10  .833442792E-11
  .651165698E-11  .507796705E-11  .395246413E-11  .307059846E-11  .238096384E-11
  .184270259E-11  .142340582E-11  .109741798E-11  .844470503E-12  .648583250E-12
  .497182801E-12  .380396468E-12  .290488139E-12  .221408418E-12  .168436676E-12
  .127896848E-12  .969322755E-13  .733277009E-13  .553688583E-13  .417319587E-13
  .313968965E-13  .235792371E-13  .176770390E-13  .132293687E-13  .988400906E-14
  .737237985E-14  .549010421E-14  .408198327E-14  .303040544E-14  .224642539E-14
  .166291326E-14  .122930548E-14  .907591893E-15  .669254765E-15  .492939213E-15
  .362684119E-15  .266581692E-15  .195764023E-15  .143638524E-15  .105312373E-15
  .771601424E-16  .564996721E-16  .413495881E-16  .302482546E-16  .221188622E-16
  .161690863E-16  .118165925E-16  .863382887E-17  .630718231E-17  .460680830E-17
  .336438056E-17  .245670417E-17  .179366342E-17  .130936860E-17  .955659868E-18
  .697345477E-18  .508714385E-18  .370984146E-18  .270434453E-18  .197042816E-18
  .143487714E-18  .104420428E-18  .759332496E-19  .551711314E-19  .400480868E-19
  .290400686E-19  .210336819E-19  .152156587E-19  .109920959E-19  .792942718E-20
  .571127335E-20  .410689261E-20  .294811069E-20  .211245007E-20  .151079325E-20
  .107836244E-20  .768125807E-21  .545979259E-21  .387227248E-21  .274014099E-21
  .193450476E-21  .136248143E-21  .957261416E-22  .670882027E-22  .468980724E-22
  .326990922E-22  .227388171E-22  .157700111E-22  .109071026E-22  .752284509E-23
  .517407710E-23  .354850220E-23  .242662444E-23  .165458760E-23  .112484197E-23
  .762417849E-24  .515204890E-24  .347086861E-24  .233106192E-24  .156067790E-24
  .104160530E-24  .692963360E-25  .459538032E-25  .303755231E-25  .200126364E-25
  .131416611E-25  .860099869E-26  .561031754E-26  .364714681E-26  .236283611E-26
  .152551263E-26  .981492896E-27  .629266946E-27  .402018754E-27  .255922533E-27
  .162333700E-27  .102596814E-27  .646057396E-28  .405328657E-28  .253354934E-28
  .157769868E-28  .978764268E-29  .604892386E-29  .372400822E-29  .228382111E-29
  .139514331E-29  .848920636E-30  .514509074E-30  .310586597E-30  .186733417E-30
  .111814179E-30  .666795927E-31  .396000598E-31  .234202267E-31  .137931702E-31
  .808909842E-32  .472372208E-32  .274664038E-32  .159014760E-32  .916592012E-33
  .526020152E-33  .300539083E-33  .170944937E-33  .967949202E-34  .545599715E-34
  .306129392E-34  .170973656E-34  .950452621E-35  .525887136E-35  .289600289E-35
  .158720580E-35  .865722304E-36  .469913864E-36  .253825492E-36  .136430807E-36
  .729680369E-37  .388309945E-37  .205604443E-37  .108312097E-37  .567667643E-38
  .295982542E-38  .153523465E-38  .792139991E-39  .406564322E-39  .207557410E-39
  .105392626E-39  .532263181E-40  .267342433E-40  .133541285E-40  .663361316E-41
  .327681769E-41  .160954238E-41  .786105532E-42  .381740053E-42  .184307512E-42
  .884680796E-43  .422160985E-43  .200261300E-43  .944327760E-44  .442623495E-44
  .206210689E-44  .954842513E-45  .439415003E-45  .200964386E-45  .913361642E-46
  .412500116E-46  .185114756E-46  .825413394E-47  .365673232E-47  .160947233E-47
  .703752379E-48  .305688714E-48  .131898263E-48  .565295705E-49  .240638909E-49
  .101738658E-49  .427181472E-50  .178123461E-50  .737544186E-51  .303241661E-51
  .123793861E-51  .501757757E-52  .201905879E-52  .806563691E-53  .319843816E-53
  .125898745E-53  .491884765E-54  .190738359E-54  .734039436E-55  .280337509E-55
  .106242204E-55  .399521695E-56  .149067947E-56  .551825473E-57  .202658837E-57
  .738326187E-58  .266822348E-58  .956444347E-59  .340043760E-59  .119900486E-59
  .419276630E-60  .145412678E-60  .500243062E-61  .170814560E-61  .581106473E-62
  .197792431E-62  .692427144E-63  .261648661E-63  .123770693E-63  .934803964E-64
  .000000000E+00  .000000000E+00  .000000000E+00  .000000000E+00  .000000000E+00
  .000000000E+00  .000000000E+00  .000000000E+00  .000000000E+00  .000000000E+00
  .000000000E+00  .000000000E+00  .000000000E+00  .000000000E+00  .000000000E+00
  .000000000E+00  .000000000E+00  .000000000E+00  .000000000E+00  .000000000E+00
  .000000000E+00  .000000000E+00  .000000000E+00  .000000000E+00  .000000000E+00
  .000000000E+00  .000000000E+00  .000000000E+00  .000000000E+00  .000000000E+00
  .000000000E+00  .000000000E+00  .000000000E+00  .000000000E+00  .000000000E+00
  .000000000E+00  .000000000E+00  .000000000E+00  .000000000E+00  .000000000E+00
  .000000000E+00  .000000000E+00  .000000000E+00  .000000000E+00  .000000000E+00
  .000000000E+00  .000000000E+00  .000000000E+00  .000000000E+00  .000000000E+00
  .000000000E+00  .000000000E+00  .000000000E+00  .000000000E+00  .000000000E+00
  .000000000E+00  .000000000E+00  .000000000E+00  .000000000E+00  .000000000E+00
  .000000000E+00  .000000000E+00  .000000000E+00  .000000000E+00  .000000000E+00
  .000000000E+00  .000000000E+00  .000000000E+00  .000000000E+00  .000000000E+00
  .000000000E+00  .000000000E+00  .000000000E+00  .000000000E+00  .000000000E+00
  .000000000E+00  .000000000E+00  .000000000E+00  .000000000E+00  .000000000E+00
  .000000000E+00  .000000000E+00  .000000000E+00  .000000000E+00  .000000000E+00
  .000000000E+00  .000000000E+00  .000000000E+00  .000000000E+00  .000000000E+00
  .000000000E+00  .000000000E+00  .000000000E+00  .000000000E+00  .000000000E+00
  .000000000E+00  .000000000E+00  .000000000E+00  .000000000E+00  .000000000E+00
  .000000000E+00  .000000000E+00  .000000000E+00  .000000000E+00  .000000000E+00
  .000000000E+00  .000000000E+00  .000000000E+00  .000000000E+00  .000000000E+00
  .000000000E+00  .000000000E+00  .000000000E+00  .000000000E+00  .000000000E+00
  .000000000E+00  .000000000E+00  .000000000E+00  .000000000E+00  .000000000E+00
  .000000000E+00  .000000000E+00  .000000000E+00  .000000000E+00  .000000000E+00
  .000000000E+00  .000000000E+00  .000000000E+00  .000000000E+00  .000000000E+00
  .000000000E+00  .000000000E+00  .000000000E+00  .000000000E+00  .000000000E+00
  .000000000E+00  .000000000E+00  .000000000E+00  .000000000E+00  .000000000E+00
  .000000000E+00  .000000000E+00  .000000000E+00  .000000000E+00  .000000000E+00
  .000000000E+00  .000000000E+00  .000000000E+00  .000000000E+00  .000000000E+00
  .000000000E+00  .000000000E+00  .000000000E+00  .000000000E+00  .000000000E+00
  .000000000E+00  .000000000E+00  .000000000E+00  .000000000E+00  .000000000E+00
