  PAW F                                  
 100
Core Pot   L  =         .00000  -2.19894
  -.20000000E+01 -.17418816E+01
  -.19600000E+01 -.18867170E+01
  -.19200000E+01 -.20421807E+01
  -.18800000E+01 -.22095581E+01
  -.18400000E+01 -.23903506E+01
  -.18000000E+01 -.25863238E+01
  -.17600000E+01 -.27995675E+01
  -.17200000E+01 -.30325744E+01
  -.16800000E+01 -.32883412E+01
  -.16400000E+01 -.35705038E+01
  -.16000000E+01 -.38835169E+01
  -.15600000E+01 -.42328977E+01
  -.15200000E+01 -.46255637E+01
  -.14800000E+01 -.50703067E+01
  -.14400000E+01 -.55784733E+01
  -.14000000E+01 -.61649664E+01
  -.13600000E+01 -.68497562E+01
  -.13200000E+01 -.76602346E+01
  -.12800000E+01 -.86350158E+01
  -.12400000E+01 -.98303397E+01
  -.12000000E+01 -.11331423E+02
  -.11600000E+01 -.13273884E+02
  -.11200000E+01 -.15887463E+02
  -.10800000E+01 -.19594831E+02
  -.10400000E+01 -.25267920E+02
  -.10000000E+01 -.35040837E+02
  -.96000000E+00 -.55888972E+02
  -.92000000E+00 -.13134357E+03
  -.88000000E+00  .43057048E+03
  -.84000000E+00  .83769527E+02
  -.80000000E+00  .47055467E+02
  -.76000000E+00  .33021748E+02
  -.72000000E+00  .25608600E+02
  -.68000000E+00  .21023247E+02
  -.64000000E+00  .17905451E+02
  -.60000000E+00  .15646823E+02
  -.56000000E+00  .13934427E+02
  -.52000000E+00  .12590844E+02
  -.48000000E+00  .11507982E+02
  -.44000000E+00  .10616225E+02
  -.40000000E+00  .98687162E+01
  -.36000000E+00  .92327563E+01
  -.32000000E+00  .86848340E+01
  -.28000000E+00  .82076101E+01
  -.24000000E+00  .77880169E+01
  -.20000000E+00  .74160194E+01
  -.16000000E+00  .70837834E+01
  -.12000000E+00  .67851036E+01
  -.80000000E-01  .65150015E+01
  -.40000000E-01  .62694361E+01
   .12351231E-14  .60450931E+01
   .40000000E-01  .58392291E+01
   .80000000E-01  .56495531E+01
   .12000000E+00  .54741372E+01
   .16000000E+00  .53113477E+01
   .20000000E+00  .51597905E+01
   .24000000E+00  .50182690E+01
   .28000000E+00  .48857503E+01
   .32000000E+00  .47613383E+01
   .36000000E+00  .46442513E+01
   .40000000E+00  .45338049E+01
   .44000000E+00  .44293967E+01
   .48000000E+00  .43304950E+01
   .52000000E+00  .42366281E+01
   .56000000E+00  .41473766E+01
   .60000000E+00  .40623661E+01
   .64000000E+00  .39812611E+01
   .68000000E+00  .39037606E+01
   .72000000E+00  .38295933E+01
   .76000000E+00  .37585142E+01
   .80000000E+00  .36903016E+01
   .84000000E+00  .36247542E+01
   .88000000E+00  .35616889E+01
   .92000000E+00  .35009387E+01
   .96000000E+00  .34423511E+01
   .10000000E+01  .33857866E+01
   .10400000E+01  .33311169E+01
   .10800000E+01  .32782245E+01
   .11200000E+01  .32270011E+01
   .11600000E+01  .31773466E+01
   .12000000E+01  .31291689E+01
   .12400000E+01  .30823825E+01
   .12800000E+01  .30369085E+01
   .13200000E+01  .29926733E+01
   .13600000E+01  .29496089E+01
   .14000000E+01  .29076517E+01
   .14400000E+01  .28667428E+01
   .14800000E+01  .28268269E+01
   .15200000E+01  .27878526E+01
   .15600000E+01  .27497717E+01
   .16000000E+01  .27125391E+01
   .16400000E+01  .26761127E+01
   .16800000E+01  .26404527E+01
   .17200000E+01  .26055220E+01
   .17600000E+01  .25712855E+01
   .18000000E+01  .25377104E+01
   .18400000E+01  .25047655E+01
   .18800000E+01  .24724217E+01
   .19200000E+01  .24406513E+01
   .19600000E+01  .24094283E+01
   .20000000E+01  .23787280E+01
Potential  L  =         .00000  -2.19894
  -.20000000E+01 -.18795602E+01
  -.19600000E+01 -.20682015E+01
  -.19200000E+01 -.22756202E+01
  -.18800000E+01 -.25049148E+01
  -.18400000E+01 -.27599063E+01
  -.18000000E+01 -.30453621E+01
  -.17600000E+01 -.33673076E+01
  -.17200000E+01 -.37334710E+01
  -.16800000E+01 -.41539304E+01
  -.16400000E+01 -.46420809E+01
  -.16000000E+01 -.52161208E+01
  -.15600000E+01 -.59014171E+01
  -.15200000E+01 -.67344211E+01
  -.14800000E+01 -.77694650E+01
  -.14400000E+01 -.90912583E+01
  -.14000000E+01 -.10839569E+02
  -.13600000E+01 -.13262632E+02
  -.13200000E+01 -.16847703E+02
  -.12800000E+01 -.22699949E+02
  -.12400000E+01 -.33976631E+02
  -.12000000E+01 -.64776651E+02
  -.11600000E+01 -.49488547E+03
  -.11200000E+01  .92051149E+02
  -.10800000E+01  .43000979E+02
  -.10400000E+01  .28416135E+02
  -.10000000E+01  .21411034E+02
  -.96000000E+00  .17293075E+02
  -.92000000E+00  .14580585E+02
  -.88000000E+00  .12657636E+02
  -.84000000E+00  .11222318E+02
  -.80000000E+00  .10109242E+02
  -.76000000E+00  .92202095E+01
  -.72000000E+00  .84932398E+01
  -.68000000E+00  .78872805E+01
  -.64000000E+00  .73740624E+01
  -.60000000E+00  .69334831E+01
  -.56000000E+00  .65508565E+01
  -.52000000E+00  .62152035E+01
  -.48000000E+00  .59181522E+01
  -.44000000E+00  .56532069E+01
  -.40000000E+00  .54152506E+01
  -.36000000E+00  .52001975E+01
  -.32000000E+00  .50047459E+01
  -.28000000E+00  .48261985E+01
  -.24000000E+00  .46623302E+01
  -.20000000E+00  .45112891E+01
  -.16000000E+00  .43715214E+01
  -.12000000E+00  .42417137E+01
  -.80000000E-01  .41207482E+01
  -.40000000E-01  .40076677E+01
   .12351231E-14  .39016477E+01
   .40000000E-01  .38019741E+01
   .80000000E-01  .37080252E+01
   .12000000E+00  .36192576E+01
   .16000000E+00  .35351940E+01
   .20000000E+00  .34554117E+01
   .24000000E+00  .33795416E+01
   .28000000E+00  .33072505E+01
   .32000000E+00  .32382429E+01
   .36000000E+00  .31722548E+01
   .40000000E+00  .31090493E+01
   .44000000E+00  .30484132E+01
   .48000000E+00  .29901540E+01
   .52000000E+00  .29340978E+01
   .56000000E+00  .28800868E+01
   .60000000E+00  .28279775E+01
   .64000000E+00  .27776393E+01
   .68000000E+00  .27289509E+01
   .72000000E+00  .26818064E+01
   .76000000E+00  .26361041E+01
   .80000000E+00  .25917521E+01
   .84000000E+00  .25486657E+01
   .88000000E+00  .25067670E+01
   .92000000E+00  .24659840E+01
   .96000000E+00  .24262499E+01
   .10000000E+01  .23875031E+01
   .10400000E+01  .23496863E+01
   .10800000E+01  .23127463E+01
   .11200000E+01  .22766336E+01
   .11600000E+01  .22413022E+01
   .12000000E+01  .22067089E+01
   .12400000E+01  .21728136E+01
   .12800000E+01  .21395787E+01
   .13200000E+01  .21069691E+01
   .13600000E+01  .20749516E+01
   .14000000E+01  .20434954E+01
   .14400000E+01  .20125713E+01
   .14800000E+01  .19821519E+01
   .15200000E+01  .19522116E+01
   .15600000E+01  .19227258E+01
   .16000000E+01  .18936718E+01
   .16400000E+01  .18650279E+01
   .16800000E+01  .18367735E+01
   .17200000E+01  .18088893E+01
   .17600000E+01  .17813569E+01
   .18000000E+01  .17541590E+01
   .18400000E+01  .17272789E+01
   .18800000E+01  .17007010E+01
   .19200000E+01  .16744103E+01
   .19600000E+01  .16483927E+01
   .20000000E+01  .16226347E+01
Core Pot   L  =        1.00000   -.82335
  -.20000000E+01  .69744836E+00
  -.19600000E+01  .66758032E+00
  -.19200000E+01  .63695546E+00
  -.18800000E+01  .60553542E+00
  -.18400000E+01  .57327923E+00
  -.18000000E+01  .54014293E+00
  -.17600000E+01  .50607939E+00
  -.17200000E+01  .47103799E+00
  -.16800000E+01  .43496426E+00
  -.16400000E+01  .39779955E+00
  -.16000000E+01  .35948060E+00
  -.15600000E+01  .31993906E+00
  -.15200000E+01  .27910100E+00
  -.14800000E+01  .23688632E+00
  -.14400000E+01  .19320807E+00
  -.14000000E+01  .14797172E+00
  -.13600000E+01  .10107431E+00
  -.13200000E+01  .52403483E-01
  -.12800000E+01  .18363919E-02
  -.12400000E+01 -.50761554E-01
  -.12000000E+01 -.10553813E+00
  -.11600000E+01 -.16265597E+00
  -.11200000E+01 -.22229444E+00
  -.10800000E+01 -.28465189E+00
  -.10400000E+01 -.34994824E+00
  -.10000000E+01 -.41842794E+00
  -.96000000E+00 -.49036358E+00
  -.92000000E+00 -.56605995E+00
  -.88000000E+00 -.64585906E+00
  -.84000000E+00 -.73014590E+00
  -.80000000E+00 -.81935550E+00
  -.76000000E+00 -.91398125E+00
  -.72000000E+00 -.10145851E+01
  -.68000000E+00 -.11218099E+01
  -.64000000E+00 -.12363945E+01
  -.60000000E+00 -.13591923E+01
  -.56000000E+00 -.14911943E+01
  -.52000000E+00 -.16335583E+01
  -.48000000E+00 -.17876453E+01
  -.44000000E+00 -.19550661E+01
  -.40000000E+00 -.21377416E+01
  -.36000000E+00 -.23379809E+01
  -.32000000E+00 -.25585849E+01
  -.28000000E+00 -.28029842E+01
  -.24000000E+00 -.30754272E+01
  -.20000000E+00 -.33812387E+01
  -.16000000E+00 -.37271843E+01
  -.12000000E+00 -.41219925E+01
  -.80000000E-01 -.45771232E+01
  -.40000000E-01 -.51079259E+01
   .12351231E-14 -.57354434E+01
   .40000000E-01 -.64893211E+01
   .80000000E-01 -.74127040E+01
   .12000000E+00 -.85709076E+01
   .16000000E+00 -.10067758E+02
   .20000000E+00 -.12078880E+02
   .24000000E+00 -.14926738E+02
   .28000000E+00 -.19274654E+02
   .32000000E+00 -.26738935E+02
   .36000000E+00 -.42559560E+02
   .40000000E+00 -.98705348E+02
   .44000000E+00  .36533188E+03
   .48000000E+00  .66028060E+02
   .52000000E+00  .36865620E+02
   .56000000E+00  .25833778E+02
   .60000000E+00  .20030716E+02
   .64000000E+00  .16448967E+02
   .68000000E+00  .14016423E+02
   .72000000E+00  .12255284E+02
   .76000000E+00  .10920375E+02
   .80000000E+00  .98729360E+01
   .84000000E+00  .90285364E+01
   .88000000E+00  .83328580E+01
   .92000000E+00  .77493685E+01
   .96000000E+00  .72525926E+01
   .10000000E+01  .68242229E+01
   .10400000E+01  .64507649E+01
   .10800000E+01  .61220525E+01
   .11200000E+01  .58302817E+01
   .11600000E+01  .55693621E+01
   .12000000E+01  .53344710E+01
   .12400000E+01  .51217399E+01
   .12800000E+01  .49280295E+01
   .13200000E+01  .47507657E+01
   .13600000E+01  .45878181E+01
   .14000000E+01  .44374078E+01
   .14400000E+01  .42980382E+01
   .14800000E+01  .41684409E+01
   .15200000E+01  .40475341E+01
   .15600000E+01  .39343889E+01
   .16000000E+01  .38282040E+01
   .16400000E+01  .37282838E+01
   .16800000E+01  .36340219E+01
   .17200000E+01  .35448871E+01
   .17600000E+01  .34604122E+01
   .18000000E+01  .33801844E+01
   .18400000E+01  .33038380E+01
   .18800000E+01  .32310473E+01
   .19200000E+01  .31615220E+01
   .19600000E+01  .30950018E+01
   .20000000E+01  .30312529E+01
Potential  L  =        1.00000   -.82335
  -.20000000E+01  .38526231E+00
  -.19600000E+01  .35643000E+00
  -.19200000E+01  .32709150E+00
  -.18800000E+01  .29722984E+00
  -.18400000E+01  .26682729E+00
  -.18000000E+01  .23586530E+00
  -.17600000E+01  .20432441E+00
  -.17200000E+01  .17218427E+00
  -.16800000E+01  .13942352E+00
  -.16400000E+01  .10601975E+00
  -.16000000E+01  .71949471E-01
  -.15600000E+01  .37187987E-01
  -.15200000E+01  .17093562E-02
  -.14800000E+01 -.34513698E-01
  -.14400000E+01 -.71509878E-01
  -.14000000E+01 -.10930940E+00
  -.13600000E+01 -.14794410E+00
  -.13200000E+01 -.18744755E+00
  -.12800000E+01 -.22785516E+00
  -.12400000E+01 -.26920433E+00
  -.12000000E+01 -.31153455E+00
  -.11600000E+01 -.35488762E+00
  -.11200000E+01 -.39930774E+00
  -.10800000E+01 -.44484176E+00
  -.10400000E+01 -.49153930E+00
  -.10000000E+01 -.53945305E+00
  -.96000000E+00 -.58863893E+00
  -.92000000E+00 -.63915640E+00
  -.88000000E+00 -.69106870E+00
  -.84000000E+00 -.74444321E+00
  -.80000000E+00 -.79935172E+00
  -.76000000E+00 -.85587086E+00
  -.72000000E+00 -.91408251E+00
  -.68000000E+00 -.97407422E+00
  -.64000000E+00 -.10359397E+01
  -.60000000E+00 -.10997795E+01
  -.56000000E+00 -.11657015E+01
  -.52000000E+00 -.12338215E+01
  -.48000000E+00 -.13042644E+01
  -.44000000E+00 -.13771646E+01
  -.40000000E+00 -.14526671E+01
  -.36000000E+00 -.15309287E+01
  -.32000000E+00 -.16121191E+01
  -.28000000E+00 -.16964223E+01
  -.24000000E+00 -.17840382E+01
  -.20000000E+00 -.18751840E+01
  -.16000000E+00 -.19700967E+01
  -.12000000E+00 -.20690350E+01
  -.80000000E-01 -.21722817E+01
  -.40000000E-01 -.22801472E+01
   .12351231E-14 -.23929724E+01
   .40000000E-01 -.25111326E+01
   .80000000E-01 -.26350421E+01
   .12000000E+00 -.27651597E+01
   .16000000E+00 -.29019939E+01
   .20000000E+00 -.30461109E+01
   .24000000E+00 -.31981424E+01
   .28000000E+00 -.33587955E+01
   .32000000E+00 -.35288642E+01
   .36000000E+00 -.37092434E+01
   .40000000E+00 -.39009452E+01
   .44000000E+00 -.41051191E+01
   .48000000E+00 -.43230756E+01
   .52000000E+00 -.45563159E+01
   .56000000E+00 -.48065678E+01
   .60000000E+00 -.50758298E+01
   .64000000E+00 -.53664267E+01
   .68000000E+00 -.56810787E+01
   .72000000E+00 -.60229896E+01
   .76000000E+00 -.63959588E+01
   .80000000E+00 -.68045269E+01
   .84000000E+00 -.72541654E+01
   .88000000E+00 -.77515280E+01
   .92000000E+00 -.83047890E+01
   .96000000E+00 -.89241027E+01
   .10000000E+01 -.96222428E+01
   .10400000E+01 -.10415504E+02
   .10800000E+01 -.11325008E+02
   .11200000E+01 -.12378627E+02
   .11600000E+01 -.13613924E+02
   .12000000E+01 -.15082758E+02
   .12400000E+01 -.16858805E+02
   .12800000E+01 -.19050375E+02
   .13200000E+01 -.21823476E+02
   .13600000E+01 -.25446142E+02
   .14000000E+01 -.30381032E+02
   .14400000E+01 -.37501268E+02
   .14800000E+01 -.48675358E+02
   .15200000E+01 -.68751108E+02
   .15600000E+01 -.11542957E+03
   .16000000E+01 -.34560869E+03
   .16400000E+01  .36112617E+03
   .16800000E+01  .12006300E+03
   .17200000E+01  .72513976E+02
   .17600000E+01  .52198278E+02
   .18000000E+01  .40925324E+02
   .18400000E+01  .33754914E+02
   .18800000E+01  .28791029E+02
   .19200000E+01  .25150030E+02
   .19600000E+01  .22364532E+02
   .20000000E+01  .20164121E+02
Core Pot   L  =        2.00000   -.80000
  -.20000000E+01  .19685535E+01
  -.19600000E+01  .19592990E+01
  -.19200000E+01  .19500118E+01
  -.18800000E+01  .19406915E+01
  -.18400000E+01  .19313378E+01
  -.18000000E+01  .19219505E+01
  -.17600000E+01  .19125292E+01
  -.17200000E+01  .19030737E+01
  -.16800000E+01  .18935836E+01
  -.16400000E+01  .18840585E+01
  -.16000000E+01  .18744983E+01
  -.15600000E+01  .18649025E+01
  -.15200000E+01  .18552708E+01
  -.14800000E+01  .18456029E+01
  -.14400000E+01  .18358984E+01
  -.14000000E+01  .18261571E+01
  -.13600000E+01  .18163785E+01
  -.13200000E+01  .18065623E+01
  -.12800000E+01  .17967081E+01
  -.12400000E+01  .17868157E+01
  -.12000000E+01  .17768845E+01
  -.11600000E+01  .17669143E+01
  -.11200000E+01  .17569046E+01
  -.10800000E+01  .17468551E+01
  -.10400000E+01  .17367654E+01
  -.10000000E+01  .17266351E+01
  -.96000000E+00  .17164638E+01
  -.92000000E+00  .17062510E+01
  -.88000000E+00  .16959964E+01
  -.84000000E+00  .16856996E+01
  -.80000000E+00  .16753601E+01
  -.76000000E+00  .16649774E+01
  -.72000000E+00  .16545512E+01
  -.68000000E+00  .16440811E+01
  -.64000000E+00  .16335664E+01
  -.60000000E+00  .16230069E+01
  -.56000000E+00  .16124020E+01
  -.52000000E+00  .16017512E+01
  -.48000000E+00  .15910542E+01
  -.44000000E+00  .15803103E+01
  -.40000000E+00  .15695191E+01
  -.36000000E+00  .15586801E+01
  -.32000000E+00  .15477928E+01
  -.28000000E+00  .15368567E+01
  -.24000000E+00  .15258712E+01
  -.20000000E+00  .15148358E+01
  -.16000000E+00  .15037500E+01
  -.12000000E+00  .14926132E+01
  -.80000000E-01  .14814248E+01
  -.40000000E-01  .14701844E+01
   .12351231E-14  .14588912E+01
   .40000000E-01  .14475448E+01
   .80000000E-01  .14361445E+01
   .12000000E+00  .14246897E+01
   .16000000E+00  .14131798E+01
   .20000000E+00  .14016142E+01
   .24000000E+00  .13899922E+01
   .28000000E+00  .13783132E+01
   .32000000E+00  .13665766E+01
   .36000000E+00  .13547816E+01
   .40000000E+00  .13429276E+01
   .44000000E+00  .13310139E+01
   .48000000E+00  .13190398E+01
   .52000000E+00  .13070045E+01
   .56000000E+00  .12949074E+01
   .60000000E+00  .12827478E+01
   .64000000E+00  .12705247E+01
   .68000000E+00  .12582376E+01
   .72000000E+00  .12458855E+01
   .76000000E+00  .12334678E+01
   .80000000E+00  .12209836E+01
   .84000000E+00  .12084320E+01
   .88000000E+00  .11958123E+01
   .92000000E+00  .11831237E+01
   .96000000E+00  .11703651E+01
   .10000000E+01  .11575358E+01
   .10400000E+01  .11446348E+01
   .10800000E+01  .11316613E+01
   .11200000E+01  .11186143E+01
   .11600000E+01  .11054929E+01
   .12000000E+01  .10922960E+01
   .12400000E+01  .10790228E+01
   .12800000E+01  .10656721E+01
   .13200000E+01  .10522431E+01
   .13600000E+01  .10387346E+01
   .14000000E+01  .10251456E+01
   .14400000E+01  .10114750E+01
   .14800000E+01  .99772168E+00
   .15200000E+01  .98388457E+00
   .15600000E+01  .96996250E+00
   .16000000E+01  .95595431E+00
   .16400000E+01  .94185881E+00
   .16800000E+01  .92767478E+00
   .17200000E+01  .91340098E+00
   .17600000E+01  .89903617E+00
   .18000000E+01  .88457905E+00
   .18400000E+01  .87002831E+00
   .18800000E+01  .85538261E+00
   .19200000E+01  .84064059E+00
   .19600000E+01  .82580085E+00
   .20000000E+01  .81086197E+00
Potential  L  =        2.00000   -.80000
  -.20000000E+01  .19688207E+01
  -.19600000E+01  .19595503E+01
  -.19200000E+01  .19502475E+01
  -.18800000E+01  .19409120E+01
  -.18400000E+01  .19315435E+01
  -.18000000E+01  .19221417E+01
  -.17600000E+01  .19127063E+01
  -.17200000E+01  .19032371E+01
  -.16800000E+01  .18937336E+01
  -.16400000E+01  .18841957E+01
  -.16000000E+01  .18746230E+01
  -.15600000E+01  .18650152E+01
  -.15200000E+01  .18553719E+01
  -.14800000E+01  .18456929E+01
  -.14400000E+01  .18359779E+01
  -.14000000E+01  .18262265E+01
  -.13600000E+01  .18164383E+01
  -.13200000E+01  .18066131E+01
  -.12800000E+01  .17967505E+01
  -.12400000E+01  .17868501E+01
  -.12000000E+01  .17769117E+01
  -.11600000E+01  .17669348E+01
  -.11200000E+01  .17569191E+01
  -.10800000E+01  .17468642E+01
  -.10400000E+01  .17367697E+01
  -.10000000E+01  .17266353E+01
  -.96000000E+00  .17164606E+01
  -.92000000E+00  .17062453E+01
  -.88000000E+00  .16959888E+01
  -.84000000E+00  .16856909E+01
  -.80000000E+00  .16753511E+01
  -.76000000E+00  .16649689E+01
  -.72000000E+00  .16545441E+01
  -.68000000E+00  .16440762E+01
  -.64000000E+00  .16335647E+01
  -.60000000E+00  .16230092E+01
  -.56000000E+00  .16124093E+01
  -.52000000E+00  .16017646E+01
  -.48000000E+00  .15910745E+01
  -.44000000E+00  .15803387E+01
  -.40000000E+00  .15695566E+01
  -.36000000E+00  .15587278E+01
  -.32000000E+00  .15478518E+01
  -.28000000E+00  .15369282E+01
  -.24000000E+00  .15259564E+01
  -.20000000E+00  .15149359E+01
  -.16000000E+00  .15038663E+01
  -.12000000E+00  .14927469E+01
  -.80000000E-01  .14815774E+01
  -.40000000E-01  .14703571E+01
   .12351231E-14  .14590856E+01
   .40000000E-01  .14477622E+01
   .80000000E-01  .14363865E+01
   .12000000E+00  .14249578E+01
   .16000000E+00  .14134756E+01
   .20000000E+00  .14019393E+01
   .24000000E+00  .13903484E+01
   .28000000E+00  .13787021E+01
   .32000000E+00  .13670000E+01
   .36000000E+00  .13552413E+01
   .40000000E+00  .13434255E+01
   .44000000E+00  .13315519E+01
   .48000000E+00  .13196199E+01
   .52000000E+00  .13076288E+01
   .56000000E+00  .12955780E+01
   .60000000E+00  .12834667E+01
   .64000000E+00  .12712942E+01
   .68000000E+00  .12590600E+01
   .72000000E+00  .12467632E+01
   .76000000E+00  .12344031E+01
   .80000000E+00  .12219790E+01
   .84000000E+00  .12094902E+01
   .88000000E+00  .11969358E+01
   .92000000E+00  .11843151E+01
   .96000000E+00  .11716273E+01
   .10000000E+01  .11588716E+01
   .10400000E+01  .11460472E+01
   .10800000E+01  .11331533E+01
   .11200000E+01  .11201889E+01
   .11600000E+01  .11071534E+01
   .12000000E+01  .10940457E+01
   .12400000E+01  .10808649E+01
   .12800000E+01  .10676103E+01
   .13200000E+01  .10542808E+01
   .13600000E+01  .10408755E+01
   .14000000E+01  .10273935E+01
   .14400000E+01  .10138338E+01
   .14800000E+01  .10001954E+01
   .15200000E+01  .98647731E+00
   .15600000E+01  .97267847E+00
   .16000000E+01  .95879787E+00
   .16400000E+01  .94483442E+00
   .16800000E+01  .93078706E+00
   .17200000E+01  .91665467E+00
   .17600000E+01  .90243614E+00
   .18000000E+01  .88813033E+00
   .18400000E+01  .87373605E+00
   .18800000E+01  .85925214E+00
   .19200000E+01  .84467737E+00
   .19600000E+01  .83001051E+00
   .20000000E+01  .81525031E+00
Core Pot   L  =        3.00000    .00000
  -.20000000E+01  .26825894E+01
  -.19600000E+01  .26757765E+01
  -.19200000E+01  .26689502E+01
  -.18800000E+01  .26621104E+01
  -.18400000E+01  .26552572E+01
  -.18000000E+01  .26483903E+01
  -.17600000E+01  .26415098E+01
  -.17200000E+01  .26346156E+01
  -.16800000E+01  .26277076E+01
  -.16400000E+01  .26207857E+01
  -.16000000E+01  .26138499E+01
  -.15600000E+01  .26069000E+01
  -.15200000E+01  .25999361E+01
  -.14800000E+01  .25929580E+01
  -.14400000E+01  .25859657E+01
  -.14000000E+01  .25789590E+01
  -.13600000E+01  .25719380E+01
  -.13200000E+01  .25649025E+01
  -.12800000E+01  .25578525E+01
  -.12400000E+01  .25507879E+01
  -.12000000E+01  .25437086E+01
  -.11600000E+01  .25366145E+01
  -.11200000E+01  .25295056E+01
  -.10800000E+01  .25223817E+01
  -.10400000E+01  .25152429E+01
  -.10000000E+01  .25080889E+01
  -.96000000E+00  .25009198E+01
  -.92000000E+00  .24937354E+01
  -.88000000E+00  .24865357E+01
  -.84000000E+00  .24793206E+01
  -.80000000E+00  .24720900E+01
  -.76000000E+00  .24648437E+01
  -.72000000E+00  .24575819E+01
  -.68000000E+00  .24503042E+01
  -.64000000E+00  .24430107E+01
  -.60000000E+00  .24357013E+01
  -.56000000E+00  .24283759E+01
  -.52000000E+00  .24210343E+01
  -.48000000E+00  .24136766E+01
  -.44000000E+00  .24063025E+01
  -.40000000E+00  .23989121E+01
  -.36000000E+00  .23915052E+01
  -.32000000E+00  .23840818E+01
  -.28000000E+00  .23766416E+01
  -.24000000E+00  .23691848E+01
  -.20000000E+00  .23617110E+01
  -.16000000E+00  .23542204E+01
  -.12000000E+00  .23467127E+01
  -.80000000E-01  .23391878E+01
  -.40000000E-01  .23316457E+01
   .12351231E-14  .23240863E+01
   .40000000E-01  .23165094E+01
   .80000000E-01  .23089150E+01
   .12000000E+00  .23013030E+01
   .16000000E+00  .22936732E+01
   .20000000E+00  .22860255E+01
   .24000000E+00  .22783599E+01
   .28000000E+00  .22706763E+01
   .32000000E+00  .22629744E+01
   .36000000E+00  .22552543E+01
   .40000000E+00  .22475159E+01
   .44000000E+00  .22397589E+01
   .48000000E+00  .22319833E+01
   .52000000E+00  .22241891E+01
   .56000000E+00  .22163760E+01
   .60000000E+00  .22085439E+01
   .64000000E+00  .22006928E+01
   .68000000E+00  .21928226E+01
   .72000000E+00  .21849331E+01
   .76000000E+00  .21770241E+01
   .80000000E+00  .21690957E+01
   .84000000E+00  .21611476E+01
   .88000000E+00  .21531797E+01
   .92000000E+00  .21451920E+01
   .96000000E+00  .21371842E+01
   .10000000E+01  .21291564E+01
   .10400000E+01  .21211083E+01
   .10800000E+01  .21130398E+01
   .11200000E+01  .21049508E+01
   .11600000E+01  .20968411E+01
   .12000000E+01  .20887107E+01
   .12400000E+01  .20805594E+01
   .12800000E+01  .20723871E+01
   .13200000E+01  .20641936E+01
   .13600000E+01  .20559788E+01
   .14000000E+01  .20477426E+01
   .14400000E+01  .20394849E+01
   .14800000E+01  .20312054E+01
   .15200000E+01  .20229040E+01
   .15600000E+01  .20145807E+01
   .16000000E+01  .20062353E+01
   .16400000E+01  .19978675E+01
   .16800000E+01  .19894774E+01
   .17200000E+01  .19810647E+01
   .17600000E+01  .19726293E+01
   .18000000E+01  .19641710E+01
   .18400000E+01  .19556897E+01
   .18800000E+01  .19471852E+01
   .19200000E+01  .19386574E+01
   .19600000E+01  .19301062E+01
   .20000000E+01  .19215313E+01
Potential  L  =        3.00000    .00000
  -.20000000E+01  .26845256E+01
  -.19600000E+01  .26776834E+01
  -.19200000E+01  .26708275E+01
  -.18800000E+01  .26639580E+01
  -.18400000E+01  .26570748E+01
  -.18000000E+01  .26501777E+01
  -.17600000E+01  .26432668E+01
  -.17200000E+01  .26363419E+01
  -.16800000E+01  .26294030E+01
  -.16400000E+01  .26224500E+01
  -.16000000E+01  .26154828E+01
  -.15600000E+01  .26085014E+01
  -.15200000E+01  .26015056E+01
  -.14800000E+01  .25944955E+01
  -.14400000E+01  .25874709E+01
  -.14000000E+01  .25804317E+01
  -.13600000E+01  .25733779E+01
  -.13200000E+01  .25663094E+01
  -.12800000E+01  .25592262E+01
  -.12400000E+01  .25521280E+01
  -.12000000E+01  .25450149E+01
  -.11600000E+01  .25378869E+01
  -.11200000E+01  .25307437E+01
  -.10800000E+01  .25235853E+01
  -.10400000E+01  .25164116E+01
  -.10000000E+01  .25092226E+01
  -.96000000E+00  .25020182E+01
  -.92000000E+00  .24947983E+01
  -.88000000E+00  .24875627E+01
  -.84000000E+00  .24803115E+01
  -.80000000E+00  .24730445E+01
  -.76000000E+00  .24657616E+01
  -.72000000E+00  .24584628E+01
  -.68000000E+00  .24511480E+01
  -.64000000E+00  .24438170E+01
  -.60000000E+00  .24364698E+01
  -.56000000E+00  .24291063E+01
  -.52000000E+00  .24217264E+01
  -.48000000E+00  .24143300E+01
  -.44000000E+00  .24069170E+01
  -.40000000E+00  .23994873E+01
  -.36000000E+00  .23920409E+01
  -.32000000E+00  .23845776E+01
  -.28000000E+00  .23770974E+01
  -.24000000E+00  .23696000E+01
  -.20000000E+00  .23620855E+01
  -.16000000E+00  .23545538E+01
  -.12000000E+00  .23470047E+01
  -.80000000E-01  .23394381E+01
  -.40000000E-01  .23318540E+01
   .12351231E-14  .23242522E+01
   .40000000E-01  .23166327E+01
   .80000000E-01  .23089952E+01
   .12000000E+00  .23013398E+01
   .16000000E+00  .22936664E+01
   .20000000E+00  .22859747E+01
   .24000000E+00  .22782647E+01
   .28000000E+00  .22705364E+01
   .32000000E+00  .22627895E+01
   .36000000E+00  .22550240E+01
   .40000000E+00  .22472398E+01
   .44000000E+00  .22394367E+01
   .48000000E+00  .22316147E+01
   .52000000E+00  .22237735E+01
   .56000000E+00  .22159132E+01
   .60000000E+00  .22080336E+01
   .64000000E+00  .22001346E+01
   .68000000E+00  .21922160E+01
   .72000000E+00  .21842777E+01
   .76000000E+00  .21763197E+01
   .80000000E+00  .21683418E+01
   .84000000E+00  .21603438E+01
   .88000000E+00  .21523257E+01
   .92000000E+00  .21442873E+01
   .96000000E+00  .21362285E+01
   .10000000E+01  .21281491E+01
   .10400000E+01  .21200491E+01
   .10800000E+01  .21119283E+01
   .11200000E+01  .21037866E+01
   .11600000E+01  .20956238E+01
   .12000000E+01  .20874399E+01
   .12400000E+01  .20792346E+01
   .12800000E+01  .20710078E+01
   .13200000E+01  .20627595E+01
   .13600000E+01  .20544894E+01
   .14000000E+01  .20461974E+01
   .14400000E+01  .20378834E+01
   .14800000E+01  .20295473E+01
   .15200000E+01  .20211889E+01
   .15600000E+01  .20128080E+01
   .16000000E+01  .20044045E+01
   .16400000E+01  .19959782E+01
   .16800000E+01  .19875291E+01
   .17200000E+01  .19790569E+01
   .17600000E+01  .19705615E+01
   .18000000E+01  .19620428E+01
   .18400000E+01  .19535006E+01
   .18800000E+01  .19449347E+01
   .19200000E+01  .19363449E+01
   .19600000E+01  .19277312E+01
   .20000000E+01  .19190934E+01
Core Pot   L  =        4.00000    .00000
  -.20000000E+01  .33605657E+01
  -.19600000E+01  .33550717E+01
  -.19200000E+01  .33495702E+01
  -.18800000E+01  .33440630E+01
  -.18400000E+01  .33385471E+01
  -.18000000E+01  .33330223E+01
  -.17600000E+01  .33274919E+01
  -.17200000E+01  .33219542E+01
  -.16800000E+01  .33164090E+01
  -.16400000E+01  .33108565E+01
  -.16000000E+01  .33052968E+01
  -.15600000E+01  .32997303E+01
  -.15200000E+01  .32941552E+01
  -.14800000E+01  .32885735E+01
  -.14400000E+01  .32829853E+01
  -.14000000E+01  .32773883E+01
  -.13600000E+01  .32717822E+01
  -.13200000E+01  .32661703E+01
  -.12800000E+01  .32605505E+01
  -.12400000E+01  .32549238E+01
  -.12000000E+01  .32492885E+01
  -.11600000E+01  .32436457E+01
  -.11200000E+01  .32379956E+01
  -.10800000E+01  .32323394E+01
  -.10400000E+01  .32266736E+01
  -.10000000E+01  .32209986E+01
  -.96000000E+00  .32153172E+01
  -.92000000E+00  .32096283E+01
  -.88000000E+00  .32039315E+01
  -.84000000E+00  .31982266E+01
  -.80000000E+00  .31925137E+01
  -.76000000E+00  .31867932E+01
  -.72000000E+00  .31810641E+01
  -.68000000E+00  .31753276E+01
  -.64000000E+00  .31695830E+01
  -.60000000E+00  .31638308E+01
  -.56000000E+00  .31580700E+01
  -.52000000E+00  .31523007E+01
  -.48000000E+00  .31465242E+01
  -.44000000E+00  .31407390E+01
  -.40000000E+00  .31349469E+01
  -.36000000E+00  .31291434E+01
  -.32000000E+00  .31233336E+01
  -.28000000E+00  .31175154E+01
  -.24000000E+00  .31116892E+01
  -.20000000E+00  .31058544E+01
  -.16000000E+00  .31000112E+01
  -.12000000E+00  .30941596E+01
  -.80000000E-01  .30883008E+01
  -.40000000E-01  .30824302E+01
   .12351231E-14  .30765532E+01
   .40000000E-01  .30706675E+01
   .80000000E-01  .30647736E+01
   .12000000E+00  .30588708E+01
   .16000000E+00  .30529594E+01
   .20000000E+00  .30470388E+01
   .24000000E+00  .30411117E+01
   .28000000E+00  .30351723E+01
   .32000000E+00  .30292258E+01
   .36000000E+00  .30232707E+01
   .40000000E+00  .30173069E+01
   .44000000E+00  .30113339E+01
   .48000000E+00  .30053518E+01
   .52000000E+00  .29993614E+01
   .56000000E+00  .29933631E+01
   .60000000E+00  .29873524E+01
   .64000000E+00  .29813348E+01
   .68000000E+00  .29753080E+01
   .72000000E+00  .29692720E+01
   .76000000E+00  .29632270E+01
   .80000000E+00  .29571722E+01
   .84000000E+00  .29511089E+01
   .88000000E+00  .29450360E+01
   .92000000E+00  .29389538E+01
   .96000000E+00  .29328626E+01
   .10000000E+01  .29267615E+01
   .10400000E+01  .29206514E+01
   .10800000E+01  .29145316E+01
   .11200000E+01  .29084026E+01
   .11600000E+01  .29022637E+01
   .12000000E+01  .28961156E+01
   .12400000E+01  .28899579E+01
   .12800000E+01  .28837902E+01
   .13200000E+01  .28776131E+01
   .13600000E+01  .28714262E+01
   .14000000E+01  .28652296E+01
   .14400000E+01  .28590233E+01
   .14800000E+01  .28528069E+01
   .15200000E+01  .28465809E+01
   .15600000E+01  .28403449E+01
   .16000000E+01  .28340990E+01
   .16400000E+01  .28278431E+01
   .16800000E+01  .28215771E+01
   .17200000E+01  .28153012E+01
   .17600000E+01  .28090150E+01
   .18000000E+01  .28027188E+01
   .18400000E+01  .27964122E+01
   .18800000E+01  .27900956E+01
   .19200000E+01  .27837686E+01
   .19600000E+01  .27774312E+01
   .20000000E+01  .27710836E+01
Potential  L  =        4.00000    .00000
  -.20000000E+01  .33653733E+01
  -.19600000E+01  .33598715E+01
  -.19200000E+01  .33543595E+01
  -.18800000E+01  .33488411E+01
  -.18400000E+01  .33433152E+01
  -.18000000E+01  .33377830E+01
  -.17600000E+01  .33322432E+01
  -.17200000E+01  .33266951E+01
  -.16800000E+01  .33211403E+01
  -.16400000E+01  .33155787E+01
  -.16000000E+01  .33100091E+01
  -.15600000E+01  .33044333E+01
  -.15200000E+01  .32988488E+01
  -.14800000E+01  .32932554E+01
  -.14400000E+01  .32876555E+01
  -.14000000E+01  .32820483E+01
  -.13600000E+01  .32764339E+01
  -.13200000E+01  .32708116E+01
  -.12800000E+01  .32651810E+01
  -.12400000E+01  .32595431E+01
  -.12000000E+01  .32538981E+01
  -.11600000E+01  .32482450E+01
  -.11200000E+01  .32425854E+01
  -.10800000E+01  .32369152E+01
  -.10400000E+01  .32312386E+01
  -.10000000E+01  .32255541E+01
  -.96000000E+00  .32198619E+01
  -.92000000E+00  .32141619E+01
  -.88000000E+00  .32084536E+01
  -.84000000E+00  .32027375E+01
  -.80000000E+00  .31970152E+01
  -.76000000E+00  .31912812E+01
  -.72000000E+00  .31855413E+01
  -.68000000E+00  .31797929E+01
  -.64000000E+00  .31740366E+01
  -.60000000E+00  .31682725E+01
  -.56000000E+00  .31624997E+01
  -.52000000E+00  .31567189E+01
  -.48000000E+00  .31509297E+01
  -.44000000E+00  .31451322E+01
  -.40000000E+00  .31393265E+01
  -.36000000E+00  .31335133E+01
  -.32000000E+00  .31276906E+01
  -.28000000E+00  .31218601E+01
  -.24000000E+00  .31160210E+01
  -.20000000E+00  .31101736E+01
  -.16000000E+00  .31043177E+01
  -.12000000E+00  .30984527E+01
  -.80000000E-01  .30925798E+01
  -.40000000E-01  .30866981E+01
   .12351231E-14  .30808081E+01
   .40000000E-01  .30749092E+01
   .80000000E-01  .30690018E+01
   .12000000E+00  .30630853E+01
   .16000000E+00  .30571604E+01
   .20000000E+00  .30512283E+01
   .24000000E+00  .30452840E+01
   .28000000E+00  .30393327E+01
   .32000000E+00  .30333724E+01
   .36000000E+00  .30274036E+01
   .40000000E+00  .30214252E+01
   .44000000E+00  .30154384E+01
   .48000000E+00  .30094420E+01
   .52000000E+00  .30034385E+01
   .56000000E+00  .29974224E+01
   .60000000E+00  .29913991E+01
   .64000000E+00  .29853670E+01
   .68000000E+00  .29793254E+01
   .72000000E+00  .29732742E+01
   .76000000E+00  .29672140E+01
   .80000000E+00  .29611444E+01
   .84000000E+00  .29550657E+01
   .88000000E+00  .29489775E+01
   .92000000E+00  .29428801E+01
   .96000000E+00  .29367731E+01
   .10000000E+01  .29306568E+01
   .10400000E+01  .29245306E+01
   .10800000E+01  .29183948E+01
   .11200000E+01  .29122498E+01
   .11600000E+01  .29060950E+01
   .12000000E+01  .28999304E+01
   .12400000E+01  .28937562E+01
   .12800000E+01  .28875726E+01
   .13200000E+01  .28813785E+01
   .13600000E+01  .28751750E+01
   .14000000E+01  .28689616E+01
   .14400000E+01  .28627383E+01
   .14800000E+01  .28565051E+01
   .15200000E+01  .28502616E+01
   .15600000E+01  .28440083E+01
   .16000000E+01  .28377448E+01
   .16400000E+01  .28314715E+01
   .16800000E+01  .28251877E+01
   .17200000E+01  .28188939E+01
   .17600000E+01  .28125897E+01
   .18000000E+01  .28062753E+01
   .18400000E+01  .27999506E+01
   .18800000E+01  .27936155E+01
   .19200000E+01  .27872700E+01
   .19600000E+01  .27809140E+01
   .20000000E+01  .27745475E+01
KBPotential  L  =       .00000  -4.39789
  -.20000000E+01 -.17419475E+01
  -.19600000E+01 -.18867942E+01
  -.19200000E+01 -.20422702E+01
  -.18800000E+01 -.22096611E+01
  -.18400000E+01 -.23904685E+01
  -.18000000E+01 -.25864583E+01
  -.17600000E+01 -.27997207E+01
  -.17200000E+01 -.30327485E+01
  -.16800000E+01 -.32885393E+01
  -.16400000E+01 -.35707296E+01
  -.16000000E+01 -.38837750E+01
  -.15600000E+01 -.42331928E+01
  -.15200000E+01 -.46259036E+01
  -.14800000E+01 -.50706999E+01
  -.14400000E+01 -.55789314E+01
  -.14000000E+01 -.61655044E+01
  -.13600000E+01 -.68503946E+01
  -.13200000E+01 -.76610014E+01
  -.12800000E+01 -.86359508E+01
  -.12400000E+01 -.98315014E+01
  -.12000000E+01 -.11332901E+02
  -.11600000E+01 -.13275823E+02
  -.11200000E+01 -.15890115E+02
  -.10800000E+01 -.19598674E+02
  -.10400000E+01 -.25273991E+02
  -.10000000E+01 -.35051899E+02
  -.96000000E+00 -.55915538E+02
  -.92000000E+00 -.13148153E+03
  -.88000000E+00  .42919046E+03
  -.84000000E+00  .83720889E+02
  -.80000000E+00  .47041326E+02
  -.76000000E+00  .33015397E+02
  -.72000000E+00  .25605162E+02
  -.68000000E+00  .21021197E+02
  -.64000000E+00  .17904165E+02
  -.60000000E+00  .15646001E+02
  -.56000000E+00  .13933908E+02
  -.52000000E+00  .12590534E+02
  -.48000000E+00  .11507822E+02
  -.44000000E+00  .10616178E+02
  -.40000000E+00  .98687562E+01
  -.36000000E+00  .92328657E+01
  -.32000000E+00  .86850001E+01
  -.28000000E+00  .82078237E+01
  -.24000000E+00  .77882713E+01
  -.20000000E+00  .74163093E+01
  -.16000000E+00  .70841049E+01
  -.12000000E+00  .67854539E+01
  -.80000000E-01  .65153782E+01
  -.40000000E-01  .62698374E+01
   .12351231E-14  .60455177E+01
   .40000000E-01  .58396759E+01
   .80000000E-01  .56500214E+01
   .12000000E+00  .54746264E+01
   .16000000E+00  .53118574E+01
   .20000000E+00  .51603203E+01
   .24000000E+00  .50188189E+01
   .28000000E+00  .48863202E+01
   .32000000E+00  .47619281E+01
   .36000000E+00  .46448611E+01
   .40000000E+00  .45344349E+01
   .44000000E+00  .44300470E+01
   .48000000E+00  .43311658E+01
   .52000000E+00  .42373196E+01
   .56000000E+00  .41480892E+01
   .60000000E+00  .40630999E+01
   .64000000E+00  .39820166E+01
   .68000000E+00  .39045380E+01
   .72000000E+00  .38303930E+01
   .76000000E+00  .37593367E+01
   .80000000E+00  .36911472E+01
   .84000000E+00  .36256233E+01
   .88000000E+00  .35625819E+01
   .92000000E+00  .35018561E+01
   .96000000E+00  .34432934E+01
   .10000000E+01  .33862924E+01
   .10400000E+01  .33316529E+01
   .10800000E+01  .32787910E+01
   .11200000E+01  .32275982E+01
   .11600000E+01  .31779747E+01
   .12000000E+01  .31298282E+01
   .12400000E+01  .30830735E+01
   .12800000E+01  .30376314E+01
   .13200000E+01  .29934286E+01
   .13600000E+01  .29503969E+01
   .14000000E+01  .29084729E+01
   .14400000E+01  .28675976E+01
   .14800000E+01  .28277157E+01
   .15200000E+01  .27887759E+01
   .15600000E+01  .27507300E+01
   .16000000E+01  .27135329E+01
   .16400000E+01  .26771424E+01
   .16800000E+01  .26415190E+01
   .17200000E+01  .26066253E+01
   .17600000E+01  .25724264E+01
   .18000000E+01  .25388894E+01
   .18400000E+01  .25059832E+01
   .18800000E+01  .24736787E+01
   .19200000E+01  .24419482E+01
   .19600000E+01  .24107657E+01
   .20000000E+01  .23801065E+01
KBPotential  L  =      1.00000  -1.64670
  -.20000000E+01  .69736412E+00
  -.19600000E+01  .66747285E+00
  -.19200000E+01  .63682541E+00
  -.18800000E+01  .60538349E+00
  -.18400000E+01  .57310610E+00
  -.18000000E+01  .53994931E+00
  -.17600000E+01  .50586601E+00
  -.17200000E+01  .47080556E+00
  -.16800000E+01  .43471352E+00
  -.16400000E+01  .39753124E+00
  -.16000000E+01  .35919547E+00
  -.15600000E+01  .31963788E+00
  -.15200000E+01  .27878454E+00
  -.14800000E+01  .23655536E+00
  -.14400000E+01  .19286339E+00
  -.14000000E+01  .14761412E+00
  -.13600000E+01  .10070458E+00
  -.13200000E+01  .52022433E-01
  -.12800000E+01  .14448348E-02
  -.12400000E+01 -.51162804E-01
  -.12000000E+01 -.10594826E+00
  -.11600000E+01 -.16307415E+00
  -.11200000E+01 -.22271985E+00
  -.10800000E+01 -.28508373E+00
  -.10400000E+01 -.35038567E+00
  -.10000000E+01 -.41887017E+00
  -.96000000E+00 -.49080980E+00
  -.92000000E+00 -.56650937E+00
  -.88000000E+00 -.64631089E+00
  -.84000000E+00 -.73059938E+00
  -.80000000E+00 -.81980987E+00
  -.76000000E+00 -.91443581E+00
  -.72000000E+00 -.10150392E+01
  -.68000000E+00 -.11222628E+01
  -.64000000E+00 -.12368456E+01
  -.60000000E+00 -.13596409E+01
  -.56000000E+00 -.14916400E+01
  -.52000000E+00 -.16340006E+01
  -.48000000E+00 -.17880838E+01
  -.44000000E+00 -.19555005E+01
  -.40000000E+00 -.21381717E+01
  -.36000000E+00 -.23384064E+01
  -.32000000E+00 -.25590058E+01
  -.28000000E+00 -.28034005E+01
  -.24000000E+00 -.30758389E+01
  -.20000000E+00 -.33816461E+01
  -.16000000E+00 -.37275874E+01
  -.12000000E+00 -.41223915E+01
  -.80000000E-01 -.45775178E+01
  -.40000000E-01 -.51083151E+01
   .12351231E-14 -.57358250E+01
   .40000000E-01 -.64896904E+01
   .80000000E-01 -.74130514E+01
   .12000000E+00 -.85712138E+01
   .16000000E+00 -.10067983E+02
   .20000000E+00 -.12078943E+02
   .24000000E+00 -.14926452E+02
   .28000000E+00 -.19273545E+02
   .32000000E+00 -.26735562E+02
   .36000000E+00 -.42547722E+02
   .40000000E+00 -.98622690E+02
   .44000000E+00  .36675542E+03
   .48000000E+00  .66084702E+02
   .52000000E+00  .36886838E+02
   .56000000E+00  .25846153E+02
   .60000000E+00  .20039471E+02
   .64000000E+00  .16455862E+02
   .68000000E+00  .14022233E+02
   .72000000E+00  .12260411E+02
   .76000000E+00  .10925050E+02
   .80000000E+00  .98773044E+01
   .84000000E+00  .90326951E+01
   .88000000E+00  .83368751E+01
   .92000000E+00  .77532937E+01
   .96000000E+00  .72564634E+01
   .10000000E+01  .68280687E+01
   .10400000E+01  .64546092E+01
   .10800000E+01  .61259146E+01
   .11200000E+01  .58341778E+01
   .11600000E+01  .55733061E+01
   .12000000E+01  .53384750E+01
   .12400000E+01  .51258146E+01
   .12800000E+01  .49321846E+01
   .13200000E+01  .47550101E+01
   .13600000E+01  .45921597E+01
   .14000000E+01  .44418542E+01
   .14400000E+01  .43025966E+01
   .14800000E+01  .41731182E+01
   .15200000E+01  .40523366E+01
   .15600000E+01  .39393231E+01
   .16000000E+01  .38332759E+01
   .16400000E+01  .37334994E+01
   .16800000E+01  .36393870E+01
   .17200000E+01  .35504075E+01
   .17600000E+01  .34660936E+01
   .18000000E+01  .33860325E+01
   .18400000E+01  .33098584E+01
   .18800000E+01  .32372458E+01
   .19200000E+01  .31679040E+01
   .19600000E+01  .31015730E+01
   .20000000E+01  .30380191E+01
KBPotential  L  =      2.00000    .00000
  -.20000000E+01  .19688207E+01
  -.19600000E+01  .19595503E+01
  -.19200000E+01  .19502475E+01
  -.18800000E+01  .19409120E+01
  -.18400000E+01  .19315435E+01
  -.18000000E+01  .19221417E+01
  -.17600000E+01  .19127063E+01
  -.17200000E+01  .19032371E+01
  -.16800000E+01  .18937336E+01
  -.16400000E+01  .18841957E+01
  -.16000000E+01  .18746230E+01
  -.15600000E+01  .18650152E+01
  -.15200000E+01  .18553719E+01
  -.14800000E+01  .18456929E+01
  -.14400000E+01  .18359779E+01
  -.14000000E+01  .18262265E+01
  -.13600000E+01  .18164383E+01
  -.13200000E+01  .18066131E+01
  -.12800000E+01  .17967505E+01
  -.12400000E+01  .17868501E+01
  -.12000000E+01  .17769117E+01
  -.11600000E+01  .17669348E+01
  -.11200000E+01  .17569191E+01
  -.10800000E+01  .17468642E+01
  -.10400000E+01  .17367697E+01
  -.10000000E+01  .17266353E+01
  -.96000000E+00  .17164606E+01
  -.92000000E+00  .17062453E+01
  -.88000000E+00  .16959888E+01
  -.84000000E+00  .16856909E+01
  -.80000000E+00  .16753511E+01
  -.76000000E+00  .16649689E+01
  -.72000000E+00  .16545441E+01
  -.68000000E+00  .16440762E+01
  -.64000000E+00  .16335647E+01
  -.60000000E+00  .16230092E+01
  -.56000000E+00  .16124093E+01
  -.52000000E+00  .16017646E+01
  -.48000000E+00  .15910745E+01
  -.44000000E+00  .15803387E+01
  -.40000000E+00  .15695566E+01
  -.36000000E+00  .15587278E+01
  -.32000000E+00  .15478518E+01
  -.28000000E+00  .15369282E+01
  -.24000000E+00  .15259564E+01
  -.20000000E+00  .15149359E+01
  -.16000000E+00  .15038663E+01
  -.12000000E+00  .14927469E+01
  -.80000000E-01  .14815774E+01
  -.40000000E-01  .14703571E+01
   .12351231E-14  .14590856E+01
   .40000000E-01  .14477622E+01
   .80000000E-01  .14363865E+01
   .12000000E+00  .14249578E+01
   .16000000E+00  .14134756E+01
   .20000000E+00  .14019393E+01
   .24000000E+00  .13903484E+01
   .28000000E+00  .13787021E+01
   .32000000E+00  .13670000E+01
   .36000000E+00  .13552413E+01
   .40000000E+00  .13434255E+01
   .44000000E+00  .13315519E+01
   .48000000E+00  .13196199E+01
   .52000000E+00  .13076288E+01
   .56000000E+00  .12955780E+01
   .60000000E+00  .12834667E+01
   .64000000E+00  .12712942E+01
   .68000000E+00  .12590600E+01
   .72000000E+00  .12467632E+01
   .76000000E+00  .12344031E+01
   .80000000E+00  .12219790E+01
   .84000000E+00  .12094902E+01
   .88000000E+00  .11969358E+01
   .92000000E+00  .11843151E+01
   .96000000E+00  .11716273E+01
   .10000000E+01  .11588716E+01
   .10400000E+01  .11460472E+01
   .10800000E+01  .11331533E+01
   .11200000E+01  .11201889E+01
   .11600000E+01  .11071534E+01
   .12000000E+01  .10940457E+01
   .12400000E+01  .10808649E+01
   .12800000E+01  .10676103E+01
   .13200000E+01  .10542808E+01
   .13600000E+01  .10408755E+01
   .14000000E+01  .10273935E+01
   .14400000E+01  .10138338E+01
   .14800000E+01  .10001954E+01
   .15200000E+01  .98647731E+00
   .15600000E+01  .97267847E+00
   .16000000E+01  .95879787E+00
   .16400000E+01  .94483442E+00
   .16800000E+01  .93078706E+00
   .17200000E+01  .91665467E+00
   .17600000E+01  .90243614E+00
   .18000000E+01  .88813033E+00
   .18400000E+01  .87373605E+00
   .18800000E+01  .85925214E+00
   .19200000E+01  .84467737E+00
   .19600000E+01  .83001051E+00
   .20000000E+01  .81525031E+00
KBPotential  L  =      3.00000    .00000
  -.20000000E+01  .26845256E+01
  -.19600000E+01  .26776834E+01
  -.19200000E+01  .26708275E+01
  -.18800000E+01  .26639580E+01
  -.18400000E+01  .26570748E+01
  -.18000000E+01  .26501777E+01
  -.17600000E+01  .26432668E+01
  -.17200000E+01  .26363419E+01
  -.16800000E+01  .26294030E+01
  -.16400000E+01  .26224500E+01
  -.16000000E+01  .26154828E+01
  -.15600000E+01  .26085014E+01
  -.15200000E+01  .26015056E+01
  -.14800000E+01  .25944955E+01
  -.14400000E+01  .25874709E+01
  -.14000000E+01  .25804317E+01
  -.13600000E+01  .25733779E+01
  -.13200000E+01  .25663094E+01
  -.12800000E+01  .25592262E+01
  -.12400000E+01  .25521280E+01
  -.12000000E+01  .25450149E+01
  -.11600000E+01  .25378869E+01
  -.11200000E+01  .25307437E+01
  -.10800000E+01  .25235853E+01
  -.10400000E+01  .25164116E+01
  -.10000000E+01  .25092226E+01
  -.96000000E+00  .25020182E+01
  -.92000000E+00  .24947983E+01
  -.88000000E+00  .24875627E+01
  -.84000000E+00  .24803115E+01
  -.80000000E+00  .24730445E+01
  -.76000000E+00  .24657616E+01
  -.72000000E+00  .24584628E+01
  -.68000000E+00  .24511480E+01
  -.64000000E+00  .24438170E+01
  -.60000000E+00  .24364698E+01
  -.56000000E+00  .24291063E+01
  -.52000000E+00  .24217264E+01
  -.48000000E+00  .24143300E+01
  -.44000000E+00  .24069170E+01
  -.40000000E+00  .23994873E+01
  -.36000000E+00  .23920409E+01
  -.32000000E+00  .23845776E+01
  -.28000000E+00  .23770974E+01
  -.24000000E+00  .23696000E+01
  -.20000000E+00  .23620855E+01
  -.16000000E+00  .23545538E+01
  -.12000000E+00  .23470047E+01
  -.80000000E-01  .23394381E+01
  -.40000000E-01  .23318540E+01
   .12351231E-14  .23242522E+01
   .40000000E-01  .23166327E+01
   .80000000E-01  .23089952E+01
   .12000000E+00  .23013398E+01
   .16000000E+00  .22936664E+01
   .20000000E+00  .22859747E+01
   .24000000E+00  .22782647E+01
   .28000000E+00  .22705364E+01
   .32000000E+00  .22627895E+01
   .36000000E+00  .22550240E+01
   .40000000E+00  .22472398E+01
   .44000000E+00  .22394367E+01
   .48000000E+00  .22316147E+01
   .52000000E+00  .22237735E+01
   .56000000E+00  .22159132E+01
   .60000000E+00  .22080336E+01
   .64000000E+00  .22001346E+01
   .68000000E+00  .21922160E+01
   .72000000E+00  .21842777E+01
   .76000000E+00  .21763197E+01
   .80000000E+00  .21683418E+01
   .84000000E+00  .21603438E+01
   .88000000E+00  .21523257E+01
   .92000000E+00  .21442873E+01
   .96000000E+00  .21362285E+01
   .10000000E+01  .21281491E+01
   .10400000E+01  .21200491E+01
   .10800000E+01  .21119283E+01
   .11200000E+01  .21037866E+01
   .11600000E+01  .20956238E+01
   .12000000E+01  .20874399E+01
   .12400000E+01  .20792346E+01
   .12800000E+01  .20710078E+01
   .13200000E+01  .20627595E+01
   .13600000E+01  .20544894E+01
   .14000000E+01  .20461974E+01
   .14400000E+01  .20378834E+01
   .14800000E+01  .20295473E+01
   .15200000E+01  .20211889E+01
   .15600000E+01  .20128080E+01
   .16000000E+01  .20044045E+01
   .16400000E+01  .19959782E+01
   .16800000E+01  .19875291E+01
   .17200000E+01  .19790569E+01
   .17600000E+01  .19705615E+01
   .18000000E+01  .19620428E+01
   .18400000E+01  .19535006E+01
   .18800000E+01  .19449347E+01
   .19200000E+01  .19363449E+01
   .19600000E+01  .19277312E+01
   .20000000E+01  .19190934E+01
KBPotential  L  =      4.00000    .00000
  -.20000000E+01  .33653733E+01
  -.19600000E+01  .33598715E+01
  -.19200000E+01  .33543595E+01
  -.18800000E+01  .33488411E+01
  -.18400000E+01  .33433152E+01
  -.18000000E+01  .33377830E+01
  -.17600000E+01  .33322432E+01
  -.17200000E+01  .33266951E+01
  -.16800000E+01  .33211403E+01
  -.16400000E+01  .33155787E+01
  -.16000000E+01  .33100091E+01
  -.15600000E+01  .33044333E+01
  -.15200000E+01  .32988488E+01
  -.14800000E+01  .32932554E+01
  -.14400000E+01  .32876555E+01
  -.14000000E+01  .32820483E+01
  -.13600000E+01  .32764339E+01
  -.13200000E+01  .32708116E+01
  -.12800000E+01  .32651810E+01
  -.12400000E+01  .32595431E+01
  -.12000000E+01  .32538981E+01
  -.11600000E+01  .32482450E+01
  -.11200000E+01  .32425854E+01
  -.10800000E+01  .32369152E+01
  -.10400000E+01  .32312386E+01
  -.10000000E+01  .32255541E+01
  -.96000000E+00  .32198619E+01
  -.92000000E+00  .32141619E+01
  -.88000000E+00  .32084536E+01
  -.84000000E+00  .32027375E+01
  -.80000000E+00  .31970152E+01
  -.76000000E+00  .31912812E+01
  -.72000000E+00  .31855413E+01
  -.68000000E+00  .31797929E+01
  -.64000000E+00  .31740366E+01
  -.60000000E+00  .31682725E+01
  -.56000000E+00  .31624997E+01
  -.52000000E+00  .31567189E+01
  -.48000000E+00  .31509297E+01
  -.44000000E+00  .31451322E+01
  -.40000000E+00  .31393265E+01
  -.36000000E+00  .31335133E+01
  -.32000000E+00  .31276906E+01
  -.28000000E+00  .31218601E+01
  -.24000000E+00  .31160210E+01
  -.20000000E+00  .31101736E+01
  -.16000000E+00  .31043177E+01
  -.12000000E+00  .30984527E+01
  -.80000000E-01  .30925798E+01
  -.40000000E-01  .30866981E+01
   .12351231E-14  .30808081E+01
   .40000000E-01  .30749092E+01
   .80000000E-01  .30690018E+01
   .12000000E+00  .30630853E+01
   .16000000E+00  .30571604E+01
   .20000000E+00  .30512283E+01
   .24000000E+00  .30452840E+01
   .28000000E+00  .30393327E+01
   .32000000E+00  .30333724E+01
   .36000000E+00  .30274036E+01
   .40000000E+00  .30214252E+01
   .44000000E+00  .30154384E+01
   .48000000E+00  .30094420E+01
   .52000000E+00  .30034385E+01
   .56000000E+00  .29974224E+01
   .60000000E+00  .29913991E+01
   .64000000E+00  .29853670E+01
   .68000000E+00  .29793254E+01
   .72000000E+00  .29732742E+01
   .76000000E+00  .29672140E+01
   .80000000E+00  .29611444E+01
   .84000000E+00  .29550657E+01
   .88000000E+00  .29489775E+01
   .92000000E+00  .29428801E+01
   .96000000E+00  .29367731E+01
   .10000000E+01  .29306568E+01
   .10400000E+01  .29245306E+01
   .10800000E+01  .29183948E+01
   .11200000E+01  .29122498E+01
   .11600000E+01  .29060950E+01
   .12000000E+01  .28999304E+01
   .12400000E+01  .28937562E+01
   .12800000E+01  .28875726E+01
   .13200000E+01  .28813785E+01
   .13600000E+01  .28751750E+01
   .14000000E+01  .28689616E+01
   .14400000E+01  .28627383E+01
   .14800000E+01  .28565051E+01
   .15200000E+01  .28502616E+01
   .15600000E+01  .28440083E+01
   .16000000E+01  .28377448E+01
   .16400000E+01  .28314715E+01
   .16800000E+01  .28251877E+01
   .17200000E+01  .28188939E+01
   .17600000E+01  .28125897E+01
   .18000000E+01  .28062753E+01
   .18400000E+01  .27999506E+01
   .18800000E+01  .27936155E+01
   .19200000E+01  .27872700E+01
   .19600000E+01  .27809140E+01
   .20000000E+01  .27745475E+01
