Pb:                                     
   16  82.   .002000 207.20000 125.   .50E-04 .100  400FCA 68.00000
   .7  1.0   0
  1.0   .0   .5-6427.7902 2.0000
  2.0   .0   .5-1150.7256 2.0000
  2.0  1.0  1.5 -988.5553 6.0000
  3.0   .0   .5 -276.3997 2.0000
  3.0  1.0  1.5 -229.8251 6.0000
  3.0  2.0  2.5 -182.214910.0000
  4.0   .0   .5  -62.5260 2.0000
  4.0  1.0  1.5  -47.2328 6.0000
  4.0  2.0  2.5  -29.496610.0000
  4.0  3.0  3.5   -9.827914.0000
  5.0   .0   .5  -10.5584 2.0000
  5.0  1.0  1.5   -6.2971 6.0000
  5.0  2.0  2.5   -1.568710.0000
  6.0   .0   .5    -.9014 2.0000
  6.0  1.0  1.5    -.2726 2.0000
  5.0  3.0  2.5    -.2000  .0000
