Pr : [core=Xe4]                         
   1459.00   .002000 140.90700 125.   .10E-04 .080  400F91 48.00000
   .7  1.0   0
  1.0   .0   .5-3057.4240 2.0000
  2.0   .0   .5 -492.8283 2.0000
  2.0  1.0  1.5 -441.4861 6.0000
  3.0   .0   .5 -106.8258 2.0000
  3.0  1.0  1.5  -90.5116 6.0000
  3.0  2.0  2.5  -67.527310.0000
  4.0   .0   .5  -21.6301 2.0000
  4.0  1.0  1.5  -16.2761 6.0000
  4.0  2.0  2.5   -8.592210.0000
  4.0  3.0  2.5    -.4734 2.0000
  5.0   .0   .5   -3.0920 2.0000
  6.0   .0   .5    -.2824 2.0000
  5.0  1.0  1.5   -1.7616 6.0000
  5.0  2.0  2.5    -.2249 1.0000
