  PAW F_s                                
 100
Core Pot   L  =         .00000  -2.17716
  -.20000000E+01 -.22159727E+01
  -.19600000E+01 -.25382895E+01
  -.19200000E+01 -.29150774E+01
  -.18800000E+01 -.33619018E+01
  -.18400000E+01 -.39008872E+01
  -.18000000E+01 -.45645785E+01
  -.17600000E+01 -.54028953E+01
  -.17200000E+01 -.64965119E+01
  -.16800000E+01 -.79848551E+01
  -.16400000E+01 -.10131493E+02
  -.16000000E+01 -.13501859E+02
  -.15600000E+01 -.19568803E+02
  -.15200000E+01 -.33752482E+02
  -.14800000E+01 -.10549397E+03
  -.14400000E+01  .10545485E+03
  -.14000000E+01  .36523280E+02
  -.13600000E+01  .22564210E+02
  -.13200000E+01  .16558976E+02
  -.12800000E+01  .13213809E+02
  -.12400000E+01  .11079718E+02
  -.12000000E+01  .95983709E+01
  -.11600000E+01  .85089159E+01
  -.11200000E+01  .76731465E+01
  -.10800000E+01  .70110023E+01
  -.10400000E+01  .64729004E+01
  -.10000000E+01  .60264928E+01
  -.96000000E+00  .56497764E+01
  -.92000000E+00  .53272639E+01
  -.88000000E+00  .50477381E+01
  -.84000000E+00  .48028749E+01
  -.80000000E+00  .45863674E+01
  -.76000000E+00  .43933494E+01
  -.72000000E+00  .42200064E+01
  -.68000000E+00  .40633060E+01
  -.64000000E+00  .39208071E+01
  -.60000000E+00  .37905226E+01
  -.56000000E+00  .36708185E+01
  -.52000000E+00  .35603387E+01
  -.48000000E+00  .34579484E+01
  -.44000000E+00  .33626908E+01
  -.40000000E+00  .32737531E+01
  -.36000000E+00  .31904410E+01
  -.32000000E+00  .31121573E+01
  -.28000000E+00  .30383858E+01
  -.24000000E+00  .29686780E+01
  -.20000000E+00  .29026420E+01
  -.16000000E+00  .28399344E+01
  -.12000000E+00  .27802525E+01
  -.80000000E-01  .27233287E+01
  -.40000000E-01  .26689256E+01
   .12351231E-14  .26168315E+01
   .40000000E-01  .25668575E+01
   .80000000E-01  .25188341E+01
   .12000000E+00  .24726089E+01
   .16000000E+00  .24280447E+01
   .20000000E+00  .23850171E+01
   .24000000E+00  .23434136E+01
   .28000000E+00  .23031321E+01
   .32000000E+00  .22640793E+01
   .36000000E+00  .22261704E+01
   .40000000E+00  .21893274E+01
   .44000000E+00  .21534793E+01
   .48000000E+00  .21185606E+01
   .52000000E+00  .20845112E+01
   .56000000E+00  .20512754E+01
   .60000000E+00  .20188022E+01
   .64000000E+00  .19870442E+01
   .68000000E+00  .19559574E+01
   .72000000E+00  .19255012E+01
   .76000000E+00  .18956378E+01
   .80000000E+00  .18663319E+01
   .84000000E+00  .18375507E+01
   .88000000E+00  .18092636E+01
   .92000000E+00  .17814421E+01
   .96000000E+00  .17540592E+01
   .10000000E+01  .17270900E+01
   .10400000E+01  .17005110E+01
   .10800000E+01  .16742999E+01
   .11200000E+01  .16484360E+01
   .11600000E+01  .16228998E+01
   .12000000E+01  .15976728E+01
   .12400000E+01  .15727376E+01
   .12800000E+01  .15480777E+01
   .13200000E+01  .15236776E+01
   .13600000E+01  .14995225E+01
   .14000000E+01  .14755985E+01
   .14400000E+01  .14518924E+01
   .14800000E+01  .14283915E+01
   .15200000E+01  .14050839E+01
   .15600000E+01  .13819583E+01
   .16000000E+01  .13590036E+01
   .16400000E+01  .13362098E+01
   .16800000E+01  .13135667E+01
   .17200000E+01  .12910650E+01
   .17600000E+01  .12686958E+01
   .18000000E+01  .12464502E+01
   .18400000E+01  .12243201E+01
   .18800000E+01  .12022974E+01
   .19200000E+01  .11803746E+01
   .19600000E+01  .11585443E+01
   .20000000E+01  .11367995E+01
Potential  L  =         .00000  -2.17716
  -.20000000E+01 -.22863684E+01
  -.19600000E+01 -.26416400E+01
  -.19200000E+01 -.30637718E+01
  -.18800000E+01 -.35742439E+01
  -.18400000E+01 -.42048475E+01
  -.18000000E+01 -.50047154E+01
  -.17600000E+01 -.60540146E+01
  -.17200000E+01 -.74930440E+01
  -.16800000E+01 -.95916258E+01
  -.16400000E+01 -.12943427E+02
  -.16000000E+01 -.19160088E+02
  -.15600000E+01 -.34690323E+02
  -.15200000E+01 -.14350562E+03
  -.14800000E+01  .73802761E+02
  -.14400000E+01  .30421350E+02
  -.14000000E+01  .19560774E+02
  -.13600000E+01  .14617352E+02
  -.13200000E+01  .11787655E+02
  -.12800000E+01  .99527463E+01
  -.12400000E+01  .86649893E+01
  -.12000000E+01  .77102800E+01
  -.11600000E+01  .69733241E+01
  -.11200000E+01  .63865323E+01
  -.10800000E+01  .59076596E+01
  -.10400000E+01  .55089442E+01
  -.10000000E+01  .51713896E+01
  -.96000000E+00  .48815623E+01
  -.92000000E+00  .46296881E+01
  -.88000000E+00  .44084896E+01
  -.84000000E+00  .42124345E+01
  -.80000000E+00  .40372468E+01
  -.76000000E+00  .38795631E+01
  -.72000000E+00  .37367050E+01
  -.68000000E+00  .36065124E+01
  -.64000000E+00  .34872239E+01
  -.60000000E+00  .33773885E+01
  -.56000000E+00  .32758008E+01
  -.52000000E+00  .31814504E+01
  -.48000000E+00  .30934844E+01
  -.44000000E+00  .30111777E+01
  -.40000000E+00  .29339100E+01
  -.36000000E+00  .28611474E+01
  -.32000000E+00  .27924278E+01
  -.28000000E+00  .27273495E+01
  -.24000000E+00  .26655611E+01
  -.20000000E+00  .26067546E+01
  -.16000000E+00  .25506581E+01
  -.12000000E+00  .24970312E+01
  -.80000000E-01  .24456602E+01
  -.40000000E-01  .23963548E+01
   .12351231E-14  .23489448E+01
   .40000000E-01  .23032774E+01
   .80000000E-01  .22592151E+01
   .12000000E+00  .22166340E+01
   .16000000E+00  .21754220E+01
   .20000000E+00  .21354772E+01
   .24000000E+00  .20967071E+01
   .28000000E+00  .20590275E+01
   .32000000E+00  .20223613E+01
   .36000000E+00  .19866380E+01
   .40000000E+00  .19517930E+01
   .44000000E+00  .19177667E+01
   .48000000E+00  .18845045E+01
   .52000000E+00  .18519557E+01
   .56000000E+00  .18200739E+01
   .60000000E+00  .17888156E+01
   .64000000E+00  .17581408E+01
   .68000000E+00  .17280123E+01
   .72000000E+00  .16983953E+01
   .76000000E+00  .16692576E+01
   .80000000E+00  .16405690E+01
   .84000000E+00  .16123014E+01
   .88000000E+00  .15844282E+01
   .92000000E+00  .15569248E+01
   .96000000E+00  .15297679E+01
   .10000000E+01  .15029358E+01
   .10400000E+01  .14764077E+01
   .10800000E+01  .14501643E+01
   .11200000E+01  .14241874E+01
   .11600000E+01  .13984596E+01
   .12000000E+01  .13729644E+01
   .12400000E+01  .13476866E+01
   .12800000E+01  .13226111E+01
   .13200000E+01  .12977242E+01
   .13600000E+01  .12730124E+01
   .14000000E+01  .12484630E+01
   .14400000E+01  .12240640E+01
   .14800000E+01  .11998038E+01
   .15200000E+01  .11756713E+01
   .15600000E+01  .11516560E+01
   .16000000E+01  .11277476E+01
   .16400000E+01  .11039365E+01
   .16800000E+01  .10802133E+01
   .17200000E+01  .10565689E+01
   .17600000E+01  .10329946E+01
   .18000000E+01  .10094821E+01
   .18400000E+01  .98602329E+00
   .18800000E+01  .96261025E+00
   .19200000E+01  .93923541E+00
   .19600000E+01  .91589140E+00
   .20000000E+01  .89257104E+00
Core Pot   L  =        1.00000   -.83017
  -.20000000E+01  .88880515E+00
  -.19600000E+01  .86013264E+00
  -.19200000E+01  .83059438E+00
  -.18800000E+01  .80013501E+00
  -.18400000E+01  .76869418E+00
  -.18000000E+01  .73620601E+00
  -.17600000E+01  .70259842E+00
  -.17200000E+01  .66779241E+00
  -.16800000E+01  .63170116E+00
  -.16400000E+01  .59422907E+00
  -.16000000E+01  .55527064E+00
  -.15600000E+01  .51470908E+00
  -.15200000E+01  .47241481E+00
  -.14800000E+01  .42824365E+00
  -.14400000E+01  .38203469E+00
  -.14000000E+01  .33360779E+00
  -.13600000E+01  .28276060E+00
  -.13200000E+01  .22926507E+00
  -.12800000E+01  .17286317E+00
  -.12400000E+01  .11326181E+00
  -.12000000E+01  .50126714E-01
  -.11600000E+01 -.16925154E-01
  -.11200000E+01 -.88334779E-01
  -.10800000E+01 -.16461251E+00
  -.10400000E+01 -.24635226E+00
  -.10000000E+01 -.33424935E+00
  -.96000000E+00 -.42912313E+00
  -.92000000E+00 -.53194596E+00
  -.88000000E+00 -.64388063E+00
  -.84000000E+00 -.76632949E+00
  -.80000000E+00 -.90099940E+00
  -.76000000E+00 -.10499892E+01
  -.72000000E+00 -.12159093E+01
  -.68000000E+00 -.14020471E+01
  -.64000000E+00 -.16126025E+01
  -.60000000E+00 -.18530276E+01
  -.56000000E+00 -.21305313E+01
  -.52000000E+00 -.24548484E+01
  -.48000000E+00 -.28394532E+01
  -.44000000E+00 -.33035450E+01
  -.40000000E+00 -.38754507E+01
  -.36000000E+00 -.45987802E+01
  -.32000000E+00 -.55443414E+01
  -.28000000E+00 -.68352593E+01
  -.24000000E+00 -.87062426E+01
  -.20000000E+00 -.11667019E+02
  -.16000000E+00 -.17072038E+02
  -.12000000E+00 -.30108087E+02
  -.80000000E-01 -.10611156E+03
  -.40000000E-01  .77113969E+02
   .12351231E-14  .29314676E+02
   .40000000E-01  .18470177E+02
   .80000000E-01  .13667081E+02
   .12000000E+00  .10953537E+02
   .16000000E+00  .92073675E+01
   .20000000E+00  .79879184E+01
   .24000000E+00  .70868771E+01
   .28000000E+00  .63929753E+01
   .32000000E+00  .58413723E+01
   .36000000E+00  .53917271E+01
   .40000000E+00  .50176257E+01
   .44000000E+00  .47010484E+01
   .48000000E+00  .44292805E+01
   .52000000E+00  .41930940E+01
   .56000000E+00  .39856290E+01
   .60000000E+00  .38016796E+01
   .64000000E+00  .36372240E+01
   .68000000E+00  .34891058E+01
   .72000000E+00  .33548129E+01
   .76000000E+00  .32323214E+01
   .80000000E+00  .31199822E+01
   .84000000E+00  .30164381E+01
   .88000000E+00  .29205619E+01
   .92000000E+00  .28314098E+01
   .96000000E+00  .27481854E+01
   .10000000E+01  .26702118E+01
   .10400000E+01  .25969104E+01
   .10800000E+01  .25277833E+01
   .11200000E+01  .24623998E+01
   .11600000E+01  .24003855E+01
   .12000000E+01  .23414133E+01
   .12400000E+01  .22851959E+01
   .12800000E+01  .22314805E+01
   .13200000E+01  .21800431E+01
   .13600000E+01  .21306849E+01
   .14000000E+01  .20832288E+01
   .14400000E+01  .20375163E+01
   .14800000E+01  .19934053E+01
   .15200000E+01  .19507680E+01
   .15600000E+01  .19094889E+01
   .16000000E+01  .18694638E+01
   .16400000E+01  .18305979E+01
   .16800000E+01  .17928052E+01
   .17200000E+01  .17560071E+01
   .17600000E+01  .17201320E+01
   .18000000E+01  .16851143E+01
   .18400000E+01  .16508937E+01
   .18800000E+01  .16174149E+01
   .19200000E+01  .15846268E+01
   .19600000E+01  .15524823E+01
   .20000000E+01  .15209380E+01
Potential  L  =        1.00000   -.83017
  -.20000000E+01  .43417188E+00
  -.19600000E+01  .40480948E+00
  -.19200000E+01  .37486596E+00
  -.18800000E+01  .34431887E+00
  -.18400000E+01  .31314454E+00
  -.18000000E+01  .28131803E+00
  -.17600000E+01  .24881302E+00
  -.17200000E+01  .21560173E+00
  -.16800000E+01  .18165481E+00
  -.16400000E+01  .14694121E+00
  -.16000000E+01  .11142810E+00
  -.15600000E+01  .75080681E-01
  -.15200000E+01  .37862081E-01
  -.14800000E+01 -.26682132E-03
  -.14400000E+01 -.39347569E-01
  -.14000000E+01 -.79424314E-01
  -.13600000E+01 -.12054403E+00
  -.13200000E+01 -.16275675E+00
  -.12800000E+01 -.20611579E+00
  -.12400000E+01 -.25067806E+00
  -.12000000E+01 -.29650436E+00
  -.11600000E+01 -.34365968E+00
  -.11200000E+01 -.39221366E+00
  -.10800000E+01 -.44224092E+00
  -.10400000E+01 -.49382154E+00
  -.10000000E+01 -.54704162E+00
  -.96000000E+00 -.60199378E+00
  -.92000000E+00 -.65877786E+00
  -.88000000E+00 -.71750157E+00
  -.84000000E+00 -.77828136E+00
  -.80000000E+00 -.84124324E+00
  -.76000000E+00 -.90652385E+00
  -.72000000E+00 -.97427159E+00
  -.68000000E+00 -.10446479E+01
  -.64000000E+00 -.11178287E+01
  -.60000000E+00 -.11940062E+01
  -.56000000E+00 -.12733905E+01
  -.52000000E+00 -.13562121E+01
  -.48000000E+00 -.14427243E+01
  -.44000000E+00 -.15332060E+01
  -.40000000E+00 -.16279651E+01
  -.36000000E+00 -.17273423E+01
  -.32000000E+00 -.18317158E+01
  -.28000000E+00 -.19415063E+01
  -.24000000E+00 -.20571834E+01
  -.20000000E+00 -.21792728E+01
  -.16000000E+00 -.23083650E+01
  -.12000000E+00 -.24451254E+01
  -.80000000E-01 -.25903069E+01
  -.40000000E-01 -.27447646E+01
   .12351231E-14 -.29094736E+01
   .40000000E-01 -.30855513E+01
   .80000000E-01 -.32742836E+01
   .12000000E+00 -.34771588E+01
   .16000000E+00 -.36959082E+01
   .20000000E+00 -.39325583E+01
   .24000000E+00 -.41894967E+01
   .28000000E+00 -.44695557E+01
   .32000000E+00 -.47761213E+01
   .36000000E+00 -.51132755E+01
   .40000000E+00 -.54859845E+01
   .44000000E+00 -.59003524E+01
   .48000000E+00 -.63639661E+01
   .52000000E+00 -.68863756E+01
   .56000000E+00 -.74797720E+01
   .60000000E+00 -.81599691E+01
   .64000000E+00 -.89478565E+01
   .68000000E+00 -.98716139E+01
   .72000000E+00 -.10970196E+02
   .76000000E+00 -.12299025E+02
   .80000000E+00 -.13939725E+02
   .84000000E+00 -.16017672E+02
   .88000000E+00 -.18735862E+02
   .92000000E+00 -.22445957E+02
   .96000000E+00 -.27814905E+02
   .10000000E+01 -.36280338E+02
   .10400000E+01 -.51616018E+02
   .10800000E+01 -.87923702E+02
   .11200000E+01 -.28151304E+03
   .11600000E+01  .24394426E+03
   .12000000E+01  .86282009E+02
   .12400000E+01  .52832060E+02
   .12800000E+01  .38283134E+02
   .13200000E+01  .30141236E+02
   .13600000E+01  .24935856E+02
   .14000000E+01  .21319630E+02
   .14400000E+01  .18660122E+02
   .14800000E+01  .16621177E+02
   .15200000E+01  .15007604E+02
   .15600000E+01  .13698302E+02
   .16000000E+01  .12614151E+02
   .16400000E+01  .11701272E+02
   .16800000E+01  .10921704E+02
   .17200000E+01  .10247931E+02
   .17600000E+01  .96595190E+01
   .18000000E+01  .91409780E+01
   .18400000E+01  .86803494E+01
   .18800000E+01  .82682552E+01
   .19200000E+01  .78972371E+01
   .19600000E+01  .75612895E+01
   .20000000E+01  .72555220E+01
Core Pot   L  =        2.00000    .00000
  -.20000000E+01  .18602483E+01
  -.19600000E+01  .18503024E+01
  -.19200000E+01  .18403149E+01
  -.18800000E+01  .18302851E+01
  -.18400000E+01  .18202126E+01
  -.18000000E+01  .18100970E+01
  -.17600000E+01  .17999378E+01
  -.17200000E+01  .17897345E+01
  -.16800000E+01  .17794866E+01
  -.16400000E+01  .17691936E+01
  -.16000000E+01  .17588550E+01
  -.15600000E+01  .17484704E+01
  -.15200000E+01  .17380391E+01
  -.14800000E+01  .17275607E+01
  -.14400000E+01  .17170345E+01
  -.14000000E+01  .17064602E+01
  -.13600000E+01  .16958370E+01
  -.13200000E+01  .16851645E+01
  -.12800000E+01  .16744420E+01
  -.12400000E+01  .16636690E+01
  -.12000000E+01  .16528448E+01
  -.11600000E+01  .16419689E+01
  -.11200000E+01  .16310407E+01
  -.10800000E+01  .16200595E+01
  -.10400000E+01  .16090246E+01
  -.10000000E+01  .15979354E+01
  -.96000000E+00  .15867913E+01
  -.92000000E+00  .15755916E+01
  -.88000000E+00  .15643355E+01
  -.84000000E+00  .15530224E+01
  -.80000000E+00  .15416516E+01
  -.76000000E+00  .15302223E+01
  -.72000000E+00  .15187338E+01
  -.68000000E+00  .15071853E+01
  -.64000000E+00  .14955761E+01
  -.60000000E+00  .14839054E+01
  -.56000000E+00  .14721723E+01
  -.52000000E+00  .14603761E+01
  -.48000000E+00  .14485159E+01
  -.44000000E+00  .14365910E+01
  -.40000000E+00  .14246003E+01
  -.36000000E+00  .14125431E+01
  -.32000000E+00  .14004184E+01
  -.28000000E+00  .13882254E+01
  -.24000000E+00  .13759631E+01
  -.20000000E+00  .13636305E+01
  -.16000000E+00  .13512266E+01
  -.12000000E+00  .13387506E+01
  -.80000000E-01  .13262013E+01
  -.40000000E-01  .13135777E+01
   .12351231E-14  .13008789E+01
   .40000000E-01  .12881036E+01
   .80000000E-01  .12752508E+01
   .12000000E+00  .12623195E+01
   .16000000E+00  .12493083E+01
   .20000000E+00  .12362163E+01
   .24000000E+00  .12230421E+01
   .28000000E+00  .12097846E+01
   .32000000E+00  .11964426E+01
   .36000000E+00  .11830146E+01
   .40000000E+00  .11694996E+01
   .44000000E+00  .11558960E+01
   .48000000E+00  .11422026E+01
   .52000000E+00  .11284180E+01
   .56000000E+00  .11145407E+01
   .60000000E+00  .11005693E+01
   .64000000E+00  .10865024E+01
   .68000000E+00  .10723383E+01
   .72000000E+00  .10580756E+01
   .76000000E+00  .10437127E+01
   .80000000E+00  .10292479E+01
   .84000000E+00  .10146795E+01
   .88000000E+00  .10000060E+01
   .92000000E+00  .98522543E+00
   .96000000E+00  .97033614E+00
   .10000000E+01  .95533627E+00
   .10400000E+01  .94022395E+00
   .10800000E+01  .92499725E+00
   .11200000E+01  .90965423E+00
   .11600000E+01  .89419286E+00
   .12000000E+01  .87861108E+00
   .12400000E+01  .86290679E+00
   .12800000E+01  .84707781E+00
   .13200000E+01  .83112193E+00
   .13600000E+01  .81503686E+00
   .14000000E+01  .79882028E+00
   .14400000E+01  .78246979E+00
   .14800000E+01  .76598292E+00
   .15200000E+01  .74935716E+00
   .15600000E+01  .73258992E+00
   .16000000E+01  .71567853E+00
   .16400000E+01  .69862028E+00
   .16800000E+01  .68141235E+00
   .17200000E+01  .66405188E+00
   .17600000E+01  .64653589E+00
   .18000000E+01  .62886137E+00
   .18400000E+01  .61102517E+00
   .18800000E+01  .59302410E+00
   .19200000E+01  .57485484E+00
   .19600000E+01  .55651402E+00
   .20000000E+01  .53799813E+00
Potential  L  =        2.00000    .00000
  -.20000000E+01  .18628881E+01
  -.19600000E+01  .18529874E+01
  -.19200000E+01  .18430458E+01
  -.18800000E+01  .18330628E+01
  -.18400000E+01  .18230382E+01
  -.18000000E+01  .18129714E+01
  -.17600000E+01  .18028619E+01
  -.17200000E+01  .17927094E+01
  -.16800000E+01  .17825133E+01
  -.16400000E+01  .17722733E+01
  -.16000000E+01  .17619887E+01
  -.15600000E+01  .17516591E+01
  -.15200000E+01  .17412840E+01
  -.14800000E+01  .17308629E+01
  -.14400000E+01  .17203953E+01
  -.14000000E+01  .17098807E+01
  -.13600000E+01  .16993186E+01
  -.13200000E+01  .16887083E+01
  -.12800000E+01  .16780494E+01
  -.12400000E+01  .16673413E+01
  -.12000000E+01  .16565835E+01
  -.11600000E+01  .16457753E+01
  -.11200000E+01  .16349161E+01
  -.10800000E+01  .16240054E+01
  -.10400000E+01  .16130426E+01
  -.10000000E+01  .16020271E+01
  -.96000000E+00  .15909582E+01
  -.92000000E+00  .15798352E+01
  -.88000000E+00  .15686576E+01
  -.84000000E+00  .15574246E+01
  -.80000000E+00  .15461357E+01
  -.76000000E+00  .15347900E+01
  -.72000000E+00  .15233870E+01
  -.68000000E+00  .15119259E+01
  -.64000000E+00  .15004059E+01
  -.60000000E+00  .14888264E+01
  -.56000000E+00  .14771866E+01
  -.52000000E+00  .14654857E+01
  -.48000000E+00  .14537230E+01
  -.44000000E+00  .14418976E+01
  -.40000000E+00  .14300087E+01
  -.36000000E+00  .14180556E+01
  -.32000000E+00  .14060374E+01
  -.28000000E+00  .13939532E+01
  -.24000000E+00  .13818021E+01
  -.20000000E+00  .13695834E+01
  -.16000000E+00  .13572960E+01
  -.12000000E+00  .13449390E+01
  -.80000000E-01  .13325115E+01
  -.40000000E-01  .13200126E+01
   .12351231E-14  .13074413E+01
   .40000000E-01  .12947965E+01
   .80000000E-01  .12820772E+01
   .12000000E+00  .12692825E+01
   .16000000E+00  .12564112E+01
   .20000000E+00  .12434623E+01
   .24000000E+00  .12304347E+01
   .28000000E+00  .12173272E+01
   .32000000E+00  .12041387E+01
   .36000000E+00  .11908680E+01
   .40000000E+00  .11775139E+01
   .44000000E+00  .11640752E+01
   .48000000E+00  .11505507E+01
   .52000000E+00  .11369391E+01
   .56000000E+00  .11232390E+01
   .60000000E+00  .11094491E+01
   .64000000E+00  .10955682E+01
   .68000000E+00  .10815947E+01
   .72000000E+00  .10675273E+01
   .76000000E+00  .10533645E+01
   .80000000E+00  .10391049E+01
   .84000000E+00  .10247468E+01
   .88000000E+00  .10102888E+01
   .92000000E+00  .99572936E+00
   .96000000E+00  .98106673E+00
   .10000000E+01  .96629929E+00
   .10400000E+01  .95142536E+00
   .10800000E+01  .93644319E+00
   .11200000E+01  .92135100E+00
   .11600000E+01  .90614698E+00
   .12000000E+01  .89082926E+00
   .12400000E+01  .87539594E+00
   .12800000E+01  .85984505E+00
   .13200000E+01  .84417462E+00
   .13600000E+01  .82838258E+00
   .14000000E+01  .81246683E+00
   .14400000E+01  .79642523E+00
   .14800000E+01  .78025557E+00
   .15200000E+01  .76395560E+00
   .15600000E+01  .74752300E+00
   .16000000E+01  .73095540E+00
   .16400000E+01  .71425036E+00
   .16800000E+01  .69740539E+00
   .17200000E+01  .68041793E+00
   .17600000E+01  .66328534E+00
   .18000000E+01  .64600495E+00
   .18400000E+01  .62857397E+00
   .18800000E+01  .61098957E+00
   .19200000E+01  .59324885E+00
   .19600000E+01  .57534879E+00
   .20000000E+01  .55728632E+00
Core Pot   L  =        3.00000    .00000
  -.20000000E+01  .24549302E+01
  -.19600000E+01  .24474267E+01
  -.19200000E+01  .24399052E+01
  -.18800000E+01  .24323654E+01
  -.18400000E+01  .24248073E+01
  -.18000000E+01  .24172308E+01
  -.17600000E+01  .24096357E+01
  -.17200000E+01  .24020220E+01
  -.16800000E+01  .23943894E+01
  -.16400000E+01  .23867380E+01
  -.16000000E+01  .23790675E+01
  -.15600000E+01  .23713778E+01
  -.15200000E+01  .23636689E+01
  -.14800000E+01  .23559405E+01
  -.14400000E+01  .23481926E+01
  -.14000000E+01  .23404251E+01
  -.13600000E+01  .23326377E+01
  -.13200000E+01  .23248304E+01
  -.12800000E+01  .23170031E+01
  -.12400000E+01  .23091556E+01
  -.12000000E+01  .23012878E+01
  -.11600000E+01  .22933995E+01
  -.11200000E+01  .22854906E+01
  -.10800000E+01  .22775609E+01
  -.10400000E+01  .22696104E+01
  -.10000000E+01  .22616389E+01
  -.96000000E+00  .22536462E+01
  -.92000000E+00  .22456323E+01
  -.88000000E+00  .22375968E+01
  -.84000000E+00  .22295398E+01
  -.80000000E+00  .22214611E+01
  -.76000000E+00  .22133604E+01
  -.72000000E+00  .22052377E+01
  -.68000000E+00  .21970928E+01
  -.64000000E+00  .21889256E+01
  -.60000000E+00  .21807358E+01
  -.56000000E+00  .21725234E+01
  -.52000000E+00  .21642881E+01
  -.48000000E+00  .21560298E+01
  -.44000000E+00  .21477484E+01
  -.40000000E+00  .21394437E+01
  -.36000000E+00  .21311155E+01
  -.32000000E+00  .21227636E+01
  -.28000000E+00  .21143879E+01
  -.24000000E+00  .21059883E+01
  -.20000000E+00  .20975644E+01
  -.16000000E+00  .20891162E+01
  -.12000000E+00  .20806435E+01
  -.80000000E-01  .20721460E+01
  -.40000000E-01  .20636237E+01
   .12351231E-14  .20550763E+01
   .40000000E-01  .20465037E+01
   .80000000E-01  .20379056E+01
   .12000000E+00  .20292819E+01
   .16000000E+00  .20206323E+01
   .20000000E+00  .20119568E+01
   .24000000E+00  .20032550E+01
   .28000000E+00  .19945268E+01
   .32000000E+00  .19857720E+01
   .36000000E+00  .19769903E+01
   .40000000E+00  .19681817E+01
   .44000000E+00  .19593458E+01
   .48000000E+00  .19504824E+01
   .52000000E+00  .19415915E+01
   .56000000E+00  .19326726E+01
   .60000000E+00  .19237256E+01
   .64000000E+00  .19147504E+01
   .68000000E+00  .19057466E+01
   .72000000E+00  .18967140E+01
   .76000000E+00  .18876525E+01
   .80000000E+00  .18785618E+01
   .84000000E+00  .18694416E+01
   .88000000E+00  .18602917E+01
   .92000000E+00  .18511119E+01
   .96000000E+00  .18419019E+01
   .10000000E+01  .18326615E+01
   .10400000E+01  .18233905E+01
   .10800000E+01  .18140886E+01
   .11200000E+01  .18047555E+01
   .11600000E+01  .17953910E+01
   .12000000E+01  .17859948E+01
   .12400000E+01  .17765666E+01
   .12800000E+01  .17671063E+01
   .13200000E+01  .17576135E+01
   .13600000E+01  .17480879E+01
   .14000000E+01  .17385293E+01
   .14400000E+01  .17289374E+01
   .14800000E+01  .17193120E+01
   .15200000E+01  .17096526E+01
   .15600000E+01  .16999591E+01
   .16000000E+01  .16902311E+01
   .16400000E+01  .16804684E+01
   .16800000E+01  .16706706E+01
   .17200000E+01  .16608375E+01
   .17600000E+01  .16509687E+01
   .18000000E+01  .16410639E+01
   .18400000E+01  .16311228E+01
   .18800000E+01  .16211450E+01
   .19200000E+01  .16111304E+01
   .19600000E+01  .16010784E+01
   .20000000E+01  .15909889E+01
Potential  L  =        3.00000    .00000
  -.20000000E+01  .24551163E+01
  -.19600000E+01  .24476149E+01
  -.19200000E+01  .24400954E+01
  -.18800000E+01  .24325577E+01
  -.18400000E+01  .24250017E+01
  -.18000000E+01  .24174273E+01
  -.17600000E+01  .24098344E+01
  -.17200000E+01  .24022229E+01
  -.16800000E+01  .23945926E+01
  -.16400000E+01  .23869435E+01
  -.16000000E+01  .23792753E+01
  -.15600000E+01  .23715880E+01
  -.15200000E+01  .23638815E+01
  -.14800000E+01  .23561556E+01
  -.14400000E+01  .23484103E+01
  -.14000000E+01  .23406453E+01
  -.13600000E+01  .23328605E+01
  -.13200000E+01  .23250559E+01
  -.12800000E+01  .23172313E+01
  -.12400000E+01  .23093865E+01
  -.12000000E+01  .23015214E+01
  -.11600000E+01  .22936360E+01
  -.11200000E+01  .22857299E+01
  -.10800000E+01  .22778032E+01
  -.10400000E+01  .22698557E+01
  -.10000000E+01  .22618872E+01
  -.96000000E+00  .22538976E+01
  -.92000000E+00  .22458868E+01
  -.88000000E+00  .22378546E+01
  -.84000000E+00  .22298008E+01
  -.80000000E+00  .22217253E+01
  -.76000000E+00  .22136280E+01
  -.72000000E+00  .22055087E+01
  -.68000000E+00  .21973673E+01
  -.64000000E+00  .21892035E+01
  -.60000000E+00  .21810173E+01
  -.56000000E+00  .21728085E+01
  -.52000000E+00  .21645770E+01
  -.48000000E+00  .21563225E+01
  -.44000000E+00  .21480449E+01
  -.40000000E+00  .21397440E+01
  -.36000000E+00  .21314198E+01
  -.32000000E+00  .21230719E+01
  -.28000000E+00  .21147003E+01
  -.24000000E+00  .21063048E+01
  -.20000000E+00  .20978851E+01
  -.16000000E+00  .20894412E+01
  -.12000000E+00  .20809728E+01
  -.80000000E-01  .20724798E+01
  -.40000000E-01  .20639620E+01
   .12351231E-14  .20554191E+01
   .40000000E-01  .20468511E+01
   .80000000E-01  .20382578E+01
   .12000000E+00  .20296388E+01
   .16000000E+00  .20209941E+01
   .20000000E+00  .20123235E+01
   .24000000E+00  .20036268E+01
   .28000000E+00  .19949037E+01
   .32000000E+00  .19861540E+01
   .36000000E+00  .19773777E+01
   .40000000E+00  .19685744E+01
   .44000000E+00  .19597439E+01
   .48000000E+00  .19508861E+01
   .52000000E+00  .19420007E+01
   .56000000E+00  .19330876E+01
   .60000000E+00  .19241464E+01
   .64000000E+00  .19151771E+01
   .68000000E+00  .19061793E+01
   .72000000E+00  .18971528E+01
   .76000000E+00  .18880975E+01
   .80000000E+00  .18790130E+01
   .84000000E+00  .18698992E+01
   .88000000E+00  .18607559E+01
   .92000000E+00  .18515827E+01
   .96000000E+00  .18423794E+01
   .10000000E+01  .18331458E+01
   .10400000E+01  .18238817E+01
   .10800000E+01  .18145868E+01
   .11200000E+01  .18052609E+01
   .11600000E+01  .17959037E+01
   .12000000E+01  .17865149E+01
   .12400000E+01  .17770942E+01
   .12800000E+01  .17676415E+01
   .13200000E+01  .17581565E+01
   .13600000E+01  .17486388E+01
   .14000000E+01  .17390882E+01
   .14400000E+01  .17295045E+01
   .14800000E+01  .17198873E+01
   .15200000E+01  .17102363E+01
   .15600000E+01  .17005513E+01
   .16000000E+01  .16908321E+01
   .16400000E+01  .16810782E+01
   .16800000E+01  .16712894E+01
   .17200000E+01  .16614653E+01
   .17600000E+01  .16516058E+01
   .18000000E+01  .16417104E+01
   .18400000E+01  .16317789E+01
   .18800000E+01  .16218109E+01
   .19200000E+01  .16118062E+01
   .19600000E+01  .16017643E+01
   .20000000E+01  .15916850E+01
Core Pot   L  =        4.00000    .00000
  -.20000000E+01  .30329511E+01
  -.19600000E+01  .30268352E+01
  -.19200000E+01  .30207093E+01
  -.18800000E+01  .30145734E+01
  -.18400000E+01  .30084275E+01
  -.18000000E+01  .30022715E+01
  -.17600000E+01  .29961053E+01
  -.17200000E+01  .29899290E+01
  -.16800000E+01  .29837425E+01
  -.16400000E+01  .29775457E+01
  -.16000000E+01  .29713386E+01
  -.15600000E+01  .29651211E+01
  -.15200000E+01  .29588933E+01
  -.14800000E+01  .29526550E+01
  -.14400000E+01  .29464062E+01
  -.14000000E+01  .29401469E+01
  -.13600000E+01  .29338770E+01
  -.13200000E+01  .29275964E+01
  -.12800000E+01  .29213052E+01
  -.12400000E+01  .29150033E+01
  -.12000000E+01  .29086905E+01
  -.11600000E+01  .29023670E+01
  -.11200000E+01  .28960326E+01
  -.10800000E+01  .28896873E+01
  -.10400000E+01  .28833310E+01
  -.10000000E+01  .28769636E+01
  -.96000000E+00  .28705852E+01
  -.92000000E+00  .28641957E+01
  -.88000000E+00  .28577951E+01
  -.84000000E+00  .28513832E+01
  -.80000000E+00  .28449600E+01
  -.76000000E+00  .28385255E+01
  -.72000000E+00  .28320796E+01
  -.68000000E+00  .28256223E+01
  -.64000000E+00  .28191535E+01
  -.60000000E+00  .28126732E+01
  -.56000000E+00  .28061813E+01
  -.52000000E+00  .27996777E+01
  -.48000000E+00  .27931624E+01
  -.44000000E+00  .27866354E+01
  -.40000000E+00  .27800966E+01
  -.36000000E+00  .27735459E+01
  -.32000000E+00  .27669833E+01
  -.28000000E+00  .27604087E+01
  -.24000000E+00  .27538221E+01
  -.20000000E+00  .27472234E+01
  -.16000000E+00  .27406126E+01
  -.12000000E+00  .27339895E+01
  -.80000000E-01  .27273542E+01
  -.40000000E-01  .27207065E+01
   .12351231E-14  .27140465E+01
   .40000000E-01  .27073740E+01
   .80000000E-01  .27006891E+01
   .12000000E+00  .26939915E+01
   .16000000E+00  .26872814E+01
   .20000000E+00  .26805585E+01
   .24000000E+00  .26738229E+01
   .28000000E+00  .26670745E+01
   .32000000E+00  .26603132E+01
   .36000000E+00  .26535390E+01
   .40000000E+00  .26467518E+01
   .44000000E+00  .26399515E+01
   .48000000E+00  .26331381E+01
   .52000000E+00  .26263115E+01
   .56000000E+00  .26194716E+01
   .60000000E+00  .26126184E+01
   .64000000E+00  .26057518E+01
   .68000000E+00  .25988718E+01
   .72000000E+00  .25919782E+01
   .76000000E+00  .25850710E+01
   .80000000E+00  .25781502E+01
   .84000000E+00  .25712156E+01
   .88000000E+00  .25642672E+01
   .92000000E+00  .25573049E+01
   .96000000E+00  .25503287E+01
   .10000000E+01  .25433385E+01
   .10400000E+01  .25363341E+01
   .10800000E+01  .25293157E+01
   .11200000E+01  .25222829E+01
   .11600000E+01  .25152359E+01
   .12000000E+01  .25081745E+01
   .12400000E+01  .25010986E+01
   .12800000E+01  .24940082E+01
   .13200000E+01  .24869032E+01
   .13600000E+01  .24797834E+01
   .14000000E+01  .24726490E+01
   .14400000E+01  .24654996E+01
   .14800000E+01  .24583354E+01
   .15200000E+01  .24511562E+01
   .15600000E+01  .24439618E+01
   .16000000E+01  .24367523E+01
   .16400000E+01  .24295276E+01
   .16800000E+01  .24222876E+01
   .17200000E+01  .24150321E+01
   .17600000E+01  .24077611E+01
   .18000000E+01  .24004746E+01
   .18400000E+01  .23931724E+01
   .18800000E+01  .23858545E+01
   .19200000E+01  .23785208E+01
   .19600000E+01  .23711711E+01
   .20000000E+01  .23638054E+01
Potential  L  =        4.00000    .00000
  -.20000000E+01  .30329781E+01
  -.19600000E+01  .30268626E+01
  -.19200000E+01  .30207384E+01
  -.18800000E+01  .30146026E+01
  -.18400000E+01  .30084549E+01
  -.18000000E+01  .30022990E+01
  -.17600000E+01  .29961331E+01
  -.17200000E+01  .29899570E+01
  -.16800000E+01  .29837702E+01
  -.16400000E+01  .29775732E+01
  -.16000000E+01  .29713663E+01
  -.15600000E+01  .29651491E+01
  -.15200000E+01  .29589221E+01
  -.14800000E+01  .29526833E+01
  -.14400000E+01  .29464350E+01
  -.14000000E+01  .29401772E+01
  -.13600000E+01  .29339074E+01
  -.13200000E+01  .29276255E+01
  -.12800000E+01  .29213347E+01
  -.12400000E+01  .29150327E+01
  -.12000000E+01  .29087202E+01
  -.11600000E+01  .29023974E+01
  -.11200000E+01  .28960629E+01
  -.10800000E+01  .28897178E+01
  -.10400000E+01  .28833634E+01
  -.10000000E+01  .28769963E+01
  -.96000000E+00  .28706165E+01
  -.92000000E+00  .28642274E+01
  -.88000000E+00  .28578272E+01
  -.84000000E+00  .28514158E+01
  -.80000000E+00  .28449925E+01
  -.76000000E+00  .28385583E+01
  -.72000000E+00  .28321142E+01
  -.68000000E+00  .28256558E+01
  -.64000000E+00  .28191873E+01
  -.60000000E+00  .28127076E+01
  -.56000000E+00  .28062161E+01
  -.52000000E+00  .27997125E+01
  -.48000000E+00  .27931980E+01
  -.44000000E+00  .27866711E+01
  -.40000000E+00  .27801326E+01
  -.36000000E+00  .27735828E+01
  -.32000000E+00  .27670204E+01
  -.28000000E+00  .27604478E+01
  -.24000000E+00  .27538617E+01
  -.20000000E+00  .27472618E+01
  -.16000000E+00  .27406515E+01
  -.12000000E+00  .27340291E+01
  -.80000000E-01  .27273941E+01
  -.40000000E-01  .27207473E+01
   .12351231E-14  .27140874E+01
   .40000000E-01  .27074169E+01
   .80000000E-01  .27007310E+01
   .12000000E+00  .26940342E+01
   .16000000E+00  .26873248E+01
   .20000000E+00  .26806024E+01
   .24000000E+00  .26738673E+01
   .28000000E+00  .26671193E+01
   .32000000E+00  .26603604E+01
   .36000000E+00  .26535854E+01
   .40000000E+00  .26467987E+01
   .44000000E+00  .26399991E+01
   .48000000E+00  .26331863E+01
   .52000000E+00  .26263604E+01
   .56000000E+00  .26195210E+01
   .60000000E+00  .26126687E+01
   .64000000E+00  .26058029E+01
   .68000000E+00  .25989236E+01
   .72000000E+00  .25920306E+01
   .76000000E+00  .25851242E+01
   .80000000E+00  .25782042E+01
   .84000000E+00  .25712705E+01
   .88000000E+00  .25643226E+01
   .92000000E+00  .25573613E+01
   .96000000E+00  .25503859E+01
   .10000000E+01  .25433966E+01
   .10400000E+01  .25363932E+01
   .10800000E+01  .25293754E+01
   .11200000E+01  .25223436E+01
   .11600000E+01  .25152975E+01
   .12000000E+01  .25082370E+01
   .12400000E+01  .25011620E+01
   .12800000E+01  .24940726E+01
   .13200000E+01  .24869685E+01
   .13600000E+01  .24798498E+01
   .14000000E+01  .24727163E+01
   .14400000E+01  .24655680E+01
   .14800000E+01  .24584047E+01
   .15200000E+01  .24512265E+01
   .15600000E+01  .24440333E+01
   .16000000E+01  .24368249E+01
   .16400000E+01  .24296013E+01
   .16800000E+01  .24223623E+01
   .17200000E+01  .24151079E+01
   .17600000E+01  .24078381E+01
   .18000000E+01  .24005528E+01
   .18400000E+01  .23932518E+01
   .18800000E+01  .23859351E+01
   .19200000E+01  .23786025E+01
   .19600000E+01  .23712541E+01
   .20000000E+01  .23638897E+01
KBPotential  L  =       .00000  -4.35433
  -.20000000E+01 -.22160174E+01
  -.19600000E+01 -.25383322E+01
  -.19200000E+01 -.29151162E+01
  -.18800000E+01 -.33619345E+01
  -.18400000E+01 -.39009109E+01
  -.18000000E+01 -.45645903E+01
  -.17600000E+01 -.54028925E+01
  -.17200000E+01 -.64964939E+01
  -.16800000E+01 -.79848277E+01
  -.16400000E+01 -.10131482E+02
  -.16000000E+01 -.13501961E+02
  -.15600000E+01 -.19569400E+02
  -.15200000E+01 -.33755804E+02
  -.14800000E+01 -.10554555E+03
  -.14400000E+01  .10538011E+03
  -.14000000E+01  .36511003E+02
  -.13600000E+01  .22558056E+02
  -.13200000E+01  .16554755E+02
  -.12800000E+01  .13210468E+02
  -.12400000E+01  .11076854E+02
  -.12000000E+01  .95957904E+01
  -.11600000E+01  .85065132E+01
  -.11200000E+01  .76708569E+01
  -.10800000E+01  .70087838E+01
  -.10400000E+01  .64707235E+01
  -.10000000E+01  .60243361E+01
  -.96000000E+00  .56476238E+01
  -.92000000E+00  .53251026E+01
  -.88000000E+00  .50455577E+01
  -.84000000E+00  .48006670E+01
  -.80000000E+00  .45841245E+01
  -.76000000E+00  .43910652E+01
  -.72000000E+00  .42176751E+01
  -.68000000E+00  .40609224E+01
  -.64000000E+00  .39183666E+01
  -.60000000E+00  .37880207E+01
  -.56000000E+00  .36682510E+01
  -.52000000E+00  .35577017E+01
  -.48000000E+00  .34552381E+01
  -.44000000E+00  .33599033E+01
  -.40000000E+00  .32708850E+01
  -.36000000E+00  .31874885E+01
  -.32000000E+00  .31091171E+01
  -.28000000E+00  .30352543E+01
  -.24000000E+00  .29654516E+01
  -.20000000E+00  .28993174E+01
  -.16000000E+00  .28365080E+01
  -.12000000E+00  .27767208E+01
  -.80000000E-01  .27196882E+01
  -.40000000E-01  .26651726E+01
   .12351231E-14  .26129626E+01
   .40000000E-01  .25628689E+01
   .80000000E-01  .25147222E+01
   .12000000E+00  .24683699E+01
   .16000000E+00  .24236748E+01
   .20000000E+00  .23805124E+01
   .24000000E+00  .23387703E+01
   .28000000E+00  .22983461E+01
   .32000000E+00  .22591466E+01
   .36000000E+00  .22210867E+01
   .40000000E+00  .21840886E+01
   .44000000E+00  .21480811E+01
   .48000000E+00  .21129985E+01
   .52000000E+00  .20787807E+01
   .56000000E+00  .20453721E+01
   .60000000E+00  .20127213E+01
   .64000000E+00  .19807809E+01
   .68000000E+00  .19495069E+01
   .72000000E+00  .19188586E+01
   .76000000E+00  .18887979E+01
   .80000000E+00  .18592895E+01
   .84000000E+00  .18303006E+01
   .88000000E+00  .18018003E+01
   .92000000E+00  .17737600E+01
   .96000000E+00  .17461528E+01
   .10000000E+01  .17189534E+01
   .10400000E+01  .16921382E+01
   .10800000E+01  .16656850E+01
   .11200000E+01  .16395727E+01
   .11600000E+01  .16137818E+01
   .12000000E+01  .15882935E+01
   .12400000E+01  .15630904E+01
   .12800000E+01  .15381559E+01
   .13200000E+01  .15134741E+01
   .13600000E+01  .14890303E+01
   .14000000E+01  .14648103E+01
   .14400000E+01  .14408007E+01
   .14800000E+01  .14169887E+01
   .15200000E+01  .13933621E+01
   .15600000E+01  .13699095E+01
   .16000000E+01  .13466197E+01
   .16400000E+01  .13234823E+01
   .16800000E+01  .13004871E+01
   .17200000E+01  .12776245E+01
   .17600000E+01  .12548853E+01
   .18000000E+01  .12322605E+01
   .18400000E+01  .12097417E+01
   .18800000E+01  .11873206E+01
   .19200000E+01  .11649895E+01
   .19600000E+01  .11427407E+01
   .20000000E+01  .11205669E+01
KBPotential  L  =      1.00000  -1.66034
  -.20000000E+01  .88690508E+00
  -.19600000E+01  .85828818E+00
  -.19200000E+01  .82881075E+00
  -.18800000E+01  .79841776E+00
  -.18400000E+01  .76704922E+00
  -.18000000E+01  .73463965E+00
  -.17600000E+01  .70111741E+00
  -.17200000E+01  .66640395E+00
  -.16800000E+01  .63041299E+00
  -.16400000E+01  .59304948E+00
  -.16000000E+01  .55420854E+00
  -.15600000E+01  .51377404E+00
  -.15200000E+01  .47161718E+00
  -.14800000E+01  .42759459E+00
  -.14400000E+01  .38154628E+00
  -.14000000E+01  .33329314E+00
  -.13600000E+01  .28263396E+00
  -.13200000E+01  .22934197E+00
  -.12800000E+01  .17316055E+00
  -.12400000E+01  .11379826E+00
  -.12000000E+01  .50922616E-01
  -.11600000E+01 -.15847298E-01
  -.11200000E+01 -.86950120E-01
  -.10800000E+01 -.16289346E+00
  -.10400000E+01 -.24426812E+00
  -.10000000E+01 -.33176578E+00
  -.96000000E+00 -.42620158E+00
  -.92000000E+00 -.52854284E+00
  -.88000000E+00 -.63994665E+00
  -.84000000E+00 -.76180838E+00
  -.80000000E+00 -.89582660E+00
  -.76000000E+00 -.10440902E+01
  -.72000000E+00 -.12091972E+01
  -.68000000E+00 -.13944203E+01
  -.64000000E+00 -.16039407E+01
  -.60000000E+00 -.18431873E+01
  -.56000000E+00 -.21193390E+01
  -.52000000E+00 -.24420928E+01
  -.48000000E+00 -.28248729E+01
  -.44000000E+00 -.32868126E+01
  -.40000000E+00 -.38561502E+01
  -.36000000E+00 -.45763768E+01
  -.32000000E+00 -.55181425E+01
  -.28000000E+00 -.68043779E+01
  -.24000000E+00 -.86696325E+01
  -.20000000E+00 -.11623959E+02
  -.16000000E+00 -.17025597E+02
  -.12000000E+00 -.30098604E+02
  -.80000000E-01 -.10761412E+03
  -.40000000E-01  .75556339E+02
   .12351231E-14  .28976912E+02
   .40000000E-01  .18293407E+02
   .80000000E-01  .13547733E+02
   .12000000E+00  .10862824E+02
   .16000000E+00  .91336097E+01
   .20000000E+00  .79253069E+01
   .24000000E+00  .70321269E+01
   .28000000E+00  .63440563E+01
   .32000000E+00  .57969465E+01
   .36000000E+00  .53508677E+01
   .40000000E+00  .49796653E+01
   .44000000E+00  .46654912E+01
   .48000000E+00  .43957486E+01
   .52000000E+00  .41612930E+01
   .56000000E+00  .39553253E+01
   .60000000E+00  .37726852E+01
   .64000000E+00  .36093853E+01
   .68000000E+00  .34622961E+01
   .72000000E+00  .33289265E+01
   .76000000E+00  .32072693E+01
   .80000000E+00  .30956890E+01
   .84000000E+00  .29928394E+01
   .88000000E+00  .28976025E+01
   .92000000E+00  .28090420E+01
   .96000000E+00  .27263680E+01
   .10000000E+01  .26489089E+01
   .10400000E+01  .25760908E+01
   .10800000E+01  .25074197E+01
   .11200000E+01  .24424684E+01
   .11600000E+01  .23808654E+01
   .12000000E+01  .23222861E+01
   .12400000E+01  .22664458E+01
   .12800000E+01  .22130934E+01
   .13200000E+01  .21620069E+01
   .13600000E+01  .21129893E+01
   .14000000E+01  .20658646E+01
   .14400000E+01  .20204758E+01
   .14800000E+01  .19766820E+01
   .15200000E+01  .19343564E+01
   .15600000E+01  .18933847E+01
   .16000000E+01  .18536634E+01
   .16400000E+01  .18150987E+01
   .16800000E+01  .17776054E+01
   .17200000E+01  .17411056E+01
   .17600000E+01  .17055284E+01
   .18000000E+01  .16708089E+01
   .18400000E+01  .16368873E+01
   .18800000E+01  .16037090E+01
   .19200000E+01  .15712235E+01
   .19600000E+01  .15393843E+01
   .20000000E+01  .15081483E+01
KBPotential  L  =      2.00000    .00000
  -.20000000E+01  .18628881E+01
  -.19600000E+01  .18529874E+01
  -.19200000E+01  .18430458E+01
  -.18800000E+01  .18330628E+01
  -.18400000E+01  .18230382E+01
  -.18000000E+01  .18129714E+01
  -.17600000E+01  .18028619E+01
  -.17200000E+01  .17927094E+01
  -.16800000E+01  .17825133E+01
  -.16400000E+01  .17722733E+01
  -.16000000E+01  .17619887E+01
  -.15600000E+01  .17516591E+01
  -.15200000E+01  .17412840E+01
  -.14800000E+01  .17308629E+01
  -.14400000E+01  .17203953E+01
  -.14000000E+01  .17098807E+01
  -.13600000E+01  .16993186E+01
  -.13200000E+01  .16887083E+01
  -.12800000E+01  .16780494E+01
  -.12400000E+01  .16673413E+01
  -.12000000E+01  .16565835E+01
  -.11600000E+01  .16457753E+01
  -.11200000E+01  .16349161E+01
  -.10800000E+01  .16240054E+01
  -.10400000E+01  .16130426E+01
  -.10000000E+01  .16020271E+01
  -.96000000E+00  .15909582E+01
  -.92000000E+00  .15798352E+01
  -.88000000E+00  .15686576E+01
  -.84000000E+00  .15574246E+01
  -.80000000E+00  .15461357E+01
  -.76000000E+00  .15347900E+01
  -.72000000E+00  .15233870E+01
  -.68000000E+00  .15119259E+01
  -.64000000E+00  .15004059E+01
  -.60000000E+00  .14888264E+01
  -.56000000E+00  .14771866E+01
  -.52000000E+00  .14654857E+01
  -.48000000E+00  .14537230E+01
  -.44000000E+00  .14418976E+01
  -.40000000E+00  .14300087E+01
  -.36000000E+00  .14180556E+01
  -.32000000E+00  .14060374E+01
  -.28000000E+00  .13939532E+01
  -.24000000E+00  .13818021E+01
  -.20000000E+00  .13695834E+01
  -.16000000E+00  .13572960E+01
  -.12000000E+00  .13449390E+01
  -.80000000E-01  .13325115E+01
  -.40000000E-01  .13200126E+01
   .12351231E-14  .13074413E+01
   .40000000E-01  .12947965E+01
   .80000000E-01  .12820772E+01
   .12000000E+00  .12692825E+01
   .16000000E+00  .12564112E+01
   .20000000E+00  .12434623E+01
   .24000000E+00  .12304347E+01
   .28000000E+00  .12173272E+01
   .32000000E+00  .12041387E+01
   .36000000E+00  .11908680E+01
   .40000000E+00  .11775139E+01
   .44000000E+00  .11640752E+01
   .48000000E+00  .11505507E+01
   .52000000E+00  .11369391E+01
   .56000000E+00  .11232390E+01
   .60000000E+00  .11094491E+01
   .64000000E+00  .10955682E+01
   .68000000E+00  .10815947E+01
   .72000000E+00  .10675273E+01
   .76000000E+00  .10533645E+01
   .80000000E+00  .10391049E+01
   .84000000E+00  .10247468E+01
   .88000000E+00  .10102888E+01
   .92000000E+00  .99572936E+00
   .96000000E+00  .98106673E+00
   .10000000E+01  .96629929E+00
   .10400000E+01  .95142536E+00
   .10800000E+01  .93644319E+00
   .11200000E+01  .92135100E+00
   .11600000E+01  .90614698E+00
   .12000000E+01  .89082926E+00
   .12400000E+01  .87539594E+00
   .12800000E+01  .85984505E+00
   .13200000E+01  .84417462E+00
   .13600000E+01  .82838258E+00
   .14000000E+01  .81246683E+00
   .14400000E+01  .79642523E+00
   .14800000E+01  .78025557E+00
   .15200000E+01  .76395560E+00
   .15600000E+01  .74752300E+00
   .16000000E+01  .73095540E+00
   .16400000E+01  .71425036E+00
   .16800000E+01  .69740539E+00
   .17200000E+01  .68041793E+00
   .17600000E+01  .66328534E+00
   .18000000E+01  .64600495E+00
   .18400000E+01  .62857397E+00
   .18800000E+01  .61098957E+00
   .19200000E+01  .59324885E+00
   .19600000E+01  .57534879E+00
   .20000000E+01  .55728632E+00
KBPotential  L  =      3.00000    .00000
  -.20000000E+01  .24551163E+01
  -.19600000E+01  .24476149E+01
  -.19200000E+01  .24400954E+01
  -.18800000E+01  .24325577E+01
  -.18400000E+01  .24250017E+01
  -.18000000E+01  .24174273E+01
  -.17600000E+01  .24098344E+01
  -.17200000E+01  .24022229E+01
  -.16800000E+01  .23945926E+01
  -.16400000E+01  .23869435E+01
  -.16000000E+01  .23792753E+01
  -.15600000E+01  .23715880E+01
  -.15200000E+01  .23638815E+01
  -.14800000E+01  .23561556E+01
  -.14400000E+01  .23484103E+01
  -.14000000E+01  .23406453E+01
  -.13600000E+01  .23328605E+01
  -.13200000E+01  .23250559E+01
  -.12800000E+01  .23172313E+01
  -.12400000E+01  .23093865E+01
  -.12000000E+01  .23015214E+01
  -.11600000E+01  .22936360E+01
  -.11200000E+01  .22857299E+01
  -.10800000E+01  .22778032E+01
  -.10400000E+01  .22698557E+01
  -.10000000E+01  .22618872E+01
  -.96000000E+00  .22538976E+01
  -.92000000E+00  .22458868E+01
  -.88000000E+00  .22378546E+01
  -.84000000E+00  .22298008E+01
  -.80000000E+00  .22217253E+01
  -.76000000E+00  .22136280E+01
  -.72000000E+00  .22055087E+01
  -.68000000E+00  .21973673E+01
  -.64000000E+00  .21892035E+01
  -.60000000E+00  .21810173E+01
  -.56000000E+00  .21728085E+01
  -.52000000E+00  .21645770E+01
  -.48000000E+00  .21563225E+01
  -.44000000E+00  .21480449E+01
  -.40000000E+00  .21397440E+01
  -.36000000E+00  .21314198E+01
  -.32000000E+00  .21230719E+01
  -.28000000E+00  .21147003E+01
  -.24000000E+00  .21063048E+01
  -.20000000E+00  .20978851E+01
  -.16000000E+00  .20894412E+01
  -.12000000E+00  .20809728E+01
  -.80000000E-01  .20724798E+01
  -.40000000E-01  .20639620E+01
   .12351231E-14  .20554191E+01
   .40000000E-01  .20468511E+01
   .80000000E-01  .20382578E+01
   .12000000E+00  .20296388E+01
   .16000000E+00  .20209941E+01
   .20000000E+00  .20123235E+01
   .24000000E+00  .20036268E+01
   .28000000E+00  .19949037E+01
   .32000000E+00  .19861540E+01
   .36000000E+00  .19773777E+01
   .40000000E+00  .19685744E+01
   .44000000E+00  .19597439E+01
   .48000000E+00  .19508861E+01
   .52000000E+00  .19420007E+01
   .56000000E+00  .19330876E+01
   .60000000E+00  .19241464E+01
   .64000000E+00  .19151771E+01
   .68000000E+00  .19061793E+01
   .72000000E+00  .18971528E+01
   .76000000E+00  .18880975E+01
   .80000000E+00  .18790130E+01
   .84000000E+00  .18698992E+01
   .88000000E+00  .18607559E+01
   .92000000E+00  .18515827E+01
   .96000000E+00  .18423794E+01
   .10000000E+01  .18331458E+01
   .10400000E+01  .18238817E+01
   .10800000E+01  .18145868E+01
   .11200000E+01  .18052609E+01
   .11600000E+01  .17959037E+01
   .12000000E+01  .17865149E+01
   .12400000E+01  .17770942E+01
   .12800000E+01  .17676415E+01
   .13200000E+01  .17581565E+01
   .13600000E+01  .17486388E+01
   .14000000E+01  .17390882E+01
   .14400000E+01  .17295045E+01
   .14800000E+01  .17198873E+01
   .15200000E+01  .17102363E+01
   .15600000E+01  .17005513E+01
   .16000000E+01  .16908321E+01
   .16400000E+01  .16810782E+01
   .16800000E+01  .16712894E+01
   .17200000E+01  .16614653E+01
   .17600000E+01  .16516058E+01
   .18000000E+01  .16417104E+01
   .18400000E+01  .16317789E+01
   .18800000E+01  .16218109E+01
   .19200000E+01  .16118062E+01
   .19600000E+01  .16017643E+01
   .20000000E+01  .15916850E+01
KBPotential  L  =      4.00000    .00000
  -.20000000E+01  .30329781E+01
  -.19600000E+01  .30268626E+01
  -.19200000E+01  .30207384E+01
  -.18800000E+01  .30146026E+01
  -.18400000E+01  .30084549E+01
  -.18000000E+01  .30022990E+01
  -.17600000E+01  .29961331E+01
  -.17200000E+01  .29899570E+01
  -.16800000E+01  .29837702E+01
  -.16400000E+01  .29775732E+01
  -.16000000E+01  .29713663E+01
  -.15600000E+01  .29651491E+01
  -.15200000E+01  .29589221E+01
  -.14800000E+01  .29526833E+01
  -.14400000E+01  .29464350E+01
  -.14000000E+01  .29401772E+01
  -.13600000E+01  .29339074E+01
  -.13200000E+01  .29276255E+01
  -.12800000E+01  .29213347E+01
  -.12400000E+01  .29150327E+01
  -.12000000E+01  .29087202E+01
  -.11600000E+01  .29023974E+01
  -.11200000E+01  .28960629E+01
  -.10800000E+01  .28897178E+01
  -.10400000E+01  .28833634E+01
  -.10000000E+01  .28769963E+01
  -.96000000E+00  .28706165E+01
  -.92000000E+00  .28642274E+01
  -.88000000E+00  .28578272E+01
  -.84000000E+00  .28514158E+01
  -.80000000E+00  .28449925E+01
  -.76000000E+00  .28385583E+01
  -.72000000E+00  .28321142E+01
  -.68000000E+00  .28256558E+01
  -.64000000E+00  .28191873E+01
  -.60000000E+00  .28127076E+01
  -.56000000E+00  .28062161E+01
  -.52000000E+00  .27997125E+01
  -.48000000E+00  .27931980E+01
  -.44000000E+00  .27866711E+01
  -.40000000E+00  .27801326E+01
  -.36000000E+00  .27735828E+01
  -.32000000E+00  .27670204E+01
  -.28000000E+00  .27604478E+01
  -.24000000E+00  .27538617E+01
  -.20000000E+00  .27472618E+01
  -.16000000E+00  .27406515E+01
  -.12000000E+00  .27340291E+01
  -.80000000E-01  .27273941E+01
  -.40000000E-01  .27207473E+01
   .12351231E-14  .27140874E+01
   .40000000E-01  .27074169E+01
   .80000000E-01  .27007310E+01
   .12000000E+00  .26940342E+01
   .16000000E+00  .26873248E+01
   .20000000E+00  .26806024E+01
   .24000000E+00  .26738673E+01
   .28000000E+00  .26671193E+01
   .32000000E+00  .26603604E+01
   .36000000E+00  .26535854E+01
   .40000000E+00  .26467987E+01
   .44000000E+00  .26399991E+01
   .48000000E+00  .26331863E+01
   .52000000E+00  .26263604E+01
   .56000000E+00  .26195210E+01
   .60000000E+00  .26126687E+01
   .64000000E+00  .26058029E+01
   .68000000E+00  .25989236E+01
   .72000000E+00  .25920306E+01
   .76000000E+00  .25851242E+01
   .80000000E+00  .25782042E+01
   .84000000E+00  .25712705E+01
   .88000000E+00  .25643226E+01
   .92000000E+00  .25573613E+01
   .96000000E+00  .25503859E+01
   .10000000E+01  .25433966E+01
   .10400000E+01  .25363932E+01
   .10800000E+01  .25293754E+01
   .11200000E+01  .25223436E+01
   .11600000E+01  .25152975E+01
   .12000000E+01  .25082370E+01
   .12400000E+01  .25011620E+01
   .12800000E+01  .24940726E+01
   .13200000E+01  .24869685E+01
   .13600000E+01  .24798498E+01
   .14000000E+01  .24727163E+01
   .14400000E+01  .24655680E+01
   .14800000E+01  .24584047E+01
   .15200000E+01  .24512265E+01
   .15600000E+01  .24440333E+01
   .16000000E+01  .24368249E+01
   .16400000E+01  .24296013E+01
   .16800000E+01  .24223623E+01
   .17200000E+01  .24151079E+01
   .17600000E+01  .24078381E+01
   .18000000E+01  .24005528E+01
   .18400000E+01  .23932518E+01
   .18800000E+01  .23859351E+01
   .19200000E+01  .23786025E+01
   .19600000E+01  .23712541E+01
   .20000000E+01  .23638897E+01
