Hg: 10s 2d fine mesh  CA                
   15  80.   .002000 200.59000 125.   .50E-04 .200  400FCA 68.00000
   .7  1.0   0
  1.0   .0   .5-6050.4771 2.0000
  2.0   .0   .5-1073.5042 2.0000
  2.0  1.0  1.5 -927.1795 6.0000
  3.0   .0   .5 -254.9746 2.0000
  3.0  1.0  1.5 -212.6265 6.0000
  3.0  2.0  2.5 -168.052710.0000
  4.0   .0   .5  -56.0117 2.0000
  4.0  1.0  1.5  -42.0950 6.0000
  4.0  2.0  2.5  -25.564010.0000
  4.0  3.0  3.5   -7.126914.0000
  5.0   .0   .5   -8.6460 2.0000
  5.0  1.0  1.5   -4.8795 6.0000
  5.0  2.0  2.5    -.744310.0000
  6.0   .0   .5    -.5202 2.0000
  6.0  1.0  1.5    -.5000  .0000
