Mn: d6 s1                               
  .114159279E-02  .115965324E-02  .117799908E-02  .119663483E-02  .121556506E-02
  .123479442E-02  .125432762E-02  .127416946E-02  .129432480E-02  .131479858E-02
  .133559584E-02  .135672167E-02  .137818126E-02  .139997986E-02  .142212282E-02
  .144461557E-02  .146746363E-02  .149067260E-02  .151424817E-02  .153819612E-02
  .156252232E-02  .158723273E-02  .161233340E-02  .163783050E-02  .166373026E-02
  .169003904E-02  .171676327E-02  .174390952E-02  .177148442E-02  .179949473E-02
  .182794731E-02  .185684914E-02  .188620728E-02  .191602893E-02  .194632139E-02
  .197709208E-02  .200834853E-02  .204009839E-02  .207234943E-02  .210510954E-02
  .213838675E-02  .217218920E-02  .220652515E-02  .224140301E-02  .227683131E-02
  .231281872E-02  .234937403E-02  .238650620E-02  .242422430E-02  .246253755E-02
  .250145532E-02  .254098713E-02  .258114263E-02  .262193166E-02  .266336416E-02
  .270545028E-02  .274820029E-02  .279162463E-02  .283573393E-02  .288053895E-02
  .292605064E-02  .297228011E-02  .301923865E-02  .306693773E-02  .311538900E-02
  .316460428E-02  .321459559E-02  .326537513E-02  .331695529E-02  .336934866E-02
  .342256802E-02  .347662636E-02  .353153686E-02  .358731292E-02  .364396814E-02
  .370151634E-02  .375997154E-02  .381934801E-02  .387966020E-02  .394092283E-02
  .400315083E-02  .406635935E-02  .413056380E-02  .419577982E-02  .426202330E-02
  .432931037E-02  .439765742E-02  .446708108E-02  .453759827E-02  .460922615E-02
  .468198215E-02  .475588397E-02  .483094961E-02  .490719733E-02  .498464567E-02
  .506331348E-02  .514321988E-02  .522438430E-02  .530682649E-02  .539056648E-02
  .547562463E-02  .556202161E-02  .564977840E-02  .573891635E-02  .582945709E-02
  .592142262E-02  .601483528E-02  .610971774E-02  .620609304E-02  .630398458E-02
  .640341612E-02  .650441177E-02  .660699606E-02  .671119386E-02  .681703044E-02
  .692453148E-02  .703372304E-02  .714463159E-02  .725728401E-02  .737170761E-02
  .748793012E-02  .760597968E-02  .772588489E-02  .784767480E-02  .797137890E-02
  .809702713E-02  .822464990E-02  .835427811E-02  .848594313E-02  .861967680E-02
  .875551147E-02  .889347999E-02  .903361573E-02  .917595256E-02  .932052489E-02
  .946736765E-02  .961651632E-02  .976800694E-02  .992187608E-02  .100781609E-01
  .102368991E-01  .103981291E-01  .105618897E-01  .107282205E-01  .108971615E-01
  .110687536E-01  .112430381E-01  .114200569E-01  .115998529E-01  .117824692E-01
  .119679500E-01  .121563398E-01  .123476841E-01  .125420289E-01  .127394210E-01
  .129399079E-01  .131435378E-01  .133503598E-01  .135604235E-01  .137737795E-01
  .139904791E-01  .142105743E-01  .144341180E-01  .146611639E-01  .148917666E-01
  .151259814E-01  .153638645E-01  .156054730E-01  .158508649E-01  .161000990E-01
  .163532352E-01  .166103340E-01  .168714572E-01  .171366672E-01  .174060277E-01
  .176796030E-01  .179574588E-01  .182396615E-01  .185262787E-01  .188173789E-01
  .191130317E-01  .194133078E-01  .197182791E-01  .200280183E-01  .203425995E-01
  .206620978E-01  .209865895E-01  .213161521E-01  .216508641E-01  .219908054E-01
  .223360571E-01  .226867015E-01  .230428222E-01  .234045040E-01  .237718331E-01
  .241448968E-01  .245237841E-01  .249085851E-01  .252993913E-01  .256962956E-01
  .260993925E-01  .265087777E-01  .269245484E-01  .273468034E-01  .277756430E-01
  .282111690E-01  .286534845E-01  .291026947E-01  .295589059E-01  .300222264E-01
  .304927657E-01  .309706355E-01  .314559489E-01  .319488206E-01  .324493673E-01
  .329577074E-01  .334739611E-01  .339982503E-01  .345306989E-01  .350714326E-01
  .356205791E-01  .361782680E-01  .367446307E-01  .373198009E-01  .379039140E-01
  .384971077E-01  .390995216E-01  .397112977E-01  .403325797E-01  .409635139E-01
  .416042485E-01  .422549342E-01  .429157238E-01  .435867725E-01  .442682377E-01
  .449602793E-01  .456630596E-01  .463767433E-01  .471014976E-01  .478374923E-01
  .485848996E-01  .493438944E-01  .501146542E-01  .508973591E-01  .516921921E-01
  .524993387E-01  .533189874E-01  .541513294E-01  .549965587E-01  .558548724E-01
  .567264705E-01  .576115558E-01  .585103345E-01  .594230154E-01  .603498109E-01
  .612909364E-01  .622466103E-01  .632170545E-01  .642024942E-01  .652031579E-01
  .662192775E-01  .672510883E-01  .682988294E-01  .693627430E-01  .704430752E-01
  .715400757E-01  .726539980E-01  .737850991E-01  .749336400E-01  .760998856E-01
  .772841048E-01  .784865701E-01  .797075584E-01  .809473507E-01  .822062318E-01
  .834844912E-01  .847824223E-01  .861003230E-01  .874384955E-01  .887972465E-01
  .901768873E-01  .915777337E-01  .930001060E-01  .944443296E-01  .959107342E-01
  .973996548E-01  .989114309E-01  .100446407E+00  .102004934E+00  .103587365E+00
  .105194061E+00  .106825388E+00  .108481715E+00  .110163419E+00  .111870882E+00
  .113604490E+00  .115364636E+00  .117151720E+00  .118966144E+00  .120808319E+00
  .122678662E+00  .124577594E+00  .126505544E+00  .128462946E+00  .130450241E+00
  .132467876E+00  .134516305E+00  .136595987E+00  .138707390E+00  .140850988E+00
  .143027259E+00  .145236692E+00  .147479782E+00  .149757029E+00  .152068941E+00
  .154416036E+00  .156798836E+00  .159217871E+00  .161673681E+00  .164166811E+00
  .166697815E+00  .169267255E+00  .171875700E+00  .174523730E+00  .177211928E+00
  .179940891E+00  .182711221E+00  .185523529E+00  .188378435E+00  .191276569E+00
  .194218567E+00  .197205077E+00  .200236755E+00  .203314266E+00  .206438284E+00
  .209609493E+00  .212828587E+00  .216096270E+00  .219413253E+00  .222780262E+00
  .226198028E+00  .229667295E+00  .233188818E+00  .236763361E+00  .240391698E+00
  .244074616E+00  .247812911E+00  .251607392E+00  .255458877E+00  .259368197E+00
  .263336193E+00  .267363719E+00  .271451640E+00  .275600833E+00  .279812187E+00
  .284086604E+00  .288424998E+00  .292828294E+00  .297297432E+00  .301833363E+00
  .306437052E+00  .311109477E+00  .315851630E+00  .320664513E+00  .325549147E+00
  .330506563E+00  .335537806E+00  .340643937E+00  .345826030E+00  .351085175E+00
  .356422473E+00  .361839045E+00  .367336022E+00  .372914553E+00  .378575803E+00
  .384320949E+00  .390151187E+00  .396067727E+00  .402071797E+00  .408164640E+00
  .414347514E+00  .420621695E+00  .426988478E+00  .433449171E+00  .440005101E+00
  .446657612E+00  .453408068E+00  .460257846E+00  .467208346E+00  .474260982E+00
  .481417189E+00  .488678419E+00  .496046144E+00  .503521854E+00  .511107059E+00
  .518803287E+00  .526612088E+00  .534535028E+00  .542573698E+00  .550729704E+00
  .559004676E+00  .567400263E+00  .575918136E+00  .584559986E+00  .593327525E+00
  .602222488E+00  .611246630E+00  .620401729E+00  .629689585E+00  .639112020E+00
  .648670879E+00  .658368029E+00  .668205360E+00  .678184787E+00  .688308247E+00
  .698577701E+00  .708995133E+00  .719562552E+00  .730281992E+00  .741155511E+00
  .752185190E+00  .763373138E+00  .774721488E+00  .786232398E+00  .797908051E+00
  .809750659E+00  .821762457E+00  .833945707E+00  .846302699E+00  .858835749E+00
  .871547199E+00  .884439420E+00  .897514809E+00  .910775791E+00  .924224821E+00
  .937864379E+00  .951696975E+00  .965725147E+00  .979951463E+00  .994378519E+00
  .100900894E+01  .102384538E+01  .103889053E+01  .105414709E+01  .106961782E+01
  .108530548E+01  .110121289E+01  .111734287E+01  .113369831E+01  .115028208E+01
  .116709712E+01  .118414640E+01  .120143290E+01  .121895965E+01  .123672970E+01
  .125474614E+01  .127301209E+01  .129153071E+01  .131030518E+01  .132933871E+01
  .134863456E+01  .136819602E+01  .138802640E+01  .140812905E+01  .142850735E+01
  .144916473E+01  .147010464E+01  .149133056E+01  .151284602E+01  .153465456E+01
  .155675978E+01  .157916530E+01  .160187478E+01  .162489190E+01  .164822041E+01
  .167186405E+01  .169582662E+01  .172011196E+01  .174472394E+01  .176966644E+01
  .179494341E+01  .182055882E+01  .184651668E+01  .187282102E+01  .189947592E+01
  .192648549E+01  .195385388E+01  .198158526E+01  .200968386E+01  .203815392E+01
  .206699973E+01  .209622560E+01  .212583590E+01  .215583500E+01  .218622734E+01
  .221701736E+01  .224820956E+01  .227980846E+01  .231181862E+01  .234424463E+01
  .237709112E+01  .241036274E+01  .244406418E+01  .247820017E+01  .251277547E+01
  .254779485E+01  .258326314E+01  .261918519E+01  .265556587E+01  .269241011E+01
  .272972283E+01  .276750902E+01  .280577367E+01  .284452181E+01  .288375851E+01
  .292348884E+01  .296371792E+01  .300445089E+01  .304569292E+01  .308744920E+01
  .312972495E+01  .317252540E+01  .321585583E+01  .325972153E+01  .330412780E+01
  .334907998E+01  .339458343E+01  .344064351E+01  .348726563E+01  .353445519E+01
  .358221763E+01  .363055839E+01  .367948293E+01  .372899673E+01  .377910529E+01
  .382981411E+01  .388112870E+01  .393305459E+01  .398559731E+01  .403876241E+01
  .409255545E+01  .414698197E+01  .420204754E+01  .425775773E+01  .431411810E+01
  .437113421E+01  .442881165E+01  .448715597E+01  .454617272E+01  .460586748E+01
  .466624577E+01  .472731315E+01  .478907515E+01  .485153727E+01  .491470503E+01
  .497858390E+01  .504317937E+01  .510849688E+01  .517454187E+01  .524131973E+01
  .530883585E+01  .537709558E+01  .544610425E+01  .551586715E+01  .558638954E+01
  .565767663E+01  .572973363E+01  .580256566E+01  .587617782E+01  .595057518E+01
  .602576274E+01  .610174545E+01  .617852820E+01  .625611586E+01  .633451320E+01
  .641372494E+01  .649375576E+01  .657461023E+01  .665629287E+01  .673880815E+01
  .682216042E+01  .690635399E+01  .699139304E+01  .707728172E+01  .716402406E+01
  .725162398E+01  .734008534E+01  .742941188E+01  .751960724E+01  .761067495E+01
  .770261844E+01  .779544101E+01  .788914586E+01  .798373606E+01  .807921455E+01
  .817558414E+01  .827284752E+01  .837100722E+01  .847006566E+01  .857002507E+01
  .867088758E+01  .877265512E+01  .887532950E+01  .897891234E+01  .908340511E+01
  .918880909E+01  .929512539E+01  .940235496E+01  .951049853E+01  .961955667E+01
  .972952974E+01  .984041788E+01  .995222108E+01  .100649391E+02  .101785714E+02
  .102931173E+02  .104085760E+02  .105249463E+02  .106422267E+02  .107604158E+02
  .108795116E+02  .109995121E+02  .111204148E+02  .112422172E+02  .113649163E+02
  .114885090E+02  .116129919E+02  .117383612E+02  .118646130E+02  .119917429E+02
  .121197463E+02  .122486184E+02  .123783539E+02  .125089474E+02  .126403929E+02
  .127726844E+02  .129058153E+02  .130397787E+02  .131745676E+02  .133101745E+02
  .134465913E+02  .135838100E+02  .137218220E+02  .138606182E+02  .140001893E+02
  .141405258E+02  .142816174E+02  .144234537E+02  .145660238E+02  .147093165E+02
  .148533202E+02  .149980226E+02  .151434114E+02  .152894736E+02  .154361959E+02
  .155835646E+02  .157315655E+02  .158801840E+02  .160294049E+02  .161792128E+02
  .163295918E+02  .164805255E+02  .166319970E+02  .167839889E+02  .169364836E+02
  .170894628E+02  .172429077E+02  .173967993E+02  .175511178E+02  .177058431E+02
  .178609546E+02  .180164312E+02  .181722514E+02  .183283930E+02  .184848336E+02
  .186415501E+02  .187985190E+02  .189557163E+02  .191131174E+02  .192706974E+02
  .194284309E+02  .195862917E+02  .197442534E+02  .199022892E+02  .200603715E+02
  .202184724E+02  .203765635E+02  .205346159E+02  .206926002E+02  .208504866E+02
  .210082446E+02  .211658436E+02  .213232521E+02  .214804386E+02  .216373707E+02
  .217940158E+02  .219503408E+02  .221063122E+02  .222618959E+02  .224170576E+02
  .225717624E+02  .227259751E+02  .228796600E+02  .230327809E+02  .231853016E+02
  .233371851E+02  .234883942E+02  .236388915E+02  .237886388E+02  .239375981E+02
  .240857307E+02  .242329977E+02  .243793600E+02  .245247780E+02  .246692121E+02
  .248126222E+02  .249549680E+02  .250962091E+02  .252363048E+02  .253752143E+02
  .255128964E+02  .256493099E+02  .257844136E+02  .259181659E+02  .260505254E+02
  .261814502E+02  .263108988E+02  .264388293E+02  .265652002E+02  .266899695E+02
  .268130956E+02  .269345369E+02  .270542518E+02  .271721988E+02  .272883367E+02
  .274026242E+02  .275150203E+02  .276254844E+02  .277339759E+02  .278404546E+02
  .279448805E+02  .280472140E+02  .281474158E+02  .282454472E+02  .283412696E+02
  .284348452E+02  .285261363E+02  .286151062E+02  .287017182E+02  .287859367E+02
  .288677264E+02  .289470528E+02  .290238821E+02  .290981811E+02  .291699175E+02
  .292390598E+02  .293055771E+02  .293694398E+02  .294306188E+02  .294890862E+02
  .295448149E+02  .295977791E+02  .296479538E+02  .296953152E+02  .297398405E+02
  .297815084E+02  .298202985E+02  .298561918E+02  .298891706E+02  .299192183E+02
  .299463200E+02  .299704620E+02  .299916320E+02  .300098194E+02  .300250148E+02
  .300372107E+02  .300464008E+02  .300525808E+02  .300557478E+02  .300559006E+02
  .300530399E+02  .300471680E+02  .300382889E+02  .300264088E+02  .300115354E+02
  .299936783E+02  .299728492E+02  .299490617E+02  .299223311E+02  .298926751E+02
  .298601132E+02  .298246669E+02  .297863598E+02  .297452177E+02  .297012685E+02
  .296545420E+02  .296050703E+02  .295528878E+02  .294980308E+02  .294405380E+02
  .293804502E+02  .293178103E+02  .292526637E+02  .291850578E+02  .291150423E+02
  .290426690E+02  .289679920E+02  .288910679E+02  .288119549E+02  .287307141E+02
  .286474082E+02  .285621025E+02  .284748642E+02  .283857629E+02  .282948702E+02
  .282022598E+02  .281080076E+02  .280121914E+02  .279148911E+02  .278161888E+02
  .277161682E+02  .276149154E+02  .275125179E+02  .274090654E+02  .273046493E+02
  .271993627E+02  .270933005E+02  .269865592E+02  .268792370E+02  .267714334E+02
  .266632496E+02  .265547881E+02  .264461528E+02  .263374488E+02  .262287825E+02
  .261202613E+02  .260119937E+02  .259040891E+02  .257966580E+02  .256898113E+02
  .255836609E+02  .254783192E+02  .253738991E+02  .252705138E+02  .251682771E+02
  .250673026E+02  .249677044E+02  .248695963E+02  .247730920E+02  .246783052E+02
  .245853489E+02  .244943359E+02  .244053784E+02  .243185877E+02  .242340745E+02
  .241519483E+02  .240723178E+02  .239952903E+02  .239209718E+02  .238494670E+02
  .237808787E+02  .237153083E+02  .236528551E+02  .235936166E+02  .235376880E+02
  .234851624E+02  .234361305E+02  .233906804E+02  .233488976E+02  .233108649E+02
  .232766619E+02  .232463656E+02  .232200494E+02  .231977836E+02  .231796352E+02
  .231656672E+02  .231559395E+02  .231505077E+02  .231494236E+02  .231527352E+02
  .231604860E+02  .231727153E+02  .231894583E+02  .232107452E+02  .232366020E+02
  .232670497E+02  .233021048E+02  .233417786E+02  .233860776E+02  .234350030E+02
  .234885512E+02  .235467129E+02  .236094739E+02  .236768143E+02  .237487090E+02
  .238251271E+02  .239060324E+02  .239913831E+02  .240811315E+02  .241752245E+02
  .242736030E+02  .243762026E+02  .244829527E+02  .245937772E+02  .247085942E+02
  .248273160E+02  .249498494E+02  .250760952E+02  .252059486E+02  .253392992E+02
  .254760311E+02  .256160227E+02  .257591470E+02  .259052716E+02  .260542586E+02
  .262059652E+02  .263602430E+02  .265169390E+02  .266758949E+02  .268369478E+02
  .269999300E+02  .271646693E+02  .273309890E+02  .274987082E+02  .276676420E+02
  .278376013E+02  .280083935E+02  .281798223E+02  .283516878E+02  .285237874E+02
  .286959150E+02  .288678620E+02  .290394171E+02  .292103668E+02  .293804953E+02
  .295495851E+02  .297174170E+02  .298837702E+02  .300484232E+02  .302111531E+02
  .303717369E+02  .305299510E+02  .306855716E+02  .308383754E+02  .309881393E+02
  .311346413E+02  .312776602E+02  .314169762E+02  .315523712E+02  .316836290E+02
  .318105357E+02  .319328798E+02  .320504527E+02  .321630491E+02  .322704668E+02
  .323725075E+02  .324689769E+02  .325596851E+02  .326444467E+02  .327230812E+02
  .327954132E+02  .328612730E+02  .329204964E+02  .329729253E+02  .330184081E+02
  .330567995E+02  .330879610E+02  .331117613E+02  .331280764E+02  .331367898E+02
  .331377929E+02  .331309849E+02  .331162735E+02  .330935746E+02  .330628129E+02
  .330239217E+02  .329768435E+02  .329215298E+02  .328579417E+02  .327860493E+02
  .327058327E+02  .326172814E+02  .325203950E+02  .324151828E+02  .323016640E+02
  .321798682E+02  .320498347E+02  .319116131E+02  .317652633E+02  .316108552E+02
  .314484688E+02  .312781945E+02  .311001325E+02  .309143932E+02  .307210970E+02
  .305203742E+02  .303123647E+02  .300972182E+02  .298750942E+02  .296461611E+02
  .294105968E+02  .291685884E+02  .289203316E+02  .286660307E+02  .284058987E+02
  .281401564E+02  .278690330E+02  .275927648E+02  .273115958E+02  .270257770E+02
  .267355660E+02  .264412269E+02  .261430299E+02  .258412508E+02  .255361708E+02
  .252280761E+02  .249172574E+02  .246040095E+02  .242886312E+02  .239714244E+02
  .236526939E+02  .233327471E+02  .230118933E+02  .226904435E+02  .223687097E+02
  .220470045E+02  .217256409E+02  .214049312E+02  .210851873E+02  .207667197E+02
  .204498373E+02  .201348465E+02  .198220514E+02  .195117526E+02  .192042472E+02
  .188998284E+02  .185987846E+02  .183013991E+02  .180079501E+02  .177187096E+02
  .174339433E+02  .171539101E+02  .168788618E+02  .166090426E+02  .163446886E+02
  .160860276E+02  .158332788E+02  .155866519E+02  .153463478E+02  .151125570E+02
  .148854606E+02  .146652287E+02  .144520214E+02  .142459876E+02  .140472653E+02
  .138559810E+02  .136722500E+02  .134961757E+02  .133278500E+02  .131673525E+02
  .130147511E+02  .128701015E+02  .127334471E+02  .126048191E+02  .124842364E+02
  .123717058E+02  .122672218E+02  .121707664E+02  .120823097E+02  .120018097E+02
  .119292121E+02  .118644509E+02  .118074482E+02  .117581144E+02  .117163483E+02
  .116820375E+02  .116550581E+02  .116352755E+02  .116225442E+02  .116167080E+02
  .116176007E+02  .116250459E+02  .116388575E+02  .116588404E+02  .116847900E+02
  .117164935E+02  .117537300E+02  .117962705E+02  .118438790E+02  .118963127E+02
  .119533223E+02  .120146529E+02  .120800445E+02  .121492324E+02  .122219479E+02
  .122979193E+02  .123768719E+02  .124585291E+02  .125426127E+02  .126288437E+02
  .127169423E+02  .128066291E+02  .128976246E+02  .129896508E+02  .130824305E+02
  .131756889E+02  .132691529E+02  .133625525E+02  .134556205E+02  .135480935E+02
  .136397119E+02  .137302207E+02  .138193693E+02  .139069127E+02  .139926111E+02
  .140762310E+02  .141575447E+02  .142363315E+02  .143123776E+02  .143854764E+02
  .144554290E+02  .145220444E+02  .145851399E+02  .146445411E+02  .147000824E+02
  .147516072E+02  .147989678E+02  .148420262E+02  .148806534E+02  .149147302E+02
  .149441471E+02  .149688042E+02  .149886114E+02  .150034885E+02  .150133649E+02
  .150181800E+02  .150178827E+02  .150124317E+02  .150017953E+02  .149859512E+02
  .149648864E+02  .149385973E+02  .149070893E+02  .148703765E+02  .148284820E+02
  .147814371E+02  .147292817E+02  .146720636E+02  .146098384E+02  .145426692E+02
  .144706265E+02  .143937879E+02  .143122375E+02  .142260662E+02  .141353706E+02
  .140402534E+02  .139408229E+02  .138371925E+02  .137294804E+02  .136178096E+02
  .135023071E+02  .133831040E+02  .132603348E+02  .131341375E+02  .130046527E+02
  .128720241E+02  .127363971E+02  .125979195E+02  .124567405E+02  .123130109E+02
  .121668823E+02  .120185071E+02  .118680382E+02  .117156285E+02  .115614310E+02
  .114055980E+02  .112482816E+02  .110896324E+02  .109298004E+02  .107689337E+02
  .106071791E+02  .104446814E+02  .102815835E+02  .101180257E+02  .995414639E+01
  .979008082E+01  .962596174E+01  .946191880E+01  .929807871E+01  .913456478E+01
  .897149713E+01  .880899225E+01  .864716322E+01  .848611927E+01  .832596607E+01
  .816680527E+01  .800873482E+01  .785184855E+01  .769623645E+01  .754198435E+01
  .738917419E+01  .723788366E+01  .708818655E+01  .694015243E+01  .679384694E+01
  .664933152E+01  .650666375E+01  .636589704E+01  .622708101E+01  .609026129E+01
  .595547960E+01  .582277388E+01  .569217835E+01  .556372352E+01  .543743631E+01
  .531333999E+01  .519145450E+01  .507179636E+01  .495437863E+01  .483921170E+01
  .472630217E+01  .461565442E+01  .450726917E+01  .440114513E+01  .429727755E+01
  .419565988E+01  .409628233E+01  .399913352E+01  .390419902E+01  .381146306E+01
  .372090701E+01  .363251116E+01  .354625307E+01  .346210950E+01  .338005470E+01
  .330006230E+01  .322210361E+01  .314614957E+01  .307216897E+01  .300013047E+01
  .293000073E+01  .286174649E+01  .279533266E+01  .273072445E+01  .266788540E+01
  .260677949E+01  .254736924E+01  .248961780E+01  .243348692E+01  .237893921E+01
  .232593601E+01  .227443966E+01  .222441134E+01  .217581339E+01  .212860711E+01
  .208275506E+01  .203821886E+01  .199496155E+01  .195294528E+01  .191213374E+01
  .187248978E+01  .183397792E+01  .179656190E+01  .176020719E+01  .172487857E+01
  .169054260E+01  .165716518E+01  .162471410E+01  .159315648E+01  .156246140E+01
  .153259732E+01  .150353468E+01  .147524332E+01  .144769508E+01  .142086125E+01
  .139471516E+01  .136922951E+01  .134437914E+01  .132013824E+01  .129648314E+01
  .127338953E+01  .125083525E+01  .122879745E+01  .120725548E+01  .118618796E+01
  .116557571E+01  .114539882E+01  .112563955E+01  .110627939E+01  .108730202E+01
  .106869033E+01  .105042937E+01  .103250337E+01  .101489869E+01  .997600867E+00
  .980597555E+00  .963875502E+00  .947423601E+00  .931229787E+00  .915284127E+00
  .899575677E+00  .884095611E+00  .868834064E+00  .853783264E+00  .838934347E+00
  .824280531E+00  .809813909E+00  .795528633E+00  .781417676E+00  .767476059E+00
  .753697591E+00  .740078109E+00  .726612181E+00  .713296395E+00  .700126040E+00
  .687098399E+00  .674209409E+00  .661456989E+00  .648837685E+00  .636350001E+00
  .623991023E+00  .611759782E+00  .599653866E+00  .587672791E+00  .575814581E+00
  .564079177E+00  .552465010E+00  .540972405E+00  .529600134E+00  .518348857E+00
  .507217660E+00  .496207494E+00  .485317701E+00  .474549476E+00  .463902393E+00
  .453377851E+00  .442975599E+00  .432697201E+00  .422542553E+00  .412513349E+00
  .402609583E+00  .392833035E+00  .383183778E+00  .373663643E+00  .364272734E+00
  .355012900E+00  .345884251E+00  .336888625E+00  .328026100E+00  .319298464E+00
  .310705747E+00  .302249658E+00  .293930165E+00  .285748840E+00  .277705567E+00
  .269801796E+00  .262037272E+00  .254413306E+00  .246929501E+00  .239587009E+00
  .232385261E+00  .225325042E+00  .218406209E+00  .211628749E+00  .204992549E+00
  .198497400E+00  .192142997E+00  .185928937E+00  .179854721E+00  .173919752E+00
  .168123337E+00  .162464684E+00  .156942911E+00  .151557038E+00  .146305999E+00
  .141188634E+00  .136203700E+00  .131349867E+00  .126625726E+00  .122029789E+00
  .117560493E+00  .113216204E+00  .108995221E+00  .104895778E+00  .100916049E+00
  .970541528E-01  .933081549E-01  .896760732E-01  .861558815E-01  .827455138E-01
  .794428680E-01  .762458109E-01  .731521812E-01  .701597945E-01  .672664467E-01
  .644699181E-01  .617679775E-01  .591583855E-01  .566388989E-01  .542072736E-01
  .518612686E-01  .495986489E-01  .474171894E-01  .453146776E-01  .432889167E-01
  .413377287E-01  .394589570E-01  .376504693E-01  .359101601E-01  .342359529E-01
  .326258031E-01  .310776999E-01  .295896686E-01  .281597729E-01  .267861166E-01
  .254668461E-01  .242001520E-01  .229842713E-01  .218174892E-01  .206981410E-01
  .196246139E-01  .185953485E-01  .176088409E-01  .166636433E-01  .157583654E-01
  .148916750E-01  .140622979E-01  .132690170E-01  .125106711E-01  .117861524E-01
  .110944030E-01  .104344110E-01  .980520510E-02  .920584903E-02  .863543570E-02
  .809308094E-02  .757791772E-02  .708909077E-02  .662575210E-02  .618705726E-02
  .577216283E-02  .538022479E-02  .501039796E-02  .466183630E-02  .433369394E-02
  .402512682E-02  .373529480E-02  .346336394E-02  .320850906E-02  .296991626E-02
  .274678534E-02  .253833218E-02  .234379082E-02  .216241541E-02  .199348180E-02
  .183628898E-02  .169016014E-02  .155444358E-02  .142851331E-02  .131176944E-02
  .120363839E-02  .110357285E-02  .101105166E-02  .925579477E-03  .846686342E-03
  .773927137E-03  .706880961E-03  .645150426E-03  .588360897E-03  .536159690E-03
  .488215234E-03  .444216218E-03  .403870715E-03  .366905310E-03  .333064230E-03
  .302108471E-03  .273814955E-03  .247975687E-03  .224396945E-03  .202898485E-03
  .183312775E-03  .165484252E-03  .149268612E-03  .134532124E-03  .121150974E-03
  .109010640E-03  .980052943E-04  .880372345E-04  .790163456E-04  .708595873E-04
  .634905095E-04  .568387949E-04  .508398271E-04  .454342829E-04  .405677497E-04
  .361903653E-04  .322564798E-04  .287243389E-04  .255557872E-04  .227159911E-04
  .201731791E-04  .178984006E-04  .158653007E-04  .140499101E-04  .124304504E-04
  .109871531E-04  .970209180E-05  .855902601E-05  .754325768E-05  .664149769E-05
  .584174290E-05  .513316266E-05  .450599421E-05  .395144637E-05  .346161108E-05
  .302938188E-05  .264837991E-05  .231288425E-05  .201777093E-05  .175845450E-05
  .153083621E-05  .133125691E-05  .115645258E-05  .100351522E-05  .869856791E-06
  .753176358E-06  .651433417E-06  .562807914E-06  .485716071E-06  .418704248E-06
  .360543915E-06  .310096481E-06  .266391157E-06  .228572237E-06  .195886380E-06
  .167671188E-06  .143344952E-06  .122397465E-06  .104381797E-06  .889069422E-07
  .756312632E-07  .642566367E-07  .545232501E-07  .462049729E-07  .391052475E-07
  .330534475E-07  .279016533E-07  .235218013E-07  .198031678E-07  .166501507E-07
  .139803168E-07  .117226853E-07  .981622094E-08  .820851351E-08  .685462195E-08
  .571606409E-08  .475993510E-08  .395813928E-08  .328672166E-08  .272528723E-08
  .225649717E-08  .186563248E-08  .154021657E-08  .126968929E-08  .104512599E-08
  .858995483E-09  .704952175E-09  .577657530E-09  .472627159E-09  .386099976E-09
  .314926441E-09  .256473257E-09  .208542219E-09  .169301240E-09  .137225812E-09
  .111049408E-09  .897215302E-10  .723722832E-10  .582825058E-10  .468586345E-10
  .376115834E-10  .301390288E-10  .241105757E-10  .192553587E-10  .153516949E-10
  .122184661E-10  .970795149E-11  .769987988E-11  .609650029E-11  .481850554E-11
  .380166660E-11  .299405894E-11  .235378088E-11  .184708024E-11  .144681893E-11
  .113121693E-11  .882826716E-12  .687697463E-12  .534695151E-12  .414950583E-12
  .321412101E-12  .248483832E-12  .191733688E-12  .147658128E-12  .113493019E-12
  .870618645E-13  .666542619E-13  .509287588E-13  .388353732E-13  .295539172E-13
  .224450047E-13  .170112127E-13  .128663557E-13  .971123054E-14  .731450706E-14
  .549770646E-14  .412341689E-14  .308606889E-14  .230472998E-14  .171748862E-14
  .127708649E-14  .947529087E-15  .701461236E-15  .518139496E-15  .381869127E-15
  .280801919E-15  .206013665E-15  .150797831E-15  .110125996E-15  .802366501E-16
  .583225240E-16  .422934117E-16  .305966742E-16  .220817215E-16  .158979396E-16
  .114179956E-16  .818034872E-17  .584626334E-17  .416774490E-17  .296368171E-17
  .210213710E-17  .148723917E-17  .104949901E-17  .738678955E-18  .518552582E-18
  .363064723E-18  .253524631E-18  .176559738E-18  .122627829E-18  .849381052E-19
  .586708600E-19  .404146450E-19  .277614061E-19  .190160518E-19  .129886838E-19
  .884637644E-20  .600773289E-20  .406808547E-20  .274658458E-20  .184887868E-20
  .124086729E-20  .830295266E-21  .553883967E-21  .368360123E-21  .244220692E-21
  .161412315E-21  .106346558E-21  .698442816E-22  .457242796E-22  .298372865E-22
  .194068892E-22  .125812637E-22  .812927508E-23  .523511149E-23  .335995797E-23
  .214912988E-23  .136993317E-23  .870223652E-24  .550863407E-24  .347476270E-24
  .218404254E-24  .136784902E-24  .853576922E-25  .530714290E-25  .328759710E-25
  .202900000E-25  .124754725E-25  .764168620E-26  .466298757E-26  .283444279E-26
  .171626725E-26  .103514506E-26  .621873112E-27  .372110293E-27  .221766474E-27
  .131631328E-27  .778119937E-28  .458081098E-28  .268553785E-28  .156782534E-28
  .911435388E-29  .527594308E-29  .304091593E-29  .174510998E-29  .997100968E-30
  .567201249E-30  .321218516E-30  .181097665E-30  .101638311E-30  .567829105E-31
  .315774222E-31  .174790407E-31  .962993546E-32  .528052219E-32  .288177993E-32
  .156515667E-32  .845961070E-33  .455009932E-33  .243529495E-33  .129695405E-33
  .687261405E-34  .362347736E-34  .190071563E-34  .991923953E-35  .514980467E-35
  .265971846E-35  .136645195E-35  .698309534E-36  .354958418E-36  .179458382E-36
  .902375926E-37  .451262581E-37  .224424191E-37  .110991277E-37  .545842105E-38
  .266921929E-38  .129783775E-38  .627415459E-39  .301556224E-39  .144091743E-39
  .684458170E-40  .323199665E-40  .151701567E-40  .707755499E-41  .328192880E-41
  .151253806E-41  .692776434E-42  .315331791E-42  .142629162E-42  .641051210E-43
  .286285056E-43  .127029259E-43  .559996601E-44  .245256653E-44  .106705561E-44
  .461170016E-45  .197979194E-45  .844187809E-46  .357516441E-46  .150371864E-46
  .628097114E-47  .260526864E-47  .107304860E-47  .438836689E-48  .178187989E-48
  .718325031E-49  .287478644E-49  .114210737E-49  .450401266E-50  .176302292E-50
  .684945757E-51  .264099911E-51  .101057366E-51  .383732819E-52  .144585442E-52
  .540540283E-53  .200499166E-53  .737820916E-54  .269349805E-54  .975401831E-55
  .350372831E-55  .124841782E-55  .441020284E-56  .154540743E-56  .537029949E-57
  .185076854E-57  .632635446E-58  .214625002E-58  .725350373E-59  .245192486E-59
  .852238420E-60  .319504415E-60  .150006219E-60  .112908342E-60  .000000000E+00
  .000000000E+00  .000000000E+00  .000000000E+00  .000000000E+00  .000000000E+00
  .000000000E+00  .000000000E+00  .000000000E+00  .000000000E+00  .000000000E+00
  .000000000E+00  .000000000E+00  .000000000E+00  .000000000E+00  .000000000E+00
  .000000000E+00  .000000000E+00  .000000000E+00  .000000000E+00  .000000000E+00
  .000000000E+00  .000000000E+00  .000000000E+00  .000000000E+00  .000000000E+00
  .000000000E+00  .000000000E+00  .000000000E+00  .000000000E+00  .000000000E+00
  .000000000E+00  .000000000E+00  .000000000E+00  .000000000E+00  .000000000E+00
  .000000000E+00  .000000000E+00  .000000000E+00  .000000000E+00  .000000000E+00
  .000000000E+00  .000000000E+00  .000000000E+00  .000000000E+00  .000000000E+00
  .000000000E+00  .000000000E+00  .000000000E+00  .000000000E+00  .000000000E+00
  .000000000E+00  .000000000E+00  .000000000E+00  .000000000E+00  .000000000E+00
  .000000000E+00  .000000000E+00  .000000000E+00  .000000000E+00  .000000000E+00
  .000000000E+00  .000000000E+00  .000000000E+00  .000000000E+00  .000000000E+00
  .000000000E+00  .000000000E+00  .000000000E+00  .000000000E+00  .000000000E+00
  .000000000E+00  .000000000E+00  .000000000E+00  .000000000E+00  .000000000E+00
  .000000000E+00  .000000000E+00  .000000000E+00  .000000000E+00  .000000000E+00
  .000000000E+00  .000000000E+00  .000000000E+00  .000000000E+00  .000000000E+00
  .000000000E+00  .000000000E+00  .000000000E+00  .000000000E+00  .000000000E+00
  .000000000E+00  .000000000E+00  .000000000E+00  .000000000E+00  .000000000E+00
  .000000000E+00  .000000000E+00  .000000000E+00  .000000000E+00  .000000000E+00
  .000000000E+00  .000000000E+00  .000000000E+00  .000000000E+00  .000000000E+00
  .000000000E+00  .000000000E+00  .000000000E+00  .000000000E+00  .000000000E+00
  .000000000E+00  .000000000E+00  .000000000E+00  .000000000E+00  .000000000E+00
  .000000000E+00  .000000000E+00  .000000000E+00  .000000000E+00  .000000000E+00
  .000000000E+00  .000000000E+00  .000000000E+00  .000000000E+00  .000000000E+00
  .000000000E+00  .000000000E+00  .000000000E+00  .000000000E+00  .000000000E+00
  .000000000E+00  .000000000E+00  .000000000E+00  .000000000E+00  .000000000E+00
  .000000000E+00  .000000000E+00  .000000000E+00  .000000000E+00  .000000000E+00
  .000000000E+00  .000000000E+00  .000000000E+00  .000000000E+00  .000000000E+00
  .000000000E+00  .000000000E+00  .000000000E+00  .000000000E+00  .000000000E+00
  .000000000E+00  .000000000E+00  .000000000E+00  .000000000E+00  .000000000E+00
  .000000000E+00  .000000000E+00  .000000000E+00  .000000000E+00  .000000000E+00
  .000000000E+00  .000000000E+00  .000000000E+00  .000000000E+00  .000000000E+00
  .000000000E+00  .000000000E+00  .000000000E+00  .000000000E+00  .000000000E+00
  .000000000E+00  .000000000E+00  .000000000E+00  .000000000E+00  .000000000E+00
  .000000000E+00  .000000000E+00  .000000000E+00  .000000000E+00  .000000000E+00
  .000000000E+00  .000000000E+00  .000000000E+00  .000000000E+00  .000000000E+00
  .000000000E+00  .000000000E+00  .000000000E+00  .000000000E+00  .000000000E+00
  .000000000E+00  .000000000E+00  .000000000E+00  .000000000E+00  .000000000E+00
  .000000000E+00  .000000000E+00  .000000000E+00  .000000000E+00  .000000000E+00
  .000000000E+00  .000000000E+00  .000000000E+00  .000000000E+00  .000000000E+00
