Tl:                                     
  .500718471E+00  .507141011E+00  .513645169E+00  .520231967E+00  .526902441E+00
  .533657637E+00  .540498616E+00  .547426452E+00  .554442231E+00  .561547052E+00
  .568742028E+00  .576028286E+00  .583406967E+00  .590879223E+00  .598446225E+00
  .606109153E+00  .613869205E+00  .621727591E+00  .629685538E+00  .637744287E+00
  .645905093E+00  .654169227E+00  .662537977E+00  .671012642E+00  .679594542E+00
  .688285010E+00  .697085396E+00  .705997065E+00  .715021400E+00  .724159799E+00
  .733413680E+00  .742784475E+00  .752273634E+00  .761882624E+00  .771612931E+00
  .781466057E+00  .791443525E+00  .801546873E+00  .811777658E+00  .822137457E+00
  .832627866E+00  .843250497E+00  .854006986E+00  .864898984E+00  .875928165E+00
  .887096221E+00  .898404865E+00  .909855829E+00  .921450867E+00  .933191755E+00
  .945080287E+00  .957118280E+00  .969307572E+00  .981650024E+00  .994147518E+00
  .100680196E+01  .101961527E+01  .103258940E+01  .104572633E+01  .105902805E+01
  .107249658E+01  .108613396E+01  .109994227E+01  .111392358E+01  .112808001E+01
  .114241372E+01  .115692685E+01  .117162161E+01  .118650021E+01  .120156489E+01
  .121681792E+01  .123226159E+01  .124789823E+01  .126373018E+01  .127975982E+01
  .129598955E+01  .131242181E+01  .132905905E+01  .134590377E+01  .136295846E+01
  .138022569E+01  .139770803E+01  .141540808E+01  .143332848E+01  .145147188E+01
  .146984099E+01  .148843853E+01  .150726725E+01  .152632996E+01  .154562946E+01
  .156516861E+01  .158495030E+01  .160497743E+01  .162525297E+01  .164577990E+01
  .166656124E+01  .168760004E+01  .170889938E+01  .173046239E+01  .175229222E+01
  .177439208E+01  .179676518E+01  .181941479E+01  .184234422E+01  .186555679E+01
  .188905590E+01  .191284494E+01  .193692738E+01  .196130670E+01  .198598643E+01
  .201097013E+01  .203626143E+01  .206186396E+01  .208778141E+01  .211401750E+01
  .214057602E+01  .216746077E+01  .219467560E+01  .222222441E+01  .225011114E+01
  .227833976E+01  .230691431E+01  .233583884E+01  .236511747E+01  .239475437E+01
  .242475372E+01  .245511978E+01  .248585684E+01  .251696924E+01  .254846136E+01
  .258033765E+01  .261260258E+01  .264526067E+01  .267831651E+01  .271177472E+01
  .274563998E+01  .277991702E+01  .281461059E+01  .284972554E+01  .288526674E+01
  .292123911E+01  .295764764E+01  .299449735E+01  .303179334E+01  .306954072E+01
  .310774471E+01  .314641054E+01  .318554350E+01  .322514896E+01  .326523233E+01
  .330579906E+01  .334685468E+01  .338840476E+01  .343045494E+01  .347301092E+01
  .351607843E+01  .355966329E+01  .360377137E+01  .364840858E+01  .369358092E+01
  .373929443E+01  .378555522E+01  .383236945E+01  .387974335E+01  .392768321E+01
  .397619538E+01  .402528628E+01  .407496238E+01  .412523024E+01  .417609644E+01
  .422756766E+01  .427965064E+01  .433235218E+01  .438567913E+01  .443963844E+01
  .449423710E+01  .454948217E+01  .460538079E+01  .466194015E+01  .471916752E+01
  .477707024E+01  .483565572E+01  .489493143E+01  .495490490E+01  .501558377E+01
  .507697570E+01  .513908846E+01  .520192986E+01  .526550782E+01  .532983030E+01
  .539490533E+01  .546074104E+01  .552734561E+01  .559472731E+01  .566289446E+01
  .573185547E+01  .580161883E+01  .587219309E+01  .594358689E+01  .601580892E+01
  .608886798E+01  .616277292E+01  .623753267E+01  .631315624E+01  .638965272E+01
  .646703127E+01  .654530113E+01  .662447161E+01  .670455212E+01  .678555211E+01
  .686748114E+01  .695034884E+01  .703416491E+01  .711893913E+01  .720468137E+01
  .729140155E+01  .737910971E+01  .746781593E+01  .755753040E+01  .764826335E+01
  .774002513E+01  .783282615E+01  .792667690E+01  .802158794E+01  .811756992E+01
  .821463356E+01  .831278968E+01  .841204915E+01  .851242294E+01  .861392208E+01
  .871655769E+01  .882034097E+01  .892528319E+01  .903139571E+01  .913868994E+01
  .924717740E+01  .935686966E+01  .946777840E+01  .957991533E+01  .969329228E+01
  .980792114E+01  .992381385E+01  .100409825E+02  .101594391E+02  .102791959E+02
  .104002652E+02  .105226592E+02  .106463904E+02  .107714713E+02  .108979144E+02
  .110257323E+02  .111549377E+02  .112855434E+02  .114175621E+02  .115510069E+02
  .116858905E+02  .118222261E+02  .119600267E+02  .120993054E+02  .122400756E+02
  .123823504E+02  .125261432E+02  .126714674E+02  .128183364E+02  .129667638E+02
  .131167630E+02  .132683478E+02  .134215318E+02  .135763287E+02  .137327522E+02
  .138908163E+02  .140505348E+02  .142119215E+02  .143749905E+02  .145397558E+02
  .147062313E+02  .148744312E+02  .150443696E+02  .152160606E+02  .153895184E+02
  .155647573E+02  .157417914E+02  .159206351E+02  .161013027E+02  .162838084E+02
  .164681666E+02  .166543917E+02  .168424980E+02  .170324999E+02  .172244117E+02
  .174182480E+02  .176140231E+02  .178117515E+02  .180114474E+02  .182131253E+02
  .184167997E+02  .186224848E+02  .188301951E+02  .190399449E+02  .192517486E+02
  .194656204E+02  .196815747E+02  .198996256E+02  .201197875E+02  .203420744E+02
  .205665006E+02  .207930800E+02  .210218269E+02  .212527551E+02  .214858785E+02
  .217212111E+02  .219587667E+02  .221985589E+02  .224406015E+02  .226849079E+02
  .229314918E+02  .231803665E+02  .234315452E+02  .236850413E+02  .239408678E+02
  .241990377E+02  .244595638E+02  .247224590E+02  .249877358E+02  .252554068E+02
  .255254843E+02  .257979805E+02  .260729075E+02  .263502772E+02  .266301013E+02
  .269123915E+02  .271971591E+02  .274844153E+02  .277741712E+02  .280664376E+02
  .283612252E+02  .286585444E+02  .289584054E+02  .292608182E+02  .295657925E+02
  .298733380E+02  .301834638E+02  .304961791E+02  .308114925E+02  .311294126E+02
  .314499476E+02  .317731054E+02  .320988938E+02  .324273200E+02  .327583911E+02
  .330921138E+02  .334284945E+02  .337675393E+02  .341092538E+02  .344536435E+02
  .348007134E+02  .351504680E+02  .355029117E+02  .358580483E+02  .362158812E+02
  .365764136E+02  .369396480E+02  .373055866E+02  .376742312E+02  .380455831E+02
  .384196432E+02  .387964119E+02  .391758890E+02  .395580739E+02  .399429657E+02
  .403305626E+02  .407208625E+02  .411138629E+02  .415095604E+02  .419079513E+02
  .423090313E+02  .427127955E+02  .431192384E+02  .435283538E+02  .439401351E+02
  .443545749E+02  .447716652E+02  .451913975E+02  .456137624E+02  .460387500E+02
  .464663496E+02  .468965499E+02  .473293388E+02  .477647037E+02  .482026309E+02
  .486431063E+02  .490861148E+02  .495316407E+02  .499796675E+02  .504301778E+02
  .508831534E+02  .513385754E+02  .517964241E+02  .522566787E+02  .527193178E+02
  .531843191E+02  .536516592E+02  .541213142E+02  .545932590E+02  .550674676E+02
  .555439132E+02  .560225680E+02  .565034033E+02  .569863893E+02  .574714953E+02
  .579586898E+02  .584479400E+02  .589392124E+02  .594324721E+02  .599276835E+02
  .604248100E+02  .609238136E+02  .614246555E+02  .619272958E+02  .624316935E+02
  .629378065E+02  .634455917E+02  .639550047E+02  .644660001E+02  .649785313E+02
  .654925508E+02  .660080097E+02  .665248580E+02  .670430446E+02  .675625172E+02
  .680832224E+02  .686051055E+02  .691281107E+02  .696521810E+02  .701772581E+02
  .707032828E+02  .712301943E+02  .717579309E+02  .722864295E+02  .728156259E+02
  .733454545E+02  .738758488E+02  .744067409E+02  .749380615E+02  .754697404E+02
  .760017060E+02  .765338854E+02  .770662048E+02  .775985888E+02  .781309610E+02
  .786632438E+02  .791953583E+02  .797272245E+02  .802587610E+02  .807898856E+02
  .813205144E+02  .818505629E+02  .823799449E+02  .829085734E+02  .834363601E+02
  .839632157E+02  .844890496E+02  .850137702E+02  .855372848E+02  .860594997E+02
  .865803199E+02  .870996497E+02  .876173922E+02  .881334493E+02  .886477223E+02
  .891601112E+02  .896705153E+02  .901788330E+02  .906849615E+02  .911887975E+02
  .916902367E+02  .921891740E+02  .926855034E+02  .931791185E+02  .936699118E+02
  .941577754E+02  .946426006E+02  .951242782E+02  .956026984E+02  .960777508E+02
  .965493245E+02  .970173083E+02  .974815905E+02  .979420591E+02  .983986017E+02
  .988511056E+02  .992994581E+02  .997435461E+02  .100183257E+03  .100618476E+03
  .101049092E+03  .101474991E+03  .101896059E+03  .102312185E+03  .102723256E+03
  .103129158E+03  .103529781E+03  .103925012E+03  .104314741E+03  .104698857E+03
  .105077251E+03  .105449813E+03  .105816434E+03  .106177008E+03  .106531427E+03
  .106879587E+03  .107221382E+03  .107556709E+03  .107885467E+03  .108207553E+03
  .108522870E+03  .108831319E+03  .109132803E+03  .109427229E+03  .109714503E+03
  .109994534E+03  .110267234E+03  .110532515E+03  .110790292E+03  .111040483E+03
  .111283007E+03  .111517787E+03  .111744747E+03  .111963814E+03  .112174919E+03
  .112377993E+03  .112572974E+03  .112759798E+03  .112938410E+03  .113108752E+03
  .113270775E+03  .113424429E+03  .113569670E+03  .113706457E+03  .113834753E+03
  .113954525E+03  .114065742E+03  .114168381E+03  .114262419E+03  .114347839E+03
  .114424630E+03  .114492782E+03  .114552293E+03  .114603164E+03  .114645400E+03
  .114679013E+03  .114704018E+03  .114720436E+03  .114728293E+03  .114727621E+03
  .114718455E+03  .114700839E+03  .114674819E+03  .114640449E+03  .114597788E+03
  .114546900E+03  .114487856E+03  .114420732E+03  .114345610E+03  .114262580E+03
  .114171735E+03  .114073177E+03  .113967013E+03  .113853355E+03  .113732325E+03
  .113604047E+03  .113468654E+03  .113326286E+03  .113177088E+03  .113021212E+03
  .112858817E+03  .112690069E+03  .112515139E+03  .112334205E+03  .112147454E+03
  .111955076E+03  .111757270E+03  .111554242E+03  .111346202E+03  .111133369E+03
  .110915968E+03  .110694229E+03  .110468391E+03  .110238696E+03  .110005396E+03
  .109768746E+03  .109529009E+03  .109286454E+03  .109041355E+03  .108793993E+03
  .108544654E+03  .108293630E+03  .108041218E+03  .107787721E+03  .107533446E+03
  .107278708E+03  .107023823E+03  .106769115E+03  .106514911E+03  .106261542E+03
  .106009343E+03  .105758656E+03  .105509823E+03  .105263191E+03  .105019110E+03
  .104777934E+03  .104540019E+03  .104305722E+03  .104075406E+03  .103849433E+03
  .103628166E+03  .103411972E+03  .103201217E+03  .102996269E+03  .102797496E+03
  .102605266E+03  .102419945E+03  .102241901E+03  .102071500E+03  .101909107E+03
  .101755083E+03  .101609790E+03  .101473586E+03  .101346825E+03  .101229858E+03
  .101123035E+03  .101026698E+03  .100941186E+03  .100866834E+03  .100803969E+03
  .100752913E+03  .100713984E+03  .100687489E+03  .100673730E+03  .100673002E+03
  .100685589E+03  .100711770E+03  .100751811E+03  .100805970E+03  .100874496E+03
  .100957625E+03  .101055585E+03  .101168589E+03  .101296841E+03  .101440531E+03
  .101599836E+03  .101774920E+03  .101965933E+03  .102173011E+03  .102396276E+03
  .102635834E+03  .102891774E+03  .103164172E+03  .103453087E+03  .103758558E+03
  .104080611E+03  .104419253E+03  .104774473E+03  .105146241E+03  .105534510E+03
  .105939213E+03  .106360264E+03  .106797559E+03  .107250973E+03  .107720360E+03
  .108205557E+03  .108706377E+03  .109222616E+03  .109754047E+03  .110300423E+03
  .110861476E+03  .111436916E+03  .112026435E+03  .112629701E+03  .113246361E+03
  .113876043E+03  .114518352E+03  .115172873E+03  .115839171E+03  .116516789E+03
  .117205250E+03  .117904057E+03  .118612692E+03  .119330620E+03  .120057283E+03
  .120792107E+03  .121534496E+03  .122283840E+03  .123039509E+03  .123800854E+03
  .124567212E+03  .125337902E+03  .126112230E+03  .126889483E+03  .127668937E+03
  .128449853E+03  .129231479E+03  .130013053E+03  .130793799E+03  .131572931E+03
  .132349656E+03  .133123171E+03  .133892663E+03  .134657316E+03  .135416307E+03
  .136168808E+03  .136913988E+03  .137651014E+03  .138379052E+03  .139097266E+03
  .139804824E+03  .140500895E+03  .141184651E+03  .141855271E+03  .142511938E+03
  .143153844E+03  .143780189E+03  .144390184E+03  .144983052E+03  .145558027E+03
  .146114360E+03  .146651314E+03  .147168174E+03  .147664240E+03  .148138832E+03
  .148591293E+03  .149020987E+03  .149427305E+03  .149809658E+03  .150167490E+03
  .150500269E+03  .150807494E+03  .151088694E+03  .151343431E+03  .151571299E+03
  .151771928E+03  .151944982E+03  .152090163E+03  .152207212E+03  .152295905E+03
  .152356063E+03  .152387544E+03  .152390249E+03  .152364124E+03  .152309155E+03
  .152225375E+03  .152112859E+03  .151971731E+03  .151802159E+03  .151604357E+03
  .151378588E+03  .151125160E+03  .150844429E+03  .150536800E+03  .150202723E+03
  .149842698E+03  .149457270E+03  .149047034E+03  .148612629E+03  .148154742E+03
  .147674106E+03  .147171497E+03  .146647738E+03  .146103695E+03  .145540276E+03
  .144958432E+03  .144359153E+03  .143743468E+03  .143112447E+03  .142467192E+03
  .141808844E+03  .141138574E+03  .140457587E+03  .139767114E+03  .139068418E+03
  .138362785E+03  .137651524E+03  .136935965E+03  .136217458E+03  .135497369E+03
  .134777077E+03  .134057972E+03  .133341452E+03  .132628924E+03  .131921792E+03
  .131221465E+03  .130529348E+03  .129846837E+03  .129175323E+03  .128516182E+03
  .127870776E+03  .127240448E+03  .126626521E+03  .126030291E+03  .125453028E+03
  .124895969E+03  .124360319E+03  .123847243E+03  .123357868E+03  .122893275E+03
  .122454501E+03  .122042529E+03  .121658294E+03  .121302673E+03  .120976484E+03
  .120680485E+03  .120415371E+03  .120181768E+03  .119980237E+03  .119811264E+03
  .119675266E+03  .119572580E+03  .119503471E+03  .119468121E+03  .119466634E+03
  .119499031E+03  .119565250E+03  .119665145E+03  .119798486E+03  .119964956E+03
  .120164151E+03  .120395584E+03  .120658678E+03  .120952770E+03  .121277114E+03
  .121630876E+03  .122013137E+03  .122422898E+03  .122859073E+03  .123320499E+03
  .123805933E+03  .124314055E+03  .124843470E+03  .125392712E+03  .125960244E+03
  .126544463E+03  .127143702E+03  .127756234E+03  .128380277E+03  .129013993E+03
  .129655498E+03  .130302861E+03  .130954113E+03  .131607246E+03  .132260223E+03
  .132910981E+03  .133557434E+03  .134197481E+03  .134829009E+03  .135449899E+03
  .136058035E+03  .136651302E+03  .137227598E+03  .137784837E+03  .138320958E+03
  .138833923E+03  .139321731E+03  .139782421E+03  .140214075E+03  .140614826E+03
  .140982864E+03  .141316441E+03  .141613876E+03  .141873560E+03  .142093962E+03
  .142273633E+03  .142411212E+03  .142505429E+03  .142555114E+03  .142559193E+03
  .142516700E+03  .142426776E+03  .142288675E+03  .142101765E+03  .141865535E+03
  .141579590E+03  .141243662E+03  .140857607E+03  .140421407E+03  .139935173E+03
  .139399143E+03  .138813686E+03  .138179300E+03  .137496613E+03  .136766381E+03
  .135989489E+03  .135166948E+03  .134299892E+03  .133389581E+03  .132437392E+03
  .131444821E+03  .130413478E+03  .129345082E+03  .128241460E+03  .127104540E+03
  .125936346E+03  .124738997E+03  .123514696E+03  .122265728E+03  .120994453E+03
  .119703300E+03  .118394759E+03  .117071377E+03  .115735748E+03  .114390507E+03
  .113038323E+03  .111681892E+03  .110323927E+03  .108967152E+03  .107614293E+03
  .106268071E+03  .104931194E+03  .103606348E+03  .102296188E+03  .101003333E+03
  .997303560E+02  .984797769E+02  .972540539E+02  .960555765E+02  .948866585E+02
  .937495297E+02  .926463303E+02  .915791027E+02  .905497867E+02  .895602115E+02
  .886120918E+02  .877070206E+02  .868464654E+02  .860317625E+02  .852641136E+02
  .845445811E+02  .838740852E+02  .832534004E+02  .826831537E+02  .821638216E+02
  .816957294E+02  .812790495E+02  .809138013E+02  .805998505E+02  .803369103E+02
  .801245414E+02  .799621546E+02  .798490116E+02  .797842279E+02  .797667760E+02
  .797954881E+02  .798690606E+02  .799860580E+02  .801449178E+02  .803439554E+02
  .805813701E+02  .808552507E+02  .811635818E+02  .815042506E+02  .818750539E+02
  .822737047E+02  .826978409E+02  .831450315E+02  .836127862E+02  .840985618E+02
  .845997722E+02  .851137949E+02  .856379815E+02  .861696640E+02  .867061655E+02
  .872448068E+02  .877829164E+02  .883178376E+02  .888469382E+02  .893676169E+02
  .898773133E+02  .903735139E+02  .908537610E+02  .913156588E+02  .917568822E+02
  .921751813E+02  .925683902E+02  .929344310E+02  .932713215E+02  .935771786E+02
  .938502251E+02  .940887928E+02  .942913279E+02  .944563933E+02  .945826737E+02
  .946689763E+02  .947142353E+02  .947175118E+02  .946779971E+02  .945950122E+02
  .944680094E+02  .942965717E+02  .940804131E+02  .938193770E+02  .935134359E+02
  .931626888E+02  .927673591E+02  .923277948E+02  .918444623E+02  .913179449E+02
  .907489389E+02  .901382499E+02  .894867886E+02  .887955667E+02  .880656916E+02
  .872983625E+02  .864948629E+02  .856565599E+02  .847848941E+02  .838813764E+02
  .829475805E+02  .819851393E+02  .809957364E+02  .799811027E+02  .789430077E+02
  .778832559E+02  .768036785E+02  .757061297E+02  .745924779E+02  .734646031E+02
  .723243874E+02  .711737134E+02  .700144540E+02  .688484718E+02  .676776090E+02
  .665036869E+02  .653284964E+02  .641537979E+02  .629813122E+02  .618127207E+02
  .606496568E+02  .594937065E+02  .583464005E+02  .572092154E+02  .560835659E+02
  .549708067E+02  .538722254E+02  .527890450E+02  .517224166E+02  .506734235E+02
  .496430741E+02  .486323059E+02  .476419797E+02  .466728839E+02  .457257294E+02
  .448011538E+02  .438997173E+02  .430219078E+02  .421681366E+02  .413387435E+02
  .405339944E+02  .397540858E+02  .389991430E+02  .382692251E+02  .375643234E+02
  .368843668E+02  .362292208E+02  .355986927E+02  .349925312E+02  .344104319E+02
  .338520368E+02  .333169403E+02  .328046890E+02  .323147872E+02  .318466975E+02
  .313998461E+02  .309736235E+02  .305673901E+02  .301804764E+02  .298121890E+02
  .294618108E+02  .291286067E+02  .288118241E+02  .285106982E+02  .282244528E+02
  .279523046E+02  .276934649E+02  .274471434E+02  .272125497E+02  .269888966E+02
  .267754020E+02  .265712914E+02  .263758004E+02  .261881760E+02  .260076795E+02
  .258335861E+02  .256651917E+02  .255018094E+02  .253427733E+02  .251874386E+02
  .250351844E+02  .248854134E+02  .247375537E+02  .245910593E+02  .244454112E+02
  .243001173E+02  .241547138E+02  .240087626E+02  .238618585E+02  .237136224E+02
  .235637042E+02  .234117818E+02  .232575619E+02  .231007790E+02  .229411956E+02
  .227786012E+02  .226128124E+02  .224436716E+02  .222710473E+02  .220948322E+02
  .219149436E+02  .217313208E+02  .215439273E+02  .213527470E+02  .211577844E+02
  .209590631E+02  .207566259E+02  .205505322E+02  .203408583E+02  .201276957E+02
  .199111501E+02  .196913403E+02  .194683975E+02  .192424637E+02  .190136912E+02
  .187822408E+02  .185482818E+02  .183119902E+02  .180735480E+02  .178331423E+02
  .175909645E+02  .173472088E+02  .171020722E+02  .168557532E+02  .166084512E+02
  .163603650E+02  .161116937E+02  .158626341E+02  .156133818E+02  .153641292E+02
  .151150662E+02  .148663784E+02  .146182481E+02  .143708521E+02  .141243632E+02
  .138789482E+02  .136347687E+02  .133919802E+02  .131507325E+02  .129111682E+02
  .126734245E+02  .124376309E+02  .122039109E+02  .119723807E+02  .117431500E+02
  .115163212E+02  .112919901E+02  .110702453E+02  .108511688E+02  .106348357E+02
  .104213146E+02  .102106673E+02  .100029493E+02  .979820986E+01  .959649197E+01
  .939783260E+01  .920226313E+01  .900980907E+01  .882049079E+01  .863432318E+01
  .845131640E+01  .827147557E+01  .809480150E+01  .792129041E+01  .775093465E+01
  .758372239E+01  .741963826E+01  .725866244E+01  .710077396E+01  .694594697E+01
  .679415461E+01  .664536521E+01  .649954708E+01  .635666404E+01  .621668034E+01
  .607955601E+01  .594525197E+01  .581372525E+01  .568493417E+01  .555883343E+01
  .543537940E+01  .531452509E+01  .519622557E+01  .508043271E+01  .496710078E+01
  .485618016E+01  .474762580E+01  .464138886E+01  .453742339E+01  .443568085E+01
  .433611583E+01  .423868039E+01  .414332993E+01  .405001748E+01  .395869954E+01
  .386933031E+01  .378186758E+01  .369626696E+01  .361248773E+01  .353048702E+01
  .345022574E+01  .337166266E+01  .329476044E+01  .321947956E+01  .314578445E+01
  .307363738E+01  .300300461E+01  .293385019E+01  .286614220E+01  .279984649E+01
  .273493294E+01  .267136916E+01  .260912680E+01  .254817521E+01  .248848774E+01
  .243003516E+01  .237279272E+01  .231673304E+01  .226183267E+01  .220806609E+01
  .215541028E+01  .210384223E+01  .205333996E+01  .200388181E+01  .195544711E+01
  .190801544E+01  .186156736E+01  .181608360E+01  .177154585E+01  .172793591E+01
  .168523651E+01  .164343043E+01  .160250132E+01  .156243288E+01  .152320962E+01
  .148481603E+01  .144723743E+01  .141045902E+01  .137446684E+01  .133924676E+01
  .130478543E+01  .127106933E+01  .123808569E+01  .120582150E+01  .117426447E+01
  .114340223E+01  .111322277E+01  .108371419E+01  .105486493E+01  .102666345E+01
  .999098562E+00  .972159084E+00  .945834134E+00  .920112864E+00  .894984687E+00
  .870439034E+00  .846465593E+00  .823054056E+00  .800194362E+00  .777876440E+00
  .756090461E+00  .734826580E+00  .714075186E+00  .693826644E+00  .674071550E+00
  .654800472E+00  .636004205E+00  .617673513E+00  .599799384E+00  .582372774E+00
  .565384865E+00  .548826800E+00  .532689952E+00  .516965655E+00  .501645475E+00
  .486720935E+00  .472183795E+00  .458025773E+00  .444238827E+00  .430814872E+00
  .417745962E+00  .405024326E+00  .392642323E+00  .380592273E+00  .368866746E+00
  .357458276E+00  .346359647E+00  .335563605E+00  .325063152E+00  .314851260E+00
  .304921153E+00  .295266024E+00  .285879324E+00  .276754472E+00  .267885148E+00
  .259265000E+00  .250887939E+00  .242747845E+00  .234838861E+00  .227155098E+00
  .219690933E+00  .212440709E+00  .205399034E+00  .198560482E+00  .191919894E+00
  .185472073E+00  .179212088E+00  .173134969E+00  .167236010E+00  .161510467E+00
  .155953852E+00  .150561641E+00  .145329565E+00  .140253311E+00  .135328749E+00
  .130551853E+00  .125918766E+00  .121425587E+00  .117068656E+00  .112844287E+00
  .108748954E+00  .104779209E+00  .100931694E+00  .972031394E-01  .935903632E-01
  .900902665E-01  .866998326E-01  .834161253E-01  .802362858E-01  .771575314E-01
  .741771527E-01  .712925119E-01  .685010407E-01  .658002377E-01  .631876669E-01
  .606609554E-01  .582177914E-01  .558559221E-01  .535731520E-01  .513673409E-01
  .492364020E-01  .471783001E-01  .451910498E-01  .432727140E-01  .414214021E-01
  .396352683E-01  .379125105E-01  .362513684E-01  .346501222E-01  .331070912E-01
  .316206331E-01  .301891417E-01  .288110469E-01  .274848126E-01  .262089365E-01
  .249819486E-01  .238024103E-01  .226689139E-01  .215800815E-01  .205345644E-01
  .195310422E-01  .185682223E-01  .176448393E-01  .167596547E-01  .159114557E-01
  .150990554E-01  .143212921E-01  .135770289E-01  .128651534E-01  .121845772E-01
  .115342359E-01  .109130886E-01  .103201176E-01  .975432834E-02  .921474903E-02
  .870043053E-02  .821044611E-02  .774389131E-02  .729988372E-02  .687756282E-02
  .647608987E-02  .609464764E-02  .573244035E-02  .538869346E-02  .506265350E-02
  .475358791E-02  .446078486E-02  .418355306E-02  .392122160E-02  .367313969E-02
  .343867654E-02  .321722105E-02  .300818165E-02  .281098602E-02  .262508087E-02
  .244993167E-02  .228502235E-02  .212985507E-02  .198394990E-02  .184684451E-02
  .171809385E-02  .159726987E-02  .148396115E-02  .137777255E-02  .127832489E-02
  .118525459E-02  .109821329E-02  .101686748E-02  .940898154E-03  .870000387E-03
  .803882989E-03  .742264693E-03  .684884155E-03  .631488895E-03  .581838601E-03
  .535704732E-03  .492870127E-03  .453128615E-03  .416284627E-03  .382152809E-03
  .350557645E-03  .321333073E-03  .294322120E-03  .269376530E-03  .246356410E-03
  .225129868E-03  .205572673E-03  .187567911E-03  .171005655E-03  .155782642E-03
  .141801956E-03  .128972723E-03  .117209810E-03  .106433541E-03  .965694141E-04
  .875478326E-04  .793038446E-04  .717768925E-04  .649105712E-04  .586523984E-04
  .529460057E-04  .477540575E-04  .430342678E-04  .387474406E-04  .348572785E-04
  .313301992E-04  .281351620E-04  .252435026E-04  .226287762E-04  .202666090E-04
  .181345581E-04  .162119782E-04  .144798962E-04  .129208932E-04  .115189926E-04
  .102595556E-04  .912918218E-05  .811561903E-05  .720767247E-05  .639512729E-05
  .566867078E-05  .501982167E-05  .444086395E-05  .392478505E-05  .346521844E-05
  .305639014E-05  .269306913E-05  .237052134E-05  .208446700E-05  .183104125E-05
  .160675763E-05  .140847449E-05  .123336401E-05  .107888360E-05  .942749711E-06
  .822913701E-06  .717539742E-06  .624984567E-06  .543778941E-06  .472610730E-06
  .410309452E-06  .355832189E-06  .308250767E-06  .266740100E-06  .230567606E-06
  .199083605E-06  .171712628E-06  .147945552E-06  .127332495E-06  .109476412E-06
  .940273119E-07  .806770702E-07  .691547534E-07  .592224311E-07  .506714190E-07
  .433189180E-07  .370050085E-07  .315899689E-07  .269518842E-07  .229845180E-07
  .195954203E-07  .167042489E-07  .142412804E-07  .121460932E-07  .103664040E-07
  .885704060E-08  .757903821E-08  .649884443E-08  .558762241E-08  .482064089E-08
  .417674207E-08  .363787887E-08  .318871436E-08  .281627695E-08  .250966592E-08
  .225980278E-08  .205922468E-08  .190191710E-08  .178318402E-08  .169955466E-08
  .164872572E-08  .162954579E-08  .164203552E-08  .134698006E-08  .110318629E-08
  .902069629E-09  .736426135E-09  .600220205E-09  .488403346E-09  .396759671E-09
  .321774414E-09  .260522218E-09  .210572392E-09  .169908685E-09  .136861487E-09
  .110050606E-09  .883370871E-10  .707826883E-10  .566158740E-10  .452033225E-10
  .360260973E-10  .286597562E-10  .227577761E-10  .180377679E-10  .142700322E-10
  .112680764E-10  .888077205E-11  .698588048E-11  .548471921E-11  .429777565E-11
  .336110748E-11  .262339413E-11  .204352654E-11  .158864066E-11  .123251644E-11
  .954276803E-12  .737332710E-12  .568529434E-12  .437457130E-12  .335895244E-12
  .257365704E-12  .196774382E-12  .150123971E-12  .114284573E-12  .868107841E-13
  .657961683E-13  .497577439E-13  .375444844E-13  .282650117E-13  .212305801E-13
  .159102230E-13  .118955456E-13  .887315528E-14  .660312107E-14  .490218494E-14
  .363070610E-14  .268253333E-14  .197716708E-14  .145370857E-14  .106619961E-14
  .780042481E-15  .569256337E-15  .414379842E-15  .300871927E-15  .217895429E-15
  .157394302E-15  .113395361E-15  .814812817E-16  .583939038E-16  .417364016E-16
  .297502758E-16  .211488170E-16  .149930769E-16  .105997471E-16  .747292531E-17
  .525371454E-17  .368309735E-17  .257466630E-17  .179465004E-17  .124732503E-17
  .864391391E-18  .597257984E-18  .411456527E-18  .282609041E-18  .193525326E-18
  .132120042E-18  .899224492E-19  .610134222E-19  .412695464E-19  .278272438E-19
  .187040615E-19  .125318689E-19  .836948666E-20  .557151929E-20  .369682578E-20
  .244485697E-20  .161151949E-20  .105867759E-20  .693148432E-21  .452284151E-21
  .294108263E-21  .190590764E-21  .123078782E-21  .792025356E-22  .507875526E-22
  .324508023E-22  .206600370E-22  .131057448E-22  .828332343E-23  .521611409E-23
  .327247427E-23  .204540416E-23  .127362831E-23  .790048554E-24  .488201482E-24
  .300514381E-24  .184263279E-24  .112539790E-24  .684626138E-25  .414827084E-25
  .250341620E-25  .150465629E-25  .900669986E-26  .536913041E-26  .318740839E-26
  .188431053E-26  .110926071E-26  .650229179E-27  .379521249E-27  .220560427E-27
  .127622092E-27  .735217251E-28  .421678784E-28  .240773450E-28  .136861295E-28
  .774430059E-29  .436211825E-29  .244574059E-29  .136491306E-29  .758167242E-30
  .419154497E-30  .230630032E-30  .126291347E-30  .688225254E-31  .373224384E-31
  .201407112E-31  .108150327E-31  .577845631E-32  .307191622E-32  .162481110E-32
  .855016822E-33  .447617306E-33  .233121065E-33  .120775954E-33  .622422752E-34
  .319064177E-34  .162682060E-34  .824995511E-35  .416097342E-35  .208713580E-35
  .104111740E-35  .516443248E-36  .254741626E-36  .124943020E-36  .609311046E-37
  .295434435E-37  .142415764E-37  .682510953E-38  .325158677E-38  .153990746E-38
  .724914320E-39  .339195883E-39  .157748484E-39  .729137213E-40  .334935617E-40
  .152897287E-40  .693589972E-41  .312642807E-41  .140027888E-41  .623130161E-42
  .275498119E-42  .121007266E-42  .528000505E-43  .228857028E-43  .985321500E-44
  .421358765E-44  .178962839E-44  .754895163E-45  .316227320E-45  .131545777E-45
  .543368964E-46  .222858176E-46  .907514068E-47  .366897066E-47  .147257024E-47
  .586709788E-48  .232038796E-48  .910881842E-49  .354896460E-49  .137231330E-49
  .526611637E-50  .200533337E-50  .757730601E-51  .284084890E-51  .105671833E-51
  .389960532E-52  .142759385E-52  .518421915E-53  .186736214E-53  .000000000E+00
  .000000000E+00  .000000000E+00  .000000000E+00  .000000000E+00  .000000000E+00
  .000000000E+00  .000000000E+00  .000000000E+00  .000000000E+00  .000000000E+00
  .000000000E+00  .000000000E+00  .000000000E+00  .000000000E+00  .000000000E+00
  .000000000E+00  .000000000E+00  .000000000E+00  .000000000E+00  .000000000E+00
  .000000000E+00  .000000000E+00  .000000000E+00  .000000000E+00  .000000000E+00
  .000000000E+00  .000000000E+00  .000000000E+00  .000000000E+00  .000000000E+00
  .000000000E+00  .000000000E+00  .000000000E+00  .000000000E+00  .000000000E+00
  .000000000E+00  .000000000E+00  .000000000E+00  .000000000E+00  .000000000E+00
  .000000000E+00  .000000000E+00  .000000000E+00  .000000000E+00  .000000000E+00
  .000000000E+00  .000000000E+00  .000000000E+00  .000000000E+00  .000000000E+00
  .000000000E+00  .000000000E+00  .000000000E+00  .000000000E+00  .000000000E+00
  .000000000E+00  .000000000E+00  .000000000E+00  .000000000E+00  .000000000E+00
  .000000000E+00  .000000000E+00  .000000000E+00  .000000000E+00  .000000000E+00
  .000000000E+00  .000000000E+00  .000000000E+00  .000000000E+00  .000000000E+00
  .000000000E+00  .000000000E+00  .000000000E+00  .000000000E+00  .000000000E+00
  .000000000E+00  .000000000E+00  .000000000E+00  .000000000E+00  .000000000E+00
  .000000000E+00  .000000000E+00  .000000000E+00  .000000000E+00  .000000000E+00
  .000000000E+00  .000000000E+00  .000000000E+00  .000000000E+00  .000000000E+00
  .000000000E+00  .000000000E+00  .000000000E+00  .000000000E+00  .000000000E+00
  .000000000E+00  .000000000E+00  .000000000E+00  .000000000E+00  .000000000E+00
  .000000000E+00  .000000000E+00  .000000000E+00  .000000000E+00  .000000000E+00
  .000000000E+00  .000000000E+00  .000000000E+00  .000000000E+00  .000000000E+00
  .000000000E+00  .000000000E+00  .000000000E+00  .000000000E+00  .000000000E+00
  .000000000E+00  .000000000E+00  .000000000E+00  .000000000E+00  .000000000E+00
  .000000000E+00  .000000000E+00  .000000000E+00  .000000000E+00  .000000000E+00
  .000000000E+00  .000000000E+00  .000000000E+00  .000000000E+00  .000000000E+00
  .000000000E+00  .000000000E+00  .000000000E+00  .000000000E+00  .000000000E+00
  .000000000E+00  .000000000E+00  .000000000E+00  .000000000E+00  .000000000E+00
  .000000000E+00  .000000000E+00  .000000000E+00  .000000000E+00  .000000000E+00
  .000000000E+00  .000000000E+00  .000000000E+00  .000000000E+00  .000000000E+00
  .000000000E+00  .000000000E+00  .000000000E+00  .000000000E+00  .000000000E+00
  .000000000E+00  .000000000E+00  .000000000E+00  .000000000E+00  .000000000E+00
  .000000000E+00  .000000000E+00  .000000000E+00  .000000000E+00  .000000000E+00
  .000000000E+00  .000000000E+00  .000000000E+00  .000000000E+00  .000000000E+00
  .000000000E+00  .000000000E+00  .000000000E+00  .000000000E+00  .000000000E+00
  .000000000E+00  .000000000E+00  .000000000E+00  .000000000E+00  .000000000E+00
  .000000000E+00  .000000000E+00  .000000000E+00  .000000000E+00  .000000000E+00
  .000000000E+00  .000000000E+00  .000000000E+00  .000000000E+00  .000000000E+00
  .000000000E+00  .000000000E+00  .000000000E+00  .000000000E+00  .000000000E+00
  .000000000E+00  .000000000E+00  .000000000E+00  .000000000E+00  .000000000E+00
  .000000000E+00  .000000000E+00  .000000000E+00  .000000000E+00  .000000000E+00
  .000000000E+00  .000000000E+00  .000000000E+00  .000000000E+00  .000000000E+00
  .000000000E+00  .000000000E+00  .000000000E+00  .000000000E+00  .000000000E+00
  .000000000E+00  .000000000E+00  .000000000E+00  .000000000E+00  .000000000E+00
  .000000000E+00  .000000000E+00  .000000000E+00  .000000000E+00  .000000000E+00
  .000000000E+00  .000000000E+00  .000000000E+00  .000000000E+00  .000000000E+00
  .000000000E+00  .000000000E+00  .000000000E+00  .000000000E+00  .000000000E+00
  .000000000E+00  .000000000E+00  .000000000E+00  .000000000E+00  .000000000E+00
  .000000000E+00  .000000000E+00  .000000000E+00  .000000000E+00  .000000000E+00
  .000000000E+00  .000000000E+00  .000000000E+00  .000000000E+00  .000000000E+00
  .000000000E+00  .000000000E+00  .000000000E+00  .000000000E+00  .000000000E+00
