  PAW Fe                                 
 100
Core Pot   L  =         .00000   -.32820
  -.30000000E+01  .14295572E+01
  -.29500000E+01  .14121641E+01
  -.29000000E+01  .13945960E+01
  -.28500000E+01  .13768483E+01
  -.28000000E+01  .13589157E+01
  -.27500000E+01  .13407931E+01
  -.27000000E+01  .13224750E+01
  -.26500000E+01  .13039557E+01
  -.26000000E+01  .12852293E+01
  -.25500000E+01  .12662897E+01
  -.25000000E+01  .12471306E+01
  -.24500000E+01  .12277453E+01
  -.24000000E+01  .12081269E+01
  -.23500000E+01  .11882683E+01
  -.23000000E+01  .11681619E+01
  -.22500000E+01  .11478000E+01
  -.22000000E+01  .11271742E+01
  -.21500000E+01  .11062762E+01
  -.21000000E+01  .10850970E+01
  -.20500000E+01  .10636272E+01
  -.20000000E+01  .10418570E+01
  -.19500000E+01  .10197763E+01
  -.19000000E+01  .99737420E+00
  -.18500000E+01  .97463955E+00
  -.18000000E+01  .95156049E+00
  -.17500000E+01  .92812461E+00
  -.17000000E+01  .90431883E+00
  -.16500000E+01  .88012944E+00
  -.16000000E+01  .85554198E+00
  -.15500000E+01  .83054121E+00
  -.15000000E+01  .80511107E+00
  -.14500000E+01  .77923463E+00
  -.14000000E+01  .75289397E+00
  -.13500000E+01  .72607021E+00
  -.13000000E+01  .69874332E+00
  -.12500000E+01  .67089212E+00
  -.12000000E+01  .64249418E+00
  -.11500000E+01  .61352569E+00
  -.11000000E+01  .58396136E+00
  -.10500000E+01  .55377436E+00
  -.10000000E+01  .52293610E+00
  -.95000000E+00  .49141617E+00
  -.90000000E+00  .45918214E+00
  -.85000000E+00  .42619940E+00
  -.80000000E+00  .39243098E+00
  -.75000000E+00  .35783735E+00
  -.70000000E+00  .32237615E+00
  -.65000000E+00  .28600199E+00
  -.60000000E+00  .24866612E+00
  -.55000000E+00  .21031614E+00
  -.50000000E+00  .17089565E+00
  -.45000000E+00  .13034382E+00
  -.40000000E+00  .88595021E-01
  -.35000000E+00  .45578244E-01
  -.30000000E+00  .12166023E-02
  -.25000000E+00 -.44573314E-01
  -.20000000E+00 -.91882156E-01
  -.15000000E+00 -.14080861E+00
  -.10000000E+00 -.19146034E+00
  -.50000000E-01 -.24395497E+00
  -.22898350E-14 -.29842136E+00
   .50000000E-01 -.35500093E+00
   .10000000E+00 -.41384923E+00
   .15000000E+00 -.47513776E+00
   .20000000E+00 -.53905612E+00
   .25000000E+00 -.60581441E+00
   .30000000E+00 -.67564611E+00
   .35000000E+00 -.74881144E+00
   .40000000E+00 -.82560130E+00
   .45000000E+00 -.90634194E+00
   .50000000E+00 -.99140050E+00
   .55000000E+00 -.10811917E+01
   .60000000E+00 -.11761856E+01
   .65000000E+00 -.12769175E+01
   .70000000E+00 -.13839996E+01
   .75000000E+00 -.14981348E+01
   .80000000E+00 -.16201351E+01
   .85000000E+00 -.17509430E+01
   .90000000E+00 -.18916587E+01
   .95000000E+00 -.20435753E+01
   .10000000E+01 -.22082222E+01
   .10500000E+01 -.23874223E+01
   .11000000E+01 -.25833655E+01
   .11500000E+01 -.27987067E+01
   .12000000E+01 -.30366952E+01
   .12500000E+01 -.33013520E+01
   .13000000E+01 -.35977126E+01
   .13500000E+01 -.39321689E+01
   .14000000E+01 -.43129592E+01
   .14500000E+01 -.47508865E+01
   .15000000E+01 -.52604012E+01
   .15500000E+01 -.58612821E+01
   .16000000E+01 -.65813423E+01
   .16500000E+01 -.74609702E+01
   .17000000E+01 -.85611421E+01
   .17500000E+01 -.99784580E+01
   .18000000E+01 -.11875605E+02
   .18500000E+01 -.14549534E+02
   .19000000E+01 -.18605985E+02
   .19500000E+01 -.25501834E+02
   .20000000E+01 -.39849587E+02
Potential  L  =         .00000   -.32820
  -.30000000E+01  .14565993E+01
  -.29500000E+01  .14398398E+01
  -.29000000E+01  .14229056E+01
  -.28500000E+01  .14057916E+01
  -.28000000E+01  .13884927E+01
  -.27500000E+01  .13710033E+01
  -.27000000E+01  .13533177E+01
  -.26500000E+01  .13354299E+01
  -.26000000E+01  .13173335E+01
  -.25500000E+01  .12990220E+01
  -.25000000E+01  .12804884E+01
  -.24500000E+01  .12617256E+01
  -.24000000E+01  .12427257E+01
  -.23500000E+01  .12234808E+01
  -.23000000E+01  .12039824E+01
  -.22500000E+01  .11842217E+01
  -.22000000E+01  .11641892E+01
  -.21500000E+01  .11438751E+01
  -.21000000E+01  .11232689E+01
  -.20500000E+01  .11023595E+01
  -.20000000E+01  .10811353E+01
  -.19500000E+01  .10595839E+01
  -.19000000E+01  .10376923E+01
  -.18500000E+01  .10154464E+01
  -.18000000E+01  .99283164E+00
  -.17500000E+01  .96983225E+00
  -.17000000E+01  .94643154E+00
  -.16500000E+01  .92261175E+00
  -.16000000E+01  .89835389E+00
  -.15500000E+01  .87363773E+00
  -.15000000E+01  .84844159E+00
  -.14500000E+01  .82274230E+00
  -.14000000E+01  .79651499E+00
  -.13500000E+01  .76973299E+00
  -.13000000E+01  .74236759E+00
  -.12500000E+01  .71438791E+00
  -.12000000E+01  .68576063E+00
  -.11500000E+01  .65644976E+00
  -.11000000E+01  .62641638E+00
  -.10500000E+01  .59561827E+00
  -.10000000E+01  .56400961E+00
  -.95000000E+00  .53154055E+00
  -.90000000E+00  .49815676E+00
  -.85000000E+00  .46379889E+00
  -.80000000E+00  .42840196E+00
  -.75000000E+00  .39189469E+00
  -.70000000E+00  .35419869E+00
  -.65000000E+00  .31522757E+00
  -.60000000E+00  .27488580E+00
  -.55000000E+00  .23306753E+00
  -.50000000E+00  .18965510E+00
  -.45000000E+00  .14451734E+00
  -.40000000E+00  .97507541E-01
  -.35000000E+00  .48461080E-01
  -.30000000E+00 -.28074558E-02
  -.25000000E+00 -.56507670E-01
  -.20000000E+00 -.11287747E+00
  -.15000000E+00 -.17218807E+00
  -.10000000E+00 -.23475002E+00
  -.50000000E-01 -.30092073E+00
  -.22898350E-14 -.37111365E+00
   .50000000E-01 -.44580978E+00
   .10000000E+00 -.52557213E+00
   .15000000E+00 -.61106404E+00
   .20000000E+00 -.70307268E+00
   .25000000E+00 -.80253946E+00
   .30000000E+00 -.91059988E+00
   .35000000E+00 -.10286364E+01
   .40000000E+00 -.11583496E+01
   .45000000E+00 -.13018554E+01
   .50000000E+00 -.14618205E+01
   .55000000E+00 -.16416545E+01
   .60000000E+00 -.18457875E+01
   .65000000E+00 -.20800842E+01
   .70000000E+00 -.23524759E+01
   .75000000E+00 -.26739589E+01
   .80000000E+00 -.30602351E+01
   .85000000E+00 -.35345313E+01
   .90000000E+00 -.41327217E+01
   .95000000E+00 -.49132956E+01
   .10000000E+01 -.59785150E+01
   .10500000E+01 -.75247933E+01
   .11000000E+01 -.99834565E+01
   .11500000E+01 -.14521760E+02
   .12000000E+01 -.25779997E+02
   .12500000E+01 -.10229949E+03
   .13000000E+01  .54531526E+02
   .13500000E+01  .21885232E+02
   .14000000E+01  .13808057E+02
   .14500000E+01  .10137148E+02
   .15000000E+01  .80330070E+01
   .15500000E+01  .66643912E+01
   .16000000E+01  .56996198E+01
   .16500000E+01  .49803103E+01
   .17000000E+01  .44212672E+01
   .17500000E+01  .39725843E+01
   .18000000E+01  .36030855E+01
   .18500000E+01  .32922898E+01
   .19000000E+01  .30261857E+01
   .19500000E+01  .27948619E+01
   .20000000E+01  .25911088E+01
Core Pot   L  =        1.00000   -.20000
  -.30000000E+01  .16728252E+01
  -.29500000E+01  .16539185E+01
  -.29000000E+01  .16352163E+01
  -.28500000E+01  .16166753E+01
  -.28000000E+01  .15982586E+01
  -.27500000E+01  .15799343E+01
  -.27000000E+01  .15616750E+01
  -.26500000E+01  .15434566E+01
  -.26000000E+01  .15252578E+01
  -.25500000E+01  .15070595E+01
  -.25000000E+01  .14888447E+01
  -.24500000E+01  .14705981E+01
  -.24000000E+01  .14523055E+01
  -.23500000E+01  .14339539E+01
  -.23000000E+01  .14155314E+01
  -.22500000E+01  .13970267E+01
  -.22000000E+01  .13784292E+01
  -.21500000E+01  .13597290E+01
  -.21000000E+01  .13409164E+01
  -.20500000E+01  .13219823E+01
  -.20000000E+01  .13029177E+01
  -.19500000E+01  .12837140E+01
  -.19000000E+01  .12643627E+01
  -.18500000E+01  .12448554E+01
  -.18000000E+01  .12251839E+01
  -.17500000E+01  .12053400E+01
  -.17000000E+01  .11853153E+01
  -.16500000E+01  .11651017E+01
  -.16000000E+01  .11446908E+01
  -.15500000E+01  .11240742E+01
  -.15000000E+01  .11032433E+01
  -.14500000E+01  .10821896E+01
  -.14000000E+01  .10609041E+01
  -.13500000E+01  .10393776E+01
  -.13000000E+01  .10176010E+01
  -.12500000E+01  .99556466E+00
  -.12000000E+01  .97325862E+00
  -.11500000E+01  .95067274E+00
  -.11000000E+01  .92779646E+00
  -.10500000E+01  .90461884E+00
  -.10000000E+01  .88112854E+00
  -.95000000E+00  .85731376E+00
  -.90000000E+00  .83316223E+00
  -.85000000E+00  .80866115E+00
  -.80000000E+00  .78379715E+00
  -.75000000E+00  .75855628E+00
  -.70000000E+00  .73292394E+00
  -.65000000E+00  .70688482E+00
  -.60000000E+00  .68042289E+00
  -.55000000E+00  .65352131E+00
  -.50000000E+00  .62616238E+00
  -.45000000E+00  .59832749E+00
  -.40000000E+00  .56999703E+00
  -.35000000E+00  .54115035E+00
  -.30000000E+00  .51176565E+00
  -.25000000E+00  .48181988E+00
  -.20000000E+00  .45128870E+00
  -.15000000E+00  .42014632E+00
  -.10000000E+00  .38836545E+00
  -.50000000E-01  .35591709E+00
  -.22898350E-14  .32277050E+00
   .50000000E-01  .28889296E+00
   .10000000E+00  .25424968E+00
   .15000000E+00  .21880358E+00
   .20000000E+00  .18251511E+00
   .25000000E+00  .14534204E+00
   .30000000E+00  .10723920E+00
   .35000000E+00  .68158266E-01
   .40000000E+00  .28047410E-01
   .45000000E+00 -.13148983E-01
   .50000000E+00 -.55490697E-01
   .55000000E+00 -.99042072E-01
   .60000000E+00 -.14387246E+00
   .65000000E+00 -.19005674E+00
   .70000000E+00 -.23767586E+00
   .75000000E+00 -.28681749E+00
   .80000000E+00 -.33757673E+00
   .85000000E+00 -.39005694E+00
   .90000000E+00 -.44437062E+00
   .95000000E+00 -.50064052E+00
   .10000000E+01 -.55900077E+00
   .10500000E+01 -.61959827E+00
   .11000000E+01 -.68259426E+00
   .11500000E+01 -.74816610E+00
   .12000000E+01 -.81650938E+00
   .12500000E+01 -.88784029E+00
   .13000000E+01 -.96239846E+00
   .13500000E+01 -.10404502E+01
   .14000000E+01 -.11222923E+01
   .14500000E+01 -.12082566E+01
   .15000000E+01 -.12987153E+01
   .15500000E+01 -.13940874E+01
   .16000000E+01 -.14948462E+01
   .16500000E+01 -.16015281E+01
   .17000000E+01 -.17147442E+01
   .17500000E+01 -.18351933E+01
   .18000000E+01 -.19636784E+01
   .18500000E+01 -.21011265E+01
   .19000000E+01 -.22486143E+01
   .19500000E+01 -.24073991E+01
   .20000000E+01 -.25789584E+01
Potential  L  =        1.00000   -.20000
  -.30000000E+01  .16016829E+01
  -.29500000E+01  .15867410E+01
  -.29000000E+01  .15716794E+01
  -.28500000E+01  .15564956E+01
  -.28000000E+01  .15411867E+01
  -.27500000E+01  .15257502E+01
  -.27000000E+01  .15101832E+01
  -.26500000E+01  .14944826E+01
  -.26000000E+01  .14786456E+01
  -.25500000E+01  .14626688E+01
  -.25000000E+01  .14465491E+01
  -.24500000E+01  .14302831E+01
  -.24000000E+01  .14138672E+01
  -.23500000E+01  .13972979E+01
  -.23000000E+01  .13805714E+01
  -.22500000E+01  .13636837E+01
  -.22000000E+01  .13466309E+01
  -.21500000E+01  .13294087E+01
  -.21000000E+01  .13120127E+01
  -.20500000E+01  .12944385E+01
  -.20000000E+01  .12766812E+01
  -.19500000E+01  .12587361E+01
  -.19000000E+01  .12405979E+01
  -.18500000E+01  .12222614E+01
  -.18000000E+01  .12037210E+01
  -.17500000E+01  .11849710E+01
  -.17000000E+01  .11660053E+01
  -.16500000E+01  .11468178E+01
  -.16000000E+01  .11274017E+01
  -.15500000E+01  .11077504E+01
  -.15000000E+01  .10878566E+01
  -.14500000E+01  .10677129E+01
  -.14000000E+01  .10473116E+01
  -.13500000E+01  .10266443E+01
  -.13000000E+01  .10057027E+01
  -.12500000E+01  .98447762E+00
  -.12000000E+01  .96295980E+00
  -.11500000E+01  .94113935E+00
  -.11000000E+01  .91900592E+00
  -.10500000E+01  .89654864E+00
  -.10000000E+01  .87375610E+00
  -.95000000E+00  .85061626E+00
  -.90000000E+00  .82711648E+00
  -.85000000E+00  .80324342E+00
  -.80000000E+00  .77898304E+00
  -.75000000E+00  .75432050E+00
  -.70000000E+00  .72924014E+00
  -.65000000E+00  .70372542E+00
  -.60000000E+00  .67775883E+00
  -.55000000E+00  .65132183E+00
  -.50000000E+00  .62439478E+00
  -.45000000E+00  .59695685E+00
  -.40000000E+00  .56898592E+00
  -.35000000E+00  .54045849E+00
  -.30000000E+00  .51134956E+00
  -.25000000E+00  .48163250E+00
  -.20000000E+00  .45127892E+00
  -.15000000E+00  .42025852E+00
  -.10000000E+00  .38853895E+00
  -.50000000E-01  .35608556E+00
  -.22898350E-14  .32286126E+00
   .50000000E-01  .28882627E+00
   .10000000E+00  .25393788E+00
   .15000000E+00  .21815014E+00
   .20000000E+00  .18141360E+00
   .25000000E+00  .14367488E+00
   .30000000E+00  .10487636E+00
   .35000000E+00  .64955716E-01
   .40000000E+00  .23845366E-01
   .45000000E+00 -.18528011E-01
   .50000000E+00 -.62244162E-01
   .55000000E+00 -.10738997E+00
   .60000000E+00 -.15406026E+00
   .65000000E+00 -.20235877E+00
   .70000000E+00 -.25239922E+00
   .75000000E+00 -.30430651E+00
   .80000000E+00 -.35821819E+00
   .85000000E+00 -.41428611E+00
   .90000000E+00 -.47267830E+00
   .95000000E+00 -.53358121E+00
   .10000000E+01 -.59720235E+00
   .10500000E+01 -.66377333E+00
   .11000000E+01 -.73355349E+00
   .11500000E+01 -.80683419E+00
   .12000000E+01 -.88394395E+00
   .12500000E+01 -.96525454E+00
   .13000000E+01 -.10511884E+01
   .13500000E+01 -.11422277E+01
   .14000000E+01 -.12389250E+01
   .14500000E+01 -.13419169E+01
   .15000000E+01 -.14519409E+01
   .15500000E+01 -.15698554E+01
   .16000000E+01 -.16966667E+01
   .16500000E+01 -.18335613E+01
   .17000000E+01 -.19819490E+01
   .17500000E+01 -.21435177E+01
   .18000000E+01 -.23203054E+01
   .18500000E+01 -.25147965E+01
   .19000000E+01 -.27300511E+01
   .19500000E+01 -.29698816E+01
   .20000000E+01 -.32390999E+01
Core Pot   L  =        2.00000   -.29938
  -.30000000E+01  .17652947E+01
  -.29500000E+01  .17506727E+01
  -.29000000E+01  .17359062E+01
  -.28500000E+01  .17209903E+01
  -.28000000E+01  .17059194E+01
  -.27500000E+01  .16906878E+01
  -.27000000E+01  .16752895E+01
  -.26500000E+01  .16597178E+01
  -.26000000E+01  .16439658E+01
  -.25500000E+01  .16280259E+01
  -.25000000E+01  .16118901E+01
  -.24500000E+01  .15955498E+01
  -.24000000E+01  .15789955E+01
  -.23500000E+01  .15622173E+01
  -.23000000E+01  .15452042E+01
  -.22500000E+01  .15279445E+01
  -.22000000E+01  .15104252E+01
  -.21500000E+01  .14926323E+01
  -.21000000E+01  .14745507E+01
  -.20500000E+01  .14561636E+01
  -.20000000E+01  .14374527E+01
  -.19500000E+01  .14183977E+01
  -.19000000E+01  .13989764E+01
  -.18500000E+01  .13791641E+01
  -.18000000E+01  .13589333E+01
  -.17500000E+01  .13382536E+01
  -.17000000E+01  .13170906E+01
  -.16500000E+01  .12954060E+01
  -.16000000E+01  .12731564E+01
  -.15500000E+01  .12502929E+01
  -.15000000E+01  .12267594E+01
  -.14500000E+01  .12024923E+01
  -.14000000E+01  .11774181E+01
  -.13500000E+01  .11514521E+01
  -.13000000E+01  .11244956E+01
  -.12500000E+01  .10964334E+01
  -.12000000E+01  .10671294E+01
  -.11500000E+01  .10364223E+01
  -.11000000E+01  .10041189E+01
  -.10500000E+01  .96998588E+00
  -.10000000E+01  .93373879E+00
  -.95000000E+00  .89502676E+00
  -.90000000E+00  .85341207E+00
  -.85000000E+00  .80834112E+00
  -.80000000E+00  .75910324E+00
  -.75000000E+00  .70477020E+00
  -.70000000E+00  .64410603E+00
  -.65000000E+00  .57542718E+00
  -.60000000E+00  .49637929E+00
  -.55000000E+00  .40356535E+00
  -.50000000E+00  .29189561E+00
  -.45000000E+00  .15338162E+00
  -.40000000E+00 -.25271691E-01
  -.35000000E+00 -.26795326E+00
  -.30000000E+00 -.62232768E+00
  -.25000000E+00 -.11992205E+01
  -.20000000E+00 -.23290875E+01
  -.15000000E+00 -.56404169E+01
  -.10000000E+00 -.36846326E+03
  -.50000000E-01  .78558093E+01
  -.22898350E-14  .43578857E+01
   .50000000E-01  .31924836E+01
   .10000000E+00  .26019825E+01
   .15000000E+00  .22400216E+01
   .20000000E+00  .19918494E+01
   .25000000E+00  .18084544E+01
   .30000000E+00  .16653830E+01
   .35000000E+00  .15490684E+01
   .40000000E+00  .14513769E+01
   .45000000E+00  .13671341E+01
   .50000000E+00  .12928896E+01
   .55000000E+00  .12262531E+01
   .60000000E+00  .11655150E+01
   .65000000E+00  .11094191E+01
   .70000000E+00  .10570203E+01
   .75000000E+00  .10075934E+01
   .80000000E+00  .96057129E+00
   .85000000E+00  .91550324E+00
   .90000000E+00  .87202578E+00
   .95000000E+00  .82984153E+00
   .10000000E+01  .78870410E+00
   .10500000E+01  .74840672E+00
   .11000000E+01  .70877385E+00
   .11500000E+01  .66965466E+00
   .12000000E+01  .63091811E+00
   .12500000E+01  .59244904E+00
   .13000000E+01  .55414510E+00
   .13500000E+01  .51591431E+00
   .14000000E+01  .47767303E+00
   .14500000E+01  .43934442E+00
   .15000000E+01  .40085702E+00
   .15500000E+01  .36214369E+00
   .16000000E+01  .32314062E+00
   .16500000E+01  .28378657E+00
   .17000000E+01  .24402207E+00
   .17500000E+01  .20378890E+00
   .18000000E+01  .16302946E+00
   .18500000E+01  .12168628E+00
   .19000000E+01  .79701515E-01
   .19500000E+01  .37016540E-01
   .20000000E+01 -.64285394E-02
Potential  L  =        2.00000   -.29938
  -.30000000E+01  .16201534E+01
  -.29500000E+01  .16022698E+01
  -.29000000E+01  .15841345E+01
  -.28500000E+01  .15657380E+01
  -.28000000E+01  .15470699E+01
  -.27500000E+01  .15281195E+01
  -.27000000E+01  .15088752E+01
  -.26500000E+01  .14893250E+01
  -.26000000E+01  .14694558E+01
  -.25500000E+01  .14492541E+01
  -.25000000E+01  .14287051E+01
  -.24500000E+01  .14077933E+01
  -.24000000E+01  .13865021E+01
  -.23500000E+01  .13648140E+01
  -.23000000E+01  .13427099E+01
  -.22500000E+01  .13201697E+01
  -.22000000E+01  .12971717E+01
  -.21500000E+01  .12736928E+01
  -.21000000E+01  .12497081E+01
  -.20500000E+01  .12251906E+01
  -.20000000E+01  .12001117E+01
  -.19500000E+01  .11744401E+01
  -.19000000E+01  .11481424E+01
  -.18500000E+01  .11211821E+01
  -.18000000E+01  .10935199E+01
  -.17500000E+01  .10651130E+01
  -.17000000E+01  .10359150E+01
  -.16500000E+01  .10058753E+01
  -.16000000E+01  .97493851E+00
  -.15500000E+01  .94304429E+00
  -.15000000E+01  .91012637E+00
  -.14500000E+01  .87611197E+00
  -.14000000E+01  .84092097E+00
  -.13500000E+01  .80446495E+00
  -.13000000E+01  .76664598E+00
  -.12500000E+01  .72735548E+00
  -.12000000E+01  .68647260E+00
  -.11500000E+01  .64386245E+00
  -.11000000E+01  .59937399E+00
  -.10500000E+01  .55283756E+00
  -.10000000E+01  .50406194E+00
  -.95000000E+00  .45283048E+00
  -.90000000E+00  .39889729E+00
  -.85000000E+00  .34198170E+00
  -.80000000E+00  .28176189E+00
  -.75000000E+00  .21786732E+00
  -.70000000E+00  .14986878E+00
  -.65000000E+00  .77266448E-01
  -.60000000E+00 -.52527298E-03
  -.55000000E+00 -.84197031E-01
  -.50000000E+00 -.17456922E+00
  -.45000000E+00 -.27262399E+00
  -.40000000E+00 -.37954721E+00
  -.35000000E+00 -.49678425E+00
  -.30000000E+00 -.62611511E+00
  -.25000000E+00 -.76975730E+00
  -.20000000E+00 -.93050908E+00
  -.15000000E+00 -.11119531E+01
  -.10000000E+00 -.13187518E+01
  -.50000000E-01 -.15570881E+01
  -.22898350E-14 -.18353394E+01
   .50000000E-01 -.21651474E+01
   .10000000E+00 -.25631787E+01
   .15000000E+00 -.30541650E+01
   .20000000E+00 -.36764531E+01
   .25000000E+00 -.44928699E+01
   .30000000E+00 -.56139678E+01
   .35000000E+00 -.72539670E+01
   .40000000E+00 -.98894838E+01
   .45000000E+00 -.14838622E+02
   .50000000E+00 -.27585480E+02
   .55000000E+00 -.13621150E+03
   .60000000E+00  .50936685E+02
   .65000000E+00  .22262076E+02
   .70000000E+00  .14549292E+02
   .75000000E+00  .10958817E+02
   .80000000E+00  .88784486E+01
   .85000000E+00  .75181067E+01
   .90000000E+00  .65569872E+01
   .95000000E+00  .58401974E+01
   .10000000E+01  .52837763E+01
   .10500000E+01  .48382632E+01
   .11000000E+01  .44726274E+01
   .11500000E+01  .41664151E+01
   .12000000E+01  .39055964E+01
   .12500000E+01  .36802269E+01
   .13000000E+01  .34830610E+01
   .13500000E+01  .33086948E+01
   .14000000E+01  .31530150E+01
   .14500000E+01  .30128358E+01
   .15000000E+01  .28856509E+01
   .15500000E+01  .27694614E+01
   .16000000E+01  .26626534E+01
   .16500000E+01  .25639096E+01
   .17000000E+01  .24721439E+01
   .17500000E+01  .23864525E+01
   .18000000E+01  .23060775E+01
   .18500000E+01  .22303779E+01
   .19000000E+01  .21588084E+01
   .19500000E+01  .20909017E+01
   .20000000E+01  .20262548E+01
Core Pot   L  =        3.00000    .00000
  -.30000000E+01  .20983272E+01
  -.29500000E+01  .20868051E+01
  -.29000000E+01  .20752260E+01
  -.28500000E+01  .20635892E+01
  -.28000000E+01  .20518938E+01
  -.27500000E+01  .20401390E+01
  -.27000000E+01  .20283240E+01
  -.26500000E+01  .20164480E+01
  -.26000000E+01  .20045099E+01
  -.25500000E+01  .19925090E+01
  -.25000000E+01  .19804443E+01
  -.24500000E+01  .19683150E+01
  -.24000000E+01  .19561199E+01
  -.23500000E+01  .19438582E+01
  -.23000000E+01  .19315289E+01
  -.22500000E+01  .19191309E+01
  -.22000000E+01  .19066631E+01
  -.21500000E+01  .18941245E+01
  -.21000000E+01  .18815140E+01
  -.20500000E+01  .18688305E+01
  -.20000000E+01  .18560728E+01
  -.19500000E+01  .18432397E+01
  -.19000000E+01  .18303300E+01
  -.18500000E+01  .18173424E+01
  -.18000000E+01  .18042757E+01
  -.17500000E+01  .17911286E+01
  -.17000000E+01  .17778997E+01
  -.16500000E+01  .17645876E+01
  -.16000000E+01  .17511910E+01
  -.15500000E+01  .17377083E+01
  -.15000000E+01  .17241381E+01
  -.14500000E+01  .17104789E+01
  -.14000000E+01  .16967290E+01
  -.13500000E+01  .16828869E+01
  -.13000000E+01  .16689510E+01
  -.12500000E+01  .16549194E+01
  -.12000000E+01  .16407904E+01
  -.11500000E+01  .16265623E+01
  -.11000000E+01  .16122331E+01
  -.10500000E+01  .15978011E+01
  -.10000000E+01  .15832641E+01
  -.95000000E+00  .15686203E+01
  -.90000000E+00  .15538675E+01
  -.85000000E+00  .15390035E+01
  -.80000000E+00  .15240262E+01
  -.75000000E+00  .15089333E+01
  -.70000000E+00  .14937225E+01
  -.65000000E+00  .14783912E+01
  -.60000000E+00  .14629372E+01
  -.55000000E+00  .14473577E+01
  -.50000000E+00  .14316501E+01
  -.45000000E+00  .14158117E+01
  -.40000000E+00  .13998397E+01
  -.35000000E+00  .13837311E+01
  -.30000000E+00  .13674829E+01
  -.25000000E+00  .13510921E+01
  -.20000000E+00  .13345554E+01
  -.15000000E+00  .13178694E+01
  -.10000000E+00  .13010307E+01
  -.50000000E-01  .12840358E+01
  -.22898350E-14  .12668810E+01
   .50000000E-01  .12495624E+01
   .10000000E+00  .12320762E+01
   .15000000E+00  .12144181E+01
   .20000000E+00  .11965839E+01
   .25000000E+00  .11785693E+01
   .30000000E+00  .11603696E+01
   .35000000E+00  .11419802E+01
   .40000000E+00  .11233960E+01
   .45000000E+00  .11046120E+01
   .50000000E+00  .10856228E+01
   .55000000E+00  .10664229E+01
   .60000000E+00  .10470066E+01
   .65000000E+00  .10273678E+01
   .70000000E+00  .10075004E+01
   .75000000E+00  .98739783E+00
   .80000000E+00  .96705333E+00
   .85000000E+00  .94645986E+00
   .90000000E+00  .92561007E+00
   .95000000E+00  .90449627E+00
   .10000000E+01  .88311046E+00
   .10500000E+01  .86144427E+00
   .11000000E+01  .83948894E+00
   .11500000E+01  .81723533E+00
   .12000000E+01  .79467386E+00
   .12500000E+01  .77179451E+00
   .13000000E+01  .74858678E+00
   .13500000E+01  .72503965E+00
   .14000000E+01  .70114159E+00
   .14500000E+01  .67688046E+00
   .15000000E+01  .65224355E+00
   .15500000E+01  .62721747E+00
   .16000000E+01  .60178816E+00
   .16500000E+01  .57594081E+00
   .17000000E+01  .54965983E+00
   .17500000E+01  .52292878E+00
   .18000000E+01  .49573033E+00
   .18500000E+01  .46804618E+00
   .19000000E+01  .43985700E+00
   .19500000E+01  .41114235E+00
   .20000000E+01  .38188059E+00
Potential  L  =        3.00000    .00000
  -.30000000E+01  .21001452E+01
  -.29500000E+01  .20886680E+01
  -.29000000E+01  .20771351E+01
  -.28500000E+01  .20655458E+01
  -.28000000E+01  .20538994E+01
  -.27500000E+01  .20421951E+01
  -.27000000E+01  .20304320E+01
  -.26500000E+01  .20186096E+01
  -.26000000E+01  .20067267E+01
  -.25500000E+01  .19947828E+01
  -.25000000E+01  .19827768E+01
  -.24500000E+01  .19707079E+01
  -.24000000E+01  .19585752E+01
  -.23500000E+01  .19463779E+01
  -.23000000E+01  .19341149E+01
  -.22500000E+01  .19217853E+01
  -.22000000E+01  .19093881E+01
  -.21500000E+01  .18969223E+01
  -.21000000E+01  .18843870E+01
  -.20500000E+01  .18717810E+01
  -.20000000E+01  .18591034E+01
  -.19500000E+01  .18463529E+01
  -.19000000E+01  .18335285E+01
  -.18500000E+01  .18206290E+01
  -.18000000E+01  .18076533E+01
  -.17500000E+01  .17946001E+01
  -.17000000E+01  .17814683E+01
  -.16500000E+01  .17682565E+01
  -.16000000E+01  .17549635E+01
  -.15500000E+01  .17415879E+01
  -.15000000E+01  .17281284E+01
  -.14500000E+01  .17145836E+01
  -.14000000E+01  .17009521E+01
  -.13500000E+01  .16872324E+01
  -.13000000E+01  .16734229E+01
  -.12500000E+01  .16595223E+01
  -.12000000E+01  .16455288E+01
  -.11500000E+01  .16314409E+01
  -.11000000E+01  .16172569E+01
  -.10500000E+01  .16029750E+01
  -.10000000E+01  .15885936E+01
  -.95000000E+00  .15741109E+01
  -.90000000E+00  .15595249E+01
  -.85000000E+00  .15448337E+01
  -.80000000E+00  .15300356E+01
  -.75000000E+00  .15151283E+01
  -.70000000E+00  .15001098E+01
  -.65000000E+00  .14849781E+01
  -.60000000E+00  .14697309E+01
  -.55000000E+00  .14543660E+01
  -.50000000E+00  .14388810E+01
  -.45000000E+00  .14232736E+01
  -.40000000E+00  .14075414E+01
  -.35000000E+00  .13916817E+01
  -.30000000E+00  .13756920E+01
  -.25000000E+00  .13595696E+01
  -.20000000E+00  .13433117E+01
  -.15000000E+00  .13269154E+01
  -.10000000E+00  .13103779E+01
  -.50000000E-01  .12936961E+01
  -.22898350E-14  .12768668E+01
   .50000000E-01  .12598868E+01
   .10000000E+00  .12427528E+01
   .15000000E+00  .12254613E+01
   .20000000E+00  .12080087E+01
   .25000000E+00  .11903914E+01
   .30000000E+00  .11726055E+01
   .35000000E+00  .11546471E+01
   .40000000E+00  .11365122E+01
   .45000000E+00  .11181964E+01
   .50000000E+00  .10996955E+01
   .55000000E+00  .10810048E+01
   .60000000E+00  .10621198E+01
   .65000000E+00  .10430355E+01
   .70000000E+00  .10237469E+01
   .75000000E+00  .10042488E+01
   .80000000E+00  .98453584E+00
   .85000000E+00  .96460229E+00
   .90000000E+00  .94444234E+00
   .95000000E+00  .92404995E+00
   .10000000E+01  .90341880E+00
   .10500000E+01  .88254234E+00
   .11000000E+01  .86141377E+00
   .11500000E+01  .84002599E+00
   .12000000E+01  .81837164E+00
   .12500000E+01  .79644303E+00
   .13000000E+01  .77423216E+00
   .13500000E+01  .75173069E+00
   .14000000E+01  .72892993E+00
   .14500000E+01  .70582080E+00
   .15000000E+01  .68239385E+00
   .15500000E+01  .65863917E+00
   .16000000E+01  .63454645E+00
   .16500000E+01  .61010489E+00
   .17000000E+01  .58530318E+00
   .17500000E+01  .56012952E+00
   .18000000E+01  .53457154E+00
   .18500000E+01  .50861625E+00
   .19000000E+01  .48225008E+00
   .19500000E+01  .45545877E+00
   .20000000E+01  .42822735E+00
Core Pot   L  =        4.00000    .00000
  -.30000000E+01  .24393910E+01
  -.29500000E+01  .24295824E+01
  -.29000000E+01  .24197391E+01
  -.28500000E+01  .24098610E+01
  -.28000000E+01  .23999477E+01
  -.27500000E+01  .23899987E+01
  -.27000000E+01  .23800138E+01
  -.26500000E+01  .23699925E+01
  -.26000000E+01  .23599346E+01
  -.25500000E+01  .23498397E+01
  -.25000000E+01  .23397073E+01
  -.24500000E+01  .23295371E+01
  -.24000000E+01  .23193288E+01
  -.23500000E+01  .23090819E+01
  -.23000000E+01  .22987960E+01
  -.22500000E+01  .22884708E+01
  -.22000000E+01  .22781057E+01
  -.21500000E+01  .22677005E+01
  -.21000000E+01  .22572546E+01
  -.20500000E+01  .22467677E+01
  -.20000000E+01  .22362393E+01
  -.19500000E+01  .22256689E+01
  -.19000000E+01  .22150561E+01
  -.18500000E+01  .22044005E+01
  -.18000000E+01  .21937016E+01
  -.17500000E+01  .21829588E+01
  -.17000000E+01  .21721718E+01
  -.16500000E+01  .21613400E+01
  -.16000000E+01  .21504628E+01
  -.15500000E+01  .21395399E+01
  -.15000000E+01  .21285707E+01
  -.14500000E+01  .21175547E+01
  -.14000000E+01  .21064912E+01
  -.13500000E+01  .20953798E+01
  -.13000000E+01  .20842200E+01
  -.12500000E+01  .20730111E+01
  -.12000000E+01  .20617526E+01
  -.11500000E+01  .20504438E+01
  -.11000000E+01  .20390842E+01
  -.10500000E+01  .20276732E+01
  -.10000000E+01  .20162102E+01
  -.95000000E+00  .20046945E+01
  -.90000000E+00  .19931255E+01
  -.85000000E+00  .19815024E+01
  -.80000000E+00  .19698248E+01
  -.75000000E+00  .19580918E+01
  -.70000000E+00  .19463028E+01
  -.65000000E+00  .19344570E+01
  -.60000000E+00  .19225538E+01
  -.55000000E+00  .19105924E+01
  -.50000000E+00  .18985721E+01
  -.45000000E+00  .18864921E+01
  -.40000000E+00  .18743516E+01
  -.35000000E+00  .18621498E+01
  -.30000000E+00  .18498859E+01
  -.25000000E+00  .18375591E+01
  -.20000000E+00  .18251686E+01
  -.15000000E+00  .18127134E+01
  -.10000000E+00  .18001927E+01
  -.50000000E-01  .17876057E+01
  -.22898350E-14  .17749513E+01
   .50000000E-01  .17622286E+01
   .10000000E+00  .17494367E+01
   .15000000E+00  .17365747E+01
   .20000000E+00  .17236415E+01
   .25000000E+00  .17106361E+01
   .30000000E+00  .16975574E+01
   .35000000E+00  .16844044E+01
   .40000000E+00  .16711761E+01
   .45000000E+00  .16578712E+01
   .50000000E+00  .16444887E+01
   .55000000E+00  .16310274E+01
   .60000000E+00  .16174862E+01
   .65000000E+00  .16038637E+01
   .70000000E+00  .15901588E+01
   .75000000E+00  .15763702E+01
   .80000000E+00  .15624965E+01
   .85000000E+00  .15485366E+01
   .90000000E+00  .15344889E+01
   .95000000E+00  .15203522E+01
   .10000000E+01  .15061249E+01
   .10500000E+01  .14918057E+01
   .11000000E+01  .14773929E+01
   .11500000E+01  .14628852E+01
   .12000000E+01  .14482809E+01
   .12500000E+01  .14335784E+01
   .13000000E+01  .14187761E+01
   .13500000E+01  .14038722E+01
   .14000000E+01  .13888651E+01
   .14500000E+01  .13737529E+01
   .15000000E+01  .13585339E+01
   .15500000E+01  .13432061E+01
   .16000000E+01  .13277677E+01
   .16500000E+01  .13122167E+01
   .17000000E+01  .12965510E+01
   .17500000E+01  .12807686E+01
   .18000000E+01  .12648674E+01
   .18500000E+01  .12488451E+01
   .19000000E+01  .12326996E+01
   .19500000E+01  .12164284E+01
   .20000000E+01  .12000293E+01
Potential  L  =        4.00000    .00000
  -.30000000E+01  .24398341E+01
  -.29500000E+01  .24300333E+01
  -.29000000E+01  .24201970E+01
  -.28500000E+01  .24103286E+01
  -.28000000E+01  .24004233E+01
  -.27500000E+01  .23904817E+01
  -.27000000E+01  .23805061E+01
  -.26500000E+01  .23704939E+01
  -.26000000E+01  .23604461E+01
  -.25500000E+01  .23503595E+01
  -.25000000E+01  .23402381E+01
  -.24500000E+01  .23300763E+01
  -.24000000E+01  .23198786E+01
  -.23500000E+01  .23096424E+01
  -.23000000E+01  .22993669E+01
  -.22500000E+01  .22890530E+01
  -.22000000E+01  .22786993E+01
  -.21500000E+01  .22683053E+01
  -.21000000E+01  .22578714E+01
  -.20500000E+01  .22473971E+01
  -.20000000E+01  .22368807E+01
  -.19500000E+01  .22263234E+01
  -.19000000E+01  .22157236E+01
  -.18500000E+01  .22050828E+01
  -.18000000E+01  .21943962E+01
  -.17500000E+01  .21836677E+01
  -.17000000E+01  .21728950E+01
  -.16500000E+01  .21620780E+01
  -.16000000E+01  .21512164E+01
  -.15500000E+01  .21403088E+01
  -.15000000E+01  .21293559E+01
  -.14500000E+01  .21183571E+01
  -.14000000E+01  .21073094E+01
  -.13500000E+01  .20962163E+01
  -.13000000E+01  .20850732E+01
  -.12500000E+01  .20738822E+01
  -.12000000E+01  .20626424E+01
  -.11500000E+01  .20513528E+01
  -.11000000E+01  .20400128E+01
  -.10500000E+01  .20286219E+01
  -.10000000E+01  .20171793E+01
  -.95000000E+00  .20056849E+01
  -.90000000E+00  .19941372E+01
  -.85000000E+00  .19825366E+01
  -.80000000E+00  .19708818E+01
  -.75000000E+00  .19591722E+01
  -.70000000E+00  .19474074E+01
  -.65000000E+00  .19355862E+01
  -.60000000E+00  .19237083E+01
  -.55000000E+00  .19117730E+01
  -.50000000E+00  .18997792E+01
  -.45000000E+00  .18877265E+01
  -.40000000E+00  .18756142E+01
  -.35000000E+00  .18634413E+01
  -.30000000E+00  .18512072E+01
  -.25000000E+00  .18389109E+01
  -.20000000E+00  .18265516E+01
  -.15000000E+00  .18141286E+01
  -.10000000E+00  .18016410E+01
  -.50000000E-01  .17890878E+01
  -.22898350E-14  .17764683E+01
   .50000000E-01  .17637814E+01
   .10000000E+00  .17510264E+01
   .15000000E+00  .17382021E+01
   .20000000E+00  .17253078E+01
   .25000000E+00  .17123423E+01
   .30000000E+00  .16993047E+01
   .35000000E+00  .16861939E+01
   .40000000E+00  .16730090E+01
   .45000000E+00  .16597487E+01
   .50000000E+00  .16464121E+01
   .55000000E+00  .16329980E+01
   .60000000E+00  .16195052E+01
   .65000000E+00  .16059327E+01
   .70000000E+00  .15922791E+01
   .75000000E+00  .15785434E+01
   .80000000E+00  .15647241E+01
   .85000000E+00  .15508201E+01
   .90000000E+00  .15368301E+01
   .95000000E+00  .15227526E+01
   .10000000E+01  .15085864E+01
   .10500000E+01  .14943299E+01
   .11000000E+01  .14799819E+01
   .11500000E+01  .14655408E+01
   .12000000E+01  .14510052E+01
   .12500000E+01  .14363734E+01
   .13000000E+01  .14216439E+01
   .13500000E+01  .14068151E+01
   .14000000E+01  .13918853E+01
   .14500000E+01  .13768529E+01
   .15000000E+01  .13617161E+01
   .15500000E+01  .13464730E+01
   .16000000E+01  .13311220E+01
   .16500000E+01  .13156611E+01
   .17000000E+01  .13000884E+01
   .17500000E+01  .12844018E+01
   .18000000E+01  .12685995E+01
   .18500000E+01  .12526793E+01
   .19000000E+01  .12366391E+01
   .19500000E+01  .12204767E+01
   .20000000E+01  .12041898E+01
KBPotential  L  =      2.00000   -.59876
  -.30000000E+01  .17653340E+01
  -.29500000E+01  .17507137E+01
  -.29000000E+01  .17359490E+01
  -.28500000E+01  .17210346E+01
  -.28000000E+01  .17059633E+01
  -.27500000E+01  .16907330E+01
  -.27000000E+01  .16753359E+01
  -.26500000E+01  .16597653E+01
  -.26000000E+01  .16440143E+01
  -.25500000E+01  .16280753E+01
  -.25000000E+01  .16119403E+01
  -.24500000E+01  .15956006E+01
  -.24000000E+01  .15790469E+01
  -.23500000E+01  .15622691E+01
  -.23000000E+01  .15452563E+01
  -.22500000E+01  .15279967E+01
  -.22000000E+01  .15104774E+01
  -.21500000E+01  .14926845E+01
  -.21000000E+01  .14746027E+01
  -.20500000E+01  .14562153E+01
  -.20000000E+01  .14375039E+01
  -.19500000E+01  .14184481E+01
  -.19000000E+01  .13990260E+01
  -.18500000E+01  .13792128E+01
  -.18000000E+01  .13589811E+01
  -.17500000E+01  .13383002E+01
  -.17000000E+01  .13171360E+01
  -.16500000E+01  .12954500E+01
  -.16000000E+01  .12731991E+01
  -.15500000E+01  .12503340E+01
  -.15000000E+01  .12267989E+01
  -.14500000E+01  .12025301E+01
  -.14000000E+01  .11774542E+01
  -.13500000E+01  .11514864E+01
  -.13000000E+01  .11245282E+01
  -.12500000E+01  .10964641E+01
  -.12000000E+01  .10671583E+01
  -.11500000E+01  .10364494E+01
  -.11000000E+01  .10041443E+01
  -.10500000E+01  .97000973E+00
  -.10000000E+01  .93376113E+00
  -.95000000E+00  .89504775E+00
  -.90000000E+00  .85343189E+00
  -.85000000E+00  .80835999E+00
  -.80000000E+00  .75912138E+00
  -.75000000E+00  .70478794E+00
  -.70000000E+00  .64412369E+00
  -.65000000E+00  .57544514E+00
  -.60000000E+00  .49639797E+00
  -.55000000E+00  .40358519E+00
  -.50000000E+00  .29191705E+00
  -.45000000E+00  .15340512E+00
  -.40000000E+00 -.25245732E-01
  -.35000000E+00 -.26792462E+00
  -.30000000E+00 -.62229644E+00
  -.25000000E+00 -.11991874E+01
  -.20000000E+00 -.23290544E+01
  -.15000000E+00 -.56403633E+01
  -.10000000E+00 -.36765464E+03
  -.50000000E-01  .78563969E+01
  -.22898350E-14  .43582497E+01
   .50000000E-01  .31927654E+01
   .10000000E+00  .26022479E+01
   .15000000E+00  .22403073E+01
   .20000000E+00  .19921292E+01
   .25000000E+00  .18087672E+01
   .30000000E+00  .16657218E+01
   .35000000E+00  .15494322E+01
   .40000000E+00  .14517935E+01
   .45000000E+00  .13675869E+01
   .50000000E+00  .12933923E+01
   .55000000E+00  .12268122E+01
   .60000000E+00  .11661370E+01
   .65000000E+00  .11101109E+01
   .70000000E+00  .10577884E+01
   .75000000E+00  .10084410E+01
   .80000000E+00  .96151618E+00
   .85000000E+00  .91655828E+00
   .90000000E+00  .87319334E+00
   .95000000E+00  .83113669E+00
   .10000000E+01  .79014281E+00
   .10500000E+01  .75000001E+00
   .11000000E+01  .71053734E+00
   .11500000E+01  .67160176E+00
   .12000000E+01  .63306922E+00
   .12500000E+01  .59482071E+00
   .13000000E+01  .55675965E+00
   .13500000E+01  .51879850E+00
   .14000000E+01  .48084709E+00
   .14500000E+01  .44283621E+00
   .15000000E+01  .40469608E+00
   .15500000E+01  .36636235E+00
   .16000000E+01  .32777403E+00
   .16500000E+01  .28887315E+00
   .17000000E+01  .24960383E+00
   .17500000E+01  .20991171E+00
   .18000000E+01  .16974348E+00
   .18500000E+01  .12905294E+00
   .19000000E+01  .87774509E-01
   .19500000E+01  .45861650E-01
   .20000000E+01  .32607843E-02
KBPotential  L  =       .00000   -.65640
  -.30000000E+01  .14263524E+01
  -.29500000E+01  .14091066E+01
  -.29000000E+01  .13916812E+01
  -.28500000E+01  .13740715E+01
  -.28000000E+01  .13562724E+01
  -.27500000E+01  .13382788E+01
  -.27000000E+01  .13200855E+01
  -.26500000E+01  .13016868E+01
  -.26000000E+01  .12830770E+01
  -.25500000E+01  .12642501E+01
  -.25000000E+01  .12451998E+01
  -.24500000E+01  .12259196E+01
  -.24000000E+01  .12064026E+01
  -.23500000E+01  .11866418E+01
  -.23000000E+01  .11666297E+01
  -.22500000E+01  .11463586E+01
  -.22000000E+01  .11258203E+01
  -.21500000E+01  .11050064E+01
  -.21000000E+01  .10839081E+01
  -.20500000E+01  .10625160E+01
  -.20000000E+01  .10408205E+01
  -.19500000E+01  .10188112E+01
  -.19000000E+01  .99647761E+00
  -.18500000E+01  .97380843E+00
  -.18000000E+01  .95079192E+00
  -.17500000E+01  .92741568E+00
  -.17000000E+01  .90366672E+00
  -.16500000E+01  .87953133E+00
  -.16000000E+01  .85499510E+00
  -.15500000E+01  .83004285E+00
  -.15000000E+01  .80465856E+00
  -.14500000E+01  .77882533E+00
  -.14000000E+01  .75252531E+00
  -.13500000E+01  .72573961E+00
  -.13000000E+01  .69844830E+00
  -.12500000E+01  .67063024E+00
  -.12000000E+01  .64226302E+00
  -.11500000E+01  .61332290E+00
  -.11000000E+01  .58378466E+00
  -.10500000E+01  .55362148E+00
  -.10000000E+01  .52280486E+00
  -.95000000E+00  .49130444E+00
  -.90000000E+00  .45908786E+00
  -.85000000E+00  .42612058E+00
  -.80000000E+00  .39236573E+00
  -.75000000E+00  .35778382E+00
  -.70000000E+00  .32233261E+00
  -.65000000E+00  .28596678E+00
  -.60000000E+00  .24863769E+00
  -.55000000E+00  .21029306E+00
  -.50000000E+00  .17087658E+00
  -.45000000E+00  .13032757E+00
  -.40000000E+00  .88580499E-01
  -.35000000E+00  .45564511E-01
  -.30000000E+00  .12028558E-02
  -.25000000E+00 -.44587730E-01
  -.20000000E+00 -.91897734E-01
  -.15000000E+00 -.14082570E+00
  -.10000000E+00 -.19147912E+00
  -.50000000E-01 -.24397548E+00
  -.22898350E-14 -.29844347E+00
   .50000000E-01 -.35502437E+00
   .10000000E+00 -.41387361E+00
   .15000000E+00 -.47516260E+00
   .20000000E+00 -.53908088E+00
   .25000000E+00 -.60583853E+00
   .30000000E+00 -.67566911E+00
   .35000000E+00 -.74883301E+00
   .40000000E+00 -.82562143E+00
   .45000000E+00 -.90636113E+00
   .50000000E+00 -.99141997E+00
   .55000000E+00 -.10812137E+01
   .60000000E+00 -.11762139E+01
   .65000000E+00 -.12769579E+01
   .70000000E+00 -.13840605E+01
   .75000000E+00 -.14982285E+01
   .80000000E+00 -.16202789E+01
   .85000000E+00 -.17511608E+01
   .90000000E+00 -.18919836E+01
   .95000000E+00 -.20440525E+01
   .10000000E+01 -.22089132E+01
   .10500000E+01 -.23884110E+01
   .11000000E+01 -.25847657E+01
   .11500000E+01 -.28006735E+01
   .12000000E+01 -.30394411E+01
   .12500000E+01 -.33051692E+01
   .13000000E+01 -.36030060E+01
   .13500000E+01 -.39395055E+01
   .14000000E+01 -.43231418E+01
   .14500000E+01 -.47650685E+01
   .15000000E+01 -.52802696E+01
   .15500000E+01 -.58893580E+01
   .16000000E+01 -.66214931E+01
   .16500000E+01 -.75193250E+01
   .17000000E+01 -.86478162E+01
   .17500000E+01 -.10111031E+02
   .18000000E+01 -.12086767E+02
   .18500000E+01 -.14905926E+02
   .19000000E+01 -.19262521E+02
   .19500000E+01 -.26900077E+02
   .20000000E+01 -.43801456E+02
KBPotential  L  =      1.00000   -.40000
  -.30000000E+01  .16229812E+01
  -.29500000E+01  .16077702E+01
  -.29000000E+01  .15924333E+01
  -.28500000E+01  .15769680E+01
  -.28000000E+01  .15613715E+01
  -.27500000E+01  .15456410E+01
  -.27000000E+01  .15297735E+01
  -.26500000E+01  .15137662E+01
  -.26000000E+01  .14976158E+01
  -.25500000E+01  .14813192E+01
  -.25000000E+01  .14648732E+01
  -.24500000E+01  .14482742E+01
  -.24000000E+01  .14315187E+01
  -.23500000E+01  .14146032E+01
  -.23000000E+01  .13975238E+01
  -.22500000E+01  .13802766E+01
  -.22000000E+01  .13628576E+01
  -.21500000E+01  .13452627E+01
  -.21000000E+01  .13274874E+01
  -.20500000E+01  .13095273E+01
  -.20000000E+01  .12913777E+01
  -.19500000E+01  .12730339E+01
  -.19000000E+01  .12544908E+01
  -.18500000E+01  .12357432E+01
  -.18000000E+01  .12167857E+01
  -.17500000E+01  .11976127E+01
  -.17000000E+01  .11782185E+01
  -.16500000E+01  .11585969E+01
  -.16000000E+01  .11387417E+01
  -.15500000E+01  .11186463E+01
  -.15000000E+01  .10983039E+01
  -.14500000E+01  .10777075E+01
  -.14000000E+01  .10568496E+01
  -.13500000E+01  .10357225E+01
  -.13000000E+01  .10143183E+01
  -.12500000E+01  .99262845E+00
  -.12000000E+01  .97064432E+00
  -.11500000E+01  .94835675E+00
  -.11000000E+01  .92575617E+00
  -.10500000E+01  .90283262E+00
  -.10000000E+01  .87957566E+00
  -.95000000E+00  .85597433E+00
  -.90000000E+00  .83201719E+00
  -.85000000E+00  .80769223E+00
  -.80000000E+00  .78298687E+00
  -.75000000E+00  .75788790E+00
  -.70000000E+00  .73238143E+00
  -.65000000E+00  .70645291E+00
  -.60000000E+00  .68008697E+00
  -.55000000E+00  .65326748E+00
  -.50000000E+00  .62597743E+00
  -.45000000E+00  .59819891E+00
  -.40000000E+00  .56991301E+00
  -.35000000E+00  .54109977E+00
  -.30000000E+00  .51173810E+00
  -.25000000E+00  .48180568E+00
  -.20000000E+00  .45127892E+00
  -.15000000E+00  .42013279E+00
  -.10000000E+00  .38834074E+00
  -.50000000E-01  .35587461E+00
  -.22898350E-14  .32270448E+00
   .50000000E-01  .28879848E+00
   .10000000E+00  .25412271E+00
   .15000000E+00  .21864097E+00
   .20000000E+00  .18231467E+00
   .25000000E+00  .14510248E+00
   .30000000E+00  .10696037E+00
   .35000000E+00  .67840871E-01
   .40000000E+00  .27693246E-01
   .45000000E+00 -.13537080E-01
   .50000000E+00 -.55908860E-01
   .55000000E+00 -.99485407E-01
   .60000000E+00 -.14433508E+00
   .65000000E+00 -.19053180E+00
   .70000000E+00 -.23815568E+00
   .75000000E+00 -.28729361E+00
   .80000000E+00 -.33804014E+00
   .85000000E+00 -.39049826E+00
   .90000000E+00 -.44478044E+00
   .95000000E+00 -.50100973E+00
   .10000000E+01 -.55932114E+00
   .10500000E+01 -.61986309E+00
   .11000000E+01 -.68279921E+00
   .11500000E+01 -.74831031E+00
   .12000000E+01 -.81659686E+00
   .12500000E+01 -.88788173E+00
   .13000000E+01 -.96241338E+00
   .13500000E+01 -.10404702E+01
   .14000000E+01 -.11223646E+01
   .14500000E+01 -.12084486E+01
   .15000000E+01 -.12991211E+01
   .15500000E+01 -.13948351E+01
   .16000000E+01 -.14961083E+01
   .16500000E+01 -.16035347E+01
   .17000000E+01 -.17177997E+01
   .17500000E+01 -.18396985E+01
   .18000000E+01 -.19701596E+01
   .18500000E+01 -.21102743E+01
   .19000000E+01 -.22613344E+01
   .19500000E+01 -.24248815E+01
   .20000000E+01 -.26027706E+01
KBPotential  L  =      3.00000    .00000
  -.30000000E+01  .21001452E+01
  -.29500000E+01  .20886680E+01
  -.29000000E+01  .20771351E+01
  -.28500000E+01  .20655458E+01
  -.28000000E+01  .20538994E+01
  -.27500000E+01  .20421951E+01
  -.27000000E+01  .20304320E+01
  -.26500000E+01  .20186096E+01
  -.26000000E+01  .20067267E+01
  -.25500000E+01  .19947828E+01
  -.25000000E+01  .19827768E+01
  -.24500000E+01  .19707079E+01
  -.24000000E+01  .19585752E+01
  -.23500000E+01  .19463779E+01
  -.23000000E+01  .19341149E+01
  -.22500000E+01  .19217853E+01
  -.22000000E+01  .19093881E+01
  -.21500000E+01  .18969223E+01
  -.21000000E+01  .18843870E+01
  -.20500000E+01  .18717810E+01
  -.20000000E+01  .18591034E+01
  -.19500000E+01  .18463529E+01
  -.19000000E+01  .18335285E+01
  -.18500000E+01  .18206290E+01
  -.18000000E+01  .18076533E+01
  -.17500000E+01  .17946001E+01
  -.17000000E+01  .17814683E+01
  -.16500000E+01  .17682565E+01
  -.16000000E+01  .17549635E+01
  -.15500000E+01  .17415879E+01
  -.15000000E+01  .17281284E+01
  -.14500000E+01  .17145836E+01
  -.14000000E+01  .17009521E+01
  -.13500000E+01  .16872324E+01
  -.13000000E+01  .16734229E+01
  -.12500000E+01  .16595223E+01
  -.12000000E+01  .16455288E+01
  -.11500000E+01  .16314409E+01
  -.11000000E+01  .16172569E+01
  -.10500000E+01  .16029750E+01
  -.10000000E+01  .15885936E+01
  -.95000000E+00  .15741109E+01
  -.90000000E+00  .15595249E+01
  -.85000000E+00  .15448337E+01
  -.80000000E+00  .15300356E+01
  -.75000000E+00  .15151283E+01
  -.70000000E+00  .15001098E+01
  -.65000000E+00  .14849781E+01
  -.60000000E+00  .14697309E+01
  -.55000000E+00  .14543660E+01
  -.50000000E+00  .14388810E+01
  -.45000000E+00  .14232736E+01
  -.40000000E+00  .14075414E+01
  -.35000000E+00  .13916817E+01
  -.30000000E+00  .13756920E+01
  -.25000000E+00  .13595696E+01
  -.20000000E+00  .13433117E+01
  -.15000000E+00  .13269154E+01
  -.10000000E+00  .13103779E+01
  -.50000000E-01  .12936961E+01
  -.22898350E-14  .12768668E+01
   .50000000E-01  .12598868E+01
   .10000000E+00  .12427528E+01
   .15000000E+00  .12254613E+01
   .20000000E+00  .12080087E+01
   .25000000E+00  .11903914E+01
   .30000000E+00  .11726055E+01
   .35000000E+00  .11546471E+01
   .40000000E+00  .11365122E+01
   .45000000E+00  .11181964E+01
   .50000000E+00  .10996955E+01
   .55000000E+00  .10810048E+01
   .60000000E+00  .10621198E+01
   .65000000E+00  .10430355E+01
   .70000000E+00  .10237469E+01
   .75000000E+00  .10042488E+01
   .80000000E+00  .98453584E+00
   .85000000E+00  .96460229E+00
   .90000000E+00  .94444234E+00
   .95000000E+00  .92404995E+00
   .10000000E+01  .90341880E+00
   .10500000E+01  .88254234E+00
   .11000000E+01  .86141377E+00
   .11500000E+01  .84002599E+00
   .12000000E+01  .81837164E+00
   .12500000E+01  .79644303E+00
   .13000000E+01  .77423216E+00
   .13500000E+01  .75173069E+00
   .14000000E+01  .72892993E+00
   .14500000E+01  .70582080E+00
   .15000000E+01  .68239385E+00
   .15500000E+01  .65863917E+00
   .16000000E+01  .63454645E+00
   .16500000E+01  .61010489E+00
   .17000000E+01  .58530318E+00
   .17500000E+01  .56012952E+00
   .18000000E+01  .53457154E+00
   .18500000E+01  .50861625E+00
   .19000000E+01  .48225008E+00
   .19500000E+01  .45545877E+00
   .20000000E+01  .42822735E+00
KBPotential  L  =      4.00000    .00000
  -.30000000E+01  .24398341E+01
  -.29500000E+01  .24300333E+01
  -.29000000E+01  .24201970E+01
  -.28500000E+01  .24103286E+01
  -.28000000E+01  .24004233E+01
  -.27500000E+01  .23904817E+01
  -.27000000E+01  .23805061E+01
  -.26500000E+01  .23704939E+01
  -.26000000E+01  .23604461E+01
  -.25500000E+01  .23503595E+01
  -.25000000E+01  .23402381E+01
  -.24500000E+01  .23300763E+01
  -.24000000E+01  .23198786E+01
  -.23500000E+01  .23096424E+01
  -.23000000E+01  .22993669E+01
  -.22500000E+01  .22890530E+01
  -.22000000E+01  .22786993E+01
  -.21500000E+01  .22683053E+01
  -.21000000E+01  .22578714E+01
  -.20500000E+01  .22473971E+01
  -.20000000E+01  .22368807E+01
  -.19500000E+01  .22263234E+01
  -.19000000E+01  .22157236E+01
  -.18500000E+01  .22050828E+01
  -.18000000E+01  .21943962E+01
  -.17500000E+01  .21836677E+01
  -.17000000E+01  .21728950E+01
  -.16500000E+01  .21620780E+01
  -.16000000E+01  .21512164E+01
  -.15500000E+01  .21403088E+01
  -.15000000E+01  .21293559E+01
  -.14500000E+01  .21183571E+01
  -.14000000E+01  .21073094E+01
  -.13500000E+01  .20962163E+01
  -.13000000E+01  .20850732E+01
  -.12500000E+01  .20738822E+01
  -.12000000E+01  .20626424E+01
  -.11500000E+01  .20513528E+01
  -.11000000E+01  .20400128E+01
  -.10500000E+01  .20286219E+01
  -.10000000E+01  .20171793E+01
  -.95000000E+00  .20056849E+01
  -.90000000E+00  .19941372E+01
  -.85000000E+00  .19825366E+01
  -.80000000E+00  .19708818E+01
  -.75000000E+00  .19591722E+01
  -.70000000E+00  .19474074E+01
  -.65000000E+00  .19355862E+01
  -.60000000E+00  .19237083E+01
  -.55000000E+00  .19117730E+01
  -.50000000E+00  .18997792E+01
  -.45000000E+00  .18877265E+01
  -.40000000E+00  .18756142E+01
  -.35000000E+00  .18634413E+01
  -.30000000E+00  .18512072E+01
  -.25000000E+00  .18389109E+01
  -.20000000E+00  .18265516E+01
  -.15000000E+00  .18141286E+01
  -.10000000E+00  .18016410E+01
  -.50000000E-01  .17890878E+01
  -.22898350E-14  .17764683E+01
   .50000000E-01  .17637814E+01
   .10000000E+00  .17510264E+01
   .15000000E+00  .17382021E+01
   .20000000E+00  .17253078E+01
   .25000000E+00  .17123423E+01
   .30000000E+00  .16993047E+01
   .35000000E+00  .16861939E+01
   .40000000E+00  .16730090E+01
   .45000000E+00  .16597487E+01
   .50000000E+00  .16464121E+01
   .55000000E+00  .16329980E+01
   .60000000E+00  .16195052E+01
   .65000000E+00  .16059327E+01
   .70000000E+00  .15922791E+01
   .75000000E+00  .15785434E+01
   .80000000E+00  .15647241E+01
   .85000000E+00  .15508201E+01
   .90000000E+00  .15368301E+01
   .95000000E+00  .15227526E+01
   .10000000E+01  .15085864E+01
   .10500000E+01  .14943299E+01
   .11000000E+01  .14799819E+01
   .11500000E+01  .14655408E+01
   .12000000E+01  .14510052E+01
   .12500000E+01  .14363734E+01
   .13000000E+01  .14216439E+01
   .13500000E+01  .14068151E+01
   .14000000E+01  .13918853E+01
   .14500000E+01  .13768529E+01
   .15000000E+01  .13617161E+01
   .15500000E+01  .13464730E+01
   .16000000E+01  .13311220E+01
   .16500000E+01  .13156611E+01
   .17000000E+01  .13000884E+01
   .17500000E+01  .12844018E+01
   .18000000E+01  .12685995E+01
   .18500000E+01  .12526793E+01
   .19000000E+01  .12366391E+01
   .19500000E+01  .12204767E+01
   .20000000E+01  .12041898E+01
