Ga: s2p1                                
  .287455392E-02  .291202245E-02  .294997861E-02  .298842873E-02  .302737924E-02
  .306683661E-02  .310680744E-02  .314729839E-02  .318831621E-02  .322986775E-02
  .327195992E-02  .331459974E-02  .335779433E-02  .340155088E-02  .344587669E-02
  .349077914E-02  .353626571E-02  .358234400E-02  .362902166E-02  .367630648E-02
  .372420634E-02  .377272921E-02  .382188318E-02  .387167644E-02  .392211726E-02
  .397321407E-02  .402497535E-02  .407740974E-02  .413052595E-02  .418433283E-02
  .423883934E-02  .429405455E-02  .434998765E-02  .440664793E-02  .446404484E-02
  .452218792E-02  .458108683E-02  .464075139E-02  .470119151E-02  .476241724E-02
  .482443877E-02  .488726641E-02  .495091059E-02  .501538191E-02  .508069108E-02
  .514684896E-02  .521386653E-02  .528175494E-02  .535052547E-02  .542018954E-02
  .549075872E-02  .556224474E-02  .563465947E-02  .570801494E-02  .578232332E-02
  .585759696E-02  .593384835E-02  .601109015E-02  .608933518E-02  .616859643E-02
  .624888705E-02  .633022036E-02  .641260985E-02  .649606920E-02  .658061225E-02
  .666625302E-02  .675300571E-02  .684088471E-02  .692990459E-02  .702008010E-02
  .711142619E-02  .720395801E-02  .729769088E-02  .739264034E-02  .748882213E-02
  .758625216E-02  .768494659E-02  .778492175E-02  .788619421E-02  .798878072E-02
  .809269829E-02  .819796410E-02  .830459558E-02  .841261038E-02  .852202637E-02
  .863286166E-02  .874513458E-02  .885886370E-02  .897406783E-02  .909076602E-02
  .920897757E-02  .932872201E-02  .945001916E-02  .957288904E-02  .969735196E-02
  .982342850E-02  .995113947E-02  .100805060E-01  .102115494E-01  .103442913E-01
  .104787538E-01  .106149588E-01  .107529290E-01  .108926871E-01  .110342562E-01
  .111776596E-01  .113229210E-01  .114700644E-01  .116191140E-01  .117700943E-01
  .119230303E-01  .120779473E-01  .122348706E-01  .123938263E-01  .125548404E-01
  .127179395E-01  .128831505E-01  .130505005E-01  .132200172E-01  .133917284E-01
  .135656624E-01  .137418479E-01  .139203137E-01  .141010893E-01  .142842045E-01
  .144696893E-01  .146575742E-01  .148478901E-01  .150406684E-01  .152359406E-01
  .154337389E-01  .156340958E-01  .158370441E-01  .160426173E-01  .162508491E-01
  .164617736E-01  .166754255E-01  .168918399E-01  .171110522E-01  .173330984E-01
  .175580150E-01  .177858388E-01  .180166071E-01  .182503579E-01  .184871294E-01
  .187269605E-01  .189698903E-01  .192159587E-01  .194652061E-01  .197176731E-01
  .199734012E-01  .202324322E-01  .204948085E-01  .207605730E-01  .210297692E-01
  .213024410E-01  .215786332E-01  .218583908E-01  .221417595E-01  .224287857E-01
  .227195163E-01  .230139986E-01  .233122809E-01  .236144118E-01  .239204406E-01
  .242304173E-01  .245443924E-01  .248624171E-01  .251845433E-01  .255108236E-01
  .258413110E-01  .261760595E-01  .265151236E-01  .268585585E-01  .272064201E-01
  .275587652E-01  .279156509E-01  .282771354E-01  .286432775E-01  .290141368E-01
  .293897735E-01  .297702488E-01  .301556244E-01  .305459630E-01  .309413279E-01
  .313417834E-01  .317473945E-01  .321582271E-01  .325743477E-01  .329958239E-01
  .334227241E-01  .338551175E-01  .342930741E-01  .347366650E-01  .351859620E-01
  .356410378E-01  .361019662E-01  .365688218E-01  .370416801E-01  .375206176E-01
  .380057117E-01  .384970410E-01  .389946849E-01  .394987237E-01  .400092388E-01
  .405263128E-01  .410500291E-01  .415804723E-01  .421177278E-01  .426618825E-01
  .432130240E-01  .437712412E-01  .443366241E-01  .449092637E-01  .454892522E-01
  .460766831E-01  .466716510E-01  .472742514E-01  .478845814E-01  .485027392E-01
  .491288239E-01  .497629364E-01  .504051784E-01  .510556531E-01  .517144649E-01
  .523817196E-01  .530575241E-01  .537419868E-01  .544352176E-01  .551373274E-01
  .558484287E-01  .565686355E-01  .572980630E-01  .580368280E-01  .587850486E-01
  .595428445E-01  .603103368E-01  .610876483E-01  .618749029E-01  .626722265E-01
  .634797463E-01  .642975912E-01  .651258915E-01  .659647794E-01  .668143886E-01
  .676748544E-01  .685463138E-01  .694289056E-01  .703227702E-01  .712280498E-01
  .721448883E-01  .730734314E-01  .740138267E-01  .749662234E-01  .759307728E-01
  .769076279E-01  .778969436E-01  .788988767E-01  .799135861E-01  .809412324E-01
  .819819785E-01  .830359888E-01  .841034303E-01  .851844717E-01  .862792838E-01
  .873880397E-01  .885109143E-01  .896480849E-01  .907997309E-01  .919660340E-01
  .931471779E-01  .943433487E-01  .955547348E-01  .967815269E-01  .980239179E-01
  .992821032E-01  .100556281E+00  .101846650E+00  .103153415E+00  .104476779E+00
  .105816951E+00  .107174140E+00  .108548559E+00  .109940424E+00  .111349953E+00
  .112777365E+00  .114222885E+00  .115686737E+00  .117169151E+00  .118670359E+00
  .120190594E+00  .121730093E+00  .123289097E+00  .124867848E+00  .126466592E+00
  .128085578E+00  .129725058E+00  .131385287E+00  .133066522E+00  .134769025E+00
  .136493059E+00  .138238892E+00  .140006796E+00  .141797042E+00  .143609910E+00
  .145445679E+00  .147304632E+00  .149187059E+00  .151093248E+00  .153023494E+00
  .154978095E+00  .156957353E+00  .158961572E+00  .160991061E+00  .163046131E+00
  .165127100E+00  .167234286E+00  .169368014E+00  .171528611E+00  .173716407E+00
  .175931740E+00  .178174946E+00  .180446371E+00  .182746362E+00  .185075269E+00
  .187433449E+00  .189821262E+00  .192239072E+00  .194687246E+00  .197166159E+00
  .199676188E+00  .202217714E+00  .204791123E+00  .207396807E+00  .210035160E+00
  .212706583E+00  .215411481E+00  .218150263E+00  .220923344E+00  .223731142E+00
  .226574082E+00  .229452594E+00  .232367110E+00  .235318072E+00  .238305922E+00
  .241331110E+00  .244394092E+00  .247495328E+00  .250635283E+00  .253814427E+00
  .257033238E+00  .260292198E+00  .263591793E+00  .266932517E+00  .270314870E+00
  .273739355E+00  .277206484E+00  .280716773E+00  .284270744E+00  .287868926E+00
  .291511854E+00  .295200067E+00  .298934114E+00  .302714547E+00  .306541926E+00
  .310416817E+00  .314339793E+00  .318311433E+00  .322332321E+00  .326403052E+00
  .330524224E+00  .334696442E+00  .338920320E+00  .343196479E+00  .347525544E+00
  .351908150E+00  .356344937E+00  .360836556E+00  .365383661E+00  .369986916E+00
  .374646991E+00  .379364565E+00  .384140325E+00  .388974963E+00  .393869181E+00
  .398823688E+00  .403839203E+00  .408916450E+00  .414056163E+00  .419259083E+00
  .424525962E+00  .429857556E+00  .435254632E+00  .440717967E+00  .446248344E+00
  .451846556E+00  .457513403E+00  .463249697E+00  .469056257E+00  .474933910E+00
  .480883495E+00  .486905858E+00  .493001854E+00  .499172350E+00  .505418219E+00
  .511740347E+00  .518139626E+00  .524616962E+00  .531173268E+00  .537809466E+00
  .544526492E+00  .551325288E+00  .558206808E+00  .565172017E+00  .572221889E+00
  .579357409E+00  .586579574E+00  .593889389E+00  .601287873E+00  .608776052E+00
  .616354966E+00  .624025665E+00  .631789211E+00  .639646677E+00  .647599146E+00
  .655647714E+00  .663793488E+00  .672037587E+00  .680381142E+00  .688825294E+00
  .697371200E+00  .706020025E+00  .714772948E+00  .723631160E+00  .732595865E+00
  .741668280E+00  .750849632E+00  .760141163E+00  .769544128E+00  .779059793E+00
  .788689440E+00  .798434361E+00  .808295863E+00  .818275267E+00  .828373906E+00
  .838593127E+00  .848934290E+00  .859398772E+00  .869987960E+00  .880703257E+00
  .891546080E+00  .902517859E+00  .913620041E+00  .924854085E+00  .936221466E+00
  .947723672E+00  .959362207E+00  .971138591E+00  .983054358E+00  .995111055E+00
  .100731025E+01  .101965352E+01  .103214245E+01  .104477867E+01  .105756380E+01
  .107049947E+01  .108358736E+01  .109682912E+01  .111022645E+01  .112378106E+01
  .113749467E+01  .115136902E+01  .116540587E+01  .117960698E+01  .119397415E+01
  .120850918E+01  .122321390E+01  .123809014E+01  .125313976E+01  .126836464E+01
  .128376667E+01  .129934775E+01  .131510983E+01  .133105483E+01  .134718472E+01
  .136350149E+01  .138000713E+01  .139670365E+01  .141359310E+01  .143067753E+01
  .144795900E+01  .146543961E+01  .148312146E+01  .150100669E+01  .151909743E+01
  .153739586E+01  .155590416E+01  .157462453E+01  .159355919E+01  .161271039E+01
  .163208038E+01  .165167144E+01  .167148588E+01  .169152600E+01  .171179416E+01
  .173229271E+01  .175302403E+01  .177399051E+01  .179519457E+01  .181663865E+01
  .183832520E+01  .186025672E+01  .188243568E+01  .190486462E+01  .192754606E+01
  .195048258E+01  .197367673E+01  .199713114E+01  .202084841E+01  .204483119E+01
  .206908213E+01  .209360392E+01  .211839926E+01  .214347087E+01  .216882150E+01
  .219445391E+01  .222037089E+01  .224657523E+01  .227306977E+01  .229985735E+01
  .232694085E+01  .235432314E+01  .238200714E+01  .240999578E+01  .243829200E+01
  .246689879E+01  .249581912E+01  .252505602E+01  .255461252E+01  .258449167E+01
  .261469654E+01  .264523023E+01  .267609586E+01  .270729656E+01  .273883549E+01
  .277071582E+01  .280294075E+01  .283551349E+01  .286843729E+01  .290171540E+01
  .293535110E+01  .296934768E+01  .300370846E+01  .303843678E+01  .307353599E+01
  .310900946E+01  .314486059E+01  .318109279E+01  .321770950E+01  .325471416E+01
  .329211024E+01  .332990123E+01  .336809064E+01  .340668199E+01  .344567881E+01
  .348508468E+01  .352490317E+01  .356513786E+01  .360579238E+01  .364687034E+01
  .368837541E+01  .373031122E+01  .377268147E+01  .381548984E+01  .385874004E+01
  .390243579E+01  .394658084E+01  .399117893E+01  .403623384E+01  .408174934E+01
  .412772922E+01  .417417730E+01  .422109739E+01  .426849333E+01  .431636897E+01
  .436472815E+01  .441357475E+01  .446291265E+01  .451274573E+01  .456307790E+01
  .461391306E+01  .466525513E+01  .471710804E+01  .476947573E+01  .482236213E+01
  .487577120E+01  .492970688E+01  .498417315E+01  .503917397E+01  .509471331E+01
  .515079515E+01  .520742347E+01  .526460225E+01  .532233547E+01  .538062713E+01
  .543948121E+01  .549890170E+01  .555889259E+01  .561945786E+01  .568060150E+01
  .574232749E+01  .580463982E+01  .586754246E+01  .593103937E+01  .599513453E+01
  .605983188E+01  .612513539E+01  .619104900E+01  .625757663E+01  .632472221E+01
  .639248966E+01  .646088287E+01  .652990574E+01  .659956213E+01  .666985590E+01
  .674079091E+01  .681237097E+01  .688459988E+01  .695748146E+01  .703101945E+01
  .710521761E+01  .718007966E+01  .725560931E+01  .733181023E+01  .740868608E+01
  .748624047E+01  .756447700E+01  .764339925E+01  .772301073E+01  .780331497E+01
  .788431542E+01  .796601551E+01  .804841866E+01  .813152821E+01  .821534749E+01
  .829987978E+01  .838512831E+01  .847109628E+01  .855778685E+01  .864520310E+01
  .873334811E+01  .882222487E+01  .891183634E+01  .900218541E+01  .909327494E+01
  .918510772E+01  .927768647E+01  .937101387E+01  .946509253E+01  .955992500E+01
  .965551376E+01  .975186123E+01  .984896975E+01  .994684161E+01  .100454790E+02
  .101448841E+02  .102450588E+02  .103460053E+02  .104477254E+02  .105502209E+02
  .106534935E+02  .107575449E+02  .108623766E+02  .109679901E+02  .110743868E+02
  .111815680E+02  .112895348E+02  .113982883E+02  .115078295E+02  .116181593E+02
  .117292784E+02  .118411875E+02  .119538872E+02  .120673779E+02  .121816600E+02
  .122967336E+02  .124125988E+02  .125292557E+02  .126467040E+02  .127649434E+02
  .128839737E+02  .130037941E+02  .131244041E+02  .132458028E+02  .133679893E+02
  .134909625E+02  .136147212E+02  .137392639E+02  .138645891E+02  .139906952E+02
  .141175804E+02  .142452425E+02  .143736795E+02  .145028891E+02  .146328687E+02
  .147636157E+02  .148951274E+02  .150274007E+02  .151604324E+02  .152942192E+02
  .154287576E+02  .155640439E+02  .157000742E+02  .158368444E+02  .159743502E+02
  .161125872E+02  .162515507E+02  .163912359E+02  .165316376E+02  .166727507E+02
  .168145696E+02  .169570887E+02  .171003020E+02  .172442036E+02  .173887869E+02
  .175340456E+02  .176799727E+02  .178265614E+02  .179738044E+02  .181216943E+02
  .182702233E+02  .184193836E+02  .185691670E+02  .187195651E+02  .188705692E+02
  .190221706E+02  .191743600E+02  .193271280E+02  .194804651E+02  .196343614E+02
  .197888067E+02  .199437907E+02  .200993026E+02  .202553316E+02  .204118665E+02
  .205688958E+02  .207264078E+02  .208843905E+02  .210428317E+02  .212017189E+02
  .213610393E+02  .215207797E+02  .216809268E+02  .218414670E+02  .220023863E+02
  .221636707E+02  .223253055E+02  .224872760E+02  .226495672E+02  .228121638E+02
  .229750500E+02  .231382101E+02  .233016278E+02  .234652866E+02  .236291697E+02
  .237932601E+02  .239575404E+02  .241219930E+02  .242866000E+02  .244513430E+02
  .246162036E+02  .247811630E+02  .249462020E+02  .251113013E+02  .252764413E+02
  .254416018E+02  .256067628E+02  .257719036E+02  .259370034E+02  .261020411E+02
  .262669954E+02  .264318445E+02  .265965666E+02  .267611393E+02  .269255402E+02
  .270897465E+02  .272537352E+02  .274174829E+02  .275809662E+02  .277441611E+02
  .279070435E+02  .280695892E+02  .282317735E+02  .283935715E+02  .285549582E+02
  .287159083E+02  .288763961E+02  .290363958E+02  .291958815E+02  .293548269E+02
  .295132055E+02  .296709906E+02  .298281553E+02  .299846726E+02  .301405152E+02
  .302956555E+02  .304500660E+02  .306037188E+02  .307565859E+02  .309086392E+02
  .310598502E+02  .312101907E+02  .313596319E+02  .315081451E+02  .316557014E+02
  .318022719E+02  .319478276E+02  .320923391E+02  .322357773E+02  .323781127E+02
  .325193160E+02  .326593578E+02  .327982083E+02  .329358382E+02  .330722178E+02
  .332073174E+02  .333411075E+02  .334735585E+02  .336046407E+02  .337343245E+02
  .338625805E+02  .339893791E+02  .341146910E+02  .342384868E+02  .343607372E+02
  .344814132E+02  .346004856E+02  .347179257E+02  .348337046E+02  .349477937E+02
  .350601648E+02  .351707894E+02  .352796397E+02  .353866878E+02  .354919062E+02
  .355952676E+02  .356967448E+02  .357963113E+02  .358939404E+02  .359896060E+02
  .360832824E+02  .361749441E+02  .362645660E+02  .363521233E+02  .364375917E+02
  .365209474E+02  .366021669E+02  .366812272E+02  .367581058E+02  .368327805E+02
  .369052299E+02  .369754330E+02  .370433693E+02  .371090189E+02  .371723625E+02
  .372333814E+02  .372920574E+02  .373483732E+02  .374023119E+02  .374538574E+02
  .375029943E+02  .375497079E+02  .375939841E+02  .376358099E+02  .376751726E+02
  .377120607E+02  .377464633E+02  .377783704E+02  .378077728E+02  .378346623E+02
  .378590313E+02  .378808734E+02  .379001829E+02  .379169553E+02  .379311868E+02
  .379428747E+02  .379520172E+02  .379586137E+02  .379626645E+02  .379641708E+02
  .379631352E+02  .379595611E+02  .379534531E+02  .379448169E+02  .379336593E+02
  .379199883E+02  .379038130E+02  .378851437E+02  .378639919E+02  .378403702E+02
  .378142925E+02  .377857739E+02  .377548308E+02  .377214806E+02  .376857423E+02
  .376476359E+02  .376071828E+02  .375644057E+02  .375193285E+02  .374719765E+02
  .374223762E+02  .373705556E+02  .373165437E+02  .372603712E+02  .372020699E+02
  .371416730E+02  .370792149E+02  .370147317E+02  .369482604E+02  .368798396E+02
  .368095093E+02  .367373105E+02  .366632859E+02  .365874794E+02  .365099361E+02
  .364307026E+02  .363498268E+02  .362673578E+02  .361833461E+02  .360978433E+02
  .360109026E+02  .359225783E+02  .358329258E+02  .357420021E+02  .356498650E+02
  .355565739E+02  .354621891E+02  .353667723E+02  .352703863E+02  .351730949E+02
  .350749631E+02  .349760570E+02  .348764439E+02  .347761919E+02  .346753702E+02
  .345740490E+02  .344722995E+02  .343701939E+02  .342678050E+02  .341652068E+02
  .340624739E+02  .339596817E+02  .338569066E+02  .337542254E+02  .336517158E+02
  .335494561E+02  .334475251E+02  .333460022E+02  .332449673E+02  .331445008E+02
  .330446836E+02  .329455969E+02  .328473220E+02  .327499409E+02  .326535354E+02
  .325581878E+02  .324639804E+02  .323709954E+02  .322793153E+02  .321890223E+02
  .321001986E+02  .320129264E+02  .319272872E+02  .318433628E+02  .317612342E+02
  .316809823E+02  .316026873E+02  .315264289E+02  .314522864E+02  .313803383E+02
  .313106623E+02  .312433354E+02  .311784337E+02  .311160324E+02  .310562058E+02
  .309990269E+02  .309445677E+02  .308928991E+02  .308440906E+02  .307982103E+02
  .307553251E+02  .307155002E+02  .306787995E+02  .306452850E+02  .306150173E+02
  .305880550E+02  .305644549E+02  .305442722E+02  .305275599E+02  .305143688E+02
  .305047480E+02  .304987442E+02  .304964018E+02  .304977632E+02  .305028682E+02
  .305117542E+02  .305244562E+02  .305410066E+02  .305614353E+02  .305857693E+02
  .306140330E+02  .306462482E+02  .306824336E+02  .307226051E+02  .307667757E+02
  .308149554E+02  .308671510E+02  .309233664E+02  .309836024E+02  .310478564E+02
  .311161226E+02  .311883923E+02  .312646530E+02  .313448892E+02  .314290820E+02
  .315172088E+02  .316092440E+02  .317051584E+02  .318049191E+02  .319084900E+02
  .320158313E+02  .321268999E+02  .322416488E+02  .323600279E+02  .324819830E+02
  .326074570E+02  .327363886E+02  .328687134E+02  .330043632E+02  .331432665E+02
  .332853480E+02  .334305291E+02  .335787276E+02  .337298579E+02  .338838309E+02
  .340405542E+02  .341999319E+02  .343618648E+02  .345262505E+02  .346929833E+02
  .348619542E+02  .350330511E+02  .352061590E+02  .353811595E+02  .355579315E+02
  .357363509E+02  .359162908E+02  .360976216E+02  .362802108E+02  .364639235E+02
  .366486221E+02  .368341669E+02  .370204154E+02  .372072232E+02  .373944437E+02
  .375819281E+02  .377695258E+02  .379570844E+02  .381444496E+02  .383314657E+02
  .385179755E+02  .387038202E+02  .388888400E+02  .390728740E+02  .392557601E+02
  .394373356E+02  .396174369E+02  .397959000E+02  .399725604E+02  .401472531E+02
  .403198133E+02  .404900759E+02  .406578763E+02  .408230498E+02  .409854324E+02
  .411448607E+02  .413011720E+02  .414542045E+02  .416037975E+02  .417497917E+02
  .418920290E+02  .420303528E+02  .421646085E+02  .422946432E+02  .424203060E+02
  .425414483E+02  .426579239E+02  .427695890E+02  .428763027E+02  .429779268E+02
  .430743260E+02  .431653684E+02  .432509254E+02  .433308718E+02  .434050860E+02
  .434734503E+02  .435358509E+02  .435921781E+02  .436423264E+02  .436861947E+02
  .437236865E+02  .437547097E+02  .437791774E+02  .437970073E+02  .438081222E+02
  .438124502E+02  .438099247E+02  .438004842E+02  .437840732E+02  .437606415E+02
  .437301447E+02  .436925442E+02  .436478076E+02  .435959080E+02  .435368251E+02
  .434705444E+02  .433970578E+02  .433163636E+02  .432284662E+02  .431333767E+02
  .430311124E+02  .429216972E+02  .428051616E+02  .426815427E+02  .425508840E+02
  .424132356E+02  .422686544E+02  .421172036E+02  .419589533E+02  .417939800E+02
  .416223667E+02  .414442029E+02  .412595847E+02  .410686146E+02  .408714014E+02
  .406680602E+02  .404587123E+02  .402434854E+02  .400225130E+02  .397959347E+02
  .395638960E+02  .393265481E+02  .390840478E+02  .388365576E+02  .385842453E+02
  .383272840E+02  .380658518E+02  .378001319E+02  .375303122E+02  .372565852E+02
  .369791480E+02  .366982018E+02  .364139520E+02  .361266079E+02  .358363822E+02
  .355434915E+02  .352481554E+02  .349505966E+02  .346510405E+02  .343497154E+02
  .340468515E+02  .337426815E+02  .334374397E+02  .331313623E+02  .328246865E+02
  .325176508E+02  .322104945E+02  .319034576E+02  .315967802E+02  .312907025E+02
  .309854647E+02  .306813061E+02  .303784655E+02  .300771806E+02  .297776876E+02
  .294802214E+02  .291850148E+02  .288922985E+02  .286023007E+02  .283152469E+02
  .280313597E+02  .277508585E+02  .274739590E+02  .272008731E+02  .269318090E+02
  .266669701E+02  .264065556E+02  .261507598E+02  .258997718E+02  .256537757E+02
  .254129497E+02  .251774666E+02  .249474929E+02  .247231891E+02  .245047092E+02
  .242922008E+02  .240858043E+02  .238856534E+02  .236918747E+02  .235045872E+02
  .233239025E+02  .231499247E+02  .229827501E+02  .228224668E+02  .226691551E+02
  .225228871E+02  .223837267E+02  .222517294E+02  .221269423E+02  .220094040E+02
  .218991445E+02  .217961854E+02  .217005394E+02  .216122107E+02  .215311950E+02
  .214574792E+02  .213910414E+02  .213318514E+02  .212798702E+02  .212350503E+02
  .211973358E+02  .211666623E+02  .211429573E+02  .211261398E+02  .211161208E+02
  .211128034E+02  .211160828E+02  .211258462E+02  .211419737E+02  .211643375E+02
  .211928030E+02  .212272282E+02  .212674644E+02  .213133562E+02  .213647417E+02
  .214214529E+02  .214833155E+02  .215501498E+02  .216217702E+02  .216979862E+02
  .217786020E+02  .218634172E+02  .219522269E+02  .220448218E+02  .221409890E+02
  .222405118E+02  .223431703E+02  .224487413E+02  .225569991E+02  .226677155E+02
  .227806603E+02  .228956013E+02  .230123048E+02  .231305361E+02  .232500595E+02
  .233706387E+02  .234920373E+02  .236140189E+02  .237363473E+02  .238587872E+02
  .239811043E+02  .241030654E+02  .242244391E+02  .243449958E+02  .244645079E+02
  .245827507E+02  .246995017E+02  .248145420E+02  .249276555E+02  .250386300E+02
  .251472570E+02  .252533318E+02  .253566545E+02  .254570294E+02  .255542657E+02
  .256481774E+02  .257385840E+02  .258253101E+02  .259081860E+02  .259870478E+02
  .260617373E+02  .261321026E+02  .261979979E+02  .262592839E+02  .263158276E+02
  .263675028E+02  .264141899E+02  .264557761E+02  .264921555E+02  .265232293E+02
  .265489054E+02  .265690990E+02  .265837325E+02  .265927352E+02  .265960437E+02
  .265936017E+02  .265853600E+02  .265712768E+02  .265513170E+02  .265254530E+02
  .264936640E+02  .264559361E+02  .264122625E+02  .263626432E+02  .263070849E+02
  .262456010E+02  .261782114E+02  .261049426E+02  .260258272E+02  .259409044E+02
  .258502190E+02  .257538221E+02  .256517705E+02  .255441265E+02  .254309582E+02
  .253123388E+02  .251883466E+02  .250590651E+02  .249245825E+02  .247849916E+02
  .246403897E+02  .244908783E+02  .243365631E+02  .241775535E+02  .240139626E+02
  .238459071E+02  .236735069E+02  .234968849E+02  .233161670E+02  .231314818E+02
  .229429602E+02  .227507355E+02  .225549430E+02  .223557200E+02  .221532054E+02
  .219475394E+02  .217388638E+02  .215273211E+02  .213130551E+02  .210962100E+02
  .208769306E+02  .206553621E+02  .204316498E+02  .202059389E+02  .199783745E+02
  .197491012E+02  .195182634E+02  .192860044E+02  .190524668E+02  .188177923E+02
  .185821213E+02  .183455930E+02  .181083451E+02  .178705137E+02  .176322334E+02
  .173936368E+02  .171548546E+02  .169160154E+02  .166772458E+02  .164386700E+02
  .162004099E+02  .159625850E+02  .157253122E+02  .154887057E+02  .152528773E+02
  .150179358E+02  .147839871E+02  .145511345E+02  .143194783E+02  .140891155E+02
  .138601405E+02  .136326443E+02  .134067151E+02  .131824378E+02  .129598940E+02
  .127391624E+02  .125203185E+02  .123034343E+02  .120885789E+02  .118758181E+02
  .116652146E+02  .114568277E+02  .112507136E+02  .110469254E+02  .108455129E+02
  .106465230E+02  .104499994E+02  .102559826E+02  .100645103E+02  .987561698E+01
  .968933426E+01  .950569078E+01  .932471239E+01  .914642197E+01  .897083977E+01
  .879798315E+01  .862786694E+01  .846050318E+01  .829590151E+01  .813406891E+01
  .797501002E+01  .781872699E+01  .766521977E+01  .751448590E+01  .736652087E+01
  .722131790E+01  .707886829E+01  .693916119E+01  .680218398E+01  .666792203E+01
  .653635906E+01  .640747694E+01  .628125602E+01  .615767494E+01  .603671095E+01
  .591833974E+01  .580253573E+01  .568927195E+01  .557852029E+01  .547025134E+01
  .536443473E+01  .526103894E+01  .516003157E+01  .506137923E+01  .496504778E+01
  .487100218E+01  .477920679E+01  .468962505E+01  .460222026E+01  .451695464E+01
  .443379057E+01  .435268925E+01  .427361232E+01  .419652027E+01  .412137419E+01
  .404813407E+01  .397676064E+01  .390721351E+01  .383945334E+01  .377343973E+01
  .370913322E+01  .364649350E+01  .358548129E+01  .352605649E+01  .346818015E+01
  .341181255E+01  .335691520E+01  .330344891E+01  .325137578E+01  .320065726E+01
  .315125617E+01  .310313471E+01  .305625651E+01  .301058463E+01  .296608363E+01
  .292271751E+01  .288045182E+01  .283925159E+01  .279908345E+01  .275991350E+01
  .272170953E+01  .268443878E+01  .264807023E+01  .261257232E+01  .257791525E+01
  .254406872E+01  .251100419E+01  .247869263E+01  .244710677E+01  .241621889E+01
  .238600305E+01  .235643281E+01  .232748355E+01  .229913015E+01  .227134933E+01
  .224411726E+01  .221741200E+01  .219121103E+01  .216549372E+01  .214023884E+01
  .211542707E+01  .209103847E+01  .206705499E+01  .204345795E+01  .202023057E+01
  .199735541E+01  .197481691E+01  .195259884E+01  .193068685E+01  .190906590E+01
  .188772277E+01  .186664359E+01  .184581628E+01  .182522795E+01  .180486747E+01
  .178472364E+01  .176478604E+01  .174504446E+01  .172548950E+01  .170611195E+01
  .168690335E+01  .166785545E+01  .164896072E+01  .163021178E+01  .161160199E+01
  .159312483E+01  .157477448E+01  .155654522E+01  .153843203E+01  .152042995E+01
  .150253469E+01  .148474200E+01  .146704830E+01  .144945000E+01  .143194417E+01
  .141452783E+01  .139719867E+01  .137995429E+01  .136279292E+01  .134571272E+01
  .132871242E+01  .131179066E+01  .129494667E+01  .127817953E+01  .126148889E+01
  .124487425E+01  .122833565E+01  .121187295E+01  .119548655E+01  .117917663E+01
  .116294392E+01  .114678888E+01  .113071251E+01  .111471554E+01  .109879920E+01
  .108296445E+01  .106721273E+01  .105154518E+01  .103596341E+01  .102046873E+01
  .100506289E+01  .989747320E+00  .974523893E+00  .959394131E+00  .944359996E+00
  .929423084E+00  .914585365E+00  .899848608E+00  .885214717E+00  .870685511E+00
  .856262908E+00  .841948726E+00  .827744876E+00  .813653157E+00  .799675454E+00
  .785813527E+00  .772069214E+00  .758444224E+00  .744940332E+00  .731559177E+00
  .718302458E+00  .705171730E+00  .692168604E+00  .679294538E+00  .666551043E+00
  .653939470E+00  .641461219E+00  .629117525E+00  .616909671E+00  .604838767E+00
  .592905969E+00  .581112258E+00  .569458657E+00  .557946013E+00  .546575212E+00
  .535346963E+00  .524262012E+00  .513320925E+00  .502524309E+00  .491872587E+00
  .481366221E+00  .471005494E+00  .460790724E+00  .450722052E+00  .440799656E+00
  .431023534E+00  .421393728E+00  .411910069E+00  .402572492E+00  .393380721E+00
  .384334528E+00  .375433507E+00  .366677302E+00  .358065383E+00  .349597269E+00
  .341272310E+00  .333089908E+00  .325049298E+00  .317149773E+00  .309390457E+00
  .301770538E+00  .294289039E+00  .286945051E+00  .279737501E+00  .272665388E+00
  .265727553E+00  .258922911E+00  .252250220E+00  .245708319E+00  .239295896E+00
  .233011718E+00  .226854406E+00  .220822666E+00  .214915063E+00  .209130246E+00
  .203466727E+00  .197923110E+00  .192497839E+00  .187189502E+00  .181996529E+00
  .176917448E+00  .171950659E+00  .167094665E+00  .162347839E+00  .157708663E+00
  .153175496E+00  .148746803E+00  .144420930E+00  .140196334E+00  .136071356E+00
  .132044448E+00  .128113950E+00  .124278315E+00  .120535896E+00  .116885116E+00
  .113324384E+00  .109852113E+00  .106466724E+00  .103166646E+00  .999503160E-01
  .968161800E-01  .937626949E-01  .907883284E-01  .878915601E-01  .850708817E-01
  .823247983E-01  .796518284E-01  .770505047E-01  .745193748E-01  .720570013E-01
  .696619625E-01  .673328527E-01  .650682827E-01  .628668799E-01  .607272886E-01
  .586481706E-01  .566282052E-01  .546660891E-01  .527605373E-01  .509102825E-01
  .491140757E-01  .473706861E-01  .456789014E-01  .440375273E-01  .424453882E-01
  .409013268E-01  .394042041E-01  .379528997E-01  .365463113E-01  .351833549E-01
  .338629649E-01  .325840935E-01  .313457110E-01  .301468058E-01  .289863839E-01
  .278634689E-01  .267771020E-01  .257263419E-01  .247102642E-01  .237279619E-01
  .227785448E-01  .218611393E-01  .209748886E-01  .201189520E-01  .192925055E-01
  .184947407E-01  .177248653E-01  .169821026E-01  .162656915E-01  .155748862E-01
  .149089560E-01  .142671853E-01  .136488733E-01  .130533335E-01  .124798943E-01
  .119278980E-01  .113967011E-01  .108856742E-01  .103942012E-01  .992167999E-02
  .946752160E-02  .903115035E-02  .861200361E-02  .820953160E-02  .782319728E-02
  .745247615E-02  .709685607E-02  .675583714E-02  .642893151E-02  .611566322E-02
  .581556804E-02  .552819331E-02  .525309779E-02  .498985148E-02  .473803548E-02
  .449724182E-02  .426707331E-02  .404714337E-02  .383707590E-02  .363650507E-02
  .344507520E-02  .326244062E-02  .308826546E-02  .292222351E-02  .276399809E-02
  .261328185E-02  .246977664E-02  .233319331E-02  .220325161E-02  .207967998E-02
  .196221539E-02  .185060323E-02  .174459707E-02  .164395856E-02  .154845724E-02
  .145787039E-02  .137198285E-02  .129058689E-02  .121348123E-02  .114047326E-02
  .107137648E-02  .100601113E-02  .944204059E-03  .885788560E-03  .830604197E-03
  .778496653E-03  .729317570E-03  .682924393E-03  .639180208E-03  .597953592E-03
  .559118457E-03  .522553893E-03  .488144021E-03  .455777841E-03  .425349084E-03
  .396756063E-03  .369901533E-03  .344692544E-03  .321040300E-03  .298860025E-03
  .278070821E-03  .258595537E-03  .240360635E-03  .223296063E-03  .207335127E-03
  .192414365E-03  .178473430E-03  .165454963E-03  .153304484E-03  .141970275E-03
  .131403269E-03  .121556941E-03  .112387206E-03  .103852312E-03  .959127436E-04
  .885311226E-04  .816721159E-04  .753023432E-04  .693902886E-04  .639062151E-04
  .588220816E-04  .541114628E-04  .497494721E-04  .457126866E-04  .419790755E-04
  .385279306E-04  .353397996E-04  .323964222E-04  .296806685E-04  .271764800E-04
  .248688129E-04  .227435843E-04  .207876201E-04  .189886061E-04  .173312212E-04
  .158087247E-04  .144110102E-04  .131286553E-04  .119528816E-04  .108755154E-04
  .988895150E-05  .898611790E-05  .816044315E-05  .740582479E-05  .671659979E-05
  .608751640E-05  .551370761E-05  .499066610E-05  .451422049E-05  .408051301E-05
  .368597839E-05  .332732403E-05  .300151125E-05  .270573775E-05  .243742104E-05
  .219418290E-05  .197383485E-05  .177436442E-05  .159392242E-05  .143081086E-05
  .128347180E-05  .115047685E-05  .103051735E-05  .922395288E-06  .825014717E-06
  .737373862E-06  .658557716E-06  .587731165E-06  .524132607E-06  .467068020E-06
  .415905460E-06  .370069960E-06  .329038810E-06  .292337181E-06  .259534091E-06
  .230238664E-06  .204096691E-06  .180787445E-06  .160020761E-06  .141534337E-06
  .125091252E-06  .110477693E-06  .975008613E-07  .859870534E-07  .757799028E-07
  .667387700E-07  .587372692E-07  .516619224E-07  .454109295E-07  .398930467E-07
  .350265641E-07  .307383747E-07  .269631275E-07  .236424573E-07  .207242861E-07
  .181621882E-07  .159148164E-07  .139453808E-07  .122211790E-07  .107131702E-07
  .939559201E-08  .824561438E-08  .724302817E-08  .636996517E-08  .561064660E-08
  .495115771E-08  .437924596E-08  .388414081E-08  .345639311E-08  .308773242E-08
  .277094069E-08  .249974087E-08  .226869947E-08  .207314174E-08  .190907889E-08
  .177314653E-08  .166255380E-08  .157504292E-08  .150885901E-08  .146273030E-08
  .143585863E-08  .142792248E-08  .143909054E-08  .122145632E-08  .103559858E-08
  .877052202E-09  .741953566E-09  .626963225E-09  .529198026E-09  .446171575E-09
  .375742068E-09  .316066647E-09  .265561494E-09  .222866998E-09  .186817375E-09
  .156414209E-09  .130803435E-09  .109255335E-09  .911471808E-10  .759481870E-10
  .632064858E-10  .525378623E-10  .436160267E-10  .361642249E-10  .299480096E-10
  .247690224E-10  .204596503E-10  .168784395E-10  .139061661E-10  .114424711E-10
  .940298551E-11  .771687474E-11  .632474559E-11  .517686402E-11  .423163963E-11
  .345433873E-11  .281599307E-11  .229247553E-11  .186371857E-11  .151305411E-11
  .122665678E-11  .993075108E-12  .802837183E-12  .648119527E-12  .522469386E-12
  .420572182E-12  .338057056E-12  .271334500E-12  .217460978E-12  .174026221E-12
  .139059537E-12  .110952034E-12  .883921724E-13  .703124132E-13  .558451473E-13
  .442863280E-13  .350655151E-13  .277212357E-13  .218807510E-13  .172434663E-13
  .135673501E-13  .106578346E-13  .835875783E-14  .654498486E-14  .511640557E-14
  .399306096E-14  .311119185E-14  .242004088E-14  .187926845E-14  .145686823E-14
  .112748853E-14  .871082849E-15  .671826729E-15  .517250080E-15  .397543156E-15
  .305002460E-15  .233589132E-15  .178577610E-15  .136276596E-15  .103807857E-15
  .789311819E-16  .599061106E-16  .453829223E-16  .343168367E-16  .259006164E-16
  .195117213E-16  .146709498E-16  .110101323E-16  .824694240E-17  .616529593E-17
  .460012697E-17  .342558686E-17  .254591402E-17  .188838410E-17  .139787721E-17
  .103269957E-17  .761376395E-18  .560195187E-18  .411327712E-18  .301397215E-18
  .220387607E-18  .160814693E-18  .117097825E-18  .850844797E-19  .616913283E-19
  .446338083E-19  .322228217E-19  .232122215E-19  .166846471E-19  .119662522E-19
