   Th_s: PAW                             
 100
Core Pot   L  =         .00000   -.30179
  -.30000000E+01  .26307857E+01
  -.29500000E+01  .22806159E+01
  -.29000000E+01  .20790090E+01
  -.28500000E+01  .19446606E+01
  -.28000000E+01  .18463907E+01
  -.27500000E+01  .17696734E+01
  -.27000000E+01  .17068259E+01
  -.26500000E+01  .16534024E+01
  -.26000000E+01  .16066508E+01
  -.25500000E+01  .15647753E+01
  -.25000000E+01  .15265534E+01
  -.24500000E+01  .14911234E+01
  -.24000000E+01  .14578598E+01
  -.23500000E+01  .14262969E+01
  -.23000000E+01  .13960802E+01
  -.22500000E+01  .13669347E+01
  -.22000000E+01  .13386430E+01
  -.21500000E+01  .13110307E+01
  -.21000000E+01  .12839559E+01
  -.20500000E+01  .12573011E+01
  -.20000000E+01  .12309681E+01
  -.19500000E+01  .12048736E+01
  -.19000000E+01  .11789461E+01
  -.18500000E+01  .11531234E+01
  -.18000000E+01  .11273510E+01
  -.17500000E+01  .11015802E+01
  -.17000000E+01  .10757671E+01
  -.16500000E+01  .10498720E+01
  -.16000000E+01  .10238580E+01
  -.15500000E+01  .99769083E+00
  -.15000000E+01  .97133816E+00
  -.14500000E+01  .94476920E+00
  -.14000000E+01  .91795428E+00
  -.13500000E+01  .89086453E+00
  -.13000000E+01  .86347162E+00
  -.12500000E+01  .83574748E+00
  -.12000000E+01  .80766404E+00
  -.11500000E+01  .77919308E+00
  -.11000000E+01  .75030595E+00
  -.10500000E+01  .72097344E+00
  -.10000000E+01  .69116552E+00
  -.95000000E+00  .66085121E+00
  -.90000000E+00  .62999836E+00
  -.85000000E+00  .59857347E+00
  -.80000000E+00  .56654143E+00
  -.75000000E+00  .53386540E+00
  -.70000000E+00  .50050650E+00
  -.65000000E+00  .46642359E+00
  -.60000000E+00  .43157303E+00
  -.55000000E+00  .39590834E+00
  -.50000000E+00  .35937996E+00
  -.45000000E+00  .32193482E+00
  -.40000000E+00  .28351599E+00
  -.35000000E+00  .24406228E+00
  -.30000000E+00  .20350771E+00
  -.25000000E+00  .16178099E+00
  -.20000000E+00  .11880494E+00
  -.15000000E+00  .74495762E-01
  -.10000000E+00  .28762289E-01
  -.50000000E-01 -.18494895E-01
  -.22898350E-14 -.67384481E-01
   .50000000E-01 -.11802557E+00
   .10000000E+00 -.17054902E+00
   .15000000E+00 -.22509898E+00
   .20000000E+00 -.28183464E+00
   .25000000E+00 -.34093233E+00
   .30000000E+00 -.40258793E+00
   .35000000E+00 -.46701968E+00
   .40000000E+00 -.53447153E+00
   .45000000E+00 -.60521707E+00
   .50000000E+00 -.67956428E+00
   .55000000E+00 -.75786105E+00
   .60000000E+00 -.84050202E+00
   .65000000E+00 -.92793669E+00
   .70000000E+00 -.10206794E+01
   .75000000E+00 -.11193213E+01
   .80000000E+00 -.12245459E+01
   .85000000E+00 -.13371470E+01
   .90000000E+00 -.14580529E+01
   .95000000E+00 -.15883552E+01
   .10000000E+01 -.17293476E+01
   .10500000E+01 -.18825739E+01
   .11000000E+01 -.20498924E+01
   .11500000E+01 -.22335600E+01
   .12000000E+01 -.24363454E+01
   .12500000E+01 -.26616828E+01
   .13000000E+01 -.29138850E+01
   .13500000E+01 -.31984441E+01
   .14000000E+01 -.35224635E+01
   .14500000E+01 -.38952962E+01
   .15000000E+01 -.43295129E+01
   .15500000E+01 -.48424150E+01
   .16000000E+01 -.54584926E+01
   .16500000E+01 -.62135908E+01
   .17000000E+01 -.71623546E+01
   .17500000E+01 -.83924150E+01
   .18000000E+01 -.10053703E+02
   .18500000E+01 -.12425785E+02
   .19000000E+01 -.16096607E+02
   .19500000E+01 -.22549622E+02
   .20000000E+01 -.36917147E+02
Potential  L  =         .00000   -.30179
  -.30000000E+01  .15214220E+01
  -.29500000E+01  .15053933E+01
  -.29000000E+01  .14892098E+01
  -.28500000E+01  .14728671E+01
  -.28000000E+01  .14563611E+01
  -.27500000E+01  .14396871E+01
  -.27000000E+01  .14228403E+01
  -.26500000E+01  .14058158E+01
  -.26000000E+01  .13886083E+01
  -.25500000E+01  .13712124E+01
  -.25000000E+01  .13536225E+01
  -.24500000E+01  .13358324E+01
  -.24000000E+01  .13178360E+01
  -.23500000E+01  .12996266E+01
  -.23000000E+01  .12811975E+01
  -.22500000E+01  .12625413E+01
  -.22000000E+01  .12436504E+01
  -.21500000E+01  .12245168E+01
  -.21000000E+01  .12051320E+01
  -.20500000E+01  .11854872E+01
  -.20000000E+01  .11655729E+01
  -.19500000E+01  .11453793E+01
  -.19000000E+01  .11248958E+01
  -.18500000E+01  .11041114E+01
  -.18000000E+01  .10830144E+01
  -.17500000E+01  .10615922E+01
  -.17000000E+01  .10398317E+01
  -.16500000E+01  .10177189E+01
  -.16000000E+01  .99523880E+00
  -.15500000E+01  .97237558E+00
  -.15000000E+01  .94911229E+00
  -.14500000E+01  .92543087E+00
  -.14000000E+01  .90131200E+00
  -.13500000E+01  .87673504E+00
  -.13000000E+01  .85167784E+00
  -.12500000E+01  .82611665E+00
  -.12000000E+01  .80002595E+00
  -.11500000E+01  .77337827E+00
  -.11000000E+01  .74614400E+00
  -.10500000E+01  .71829116E+00
  -.10000000E+01  .68978518E+00
  -.95000000E+00  .66058860E+00
  -.90000000E+00  .63066073E+00
  -.85000000E+00  .59995735E+00
  -.80000000E+00  .56843025E+00
  -.75000000E+00  .53602679E+00
  -.70000000E+00  .50268933E+00
  -.65000000E+00  .46835468E+00
  -.60000000E+00  .43295329E+00
  -.55000000E+00  .39640854E+00
  -.50000000E+00  .35863569E+00
  -.45000000E+00  .31954082E+00
  -.40000000E+00  .27901950E+00
  -.35000000E+00  .23695527E+00
  -.30000000E+00  .19321782E+00
  -.25000000E+00  .14766082E+00
  -.20000000E+00  .10011937E+00
  -.15000000E+00  .50406906E-01
  -.10000000E+00 -.16885228E-02
  -.50000000E-01 -.56408778E-01
  -.22898350E-14 -.11403116E+00
   .50000000E-01 -.17487520E+00
   .10000000E+00 -.23931111E+00
   .15000000E+00 -.30777031E+00
   .20000000E+00 -.38075877E+00
   .25000000E+00 -.45887387E+00
   .30000000E+00 -.54282624E+00
   .35000000E+00 -.63346805E+00
   .40000000E+00 -.73183024E+00
   .45000000E+00 -.83917230E+00
   .50000000E+00 -.95704949E+00
   .55000000E+00 -.10874054E+01
   .60000000E+00 -.12327016E+01
   .65000000E+00 -.13961032E+01
   .70000000E+00 -.15817493E+01
   .75000000E+00 -.17951607E+01
   .80000000E+00 -.20438690E+01
   .85000000E+00 -.23384254E+01
   .90000000E+00 -.26940833E+01
   .95000000E+00 -.31337493E+01
   .10000000E+01 -.36934735E+01
   .10500000E+01 -.44334595E+01
   .11000000E+01 -.54623694E+01
   .11500000E+01 -.69983735E+01
   .12000000E+01 -.95535822E+01
   .12500000E+01 -.14680555E+02
   .13000000E+01 -.30342264E+02
   .13500000E+01  .95529141E+03
   .14000000E+01  .29313837E+02
   .14500000E+01  .15049951E+02
   .15000000E+01  .10179894E+02
   .15500000E+01  .77125562E+01
   .16000000E+01  .62149845E+01
   .16500000E+01  .52045682E+01
   .17000000E+01  .44732384E+01
   .17500000E+01  .39165463E+01
   .18000000E+01  .34762947E+01
   .18500000E+01  .31174833E+01
   .19000000E+01  .28177944E+01
   .19500000E+01  .25623213E+01
   .20000000E+01  .23407241E+01
Core Pot   L  =        1.00000  -1.57255
  -.30000000E+01  .13719163E+01
  -.29500000E+01  .13491530E+01
  -.29000000E+01  .13257290E+01
  -.28500000E+01  .13015856E+01
  -.28000000E+01  .12766558E+01
  -.27500000E+01  .12508634E+01
  -.27000000E+01  .12241208E+01
  -.26500000E+01  .11963268E+01
  -.26000000E+01  .11673642E+01
  -.25500000E+01  .11370960E+01
  -.25000000E+01  .11053614E+01
  -.24500000E+01  .10719699E+01
  -.24000000E+01  .10366943E+01
  -.23500000E+01  .99926111E+00
  -.23000000E+01  .95933853E+00
  -.22500000E+01  .91651930E+00
  -.22000000E+01  .87029814E+00
  -.21500000E+01  .82004017E+00
  -.21000000E+01  .76493623E+00
  -.20500000E+01  .70393854E+00
  -.20000000E+01  .63566532E+00
  -.19500000E+01  .55825588E+00
  -.19000000E+01  .46914294E+00
  -.18500000E+01  .36468149E+00
  -.18000000E+01  .23951613E+00
  -.17500000E+01  .85443204E-01
  -.17000000E+01 -.11077386E+00
  -.16500000E+01 -.37196678E+00
  -.16000000E+01 -.74118363E+00
  -.15500000E+01 -.13104323E+01
  -.15000000E+01 -.23179511E+01
  -.14500000E+01 -.46302812E+01
  -.14000000E+01 -.15822463E+02
  -.13500000E+01  .19222139E+02
  -.13000000E+01  .69896820E+01
  -.12500000E+01  .45934469E+01
  -.12000000E+01  .35618285E+01
  -.11500000E+01  .29815481E+01
  -.11000000E+01  .26055457E+01
  -.10500000E+01  .23391854E+01
  -.10000000E+01  .21384127E+01
  -.95000000E+00  .19799418E+01
  -.90000000E+00  .18503056E+01
  -.85000000E+00  .17411724E+01
  -.80000000E+00  .16471099E+01
  -.75000000E+00  .15644233E+01
  -.70000000E+00  .14905113E+01
  -.65000000E+00  .14234884E+01
  -.60000000E+00  .13619532E+01
  -.55000000E+00  .13048420E+01
  -.50000000E+00  .12513314E+01
  -.45000000E+00  .12007739E+01
  -.40000000E+00  .11526520E+01
  -.35000000E+00  .11065464E+01
  -.30000000E+00  .10621134E+01
  -.25000000E+00  .10190673E+01
  -.20000000E+00  .97716854E+00
  -.15000000E+00  .93621346E+00
  -.10000000E+00  .89602752E+00
  -.50000000E-01  .85645944E+00
  -.22898350E-14  .81737678E+00
   .50000000E-01  .77866245E+00
   .10000000E+00  .74021185E+00
   .15000000E+00  .70193062E+00
   .20000000E+00  .66373278E+00
   .25000000E+00  .62553913E+00
   .30000000E+00  .58727604E+00
   .35000000E+00  .54887431E+00
   .40000000E+00  .51026824E+00
   .45000000E+00  .47139485E+00
   .50000000E+00  .43219317E+00
   .55000000E+00  .39260358E+00
   .60000000E+00  .35256728E+00
   .65000000E+00  .31202575E+00
   .70000000E+00  .27092029E+00
   .75000000E+00  .22919145E+00
   .80000000E+00  .18677873E+00
   .85000000E+00  .14362001E+00
   .90000000E+00  .99651172E-01
   .95000000E+00  .54805588E-01
   .10000000E+01  .90136862E-02
   .10500000E+01 -.37797581E-01
   .11000000E+01 -.85705260E-01
   .11500000E+01 -.13479097E+00
   .12000000E+01 -.18514154E+00
   .12500000E+01 -.23684969E+00
   .13000000E+01 -.29001478E+00
   .13500000E+01 -.34474369E+00
   .14000000E+01 -.40115172E+00
   .14500000E+01 -.45936369E+00
   .15000000E+01 -.51951511E+00
   .15500000E+01 -.58175359E+00
   .16000000E+01 -.64624038E+00
   .16500000E+01 -.71315213E+00
   .17000000E+01 -.78268300E+00
   .17500000E+01 -.85504703E+00
   .18000000E+01 -.93048088E+00
   .18500000E+01 -.10092471E+01
   .19000000E+01 -.10916378E+01
   .19500000E+01 -.11779794E+01
   .20000000E+01 -.12686376E+01
Potential  L  =        1.00000  -1.57255
  -.30000000E+01  .12423029E+01
  -.29500000E+01  .12167940E+01
  -.29000000E+01  .11905083E+01
  -.28500000E+01  .11633800E+01
  -.28000000E+01  .11353348E+01
  -.27500000E+01  .11062887E+01
  -.27000000E+01  .10761459E+01
  -.26500000E+01  .10447968E+01
  -.26000000E+01  .10121154E+01
  -.25500000E+01  .97795631E+00
  -.25000000E+01  .94215022E+00
  -.24500000E+01  .90449921E+00
  -.24000000E+01  .86477012E+00
  -.23500000E+01  .82268633E+00
  -.23000000E+01  .77791695E+00
  -.22500000E+01  .73006279E+00
  -.22000000E+01  .67863753E+00
  -.21500000E+01  .62304246E+00
  -.21000000E+01  .56253175E+00
  -.20500000E+01  .49616407E+00
  -.20000000E+01  .42273371E+00
  -.19500000E+01  .34067037E+00
  -.19000000E+01  .24788951E+00
  -.18500000E+01  .14156259E+00
  -.18000000E+01  .17751680E-01
  -.17500000E+01 -.12919452E+00
  -.17000000E+01 -.30768771E+00
  -.16500000E+01 -.53082174E+00
  -.16000000E+01 -.82015987E+00
  -.15500000E+01 -.12139076E+01
  -.15000000E+01 -.17868136E+01
  -.14500000E+01 -.27076046E+01
  -.14000000E+01 -.44544104E+01
  -.13500000E+01 -.91244343E+01
  -.13000000E+01 -.65104675E+02
  -.12500000E+01  .15604544E+02
  -.12000000E+01  .75389239E+01
  -.11500000E+01  .51804304E+01
  -.11000000E+01  .40453366E+01
  -.10500000E+01  .33717851E+01
  -.10000000E+01  .29216338E+01
  -.95000000E+00  .25964302E+01
  -.90000000E+00  .23480820E+01
  -.85000000E+00  .21503036E+01
  -.80000000E+00  .19875110E+01
  -.75000000E+00  .18498757E+01
  -.70000000E+00  .17308890E+01
  -.65000000E+00  .16260673E+01
  -.60000000E+00  .15322182E+01
  -.55000000E+00  .14470050E+01
  -.50000000E+00  .13686754E+01
  -.45000000E+00  .12958874E+01
  -.40000000E+00  .12275936E+01
  -.35000000E+00  .11629627E+01
  -.30000000E+00  .11013239E+01
  -.25000000E+00  .10421283E+01
  -.20000000E+00  .98492025E+00
  -.15000000E+00  .92931601E+00
  -.10000000E+00  .87498829E+00
  -.50000000E-01  .82165399E+00
  -.22898350E-14  .76906492E+00
   .50000000E-01  .71700046E+00
   .10000000E+00  .66526169E+00
   .15000000E+00  .61366666E+00
   .20000000E+00  .56204648E+00
   .25000000E+00  .51024206E+00
   .30000000E+00  .45810130E+00
   .35000000E+00  .40547663E+00
   .40000000E+00  .35222282E+00
   .45000000E+00  .29819494E+00
   .50000000E+00  .24324645E+00
   .55000000E+00  .18722732E+00
   .60000000E+00  .12998212E+00
   .65000000E+00  .71348130E-01
   .70000000E+00  .11153212E-01
   .75000000E+00 -.50786369E-01
   .80000000E+00 -.11466842E+00
   .85000000E+00 -.18070756E+00
   .90000000E+00 -.24913840E+00
   .95000000E+00 -.32021909E+00
   .10000000E+01 -.39423561E+00
   .10500000E+01 -.47150667E+00
   .11000000E+01 -.55238964E+00
   .11500000E+01 -.63728762E+00
   .12000000E+01 -.72665791E+00
   .12500000E+01 -.82102244E+00
   .13000000E+01 -.92098050E+00
   .13500000E+01 -.10272245E+01
   .14000000E+01 -.11405596E+01
   .14500000E+01 -.12619286E+01
   .15000000E+01 -.13924433E+01
   .15500000E+01 -.15334255E+01
   .16000000E+01 -.16864591E+01
   .16500000E+01 -.18534597E+01
   .17000000E+01 -.20367674E+01
   .17500000E+01 -.22392718E+01
   .18000000E+01 -.24645844E+01
   .18500000E+01 -.27172798E+01
   .19000000E+01 -.30032414E+01
   .19500000E+01 -.33301661E+01
   .20000000E+01 -.37083225E+01
Core Pot   L  =        2.00000   -.17831
  -.30000000E+01  .15970098E+01
  -.29500000E+01  .15807647E+01
  -.29000000E+01  .15643412E+01
  -.28500000E+01  .15477334E+01
  -.28000000E+01  .15309352E+01
  -.27500000E+01  .15139401E+01
  -.27000000E+01  .14967414E+01
  -.26500000E+01  .14793318E+01
  -.26000000E+01  .14617037E+01
  -.25500000E+01  .14438493E+01
  -.25000000E+01  .14257600E+01
  -.24500000E+01  .14074268E+01
  -.24000000E+01  .13888403E+01
  -.23500000E+01  .13699904E+01
  -.23000000E+01  .13508665E+01
  -.22500000E+01  .13314571E+01
  -.22000000E+01  .13117502E+01
  -.21500000E+01  .12917329E+01
  -.21000000E+01  .12713913E+01
  -.20500000E+01  .12507110E+01
  -.20000000E+01  .12296760E+01
  -.19500000E+01  .12082696E+01
  -.19000000E+01  .11864738E+01
  -.18500000E+01  .11642691E+01
  -.18000000E+01  .11416346E+01
  -.17500000E+01  .11185480E+01
  -.17000000E+01  .10949848E+01
  -.16500000E+01  .10709189E+01
  -.16000000E+01  .10463218E+01
  -.15500000E+01  .10211628E+01
  -.15000000E+01  .99540827E+00
  -.14500000E+01  .96902170E+00
  -.14000000E+01  .94196326E+00
  -.13500000E+01  .91418935E+00
  -.13000000E+01  .88565217E+00
  -.12500000E+01  .85629920E+00
  -.12000000E+01  .82607256E+00
  -.11500000E+01  .79490834E+00
  -.11000000E+01  .76273574E+00
  -.10500000E+01  .72947612E+00
  -.10000000E+01  .69504186E+00
  -.95000000E+00  .65933505E+00
  -.90000000E+00  .62224584E+00
  -.85000000E+00  .58365064E+00
  -.80000000E+00  .54340980E+00
  -.75000000E+00  .50136491E+00
  -.70000000E+00  .45733551E+00
  -.65000000E+00  .41111509E+00
  -.60000000E+00  .36246615E+00
  -.55000000E+00  .31111417E+00
  -.50000000E+00  .25673993E+00
  -.45000000E+00  .19897017E+00
  -.40000000E+00  .13736534E+00
  -.35000000E+00  .71404359E-01
  -.30000000E+00  .46454429E-03
  -.25000000E+00 -.76204487E-01
  -.20000000E+00 -.15951535E+00
  -.15000000E+00 -.25058949E+00
  -.10000000E+00 -.35082061E+00
  -.50000000E-01 -.46196289E+00
  -.22898350E-14 -.58625579E+00
   .50000000E-01 -.72660453E+00
   .10000000E+00 -.88684784E+00
   .15000000E+00 -.10721659E+01
   .20000000E+00 -.12897231E+01
   .25000000E+00 -.15497190E+01
   .30000000E+00 -.18671877E+01
   .35000000E+00 -.22652472E+01
   .40000000E+00 -.27813798E+01
   .45000000E+00 -.34806419E+01
   .50000000E+00 -.44867383E+01
   .55000000E+00 -.60673483E+01
   .60000000E+00 -.89295486E+01
   .65000000E+00 -.15748961E+02
   .70000000E+00 -.53706475E+02
   .75000000E+00  .43042990E+02
   .80000000E+00  .15987124E+02
   .85000000E+00  .10025592E+02
   .90000000E+00  .73983277E+01
   .95000000E+00  .59131415E+01
   .10000000E+01  .49540295E+01
   .10500000E+01  .42804092E+01
   .11000000E+01  .37789320E+01
   .11500000E+01  .33891923E+01
   .12000000E+01  .30760469E+01
   .12500000E+01  .28176571E+01
   .13000000E+01  .25997358E+01
   .13500000E+01  .24125418E+01
   .14000000E+01  .22492038E+01
   .14500000E+01  .21047352E+01
   .15000000E+01  .19754282E+01
   .15500000E+01  .18584676E+01
   .16000000E+01  .17516769E+01
   .16500000E+01  .16533456E+01
   .17000000E+01  .15621105E+01
   .17500000E+01  .14768706E+01
   .18000000E+01  .13967265E+01
   .18500000E+01  .13209355E+01
   .19000000E+01  .12488781E+01
   .19500000E+01  .11800328E+01
   .20000000E+01  .11139567E+01
Potential  L  =        2.00000   -.17831
  -.30000000E+01  .15877455E+01
  -.29500000E+01  .15713368E+01
  -.29000000E+01  .15547462E+01
  -.28500000E+01  .15379679E+01
  -.28000000E+01  .15209957E+01
  -.27500000E+01  .15038232E+01
  -.27000000E+01  .14864434E+01
  -.26500000E+01  .14688493E+01
  -.26000000E+01  .14510332E+01
  -.25500000E+01  .14329871E+01
  -.25000000E+01  .14147025E+01
  -.24500000E+01  .13961704E+01
  -.24000000E+01  .13773815E+01
  -.23500000E+01  .13583256E+01
  -.23000000E+01  .13389920E+01
  -.22500000E+01  .13193695E+01
  -.22000000E+01  .12994460E+01
  -.21500000E+01  .12792086E+01
  -.21000000E+01  .12586438E+01
  -.20500000E+01  .12377370E+01
  -.20000000E+01  .12164725E+01
  -.19500000E+01  .11948337E+01
  -.19000000E+01  .11728028E+01
  -.18500000E+01  .11503606E+01
  -.18000000E+01  .11274865E+01
  -.17500000E+01  .11041585E+01
  -.17000000E+01  .10803527E+01
  -.16500000E+01  .10560433E+01
  -.16000000E+01  .10312026E+01
  -.15500000E+01  .10058003E+01
  -.15000000E+01  .97980376E+00
  -.14500000E+01  .95317744E+00
  -.14000000E+01  .92588259E+00
  -.13500000E+01  .89787692E+00
  -.13000000E+01  .86911416E+00
  -.12500000E+01  .83954358E+00
  -.12000000E+01  .80910943E+00
  -.11500000E+01  .77775026E+00
  -.11000000E+01  .74539822E+00
  -.10500000E+01  .71197811E+00
  -.10000000E+01  .67740639E+00
  -.95000000E+00  .64158998E+00
  -.90000000E+00  .60442480E+00
  -.85000000E+00  .56579411E+00
  -.80000000E+00  .52556646E+00
  -.75000000E+00  .48359332E+00
  -.70000000E+00  .43970612E+00
  -.65000000E+00  .39371276E+00
  -.60000000E+00  .34539332E+00
  -.55000000E+00  .29449475E+00
  -.50000000E+00  .24072438E+00
  -.45000000E+00  .18374175E+00
  -.40000000E+00  .12314840E+00
  -.35000000E+00  .58474914E-01
  -.30000000E+00 -.10835765E-01
  -.25000000E+00 -.85449821E-01
  -.20000000E+00 -.16617082E+00
  -.15000000E+00 -.25397716E+00
  -.10000000E+00 -.35007255E+00
  -.50000000E-01 -.45595500E+00
  -.22898350E-14 -.57351281E+00
   .50000000E-01 -.70516090E+00
   .10000000E+00 -.85403838E+00
   .15000000E+00 -.10243025E+01
   .20000000E+00 -.12215784E+01
   .25000000E+00 -.14536701E+01
   .30000000E+00 -.17317299E+01
   .35000000E+00 -.20722706E+01
   .40000000E+00 -.25008275E+01
   .45000000E+00 -.30590983E+01
   .50000000E+00 -.38201372E+01
   .55000000E+00 -.49246588E+01
   .60000000E+00 -.66829812E+01
   .65000000E+00 -.99407783E+01
   .70000000E+00 -.18109175E+02
   .75000000E+00 -.77432554E+02
   .80000000E+00  .37291057E+02
   .85000000E+00  .15531283E+02
   .90000000E+00  .99850361E+01
   .95000000E+00  .74397524E+01
   .10000000E+01  .59721489E+01
   .10500000E+01  .50130153E+01
   .11000000E+01  .43339062E+01
   .11500000E+01  .38253305E+01
   .12000000E+01  .34282409E+01
   .12500000E+01  .31079815E+01
   .13000000E+01  .28428700E+01
   .13500000E+01  .26186447E+01
   .14000000E+01  .24255379E+01
   .14500000E+01  .22566341E+01
   .15000000E+01  .21068976E+01
   .15500000E+01  .19725733E+01
   .16000000E+01  .18508029E+01
   .16500000E+01  .17393704E+01
   .17000000E+01  .16365304E+01
   .17500000E+01  .15408883E+01
   .18000000E+01  .14513150E+01
   .18500000E+01  .13668857E+01
   .19000000E+01  .12868341E+01
   .19500000E+01  .12105193E+01
   .20000000E+01  .11373996E+01
Core Pot   L  =        3.00000   -.10570
  -.30000000E+01  .18063426E+01
  -.29500000E+01  .17922918E+01
  -.29000000E+01  .17781217E+01
  -.28500000E+01  .17638292E+01
  -.28000000E+01  .17494104E+01
  -.27500000E+01  .17348618E+01
  -.27000000E+01  .17201793E+01
  -.26500000E+01  .17053586E+01
  -.26000000E+01  .16903954E+01
  -.25500000E+01  .16752850E+01
  -.25000000E+01  .16600222E+01
  -.24500000E+01  .16446019E+01
  -.24000000E+01  .16290183E+01
  -.23500000E+01  .16132654E+01
  -.23000000E+01  .15973367E+01
  -.22500000E+01  .15812254E+01
  -.22000000E+01  .15649241E+01
  -.21500000E+01  .15484247E+01
  -.21000000E+01  .15317188E+01
  -.20500000E+01  .15147971E+01
  -.20000000E+01  .14976495E+01
  -.19500000E+01  .14802652E+01
  -.19000000E+01  .14626324E+01
  -.18500000E+01  .14447382E+01
  -.18000000E+01  .14265686E+01
  -.17500000E+01  .14081080E+01
  -.17000000E+01  .13893395E+01
  -.16500000E+01  .13702443E+01
  -.16000000E+01  .13508015E+01
  -.15500000E+01  .13309879E+01
  -.15000000E+01  .13107776E+01
  -.14500000E+01  .12901415E+01
  -.14000000E+01  .12690469E+01
  -.13500000E+01  .12474565E+01
  -.13000000E+01  .12253280E+01
  -.12500000E+01  .12026130E+01
  -.12000000E+01  .11792556E+01
  -.11500000E+01  .11551909E+01
  -.11000000E+01  .11303434E+01
  -.10500000E+01  .11046239E+01
  -.10000000E+01  .10779270E+01
  -.95000000E+00  .10501264E+01
  -.90000000E+00  .10210694E+01
  -.85000000E+00  .99056987E+00
  -.80000000E+00  .95839765E+00
  -.75000000E+00  .92426498E+00
  -.70000000E+00  .88780661E+00
  -.65000000E+00  .84855143E+00
  -.60000000E+00  .80588054E+00
  -.55000000E+00  .75896371E+00
  -.50000000E+00  .70665972E+00
  -.45000000E+00  .64735460E+00
  -.40000000E+00  .57868680E+00
  -.35000000E+00  .49705547E+00
  -.30000000E+00  .39668172E+00
  -.25000000E+00  .26766324E+00
  -.20000000E+00  .91490679E-01
  -.15000000E+00 -.17091300E+00
  -.10000000E+00 -.61877972E+00
  -.50000000E-01 -.15997429E+01
  -.22898350E-14 -.57876401E+01
   .50000000E-01  .10732319E+02
   .10000000E+00  .36565940E+01
   .15000000E+00  .24516675E+01
   .20000000E+00  .19404887E+01
   .25000000E+00  .16499949E+01
   .30000000E+00  .14573811E+01
   .35000000E+00  .13165562E+01
   .40000000E+00  .12063244E+01
   .45000000E+00  .11155699E+01
   .50000000E+00  .10378955E+01
   .55000000E+00  .96935363E+00
   .60000000E+00  .90737188E+00
   .65000000E+00  .85019738E+00
   .70000000E+00  .79659045E+00
   .75000000E+00  .74564556E+00
   .80000000E+00  .69668203E+00
   .85000000E+00  .64917458E+00
   .90000000E+00  .60270776E+00
   .95000000E+00  .55694511E+00
   .10000000E+01  .51160775E+00
   .10500000E+01  .46645918E+00
   .11000000E+01  .42129415E+00
   .11500000E+01  .37593045E+00
   .12000000E+01  .33020252E+00
   .12500000E+01  .28395663E+00
   .13000000E+01  .23704680E+00
   .13500000E+01  .18933164E+00
   .14000000E+01  .14067143E+00
   .14500000E+01  .90925734E-01
   .15000000E+01  .39951031E-01
   .15500000E+01 -.12401445E-01
   .16000000E+01 -.66287904E-01
   .16500000E+01 -.12187425E+00
   .17000000E+01 -.17933846E+00
   .17500000E+01 -.23887321E+00
   .18000000E+01 -.30068875E+00
   .18500000E+01 -.36501622E+00
   .19000000E+01 -.43211143E+00
   .19500000E+01 -.50225929E+00
   .20000000E+01 -.57577902E+00
Potential  L  =        3.00000   -.10570
  -.30000000E+01  .16112023E+01
  -.29500000E+01  .15942030E+01
  -.29000000E+01  .15769983E+01
  -.28500000E+01  .15595812E+01
  -.28000000E+01  .15419443E+01
  -.27500000E+01  .15240798E+01
  -.27000000E+01  .15059795E+01
  -.26500000E+01  .14876347E+01
  -.26000000E+01  .14690364E+01
  -.25500000E+01  .14501749E+01
  -.25000000E+01  .14310400E+01
  -.24500000E+01  .14116208E+01
  -.24000000E+01  .13919058E+01
  -.23500000E+01  .13718830E+01
  -.23000000E+01  .13515393E+01
  -.22500000E+01  .13308610E+01
  -.22000000E+01  .13098334E+01
  -.21500000E+01  .12884410E+01
  -.21000000E+01  .12666670E+01
  -.20500000E+01  .12444937E+01
  -.20000000E+01  .12219020E+01
  -.19500000E+01  .11988715E+01
  -.19000000E+01  .11753803E+01
  -.18500000E+01  .11514050E+01
  -.18000000E+01  .11269202E+01
  -.17500000E+01  .11018987E+01
  -.17000000E+01  .10763110E+01
  -.16500000E+01  .10501255E+01
  -.16000000E+01  .10233078E+01
  -.15500000E+01  .99582046E+00
  -.15000000E+01  .96762307E+00
  -.14500000E+01  .93867151E+00
  -.14000000E+01  .90891768E+00
  -.13500000E+01  .87830902E+00
  -.13000000E+01  .84678796E+00
  -.12500000E+01  .81429130E+00
  -.12000000E+01  .78074951E+00
  -.11500000E+01  .74608589E+00
  -.11000000E+01  .71021563E+00
  -.10500000E+01  .67304467E+00
  -.10000000E+01  .63446840E+00
  -.95000000E+00  .59437015E+00
  -.90000000E+00  .55261934E+00
  -.85000000E+00  .50906936E+00
  -.80000000E+00  .46355500E+00
  -.75000000E+00  .41588936E+00
  -.70000000E+00  .36586019E+00
  -.65000000E+00  .31322539E+00
  -.60000000E+00  .25770754E+00
  -.55000000E+00  .19898717E+00
  -.50000000E+00  .13669445E+00
  -.45000000E+00  .70398843E-01
  -.40000000E+00 -.40397263E-03
  -.35000000E+00 -.76308657E-01
  -.30000000E+00 -.15802145E+00
  -.25000000E+00 -.24638769E+00
  -.20000000E+00 -.34242796E+00
  -.15000000E+00 -.44738601E+00
  -.10000000E+00 -.56279346E+00
  -.50000000E-01 -.69055832E+00
  -.22898350E-14 -.83308831E+00
   .50000000E-01 -.99346615E+00
   .10000000E+00 -.11757041E+01
   .15000000E+00 -.13851233E+01
   .20000000E+00 -.16289350E+01
   .25000000E+00 -.19171623E+01
   .30000000E+00 -.22641590E+01
   .35000000E+00 -.26912329E+01
   .40000000E+00 -.32314380E+01
   .45000000E+00 -.39389639E+01
   .50000000E+00 -.49092459E+01
   .55000000E+00 -.63274324E+01
   .60000000E+00 -.86061922E+01
   .65000000E+00 -.12890195E+02
   .70000000E+00 -.23972454E+02
   .75000000E+00 -.12183091E+03
   .80000000E+00  .42967309E+02
   .85000000E+00  .18863549E+02
   .90000000E+00  .12307731E+02
   .95000000E+00  .92426056E+01
   .10000000E+01  .74610746E+01
   .10500000E+01  .62927440E+01
   .11000000E+01  .54647816E+01
   .11500000E+01  .48452601E+01
   .12000000E+01  .43625934E+01
   .12500000E+01  .39745768E+01
   .13000000E+01  .36547145E+01
   .13500000E+01  .33855322E+01
   .14000000E+01  .31550378E+01
   .14500000E+01  .29547267E+01
   .15000000E+01  .27783995E+01
   .15500000E+01  .26214298E+01
   .16000000E+01  .24802940E+01
   .16500000E+01  .23522611E+01
   .17000000E+01  .22351807E+01
   .17500000E+01  .21273361E+01
   .18000000E+01  .20273395E+01
   .18500000E+01  .19340564E+01
   .19000000E+01  .18465500E+01
   .19500000E+01  .17640390E+01
   .20000000E+01  .16858664E+01
Core Pot   L  =        4.00000    .00000
  -.30000000E+01  .20481835E+01
  -.29500000E+01  .20361827E+01
  -.29000000E+01  .20241149E+01
  -.28500000E+01  .20119793E+01
  -.28000000E+01  .19997746E+01
  -.27500000E+01  .19874998E+01
  -.27000000E+01  .19751537E+01
  -.26500000E+01  .19627351E+01
  -.26000000E+01  .19502427E+01
  -.25500000E+01  .19376753E+01
  -.25000000E+01  .19250317E+01
  -.24500000E+01  .19123103E+01
  -.24000000E+01  .18995100E+01
  -.23500000E+01  .18866293E+01
  -.23000000E+01  .18736666E+01
  -.22500000E+01  .18606206E+01
  -.22000000E+01  .18474897E+01
  -.21500000E+01  .18342723E+01
  -.21000000E+01  .18209668E+01
  -.20500000E+01  .18075715E+01
  -.20000000E+01  .17940846E+01
  -.19500000E+01  .17805044E+01
  -.19000000E+01  .17668291E+01
  -.18500000E+01  .17530566E+01
  -.18000000E+01  .17391852E+01
  -.17500000E+01  .17252127E+01
  -.17000000E+01  .17111370E+01
  -.16500000E+01  .16969561E+01
  -.16000000E+01  .16826676E+01
  -.15500000E+01  .16682693E+01
  -.15000000E+01  .16537587E+01
  -.14500000E+01  .16391334E+01
  -.14000000E+01  .16243908E+01
  -.13500000E+01  .16095284E+01
  -.13000000E+01  .15945433E+01
  -.12500000E+01  .15794326E+01
  -.12000000E+01  .15641936E+01
  -.11500000E+01  .15488230E+01
  -.11000000E+01  .15333178E+01
  -.10500000E+01  .15176745E+01
  -.10000000E+01  .15018899E+01
  -.95000000E+00  .14859604E+01
  -.90000000E+00  .14698822E+01
  -.85000000E+00  .14536515E+01
  -.80000000E+00  .14372643E+01
  -.75000000E+00  .14207164E+01
  -.70000000E+00  .14040036E+01
  -.65000000E+00  .13871212E+01
  -.60000000E+00  .13700645E+01
  -.55000000E+00  .13528287E+01
  -.50000000E+00  .13354085E+01
  -.45000000E+00  .13177986E+01
  -.40000000E+00  .12999934E+01
  -.35000000E+00  .12819870E+01
  -.30000000E+00  .12637732E+01
  -.25000000E+00  .12453455E+01
  -.20000000E+00  .12266973E+01
  -.15000000E+00  .12078214E+01
  -.10000000E+00  .11887104E+01
  -.50000000E-01  .11693564E+01
  -.22898350E-14  .11497512E+01
   .50000000E-01  .11298861E+01
   .10000000E+00  .11097521E+01
   .15000000E+00  .10893394E+01
   .20000000E+00  .10686381E+01
   .25000000E+00  .10476372E+01
   .30000000E+00  .10263257E+01
   .35000000E+00  .10046913E+01
   .40000000E+00  .98272161E+00
   .45000000E+00  .96040304E+00
   .50000000E+00  .93772135E+00
   .55000000E+00  .91466143E+00
   .60000000E+00  .89120715E+00
   .65000000E+00  .86734139E+00
   .70000000E+00  .84304588E+00
   .75000000E+00  .81830113E+00
   .80000000E+00  .79308632E+00
   .85000000E+00  .76737918E+00
   .90000000E+00  .74115585E+00
   .95000000E+00  .71439073E+00
   .10000000E+01  .68705634E+00
   .10500000E+01  .65912310E+00
   .11000000E+01  .63055915E+00
   .11500000E+01  .60133009E+00
   .12000000E+01  .57139875E+00
   .12500000E+01  .54072486E+00
   .13000000E+01  .50926476E+00
   .13500000E+01  .47697098E+00
   .14000000E+01  .44379182E+00
   .14500000E+01  .40967086E+00
   .15000000E+01  .37454640E+00
   .15500000E+01  .33835082E+00
   .16000000E+01  .30100981E+00
   .16500000E+01  .26244155E+00
   .17000000E+01  .22255566E+00
   .17500000E+01  .18125211E+00
   .18000000E+01  .13841979E+00
   .18500000E+01  .93934951E-01
   .19000000E+01  .47659350E-01
   .19500000E+01 -.56199243E-03
   .20000000E+01 -.50903466E-01
Potential  L  =        4.00000    .00000
  -.30000000E+01  .20539146E+01
  -.29500000E+01  .20420418E+01
  -.29000000E+01  .20301059E+01
  -.28500000E+01  .20181061E+01
  -.28000000E+01  .20060417E+01
  -.27500000E+01  .19939111E+01
  -.27000000E+01  .19817136E+01
  -.26500000E+01  .19694481E+01
  -.26000000E+01  .19571138E+01
  -.25500000E+01  .19447095E+01
  -.25000000E+01  .19322338E+01
  -.24500000E+01  .19196860E+01
  -.24000000E+01  .19070644E+01
  -.23500000E+01  .18943683E+01
  -.23000000E+01  .18815967E+01
  -.22500000E+01  .18687474E+01
  -.22000000E+01  .18558199E+01
  -.21500000E+01  .18428125E+01
  -.21000000E+01  .18297244E+01
  -.20500000E+01  .18165533E+01
  -.20000000E+01  .18032987E+01
  -.19500000E+01  .17899583E+01
  -.19000000E+01  .17765311E+01
  -.18500000E+01  .17630155E+01
  -.18000000E+01  .17494097E+01
  -.17500000E+01  .17357125E+01
  -.17000000E+01  .17219217E+01
  -.16500000E+01  .17080359E+01
  -.16000000E+01  .16940530E+01
  -.15500000E+01  .16799714E+01
  -.15000000E+01  .16657894E+01
  -.14500000E+01  .16515046E+01
  -.14000000E+01  .16371154E+01
  -.13500000E+01  .16226195E+01
  -.13000000E+01  .16080151E+01
  -.12500000E+01  .15932993E+01
  -.12000000E+01  .15784706E+01
  -.11500000E+01  .15635264E+01
  -.11000000E+01  .15484642E+01
  -.10500000E+01  .15332815E+01
  -.10000000E+01  .15179760E+01
  -.95000000E+00  .15025448E+01
  -.90000000E+00  .14869853E+01
  -.85000000E+00  .14712946E+01
  -.80000000E+00  .14554698E+01
  -.75000000E+00  .14395080E+01
  -.70000000E+00  .14234059E+01
  -.65000000E+00  .14071604E+01
  -.60000000E+00  .13907682E+01
  -.55000000E+00  .13742256E+01
  -.50000000E+00  .13575293E+01
  -.45000000E+00  .13406755E+01
  -.40000000E+00  .13236603E+01
  -.35000000E+00  .13064797E+01
  -.30000000E+00  .12891296E+01
  -.25000000E+00  .12716057E+01
  -.20000000E+00  .12539036E+01
  -.15000000E+00  .12360186E+01
  -.10000000E+00  .12179459E+01
  -.50000000E-01  .11996806E+01
  -.22898350E-14  .11812172E+01
   .50000000E-01  .11625506E+01
   .10000000E+00  .11436751E+01
   .15000000E+00  .11245847E+01
   .20000000E+00  .11052735E+01
   .25000000E+00  .10857349E+01
   .30000000E+00  .10659624E+01
   .35000000E+00  .10459489E+01
   .40000000E+00  .10256874E+01
   .45000000E+00  .10051701E+01
   .50000000E+00  .98438922E+00
   .55000000E+00  .96333641E+00
   .60000000E+00  .94200304E+00
   .65000000E+00  .92038003E+00
   .70000000E+00  .89845790E+00
   .75000000E+00  .87622669E+00
   .80000000E+00  .85367591E+00
   .85000000E+00  .83079461E+00
   .90000000E+00  .80757126E+00
   .95000000E+00  .78399376E+00
   .10000000E+01  .76004935E+00
   .10500000E+01  .73572463E+00
   .11000000E+01  .71100548E+00
   .11500000E+01  .68587696E+00
   .12000000E+01  .66032338E+00
   .12500000E+01  .63432814E+00
   .13000000E+01  .60787369E+00
   .13500000E+01  .58094177E+00
   .14000000E+01  .55351217E+00
   .14500000E+01  .52556437E+00
   .15000000E+01  .49707630E+00
   .15500000E+01  .46802451E+00
   .16000000E+01  .43838413E+00
   .16500000E+01  .40812867E+00
   .17000000E+01  .37722993E+00
   .17500000E+01  .34565787E+00
   .18000000E+01  .31338041E+00
   .18500000E+01  .28036332E+00
   .19000000E+01  .24656995E+00
   .19500000E+01  .21196102E+00
   .20000000E+01  .17649449E+00
KBPotential  L  =       .00000   -.60357
  -.30000000E+01  .15439029E+01
  -.29500000E+01  .15269748E+01
  -.29000000E+01  .15098816E+01
  -.28500000E+01  .14926192E+01
  -.28000000E+01  .14751833E+01
  -.27500000E+01  .14575694E+01
  -.27000000E+01  .14397730E+01
  -.26500000E+01  .14217893E+01
  -.26000000E+01  .14036133E+01
  -.25500000E+01  .13852398E+01
  -.25000000E+01  .13666635E+01
  -.24500000E+01  .13478787E+01
  -.24000000E+01  .13288796E+01
  -.23500000E+01  .13096601E+01
  -.23000000E+01  .12902140E+01
  -.22500000E+01  .12705344E+01
  -.22000000E+01  .12506147E+01
  -.21500000E+01  .12304475E+01
  -.21000000E+01  .12100254E+01
  -.20500000E+01  .11893403E+01
  -.20000000E+01  .11683842E+01
  -.19500000E+01  .11471484E+01
  -.19000000E+01  .11256236E+01
  -.18500000E+01  .11038009E+01
  -.18000000E+01  .10816700E+01
  -.17500000E+01  .10592207E+01
  -.17000000E+01  .10364419E+01
  -.16500000E+01  .10133221E+01
  -.16000000E+01  .98984925E+00
  -.15500000E+01  .96601070E+00
  -.15000000E+01  .94179302E+00
  -.14500000E+01  .91718208E+00
  -.14000000E+01  .89216301E+00
  -.13500000E+01  .86672009E+00
  -.13000000E+01  .84083672E+00
  -.12500000E+01  .81449533E+00
  -.12000000E+01  .78767734E+00
  -.11500000E+01  .76036304E+00
  -.11000000E+01  .73253158E+00
  -.10500000E+01  .70416077E+00
  -.10000000E+01  .67522707E+00
  -.95000000E+00  .64570541E+00
  -.90000000E+00  .61556913E+00
  -.85000000E+00  .58478978E+00
  -.80000000E+00  .55333702E+00
  -.75000000E+00  .52117839E+00
  -.70000000E+00  .48827923E+00
  -.65000000E+00  .45460234E+00
  -.60000000E+00  .42010787E+00
  -.55000000E+00  .38475301E+00
  -.50000000E+00  .34849176E+00
  -.45000000E+00  .31127435E+00
  -.40000000E+00  .27304732E+00
  -.35000000E+00  .23375293E+00
  -.30000000E+00  .19332856E+00
  -.25000000E+00  .15170636E+00
  -.20000000E+00  .10881268E+00
  -.15000000E+00  .64567389E-01
  -.10000000E+00  .18883170E-01
  -.50000000E-01 -.28335298E-01
  -.22898350E-14 -.77192235E-01
   .50000000E-01 -.12780175E+00
   .10000000E+00 -.18028888E+00
   .15000000E+00 -.23479045E+00
   .20000000E+00 -.29145530E+00
   .25000000E+00 -.35044159E+00
   .30000000E+00 -.41189927E+00
   .35000000E+00 -.47581483E+00
   .40000000E+00 -.54884310E+00
   .45000000E+00 -.61506307E+00
   .50000000E+00 -.68890472E+00
   .55000000E+00 -.76681166E+00
   .60000000E+00 -.84904053E+00
   .65000000E+00 -.93600132E+00
   .70000000E+00 -.10281861E+01
   .75000000E+00 -.11261680E+01
   .80000000E+00 -.12306130E+01
   .85000000E+00 -.13422973E+01
   .90000000E+00 -.14621299E+01
   .95000000E+00 -.15911823E+01
   .10000000E+01 -.17307263E+01
   .10500000E+01 -.18822828E+01
   .11000000E+01 -.20476864E+01
   .11500000E+01 -.22291707E+01
   .12000000E+01 -.24294829E+01
   .12500000E+01 -.26520413E+01
   .13000000E+01 -.29011532E+01
   .13500000E+01 -.31823250E+01
   .14000000E+01 -.35027109E+01
   .14500000E+01 -.38717798E+01
   .15000000E+01 -.43023348E+01
   .15500000E+01 -.48121237E+01
   .16000000E+01 -.54264815E+01
   .16500000E+01 -.61828737E+01
   .17000000E+01 -.71391448E+01
   .17500000E+01 -.83895593E+01
   .18000000E+01 -.10098826E+02
   .18500000E+01 -.12583030E+02
   .19000000E+01 -.16535429E+02
   .19500000E+01 -.23828238E+02
   .20000000E+01 -.41872474E+02
KBPotential  L  =      1.00000  -3.14510
  -.30000000E+01  .13811148E+01
  -.29500000E+01  .13579603E+01
  -.29000000E+01  .13341408E+01
  -.28500000E+01  .13095973E+01
  -.28000000E+01  .12842627E+01
  -.27500000E+01  .12580608E+01
  -.27000000E+01  .12309035E+01
  -.26500000E+01  .12026897E+01
  -.26000000E+01  .11733019E+01
  -.25500000E+01  .11426029E+01
  -.25000000E+01  .11104317E+01
  -.24500000E+01  .10765973E+01
  -.24000000E+01  .10408723E+01
  -.23500000E+01  .10029830E+01
  -.23000000E+01  .96259727E+00
  -.22500000E+01  .91930750E+00
  -.22000000E+01  .87260827E+00
  -.21500000E+01  .82186399E+00
  -.21000000E+01  .76626666E+00
  -.20500000E+01  .70476840E+00
  -.20000000E+01  .63598859E+00
  -.19500000E+01  .55806892E+00
  -.19000000E+01  .46844685E+00
  -.18500000E+01  .36348640E+00
  -.18000000E+01  .23784961E+00
  -.17500000E+01  .83367637E-01
  -.17000000E+01 -.11312414E+00
  -.16500000E+01 -.37429666E+00
  -.16000000E+01 -.74280157E+00
  -.15500000E+01 -.13095099E+01
  -.15000000E+01 -.23085137E+01
  -.14500000E+01 -.45827890E+01
  -.14000000E+01 -.15244940E+02
  -.13500000E+01  .20148380E+02
  -.13000000E+01  .71038327E+01
  -.12500000E+01  .46392430E+01
  -.12000000E+01  .35868486E+01
  -.11500000E+01  .29970586E+01
  -.11000000E+01  .26156704E+01
  -.10500000E+01  .23458251E+01
  -.10000000E+01  .21425803E+01
  -.95000000E+00  .19822351E+01
  -.90000000E+00  .18511022E+01
  -.85000000E+00  .17407273E+01
  -.80000000E+00  .16456018E+01
  -.75000000E+00  .15619837E+01
  -.70000000E+00  .14872397E+01
  -.65000000E+00  .14194624E+01
  -.60000000E+00  .13572354E+01
  -.55000000E+00  .12994838E+01
  -.50000000E+00  .12453766E+01
  -.45000000E+00  .11942601E+01
  -.40000000E+00  .11456129E+01
  -.35000000E+00  .10990126E+01
  -.30000000E+00  .10541132E+01
  -.25000000E+00  .10106278E+01
  -.20000000E+00  .96831554E+00
  -.15000000E+00  .92697259E+00
  -.10000000E+00  .88642440E+00
  -.50000000E-01  .84651991E+00
  -.22898350E-14  .80712726E+00
   .50000000E-01  .76813029E+00
   .10000000E+00  .72942555E+00
   .15000000E+00  .69092010E+00
   .20000000E+00  .65252962E+00
   .25000000E+00  .61417684E+00
   .30000000E+00  .57579032E+00
   .35000000E+00  .53730332E+00
   .40000000E+00  .49865291E+00
   .45000000E+00  .45977872E+00
   .50000000E+00  .42062400E+00
   .55000000E+00  .38113244E+00
   .60000000E+00  .34124939E+00
   .65000000E+00  .30092084E+00
   .70000000E+00  .26009301E+00
   .75000000E+00  .21871206E+00
   .80000000E+00  .17672348E+00
   .85000000E+00  .13407181E+00
   .90000000E+00  .90700239E-01
   .95000000E+00  .46550245E-01
   .10000000E+01  .15611629E-02
   .10500000E+01 -.44330197E-01
   .11000000E+01 -.91189981E-01
   .11500000E+01 -.13908769E+00
   .12000000E+01 -.18809685E+00
   .12500000E+01 -.23829527E+00
   .13000000E+01 -.28976575E+00
   .13500000E+01 -.34259668E+00
   .14000000E+01 -.39688279E+00
   .14500000E+01 -.45272580E+00
   .15000000E+01 -.51023536E+00
   .15500000E+01 -.56952997E+00
   .16000000E+01 -.63073818E+00
   .16500000E+01 -.69399949E+00
   .17000000E+01 -.75946620E+00
   .17500000E+01 -.82730473E+00
   .18000000E+01 -.89769752E+00
   .18500000E+01 -.97084518E+00
   .19000000E+01 -.10469689E+01
   .19500000E+01 -.11263133E+01
   .20000000E+01 -.12091497E+01
KBPotential  L  =      2.00000   -.35662
  -.30000000E+01  .15883841E+01
  -.29500000E+01  .15721635E+01
  -.29000000E+01  .15557647E+01
  -.28500000E+01  .15391819E+01
  -.28000000E+01  .15224090E+01
  -.27500000E+01  .15054395E+01
  -.27000000E+01  .14882667E+01
  -.26500000E+01  .14708835E+01
  -.26000000E+01  .14532823E+01
  -.25500000E+01  .14354550E+01
  -.25000000E+01  .14173934E+01
  -.24500000E+01  .13990884E+01
  -.24000000E+01  .13805307E+01
  -.23500000E+01  .13617101E+01
  -.23000000E+01  .13426160E+01
  -.22500000E+01  .13232371E+01
  -.22000000E+01  .13035614E+01
  -.21500000E+01  .12835759E+01
  -.21000000E+01  .12632669E+01
  -.20500000E+01  .12426199E+01
  -.20000000E+01  .12216191E+01
  -.19500000E+01  .12002477E+01
  -.19000000E+01  .11784878E+01
  -.18500000E+01  .11563199E+01
  -.18000000E+01  .11337234E+01
  -.17500000E+01  .11106756E+01
  -.17000000E+01  .10871525E+01
  -.16500000E+01  .10631278E+01
  -.16000000E+01  .10385732E+01
  -.15500000E+01  .10134579E+01
  -.15000000E+01  .98774852E+00
  -.14500000E+01  .96140858E+00
  -.14000000E+01  .93439832E+00
  -.13500000E+01  .90667424E+00
  -.13000000E+01  .87818865E+00
  -.12500000E+01  .84888914E+00
  -.12000000E+01  .81871797E+00
  -.11500000E+01  .78761134E+00
  -.11000000E+01  .75549861E+00
  -.10500000E+01  .72230131E+00
  -.10000000E+01  .68793200E+00
  -.95000000E+00  .65229296E+00
  -.90000000E+00  .61527458E+00
  -.85000000E+00  .57675351E+00
  -.80000000E+00  .53659037E+00
  -.75000000E+00  .49462709E+00
  -.70000000E+00  .45068317E+00
  -.65000000E+00  .40455328E+00
  -.60000000E+00  .35600030E+00
  -.55000000E+00  .30474959E+00
  -.50000000E+00  .25048291E+00
  -.45000000E+00  .19282765E+00
  -.40000000E+00  .13134513E+00
  -.35000000E+00  .65515226E-01
  -.30000000E+00 -.52836020E-02
  -.25000000E+00 -.81800331E-01
  -.20000000E+00 -.16494595E+00
  -.15000000E+00 -.25583987E+00
  -.10000000E+00 -.35587330E+00
  -.50000000E-01 -.46679749E+00
  -.22898350E-14 -.59084797E+00
   .50000000E-01 -.73092542E+00
   .10000000E+00 -.89086158E+00
   .15000000E+00 -.10758289E+01
   .20000000E+00 -.12929806E+01
   .25000000E+00 -.15525013E+01
   .30000000E+00 -.18694035E+01
   .35000000E+00 -.22667752E+01
   .40000000E+00 -.27820534E+01
   .45000000E+00 -.34802261E+01
   .50000000E+00 -.44848938E+01
   .55000000E+00 -.60635899E+01
   .60000000E+00 -.89233587E+01
   .65000000E+00 -.15742342E+02
   .70000000E+00 -.53836098E+02
   .75000000E+00  .42798542E+02
   .80000000E+00  .15927585E+02
   .85000000E+00  .99909284E+01
   .90000000E+00  .73728036E+01
   .95000000E+00  .58922900E+01
   .10000000E+01  .49360059E+01
   .10500000E+01  .42642819E+01
   .11000000E+01  .37641771E+01
   .11500000E+01  .33754624E+01
   .12000000E+01  .30631189E+01
   .12500000E+01  .28053967E+01
   .13000000E+01  .25880209E+01
   .13500000E+01  .24012991E+01
   .14000000E+01  .22383472E+01
   .14500000E+01  .20942207E+01
   .15000000E+01  .19652276E+01
   .15500000E+01  .18485399E+01
   .16000000E+01  .17419954E+01
   .16500000E+01  .16438874E+01
   .17000000E+01  .15528568E+01
   .17500000E+01  .14678021E+01
   .18000000E+01  .13878309E+01
   .18500000E+01  .13121987E+01
   .19000000E+01  .12402881E+01
   .19500000E+01  .11715787E+01
   .20000000E+01  .11056284E+01
KBPotential  L  =      3.00000   -.21141
  -.30000000E+01  .18169321E+01
  -.29500000E+01  .18015874E+01
  -.29000000E+01  .17861420E+01
  -.28500000E+01  .17705930E+01
  -.28000000E+01  .17549377E+01
  -.27500000E+01  .17391733E+01
  -.27000000E+01  .17232963E+01
  -.26500000E+01  .17073038E+01
  -.26000000E+01  .16911921E+01
  -.25500000E+01  .16749574E+01
  -.25000000E+01  .16585955E+01
  -.24500000E+01  .16421023E+01
  -.24000000E+01  .16254733E+01
  -.23500000E+01  .16087034E+01
  -.23000000E+01  .15917874E+01
  -.22500000E+01  .15747195E+01
  -.22000000E+01  .15574934E+01
  -.21500000E+01  .15401028E+01
  -.21000000E+01  .15225401E+01
  -.20500000E+01  .15047977E+01
  -.20000000E+01  .14868668E+01
  -.19500000E+01  .14687382E+01
  -.19000000E+01  .14504017E+01
  -.18500000E+01  .14318457E+01
  -.18000000E+01  .14130581E+01
  -.17500000E+01  .13940251E+01
  -.17000000E+01  .13747315E+01
  -.16500000E+01  .13551603E+01
  -.16000000E+01  .13352925E+01
  -.15500000E+01  .13151072E+01
  -.15000000E+01  .12945804E+01
  -.14500000E+01  .12736852E+01
  -.14000000E+01  .12523909E+01
  -.13500000E+01  .12306628E+01
  -.13000000E+01  .12084608E+01
  -.12500000E+01  .11857389E+01
  -.12000000E+01  .11624437E+01
  -.11500000E+01  .11385130E+01
  -.11000000E+01  .11138737E+01
  -.10500000E+01  .10884393E+01
  -.10000000E+01  .10621070E+01
  -.95000000E+00  .10347529E+01
  -.90000000E+00  .10062271E+01
  -.85000000E+00  .97634545E+00
  -.80000000E+00  .94488027E+00
  -.75000000E+00  .91154547E+00
  -.70000000E+00  .87597716E+00
  -.65000000E+00  .83770483E+00
  -.60000000E+00  .79610905E+00
  -.55000000E+00  .75035779E+00
  -.50000000E+00  .69930535E+00
  -.45000000E+00  .64133019E+00
  -.40000000E+00  .57405795E+00
  -.35000000E+00  .49386706E+00
  -.30000000E+00  .39494531E+00
  -.25000000E+00  .26733744E+00
  -.20000000E+00  .92451850E-01
  -.15000000E+00 -.16890177E+00
  -.10000000E+00 -.61597170E+00
  -.50000000E-01 -.15945811E+01
  -.22898350E-14 -.57181943E+01
   .50000000E-01  .11205170E+02
   .10000000E+00  .37497644E+01
   .15000000E+00  .25165179E+01
   .20000000E+00  .19989577E+01
   .25000000E+00  .17079092E+01
   .30000000E+00  .15172181E+01
   .35000000E+00  .13797009E+01
   .40000000E+00  .12737112E+01
   .45000000E+00  .11879217E+01
   .50000000E+00  .11158294E+01
   .55000000E+00  .10534338E+01
   .60000000E+00  .99813862E+00
   .65000000E+00  .94818466E+00
   .70000000E+00  .90233760E+00
   .75000000E+00  .85970549E+00
   .80000000E+00  .81962736E+00
   .85000000E+00  .78160288E+00
   .90000000E+00  .74524612E+00
   .95000000E+00  .71025438E+00
   .10000000E+01  .67638672E+00
   .10500000E+01  .64344881E+00
   .11000000E+01  .61128044E+00
   .11500000E+01  .57975411E+00
   .12000000E+01  .54875867E+00
   .12500000E+01  .51820265E+00
   .13000000E+01  .48800783E+00
   .13500000E+01  .45810749E+00
   .14000000E+01  .42844397E+00
   .14500000E+01  .39896704E+00
   .15000000E+01  .36963291E+00
   .15500000E+01  .34040275E+00
   .16000000E+01  .31124215E+00
   .16500000E+01  .28212034E+00
   .17000000E+01  .25300961E+00
   .17500000E+01  .22388490E+00
   .18000000E+01  .19472327E+00
   .18500000E+01  .16550378E+00
   .19000000E+01  .13620701E+00
   .19500000E+01  .10681501E+00
   .20000000E+01  .77310939E-01
KBPotential  L  =      4.00000    .00000
  -.30000000E+01  .20539146E+01
  -.29500000E+01  .20420418E+01
  -.29000000E+01  .20301059E+01
  -.28500000E+01  .20181061E+01
  -.28000000E+01  .20060417E+01
  -.27500000E+01  .19939111E+01
  -.27000000E+01  .19817136E+01
  -.26500000E+01  .19694481E+01
  -.26000000E+01  .19571138E+01
  -.25500000E+01  .19447095E+01
  -.25000000E+01  .19322338E+01
  -.24500000E+01  .19196860E+01
  -.24000000E+01  .19070644E+01
  -.23500000E+01  .18943683E+01
  -.23000000E+01  .18815967E+01
  -.22500000E+01  .18687474E+01
  -.22000000E+01  .18558199E+01
  -.21500000E+01  .18428125E+01
  -.21000000E+01  .18297244E+01
  -.20500000E+01  .18165533E+01
  -.20000000E+01  .18032987E+01
  -.19500000E+01  .17899583E+01
  -.19000000E+01  .17765311E+01
  -.18500000E+01  .17630155E+01
  -.18000000E+01  .17494097E+01
  -.17500000E+01  .17357125E+01
  -.17000000E+01  .17219217E+01
  -.16500000E+01  .17080359E+01
  -.16000000E+01  .16940530E+01
  -.15500000E+01  .16799714E+01
  -.15000000E+01  .16657894E+01
  -.14500000E+01  .16515046E+01
  -.14000000E+01  .16371154E+01
  -.13500000E+01  .16226195E+01
  -.13000000E+01  .16080151E+01
  -.12500000E+01  .15932993E+01
  -.12000000E+01  .15784706E+01
  -.11500000E+01  .15635264E+01
  -.11000000E+01  .15484642E+01
  -.10500000E+01  .15332815E+01
  -.10000000E+01  .15179760E+01
  -.95000000E+00  .15025448E+01
  -.90000000E+00  .14869853E+01
  -.85000000E+00  .14712946E+01
  -.80000000E+00  .14554698E+01
  -.75000000E+00  .14395080E+01
  -.70000000E+00  .14234059E+01
  -.65000000E+00  .14071604E+01
  -.60000000E+00  .13907682E+01
  -.55000000E+00  .13742256E+01
  -.50000000E+00  .13575293E+01
  -.45000000E+00  .13406755E+01
  -.40000000E+00  .13236603E+01
  -.35000000E+00  .13064797E+01
  -.30000000E+00  .12891296E+01
  -.25000000E+00  .12716057E+01
  -.20000000E+00  .12539036E+01
  -.15000000E+00  .12360186E+01
  -.10000000E+00  .12179459E+01
  -.50000000E-01  .11996806E+01
  -.22898350E-14  .11812172E+01
   .50000000E-01  .11625506E+01
   .10000000E+00  .11436751E+01
   .15000000E+00  .11245847E+01
   .20000000E+00  .11052735E+01
   .25000000E+00  .10857349E+01
   .30000000E+00  .10659624E+01
   .35000000E+00  .10459489E+01
   .40000000E+00  .10256874E+01
   .45000000E+00  .10051701E+01
   .50000000E+00  .98438922E+00
   .55000000E+00  .96333641E+00
   .60000000E+00  .94200304E+00
   .65000000E+00  .92038003E+00
   .70000000E+00  .89845790E+00
   .75000000E+00  .87622669E+00
   .80000000E+00  .85367591E+00
   .85000000E+00  .83079461E+00
   .90000000E+00  .80757126E+00
   .95000000E+00  .78399376E+00
   .10000000E+01  .76004935E+00
   .10500000E+01  .73572463E+00
   .11000000E+01  .71100548E+00
   .11500000E+01  .68587696E+00
   .12000000E+01  .66032338E+00
   .12500000E+01  .63432814E+00
   .13000000E+01  .60787369E+00
   .13500000E+01  .58094177E+00
   .14000000E+01  .55351217E+00
   .14500000E+01  .52556437E+00
   .15000000E+01  .49707630E+00
   .15500000E+01  .46802451E+00
   .16000000E+01  .43838413E+00
   .16500000E+01  .40812867E+00
   .17000000E+01  .37722993E+00
   .17500000E+01  .34565787E+00
   .18000000E+01  .31338041E+00
   .18500000E+01  .28036332E+00
   .19000000E+01  .24656995E+00
   .19500000E+01  .21196102E+00
   .20000000E+01  .17649449E+00
