La : 4p5s26d1                               
   14  57.   .002000 138.90000 125.   .10E-05 .100  400F91 48.00000
   .7  1.0   0
  1.0   .0   .5-2833.3491 2.0000
  2.0   .0   .5 -451.5635 2.0000
  2.0  1.0  1.5 -405.1547 6.0000
  3.0   .0   .5  -96.6464 2.0000
  3.0  1.0  1.5  -81.7758 6.0000
  3.0  2.0  2.5  -60.334410.0000
  4.0   .0   .5  -19.5217 2.0000
  4.0  1.0  1.5  -14.6743 6.0000
  4.0  2.0  2.5   -7.639610.0000
  5.0   .0   .5   -2.8563 2.0000
  5.0  1.0  1.5   -1.6472 6.0000
  5.0  2.0  2.5    -.2315 1.0000
  6.0   .0   .5    -.2730 2.0000
  4.0  3.0  2.5    -.3568  .0000
