  PAW Au                                 
 100
Core Pot   L  =         .00000   -.42615
  -.30000000E+01  .14368362E+01
  -.29500000E+01  .14187058E+01
  -.29000000E+01  .14003447E+01
  -.28500000E+01  .13817448E+01
  -.28000000E+01  .13628979E+01
  -.27500000E+01  .13437950E+01
  -.27000000E+01  .13244269E+01
  -.26500000E+01  .13047838E+01
  -.26000000E+01  .12848554E+01
  -.25500000E+01  .12646308E+01
  -.25000000E+01  .12440983E+01
  -.24500000E+01  .12232459E+01
  -.24000000E+01  .12020604E+01
  -.23500000E+01  .11805284E+01
  -.23000000E+01  .11586351E+01
  -.22500000E+01  .11363651E+01
  -.22000000E+01  .11137019E+01
  -.21500000E+01  .10906282E+01
  -.21000000E+01  .10671251E+01
  -.20500000E+01  .10431729E+01
  -.20000000E+01  .10187503E+01
  -.19500000E+01  .99383448E+00
  -.19000000E+01  .96840119E+00
  -.18500000E+01  .94242434E+00
  -.18000000E+01  .91587591E+00
  -.17500000E+01  .88872579E+00
  -.17000000E+01  .86094159E+00
  -.16500000E+01  .83248835E+00
  -.16000000E+01  .80332835E+00
  -.15500000E+01  .77342078E+00
  -.15000000E+01  .74272143E+00
  -.14500000E+01  .71118234E+00
  -.14000000E+01  .67875133E+00
  -.13500000E+01  .64537161E+00
  -.13000000E+01  .61098116E+00
  -.12500000E+01  .57551221E+00
  -.12000000E+01  .53889042E+00
  -.11500000E+01  .50103420E+00
  -.11000000E+01  .46185369E+00
  -.10500000E+01  .42124971E+00
  -.10000000E+01  .37911254E+00
  -.95000000E+00  .33532044E+00
  -.90000000E+00  .28973792E+00
  -.85000000E+00  .24221381E+00
  -.80000000E+00  .19257883E+00
  -.75000000E+00  .14064284E+00
  -.70000000E+00  .86191459E-01
  -.65000000E+00  .28982102E-01
  -.60000000E+00 -.31260865E-01
  -.55000000E+00 -.94851962E-01
  -.50000000E+00 -.16215172E+00
  -.45000000E+00 -.23357547E+00
  -.40000000E+00 -.30960414E+00
  -.35000000E+00 -.39079783E+00
  -.30000000E+00 -.47781280E+00
  -.25000000E+00 -.57142309E+00
  -.20000000E+00 -.67254825E+00
  -.15000000E+00 -.78228917E+00
  -.10000000E+00 -.90197533E+00
  -.50000000E-01 -.10332273E+01
  -.22898350E-14 -.11780413E+01
   .50000000E-01 -.13389045E+01
   .10000000E+00 -.15189562E+01
   .15000000E+00 -.17222168E+01
   .20000000E+00 -.19539201E+01
   .25000000E+00 -.22210086E+01
   .30000000E+00 -.25328937E+01
   .35000000E+00 -.29026596E+01
   .40000000E+00 -.33490497E+01
   .45000000E+00 -.38998972E+01
   .50000000E+00 -.45983970E+01
   .55000000E+00 -.55154002E+01
   .60000000E+00 -.67757681E+01
   .65000000E+00 -.86219573E+01
   .70000000E+00 -.11595098E+02
   .75000000E+00 -.17199571E+02
   .80000000E+00 -.31765016E+02
   .85000000E+00 -.16408923E+03
   .90000000E+00  .55039903E+02
   .95000000E+00  .24131915E+02
   .10000000E+01  .15665791E+02
   .10500000E+01  .11701859E+02
   .11000000E+01  .93982778E+01
   .11500000E+01  .78891360E+01
   .12000000E+01  .68214319E+01
   .12500000E+01  .60242884E+01
   .13000000E+01  .54049158E+01
   .13500000E+01  .49085796E+01
   .14000000E+01  .45009047E+01
   .14500000E+01  .41592139E+01
   .15000000E+01  .38679419E+01
   .15500000E+01  .36160493E+01
   .16000000E+01  .33954887E+01
   .16500000E+01  .32002551E+01
   .17000000E+01  .30257763E+01
   .17500000E+01  .28685094E+01
   .18000000E+01  .27256659E+01
   .18500000E+01  .25950213E+01
   .19000000E+01  .24747788E+01
   .19500000E+01  .23634710E+01
   .20000000E+01  .22598877E+01
Potential  L  =         .00000   -.42615
  -.30000000E+01  .14693408E+01
  -.29500000E+01  .14520302E+01
  -.29000000E+01  .14345121E+01
  -.28500000E+01  .14167792E+01
  -.28000000E+01  .13988236E+01
  -.27500000E+01  .13806374E+01
  -.27000000E+01  .13622118E+01
  -.26500000E+01  .13435378E+01
  -.26000000E+01  .13246055E+01
  -.25500000E+01  .13054047E+01
  -.25000000E+01  .12859244E+01
  -.24500000E+01  .12661529E+01
  -.24000000E+01  .12460777E+01
  -.23500000E+01  .12256855E+01
  -.23000000E+01  .12049620E+01
  -.22500000E+01  .11838920E+01
  -.22000000E+01  .11624590E+01
  -.21500000E+01  .11406454E+01
  -.21000000E+01  .11184324E+01
  -.20500000E+01  .10957994E+01
  -.20000000E+01  .10727244E+01
  -.19500000E+01  .10491835E+01
  -.19000000E+01  .10251509E+01
  -.18500000E+01  .10005983E+01
  -.18000000E+01  .97549526E+00
  -.17500000E+01  .94980827E+00
  -.17000000E+01  .92350082E+00
  -.16500000E+01  .89653289E+00
  -.16000000E+01  .86886046E+00
  -.15500000E+01  .84043507E+00
  -.15000000E+01  .81120313E+00
  -.14500000E+01  .78110530E+00
  -.14000000E+01  .75007560E+00
  -.13500000E+01  .71804045E+00
  -.13000000E+01  .68491753E+00
  -.12500000E+01  .65061437E+00
  -.12000000E+01  .61502675E+00
  -.11500000E+01  .57803667E+00
  -.11000000E+01  .53951002E+00
  -.10500000E+01  .49929357E+00
  -.10000000E+01  .45721150E+00
  -.95000000E+00  .41306093E+00
  -.90000000E+00  .36660632E+00
  -.85000000E+00  .31757279E+00
  -.80000000E+00  .26563721E+00
  -.75000000E+00  .21041716E+00
  -.70000000E+00  .15145632E+00
  -.65000000E+00  .88205712E-01
  -.60000000E+00  .19998662E-01
  -.55000000E+00 -.53982789E-01
  -.50000000E+00 -.13475366E+00
  -.45000000E+00 -.22358952E+00
  -.40000000E+00 -.32211634E+00
  -.35000000E+00 -.43244011E+00
  -.30000000E+00 -.55733883E+00
  -.25000000E+00 -.70055466E+00
  -.20000000E+00 -.86725297E+00
  -.15000000E+00 -.10647715E+01
  -.10000000E+00 -.13038982E+01
  -.50000000E-01 -.16011726E+01
  -.22898350E-14 -.19833109E+01
   .50000000E-01 -.24964624E+01
   .10000000E+00 -.32278144E+01
   .15000000E+00 -.43642649E+01
   .20000000E+00 -.63920673E+01
   .25000000E+00 -.11096555E+02
   .30000000E+00 -.34626476E+02
   .35000000E+00  .35336164E+02
   .40000000E+00  .12155596E+02
   .45000000E+00  .74774571E+01
   .50000000E+00  .54548710E+01
   .55000000E+00  .43182530E+01
   .60000000E+00  .35843169E+01
   .65000000E+00  .30670415E+01
   .70000000E+00  .26795683E+01
   .75000000E+00  .23758866E+01
   .80000000E+00  .21293442E+01
   .85000000E+00  .19234274E+01
   .90000000E+00  .17473544E+01
   .95000000E+00  .15937826E+01
   .10000000E+01  .14575337E+01
   .10500000E+01  .13348471E+01
   .11000000E+01  .12229214E+01
   .11500000E+01  .11196235E+01
   .12000000E+01  .10232961E+01
   .12500000E+01  .93262850E+00
   .13000000E+01  .84656673E+00
   .13500000E+01  .76424968E+00
   .14000000E+01  .68496318E+00
   .14500000E+01  .60810608E+00
   .15000000E+01  .53316486E+00
   .15500000E+01  .45969412E+00
   .16000000E+01  .38730236E+00
   .16500000E+01  .31563909E+00
   .17000000E+01  .24438615E+00
   .17500000E+01  .17324993E+00
   .18000000E+01  .10195500E+00
   .18500000E+01  .30237989E-01
   .19000000E+01 -.42155978E-01
   .19500000E+01 -.11547839E+00
   .20000000E+01 -.18998116E+00
Core Pot   L  =        1.00000   -.20000
  -.30000000E+01  .16135778E+01
  -.29500000E+01  .15968936E+01
  -.29000000E+01  .15801418E+01
  -.28500000E+01  .15633116E+01
  -.28000000E+01  .15463935E+01
  -.27500000E+01  .15293780E+01
  -.27000000E+01  .15122567E+01
  -.26500000E+01  .14950213E+01
  -.26000000E+01  .14776638E+01
  -.25500000E+01  .14601766E+01
  -.25000000E+01  .14425523E+01
  -.24500000E+01  .14247835E+01
  -.24000000E+01  .14068631E+01
  -.23500000E+01  .13887838E+01
  -.23000000E+01  .13705384E+01
  -.22500000E+01  .13521198E+01
  -.22000000E+01  .13335206E+01
  -.21500000E+01  .13147335E+01
  -.21000000E+01  .12957509E+01
  -.20500000E+01  .12765653E+01
  -.20000000E+01  .12571687E+01
  -.19500000E+01  .12375531E+01
  -.19000000E+01  .12177103E+01
  -.18500000E+01  .11976316E+01
  -.18000000E+01  .11773082E+01
  -.17500000E+01  .11567309E+01
  -.17000000E+01  .11358902E+01
  -.16500000E+01  .11147762E+01
  -.16000000E+01  .10933786E+01
  -.15500000E+01  .10716865E+01
  -.15000000E+01  .10496887E+01
  -.14500000E+01  .10273735E+01
  -.14000000E+01  .10047284E+01
  -.13500000E+01  .98174059E+00
  -.13000000E+01  .95839635E+00
  -.12500000E+01  .93468139E+00
  -.12000000E+01  .91058065E+00
  -.11500000E+01  .88607822E+00
  -.11000000E+01  .86115733E+00
  -.10500000E+01  .83580028E+00
  -.10000000E+01  .80998830E+00
  -.95000000E+00  .78370156E+00
  -.90000000E+00  .75691902E+00
  -.85000000E+00  .72961834E+00
  -.80000000E+00  .70177580E+00
  -.75000000E+00  .67336616E+00
  -.70000000E+00  .64436254E+00
  -.65000000E+00  .61473627E+00
  -.60000000E+00  .58445676E+00
  -.55000000E+00  .55349130E+00
  -.50000000E+00  .52180488E+00
  -.45000000E+00  .48935997E+00
  -.40000000E+00  .45611630E+00
  -.35000000E+00  .42203060E+00
  -.30000000E+00  .38705628E+00
  -.25000000E+00  .35114315E+00
  -.20000000E+00  .31423699E+00
  -.15000000E+00  .27627920E+00
  -.10000000E+00  .23720630E+00
  -.50000000E-01  .19694945E+00
  -.22898350E-14  .15543377E+00
   .50000000E-01  .11257778E+00
   .10000000E+00  .68292551E-01
   .15000000E+00  .22480880E-01
   .20000000E+00 -.24963728E-01
   .25000000E+00 -.74158197E-01
   .30000000E+00 -.12523120E+00
   .35000000E+00 -.17832468E+00
   .40000000E+00 -.23359562E+00
   .45000000E+00 -.29121811E+00
   .50000000E+00 -.35138572E+00
   .55000000E+00 -.41431435E+00
   .60000000E+00 -.48024556E+00
   .65000000E+00 -.54945048E+00
   .70000000E+00 -.62223455E+00
   .75000000E+00 -.69894307E+00
   .80000000E+00 -.77996800E+00
   .85000000E+00 -.86575611E+00
   .90000000E+00 -.95681896E+00
   .95000000E+00 -.10537450E+01
   .10000000E+01 -.11572149E+01
   .10500000E+01 -.12680200E+01
   .11000000E+01 -.13870859E+01
   .11500000E+01 -.15155026E+01
   .12000000E+01 -.16545622E+01
   .12500000E+01 -.18058083E+01
   .13000000E+01 -.19711007E+01
   .13500000E+01 -.21527000E+01
   .14000000E+01 -.23533827E+01
   .14500000E+01 -.25765968E+01
   .15000000E+01 -.28266780E+01
   .15500000E+01 -.31091555E+01
   .16000000E+01 -.34311926E+01
   .16500000E+01 -.38022394E+01
   .17000000E+01 -.42350240E+01
   .17500000E+01 -.47471096E+01
   .18000000E+01 -.53634311E+01
   .18500000E+01 -.61206174E+01
   .19000000E+01 -.70747567E+01
   .19500000E+01 -.83162996E+01
   .20000000E+01 -.10001134E+02
Potential  L  =        1.00000   -.20000
  -.30000000E+01  .15860409E+01
  -.29500000E+01  .15705636E+01
  -.29000000E+01  .15549487E+01
  -.28500000E+01  .15391929E+01
  -.28000000E+01  .15232926E+01
  -.27500000E+01  .15072443E+01
  -.27000000E+01  .14910441E+01
  -.26500000E+01  .14746881E+01
  -.26000000E+01  .14581724E+01
  -.25500000E+01  .14414926E+01
  -.25000000E+01  .14246443E+01
  -.24500000E+01  .14076230E+01
  -.24000000E+01  .13904239E+01
  -.23500000E+01  .13730419E+01
  -.23000000E+01  .13554719E+01
  -.22500000E+01  .13377085E+01
  -.22000000E+01  .13197459E+01
  -.21500000E+01  .13015783E+01
  -.21000000E+01  .12831994E+01
  -.20500000E+01  .12646027E+01
  -.20000000E+01  .12457816E+01
  -.19500000E+01  .12267288E+01
  -.19000000E+01  .12074369E+01
  -.18500000E+01  .11878981E+01
  -.18000000E+01  .11681041E+01
  -.17500000E+01  .11480464E+01
  -.17000000E+01  .11277159E+01
  -.16500000E+01  .11071031E+01
  -.16000000E+01  .10861978E+01
  -.15500000E+01  .10649896E+01
  -.15000000E+01  .10434673E+01
  -.14500000E+01  .10216191E+01
  -.14000000E+01  .99943264E+00
  -.13500000E+01  .97689468E+00
  -.13000000E+01  .95399136E+00
  -.12500000E+01  .93070794E+00
  -.12000000E+01  .90702882E+00
  -.11500000E+01  .88293743E+00
  -.11000000E+01  .85841617E+00
  -.10500000E+01  .83344632E+00
  -.10000000E+01  .80800796E+00
  -.95000000E+00  .78207986E+00
  -.90000000E+00  .75563937E+00
  -.85000000E+00  .72866229E+00
  -.80000000E+00  .70112273E+00
  -.75000000E+00  .67299300E+00
  -.70000000E+00  .64424336E+00
  -.65000000E+00  .61484191E+00
  -.60000000E+00  .58475434E+00
  -.55000000E+00  .55394369E+00
  -.50000000E+00  .52237011E+00
  -.45000000E+00  .48999057E+00
  -.40000000E+00  .45675848E+00
  -.35000000E+00  .42262337E+00
  -.30000000E+00  .38753042E+00
  -.25000000E+00  .35142000E+00
  -.20000000E+00  .31422716E+00
  -.15000000E+00  .27588091E+00
  -.10000000E+00  .23630359E+00
  -.50000000E-01  .19541001E+00
  -.22898350E-14  .15310654E+00
   .50000000E-01  .10928998E+00
   .10000000E+00  .63846322E-01
   .15000000E+00  .16649258E-01
   .20000000E+00 -.32441496E-01
   .25000000E+00 -.83582275E-01
   .30000000E+00 -.13694777E+00
   .35000000E+00 -.19273389E+00
   .40000000E+00 -.25116105E+00
   .45000000E+00 -.31247825E+00
   .50000000E+00 -.37696776E+00
   .55000000E+00 -.44495102E+00
   .60000000E+00 -.51679563E+00
   .65000000E+00 -.59292406E+00
   .70000000E+00 -.67382428E+00
   .75000000E+00 -.76006305E+00
   .80000000E+00 -.85230251E+00
   .85000000E+00 -.95132127E+00
   .90000000E+00 -.10580412E+01
   .95000000E+00 -.11735621E+01
   .10000000E+01 -.12992068E+01
   .10500000E+01 -.14365812E+01
   .11000000E+01 -.15876538E+01
   .11500000E+01 -.17548650E+01
   .12000000E+01 -.19412770E+01
   .12500000E+01 -.21507866E+01
   .13000000E+01 -.23884291E+01
   .13500000E+01 -.26608287E+01
   .14000000E+01 -.29768785E+01
   .14500000E+01 -.33488036E+01
   .15000000E+01 -.37938836E+01
   .15500000E+01 -.43373670E+01
   .16000000E+01 -.50176645E+01
   .16500000E+01 -.58962138E+01
   .17000000E+01 -.70777781E+01
   .17500000E+01 -.87568180E+01
   .18000000E+01 -.11339637E+02
   .18500000E+01 -.15840840E+02
   .19000000E+01 -.25702753E+02
   .19500000E+01 -.64867103E+02
   .20000000E+01  .13442253E+03
Core Pot   L  =        2.00000   -.51179
  -.30000000E+01  .17150408E+01
  -.29500000E+01  .16996203E+01
  -.29000000E+01  .16840221E+01
  -.28500000E+01  .16682389E+01
  -.28000000E+01  .16522630E+01
  -.27500000E+01  .16360859E+01
  -.27000000E+01  .16196988E+01
  -.26500000E+01  .16030918E+01
  -.26000000E+01  .15862546E+01
  -.25500000E+01  .15691758E+01
  -.25000000E+01  .15518432E+01
  -.24500000E+01  .15342436E+01
  -.24000000E+01  .15163625E+01
  -.23500000E+01  .14981841E+01
  -.23000000E+01  .14796911E+01
  -.22500000E+01  .14608648E+01
  -.22000000E+01  .14416842E+01
  -.21500000E+01  .14221266E+01
  -.21000000E+01  .14021666E+01
  -.20500000E+01  .13817763E+01
  -.20000000E+01  .13609242E+01
  -.19500000E+01  .13395758E+01
  -.19000000E+01  .13176918E+01
  -.18500000E+01  .12952285E+01
  -.18000000E+01  .12721362E+01
  -.17500000E+01  .12483587E+01
  -.17000000E+01  .12238320E+01
  -.16500000E+01  .11984828E+01
  -.16000000E+01  .11722267E+01
  -.15500000E+01  .11449659E+01
  -.15000000E+01  .11165868E+01
  -.14500000E+01  .10869561E+01
  -.14000000E+01  .10559166E+01
  -.13500000E+01  .10232811E+01
  -.13000000E+01  .98882558E+00
  -.12500000E+01  .95227865E+00
  -.12000000E+01  .91330889E+00
  -.11500000E+01  .87150678E+00
  -.11000000E+01  .82636028E+00
  -.10500000E+01  .77722027E+00
  -.10000000E+01  .72325121E+00
  -.95000000E+00  .66335870E+00
  -.90000000E+00  .59608048E+00
  -.85000000E+00  .51941723E+00
  -.80000000E+00  .43056040E+00
  -.75000000E+00  .32543603E+00
  -.70000000E+00  .19790056E+00
  -.65000000E+00  .38233777E-01
  -.60000000E+00 -.16990900E+00
  -.55000000E+00 -.45630281E+00
  -.50000000E+00 -.88151902E+00
  -.45000000E+00 -.15906375E+01
  -.40000000E+00 -.30395940E+01
  -.35000000E+00 -.77883346E+01
  -.30000000E+00  .58469150E+02
  -.25000000E+00  .77551593E+01
  -.20000000E+00  .45695805E+01
  -.15000000E+00  .34045635E+01
  -.10000000E+00  .27933588E+01
  -.50000000E-01  .24121595E+01
  -.22898350E-14  .21483369E+01
   .50000000E-01  .19524154E+01
   .10000000E+00  .17992483E+01
   .15000000E+00  .16746985E+01
   .20000000E+00  .15702064E+01
   .25000000E+00  .14802842E+01
   .30000000E+00  .14012503E+01
   .35000000E+00  .13305414E+01
   .40000000E+00  .12663167E+01
   .45000000E+00  .12072190E+01
   .50000000E+00  .11522246E+01
   .55000000E+00  .11005460E+01
   .60000000E+00  .10515665E+01
   .65000000E+00  .10047954E+01
   .70000000E+00  .95983642E+00
   .75000000E+00  .91636553E+00
   .80000000E+00  .87411408E+00
   .85000000E+00  .83285684E+00
   .90000000E+00  .79240278E+00
   .95000000E+00  .75258807E+00
   .10000000E+01  .71327064E+00
   .10500000E+01  .67432603E+00
   .11000000E+01  .63564395E+00
   .11500000E+01  .59712568E+00
   .12000000E+01  .55868189E+00
   .12500000E+01  .52023087E+00
   .13000000E+01  .48169707E+00
   .13500000E+01  .44300990E+00
   .14000000E+01  .40410270E+00
   .14500000E+01  .36491184E+00
   .15000000E+01  .32537601E+00
   .15500000E+01  .28543548E+00
   .16000000E+01  .24503156E+00
   .16500000E+01  .20410603E+00
   .17000000E+01  .16260066E+00
   .17500000E+01  .12045670E+00
   .18000000E+01  .77614467E-01
   .18500000E+01  .34012884E-01
   .19000000E+01 -.10410964E-01
   .19500000E+01 -.55722253E-01
   .20000000E+01 -.10198890E+00
Potential  L  =        2.00000   -.51179
  -.30000000E+01  .16612324E+01
  -.29500000E+01  .16441966E+01
  -.29000000E+01  .16269162E+01
  -.28500000E+01  .16093802E+01
  -.28000000E+01  .15915769E+01
  -.27500000E+01  .15734938E+01
  -.27000000E+01  .15551176E+01
  -.26500000E+01  .15364338E+01
  -.26000000E+01  .15174269E+01
  -.25500000E+01  .14980803E+01
  -.25000000E+01  .14783758E+01
  -.24500000E+01  .14582941E+01
  -.24000000E+01  .14378139E+01
  -.23500000E+01  .14169123E+01
  -.23000000E+01  .13955645E+01
  -.22500000E+01  .13737432E+01
  -.22000000E+01  .13514189E+01
  -.21500000E+01  .13285590E+01
  -.21000000E+01  .13051280E+01
  -.20500000E+01  .12810867E+01
  -.20000000E+01  .12563922E+01
  -.19500000E+01  .12309966E+01
  -.19000000E+01  .12048473E+01
  -.18500000E+01  .11778857E+01
  -.18000000E+01  .11500464E+01
  -.17500000E+01  .11212563E+01
  -.17000000E+01  .10914334E+01
  -.16500000E+01  .10604856E+01
  -.16000000E+01  .10283084E+01
  -.15500000E+01  .99478355E+00
  -.15000000E+01  .95977608E+00
  -.14500000E+01  .92313156E+00
  -.14000000E+01  .88467229E+00
  -.13500000E+01  .84419275E+00
  -.13000000E+01  .80145390E+00
  -.12500000E+01  .75617596E+00
  -.12000000E+01  .70802941E+00
  -.11500000E+01  .65662327E+00
  -.11000000E+01  .60149003E+00
  -.10500000E+01  .54206597E+00
  -.10000000E+01  .47766503E+00
  -.95000000E+00  .40744307E+00
  -.90000000E+00  .33035054E+00
  -.85000000E+00  .24506484E+00
  -.80000000E+00  .14989561E+00
  -.75000000E+00  .42647420E-01
  -.70000000E+00 -.79585118E-01
  -.65000000E+00 -.22072906E+00
  -.60000000E+00 -.38622613E+00
  -.55000000E+00 -.58384129E+00
  -.50000000E+00 -.82505137E+00
  -.45000000E+00 -.11275647E+01
  -.40000000E+00 -.15202160E+01
  -.35000000E+00 -.20533344E+01
  -.30000000E+00 -.28233629E+01
  -.25000000E+00 -.40413679E+01
  -.20000000E+00 -.62753246E+01
  -.15000000E+00 -.11757032E+02
  -.10000000E+00 -.47145387E+02
  -.50000000E-01  .28953131E+02
  -.22898350E-14  .11917302E+02
   .50000000E-01  .78008701E+01
   .10000000E+00  .59398456E+01
   .15000000E+00  .48741654E+01
   .20000000E+00  .41802734E+01
   .25000000E+00  .36899755E+01
   .30000000E+00  .33231982E+01
   .35000000E+00  .30369605E+01
   .40000000E+00  .28061245E+01
   .45000000E+00  .26150047E+01
   .50000000E+00  .24533080E+01
   .55000000E+00  .23139976E+01
   .60000000E+00  .21920998E+01
   .65000000E+00  .20839988E+01
   .70000000E+00  .19870024E+01
   .75000000E+00  .18990644E+01
   .80000000E+00  .18186011E+01
   .85000000E+00  .17443676E+01
   .90000000E+00  .16753709E+01
   .95000000E+00  .16108093E+01
   .10000000E+01  .15500280E+01
   .10500000E+01  .14924861E+01
   .11000000E+01  .14377332E+01
   .11500000E+01  .13853904E+01
   .12000000E+01  .13351366E+01
   .12500000E+01  .12866973E+01
   .13000000E+01  .12398364E+01
   .13500000E+01  .11943491E+01
   .14000000E+01  .11500567E+01
   .14500000E+01  .11068025E+01
   .15000000E+01  .10644477E+01
   .15500000E+01  .10228691E+01
   .16000000E+01  .98195617E+00
   .16500000E+01  .94160969E+00
   .17000000E+01  .90173965E+00
   .17500000E+01  .86226403E+00
   .18000000E+01  .82310766E+00
   .18500000E+01  .78420116E+00
   .19000000E+01  .74548013E+00
   .19500000E+01  .70688440E+00
   .20000000E+01  .66835739E+00
Core Pot   L  =        3.00000    .00000
  -.30000000E+01  .19758800E+01
  -.29500000E+01  .19634050E+01
  -.29000000E+01  .19508546E+01
  -.28500000E+01  .19382275E+01
  -.28000000E+01  .19255223E+01
  -.27500000E+01  .19127377E+01
  -.27000000E+01  .18998721E+01
  -.26500000E+01  .18869242E+01
  -.26000000E+01  .18738923E+01
  -.25500000E+01  .18607749E+01
  -.25000000E+01  .18475704E+01
  -.24500000E+01  .18342771E+01
  -.24000000E+01  .18208932E+01
  -.23500000E+01  .18074171E+01
  -.23000000E+01  .17938468E+01
  -.22500000E+01  .17801805E+01
  -.22000000E+01  .17664162E+01
  -.21500000E+01  .17525519E+01
  -.21000000E+01  .17385855E+01
  -.20500000E+01  .17245149E+01
  -.20000000E+01  .17103379E+01
  -.19500000E+01  .16960520E+01
  -.19000000E+01  .16816551E+01
  -.18500000E+01  .16671445E+01
  -.18000000E+01  .16525177E+01
  -.17500000E+01  .16377722E+01
  -.17000000E+01  .16229051E+01
  -.16500000E+01  .16079137E+01
  -.16000000E+01  .15927949E+01
  -.15500000E+01  .15775458E+01
  -.15000000E+01  .15621631E+01
  -.14500000E+01  .15466436E+01
  -.14000000E+01  .15309838E+01
  -.13500000E+01  .15151802E+01
  -.13000000E+01  .14992292E+01
  -.12500000E+01  .14831268E+01
  -.12000000E+01  .14668690E+01
  -.11500000E+01  .14504517E+01
  -.11000000E+01  .14338706E+01
  -.10500000E+01  .14171211E+01
  -.10000000E+01  .14001984E+01
  -.95000000E+00  .13830977E+01
  -.90000000E+00  .13658137E+01
  -.85000000E+00  .13483412E+01
  -.80000000E+00  .13306744E+01
  -.75000000E+00  .13128075E+01
  -.70000000E+00  .12947343E+01
  -.65000000E+00  .12764483E+01
  -.60000000E+00  .12579427E+01
  -.55000000E+00  .12392105E+01
  -.50000000E+00  .12202441E+01
  -.45000000E+00  .12010356E+01
  -.40000000E+00  .11815769E+01
  -.35000000E+00  .11618593E+01
  -.30000000E+00  .11418735E+01
  -.25000000E+00  .11216099E+01
  -.20000000E+00  .11010584E+01
  -.15000000E+00  .10802081E+01
  -.10000000E+00  .10590478E+01
  -.50000000E-01  .10375653E+01
  -.22898350E-14  .10157480E+01
   .50000000E-01  .99358233E+00
   .10000000E+00  .97105399E+00
   .15000000E+00  .94814777E+00
   .20000000E+00  .92484749E+00
   .25000000E+00  .90113593E+00
   .30000000E+00  .87699476E+00
   .35000000E+00  .85240439E+00
   .40000000E+00  .82734392E+00
   .45000000E+00  .80179099E+00
   .50000000E+00  .77572165E+00
   .55000000E+00  .74911021E+00
   .60000000E+00  .72192909E+00
   .65000000E+00  .69414865E+00
   .70000000E+00  .66573692E+00
   .75000000E+00  .63665945E+00
   .80000000E+00  .60687900E+00
   .85000000E+00  .57635528E+00
   .90000000E+00  .54504459E+00
   .95000000E+00  .51289948E+00
   .10000000E+01  .47986830E+00
   .10500000E+01  .44589474E+00
   .11000000E+01  .41091727E+00
   .11500000E+01  .37486852E+00
   .12000000E+01  .33767454E+00
   .12500000E+01  .29925399E+00
   .13000000E+01  .25951715E+00
   .13500000E+01  .21836485E+00
   .14000000E+01  .17568711E+00
   .14500000E+01  .13136165E+00
   .15000000E+01  .85252078E-01
   .15500000E+01  .37205815E-01
   .16000000E+01 -.12948458E-01
   .16500000E+01 -.65403758E-01
   .17000000E+01 -.12037839E+00
   .17500000E+01 -.17812027E+00
   .18000000E+01 -.23891214E+00
   .18500000E+01 -.30307793E+00
   .19000000E+01 -.37099066E+00
   .19500000E+01 -.44308208E+00
   .20000000E+01 -.51985480E+00
Potential  L  =        3.00000    .00000
  -.30000000E+01  .19773543E+01
  -.29500000E+01  .19649357E+01
  -.29000000E+01  .19524439E+01
  -.28500000E+01  .19398776E+01
  -.28000000E+01  .19272358E+01
  -.27500000E+01  .19145170E+01
  -.27000000E+01  .19017200E+01
  -.26500000E+01  .18888433E+01
  -.26000000E+01  .18758857E+01
  -.25500000E+01  .18628456E+01
  -.25000000E+01  .18497216E+01
  -.24500000E+01  .18365121E+01
  -.24000000E+01  .18232157E+01
  -.23500000E+01  .18098306E+01
  -.23000000E+01  .17963553E+01
  -.22500000E+01  .17827881E+01
  -.22000000E+01  .17691272E+01
  -.21500000E+01  .17553708E+01
  -.21000000E+01  .17415170E+01
  -.20500000E+01  .17275640E+01
  -.20000000E+01  .17135097E+01
  -.19500000E+01  .16993522E+01
  -.19000000E+01  .16850894E+01
  -.18500000E+01  .16707190E+01
  -.18000000E+01  .16562388E+01
  -.17500000E+01  .16416467E+01
  -.17000000E+01  .16269400E+01
  -.16500000E+01  .16121166E+01
  -.16000000E+01  .15971737E+01
  -.15500000E+01  .15821087E+01
  -.15000000E+01  .15669190E+01
  -.14500000E+01  .15516018E+01
  -.14000000E+01  .15361541E+01
  -.13500000E+01  .15205729E+01
  -.13000000E+01  .15048552E+01
  -.12500000E+01  .14889976E+01
  -.12000000E+01  .14729970E+01
  -.11500000E+01  .14568497E+01
  -.11000000E+01  .14405523E+01
  -.10500000E+01  .14241010E+01
  -.10000000E+01  .14074919E+01
  -.95000000E+00  .13907210E+01
  -.90000000E+00  .13737841E+01
  -.85000000E+00  .13566770E+01
  -.80000000E+00  .13393951E+01
  -.75000000E+00  .13219337E+01
  -.70000000E+00  .13042880E+01
  -.65000000E+00  .12864528E+01
  -.60000000E+00  .12684229E+01
  -.55000000E+00  .12501928E+01
  -.50000000E+00  .12317567E+01
  -.45000000E+00  .12131086E+01
  -.40000000E+00  .11942422E+01
  -.35000000E+00  .11751511E+01
  -.30000000E+00  .11558283E+01
  -.25000000E+00  .11362668E+01
  -.20000000E+00  .11164591E+01
  -.15000000E+00  .10963972E+01
  -.10000000E+00  .10760731E+01
  -.50000000E-01  .10554782E+01
  -.22898350E-14  .10346034E+01
   .50000000E-01  .10134392E+01
   .10000000E+00  .99197577E+00
   .15000000E+00  .97020264E+00
   .20000000E+00  .94810882E+00
   .25000000E+00  .92568276E+00
   .30000000E+00  .90291230E+00
   .35000000E+00  .87978459E+00
   .40000000E+00  .85628612E+00
   .45000000E+00  .83240259E+00
   .50000000E+00  .80811891E+00
   .55000000E+00  .78341913E+00
   .60000000E+00  .75828634E+00
   .65000000E+00  .73270265E+00
   .70000000E+00  .70664909E+00
   .75000000E+00  .68010552E+00
   .80000000E+00  .65305053E+00
   .85000000E+00  .62546138E+00
   .90000000E+00  .59731385E+00
   .95000000E+00  .56858210E+00
   .10000000E+01  .53923842E+00
   .10500000E+01  .50925375E+00
   .11000000E+01  .47859645E+00
   .11500000E+01  .44723283E+00
   .12000000E+01  .41512678E+00
   .12500000E+01  .38223952E+00
   .13000000E+01  .34852938E+00
   .13500000E+01  .31395150E+00
   .14000000E+01  .27845751E+00
   .14500000E+01  .24199520E+00
   .15000000E+01  .20450810E+00
   .15500000E+01  .16593505E+00
   .16000000E+01  .12620968E+00
   .16500000E+01  .85259890E-01
   .17000000E+01  .43007352E-01
   .17500000E+01 -.63410102E-03
   .18000000E+01 -.45757937E-01
   .18500000E+01 -.92466763E-01
   .19000000E+01 -.14087331E+00
   .19500000E+01 -.19110157E+00
   .20000000E+01 -.24328838E+00
Core Pot   L  =        4.00000    .00000
  -.30000000E+01  .22483368E+01
  -.29500000E+01  .22375458E+01
  -.29000000E+01  .22267076E+01
  -.28500000E+01  .22158214E+01
  -.28000000E+01  .22048868E+01
  -.27500000E+01  .21939030E+01
  -.27000000E+01  .21828695E+01
  -.26500000E+01  .21717856E+01
  -.26000000E+01  .21606507E+01
  -.25500000E+01  .21494641E+01
  -.25000000E+01  .21382252E+01
  -.24500000E+01  .21269332E+01
  -.24000000E+01  .21155875E+01
  -.23500000E+01  .21041874E+01
  -.23000000E+01  .20927320E+01
  -.22500000E+01  .20812207E+01
  -.22000000E+01  .20696528E+01
  -.21500000E+01  .20580273E+01
  -.21000000E+01  .20463435E+01
  -.20500000E+01  .20346007E+01
  -.20000000E+01  .20227979E+01
  -.19500000E+01  .20109343E+01
  -.19000000E+01  .19990091E+01
  -.18500000E+01  .19870213E+01
  -.18000000E+01  .19749701E+01
  -.17500000E+01  .19628545E+01
  -.17000000E+01  .19506736E+01
  -.16500000E+01  .19384263E+01
  -.16000000E+01  .19261117E+01
  -.15500000E+01  .19137288E+01
  -.15000000E+01  .19012765E+01
  -.14500000E+01  .18887538E+01
  -.14000000E+01  .18761595E+01
  -.13500000E+01  .18634925E+01
  -.13000000E+01  .18507517E+01
  -.12500000E+01  .18379359E+01
  -.12000000E+01  .18250439E+01
  -.11500000E+01  .18120744E+01
  -.11000000E+01  .17990262E+01
  -.10500000E+01  .17858979E+01
  -.10000000E+01  .17726882E+01
  -.95000000E+00  .17593958E+01
  -.90000000E+00  .17460193E+01
  -.85000000E+00  .17325571E+01
  -.80000000E+00  .17190078E+01
  -.75000000E+00  .17053699E+01
  -.70000000E+00  .16916418E+01
  -.65000000E+00  .16778219E+01
  -.60000000E+00  .16639085E+01
  -.55000000E+00  .16499000E+01
  -.50000000E+00  .16357945E+01
  -.45000000E+00  .16215904E+01
  -.40000000E+00  .16072856E+01
  -.35000000E+00  .15928784E+01
  -.30000000E+00  .15783668E+01
  -.25000000E+00  .15637486E+01
  -.20000000E+00  .15490220E+01
  -.15000000E+00  .15341846E+01
  -.10000000E+00  .15192344E+01
  -.50000000E-01  .15041690E+01
  -.22898350E-14  .14889861E+01
   .50000000E-01  .14736833E+01
   .10000000E+00  .14582580E+01
   .15000000E+00  .14427077E+01
   .20000000E+00  .14270298E+01
   .25000000E+00  .14112214E+01
   .30000000E+00  .13952798E+01
   .35000000E+00  .13792020E+01
   .40000000E+00  .13629850E+01
   .45000000E+00  .13466257E+01
   .50000000E+00  .13301207E+01
   .55000000E+00  .13134669E+01
   .60000000E+00  .12966606E+01
   .65000000E+00  .12796983E+01
   .70000000E+00  .12625764E+01
   .75000000E+00  .12452908E+01
   .80000000E+00  .12278377E+01
   .85000000E+00  .12102129E+01
   .90000000E+00  .11924121E+01
   .95000000E+00  .11744308E+01
   .10000000E+01  .11562644E+01
   .10500000E+01  .11379082E+01
   .11000000E+01  .11193570E+01
   .11500000E+01  .11006057E+01
   .12000000E+01  .10816489E+01
   .12500000E+01  .10624810E+01
   .13000000E+01  .10430961E+01
   .13500000E+01  .10234881E+01
   .14000000E+01  .10036507E+01
   .14500000E+01  .98357723E+00
   .15000000E+01  .96326082E+00
   .15500000E+01  .94269424E+00
   .16000000E+01  .92186996E+00
   .16500000E+01  .90078013E+00
   .17000000E+01  .87941653E+00
   .17500000E+01  .85777055E+00
   .18000000E+01  .83583320E+00
   .18500000E+01  .81359506E+00
   .19000000E+01  .79104626E+00
   .19500000E+01  .76817645E+00
   .20000000E+01  .74497477E+00
Potential  L  =        4.00000    .00000
  -.30000000E+01  .22488781E+01
  -.29500000E+01  .22381014E+01
  -.29000000E+01  .22272767E+01
  -.28500000E+01  .22164046E+01
  -.28000000E+01  .22054849E+01
  -.27500000E+01  .21945161E+01
  -.27000000E+01  .21834980E+01
  -.26500000E+01  .21724300E+01
  -.26000000E+01  .21613113E+01
  -.25500000E+01  .21501421E+01
  -.25000000E+01  .21389209E+01
  -.24500000E+01  .21276469E+01
  -.24000000E+01  .21163199E+01
  -.23500000E+01  .21049391E+01
  -.23000000E+01  .20935025E+01
  -.22500000E+01  .20820121E+01
  -.22000000E+01  .20704666E+01
  -.21500000E+01  .20588621E+01
  -.21000000E+01  .20472013E+01
  -.20500000E+01  .20354829E+01
  -.20000000E+01  .20237045E+01
  -.19500000E+01  .20118663E+01
  -.19000000E+01  .19999669E+01
  -.18500000E+01  .19880060E+01
  -.18000000E+01  .19759820E+01
  -.17500000E+01  .19638963E+01
  -.17000000E+01  .19517451E+01
  -.16500000E+01  .19395286E+01
  -.16000000E+01  .19272447E+01
  -.15500000E+01  .19148948E+01
  -.15000000E+01  .19024766E+01
  -.14500000E+01  .18899894E+01
  -.14000000E+01  .18774327E+01
  -.13500000E+01  .18648036E+01
  -.13000000E+01  .18521020E+01
  -.12500000E+01  .18393257E+01
  -.12000000E+01  .18264757E+01
  -.11500000E+01  .18135498E+01
  -.11000000E+01  .18005467E+01
  -.10500000E+01  .17874652E+01
  -.10000000E+01  .17743040E+01
  -.95000000E+00  .17610618E+01
  -.90000000E+00  .17477372E+01
  -.85000000E+00  .17343291E+01
  -.80000000E+00  .17208357E+01
  -.75000000E+00  .17072558E+01
  -.70000000E+00  .16935879E+01
  -.65000000E+00  .16798304E+01
  -.60000000E+00  .16659818E+01
  -.55000000E+00  .16520405E+01
  -.50000000E+00  .16380057E+01
  -.45000000E+00  .16238739E+01
  -.40000000E+00  .16096444E+01
  -.35000000E+00  .15953153E+01
  -.30000000E+00  .15808839E+01
  -.25000000E+00  .15663510E+01
  -.20000000E+00  .15517111E+01
  -.15000000E+00  .15369656E+01
  -.10000000E+00  .15221101E+01
  -.50000000E-01  .15071430E+01
  -.22898350E-14  .14920625E+01
   .50000000E-01  .14768662E+01
   .10000000E+00  .14615517E+01
   .15000000E+00  .14461168E+01
   .20000000E+00  .14305588E+01
   .25000000E+00  .14148755E+01
   .30000000E+00  .13990640E+01
   .35000000E+00  .13831218E+01
   .40000000E+00  .13670461E+01
   .45000000E+00  .13508340E+01
   .50000000E+00  .13344826E+01
   .55000000E+00  .13179889E+01
   .60000000E+00  .13013496E+01
   .65000000E+00  .12845616E+01
   .70000000E+00  .12676215E+01
   .75000000E+00  .12505258E+01
   .80000000E+00  .12332709E+01
   .85000000E+00  .12158532E+01
   .90000000E+00  .11982687E+01
   .95000000E+00  .11805135E+01
   .10000000E+01  .11625835E+01
   .10500000E+01  .11444745E+01
   .11000000E+01  .11261819E+01
   .11500000E+01  .11077012E+01
   .12000000E+01  .10890277E+01
   .12500000E+01  .10701564E+01
   .13000000E+01  .10510823E+01
   .13500000E+01  .10317999E+01
   .14000000E+01  .10123038E+01
   .14500000E+01  .99258830E+00
   .15000000E+01  .97264733E+00
   .15500000E+01  .95247474E+00
   .16000000E+01  .93206408E+00
   .16500000E+01  .91140862E+00
   .17000000E+01  .89050138E+00
   .17500000E+01  .86933506E+00
   .18000000E+01  .84790208E+00
   .18500000E+01  .82619452E+00
   .19000000E+01  .80420407E+00
   .19500000E+01  .78192214E+00
   .20000000E+01  .75933969E+00
KBPotential  L  =      2.00000  -1.02357
  -.30000000E+01  .17150782E+01
  -.29500000E+01  .16996561E+01
  -.29000000E+01  .16840565E+01
  -.28500000E+01  .16682719E+01
  -.28000000E+01  .16522946E+01
  -.27500000E+01  .16361163E+01
  -.27000000E+01  .16197281E+01
  -.26500000E+01  .16031200E+01
  -.26000000E+01  .15862817E+01
  -.25500000E+01  .15692020E+01
  -.25000000E+01  .15518685E+01
  -.24500000E+01  .15342681E+01
  -.24000000E+01  .15163862E+01
  -.23500000E+01  .14982071E+01
  -.23000000E+01  .14797136E+01
  -.22500000E+01  .14608867E+01
  -.22000000E+01  .14417057E+01
  -.21500000E+01  .14221478E+01
  -.21000000E+01  .14021875E+01
  -.20500000E+01  .13817969E+01
  -.20000000E+01  .13609447E+01
  -.19500000E+01  .13395962E+01
  -.19000000E+01  .13177123E+01
  -.18500000E+01  .12952490E+01
  -.18000000E+01  .12721466E+01
  -.17500000E+01  .12483689E+01
  -.17000000E+01  .12238422E+01
  -.16500000E+01  .11984929E+01
  -.16000000E+01  .11722367E+01
  -.15500000E+01  .11449730E+01
  -.15000000E+01  .11165940E+01
  -.14500000E+01  .10869633E+01
  -.14000000E+01  .10559238E+01
  -.13500000E+01  .10232884E+01
  -.13000000E+01  .98883280E+00
  -.12500000E+01  .95228584E+00
  -.12000000E+01  .91331443E+00
  -.11500000E+01  .87151214E+00
  -.11000000E+01  .82636536E+00
  -.10500000E+01  .77722495E+00
  -.10000000E+01  .72325533E+00
  -.95000000E+00  .66336207E+00
  -.90000000E+00  .59608285E+00
  -.85000000E+00  .51941826E+00
  -.80000000E+00  .43055965E+00
  -.75000000E+00  .32543291E+00
  -.70000000E+00  .19789422E+00
  -.65000000E+00  .38222956E-01
  -.60000000E+00 -.16992631E+00
  -.55000000E+00 -.45631982E+00
  -.50000000E+00 -.88154733E+00
  -.45000000E+00 -.15906911E+01
  -.40000000E+00 -.30397355E+01
  -.35000000E+00 -.77893153E+01
  -.30000000E+00  .58468332E+02
  -.25000000E+00  .77552826E+01
  -.20000000E+00  .45696583E+01
  -.15000000E+00  .34046170E+01
  -.10000000E+00  .27933957E+01
  -.50000000E-01  .24121856E+01
  -.22898350E-14  .21483536E+01
   .50000000E-01  .19524212E+01
   .10000000E+00  .17992426E+01
   .15000000E+00  .16746833E+01
   .20000000E+00  .15701812E+01
   .25000000E+00  .14802485E+01
   .30000000E+00  .14012035E+01
   .35000000E+00  .13304826E+01
   .40000000E+00  .12662877E+01
   .45000000E+00  .12071687E+01
   .50000000E+00  .11521133E+01
   .55000000E+00  .11004209E+01
   .60000000E+00  .10514222E+01
   .65000000E+00  .10046337E+01
   .70000000E+00  .95965360E+00
   .75000000E+00  .91615820E+00
   .80000000E+00  .87388166E+00
   .85000000E+00  .83259645E+00
   .90000000E+00  .79211185E+00
   .95000000E+00  .75226378E+00
   .10000000E+01  .71290998E+00
   .10500000E+01  .67392572E+00
   .11000000E+01  .63520040E+00
   .11500000E+01  .59663504E+00
   .12000000E+01  .55813998E+00
   .12500000E+01  .51963314E+00
   .13000000E+01  .48103861E+00
   .13500000E+01  .44228536E+00
   .14000000E+01  .40330627E+00
   .14500000E+01  .36403695E+00
   .15000000E+01  .32441697E+00
   .15500000E+01  .28438455E+00
   .16000000E+01  .24390091E+00
   .16500000E+01  .20286515E+00
   .17000000E+01  .16124224E+00
   .17500000E+01  .11896857E+00
   .18000000E+01  .75984823E-01
   .18500000E+01  .32226824E-01
   .19000000E+01 -.12363848E-01
   .19500000E+01 -.57878725E-01
   .20000000E+01 -.10434310E+00
KBPotential  L  =       .00000   -.85231
  -.30000000E+01  .14361730E+01
  -.29500000E+01  .14180653E+01
  -.29000000E+01  .13997266E+01
  -.28500000E+01  .13811489E+01
  -.28000000E+01  .13623238E+01
  -.27500000E+01  .13432426E+01
  -.27000000E+01  .13238959E+01
  -.26500000E+01  .13042738E+01
  -.26000000E+01  .12843662E+01
  -.25500000E+01  .12641620E+01
  -.25000000E+01  .12436498E+01
  -.24500000E+01  .12228173E+01
  -.24000000E+01  .12016514E+01
  -.23500000E+01  .11801386E+01
  -.23000000E+01  .11582642E+01
  -.22500000E+01  .11360127E+01
  -.22000000E+01  .11133678E+01
  -.21500000E+01  .10903119E+01
  -.21000000E+01  .10668263E+01
  -.20500000E+01  .10428911E+01
  -.20000000E+01  .10184852E+01
  -.19500000E+01  .99358559E+00
  -.19000000E+01  .96816811E+00
  -.18500000E+01  .94220661E+00
  -.18000000E+01  .91567308E+00
  -.17500000E+01  .88853737E+00
  -.17000000E+01  .86076708E+00
  -.16500000E+01  .83232725E+00
  -.16000000E+01  .80318012E+00
  -.15500000E+01  .77328487E+00
  -.15000000E+01  .74259728E+00
  -.14500000E+01  .71106937E+00
  -.14000000E+01  .67864894E+00
  -.13500000E+01  .64527919E+00
  -.13000000E+01  .61089810E+00
  -.12500000E+01  .57543785E+00
  -.12000000E+01  .53882411E+00
  -.11500000E+01  .50097526E+00
  -.11000000E+01  .46180144E+00
  -.10500000E+01  .42120347E+00
  -.10000000E+01  .37907162E+00
  -.95000000E+00  .33528413E+00
  -.90000000E+00  .28970554E+00
  -.85000000E+00  .24218469E+00
  -.80000000E+00  .19255227E+00
  -.75000000E+00  .14061816E+00
  -.70000000E+00  .86168042E-01
  -.65000000E+00  .28959330E-01
  -.60000000E+00 -.31283572E-01
  -.55000000E+00 -.94875142E-01
  -.50000000E+00 -.16217587E+00
  -.45000000E+00 -.23360093E+00
  -.40000000E+00 -.30963139E+00
  -.35000000E+00 -.39082720E+00
  -.30000000E+00 -.47784457E+00
  -.25000000E+00 -.57145753E+00
  -.20000000E+00 -.67258560E+00
  -.15000000E+00 -.78232979E+00
  -.10000000E+00 -.90201973E+00
  -.50000000E-01 -.10332764E+01
  -.22898350E-14 -.11780966E+01
   .50000000E-01 -.13389684E+01
   .10000000E+00 -.15190329E+01
   .15000000E+00 -.17223133E+01
   .20000000E+00 -.19540480E+01
   .25000000E+00 -.22211874E+01
   .30000000E+00 -.25331555E+01
   .35000000E+00 -.29030585E+01
   .40000000E+00 -.33496781E+01
   .45000000E+00 -.39009175E+01
   .50000000E+00 -.46001046E+01
   .55000000E+00 -.55183611E+01
   .60000000E+00 -.67811471E+01
   .65000000E+00 -.86324118E+01
   .70000000E+00 -.11617712E+02
   .75000000E+00 -.17258879E+02
   .80000000E+00 -.32005733E+02
   .85000000E+00 -.17197340E+03
   .90000000E+00  .54062847E+02
   .95000000E+00  .23910097E+02
   .10000000E+01  .15556489E+02
   .10500000E+01  .11630875E+02
   .11000000E+01  .93451698E+01
   .11500000E+01  .78458587E+01
   .12000000E+01  .67841105E+01
   .12500000E+01  .59907900E+01
   .13000000E+01  .53739481E+01
   .13500000E+01  .48792992E+01
   .14000000E+01  .44727265E+01
   .14500000E+01  .41317121E+01
   .15000000E+01  .38407883E+01
   .15500000E+01  .35889834E+01
   .16000000E+01  .33682942E+01
   .16500000E+01  .31727463E+01
   .17000000E+01  .29977877E+01
   .17500000E+01  .28398896E+01
   .18000000E+01  .26962724E+01
   .18500000E+01  .25647165E+01
   .19000000E+01  .24434270E+01
   .19500000E+01  .23309365E+01
   .20000000E+01  .22260311E+01
KBPotential  L  =      1.00000   -.40000
  -.30000000E+01  .15947512E+01
  -.29500000E+01  .15791765E+01
  -.29000000E+01  .15634600E+01
  -.28500000E+01  .15475981E+01
  -.28000000E+01  .15315874E+01
  -.27500000E+01  .15154240E+01
  -.27000000E+01  .14991041E+01
  -.26500000E+01  .14826238E+01
  -.26000000E+01  .14659787E+01
  -.25500000E+01  .14491647E+01
  -.25000000E+01  .14321772E+01
  -.24500000E+01  .14150116E+01
  -.24000000E+01  .13976629E+01
  -.23500000E+01  .13801261E+01
  -.23000000E+01  .13623960E+01
  -.22500000E+01  .13444671E+01
  -.22000000E+01  .13263335E+01
  -.21500000E+01  .13079894E+01
  -.21000000E+01  .12894286E+01
  -.20500000E+01  .12706444E+01
  -.20000000E+01  .12516302E+01
  -.19500000E+01  .12323789E+01
  -.19000000E+01  .12128829E+01
  -.18500000E+01  .11931347E+01
  -.18000000E+01  .11731259E+01
  -.17500000E+01  .11528482E+01
  -.17000000E+01  .11322925E+01
  -.16500000E+01  .11114497E+01
  -.16000000E+01  .10903097E+01
  -.15500000E+01  .10688624E+01
  -.15000000E+01  .10470968E+01
  -.14500000E+01  .10250017E+01
  -.14000000E+01  .10025650E+01
  -.13500000E+01  .97977406E+00
  -.13000000E+01  .95661566E+00
  -.12500000E+01  .93307574E+00
  -.12000000E+01  .90913954E+00
  -.11500000E+01  .88479134E+00
  -.11000000E+01  .86001465E+00
  -.10500000E+01  .83479199E+00
  -.10000000E+01  .80910483E+00
  -.95000000E+00  .78293354E+00
  -.90000000E+00  .75625728E+00
  -.85000000E+00  .72905396E+00
  -.80000000E+00  .70130000E+00
  -.75000000E+00  .67297039E+00
  -.70000000E+00  .64403847E+00
  -.65000000E+00  .61447579E+00
  -.60000000E+00  .58425197E+00
  -.55000000E+00  .55333455E+00
  -.50000000E+00  .52168879E+00
  -.45000000E+00  .48927742E+00
  -.40000000E+00  .45606048E+00
  -.35000000E+00  .42199503E+00
  -.30000000E+00  .38703484E+00
  -.25000000E+00  .35113008E+00
  -.20000000E+00  .31422698E+00
  -.15000000E+00  .27626739E+00
  -.10000000E+00  .23718836E+00
  -.50000000E-01  .19692162E+00
  -.22898350E-14  .15539289E+00
   .50000000E-01  .11252135E+00
   .10000000E+00  .68218820E-01
   .15000000E+00  .22388848E-01
   .20000000E+00 -.25074207E-01
   .25000000E+00 -.74286389E-01
   .30000000E+00 -.12537548E+00
   .35000000E+00 -.17848248E+00
   .40000000E+00 -.23376345E+00
   .45000000E+00 -.29139157E+00
   .50000000E+00 -.35155966E+00
   .55000000E+00 -.41448300E+00
   .60000000E+00 -.48040280E+00
   .65000000E+00 -.54959030E+00
   .70000000E+00 -.62235163E+00
   .75000000E+00 -.69903374E+00
   .80000000E+00 -.78003151E+00
   .85000000E+00 -.86579646E+00
   .90000000E+00 -.95684747E+00
   .95000000E+00 -.10537840E+01
   .10000000E+01 -.11573026E+01
   .10500000E+01 -.12682177E+01
   .11000000E+01 -.13874880E+01
   .11500000E+01 -.15162506E+01
   .12000000E+01 -.16558647E+01
   .12500000E+01 -.18079699E+01
   .13000000E+01 -.19745628E+01
   .13500000E+01 -.21581020E+01
   .14000000E+01 -.23616509E+01
   .14500000E+01 -.25890785E+01
   .15000000E+01 -.28453464E+01
   .15500000E+01 -.31369282E+01
   .16000000E+01 -.34724391E+01
   .16500000E+01 -.38636104E+01
   .17000000E+01 -.43268529E+01
   .17500000E+01 -.48858683E+01
   .18000000E+01 -.55762373E+01
   .18500000E+01 -.64539740E+01
   .19000000E+01 -.76127533E+01
   .19500000E+01 -.92221121E+01
   .20000000E+01 -.11624058E+02
KBPotential  L  =      3.00000    .00000
  -.30000000E+01  .19773543E+01
  -.29500000E+01  .19649357E+01
  -.29000000E+01  .19524439E+01
  -.28500000E+01  .19398776E+01
  -.28000000E+01  .19272358E+01
  -.27500000E+01  .19145170E+01
  -.27000000E+01  .19017200E+01
  -.26500000E+01  .18888433E+01
  -.26000000E+01  .18758857E+01
  -.25500000E+01  .18628456E+01
  -.25000000E+01  .18497216E+01
  -.24500000E+01  .18365121E+01
  -.24000000E+01  .18232157E+01
  -.23500000E+01  .18098306E+01
  -.23000000E+01  .17963553E+01
  -.22500000E+01  .17827881E+01
  -.22000000E+01  .17691272E+01
  -.21500000E+01  .17553708E+01
  -.21000000E+01  .17415170E+01
  -.20500000E+01  .17275640E+01
  -.20000000E+01  .17135097E+01
  -.19500000E+01  .16993522E+01
  -.19000000E+01  .16850894E+01
  -.18500000E+01  .16707190E+01
  -.18000000E+01  .16562388E+01
  -.17500000E+01  .16416467E+01
  -.17000000E+01  .16269400E+01
  -.16500000E+01  .16121166E+01
  -.16000000E+01  .15971737E+01
  -.15500000E+01  .15821087E+01
  -.15000000E+01  .15669190E+01
  -.14500000E+01  .15516018E+01
  -.14000000E+01  .15361541E+01
  -.13500000E+01  .15205729E+01
  -.13000000E+01  .15048552E+01
  -.12500000E+01  .14889976E+01
  -.12000000E+01  .14729970E+01
  -.11500000E+01  .14568497E+01
  -.11000000E+01  .14405523E+01
  -.10500000E+01  .14241010E+01
  -.10000000E+01  .14074919E+01
  -.95000000E+00  .13907210E+01
  -.90000000E+00  .13737841E+01
  -.85000000E+00  .13566770E+01
  -.80000000E+00  .13393951E+01
  -.75000000E+00  .13219337E+01
  -.70000000E+00  .13042880E+01
  -.65000000E+00  .12864528E+01
  -.60000000E+00  .12684229E+01
  -.55000000E+00  .12501928E+01
  -.50000000E+00  .12317567E+01
  -.45000000E+00  .12131086E+01
  -.40000000E+00  .11942422E+01
  -.35000000E+00  .11751511E+01
  -.30000000E+00  .11558283E+01
  -.25000000E+00  .11362668E+01
  -.20000000E+00  .11164591E+01
  -.15000000E+00  .10963972E+01
  -.10000000E+00  .10760731E+01
  -.50000000E-01  .10554782E+01
  -.22898350E-14  .10346034E+01
   .50000000E-01  .10134392E+01
   .10000000E+00  .99197577E+00
   .15000000E+00  .97020264E+00
   .20000000E+00  .94810882E+00
   .25000000E+00  .92568276E+00
   .30000000E+00  .90291230E+00
   .35000000E+00  .87978459E+00
   .40000000E+00  .85628612E+00
   .45000000E+00  .83240259E+00
   .50000000E+00  .80811891E+00
   .55000000E+00  .78341913E+00
   .60000000E+00  .75828634E+00
   .65000000E+00  .73270265E+00
   .70000000E+00  .70664909E+00
   .75000000E+00  .68010552E+00
   .80000000E+00  .65305053E+00
   .85000000E+00  .62546138E+00
   .90000000E+00  .59731385E+00
   .95000000E+00  .56858210E+00
   .10000000E+01  .53923842E+00
   .10500000E+01  .50925375E+00
   .11000000E+01  .47859645E+00
   .11500000E+01  .44723283E+00
   .12000000E+01  .41512678E+00
   .12500000E+01  .38223952E+00
   .13000000E+01  .34852938E+00
   .13500000E+01  .31395150E+00
   .14000000E+01  .27845751E+00
   .14500000E+01  .24199520E+00
   .15000000E+01  .20450810E+00
   .15500000E+01  .16593505E+00
   .16000000E+01  .12620968E+00
   .16500000E+01  .85259890E-01
   .17000000E+01  .43007352E-01
   .17500000E+01 -.63410102E-03
   .18000000E+01 -.45757937E-01
   .18500000E+01 -.92466763E-01
   .19000000E+01 -.14087331E+00
   .19500000E+01 -.19110157E+00
   .20000000E+01 -.24328838E+00
KBPotential  L  =      4.00000    .00000
  -.30000000E+01  .22488781E+01
  -.29500000E+01  .22381014E+01
  -.29000000E+01  .22272767E+01
  -.28500000E+01  .22164046E+01
  -.28000000E+01  .22054849E+01
  -.27500000E+01  .21945161E+01
  -.27000000E+01  .21834980E+01
  -.26500000E+01  .21724300E+01
  -.26000000E+01  .21613113E+01
  -.25500000E+01  .21501421E+01
  -.25000000E+01  .21389209E+01
  -.24500000E+01  .21276469E+01
  -.24000000E+01  .21163199E+01
  -.23500000E+01  .21049391E+01
  -.23000000E+01  .20935025E+01
  -.22500000E+01  .20820121E+01
  -.22000000E+01  .20704666E+01
  -.21500000E+01  .20588621E+01
  -.21000000E+01  .20472013E+01
  -.20500000E+01  .20354829E+01
  -.20000000E+01  .20237045E+01
  -.19500000E+01  .20118663E+01
  -.19000000E+01  .19999669E+01
  -.18500000E+01  .19880060E+01
  -.18000000E+01  .19759820E+01
  -.17500000E+01  .19638963E+01
  -.17000000E+01  .19517451E+01
  -.16500000E+01  .19395286E+01
  -.16000000E+01  .19272447E+01
  -.15500000E+01  .19148948E+01
  -.15000000E+01  .19024766E+01
  -.14500000E+01  .18899894E+01
  -.14000000E+01  .18774327E+01
  -.13500000E+01  .18648036E+01
  -.13000000E+01  .18521020E+01
  -.12500000E+01  .18393257E+01
  -.12000000E+01  .18264757E+01
  -.11500000E+01  .18135498E+01
  -.11000000E+01  .18005467E+01
  -.10500000E+01  .17874652E+01
  -.10000000E+01  .17743040E+01
  -.95000000E+00  .17610618E+01
  -.90000000E+00  .17477372E+01
  -.85000000E+00  .17343291E+01
  -.80000000E+00  .17208357E+01
  -.75000000E+00  .17072558E+01
  -.70000000E+00  .16935879E+01
  -.65000000E+00  .16798304E+01
  -.60000000E+00  .16659818E+01
  -.55000000E+00  .16520405E+01
  -.50000000E+00  .16380057E+01
  -.45000000E+00  .16238739E+01
  -.40000000E+00  .16096444E+01
  -.35000000E+00  .15953153E+01
  -.30000000E+00  .15808839E+01
  -.25000000E+00  .15663510E+01
  -.20000000E+00  .15517111E+01
  -.15000000E+00  .15369656E+01
  -.10000000E+00  .15221101E+01
  -.50000000E-01  .15071430E+01
  -.22898350E-14  .14920625E+01
   .50000000E-01  .14768662E+01
   .10000000E+00  .14615517E+01
   .15000000E+00  .14461168E+01
   .20000000E+00  .14305588E+01
   .25000000E+00  .14148755E+01
   .30000000E+00  .13990640E+01
   .35000000E+00  .13831218E+01
   .40000000E+00  .13670461E+01
   .45000000E+00  .13508340E+01
   .50000000E+00  .13344826E+01
   .55000000E+00  .13179889E+01
   .60000000E+00  .13013496E+01
   .65000000E+00  .12845616E+01
   .70000000E+00  .12676215E+01
   .75000000E+00  .12505258E+01
   .80000000E+00  .12332709E+01
   .85000000E+00  .12158532E+01
   .90000000E+00  .11982687E+01
   .95000000E+00  .11805135E+01
   .10000000E+01  .11625835E+01
   .10500000E+01  .11444745E+01
   .11000000E+01  .11261819E+01
   .11500000E+01  .11077012E+01
   .12000000E+01  .10890277E+01
   .12500000E+01  .10701564E+01
   .13000000E+01  .10510823E+01
   .13500000E+01  .10317999E+01
   .14000000E+01  .10123038E+01
   .14500000E+01  .99258830E+00
   .15000000E+01  .97264733E+00
   .15500000E+01  .95247474E+00
   .16000000E+01  .93206408E+00
   .16500000E+01  .91140862E+00
   .17000000E+01  .89050138E+00
   .17500000E+01  .86933506E+00
   .18000000E+01  .84790208E+00
   .18500000E+01  .82619452E+00
   .19000000E+01  .80420407E+00
   .19500000E+01  .78192214E+00
   .20000000E+01  .75933969E+00
