He: 1s                                  
  .539314332E-07  .548011215E-07  .556848338E-07  .565827962E-07  .574952384E-07
  .584223938E-07  .593644999E-07  .603217976E-07  .612945318E-07  .622829515E-07
  .632873096E-07  .643078631E-07  .653448731E-07  .663986050E-07  .674693284E-07
  .685573173E-07  .696628500E-07  .707862094E-07  .719276831E-07  .730875630E-07
  .742661459E-07  .754637334E-07  .766806319E-07  .779171529E-07  .791736126E-07
  .804503326E-07  .817476396E-07  .830658655E-07  .844053475E-07  .857664285E-07
  .871494566E-07  .885547858E-07  .899827756E-07  .914337913E-07  .929082044E-07
  .944063919E-07  .959287373E-07  .974756300E-07  .990474658E-07  .100644647E-06
  .102267582E-06  .103916686E-06  .105592382E-06  .107295097E-06  .109025268E-06
  .110783337E-06  .112569754E-06  .114384976E-06  .116229468E-06  .118103701E-06
  .120008155E-06  .121943317E-06  .123909682E-06  .125907754E-06  .127938044E-06
  .130001071E-06  .132097362E-06  .134227455E-06  .136391894E-06  .138591233E-06
  .140826034E-06  .143096870E-06  .145404321E-06  .147748978E-06  .150131441E-06
  .152552319E-06  .155012231E-06  .157511807E-06  .160051686E-06  .162632518E-06
  .165254964E-06  .167919694E-06  .170627390E-06  .173378744E-06  .176174462E-06
  .179015257E-06  .181901856E-06  .184834999E-06  .187815435E-06  .190843926E-06
  .193921249E-06  .197048189E-06  .200225548E-06  .203454137E-06  .206734782E-06
  .210068324E-06  .213455614E-06  .216897520E-06  .220394921E-06  .223948712E-06
  .227559803E-06  .231229118E-06  .234957594E-06  .238746186E-06  .242595863E-06
  .246507610E-06  .250482427E-06  .254521331E-06  .258625355E-06  .262795549E-06
  .267032981E-06  .271338733E-06  .275713907E-06  .280159623E-06  .284677017E-06
  .289267246E-06  .293931483E-06  .298670921E-06  .303486773E-06  .308380271E-06
  .313352666E-06  .318405230E-06  .323539256E-06  .328756056E-06  .334056966E-06
  .339443341E-06  .344916559E-06  .350478019E-06  .356129145E-06  .361871381E-06
  .367706197E-06  .373635085E-06  .379659561E-06  .385781167E-06  .392001467E-06
  .398322054E-06  .404744543E-06  .411270577E-06  .417901826E-06  .424639985E-06
  .431486778E-06  .438443956E-06  .445513298E-06  .452696612E-06  .459995737E-06
  .467412537E-06  .474948911E-06  .482606786E-06  .490388120E-06  .498294903E-06
  .506329157E-06  .514492938E-06  .522788333E-06  .531217463E-06  .539782484E-06
  .548485588E-06  .557328998E-06  .566314977E-06  .575445823E-06  .584723872E-06
  .594151495E-06  .603731103E-06  .613465147E-06  .623356116E-06  .633406538E-06
  .643618985E-06  .653996067E-06  .664540439E-06  .675254796E-06  .686141878E-06
  .697204471E-06  .708445401E-06  .719867544E-06  .731473820E-06  .743267198E-06
  .755250692E-06  .767427367E-06  .779800337E-06  .792372765E-06  .805147866E-06
  .818128906E-06  .831319206E-06  .844722136E-06  .858341124E-06  .872179653E-06
  .886241261E-06  .900529543E-06  .915048151E-06  .929800799E-06  .944791258E-06
  .960023360E-06  .975501001E-06  .991228137E-06  .100720879E-05  .102344704E-05
  .103994705E-05  .105671303E-05  .107374926E-05  .109106011E-05  .110865000E-05
  .112652343E-05  .114468496E-05  .116313923E-05  .118189097E-05  .120094498E-05
  .122030611E-05  .123997932E-05  .125996964E-05  .128028218E-05  .130092212E-05
  .132189476E-05  .134320544E-05  .136485962E-05  .138686283E-05  .140922070E-05
  .143193893E-05  .145502334E-05  .147847983E-05  .150231439E-05  .152653312E-05
  .155114220E-05  .157614793E-05  .160155669E-05  .162737498E-05  .165360940E-05
  .168026666E-05  .170735356E-05  .173487704E-05  .176284411E-05  .179126194E-05
  .182013779E-05  .184947902E-05  .187929315E-05  .190958779E-05  .194037069E-05
  .197164970E-05  .200343283E-05  .203572819E-05  .206854405E-05  .210188877E-05
  .213577089E-05  .217019907E-05  .220518209E-05  .224072890E-05  .227684858E-05
  .231355037E-05  .235084363E-05  .238873790E-05  .242724286E-05  .246636835E-05
  .250612437E-05  .254652106E-05  .258756876E-05  .262927795E-05  .267165929E-05
  .271472360E-05  .275848189E-05  .280294533E-05  .284812529E-05  .289403330E-05
  .294068110E-05  .298808060E-05  .303624390E-05  .308518332E-05  .313491136E-05
  .318544071E-05  .323678428E-05  .328895519E-05  .334196677E-05  .339583255E-05
  .345056629E-05  .350618198E-05  .356269382E-05  .362011624E-05  .367846390E-05
  .373775172E-05  .379799483E-05  .385920861E-05  .392140871E-05  .398461100E-05
  .404883163E-05  .411408699E-05  .418039375E-05  .424776885E-05  .431622948E-05
  .438579314E-05  .445647757E-05  .452830084E-05  .460128127E-05  .467543751E-05
  .475078849E-05  .482735345E-05  .490515193E-05  .498420380E-05  .506452925E-05
  .514614877E-05  .522908321E-05  .531335375E-05  .539898188E-05  .548598948E-05
  .557439875E-05  .566423226E-05  .575551295E-05  .584826411E-05  .594250942E-05
  .603827294E-05  .613557910E-05  .623445275E-05  .633491912E-05  .643700386E-05
  .654073301E-05  .664613305E-05  .675323088E-05  .686205383E-05  .697262968E-05
  .708498663E-05  .719915337E-05  .731515903E-05  .743303320E-05  .755280597E-05
  .767450789E-05  .779817002E-05  .792382392E-05  .805150164E-05  .818123575E-05
  .831305936E-05  .844700609E-05  .858311013E-05  .872140618E-05  .886192953E-05
  .900471603E-05  .914980210E-05  .929722475E-05  .944702158E-05  .959923080E-05
  .975389123E-05  .991104232E-05  .100707242E-04  .102329775E-04  .103978436E-04
  .105653646E-04  .107355833E-04  .109085429E-04  .110842877E-04  .112628625E-04
  .114443127E-04  .116286846E-04  .118160253E-04  .120063825E-04  .121998047E-04
  .123963413E-04  .125960423E-04  .127989588E-04  .130051423E-04  .132146455E-04
  .134275217E-04  .136438253E-04  .138636113E-04  .140869358E-04  .143138557E-04
  .145444289E-04  .147787140E-04  .150167708E-04  .152586600E-04  .155044432E-04
  .157541830E-04  .160079432E-04  .162657882E-04  .165277838E-04  .167939969E-04
  .170644951E-04  .173393475E-04  .176186240E-04  .179023957E-04  .181907351E-04
  .184837154E-04  .187814114E-04  .190838989E-04  .193912548E-04  .197035576E-04
  .200208866E-04  .203433228E-04  .206709483E-04  .210038464E-04  .213421020E-04
  .216858011E-04  .220350313E-04  .223898815E-04  .227504420E-04  .231168047E-04
  .234890627E-04  .238673109E-04  .242516455E-04  .246421644E-04  .250389669E-04
  .254421541E-04  .258518285E-04  .262680944E-04  .266910578E-04  .271208263E-04
  .275575092E-04  .280012176E-04  .284520645E-04  .289101645E-04  .293756342E-04
  .298485920E-04  .303291581E-04  .308174550E-04  .313136066E-04  .318177394E-04
  .323299813E-04  .328504628E-04  .333793162E-04  .339166759E-04  .344626786E-04
  .350174632E-04  .355811706E-04  .361539443E-04  .367359297E-04  .373272750E-04
  .379281302E-04  .385386483E-04  .391589844E-04  .397892961E-04  .404297436E-04
  .410804897E-04  .417416997E-04  .424135416E-04  .430961862E-04  .437898068E-04
  .444945798E-04  .452106840E-04  .459383015E-04  .466776170E-04  .474288183E-04
  .481920962E-04  .489676446E-04  .497556603E-04  .505563435E-04  .513698975E-04
  .521965288E-04  .530364473E-04  .538898661E-04  .547570020E-04  .556380751E-04
  .565333088E-04  .574429306E-04  .583671711E-04  .593062649E-04  .602604503E-04
  .612299695E-04  .622150682E-04  .632159966E-04  .642330083E-04  .652663615E-04
  .663163182E-04  .673831447E-04  .684671115E-04  .695684935E-04  .706875699E-04
  .718246245E-04  .729799455E-04  .741538258E-04  .753465629E-04  .765584591E-04
  .777898216E-04  .790409624E-04  .803121986E-04  .816038521E-04  .829162504E-04
  .842497258E-04  .856046161E-04  .869812646E-04  .883800198E-04  .898012360E-04
  .912452731E-04  .927124967E-04  .942032783E-04  .957179953E-04  .972570311E-04
  .988207752E-04  .100409624E-03  .102023978E-03  .103664247E-03  .105330846E-03
  .107024197E-03  .108744727E-03  .110492872E-03  .112269074E-03  .114073783E-03
  .115907454E-03  .117770551E-03  .119663546E-03  .121586917E-03  .123541150E-03
  .125526739E-03  .127544186E-03  .129594001E-03  .131676701E-03  .133792813E-03
  .135942871E-03  .138127419E-03  .140347008E-03  .142602198E-03  .144893560E-03
  .147221672E-03  .149587121E-03  .151990504E-03  .154432429E-03  .156913512E-03
  .159434377E-03  .161995663E-03  .164598014E-03  .167242088E-03  .169928550E-03
  .172658080E-03  .175431364E-03  .178249102E-03  .181112005E-03  .184020795E-03
  .186976203E-03  .189978976E-03  .193029870E-03  .196129653E-03  .199279106E-03
  .202479024E-03  .205730210E-03  .209033485E-03  .212389680E-03  .215799640E-03
  .219264223E-03  .222784302E-03  .226360762E-03  .229994502E-03  .233686438E-03
  .237437497E-03  .241248624E-03  .245120777E-03  .249054929E-03  .253052069E-03
  .257113202E-03  .261239349E-03  .265431547E-03  .269690848E-03  .274018324E-03
  .278415061E-03  .282882162E-03  .287420751E-03  .292031966E-03  .296716965E-03
  .301476923E-03  .306313036E-03  .311226516E-03  .316218597E-03  .321290529E-03
  .326443587E-03  .331679060E-03  .336998263E-03  .342402527E-03  .347893209E-03
  .353471683E-03  .359139346E-03  .364897620E-03  .370747945E-03  .376691787E-03
  .382730634E-03  .388865997E-03  .395099411E-03  .401432438E-03  .407866660E-03
  .414403687E-03  .421045154E-03  .427792722E-03  .434648077E-03  .441612932E-03
  .448689029E-03  .455878135E-03  .463182045E-03  .470602585E-03  .478141606E-03
  .485800991E-03  .493582651E-03  .501488529E-03  .509520596E-03  .517680857E-03
  .525971345E-03  .534394129E-03  .542951308E-03  .551645015E-03  .560477415E-03
  .569450709E-03  .578567133E-03  .587828955E-03  .597238482E-03  .606798056E-03
  .616510055E-03  .626376896E-03  .636401033E-03  .646584958E-03  .656931203E-03
  .667442340E-03  .678120981E-03  .688969778E-03  .699991427E-03  .711188663E-03
  .722564267E-03  .734121061E-03  .745861914E-03  .757789737E-03  .769907489E-03
  .782218175E-03  .794724845E-03  .807430598E-03  .820338583E-03  .833451997E-03
  .846774085E-03  .860308147E-03  .874057532E-03  .888025640E-03  .902215928E-03
  .916631903E-03  .931277130E-03  .946155227E-03  .961269870E-03  .976624792E-03
  .992223786E-03  .100807070E-02  .102416945E-02  .104052400E-02  .105713838E-02
  .107401670E-02  .109116311E-02  .110858184E-02  .112627718E-02  .114425348E-02
  .116251517E-02  .118106675E-02  .119991277E-02  .121905788E-02  .123850678E-02
  .125826425E-02  .127833514E-02  .129872438E-02  .131943698E-02  .134047803E-02
  .136185268E-02  .138356618E-02  .140562384E-02  .142803109E-02  .145079340E-02
  .147391636E-02  .149740562E-02  .152126693E-02  .154550613E-02  .157012915E-02
  .159514200E-02  .162055081E-02  .164636177E-02  .167258119E-02  .169921548E-02
  .172627112E-02  .175375472E-02  .178167297E-02  .181003270E-02  .183884079E-02
  .186810427E-02  .189783026E-02  .192802599E-02  .195869881E-02  .198985618E-02
  .202150566E-02  .205365495E-02  .208631184E-02  .211948427E-02  .215318028E-02
  .218740805E-02  .222217587E-02  .225749216E-02  .229336548E-02  .232980450E-02
  .236681805E-02  .240441508E-02  .244260466E-02  .248139604E-02  .252079858E-02
  .256082178E-02  .260147531E-02  .264276896E-02  .268471269E-02  .272731661E-02
  .277059097E-02  .281454618E-02  .285919282E-02  .290454163E-02  .295060349E-02
  .299738947E-02  .304491081E-02  .309317889E-02  .314220530E-02  .319200179E-02
  .324258028E-02  .329395288E-02  .334613188E-02  .339912976E-02  .345295918E-02
  .350763301E-02  .356316429E-02  .361956627E-02  .367685240E-02  .373503633E-02
  .379413192E-02  .385415323E-02  .391511455E-02  .397703036E-02  .403991538E-02
  .410378453E-02  .416865297E-02  .423453609E-02  .430144949E-02  .436940903E-02
  .443843079E-02  .450853109E-02  .457972651E-02  .465203387E-02  .472547023E-02
  .480005291E-02  .487579951E-02  .495272786E-02  .503085607E-02  .511020253E-02
  .519078589E-02  .527262507E-02  .535573930E-02  .544014807E-02  .552587117E-02
  .561292867E-02  .570134096E-02  .579112871E-02  .588231291E-02  .597491486E-02
  .606895616E-02  .616445874E-02  .626144487E-02  .635993711E-02  .645995838E-02
  .656153193E-02  .666468135E-02  .676943059E-02  .687580392E-02  .698382600E-02
  .709352184E-02  .720491680E-02  .731803663E-02  .743290745E-02  .754955577E-02
  .766800847E-02  .778829283E-02  .791043653E-02  .803446765E-02  .816041468E-02
  .828830652E-02  .841817250E-02  .855004235E-02  .868394626E-02  .881991484E-02
  .895797915E-02  .909817069E-02  .924052142E-02  .938506377E-02  .953183061E-02
  .968085530E-02  .983217169E-02  .998581411E-02  .101418174E-01  .103002167E-01
  .104610481E-01  .106243478E-01  .107901526E-01  .109584999E-01  .111294277E-01
  .113029744E-01  .114791789E-01  .116580809E-01  .118397204E-01  .120241381E-01
  .122113752E-01  .124014736E-01  .125944758E-01  .127904246E-01  .129893639E-01
  .131913377E-01  .133963910E-01  .136045692E-01  .138159185E-01  .140304856E-01
  .142483180E-01  .144694637E-01  .146939716E-01  .149218909E-01  .151532720E-01
  .153881655E-01  .156266229E-01  .158686966E-01  .161144395E-01  .163639052E-01
  .166171482E-01  .168742236E-01  .171351873E-01  .174000961E-01  .176690074E-01
  .179419795E-01  .182190714E-01  .185003430E-01  .187858549E-01  .190756686E-01
  .193698465E-01  .196684516E-01  .199715481E-01  .202792007E-01  .205914754E-01
  .209084386E-01  .212301579E-01  .215567018E-01  .218881395E-01  .222245415E-01
  .225659788E-01  .229125237E-01  .232642492E-01  .236212294E-01  .239835395E-01
  .243512553E-01  .247244541E-01  .251032138E-01  .254876135E-01  .258777334E-01
  .262736546E-01  .266754593E-01  .270832308E-01  .274970536E-01  .279170130E-01
  .283431956E-01  .287756890E-01  .292145822E-01  .296599651E-01  .301119287E-01
  .305705652E-01  .310359683E-01  .315082323E-01  .319874532E-01  .324737280E-01
  .329671550E-01  .334678336E-01  .339758645E-01  .344913498E-01  .350143928E-01
  .355450979E-01  .360835710E-01  .366299193E-01  .371842513E-01  .377466767E-01
  .383173068E-01  .388962540E-01  .394836323E-01  .400795569E-01  .406841445E-01
  .412975131E-01  .419197824E-01  .425510732E-01  .431915079E-01  .438412104E-01
  .445003059E-01  .451689214E-01  .458471850E-01  .465352267E-01  .472331778E-01
  .479411710E-01  .486593409E-01  .493878235E-01  .501267562E-01  .508762782E-01
  .516365303E-01  .524076547E-01  .531897955E-01  .539830982E-01  .547877100E-01
  .556037799E-01  .564314584E-01  .572708978E-01  .581222519E-01  .589856763E-01
  .598613285E-01  .607493675E-01  .616499540E-01  .625632507E-01  .634894217E-01
  .644286332E-01  .653810530E-01  .663468507E-01  .673261976E-01  .683192671E-01
  .693262342E-01  .703472757E-01  .713825702E-01  .724322984E-01  .734966425E-01
  .745757869E-01  .756699176E-01  .767792225E-01  .779038915E-01  .790441164E-01
  .802000908E-01  .813720101E-01  .825600719E-01  .837644754E-01  .849854219E-01
  .862231146E-01  .874777586E-01  .887495608E-01  .900387304E-01  .913454780E-01
  .926700167E-01  .940125611E-01  .953733280E-01  .967525360E-01  .981504058E-01
  .995671598E-01  .101003023E+00  .102458221E+00  .103932982E+00  .105427537E+00
  .106942119E+00  .108476961E+00  .110032299E+00  .111608372E+00  .113205419E+00
  .114823682E+00  .116463406E+00  .118124835E+00  .119808218E+00  .121513803E+00
  .123241842E+00  .124992589E+00  .126766297E+00  .128563225E+00  .130383631E+00
  .132227775E+00  .134095920E+00  .135988329E+00  .137905269E+00  .139847006E+00
  .141813812E+00  .143805955E+00  .145823710E+00  .147867350E+00  .149937152E+00
  .152033392E+00  .154156351E+00  .156306309E+00  .158483548E+00  .160688352E+00
  .162921006E+00  .165181797E+00  .167471014E+00  .169788945E+00  .172135882E+00
  .174512116E+00  .176917941E+00  .179353651E+00  .181819543E+00  .184315913E+00
  .186843060E+00  .189401281E+00  .191990879E+00  .194612152E+00  .197265404E+00
  .199950937E+00  .202669055E+00  .205420062E+00  .208204262E+00  .211021962E+00
  .213873467E+00  .216759085E+00  .219679121E+00  .222633885E+00  .225623682E+00
  .228648822E+00  .231709612E+00  .234806361E+00  .237939376E+00  .241108965E+00
  .244315437E+00  .247559098E+00  .250840257E+00  .254159220E+00  .257516293E+00
  .260911782E+00  .264345992E+00  .267819228E+00  .271331791E+00  .274883986E+00
  .278476112E+00  .282108471E+00  .285781360E+00  .289495076E+00  .293249916E+00
  .297046173E+00  .300884140E+00  .304764106E+00  .308686360E+00  .312651189E+00
  .316658874E+00  .320709700E+00  .324803942E+00  .328941879E+00  .333123783E+00
  .337349925E+00  .341620571E+00  .345935985E+00  .350296428E+00  .354702157E+00
  .359153425E+00  .363650480E+00  .368193568E+00  .372782930E+00  .377418802E+00
  .382101417E+00  .386831000E+00  .391607775E+00  .396431958E+00  .401303762E+00
  .406223393E+00  .411191050E+00  .416206930E+00  .421271220E+00  .426384104E+00
  .431545756E+00  .436756348E+00  .442016040E+00  .447324989E+00  .452683343E+00
  .458091241E+00  .463548818E+00  .469056199E+00  .474613499E+00  .480220827E+00
  .485878284E+00  .491585960E+00  .497343937E+00  .503152288E+00  .509011075E+00
  .514920353E+00  .520880163E+00  .526890540E+00  .532951505E+00  .539063071E+00
  .545225237E+00  .551437993E+00  .557701317E+00  .564015175E+00  .570379520E+00
  .576794296E+00  .583259429E+00  .589774838E+00  .596340424E+00  .602956077E+00
  .609621675E+00  .616337078E+00  .623102135E+00  .629916680E+00  .636780530E+00
  .643693491E+00  .650655351E+00  .657665882E+00  .664724842E+00  .671831972E+00
  .678986997E+00  .686189625E+00  .693439547E+00  .700736437E+00  .708079952E+00
  .715469730E+00  .722905393E+00  .730386542E+00  .737912762E+00  .745483619E+00
  .753098657E+00  .760757405E+00  .768459368E+00  .776204035E+00  .783990873E+00
  .791819328E+00  .799688827E+00  .807598775E+00  .815548556E+00  .823537533E+00
  .831565047E+00  .839630419E+00  .847732944E+00  .855871898E+00  .864046535E+00
  .872256083E+00  .880499749E+00  .888776718E+00  .897086150E+00  .905427182E+00
  .913798926E+00  .922200473E+00  .930630888E+00  .939089211E+00  .947574460E+00
  .956085626E+00  .964621677E+00  .973181555E+00  .981764179E+00  .990368441E+00
  .998993208E+00  .100763732E+01  .101629960E+01  .102497884E+01  .103367380E+01
  .104238322E+01  .105110581E+01  .105984028E+01  .106858527E+01  .107733943E+01
  .108610138E+01  .109486969E+01  .110364293E+01  .111241963E+01  .112119830E+01
  .112997744E+01  .113875549E+01  .114753090E+01  .115630206E+01  .116506737E+01
  .117382519E+01  .118257384E+01  .119131164E+01  .120003687E+01  .120874780E+01
  .121744266E+01  .122611966E+01  .123477701E+01  .124341285E+01  .125202535E+01
  .126061261E+01  .126917274E+01  .127770382E+01  .128620391E+01  .129467103E+01
  .130310321E+01  .131149844E+01  .131985470E+01  .132816993E+01  .133644208E+01
  .134466906E+01  .135284878E+01  .136097911E+01  .136905793E+01  .137708308E+01
  .138505241E+01  .139296372E+01  .140081483E+01  .140860353E+01  .141632760E+01
  .142398480E+01  .143157289E+01  .143908961E+01  .144653271E+01  .145389990E+01
  .146118891E+01  .146839745E+01  .147552321E+01  .148256390E+01  .148951721E+01
  .149638083E+01  .150315245E+01  .150982975E+01  .151641040E+01  .152289211E+01
  .152927254E+01  .153554939E+01  .154172034E+01  .154778309E+01  .155373533E+01
  .155957477E+01  .156529911E+01  .157090609E+01  .157639342E+01  .158175885E+01
  .158700012E+01  .159211501E+01  .159710129E+01  .160195676E+01  .160667922E+01
  .161126650E+01  .161571646E+01  .162002696E+01  .162419588E+01  .162822115E+01
  .163210069E+01  .163583247E+01  .163941448E+01  .164284473E+01  .164612127E+01
  .164924217E+01  .165220554E+01  .165500953E+01  .165765230E+01  .166013207E+01
  .166244708E+01  .166459562E+01  .166657602E+01  .166838664E+01  .167002589E+01
  .167149222E+01  .167278412E+01  .167390014E+01  .167483887E+01  .167559894E+01
  .167617904E+01  .167657791E+01  .167679434E+01  .167682716E+01  .167667528E+01
  .167633765E+01  .167581327E+01  .167510122E+01  .167420061E+01  .167311063E+01
  .167183053E+01  .167035961E+01  .166869724E+01  .166684287E+01  .166479597E+01
  .166255613E+01  .166012296E+01  .165749618E+01  .165467553E+01  .165166086E+01
  .164845208E+01  .164504915E+01  .164145212E+01  .163766111E+01  .163367631E+01
  .162949798E+01  .162512645E+01  .162056214E+01  .161580553E+01  .161085718E+01
  .160571772E+01  .160038786E+01  .159486838E+01  .158916014E+01  .158326408E+01
  .157718120E+01  .157091259E+01  .156445943E+01  .155782292E+01  .155100440E+01
  .154400523E+01  .153682691E+01  .152947095E+01  .152193898E+01  .151423267E+01
  .150635382E+01  .149830422E+01  .149008582E+01  .148170058E+01  .147315057E+01
  .146443790E+01  .145556480E+01  .144653350E+01  .143734638E+01  .142800581E+01
  .141851429E+01  .140887434E+01  .139908860E+01  .138915969E+01  .137909040E+01
  .136888349E+01  .135854184E+01  .134806835E+01  .133746603E+01  .132673786E+01
  .131588699E+01  .130491651E+01  .129382966E+01  .128262965E+01  .127131983E+01
  .125990348E+01  .124838405E+01  .123676492E+01  .122504963E+01  .121324164E+01
  .120134457E+01  .118936194E+01  .117729746E+01  .116515473E+01  .115293750E+01
  .114064944E+01  .112829436E+01  .111587597E+01  .110339813E+01  .109086462E+01
  .107827931E+01  .106564601E+01  .105296865E+01  .104025105E+01  .102749716E+01
  .101471081E+01  .100189598E+01  .989056502E+00  .976196350E+00  .963319379E+00
  .950429507E+00  .937530627E+00  .924626626E+00  .911721377E+00  .898818741E+00
  .885922562E+00  .873036668E+00  .860164864E+00  .847310933E+00  .834478633E+00
  .821671696E+00  .808893823E+00  .796148683E+00  .783439911E+00  .770771107E+00
  .758145830E+00  .745567600E+00  .733039895E+00  .720566146E+00  .708149739E+00
  .695794010E+00  .683502243E+00  .671277672E+00  .659123474E+00  .647042770E+00
  .635038621E+00  .623114030E+00  .611271937E+00  .599515218E+00  .587846684E+00
  .576269079E+00  .564785078E+00  .553397287E+00  .542108242E+00  .530920402E+00
  .519836157E+00  .508857820E+00  .497987626E+00  .487227736E+00  .476580230E+00
  .466047110E+00  .455630298E+00  .445331634E+00  .435152877E+00  .425095704E+00
  .415161709E+00  .405352402E+00  .395669210E+00  .386113474E+00  .376686454E+00
  .367389322E+00  .358223167E+00  .349188992E+00  .340287717E+00  .331520175E+00
  .322887116E+00  .314389206E+00  .306027027E+00  .297801076E+00  .289711769E+00
  .281759439E+00  .273944336E+00  .266266631E+00  .258726413E+00  .251323693E+00
  .244058404E+00  .236930399E+00  .229939456E+00  .223085279E+00  .216367497E+00
  .209785666E+00  .203339271E+00  .197027725E+00  .190850377E+00  .184806504E+00
  .178895321E+00  .173115977E+00  .167467559E+00  .161949094E+00  .156559551E+00
  .151297840E+00  .146162817E+00  .141153286E+00  .136267996E+00  .131505650E+00
  .126864902E+00  .122344360E+00  .117942590E+00  .113658115E+00  .109489420E+00
  .105434951E+00  .101493120E+00  .976623051E-01  .939408539E-01  .903270843E-01
  .868192878E-01  .834157305E-01  .801146563E-01  .769142880E-01  .738128299E-01
  .708084698E-01  .678993808E-01  .650837235E-01  .623596480E-01  .597252955E-01
  .571788010E-01  .547182944E-01  .523419027E-01  .500477519E-01  .478339689E-01
  .456986827E-01  .436400269E-01  .416561406E-01  .397451708E-01  .379052733E-01
  .361346146E-01  .344313734E-01  .327937417E-01  .312199266E-01  .297081515E-01
  .282566571E-01  .268637030E-01  .255275687E-01  .242465546E-01  .230189831E-01
  .218431997E-01  .207175740E-01  .196405001E-01  .186103981E-01  .176257142E-01
  .166849219E-01  .157865223E-01  .149290448E-01  .141110479E-01  .133311191E-01
  .125878757E-01  .118799653E-01  .112060655E-01  .105648849E-01  .995516275E-02
  .937566937E-02  .882520615E-02  .830260563E-02  .780673150E-02  .733647860E-02
  .689077279E-02  .646857084E-02  .606886031E-02  .569065929E-02  .533301620E-02
  .499500949E-02  .467574737E-02  .437436744E-02  .409003635E-02  .382194938E-02
  .356933001E-02  .333142953E-02  .310752651E-02  .289692635E-02  .269896073E-02
  .251298714E-02  .233838829E-02  .217457159E-02  .202096857E-02  .187703427E-02
  .174224672E-02  .161610629E-02  .149813509E-02  .138787642E-02  .128489410E-02
  .118877189E-02  .109911287E-02  .101553885E-02  .937689743E-03  .865222953E-03
  .797812798E-03  .735149906E-03  .676940621E-03  .622906429E-03  .572783377E-03
  .526321515E-03  .483284336E-03  .443448231E-03  .406601954E-03  .372546100E-03
  .341092591E-03  .312064175E-03  .285293940E-03  .260624841E-03  .237909233E-03
  .217008427E-03  .197792253E-03  .180138637E-03  .163933197E-03  .149068846E-03
  .135445411E-03  .122969267E-03  .111552987E-03  .101114996E-03  .915792493E-04
  .828749176E-04  .749360880E-04  .677014756E-04  .611141499E-04  .551212716E-04
  .496738434E-04  .447264705E-04  .402371347E-04  .361669782E-04  .324800988E-04
  .291433560E-04  .261261865E-04  .234004303E-04  .209401662E-04  .187215560E-04
  .167226984E-04  .149234904E-04  .133054977E-04  .118518326E-04  .105470389E-04
  .937698519E-05  .832876318E-05  .739059422E-05  .655174087E-05  .580242482E-05
  .513375021E-05  .453763226E-05  .400673086E-05  .353438888E-05  .311457488E-05
  .274183006E-05  .241121909E-05  .211828466E-05  .185900545E-05  .162975745E-05
  .142727820E-05  .124863396E-05  .109118945E-05  .952580143E-06  .830686802E-06
  .723612160E-06  .629659596E-06  .547313648E-06  .475222214E-06  .412180344E-06
  .357115470E-06  .309073982E-06  .267209034E-06  .230769489E-06  .199089899E-06
  .171581438E-06  .147723717E-06  .127057394E-06  .109177511E-06  .937274994E-07
  .803937957E-07  .689010010E-07  .590075462E-07  .505018102E-07  .431986490E-07
  .369362973E-07  .315736064E-07  .269875842E-07  .230712094E-07  .197314908E-07
  .168877474E-07  .144700871E-07  .124180626E-07  .106794871E-07  .920939200E-08
  .796911306E-08  .692549038E-08  .605017137E-08  .531900573E-08  .471152379E-08
  .421049015E-08  .380152650E-08  .347279815E-08  .321476055E-08  .301996336E-08
  .288291119E-08  .279997940E-08  .276939646E-08  .279128214E-08  .229264441E-08
  .188010968E-08  .153935107E-08  .125833020E-08  .102694789E-08  .836745521E-09
  .680650064E-09  .552756871E-09  .448144831E-09  .362719400E-09  .293079505E-09
  .236404892E-09  .190360942E-09  .153018374E-09  .122785647E-09  .983521342E-10
  .786404466E-10  .627665033E-10  .500061492E-10  .397672983E-10  .315667296E-10
  .250107954E-10  .197794111E-10  .156127939E-10  .123004992E-10  .967237363E-11
  .759110368E-11  .594609140E-11  .464842950E-11  .362678727E-11  .282404872E-11
  .219457083E-11  .170195207E-11  .131721991E-11  .101736166E-11  .784135979E-12
  .603113566E-12  .462904302E-12  .354536038E-12  .270956263E-12  .206633230E-12
  .157237369E-12  .119387376E-12  .904483049E-13  .683713451E-13  .515669811E-13
  .388047902E-13  .291344698E-13  .218237350E-13  .163095954E-13  .121602178E-13
  .904514246E-14  .671208022E-14  .496887695E-14  .366952934E-14  .270336745E-14
  .198670734E-14  .145642541E-14  .106502428E-14  .776853240E-15  .565220482E-15
  .410192203E-15  .296919417E-15  .214369258E-15  .154365435E-15  .110864408E-15
  .794107958E-16  .567287224E-16  .404159842E-16  .287157783E-16  .203467852E-16
  .143770311E-16  .101305067E-16  .711822883E-17  .498748646E-17  .348458157E-17
  .242755286E-17  .168626515E-17  .116791709E-17  .806523325E-18  .555303398E-18
  .381190297E-18  .260880124E-18  .177998875E-18  .121076541E-18  .821029051E-19
  .555011548E-19  .374006893E-19  .251235099E-19  .168225986E-19  .112281127E-19
  .746981973E-20  .495326800E-20  .327371192E-20  .215647542E-20  .141576894E-20
  .926344161E-21  .604049717E-21  .392537765E-21  .254206511E-21  .164050018E-21
  .105496514E-21  .676020518E-22  .431647489E-22  .274620949E-22  .174084716E-22
  .109950570E-22  .691881024E-23  .433760071E-23  .270918686E-23  .168572415E-23
  .104491033E-23  .645213158E-24  .396867634E-24  .243160438E-24  .148399113E-24
  .902084284E-25  .546168337E-25  .329348405E-25  .197797225E-25  .118305855E-25
  .704692104E-26  .418008680E-26  .246916097E-26  .145236938E-26  .850655262E-27
  .496094096E-27  .288066989E-27  .166543156E-27  .958624925E-28  .549343415E-28
  .313398513E-28  .177988583E-28  .100626840E-28  .566299467E-29  .317229172E-29
  .176879957E-29  .981626862E-30  .542200834E-30  .298059774E-30  .163064477E-30
  .887792350E-31  .480997235E-31  .259319915E-31  .139115044E-31  .742574369E-32
  .394381006E-32  .208393715E-32  .109553965E-32  .572965636E-33  .298104150E-33
  .154286625E-33  .794311846E-34  .406759637E-34  .207181089E-34  .104956435E-34
  .528805328E-35  .264966712E-35  .132031132E-35  .654231651E-36  .322357228E-36
  .157933499E-36  .769346983E-37  .372615928E-37  .179420303E-37  .858879929E-38
  .408717792E-38  .193341113E-38  .909104191E-39  .424884517E-39  .197367123E-39
  .911179756E-40  .418058615E-40  .190612993E-40  .863630962E-41  .388814346E-41
  .173929220E-41  .773030536E-42  .341343819E-42  .149739373E-42  .652537758E-43
  .282473601E-43  .121458915E-43  .518724520E-44  .220027195E-44  .926881711E-45
  .387754281E-45  .161082738E-45  .664472643E-46  .272154984E-46  .110673018E-46
  .446815759E-47  .179081723E-47  .712499706E-48  .281386423E-48  .110301340E-48
  .429132702E-49  .165694986E-49  .634903324E-50  .241412446E-50  .910832781E-51
  .340971044E-51  .126639412E-51  .466622074E-52  .000000000E+00  .000000000E+00
  .000000000E+00  .000000000E+00  .000000000E+00  .000000000E+00  .000000000E+00
  .000000000E+00  .000000000E+00  .000000000E+00  .000000000E+00  .000000000E+00
  .000000000E+00  .000000000E+00  .000000000E+00  .000000000E+00  .000000000E+00
  .000000000E+00  .000000000E+00  .000000000E+00  .000000000E+00  .000000000E+00
  .000000000E+00  .000000000E+00  .000000000E+00  .000000000E+00  .000000000E+00
  .000000000E+00  .000000000E+00  .000000000E+00  .000000000E+00  .000000000E+00
  .000000000E+00  .000000000E+00  .000000000E+00  .000000000E+00  .000000000E+00
  .000000000E+00  .000000000E+00  .000000000E+00  .000000000E+00  .000000000E+00
  .000000000E+00  .000000000E+00  .000000000E+00  .000000000E+00  .000000000E+00
  .000000000E+00  .000000000E+00  .000000000E+00  .000000000E+00  .000000000E+00
  .000000000E+00  .000000000E+00  .000000000E+00  .000000000E+00  .000000000E+00
  .000000000E+00  .000000000E+00  .000000000E+00  .000000000E+00  .000000000E+00
  .000000000E+00  .000000000E+00  .000000000E+00  .000000000E+00  .000000000E+00
  .000000000E+00  .000000000E+00  .000000000E+00  .000000000E+00  .000000000E+00
  .000000000E+00  .000000000E+00  .000000000E+00  .000000000E+00  .000000000E+00
  .000000000E+00  .000000000E+00  .000000000E+00  .000000000E+00  .000000000E+00
  .000000000E+00  .000000000E+00  .000000000E+00  .000000000E+00  .000000000E+00
  .000000000E+00  .000000000E+00  .000000000E+00  .000000000E+00  .000000000E+00
  .000000000E+00  .000000000E+00  .000000000E+00  .000000000E+00  .000000000E+00
  .000000000E+00  .000000000E+00  .000000000E+00  .000000000E+00  .000000000E+00
  .000000000E+00  .000000000E+00  .000000000E+00  .000000000E+00  .000000000E+00
  .000000000E+00  .000000000E+00  .000000000E+00  .000000000E+00  .000000000E+00
  .000000000E+00  .000000000E+00  .000000000E+00  .000000000E+00  .000000000E+00
  .000000000E+00  .000000000E+00  .000000000E+00  .000000000E+00  .000000000E+00
  .000000000E+00  .000000000E+00  .000000000E+00  .000000000E+00  .000000000E+00
  .000000000E+00  .000000000E+00  .000000000E+00  .000000000E+00  .000000000E+00
  .000000000E+00  .000000000E+00  .000000000E+00  .000000000E+00  .000000000E+00
  .000000000E+00  .000000000E+00  .000000000E+00  .000000000E+00  .000000000E+00
  .000000000E+00  .000000000E+00  .000000000E+00  .000000000E+00  .000000000E+00
  .000000000E+00  .000000000E+00  .000000000E+00  .000000000E+00  .000000000E+00
  .000000000E+00  .000000000E+00  .000000000E+00  .000000000E+00  .000000000E+00
  .000000000E+00  .000000000E+00  .000000000E+00  .000000000E+00  .000000000E+00
  .000000000E+00  .000000000E+00  .000000000E+00  .000000000E+00  .000000000E+00
  .000000000E+00  .000000000E+00  .000000000E+00  .000000000E+00  .000000000E+00
  .000000000E+00  .000000000E+00  .000000000E+00  .000000000E+00  .000000000E+00
  .000000000E+00  .000000000E+00  .000000000E+00  .000000000E+00  .000000000E+00
  .000000000E+00  .000000000E+00  .000000000E+00  .000000000E+00  .000000000E+00
  .000000000E+00  .000000000E+00  .000000000E+00  .000000000E+00  .000000000E+00
  .000000000E+00  .000000000E+00  .000000000E+00  .000000000E+00  .000000000E+00
  .000000000E+00  .000000000E+00  .000000000E+00  .000000000E+00  .000000000E+00
  .000000000E+00  .000000000E+00  .000000000E+00  .000000000E+00  .000000000E+00
