Au: s1d10                               
   16  79.   .002000 196.96650 125.   .50E-04 .200  400FCA 68.00000
   .7  1.0   0
  1.0   .0   .5-5876.2226 2.0000
  2.0   .0   .5-1037.9636 2.0000
  2.0  1.0  1.5 -898.7704 6.0000
  3.0   .0   .5 -245.1990 2.0000
  3.0  1.0  1.5 -204.7529 6.0000
  3.0  2.0  2.5 -161.515210.0000
  4.0   .0   .5  -53.1681 2.0000
  4.0  1.0  1.5  -39.8733 6.0000
  4.0  2.0  2.5  -23.889910.0000
  4.0  3.0  3.5   -6.039614.0000
  5.0   .0   .5   -7.9304 2.0000
  5.0  1.0  1.5   -4.3878 6.0000
  5.0  2.0  2.5    -.525510.0000
  6.0   .0   .5    -.4431 1.0000
  6.0  1.0  1.5    -.5000  .0000
  5.0  3.0  2.5    -.1000  .0000
