 PAW Sn                                  
 100
Core Pot   L  =         .00000   -.79263
  -.20000000E+01  .90565437E+00
  -.19600000E+01  .88102120E+00
  -.19200000E+01  .85574449E+00
  -.18800000E+01  .82978428E+00
  -.18400000E+01  .80309703E+00
  -.18000000E+01  .77563520E+00
  -.17600000E+01  .74734676E+00
  -.17200000E+01  .71817468E+00
  -.16800000E+01  .68805625E+00
  -.16400000E+01  .65692240E+00
  -.16000000E+01  .62469684E+00
  -.15600000E+01  .59129511E+00
  -.15200000E+01  .55662341E+00
  -.14800000E+01  .52057727E+00
  -.14400000E+01  .48304003E+00
  -.14000000E+01  .44388093E+00
  -.13600000E+01  .40295292E+00
  -.13200000E+01  .36009007E+00
  -.12800000E+01  .31510437E+00
  -.12400000E+01  .26778197E+00
  -.12000000E+01  .21787848E+00
  -.11600000E+01  .16511340E+00
  -.11200000E+01  .10916311E+00
  -.10800000E+01  .49652227E-01
  -.10400000E+01 -.13857166E-01
  -.10000000E+01 -.81879164E-01
  -.96000000E+00 -.15502139E+00
  -.92000000E+00 -.23400730E+00
  -.88000000E+00 -.31970525E+00
  -.84000000E+00 -.41316669E+00
  -.80000000E+00 -.51567718E+00
  -.76000000E+00 -.62882546E+00
  -.72000000E+00 -.75459854E+00
  -.68000000E+00 -.89551486E+00
  -.64000000E+00 -.10548149E+01
  -.60000000E+00 -.12367398E+01
  -.56000000E+00 -.14469506E+01
  -.52000000E+00 -.16931764E+01
  -.48000000E+00 -.19862541E+01
  -.44000000E+00 -.23418653E+01
  -.40000000E+00 -.27835851E+01
  -.36000000E+00 -.33485632E+01
  -.32000000E+00 -.40989391E+01
  -.28000000E+00 -.51471031E+01
  -.24000000E+00 -.67193673E+01
  -.20000000E+00 -.93493019E+01
  -.16000000E+00 -.14667120E+02
  -.12000000E+00 -.31194724E+02
  -.80000000E-01  .56601854E+03
  -.40000000E-01  .29768054E+02
   .12351231E-14  .15703434E+02
   .40000000E-01  .10840055E+02
   .80000000E-01  .83685016E+01
   .12000000E+00  .68688871E+01
   .16000000E+00  .58595001E+01
   .20000000E+00  .51317918E+01
   .24000000E+00  .45807899E+01
   .28000000E+00  .41478980E+01
   .32000000E+00  .37978320E+01
   .36000000E+00  .35080748E+01
   .40000000E+00  .32635805E+01
   .44000000E+00  .30539130E+01
   .48000000E+00  .28716056E+01
   .52000000E+00  .27111748E+01
   .56000000E+00  .25685025E+01
   .60000000E+00  .24404359E+01
   .64000000E+00  .23245199E+01
   .68000000E+00  .22188141E+01
   .72000000E+00  .21217644E+01
   .76000000E+00  .20321113E+01
   .80000000E+00  .19488229E+01
   .84000000E+00  .18710459E+01
   .88000000E+00  .17980679E+01
   .92000000E+00  .17292897E+01
   .96000000E+00  .16642034E+01
   .10000000E+01  .16023756E+01
   .10400000E+01  .15434337E+01
   .10800000E+01  .14870560E+01
   .11200000E+01  .14329627E+01
   .11600000E+01  .13809095E+01
   .12000000E+01  .13306817E+01
   .12400000E+01  .12820900E+01
   .12800000E+01  .12349666E+01
   .13200000E+01  .11891620E+01
   .13600000E+01  .11445426E+01
   .14000000E+01  .11009885E+01
   .14400000E+01  .10583915E+01
   .14800000E+01  .10166539E+01
   .15200000E+01  .97568668E+00
   .15600000E+01  .93540898E+00
   .16000000E+01  .89574656E+00
   .16400000E+01  .85663137E+00
   .16800000E+01  .81800060E+00
   .17200000E+01  .77979612E+00
   .17600000E+01  .74196397E+00
   .18000000E+01  .70445382E+00
   .18400000E+01  .66721859E+00
   .18800000E+01  .63021403E+00
   .19200000E+01  .59339843E+00
   .19600000E+01  .55673229E+00
   .20000000E+01  .52017809E+00
Potential  L  =         .00000   -.79263
  -.20000000E+01  .10213448E+01
  -.19600000E+01  .99943190E+00
  -.19200000E+01  .97695672E+00
  -.18800000E+01  .95387894E+00
  -.18400000E+01  .93015388E+00
  -.18000000E+01  .90573180E+00
  -.17600000E+01  .88055715E+00
  -.17200000E+01  .85456765E+00
  -.16800000E+01  .82769329E+00
  -.16400000E+01  .79985498E+00
  -.16000000E+01  .77096305E+00
  -.15600000E+01  .74091535E+00
  -.15200000E+01  .70959499E+00
  -.14800000E+01  .67686752E+00
  -.14400000E+01  .64257748E+00
  -.14000000E+01  .60654400E+00
  -.13600000E+01  .56855540E+00
  -.13200000E+01  .52836224E+00
  -.12800000E+01  .48566839E+00
  -.12400000E+01  .44011948E+00
  -.12000000E+01  .39128773E+00
  -.11600000E+01  .33865177E+00
  -.11200000E+01  .28156936E+00
  -.10800000E+01  .21924004E+00
  -.10400000E+01  .15065298E+00
  -.10000000E+01  .74512683E-01
  -.96000000E+00 -.10869146E-01
  -.92000000E+00 -.10773512E+00
  -.88000000E+00 -.21913059E+00
  -.84000000E+00 -.34929877E+00
  -.80000000E+00 -.50433491E+00
  -.76000000E+00 -.69332176E+00
  -.72000000E+00 -.93041709E+00
  -.68000000E+00 -.12389765E+01
  -.64000000E+00 -.16604745E+01
  -.60000000E+00 -.22763095E+01
  -.56000000E+00 -.32710777E+01
  -.52000000E+00 -.51720321E+01
  -.48000000E+00 -.10332693E+02
  -.44000000E+00 -.81918428E+02
  -.40000000E+00  .15844468E+02
  -.36000000E+00  .76208557E+01
  -.32000000E+00  .51636518E+01
  -.28000000E+00  .39737115E+01
  -.24000000E+00  .32661979E+01
  -.20000000E+00  .27933490E+01
  -.16000000E+00  .24521767E+01
  -.12000000E+00  .21921975E+01
  -.80000000E-01  .19857520E+01
  -.40000000E-01  .18164134E+01
   .12351231E-14  .16738086E+01
   .40000000E-01  .15510624E+01
   .80000000E-01  .14434358E+01
   .12000000E+00  .13475540E+01
   .16000000E+00  .12609470E+01
   .20000000E+00  .11817633E+01
   .24000000E+00  .11085865E+01
   .28000000E+00  .10403125E+01
   .32000000E+00  .97606680E+00
   .36000000E+00  .91514614E+00
   .40000000E+00  .85697692E+00
   .44000000E+00  .80108531E+00
   .48000000E+00  .74707493E+00
   .52000000E+00  .69461025E+00
   .56000000E+00  .64340383E+00
   .60000000E+00  .59320662E+00
   .64000000E+00  .54380029E+00
   .68000000E+00  .49499117E+00
   .72000000E+00  .44660542E+00
   .76000000E+00  .39848514E+00
   .80000000E+00  .35048509E+00
   .84000000E+00  .30247006E+00
   .88000000E+00  .25431254E+00
   .92000000E+00  .20589081E+00
   .96000000E+00  .15708722E+00
   .10000000E+01  .10778665E+00
   .10400000E+01  .57875132E-01
   .10800000E+01  .72385425E-02
   .11200000E+01 -.44238638E-01
   .11600000E+01 -.96674541E-01
   .12000000E+01 -.15019113E+00
   .12400000E+01 -.20491546E+00
   .12800000E+01 -.26098096E+00
   .13200000E+01 -.31852886E+00
   .13600000E+01 -.37770970E+00
   .14000000E+01 -.43868497E+00
   .14400000E+01 -.50162902E+00
   .14800000E+01 -.56673113E+00
   .15200000E+01 -.63419788E+00
   .15600000E+01 -.70425594E+00
   .16000000E+01 -.77715524E+00
   .16400000E+01 -.85317266E+00
   .16800000E+01 -.93261641E+00
   .17200000E+01 -.10158312E+01
   .17600000E+01 -.11032043E+01
   .18000000E+01 -.11951730E+01
   .18400000E+01 -.12922333E+01
   .18800000E+01 -.13949510E+01
   .19200000E+01 -.15039744E+01
   .19600000E+01 -.16200508E+01
   .20000000E+01 -.17440466E+01
Core Pot   L  =        1.00000   -.28475
  -.20000000E+01  .11261968E+01
  -.19600000E+01  .11080882E+01
  -.19200000E+01  .10897133E+01
  -.18800000E+01  .10710623E+01
  -.18400000E+01  .10521245E+01
  -.18000000E+01  .10328889E+01
  -.17600000E+01  .10133435E+01
  -.17200000E+01  .99347593E+00
  -.16800000E+01  .97327298E+00
  -.16400000E+01  .95272060E+00
  -.16000000E+01  .93180394E+00
  -.15600000E+01  .91050718E+00
  -.15200000E+01  .88881352E+00
  -.14800000E+01  .86670507E+00
  -.14400000E+01  .84416276E+00
  -.14000000E+01  .82116626E+00
  -.13600000E+01  .79769385E+00
  -.13200000E+01  .77372229E+00
  -.12800000E+01  .74922672E+00
  -.12400000E+01  .72418047E+00
  -.12000000E+01  .69855494E+00
  -.11600000E+01  .67231934E+00
  -.11200000E+01  .64544059E+00
  -.10800000E+01  .61788299E+00
  -.10400000E+01  .58960800E+00
  -.10000000E+01  .56057396E+00
  -.96000000E+00  .53073575E+00
  -.92000000E+00  .50004442E+00
  -.88000000E+00  .46844675E+00
  -.84000000E+00  .43588483E+00
  -.80000000E+00  .40229544E+00
  -.76000000E+00  .36760952E+00
  -.72000000E+00  .33175138E+00
  -.68000000E+00  .29463796E+00
  -.64000000E+00  .25617784E+00
  -.60000000E+00  .21627019E+00
  -.56000000E+00  .17480353E+00
  -.52000000E+00  .13165423E+00
  -.48000000E+00  .86684863E-01
  -.44000000E+00  .39742156E-01
  -.40000000E+00 -.93453299E-02
  -.36000000E+00 -.60770005E-01
  -.32000000E+00 -.11474856E+00
  -.28000000E+00 -.17152596E+00
  -.24000000E+00 -.23138016E+00
  -.20000000E+00 -.29462797E+00
  -.16000000E+00 -.36163201E+00
  -.12000000E+00 -.43280938E+00
  -.80000000E-01 -.50864231E+00
  -.40000000E-01 -.58969137E+00
   .12351231E-14 -.67661213E+00
   .40000000E-01 -.77017618E+00
   .80000000E-01 -.87129803E+00
   .12000000E+00 -.98106983E+00
   .16000000E+00 -.11008068E+01
   .20000000E+00 -.12321072E+01
   .24000000E+00 -.13769329E+01
   .28000000E+00 -.15377194E+01
   .32000000E+00 -.17175273E+01
   .36000000E+00 -.19202573E+01
   .40000000E+00 -.21509598E+01
   .44000000E+00 -.24162920E+01
   .48000000E+00 -.27252125E+01
   .52000000E+00 -.30900698E+01
   .56000000E+00 -.35283741E+01
   .60000000E+00 -.40658088E+01
   .64000000E+00 -.47416299E+01
   .68000000E+00 -.56189973E+01
   .72000000E+00 -.68064368E+01
   .76000000E+00 -.85074885E+01
   .80000000E+00 -.11153825E+02
   .84000000E+00 -.15849304E+02
   .88000000E+00 -.26512362E+02
   .92000000E+00 -.74618777E+02
   .96000000E+00  .10031719E+03
   .10000000E+01  .30776963E+02
   .10400000E+01  .18429939E+02
   .10800000E+01  .13270767E+02
   .11200000E+01  .10433099E+02
   .11600000E+01  .86345610E+01
   .12000000E+01  .73903689E+01
   .12400000E+01  .64766808E+01
   .12800000E+01  .57758509E+01
   .13200000E+01  .52201283E+01
   .13600000E+01  .47677414E+01
   .14000000E+01  .43915343E+01
   .14400000E+01  .40730882E+01
   .14800000E+01  .37994689E+01
   .15200000E+01  .35613264E+01
   .15600000E+01  .33517336E+01
   .16000000E+01  .31654491E+01
   .16400000E+01  .29984336E+01
   .16800000E+01  .28475235E+01
   .17200000E+01  .27102059E+01
   .17600000E+01  .25844591E+01
   .18000000E+01  .24686383E+01
   .18400000E+01  .23613912E+01
   .18800000E+01  .22615955E+01
   .19200000E+01  .21683124E+01
   .19600000E+01  .20807497E+01
   .20000000E+01  .19982348E+01
Potential  L  =        1.00000   -.28475
  -.20000000E+01  .11722167E+01
  -.19600000E+01  .11546479E+01
  -.19200000E+01  .11368169E+01
  -.18800000E+01  .11187129E+01
  -.18400000E+01  .11003248E+01
  -.18000000E+01  .10816405E+01
  -.17600000E+01  .10626472E+01
  -.17200000E+01  .10433312E+01
  -.16800000E+01  .10236779E+01
  -.16400000E+01  .10036719E+01
  -.16000000E+01  .98329656E+00
  -.15600000E+01  .96253396E+00
  -.15200000E+01  .94136507E+00
  -.14800000E+01  .91976936E+00
  -.14400000E+01  .89772478E+00
  -.14000000E+01  .87520757E+00
  -.13600000E+01  .85219210E+00
  -.13200000E+01  .82865068E+00
  -.12800000E+01  .80455332E+00
  -.12400000E+01  .77986754E+00
  -.12000000E+01  .75455802E+00
  -.11600000E+01  .72858634E+00
  -.11200000E+01  .70191059E+00
  -.10800000E+01  .67448499E+00
  -.10400000E+01  .64625940E+00
  -.10000000E+01  .61717876E+00
  -.96000000E+00  .58718252E+00
  -.92000000E+00  .55620388E+00
  -.88000000E+00  .52416898E+00
  -.84000000E+00  .49099589E+00
  -.80000000E+00  .45659351E+00
  -.76000000E+00  .42086022E+00
  -.72000000E+00  .38368228E+00
  -.68000000E+00  .34493197E+00
  -.64000000E+00  .30446535E+00
  -.60000000E+00  .26211958E+00
  -.56000000E+00  .21770968E+00
  -.52000000E+00  .17102461E+00
  -.48000000E+00  .12182250E+00
  -.44000000E+00  .69824743E-01
  -.40000000E+00  .14708720E-01
  -.36000000E+00 -.43901287E-01
  -.32000000E+00 -.10644554E+00
  -.28000000E+00 -.17344340E+00
  -.24000000E+00 -.24551196E+00
  -.20000000E+00 -.32339028E+00
  -.16000000E+00 -.40797114E+00
  -.12000000E+00 -.50034331E+00
  -.80000000E-01 -.60184860E+00
  -.40000000E-01 -.71415998E+00
   .12351231E-14 -.83939070E+00
   .40000000E-01 -.98024946E+00
   .80000000E-01 -.11402663E+01
   .12000000E+00 -.13241298E+01
   .16000000E+00 -.15382050E+01
   .20000000E+00 -.17913569E+01
   .24000000E+00 -.20963120E+01
   .28000000E+00 -.24720189E+01
   .32000000E+00 -.29479803E+01
   .36000000E+00 -.35727927E+01
   .40000000E+00 -.44325764E+01
   .44000000E+00 -.56958593E+01
   .48000000E+00 -.77431489E+01
   .52000000E+00 -.11653118E+02
   .56000000E+00 -.22160882E+02
   .60000000E+00 -.14921471E+03
   .64000000E+00  .33583066E+02
   .68000000E+00  .15482185E+02
   .72000000E+00  .10205917E+02
   .76000000E+00  .76823697E+01
   .80000000E+00  .61980962E+01
   .84000000E+00  .52172774E+01
   .88000000E+00  .45183552E+01
   .92000000E+00  .39930979E+01
   .96000000E+00  .35823558E+01
   .10000000E+01  .32510702E+01
   .10400000E+01  .29771407E+01
   .10800000E+01  .27459437E+01
   .11200000E+01  .25474159E+01
   .11600000E+01  .23744046E+01
   .12000000E+01  .22216855E+01
   .12400000E+01  .20853530E+01
   .12800000E+01  .19624283E+01
   .13200000E+01  .18505990E+01
   .13600000E+01  .17480424E+01
   .14000000E+01  .16533012E+01
   .14400000E+01  .15651963E+01
   .14800000E+01  .14827624E+01
   .15200000E+01  .14052014E+01
   .15600000E+01  .13318470E+01
   .16000000E+01  .12621382E+01
   .16400000E+01  .11955986E+01
   .16800000E+01  .11318206E+01
   .17200000E+01  .10704529E+01
   .17600000E+01  .10111906E+01
   .18000000E+01  .95376721E+00
   .18400000E+01  .89794846E+00
   .18800000E+01  .84352686E+00
   .19200000E+01  .79031759E+00
   .19600000E+01  .73815497E+00
   .20000000E+01  .68688950E+00
Core Pot   L  =        2.00000   -.10000
  -.20000000E+01  .82139267E+00
  -.19600000E+01  .50592100E+00
  -.19200000E+01 -.42165416E+00
  -.18800000E+01  .13920588E+03
  -.18400000E+01  .31365297E+01
  -.18000000E+01  .22435929E+01
  -.17600000E+01  .19340325E+01
  -.17200000E+01  .17716435E+01
  -.16800000E+01  .16682773E+01
  -.16400000E+01  .15944220E+01
  -.16000000E+01  .15373968E+01
  -.15600000E+01  .14908493E+01
  -.15200000E+01  .14512451E+01
  -.14800000E+01  .14164602E+01
  -.14400000E+01  .13851408E+01
  -.14000000E+01  .13563826E+01
  -.13600000E+01  .13295582E+01
  -.13200000E+01  .13042182E+01
  -.12800000E+01  .12800315E+01
  -.12400000E+01  .12567489E+01
  -.12000000E+01  .12341785E+01
  -.11600000E+01  .12121702E+01
  -.11200000E+01  .11906041E+01
  -.10800000E+01  .11693834E+01
  -.10400000E+01  .11484285E+01
  -.10000000E+01  .11276733E+01
  -.96000000E+00  .11070621E+01
  -.92000000E+00  .10865474E+01
  -.88000000E+00  .10660881E+01
  -.84000000E+00  .10456485E+01
  -.80000000E+00  .10251967E+01
  -.76000000E+00  .10047047E+01
  -.72000000E+00  .98414669E+00
  -.68000000E+00  .96349947E+00
  -.64000000E+00  .94274143E+00
  -.60000000E+00  .92185247E+00
  -.56000000E+00  .90081361E+00
  -.52000000E+00  .87960679E+00
  -.48000000E+00  .85821467E+00
  -.44000000E+00  .83662042E+00
  -.40000000E+00  .81480757E+00
  -.36000000E+00  .79275992E+00
  -.32000000E+00  .77046134E+00
  -.28000000E+00  .74789574E+00
  -.24000000E+00  .72504691E+00
  -.20000000E+00  .70189845E+00
  -.16000000E+00  .67843368E+00
  -.12000000E+00  .65463555E+00
  -.80000000E-01  .63048654E+00
  -.40000000E-01  .60596860E+00
   .12351231E-14  .58106306E+00
   .40000000E-01  .55575052E+00
   .80000000E-01  .53001079E+00
   .12000000E+00  .50382280E+00
   .16000000E+00  .47716446E+00
   .20000000E+00  .45001260E+00
   .24000000E+00  .42234285E+00
   .28000000E+00  .39412953E+00
   .32000000E+00  .36534550E+00
   .36000000E+00  .33596205E+00
   .40000000E+00  .30594873E+00
   .44000000E+00  .27527322E+00
   .48000000E+00  .24390111E+00
   .52000000E+00  .21179575E+00
   .56000000E+00  .17891801E+00
   .60000000E+00  .14522605E+00
   .64000000E+00  .11067508E+00
   .68000000E+00  .75217017E-01
   .72000000E+00  .38800233E-01
   .76000000E+00  .13691444E-02
   .80000000E+00 -.37136169E-01
   .84000000E+00 -.76780418E-01
   .88000000E+00 -.11763361E+00
   .92000000E+00 -.15977163E+00
   .96000000E+00 -.20327686E+00
   .10000000E+01 -.24823893E+00
   .10400000E+01 -.29475557E+00
   .10800000E+01 -.34293350E+00
   .11200000E+01 -.39288956E+00
   .11600000E+01 -.44475194E+00
   .12000000E+01 -.49866160E+00
   .12400000E+01 -.55477393E+00
   .12800000E+01 -.61326064E+00
   .13200000E+01 -.67431202E+00
   .13600000E+01 -.73813950E+00
   .14000000E+01 -.80497870E+00
   .14400000E+01 -.87509301E+00
   .14800000E+01 -.94877785E+00
   .15200000E+01 -.10263657E+01
   .15600000E+01 -.11082320E+01
   .16000000E+01 -.11948027E+01
   .16400000E+01 -.12865625E+01
   .16800000E+01 -.13840660E+01
   .17200000E+01 -.14879504E+01
   .17600000E+01 -.15989515E+01
   .18000000E+01 -.17179237E+01
   .18400000E+01 -.18458650E+01
   .18800000E+01 -.19839484E+01
   .19200000E+01 -.21335622E+01
   .19600000E+01 -.22963613E+01
   .20000000E+01 -.24743355E+01
Potential  L  =        2.00000   -.10000
  -.20000000E+01  .14483470E+01
  -.19600000E+01  .14351048E+01
  -.19200000E+01  .14217573E+01
  -.18800000E+01  .14083020E+01
  -.18400000E+01  .13947367E+01
  -.18000000E+01  .13810589E+01
  -.17600000E+01  .13672662E+01
  -.17200000E+01  .13533559E+01
  -.16800000E+01  .13393253E+01
  -.16400000E+01  .13251717E+01
  -.16000000E+01  .13108922E+01
  -.15600000E+01  .12964838E+01
  -.15200000E+01  .12819434E+01
  -.14800000E+01  .12672677E+01
  -.14400000E+01  .12524536E+01
  -.14000000E+01  .12374975E+01
  -.13600000E+01  .12223958E+01
  -.13200000E+01  .12071448E+01
  -.12800000E+01  .11917407E+01
  -.12400000E+01  .11761795E+01
  -.12000000E+01  .11604569E+01
  -.11600000E+01  .11445686E+01
  -.11200000E+01  .11285102E+01
  -.10800000E+01  .11122769E+01
  -.10400000E+01  .10958638E+01
  -.10000000E+01  .10792658E+01
  -.96000000E+00  .10624776E+01
  -.92000000E+00  .10454936E+01
  -.88000000E+00  .10283080E+01
  -.84000000E+00  .10109148E+01
  -.80000000E+00  .99330766E+00
  -.76000000E+00  .97547992E+00
  -.72000000E+00  .95742467E+00
  -.68000000E+00  .93913467E+00
  -.64000000E+00  .92060233E+00
  -.60000000E+00  .90181969E+00
  -.56000000E+00  .88277840E+00
  -.52000000E+00  .86346972E+00
  -.48000000E+00  .84388443E+00
  -.44000000E+00  .82401289E+00
  -.40000000E+00  .80384492E+00
  -.36000000E+00  .78336984E+00
  -.32000000E+00  .76257638E+00
  -.28000000E+00  .74145267E+00
  -.24000000E+00  .71998620E+00
  -.20000000E+00  .69816374E+00
  -.16000000E+00  .67597134E+00
  -.12000000E+00  .65339423E+00
  -.80000000E-01  .63041680E+00
  -.40000000E-01  .60702250E+00
   .12351231E-14  .58319378E+00
   .40000000E-01  .55891204E+00
   .80000000E-01  .53415749E+00
   .12000000E+00  .50890911E+00
   .16000000E+00  .48314452E+00
   .20000000E+00  .45683989E+00
   .24000000E+00  .42996976E+00
   .28000000E+00  .40250699E+00
   .32000000E+00  .37442253E+00
   .36000000E+00  .34568529E+00
   .40000000E+00  .31626195E+00
   .44000000E+00  .28611676E+00
   .48000000E+00  .25521128E+00
   .52000000E+00  .22350416E+00
   .56000000E+00  .19095084E+00
   .60000000E+00  .15750320E+00
   .64000000E+00  .12310925E+00
   .68000000E+00  .87712682E-01
   .72000000E+00  .51252423E-01
   .76000000E+00  .13662120E-01
   .80000000E+00 -.25130449E-01
   .84000000E+00 -.65204053E-01
   .88000000E+00 -.10664476E+00
   .92000000E+00 -.14954683E+00
   .96000000E+00 -.19401370E+00
   .10000000E+01 -.24015913E+00
   .10400000E+01 -.28810855E+00
   .10800000E+01 -.33800063E+00
   .11200000E+01 -.38998902E+00
   .11600000E+01 -.44424448E+00
   .12000000E+01 -.50095735E+00
   .12400000E+01 -.56034043E+00
   .12800000E+01 -.62263240E+00
   .13200000E+01 -.68810193E+00
   .13600000E+01 -.75705253E+00
   .14000000E+01 -.82982842E+00
   .14400000E+01 -.90682159E+00
   .14800000E+01 -.98848046E+00
   .15200000E+01 -.10753204E+01
   .15600000E+01 -.11679366E+01
   .16000000E+01 -.12670206E+01
   .16400000E+01 -.13733801E+01
   .16800000E+01 -.14879650E+01
   .17200000E+01 -.16118995E+01
   .17600000E+01 -.17465249E+01
   .18000000E+01 -.18934541E+01
   .18400000E+01 -.20546440E+01
   .18800000E+01 -.22324932E+01
   .19200000E+01 -.24299735E+01
   .19600000E+01 -.26508122E+01
   .20000000E+01 -.28997487E+01
Core Pot   L  =        3.00000   -.20000
  -.20000000E+01  .16465821E+01
  -.19600000E+01  .16346926E+01
  -.19200000E+01  .16227223E+01
  -.18800000E+01  .16106697E+01
  -.18400000E+01  .15985331E+01
  -.18000000E+01  .15863108E+01
  -.17600000E+01  .15740011E+01
  -.17200000E+01  .15616022E+01
  -.16800000E+01  .15491121E+01
  -.16400000E+01  .15365291E+01
  -.16000000E+01  .15238510E+01
  -.15600000E+01  .15110759E+01
  -.15200000E+01  .14982015E+01
  -.14800000E+01  .14852257E+01
  -.14400000E+01  .14721462E+01
  -.14000000E+01  .14589606E+01
  -.13600000E+01  .14456665E+01
  -.13200000E+01  .14322612E+01
  -.12800000E+01  .14187422E+01
  -.12400000E+01  .14051066E+01
  -.12000000E+01  .13913517E+01
  -.11600000E+01  .13774744E+01
  -.11200000E+01  .13634717E+01
  -.10800000E+01  .13493403E+01
  -.10400000E+01  .13350769E+01
  -.10000000E+01  .13206780E+01
  -.96000000E+00  .13061400E+01
  -.92000000E+00  .12914590E+01
  -.88000000E+00  .12766312E+01
  -.84000000E+00  .12616523E+01
  -.80000000E+00  .12465181E+01
  -.76000000E+00  .12312240E+01
  -.72000000E+00  .12157654E+01
  -.68000000E+00  .12001372E+01
  -.64000000E+00  .11843343E+01
  -.60000000E+00  .11683514E+01
  -.56000000E+00  .11521825E+01
  -.52000000E+00  .11358219E+01
  -.48000000E+00  .11192632E+01
  -.44000000E+00  .11024997E+01
  -.40000000E+00  .10855246E+01
  -.36000000E+00  .10683305E+01
  -.32000000E+00  .10509097E+01
  -.28000000E+00  .10332541E+01
  -.24000000E+00  .10153549E+01
  -.20000000E+00  .99720317E+00
  -.16000000E+00  .97878921E+00
  -.12000000E+00  .96010282E+00
  -.80000000E-01  .94113319E+00
  -.40000000E-01  .92186881E+00
   .12351231E-14  .90229747E+00
   .40000000E-01  .88240619E+00
   .80000000E-01  .86218111E+00
   .12000000E+00  .84160747E+00
   .16000000E+00  .82066950E+00
   .20000000E+00  .79935034E+00
   .24000000E+00  .77763193E+00
   .28000000E+00  .75549490E+00
   .32000000E+00  .73291844E+00
   .36000000E+00  .70988020E+00
   .40000000E+00  .68635606E+00
   .44000000E+00  .66232002E+00
   .48000000E+00  .63774396E+00
   .52000000E+00  .61259744E+00
   .56000000E+00  .58684743E+00
   .60000000E+00  .56045802E+00
   .64000000E+00  .53339012E+00
   .68000000E+00  .50560104E+00
   .72000000E+00  .47704408E+00
   .76000000E+00  .44766805E+00
   .80000000E+00  .41741669E+00
   .84000000E+00  .38622800E+00
   .88000000E+00  .35403347E+00
   .92000000E+00  .32075723E+00
   .96000000E+00  .28631495E+00
   .10000000E+01  .25061263E+00
   .10400000E+01  .21354517E+00
   .10800000E+01  .17499465E+00
   .11200000E+01  .13482821E+00
   .11600000E+01  .92895683E-01
   .12000000E+01  .49026550E-01
   .12400000E+01  .30263814E-02
   .12800000E+01 -.45327586E-01
   .13200000E+01 -.96291853E-01
   .13600000E+01 -.15016336E+00
   .14000000E+01 -.20728788E+00
   .14400000E+01 -.26807053E+00
   .14800000E+01 -.33298922E+00
   .15200000E+01 -.40261187E+00
   .15600000E+01 -.47761876E+00
   .16000000E+01 -.55883195E+00
   .16400000E+01 -.64725443E+00
   .16800000E+01 -.74412300E+00
   .17200000E+01 -.85098088E+00
   .17600000E+01 -.96977917E+00
   .18000000E+01 -.11030216E+01
   .18400000E+01 -.12539753E+01
   .18800000E+01 -.14269869E+01
   .19200000E+01 -.16279687E+01
   .19600000E+01 -.18651744E+01
   .20000000E+01 -.21504870E+01
Potential  L  =        3.00000   -.20000
  -.20000000E+01  .16483717E+01
  -.19600000E+01  .16363977E+01
  -.19200000E+01  .16243420E+01
  -.18800000E+01  .16122031E+01
  -.18400000E+01  .15999793E+01
  -.18000000E+01  .15876690E+01
  -.17600000E+01  .15752706E+01
  -.17200000E+01  .15627822E+01
  -.16800000E+01  .15502021E+01
  -.16400000E+01  .15375284E+01
  -.16000000E+01  .15247593E+01
  -.15600000E+01  .15118926E+01
  -.15200000E+01  .14989265E+01
  -.14800000E+01  .14858587E+01
  -.14400000E+01  .14726871E+01
  -.14000000E+01  .14594096E+01
  -.13600000E+01  .14460237E+01
  -.13200000E+01  .14325270E+01
  -.12800000E+01  .14189172E+01
  -.12400000E+01  .14051916E+01
  -.12000000E+01  .13913475E+01
  -.11600000E+01  .13773824E+01
  -.11200000E+01  .13632932E+01
  -.10800000E+01  .13490771E+01
  -.10400000E+01  .13347310E+01
  -.10000000E+01  .13202517E+01
  -.96000000E+00  .13056361E+01
  -.92000000E+00  .12908806E+01
  -.88000000E+00  .12759818E+01
  -.84000000E+00  .12609361E+01
  -.80000000E+00  .12457395E+01
  -.76000000E+00  .12303882E+01
  -.72000000E+00  .12148781E+01
  -.68000000E+00  .11992049E+01
  -.64000000E+00  .11833641E+01
  -.60000000E+00  .11673512E+01
  -.56000000E+00  .11511613E+01
  -.52000000E+00  .11347895E+01
  -.48000000E+00  .11182304E+01
  -.44000000E+00  .11014787E+01
  -.40000000E+00  .10845286E+01
  -.36000000E+00  .10673742E+01
  -.32000000E+00  .10500094E+01
  -.28000000E+00  .10324276E+01
  -.24000000E+00  .10146221E+01
  -.20000000E+00  .99658571E+00
  -.16000000E+00  .97831113E+00
  -.12000000E+00  .95979052E+00
  -.80000000E-01  .94101575E+00
  -.40000000E-01  .92197828E+00
   .12351231E-14  .90266913E+00
   .40000000E-01  .88307888E+00
   .80000000E-01  .86319765E+00
   .12000000E+00  .84301502E+00
   .16000000E+00  .82252004E+00
   .20000000E+00  .80170117E+00
   .24000000E+00  .78054627E+00
   .28000000E+00  .75904252E+00
   .32000000E+00  .73717638E+00
   .36000000E+00  .71493356E+00
   .40000000E+00  .69229895E+00
   .44000000E+00  .66925656E+00
   .48000000E+00  .64578946E+00
   .52000000E+00  .62187969E+00
   .56000000E+00  .59750821E+00
   .60000000E+00  .57265481E+00
   .64000000E+00  .54729796E+00
   .68000000E+00  .52141481E+00
   .72000000E+00  .49498097E+00
   .76000000E+00  .46797045E+00
   .80000000E+00  .44035552E+00
   .84000000E+00  .41210650E+00
   .88000000E+00  .38319168E+00
   .92000000E+00  .35357705E+00
   .96000000E+00  .32322615E+00
   .10000000E+01  .29209979E+00
   .10400000E+01  .26015584E+00
   .10800000E+01  .22734890E+00
   .11200000E+01  .19363002E+00
   .11600000E+01  .15894630E+00
   .12000000E+01  .12324049E+00
   .12400000E+01  .86450562E-01
   .12800000E+01  .48509151E-01
   .13200000E+01  .93429967E-02
   .13600000E+01 -.31127734E-01
   .14000000E+01 -.72990200E-01
   .14400000E+01 -.11633976E+00
   .14800000E+01 -.16128094E+00
   .15200000E+01 -.20792863E+00
   .15600000E+01 -.25640930E+00
   .16000000E+01 -.30686263E+00
   .16400000E+01 -.35944320E+00
   .16800000E+01 -.41432254E+00
   .17200000E+01 -.47169161E+00
   .17600000E+01 -.53176354E+00
   .18000000E+01 -.59477701E+00
   .18400000E+01 -.66100020E+00
   .18800000E+01 -.73073551E+00
   .19200000E+01 -.80432519E+00
   .19600000E+01 -.88215815E+00
   .20000000E+01 -.96467825E+00
Core Pot   L  =        4.00000    .00000
  -.20000000E+01  .19475936E+01
  -.19600000E+01  .19377398E+01
  -.19200000E+01  .19278420E+01
  -.18800000E+01  .19178996E+01
  -.18400000E+01  .19079120E+01
  -.18000000E+01  .18978788E+01
  -.17600000E+01  .18877993E+01
  -.17200000E+01  .18776730E+01
  -.16800000E+01  .18674992E+01
  -.16400000E+01  .18572773E+01
  -.16000000E+01  .18470067E+01
  -.15600000E+01  .18366868E+01
  -.15200000E+01  .18263169E+01
  -.14800000E+01  .18158964E+01
  -.14400000E+01  .18054245E+01
  -.14000000E+01  .17949006E+01
  -.13600000E+01  .17843240E+01
  -.13200000E+01  .17736940E+01
  -.12800000E+01  .17630098E+01
  -.12400000E+01  .17522706E+01
  -.12000000E+01  .17414758E+01
  -.11600000E+01  .17306244E+01
  -.11200000E+01  .17197158E+01
  -.10800000E+01  .17087491E+01
  -.10400000E+01  .16977234E+01
  -.10000000E+01  .16866379E+01
  -.96000000E+00  .16754918E+01
  -.92000000E+00  .16642841E+01
  -.88000000E+00  .16530138E+01
  -.84000000E+00  .16416802E+01
  -.80000000E+00  .16302821E+01
  -.76000000E+00  .16188187E+01
  -.72000000E+00  .16072889E+01
  -.68000000E+00  .15956917E+01
  -.64000000E+00  .15840261E+01
  -.60000000E+00  .15722909E+01
  -.56000000E+00  .15604851E+01
  -.52000000E+00  .15486074E+01
  -.48000000E+00  .15366569E+01
  -.44000000E+00  .15246322E+01
  -.40000000E+00  .15125322E+01
  -.36000000E+00  .15003555E+01
  -.32000000E+00  .14881010E+01
  -.28000000E+00  .14757673E+01
  -.24000000E+00  .14633531E+01
  -.20000000E+00  .14508569E+01
  -.16000000E+00  .14382774E+01
  -.12000000E+00  .14256131E+01
  -.80000000E-01  .14128624E+01
  -.40000000E-01  .14000240E+01
   .12351231E-14  .13870961E+01
   .40000000E-01  .13740772E+01
   .80000000E-01  .13609656E+01
   .12000000E+00  .13477595E+01
   .16000000E+00  .13344573E+01
   .20000000E+00  .13210571E+01
   .24000000E+00  .13075570E+01
   .28000000E+00  .12939552E+01
   .32000000E+00  .12802496E+01
   .36000000E+00  .12664383E+01
   .40000000E+00  .12525190E+01
   .44000000E+00  .12384898E+01
   .48000000E+00  .12243484E+01
   .52000000E+00  .12100924E+01
   .56000000E+00  .11957195E+01
   .60000000E+00  .11812274E+01
   .64000000E+00  .11666134E+01
   .68000000E+00  .11518751E+01
   .72000000E+00  .11370097E+01
   .76000000E+00  .11220145E+01
   .80000000E+00  .11068866E+01
   .84000000E+00  .10916232E+01
   .88000000E+00  .10762212E+01
   .92000000E+00  .10606774E+01
   .96000000E+00  .10449887E+01
   .10000000E+01  .10291516E+01
   .10400000E+01  .10131628E+01
   .10800000E+01  .99701861E+00
   .11200000E+01  .98071534E+00
   .11600000E+01  .96424917E+00
   .12000000E+01  .94761611E+00
   .12400000E+01  .93081205E+00
   .12800000E+01  .91383271E+00
   .13200000E+01  .89667366E+00
   .13600000E+01  .87933031E+00
   .14000000E+01  .86179789E+00
   .14400000E+01  .84407145E+00
   .14800000E+01  .82614585E+00
   .15200000E+01  .80801575E+00
   .15600000E+01  .78967559E+00
   .16000000E+01  .77111960E+00
   .16400000E+01  .75234179E+00
   .16800000E+01  .73333588E+00
   .17200000E+01  .71409538E+00
   .17600000E+01  .69461350E+00
   .18000000E+01  .67488317E+00
   .18400000E+01  .65489703E+00
   .18800000E+01  .63464739E+00
   .19200000E+01  .61412621E+00
   .19600000E+01  .59332512E+00
   .20000000E+01  .57223536E+00
Potential  L  =        4.00000    .00000
  -.20000000E+01  .19517101E+01
  -.19600000E+01  .19418031E+01
  -.19200000E+01  .19318513E+01
  -.18800000E+01  .19218537E+01
  -.18400000E+01  .19118098E+01
  -.18000000E+01  .19017187E+01
  -.17600000E+01  .18915790E+01
  -.17200000E+01  .18813925E+01
  -.16800000E+01  .18711577E+01
  -.16400000E+01  .18608722E+01
  -.16000000E+01  .18505371E+01
  -.15600000E+01  .18401507E+01
  -.15200000E+01  .18297128E+01
  -.14800000E+01  .18192232E+01
  -.14400000E+01  .18086804E+01
  -.14000000E+01  .17980828E+01
  -.13600000E+01  .17874328E+01
  -.13200000E+01  .17767256E+01
  -.12800000E+01  .17659649E+01
  -.12400000E+01  .17551456E+01
  -.12000000E+01  .17442690E+01
  -.11600000E+01  .17333344E+01
  -.11200000E+01  .17223393E+01
  -.10800000E+01  .17112860E+01
  -.10400000E+01  .17001698E+01
  -.10000000E+01  .16889937E+01
  -.96000000E+00  .16777525E+01
  -.92000000E+00  .16664497E+01
  -.88000000E+00  .16550807E+01
  -.84000000E+00  .16436461E+01
  -.80000000E+00  .16321450E+01
  -.76000000E+00  .16205757E+01
  -.72000000E+00  .16089376E+01
  -.68000000E+00  .15972293E+01
  -.64000000E+00  .15854494E+01
  -.60000000E+00  .15735982E+01
  -.56000000E+00  .15616732E+01
  -.52000000E+00  .15496735E+01
  -.48000000E+00  .15375975E+01
  -.44000000E+00  .15254445E+01
  -.40000000E+00  .15132130E+01
  -.36000000E+00  .15009014E+01
  -.32000000E+00  .14885088E+01
  -.28000000E+00  .14760332E+01
  -.24000000E+00  .14634738E+01
  -.20000000E+00  .14508285E+01
  -.16000000E+00  .14380956E+01
  -.12000000E+00  .14252754E+01
  -.80000000E-01  .14123643E+01
  -.40000000E-01  .13993610E+01
   .12351231E-14  .13862643E+01
   .40000000E-01  .13730720E+01
   .80000000E-01  .13597825E+01
   .12000000E+00  .13463939E+01
   .16000000E+00  .13329044E+01
   .20000000E+00  .13193120E+01
   .24000000E+00  .13056147E+01
   .28000000E+00  .12918104E+01
   .32000000E+00  .12778970E+01
   .36000000E+00  .12638722E+01
   .40000000E+00  .12497338E+01
   .44000000E+00  .12354795E+01
   .48000000E+00  .12211068E+01
   .52000000E+00  .12066133E+01
   .56000000E+00  .11919964E+01
   .60000000E+00  .11772536E+01
   .64000000E+00  .11623819E+01
   .68000000E+00  .11473788E+01
   .72000000E+00  .11322412E+01
   .76000000E+00  .11169661E+01
   .80000000E+00  .11015505E+01
   .84000000E+00  .10859911E+01
   .88000000E+00  .10702846E+01
   .92000000E+00  .10544277E+01
   .96000000E+00  .10384168E+01
   .10000000E+01  .10222481E+01
   .10400000E+01  .10059180E+01
   .10800000E+01  .98942255E+00
   .11200000E+01  .97275758E+00
   .11600000E+01  .95591894E+00
   .12000000E+01  .93890226E+00
   .12400000E+01  .92170301E+00
   .12800000E+01  .90431651E+00
   .13200000E+01  .88673784E+00
   .13600000E+01  .86896197E+00
   .14000000E+01  .85098364E+00
   .14400000E+01  .83279739E+00
   .14800000E+01  .81439755E+00
   .15200000E+01  .79577822E+00
   .15600000E+01  .77693325E+00
   .16000000E+01  .75785627E+00
   .16400000E+01  .73854063E+00
   .16800000E+01  .71897939E+00
   .17200000E+01  .69916533E+00
   .17600000E+01  .67909094E+00
   .18000000E+01  .65874836E+00
   .18400000E+01  .63812940E+00
   .18800000E+01  .61722552E+00
   .19200000E+01  .59602775E+00
   .19600000E+01  .57452677E+00
   .20000000E+01  .55271281E+00
KBPotential  L  =       .00000  -1.58525
  -.20000000E+01  .90259583E+00
  -.19600000E+01  .87802301E+00
  -.19200000E+01  .85280880E+00
  -.18800000E+01  .82691329E+00
  -.18400000E+01  .80029300E+00
  -.18000000E+01  .77290042E+00
  -.17600000E+01  .74468359E+00
  -.17200000E+01  .71558550E+00
  -.16800000E+01  .68554348E+00
  -.16400000E+01  .65448851E+00
  -.16000000E+01  .62234432E+00
  -.15600000E+01  .58902644E+00
  -.15200000E+01  .55444107E+00
  -.14800000E+01  .51848374E+00
  -.14400000E+01  .48103772E+00
  -.14000000E+01  .44197217E+00
  -.13600000E+01  .40113994E+00
  -.13200000E+01  .35837493E+00
  -.12800000E+01  .31348888E+00
  -.12400000E+01  .26626763E+00
  -.12000000E+01  .21646639E+00
  -.11600000E+01  .16380408E+00
  -.11200000E+01  .10795635E+00
  -.10800000E+01  .48546875E-01
  -.10400000E+01 -.14863542E-01
  -.10000000E+01 -.82790653E-01
  -.96000000E+00 -.15584427E+00
  -.92000000E+00 -.23475076E+00
  -.88000000E+00 -.32038234E+00
  -.84000000E+00 -.41379564E+00
  -.80000000E+00 -.51628329E+00
  -.76000000E+00 -.62944366E+00
  -.72000000E+00 -.75527711E+00
  -.68000000E+00 -.89632091E+00
  -.64000000E+00 -.10558424E+01
  -.60000000E+00 -.12381221E+01
  -.56000000E+00 -.14488797E+01
  -.52000000E+00 -.16959343E+01
  -.48000000E+00 -.19902655E+01
  -.44000000E+00 -.23477900E+01
  -.40000000E+00 -.27924884E+01
  -.36000000E+00 -.33622532E+01
  -.32000000E+00 -.41206897E+01
  -.28000000E+00 -.51833825E+01
  -.24000000E+00 -.67846288E+01
  -.20000000E+00 -.94825023E+01
  -.16000000E+00 -.15013351E+02
  -.12000000E+00 -.32877722E+02
  -.80000000E-01  .28776927E+03
  -.40000000E-01  .28274741E+02
   .12351231E-14  .15262742E+02
   .40000000E-01  .10621101E+02
   .80000000E-01  .82332272E+01
   .12000000E+00  .67747233E+01
   .16000000E+00  .57888711E+01
   .20000000E+00  .50760594E+01
   .24000000E+00  .45351829E+01
   .28000000E+00  .41095503E+01
   .32000000E+00  .37649094E+01
   .36000000E+00  .34793438E+01
   .40000000E+00  .32381784E+01
   .44000000E+00  .30312158E+01
   .48000000E+00  .28511500E+01
   .52000000E+00  .26926086E+01
   .56000000E+00  .25515527E+01
   .60000000E+00  .24248871E+01
   .64000000E+00  .23101997E+01
   .68000000E+00  .22055826E+01
   .72000000E+00  .21095068E+01
   .76000000E+00  .20207323E+01
   .80000000E+00  .19382426E+01
   .84000000E+00  .18611967E+01
   .88000000E+00  .17888921E+01
   .92000000E+00  .17207378E+01
   .96000000E+00  .16562324E+01
   .10000000E+01  .15949479E+01
   .10400000E+01  .15365161E+01
   .10800000E+01  .14806192E+01
   .11200000E+01  .14269803E+01
   .11600000E+01  .13753577E+01
   .12000000E+01  .13255388E+01
   .12400000E+01  .12773360E+01
   .12800000E+01  .12305828E+01
   .13200000E+01  .11851309E+01
   .13600000E+01  .11408474E+01
   .14000000E+01  .10976131E+01
   .14400000E+01  .10553202E+01
   .14800000E+01  .10138710E+01
   .15200000E+01  .97317668E+00
   .15600000E+01  .93315604E+00
   .16000000E+01  .89373458E+00
   .16400000E+01  .85484364E+00
   .16800000E+01  .81641971E+00
   .17200000E+01  .77840379E+00
   .17600000E+01  .74074082E+00
   .18000000E+01  .70337921E+00
   .18400000E+01  .66627038E+00
   .18800000E+01  .62936841E+00
   .19200000E+01  .59262965E+00
   .19600000E+01  .55601244E+00
   .20000000E+01  .51947681E+00
KBPotential  L  =      1.00000   -.56950
  -.20000000E+01  .11251200E+01
  -.19600000E+01  .11070313E+01
  -.19200000E+01  .10886762E+01
  -.18800000E+01  .10700445E+01
  -.18400000E+01  .10511257E+01
  -.18000000E+01  .10319087E+01
  -.17600000E+01  .10123817E+01
  -.17200000E+01  .99253212E+00
  -.16800000E+01  .97234679E+00
  -.16400000E+01  .95181167E+00
  -.16000000E+01  .93091188E+00
  -.15600000E+01  .90963160E+00
  -.15200000E+01  .88795401E+00
  -.14800000E+01  .86586121E+00
  -.14400000E+01  .84333413E+00
  -.14000000E+01  .82035241E+00
  -.13600000E+01  .79689432E+00
  -.13200000E+01  .77293663E+00
  -.12800000E+01  .74845444E+00
  -.12400000E+01  .72342109E+00
  -.12000000E+01  .69780795E+00
  -.11600000E+01  .67158424E+00
  -.11200000E+01  .64471685E+00
  -.10800000E+01  .61717008E+00
  -.10400000E+01  .58890538E+00
  -.10000000E+01  .55988108E+00
  -.96000000E+00  .53005206E+00
  -.92000000E+00  .49936936E+00
  -.88000000E+00  .46777976E+00
  -.84000000E+00  .43522533E+00
  -.80000000E+00  .40164288E+00
  -.76000000E+00  .36696333E+00
  -.72000000E+00  .33111101E+00
  -.68000000E+00  .29400286E+00
  -.64000000E+00  .25554747E+00
  -.60000000E+00  .21564405E+00
  -.56000000E+00  .17418111E+00
  -.52000000E+00  .13103507E+00
  -.48000000E+00  .86068518E-01
  -.44000000E+00  .39128235E-01
  -.40000000E+00 -.99571785E-02
  -.36000000E+00 -.61380081E-01
  -.32000000E+00 -.11535711E+00
  -.28000000E+00 -.17213314E+00
  -.24000000E+00 -.23198609E+00
  -.20000000E+00 -.29523265E+00
  -.16000000E+00 -.36223539E+00
  -.12000000E+00 -.43341132E+00
  -.80000000E-01 -.50924257E+00
  -.40000000E-01 -.59028965E+00
   .12351231E-14 -.67720808E+00
   .40000000E-01 -.77076944E+00
   .80000000E-01 -.87188829E+00
   .12000000E+00 -.98165696E+00
   .16000000E+00 -.11013909E+01
   .20000000E+00 -.12326891E+01
   .24000000E+00 -.13775144E+01
   .28000000E+00 -.15383036E+01
   .32000000E+00 -.17181200E+01
   .36000000E+00 -.19208683E+01
   .40000000E+00 -.21516052E+01
   .44000000E+00 -.24169980E+01
   .48000000E+00 -.27260217E+01
   .52000000E+00 -.30910525E+01
   .56000000E+00 -.35296471E+01
   .60000000E+00 -.40675717E+01
   .64000000E+00 -.47442350E+01
   .68000000E+00 -.56230972E+01
   .72000000E+00 -.68133211E+01
   .76000000E+00 -.85199530E+01
   .80000000E+00 -.11178820E+02
   .84000000E+00 -.15908346E+02
   .88000000E+00 -.26705927E+02
   .92000000E+00 -.76435161E+02
   .96000000E+00  .96728272E+02
   .10000000E+01  .30376778E+02
   .10400000E+01  .18263787E+02
   .10800000E+01  .13171619E+02
   .11200000E+01  .10362868E+02
   .11600000E+01  .85796270E+01
   .12000000E+01  .73445562E+01
   .12400000E+01  .64367401E+01
   .12800000E+01  .57398852E+01
   .13200000E+01  .51869418E+01
   .13600000E+01  .47365333E+01
   .14000000E+01  .43617414E+01
   .14400000E+01  .40442978E+01
   .14800000E+01  .37713674E+01
   .15200000E+01  .35336680E+01
   .15600000E+01  .33243197E+01
   .16000000E+01  .31381150E+01
   .16400000E+01  .29710391E+01
   .16800000E+01  .28199468E+01
   .17200000E+01  .26823385E+01
   .17600000E+01  .25562027E+01
   .18000000E+01  .24399018E+01
   .18400000E+01  .23320889E+01
   .18800000E+01  .22316459E+01
   .19200000E+01  .21376363E+01
   .19600000E+01  .20492698E+01
   .20000000E+01  .19658743E+01
KBPotential  L  =      2.00000   -.20000
  -.20000000E+01  .14578658E+01
  -.19600000E+01  .14447050E+01
  -.19200000E+01  .14314372E+01
  -.18800000E+01  .14180599E+01
  -.18400000E+01  .14045704E+01
  -.18000000E+01  .13909663E+01
  -.17600000E+01  .13772445E+01
  -.17200000E+01  .13634024E+01
  -.16800000E+01  .13494368E+01
  -.16400000E+01  .13353447E+01
  -.16000000E+01  .13211228E+01
  -.15600000E+01  .13067677E+01
  -.15200000E+01  .12922760E+01
  -.14800000E+01  .12776439E+01
  -.14400000E+01  .12628676E+01
  -.14000000E+01  .12479432E+01
  -.13600000E+01  .12328665E+01
  -.13200000E+01  .12176332E+01
  -.12800000E+01  .12022386E+01
  -.12400000E+01  .11866782E+01
  -.12000000E+01  .11709468E+01
  -.11600000E+01  .11550394E+01
  -.11200000E+01  .11389504E+01
  -.10800000E+01  .11226741E+01
  -.10400000E+01  .11062046E+01
  -.10000000E+01  .10895356E+01
  -.96000000E+00  .10726604E+01
  -.92000000E+00  .10555721E+01
  -.88000000E+00  .10382634E+01
  -.84000000E+00  .10207266E+01
  -.80000000E+00  .10029535E+01
  -.76000000E+00  .98493553E+00
  -.72000000E+00  .96666370E+00
  -.68000000E+00  .94812841E+00
  -.64000000E+00  .92931953E+00
  -.60000000E+00  .91022633E+00
  -.56000000E+00  .89083746E+00
  -.52000000E+00  .87114084E+00
  -.48000000E+00  .85112365E+00
  -.44000000E+00  .83077227E+00
  -.40000000E+00  .81007218E+00
  -.36000000E+00  .78900791E+00
  -.32000000E+00  .76756297E+00
  -.28000000E+00  .74571969E+00
  -.24000000E+00  .72345923E+00
  -.20000000E+00  .70076134E+00
  -.16000000E+00  .67760435E+00
  -.12000000E+00  .65396494E+00
  -.80000000E-01  .62981805E+00
  -.40000000E-01  .60513665E+00
   .12351231E-14  .57989157E+00
   .40000000E-01  .55405130E+00
   .80000000E-01  .52758168E+00
   .12000000E+00  .50044567E+00
   .16000000E+00  .47260300E+00
   .20000000E+00  .44400982E+00
   .24000000E+00  .41461829E+00
   .28000000E+00  .38437605E+00
   .32000000E+00  .35322576E+00
   .36000000E+00  .32110440E+00
   .40000000E+00  .28794258E+00
   .44000000E+00  .25366369E+00
   .48000000E+00  .21818293E+00
   .52000000E+00  .18140614E+00
   .56000000E+00  .14322849E+00
   .60000000E+00  .10353291E+00
   .64000000E+00  .62188190E-01
   .68000000E+00  .19046799E-01
   .72000000E+00 -.26057791E-01
   .76000000E+00 -.73314274E-01
   .80000000E+00 -.12293736E+00
   .84000000E+00 -.17517246E+00
   .88000000E+00 -.23030140E+00
   .92000000E+00 -.28864949E+00
   .96000000E+00 -.35059432E+00
   .10000000E+01 -.41657669E+00
   .10400000E+01 -.48711455E+00
   .10800000E+01 -.56282071E+00
   .11200000E+01 -.64442561E+00
   .11600000E+01 -.73280717E+00
   .12000000E+01 -.82903004E+00
   .12400000E+01 -.93439815E+00
   .12800000E+01 -.10505261E+01
   .13200000E+01 -.11794378E+01
   .13600000E+01 -.13237051E+01
   .14000000E+01 -.14866467E+01
   .14400000E+01 -.16726214E+01
   .14800000E+01 -.18874699E+01
   .15200000E+01 -.21392041E+01
   .15600000E+01 -.24391195E+01
   .16000000E+01 -.28036705E+01
   .16400000E+01 -.32577967E+01
   .16800000E+01 -.38412026E+01
   .17200000E+01 -.46211846E+01
   .17600000E+01 -.57216429E+01
   .18000000E+01 -.73984448E+01
   .18400000E+01 -.10278898E+02
   .18800000E+01 -.16419770E+02
   .19200000E+01 -.38769436E+02
   .19600000E+01  .12143423E+03
   .20000000E+01  .24176963E+02
KBPotential  L  =      3.00000    .00000
  -.20000000E+01  .16483717E+01
  -.19600000E+01  .16363977E+01
  -.19200000E+01  .16243420E+01
  -.18800000E+01  .16122031E+01
  -.18400000E+01  .15999793E+01
  -.18000000E+01  .15876690E+01
  -.17600000E+01  .15752706E+01
  -.17200000E+01  .15627822E+01
  -.16800000E+01  .15502021E+01
  -.16400000E+01  .15375284E+01
  -.16000000E+01  .15247593E+01
  -.15600000E+01  .15118926E+01
  -.15200000E+01  .14989265E+01
  -.14800000E+01  .14858587E+01
  -.14400000E+01  .14726871E+01
  -.14000000E+01  .14594096E+01
  -.13600000E+01  .14460237E+01
  -.13200000E+01  .14325270E+01
  -.12800000E+01  .14189172E+01
  -.12400000E+01  .14051916E+01
  -.12000000E+01  .13913475E+01
  -.11600000E+01  .13773824E+01
  -.11200000E+01  .13632932E+01
  -.10800000E+01  .13490771E+01
  -.10400000E+01  .13347310E+01
  -.10000000E+01  .13202517E+01
  -.96000000E+00  .13056361E+01
  -.92000000E+00  .12908806E+01
  -.88000000E+00  .12759818E+01
  -.84000000E+00  .12609361E+01
  -.80000000E+00  .12457395E+01
  -.76000000E+00  .12303882E+01
  -.72000000E+00  .12148781E+01
  -.68000000E+00  .11992049E+01
  -.64000000E+00  .11833641E+01
  -.60000000E+00  .11673512E+01
  -.56000000E+00  .11511613E+01
  -.52000000E+00  .11347895E+01
  -.48000000E+00  .11182304E+01
  -.44000000E+00  .11014787E+01
  -.40000000E+00  .10845286E+01
  -.36000000E+00  .10673742E+01
  -.32000000E+00  .10500094E+01
  -.28000000E+00  .10324276E+01
  -.24000000E+00  .10146221E+01
  -.20000000E+00  .99658571E+00
  -.16000000E+00  .97831113E+00
  -.12000000E+00  .95979052E+00
  -.80000000E-01  .94101575E+00
  -.40000000E-01  .92197828E+00
   .12351231E-14  .90266913E+00
   .40000000E-01  .88307888E+00
   .80000000E-01  .86319765E+00
   .12000000E+00  .84301502E+00
   .16000000E+00  .82252004E+00
   .20000000E+00  .80170117E+00
   .24000000E+00  .78054627E+00
   .28000000E+00  .75904252E+00
   .32000000E+00  .73717638E+00
   .36000000E+00  .71493356E+00
   .40000000E+00  .69229895E+00
   .44000000E+00  .66925656E+00
   .48000000E+00  .64578946E+00
   .52000000E+00  .62187969E+00
   .56000000E+00  .59750821E+00
   .60000000E+00  .57265481E+00
   .64000000E+00  .54729796E+00
   .68000000E+00  .52141481E+00
   .72000000E+00  .49498097E+00
   .76000000E+00  .46797045E+00
   .80000000E+00  .44035552E+00
   .84000000E+00  .41210650E+00
   .88000000E+00  .38319168E+00
   .92000000E+00  .35357705E+00
   .96000000E+00  .32322615E+00
   .10000000E+01  .29209979E+00
   .10400000E+01  .26015584E+00
   .10800000E+01  .22734890E+00
   .11200000E+01  .19363002E+00
   .11600000E+01  .15894630E+00
   .12000000E+01  .12324049E+00
   .12400000E+01  .86450562E-01
   .12800000E+01  .48509151E-01
   .13200000E+01  .93429967E-02
   .13600000E+01 -.31127734E-01
   .14000000E+01 -.72990200E-01
   .14400000E+01 -.11633976E+00
   .14800000E+01 -.16128094E+00
   .15200000E+01 -.20792863E+00
   .15600000E+01 -.25640930E+00
   .16000000E+01 -.30686263E+00
   .16400000E+01 -.35944320E+00
   .16800000E+01 -.41432254E+00
   .17200000E+01 -.47169161E+00
   .17600000E+01 -.53176354E+00
   .18000000E+01 -.59477701E+00
   .18400000E+01 -.66100020E+00
   .18800000E+01 -.73073551E+00
   .19200000E+01 -.80432519E+00
   .19600000E+01 -.88215815E+00
   .20000000E+01 -.96467825E+00
KBPotential  L  =      4.00000    .00000
  -.20000000E+01  .19517101E+01
  -.19600000E+01  .19418031E+01
  -.19200000E+01  .19318513E+01
  -.18800000E+01  .19218537E+01
  -.18400000E+01  .19118098E+01
  -.18000000E+01  .19017187E+01
  -.17600000E+01  .18915790E+01
  -.17200000E+01  .18813925E+01
  -.16800000E+01  .18711577E+01
  -.16400000E+01  .18608722E+01
  -.16000000E+01  .18505371E+01
  -.15600000E+01  .18401507E+01
  -.15200000E+01  .18297128E+01
  -.14800000E+01  .18192232E+01
  -.14400000E+01  .18086804E+01
  -.14000000E+01  .17980828E+01
  -.13600000E+01  .17874328E+01
  -.13200000E+01  .17767256E+01
  -.12800000E+01  .17659649E+01
  -.12400000E+01  .17551456E+01
  -.12000000E+01  .17442690E+01
  -.11600000E+01  .17333344E+01
  -.11200000E+01  .17223393E+01
  -.10800000E+01  .17112860E+01
  -.10400000E+01  .17001698E+01
  -.10000000E+01  .16889937E+01
  -.96000000E+00  .16777525E+01
  -.92000000E+00  .16664497E+01
  -.88000000E+00  .16550807E+01
  -.84000000E+00  .16436461E+01
  -.80000000E+00  .16321450E+01
  -.76000000E+00  .16205757E+01
  -.72000000E+00  .16089376E+01
  -.68000000E+00  .15972293E+01
  -.64000000E+00  .15854494E+01
  -.60000000E+00  .15735982E+01
  -.56000000E+00  .15616732E+01
  -.52000000E+00  .15496735E+01
  -.48000000E+00  .15375975E+01
  -.44000000E+00  .15254445E+01
  -.40000000E+00  .15132130E+01
  -.36000000E+00  .15009014E+01
  -.32000000E+00  .14885088E+01
  -.28000000E+00  .14760332E+01
  -.24000000E+00  .14634738E+01
  -.20000000E+00  .14508285E+01
  -.16000000E+00  .14380956E+01
  -.12000000E+00  .14252754E+01
  -.80000000E-01  .14123643E+01
  -.40000000E-01  .13993610E+01
   .12351231E-14  .13862643E+01
   .40000000E-01  .13730720E+01
   .80000000E-01  .13597825E+01
   .12000000E+00  .13463939E+01
   .16000000E+00  .13329044E+01
   .20000000E+00  .13193120E+01
   .24000000E+00  .13056147E+01
   .28000000E+00  .12918104E+01
   .32000000E+00  .12778970E+01
   .36000000E+00  .12638722E+01
   .40000000E+00  .12497338E+01
   .44000000E+00  .12354795E+01
   .48000000E+00  .12211068E+01
   .52000000E+00  .12066133E+01
   .56000000E+00  .11919964E+01
   .60000000E+00  .11772536E+01
   .64000000E+00  .11623819E+01
   .68000000E+00  .11473788E+01
   .72000000E+00  .11322412E+01
   .76000000E+00  .11169661E+01
   .80000000E+00  .11015505E+01
   .84000000E+00  .10859911E+01
   .88000000E+00  .10702846E+01
   .92000000E+00  .10544277E+01
   .96000000E+00  .10384168E+01
   .10000000E+01  .10222481E+01
   .10400000E+01  .10059180E+01
   .10800000E+01  .98942255E+00
   .11200000E+01  .97275758E+00
   .11600000E+01  .95591894E+00
   .12000000E+01  .93890226E+00
   .12400000E+01  .92170301E+00
   .12800000E+01  .90431651E+00
   .13200000E+01  .88673784E+00
   .13600000E+01  .86896197E+00
   .14000000E+01  .85098364E+00
   .14400000E+01  .83279739E+00
   .14800000E+01  .81439755E+00
   .15200000E+01  .79577822E+00
   .15600000E+01  .77693325E+00
   .16000000E+01  .75785627E+00
   .16400000E+01  .73854063E+00
   .16800000E+01  .71897939E+00
   .17200000E+01  .69916533E+00
   .17600000E+01  .67909094E+00
   .18000000E+01  .65874836E+00
   .18400000E+01  .63812940E+00
   .18800000E+01  .61722552E+00
   .19200000E+01  .59602775E+00
   .19600000E+01  .57452677E+00
   .20000000E+01  .55271281E+00
