  PAW Bi                                 
 100
Core Pot   L  =         .00000  -1.06438
  -.20000000E+01  .85060218E+00
  -.19600000E+01  .82068589E+00
  -.19200000E+01  .78958624E+00
  -.18800000E+01  .75719497E+00
  -.18400000E+01  .72338958E+00
  -.18000000E+01  .68803087E+00
  -.17600000E+01  .65095997E+00
  -.17200000E+01  .61199476E+00
  -.16800000E+01  .57092536E+00
  -.16400000E+01  .52750869E+00
  -.16000000E+01  .48146157E+00
  -.15600000E+01  .43245205E+00
  -.15200000E+01  .38008833E+00
  -.14800000E+01  .32390483E+00
  -.14400000E+01  .26334351E+00
  -.14000000E+01  .19773023E+00
  -.13600000E+01  .12624227E+00
  -.13200000E+01  .47865255E-01
  -.12800000E+01 -.38666275E-01
  -.12400000E+01 -.13495178E+00
  -.12000000E+01 -.24304278E+00
  -.11600000E+01 -.36561494E+00
  -.11200000E+01 -.50622504E+00
  -.10800000E+01 -.66970655E+00
  -.10400000E+01 -.86279910E+00
  -.10000000E+01 -.10951913E+01
  -.96000000E+00 -.13813324E+01
  -.92000000E+00 -.17437661E+01
  -.88000000E+00 -.22197229E+01
  -.84000000E+00 -.28754087E+01
  -.80000000E+00 -.38410042E+01
  -.76000000E+00 -.54125568E+01
  -.72000000E+00 -.84396336E+01
  -.68000000E+00 -.16754395E+02
  -.64000000E+00 -.14417850E+03
  -.60000000E+00  .24478531E+02
  -.56000000E+00  .11829387E+02
  -.52000000E+00  .80129864E+01
  -.48000000E+00  .61655313E+01
  -.44000000E+00  .50716991E+01
  -.40000000E+00  .43456472E+01
  -.36000000E+00  .38264915E+01
  -.32000000E+00  .34352150E+01
  -.28000000E+00  .31284699E+01
  -.24000000E+00  .28804917E+01
  -.20000000E+00  .26750035E+01
  -.16000000E+00  .25012170E+01
  -.12000000E+00  .23516980E+01
  -.80000000E-01  .22211567E+01
  -.40000000E-01  .21057262E+01
   .12351231E-14  .20025137E+01
   .40000000E-01  .19093118E+01
   .80000000E-01  .18244065E+01
   .12000000E+00  .17464463E+01
   .16000000E+00  .16743511E+01
   .20000000E+00  .16072468E+01
   .24000000E+00  .15444184E+01
   .28000000E+00  .14852751E+01
   .32000000E+00  .14293242E+01
   .36000000E+00  .13761515E+01
   .40000000E+00  .13254056E+01
   .44000000E+00  .12767869E+01
   .48000000E+00  .12300376E+01
   .52000000E+00  .11849347E+01
   .56000000E+00  .11412844E+01
   .60000000E+00  .10989168E+01
   .64000000E+00  .10576823E+01
   .68000000E+00  .10174487E+01
   .72000000E+00  .97809832E+00
   .76000000E+00  .93952600E+00
   .80000000E+00  .90163723E+00
   .84000000E+00  .86434670E+00
   .88000000E+00  .82757702E+00
   .92000000E+00  .79125765E+00
   .96000000E+00  .75532399E+00
   .10000000E+01  .71971659E+00
   .10400000E+01  .68438048E+00
   .10800000E+01  .64926459E+00
   .11200000E+01  .61432122E+00
   .11600000E+01  .57950564E+00
   .12000000E+01  .54477565E+00
   .12400000E+01  .51009129E+00
   .12800000E+01  .47541445E+00
   .13200000E+01  .44070871E+00
   .13600000E+01  .40593900E+00
   .14000000E+01  .37107144E+00
   .14400000E+01  .33607303E+00
   .14800000E+01  .30091163E+00
   .15200000E+01  .26555567E+00
   .15600000E+01  .22997403E+00
   .16000000E+01  .19413586E+00
   .16400000E+01  .15801049E+00
   .16800000E+01  .12156722E+00
   .17200000E+01  .84775265E-01
   .17600000E+01  .47603564E-01
   .18000000E+01  .10020706E-01
   .18400000E+01 -.28005251E-01
   .18800000E+01 -.66506850E-01
   .19200000E+01 -.10551741E+00
   .19600000E+01 -.14507114E+00
   .20000000E+01 -.18520326E+00
Potential  L  =         .00000  -1.06438
  -.20000000E+01  .93982990E+00
  -.19600000E+01  .91391242E+00
  -.19200000E+01  .88702514E+00
  -.18800000E+01  .85906875E+00
  -.18400000E+01  .82992860E+00
  -.18000000E+01  .79947140E+00
  -.17600000E+01  .76754135E+00
  -.17200000E+01  .73395500E+00
  -.16800000E+01  .69849478E+00
  -.16400000E+01  .66090054E+00
  -.16000000E+01  .62085850E+00
  -.15600000E+01  .57798648E+00
  -.15200000E+01  .53181409E+00
  -.14800000E+01  .48175539E+00
  -.14400000E+01  .42707078E+00
  -.14000000E+01  .36681331E+00
  -.13600000E+01  .29974918E+00
  -.13200000E+01  .22424047E+00
  -.12800000E+01  .13806426E+00
  -.12400000E+01  .38124423E-01
  -.12000000E+01 -.80023784E-01
  -.11600000E+01 -.22300012E+00
  -.11200000E+01 -.40111675E+00
  -.10800000E+01 -.63137274E+00
  -.10400000E+01 -.94392714E+00
  -.10000000E+01 -.13978970E+01
  -.96000000E+00 -.21271045E+01
  -.92000000E+00 -.35126088E+01
  -.88000000E+00 -.72438358E+01
  -.84000000E+00 -.55974160E+02
  -.80000000E+00  .11962293E+02
  -.76000000E+00  .58326757E+01
  -.72000000E+00  .40125274E+01
  -.68000000E+00  .31304656E+01
  -.64000000E+00  .26042267E+01
  -.60000000E+00  .22506887E+01
  -.56000000E+00  .19938886E+01
  -.52000000E+00  .17966376E+01
  -.48000000E+00  .16385758E+01
  -.44000000E+00  .15076202E+01
  -.40000000E+00  .13961398E+01
  -.36000000E+00  .12990762E+01
  -.32000000E+00  .12129424E+01
  -.28000000E+00  .11352530E+01
  -.24000000E+00  .10641865E+01
  -.20000000E+00  .99837515E+00
  -.16000000E+00  .93676991E+00
  -.12000000E+00  .87855046E+00
  -.80000000E-01  .82306402E+00
  -.40000000E-01  .76978260E+00
   .12351231E-14  .71827247E+00
   .40000000E-01  .66817201E+00
   .80000000E-01  .61917529E+00
   .12000000E+00  .57101972E+00
   .16000000E+00  .52347664E+00
   .20000000E+00  .47634396E+00
   .24000000E+00  .42944044E+00
   .28000000E+00  .38260112E+00
   .32000000E+00  .33567329E+00
   .36000000E+00  .28851377E+00
   .40000000E+00  .24098605E+00
   .44000000E+00  .19295801E+00
   .48000000E+00  .14429986E+00
   .52000000E+00  .94882763E-01
   .56000000E+00  .44576374E-01
   .60000000E+00 -.67523218E-02
   .64000000E+00 -.59240719E-01
   .68000000E+00 -.11303232E+00
   .72000000E+00 -.16827842E+00
   .76000000E+00 -.22513998E+00
   .80000000E+00 -.28378967E+00
   .84000000E+00 -.34441414E+00
   .88000000E+00 -.40721643E+00
   .92000000E+00 -.47241902E+00
   .96000000E+00 -.54026708E+00
   .10000000E+01 -.61103232E+00
   .10400000E+01 -.68501766E+00
   .10800000E+01 -.76256255E+00
   .11200000E+01 -.84404959E+00
   .11600000E+01 -.92991211E+00
   .12000000E+01 -.10206438E+01
   .12400000E+01 -.11168101E+01
   .12800000E+01 -.12190627E+01
   .13200000E+01 -.13281569E+01
   .13600000E+01 -.14449740E+01
   .14000000E+01 -.15705490E+01
   .14400000E+01 -.17061068E+01
   .14800000E+01 -.18531080E+01
   .15200000E+01 -.20133092E+01
   .15600000E+01 -.21888426E+01
   .16000000E+01 -.23823233E+01
   .16400000E+01 -.25969936E+01
   .16800000E+01 -.28369251E+01
   .17200000E+01 -.31073021E+01
   .17600000E+01 -.34148297E+01
   .18000000E+01 -.37683383E+01
   .18400000E+01 -.41796974E+01
   .18800000E+01 -.46652482E+01
   .19200000E+01 -.52481292E+01
   .19600000E+01 -.59622226E+01
   .20000000E+01 -.68592105E+01
Core Pot   L  =        1.00000   -.34003
  -.20000000E+01  .11147543E+01
  -.19600000E+01  .10960246E+01
  -.19200000E+01  .10769914E+01
  -.18800000E+01  .10576419E+01
  -.18400000E+01  .10379628E+01
  -.18000000E+01  .10179397E+01
  -.17600000E+01  .99755727E+00
  -.17200000E+01  .97679943E+00
  -.16800000E+01  .95564882E+00
  -.16400000E+01  .93408696E+00
  -.16000000E+01  .91209410E+00
  -.15600000E+01  .88964910E+00
  -.15200000E+01  .86672928E+00
  -.14800000E+01  .84331034E+00
  -.14400000E+01  .81936613E+00
  -.14000000E+01  .79486852E+00
  -.13600000E+01  .76978721E+00
  -.13200000E+01  .74408948E+00
  -.12800000E+01  .71773994E+00
  -.12400000E+01  .69070029E+00
  -.12000000E+01  .66292898E+00
  -.11600000E+01  .63438086E+00
  -.11200000E+01  .60500677E+00
  -.10800000E+01  .57475308E+00
  -.10400000E+01  .54356121E+00
  -.10000000E+01  .51136691E+00
  -.96000000E+00  .47809975E+00
  -.92000000E+00  .44368218E+00
  -.88000000E+00  .40802868E+00
  -.84000000E+00  .37104467E+00
  -.80000000E+00  .33262532E+00
  -.76000000E+00  .29265402E+00
  -.72000000E+00  .25100079E+00
  -.68000000E+00  .20752020E+00
  -.64000000E+00  .16204901E+00
  -.60000000E+00  .11440337E+00
  -.56000000E+00  .64375438E-01
  -.52000000E+00  .11729305E-01
  -.48000000E+00 -.43803895E-01
  -.44000000E+00 -.10253202E+00
  -.40000000E+00 -.16480922E+00
  -.36000000E+00 -.23104506E+00
  -.32000000E+00 -.30171576E+00
  -.28000000E+00 -.37737844E+00
  -.24000000E+00 -.45868900E+00
  -.20000000E+00 -.54642519E+00
  -.16000000E+00 -.64151617E+00
  -.12000000E+00 -.74508147E+00
  -.80000000E-01 -.85848229E+00
  -.40000000E-01 -.98339058E+00
   .12351231E-14 -.11218831E+01
   .40000000E-01 -.12765721E+01
   .80000000E-01 -.14507896E+01
   .12000000E+00 -.16488539E+01
   .16000000E+00 -.18764641E+01
   .20000000E+00 -.21412999E+01
   .24000000E+00 -.24539638E+01
   .28000000E+00 -.28295188E+01
   .32000000E+00 -.32901093E+01
   .36000000E+00 -.38696785E+01
   .40000000E+00 -.46230330E+01
   .44000000E+00 -.56447861E+01
   .48000000E+00 -.71135168E+01
   .52000000E+00 -.94114749E+01
   .56000000E+00 -.13530761E+02
   .60000000E+00 -.23096498E+02
   .64000000E+00 -.70325251E+02
   .68000000E+00  .74044226E+02
   .72000000E+00  .24976866E+02
   .76000000E+00  .15263609E+02
   .80000000E+00  .11103093E+02
   .84000000E+00  .87875035E+01
   .88000000E+00  .73091328E+01
   .92000000E+00  .62810833E+01
   .96000000E+00  .55229987E+01
   .10000000E+01  .49394664E+01
   .10400000E+01  .44752768E+01
   .10800000E+01  .40962657E+01
   .11200000E+01  .37801587E+01
   .11600000E+01  .35118119E+01
   .12000000E+01  .32805702E+01
   .12400000E+01  .30787182E+01
   .12800000E+01  .29005319E+01
   .13200000E+01  .27416742E+01
   .13600000E+01  .25987993E+01
   .14000000E+01  .24692841E+01
   .14400000E+01  .23510430E+01
   .14800000E+01  .22423965E+01
   .15200000E+01  .21419770E+01
   .15600000E+01  .20486595E+01
   .16000000E+01  .19615093E+01
   .16400000E+01  .18797439E+01
   .16800000E+01  .18027028E+01
   .17200000E+01  .17298242E+01
   .17600000E+01  .16606274E+01
   .18000000E+01  .15946984E+01
   .18400000E+01  .15316784E+01
   .18800000E+01  .14712549E+01
   .19200000E+01  .14131545E+01
   .19600000E+01  .13571363E+01
   .20000000E+01  .13029876E+01
Potential  L  =        1.00000   -.34003
  -.20000000E+01  .11337422E+01
  -.19600000E+01  .11155319E+01
  -.19200000E+01  .10970312E+01
  -.18800000E+01  .10782276E+01
  -.18400000E+01  .10591077E+01
  -.18000000E+01  .10396569E+01
  -.17600000E+01  .10198600E+01
  -.17200000E+01  .99970056E+00
  -.16800000E+01  .97916082E+00
  -.16400000E+01  .95822186E+00
  -.16000000E+01  .93686329E+00
  -.15600000E+01  .91506316E+00
  -.15200000E+01  .89279776E+00
  -.14800000E+01  .87004149E+00
  -.14400000E+01  .84676663E+00
  -.14000000E+01  .82294312E+00
  -.13600000E+01  .79853830E+00
  -.13200000E+01  .77351659E+00
  -.12800000E+01  .74783922E+00
  -.12400000E+01  .72146376E+00
  -.12000000E+01  .69434376E+00
  -.11600000E+01  .66642819E+00
  -.11200000E+01  .63766085E+00
  -.10800000E+01  .60797975E+00
  -.10400000E+01  .57731625E+00
  -.10000000E+01  .54559419E+00
  -.96000000E+00  .51272879E+00
  -.92000000E+00  .47862537E+00
  -.88000000E+00  .44317786E+00
  -.84000000E+00  .40626699E+00
  -.80000000E+00  .36775811E+00
  -.76000000E+00  .32749886E+00
  -.72000000E+00  .28531567E+00
  -.68000000E+00  .24101031E+00
  -.64000000E+00  .19435498E+00
  -.60000000E+00  .14508693E+00
  -.56000000E+00  .92901111E-01
  -.52000000E+00  .37441371E-01
  -.48000000E+00 -.21710764E-01
  -.44000000E+00 -.85050447E-01
  -.40000000E+00 -.15316799E+00
  -.36000000E+00 -.22677298E+00
  -.32000000E+00 -.30672611E+00
  -.28000000E+00 -.39408178E+00
  -.24000000E+00 -.49014604E+00
  -.20000000E+00 -.59655657E+00
  -.16000000E+00 -.71539530E+00
  -.12000000E+00 -.84935033E+00
  -.80000000E-01 -.10019541E+01
  -.40000000E-01 -.11779436E+01
   .12351231E-14 -.13838221E+01
   .40000000E-01 -.16287680E+01
   .80000000E-01 -.19261682E+01
   .12000000E+00 -.22963443E+01
   .16000000E+00 -.27717124E+01
   .20000000E+00 -.34073555E+01
   .24000000E+00 -.43050376E+01
   .28000000E+00 -.56759512E+01
   .32000000E+00 -.80419016E+01
   .36000000E+00 -.13138440E+02
   .40000000E+00 -.32347909E+02
   .44000000E+00  .85341096E+02
   .48000000E+00  .19163471E+02
   .52000000E+00  .11010076E+02
   .56000000E+00  .78156412E+01
   .60000000E+00  .61043828E+01
   .64000000E+00  .50335001E+01
   .68000000E+00  .42969723E+01
   .72000000E+00  .37569089E+01
   .76000000E+00  .33420268E+01
   .80000000E+00  .30117629E+01
   .84000000E+00  .27413337E+01
   .88000000E+00  .25147403E+01
   .92000000E+00  .23211916E+01
   .96000000E+00  .21531438E+01
   .10000000E+01  .20051627E+01
   .10400000E+01  .18732336E+01
   .10800000E+01  .17543250E+01
   .11200000E+01  .16461042E+01
   .11600000E+01  .15467454E+01
   .12000000E+01  .14547989E+01
   .12400000E+01  .13690974E+01
   .12800000E+01  .12886897E+01
   .13200000E+01  .12127929E+01
   .13600000E+01  .11407544E+01
   .14000000E+01  .10720258E+01
   .14400000E+01  .10061422E+01
   .14800000E+01  .94270601E+00
   .15200000E+01  .88137393E+00
   .15600000E+01  .82184758E+00
   .16000000E+01  .76386535E+00
   .16400000E+01  .70719609E+00
   .16800000E+01  .65163399E+00
   .17200000E+01  .59699432E+00
   .17600000E+01  .54310992E+00
   .18000000E+01  .48982833E+00
   .18400000E+01  .43700951E+00
   .18800000E+01  .38452315E+00
   .19200000E+01  .33224772E+00
   .19600000E+01  .28006842E+00
   .20000000E+01  .22787600E+00
Core Pot   L  =        2.00000  -1.99702
  -.20000000E+01 -.10993786E+01
  -.19600000E+01  .80935528E+01
  -.19200000E+01  .28135697E+01
  -.18800000E+01  .21687414E+01
  -.18400000E+01  .19094550E+01
  -.18000000E+01  .17648959E+01
  -.17600000E+01  .16697116E+01
  -.17200000E+01  .16002248E+01
  -.16800000E+01  .15457801E+01
  -.16400000E+01  .15008729E+01
  -.16000000E+01  .14623718E+01
  -.15600000E+01  .14283635E+01
  -.15200000E+01  .13976123E+01
  -.14800000E+01  .13692843E+01
  -.14400000E+01  .13427954E+01
  -.14000000E+01  .13177244E+01
  -.13600000E+01  .12937592E+01
  -.13200000E+01  .12706631E+01
  -.12800000E+01  .12482535E+01
  -.12400000E+01  .12263866E+01
  -.12000000E+01  .12049471E+01
  -.11600000E+01  .11838419E+01
  -.11200000E+01  .11629939E+01
  -.10800000E+01  .11423389E+01
  -.10400000E+01  .11218228E+01
  -.10000000E+01  .11013993E+01
  -.96000000E+00  .10810282E+01
  -.92000000E+00  .10606744E+01
  -.88000000E+00  .10403068E+01
  -.84000000E+00  .10198976E+01
  -.80000000E+00  .99942166E+00
  -.76000000E+00  .97885581E+00
  -.72000000E+00  .95817877E+00
  -.68000000E+00  .93737060E+00
  -.64000000E+00  .91641247E+00
  -.60000000E+00  .89528643E+00
  -.56000000E+00  .87397522E+00
  -.52000000E+00  .85246207E+00
  -.48000000E+00  .83073054E+00
  -.44000000E+00  .80876444E+00
  -.40000000E+00  .78654767E+00
  -.36000000E+00  .76406409E+00
  -.32000000E+00  .74129748E+00
  -.28000000E+00  .71823139E+00
  -.24000000E+00  .69484907E+00
  -.20000000E+00  .67113339E+00
  -.16000000E+00  .64706676E+00
  -.12000000E+00  .62263101E+00
  -.80000000E-01  .59780735E+00
  -.40000000E-01  .57257622E+00
   .12351231E-14  .54691729E+00
   .40000000E-01  .52080928E+00
   .80000000E-01  .49422990E+00
   .12000000E+00  .46715575E+00
   .16000000E+00  .43956220E+00
   .20000000E+00  .41142325E+00
   .24000000E+00  .38271145E+00
   .28000000E+00  .35339770E+00
   .32000000E+00  .32345113E+00
   .36000000E+00  .29283896E+00
   .40000000E+00  .26152626E+00
   .44000000E+00  .22947578E+00
   .48000000E+00  .19664773E+00
   .52000000E+00  .16299953E+00
   .56000000E+00  .12848555E+00
   .60000000E+00  .93056778E-01
   .64000000E+00  .56660527E-01
   .68000000E+00  .19240026E-01
   .72000000E+00 -.19266000E-01
   .76000000E+00 -.58923767E-01
   .80000000E+00 -.99805003E-01
   .84000000E+00 -.14198754E+00
   .88000000E+00 -.18555599E+00
   .92000000E+00 -.23060250E+00
   .96000000E+00 -.27722766E+00
   .10000000E+01 -.32554147E+00
   .10400000E+01 -.37566454E+00
   .10800000E+01 -.42772937E+00
   .11200000E+01 -.48188188E+00
   .11600000E+01 -.53828319E+00
   .12000000E+01 -.59711163E+00
   .12400000E+01 -.65856519E+00
   .12800000E+01 -.72286423E+00
   .13200000E+01 -.79025484E+00
   .13600000E+01 -.86101267E+00
   .14000000E+01 -.93544754E+00
   .14400000E+01 -.10139090E+01
   .14800000E+01 -.10967927E+01
   .15200000E+01 -.11845486E+01
   .15600000E+01 -.12776905E+01
   .16000000E+01 -.13768076E+01
   .16400000E+01 -.14825794E+01
   .16800000E+01 -.15957930E+01
   .17200000E+01 -.17173660E+01
   .17600000E+01 -.18483745E+01
   .18000000E+01 -.19900886E+01
   .18400000E+01 -.21440187E+01
   .18800000E+01 -.23119750E+01
   .19200000E+01 -.24961458E+01
   .19600000E+01 -.26992019E+01
   .20000000E+01 -.29244370E+01
Potential  L  =        2.00000  -1.99702
  -.20000000E+01 -.12972501E+01
  -.19600000E+01 -.32641754E+01
  -.19200000E+01 -.14275893E+02
  -.18800000E+01  .13456288E+02
  -.18400000E+01  .57951039E+01
  -.18000000E+01  .40911627E+01
  -.17600000E+01  .33352079E+01
  -.17200000E+01  .29045687E+01
  -.16800000E+01  .26239107E+01
  -.16400000E+01  .24246830E+01
  -.16000000E+01  .22745663E+01
  -.15600000E+01  .21563295E+01
  -.15200000E+01  .20599444E+01
  -.14800000E+01  .19791777E+01
  -.14400000E+01  .19099502E+01
  -.14000000E+01  .18494827E+01
  -.13600000E+01  .17958113E+01
  -.13200000E+01  .17475128E+01
  -.12800000E+01  .17035287E+01
  -.12400000E+01  .16630552E+01
  -.12000000E+01  .16254712E+01
  -.11600000E+01  .15902885E+01
  -.11200000E+01  .15571184E+01
  -.10800000E+01  .15256470E+01
  -.10400000E+01  .14956183E+01
  -.10000000E+01  .14668207E+01
  -.96000000E+00  .14390784E+01
  -.92000000E+00  .14122434E+01
  -.88000000E+00  .13861903E+01
  -.84000000E+00  .13608121E+01
  -.80000000E+00  .13360167E+01
  -.76000000E+00  .13117243E+01
  -.72000000E+00  .12878652E+01
  -.68000000E+00  .12643786E+01
  -.64000000E+00  .12412104E+01
  -.60000000E+00  .12183128E+01
  -.56000000E+00  .11956430E+01
  -.52000000E+00  .11731624E+01
  -.48000000E+00  .11508364E+01
  -.44000000E+00  .11286332E+01
  -.40000000E+00  .11065240E+01
  -.36000000E+00  .10844822E+01
  -.32000000E+00  .10624832E+01
  -.28000000E+00  .10405040E+01
  -.24000000E+00  .10185234E+01
  -.20000000E+00  .99652111E+00
  -.16000000E+00  .97447815E+00
  -.12000000E+00  .95237638E+00
  -.80000000E-01  .93019846E+00
  -.40000000E-01  .90792768E+00
   .12351231E-14  .88554791E+00
   .40000000E-01  .86304342E+00
   .80000000E-01  .84039886E+00
   .12000000E+00  .81759911E+00
   .16000000E+00  .79462926E+00
   .20000000E+00  .77147449E+00
   .24000000E+00  .74812002E+00
   .28000000E+00  .72455107E+00
   .32000000E+00  .70075273E+00
   .36000000E+00  .67670996E+00
   .40000000E+00  .65240753E+00
   .44000000E+00  .62782990E+00
   .48000000E+00  .60296123E+00
   .52000000E+00  .57778529E+00
   .56000000E+00  .55228539E+00
   .60000000E+00  .52644433E+00
   .64000000E+00  .50024436E+00
   .68000000E+00  .47366706E+00
   .72000000E+00  .44669332E+00
   .76000000E+00  .41930324E+00
   .80000000E+00  .39147613E+00
   .84000000E+00  .36319014E+00
   .88000000E+00  .33442264E+00
   .92000000E+00  .30514975E+00
   .96000000E+00  .27534640E+00
   .10000000E+01  .24498619E+00
   .10400000E+01  .21404126E+00
   .10800000E+01  .18248204E+00
   .11200000E+01  .15027760E+00
   .11600000E+01  .11739481E+00
   .12000000E+01  .83798593E-01
   .12400000E+01  .49451665E-01
   .12800000E+01  .14314293E-01
   .13200000E+01 -.21655880E-01
   .13600000E+01 -.58504107E-01
   .14000000E+01 -.96278811E-01
   .14400000E+01 -.13503189E+00
   .14800000E+01 -.17481902E+00
   .15200000E+01 -.21570008E+00
   .15600000E+01 -.25773954E+00
   .16000000E+01 -.30100693E+00
   .16400000E+01 -.34557737E+00
   .16800000E+01 -.39153218E+00
   .17200000E+01 -.43895951E+00
   .17600000E+01 -.48795514E+00
   .18000000E+01 -.53862331E+00
   .18400000E+01 -.59107770E+00
   .18800000E+01 -.64544256E+00
   .19200000E+01 -.70185392E+00
   .19600000E+01 -.76046115E+00
   .20000000E+01 -.82142858E+00
Core Pot   L  =        3.00000   -.10000
  -.20000000E+01  .16071148E+01
  -.19600000E+01  .15948137E+01
  -.19200000E+01  .15824214E+01
  -.18800000E+01  .15699359E+01
  -.18400000E+01  .15573551E+01
  -.18000000E+01  .15446770E+01
  -.17600000E+01  .15318993E+01
  -.17200000E+01  .15190198E+01
  -.16800000E+01  .15060360E+01
  -.16400000E+01  .14929455E+01
  -.16000000E+01  .14797457E+01
  -.15600000E+01  .14664341E+01
  -.15200000E+01  .14530077E+01
  -.14800000E+01  .14394639E+01
  -.14400000E+01  .14257996E+01
  -.14000000E+01  .14120116E+01
  -.13600000E+01  .13980968E+01
  -.13200000E+01  .13840518E+01
  -.12800000E+01  .13698731E+01
  -.12400000E+01  .13555570E+01
  -.12000000E+01  .13410996E+01
  -.11600000E+01  .13264971E+01
  -.11200000E+01  .13117452E+01
  -.10800000E+01  .12968395E+01
  -.10400000E+01  .12817756E+01
  -.10000000E+01  .12665485E+01
  -.96000000E+00  .12511533E+01
  -.92000000E+00  .12355847E+01
  -.88000000E+00  .12198372E+01
  -.84000000E+00  .12039051E+01
  -.80000000E+00  .11877821E+01
  -.76000000E+00  .11714619E+01
  -.72000000E+00  .11549378E+01
  -.68000000E+00  .11382026E+01
  -.64000000E+00  .11212488E+01
  -.60000000E+00  .11040685E+01
  -.56000000E+00  .10866534E+01
  -.52000000E+00  .10689945E+01
  -.48000000E+00  .10510826E+01
  -.44000000E+00  .10329076E+01
  -.40000000E+00  .10144590E+01
  -.36000000E+00  .99572573E+00
  -.32000000E+00  .97669578E+00
  -.28000000E+00  .95735652E+00
  -.24000000E+00  .93769445E+00
  -.20000000E+00  .91769517E+00
  -.16000000E+00  .89734330E+00
  -.12000000E+00  .87662238E+00
  -.80000000E-01  .85551480E+00
  -.40000000E-01  .83400163E+00
   .12351231E-14  .81206257E+00
   .40000000E-01  .78967575E+00
   .80000000E-01  .76681765E+00
   .12000000E+00  .74346282E+00
   .16000000E+00  .71958380E+00
   .20000000E+00  .69515083E+00
   .24000000E+00  .67013160E+00
   .28000000E+00  .64449101E+00
   .32000000E+00  .61819081E+00
   .36000000E+00  .59118927E+00
   .40000000E+00  .56344071E+00
   .44000000E+00  .53489508E+00
   .48000000E+00  .50549733E+00
   .52000000E+00  .47518685E+00
   .56000000E+00  .44389666E+00
   .60000000E+00  .41155259E+00
   .64000000E+00  .37807224E+00
   .68000000E+00  .34336379E+00
   .72000000E+00  .30732457E+00
   .76000000E+00  .26983949E+00
   .80000000E+00  .23077893E+00
   .84000000E+00  .18999646E+00
   .88000000E+00  .14732593E+00
   .92000000E+00  .10257805E+00
   .96000000E+00  .55536117E-01
   .10000000E+01  .59508542E-02
   .10400000E+01 -.46465981E-01
   .10800000E+01 -.10204961E+00
   .11200000E+01 -.16119226E+00
   .11600000E+01 -.22435590E+00
   .12000000E+01 -.29208851E+00
   .12400000E+01 -.36504525E+00
   .12800000E+01 -.44401605E+00
   .13200000E+01 -.52996234E+00
   .13600000E+01 -.62406635E+00
   .14000000E+01 -.72779856E+00
   .14400000E+01 -.84301152E+00
   .14800000E+01 -.97207281E+00
   .15200000E+01 -.11180576E+01
   .15600000E+01 -.12850350E+01
   .16000000E+01 -.14785050E+01
   .16400000E+01 -.17060891E+01
   .16800000E+01 -.19786627E+01
   .17200000E+01 -.23123009E+01
   .17600000E+01 -.27318088E+01
   .18000000E+01 -.32775803E+01
   .18400000E+01 -.40201317E+01
   .18800000E+01 -.50946165E+01
   .19200000E+01 -.67969134E+01
   .19600000E+01 -.99236448E+01
   .20000000E+01 -.17608461E+02
Potential  L  =        3.00000   -.10000
  -.20000000E+01  .16078112E+01
  -.19600000E+01  .15955048E+01
  -.19200000E+01  .15831067E+01
  -.18800000E+01  .15706149E+01
  -.18400000E+01  .15580274E+01
  -.18000000E+01  .15453421E+01
  -.17600000E+01  .15325566E+01
  -.17200000E+01  .15196688E+01
  -.16800000E+01  .15066763E+01
  -.16400000E+01  .14935764E+01
  -.16000000E+01  .14803668E+01
  -.15600000E+01  .14670447E+01
  -.15200000E+01  .14536073E+01
  -.14800000E+01  .14400518E+01
  -.14400000E+01  .14263751E+01
  -.14000000E+01  .14125743E+01
  -.13600000E+01  .13986459E+01
  -.13200000E+01  .13845866E+01
  -.12800000E+01  .13703930E+01
  -.12400000E+01  .13560613E+01
  -.12000000E+01  .13415877E+01
  -.11600000E+01  .13269683E+01
  -.11200000E+01  .13121987E+01
  -.10800000E+01  .12972748E+01
  -.10400000E+01  .12821919E+01
  -.10000000E+01  .12669452E+01
  -.96000000E+00  .12515297E+01
  -.92000000E+00  .12359403E+01
  -.88000000E+00  .12201713E+01
  -.84000000E+00  .12042172E+01
  -.80000000E+00  .11880717E+01
  -.76000000E+00  .11717286E+01
  -.72000000E+00  .11551812E+01
  -.68000000E+00  .11384224E+01
  -.64000000E+00  .11214448E+01
  -.60000000E+00  .11042407E+01
  -.56000000E+00  .10868017E+01
  -.52000000E+00  .10691193E+01
  -.48000000E+00  .10511842E+01
  -.44000000E+00  .10329866E+01
  -.40000000E+00  .10145164E+01
  -.36000000E+00  .99576256E+00
  -.32000000E+00  .97671356E+00
  -.28000000E+00  .95735710E+00
  -.24000000E+00  .93768014E+00
  -.20000000E+00  .91766878E+00
  -.16000000E+00  .89730820E+00
  -.12000000E+00  .87658263E+00
  -.80000000E-01  .85547520E+00
  -.40000000E-01  .83396787E+00
   .12351231E-14  .81204134E+00
   .40000000E-01  .78967492E+00
   .80000000E-01  .76684639E+00
   .12000000E+00  .74353186E+00
   .16000000E+00  .71970562E+00
   .20000000E+00  .69533994E+00
   .24000000E+00  .67040487E+00
   .28000000E+00  .64486801E+00
   .32000000E+00  .61869426E+00
   .36000000E+00  .59184550E+00
   .40000000E+00  .56428027E+00
   .44000000E+00  .53595340E+00
   .48000000E+00  .50681557E+00
   .52000000E+00  .47681279E+00
   .56000000E+00  .44588586E+00
   .60000000E+00  .41396971E+00
   .64000000E+00  .38099263E+00
   .68000000E+00  .34687541E+00
   .72000000E+00  .31153031E+00
   .76000000E+00  .27485983E+00
   .80000000E+00  .23675541E+00
   .84000000E+00  .19709568E+00
   .88000000E+00  .15574456E+00
   .92000000E+00  .11254894E+00
   .96000000E+00  .67335877E-01
   .10000000E+01  .19909305E-01
   .10400000E+01 -.29954034E-01
   .10800000E+01 -.82509478E-01
   .11200000E+01 -.13805046E+00
   .11600000E+01 -.19691591E+00
   .12000000E+01 -.25949949E+00
   .12400000E+01 -.32626115E+00
   .12800000E+01 -.39774168E+00
   .13200000E+01 -.47458146E+00
   .13600000E+01 -.55754446E+00
   .14000000E+01 -.64754965E+00
   .14400000E+01 -.74571257E+00
   .14800000E+01 -.85340087E+00
   .15200000E+01 -.97230995E+00
   .15600000E+01 -.11045676E+01
   .16000000E+01 -.12528811E+01
   .16400000E+01 -.14207497E+01
   .16800000E+01 -.16127766E+01
   .17200000E+01 -.18351424E+01
   .17600000E+01 -.20963443E+01
   .18000000E+01 -.24083937E+01
   .18400000E+01 -.27888438E+01
   .18800000E+01 -.32644028E+01
   .19200000E+01 -.38777985E+01
   .19600000E+01 -.47019089E+01
   .20000000E+01 -.58720559E+01
Core Pot   L  =        4.00000    .00000
  -.20000000E+01  .18918400E+01
  -.19600000E+01  .18816385E+01
  -.19200000E+01  .18713877E+01
  -.18800000E+01  .18610868E+01
  -.18400000E+01  .18507351E+01
  -.18000000E+01  .18403320E+01
  -.17600000E+01  .18298766E+01
  -.17200000E+01  .18193684E+01
  -.16800000E+01  .18088065E+01
  -.16400000E+01  .17981903E+01
  -.16000000E+01  .17875188E+01
  -.15600000E+01  .17767913E+01
  -.15200000E+01  .17660071E+01
  -.14800000E+01  .17551652E+01
  -.14400000E+01  .17442648E+01
  -.14000000E+01  .17333050E+01
  -.13600000E+01  .17222850E+01
  -.13200000E+01  .17112038E+01
  -.12800000E+01  .17000606E+01
  -.12400000E+01  .16888542E+01
  -.12000000E+01  .16775839E+01
  -.11600000E+01  .16662484E+01
  -.11200000E+01  .16548469E+01
  -.10800000E+01  .16433783E+01
  -.10400000E+01  .16318414E+01
  -.10000000E+01  .16202352E+01
  -.96000000E+00  .16085586E+01
  -.92000000E+00  .15968103E+01
  -.88000000E+00  .15849892E+01
  -.84000000E+00  .15730941E+01
  -.80000000E+00  .15611236E+01
  -.76000000E+00  .15490765E+01
  -.72000000E+00  .15369515E+01
  -.68000000E+00  .15247472E+01
  -.64000000E+00  .15124622E+01
  -.60000000E+00  .15000950E+01
  -.56000000E+00  .14876442E+01
  -.52000000E+00  .14751083E+01
  -.48000000E+00  .14624857E+01
  -.44000000E+00  .14497747E+01
  -.40000000E+00  .14369738E+01
  -.36000000E+00  .14240813E+01
  -.32000000E+00  .14110953E+01
  -.28000000E+00  .13980141E+01
  -.24000000E+00  .13848358E+01
  -.20000000E+00  .13715585E+01
  -.16000000E+00  .13581803E+01
  -.12000000E+00  .13446991E+01
  -.80000000E-01  .13311127E+01
  -.40000000E-01  .13174192E+01
   .12351231E-14  .13036162E+01
   .40000000E-01  .12897014E+01
   .80000000E-01  .12756725E+01
   .12000000E+00  .12615270E+01
   .16000000E+00  .12472624E+01
   .20000000E+00  .12328760E+01
   .24000000E+00  .12183653E+01
   .28000000E+00  .12037273E+01
   .32000000E+00  .11889592E+01
   .36000000E+00  .11740581E+01
   .40000000E+00  .11590208E+01
   .44000000E+00  .11438441E+01
   .48000000E+00  .11285247E+01
   .52000000E+00  .11130592E+01
   .56000000E+00  .10974441E+01
   .60000000E+00  .10816756E+01
   .64000000E+00  .10657500E+01
   .68000000E+00  .10496632E+01
   .72000000E+00  .10334112E+01
   .76000000E+00  .10169896E+01
   .80000000E+00  .10003941E+01
   .84000000E+00  .98361996E+00
   .88000000E+00  .96666246E+00
   .92000000E+00  .94951659E+00
   .96000000E+00  .93217715E+00
   .10000000E+01  .91463873E+00
   .10400000E+01  .89689569E+00
   .10800000E+01  .87894217E+00
   .11200000E+01  .86077202E+00
   .11600000E+01  .84237888E+00
   .12000000E+01  .82375606E+00
   .12400000E+01  .80489660E+00
   .12800000E+01  .78579322E+00
   .13200000E+01  .76643832E+00
   .13600000E+01  .74682392E+00
   .14000000E+01  .72694169E+00
   .14400000E+01  .70678291E+00
   .14800000E+01  .68633843E+00
   .15200000E+01  .66559865E+00
   .15600000E+01  .64455351E+00
   .16000000E+01  .62319243E+00
   .16400000E+01  .60150431E+00
   .16800000E+01  .57947746E+00
   .17200000E+01  .55709960E+00
   .17600000E+01  .53435780E+00
   .18000000E+01  .51123838E+00
   .18400000E+01  .48772699E+00
   .18800000E+01  .46380844E+00
   .19200000E+01  .43946670E+00
   .19600000E+01  .41468481E+00
   .20000000E+01  .38944483E+00
Potential  L  =        4.00000    .00000
  -.20000000E+01  .18927320E+01
  -.19600000E+01  .18825378E+01
  -.19200000E+01  .18722943E+01
  -.18800000E+01  .18620008E+01
  -.18400000E+01  .18516565E+01
  -.18000000E+01  .18412607E+01
  -.17600000E+01  .18308128E+01
  -.17200000E+01  .18203121E+01
  -.16800000E+01  .18097576E+01
  -.16400000E+01  .17991488E+01
  -.16000000E+01  .17884849E+01
  -.15600000E+01  .17777649E+01
  -.15200000E+01  .17669881E+01
  -.14800000E+01  .17561537E+01
  -.14400000E+01  .17452608E+01
  -.14000000E+01  .17343085E+01
  -.13600000E+01  .17232960E+01
  -.13200000E+01  .17122222E+01
  -.12800000E+01  .17010863E+01
  -.12400000E+01  .16898873E+01
  -.12000000E+01  .16786243E+01
  -.11600000E+01  .16672962E+01
  -.11200000E+01  .16559018E+01
  -.10800000E+01  .16444403E+01
  -.10400000E+01  .16329106E+01
  -.10000000E+01  .16213114E+01
  -.96000000E+00  .16096417E+01
  -.92000000E+00  .15979002E+01
  -.88000000E+00  .15860858E+01
  -.84000000E+00  .15741973E+01
  -.80000000E+00  .15622333E+01
  -.76000000E+00  .15501925E+01
  -.72000000E+00  .15380737E+01
  -.68000000E+00  .15258754E+01
  -.64000000E+00  .15135962E+01
  -.60000000E+00  .15012347E+01
  -.56000000E+00  .14887894E+01
  -.52000000E+00  .14762587E+01
  -.48000000E+00  .14636410E+01
  -.44000000E+00  .14509348E+01
  -.40000000E+00  .14381384E+01
  -.36000000E+00  .14252500E+01
  -.32000000E+00  .14122679E+01
  -.28000000E+00  .13991902E+01
  -.24000000E+00  .13860151E+01
  -.20000000E+00  .13727406E+01
  -.16000000E+00  .13593647E+01
  -.12000000E+00  .13458854E+01
  -.80000000E-01  .13323006E+01
  -.40000000E-01  .13186081E+01
   .12351231E-14  .13048055E+01
   .40000000E-01  .12908907E+01
   .80000000E-01  .12768611E+01
   .12000000E+00  .12627143E+01
   .16000000E+00  .12484477E+01
   .20000000E+00  .12340587E+01
   .24000000E+00  .12195445E+01
   .28000000E+00  .12049023E+01
   .32000000E+00  .11901292E+01
   .36000000E+00  .11752221E+01
   .40000000E+00  .11601779E+01
   .44000000E+00  .11449932E+01
   .48000000E+00  .11296649E+01
   .52000000E+00  .11141893E+01
   .56000000E+00  .10985628E+01
   .60000000E+00  .10827817E+01
   .64000000E+00  .10668420E+01
   .68000000E+00  .10507398E+01
   .72000000E+00  .10344708E+01
   .76000000E+00  .10180307E+01
   .80000000E+00  .10014149E+01
   .84000000E+00  .98461862E+00
   .88000000E+00  .96763707E+00
   .92000000E+00  .95046509E+00
   .96000000E+00  .93309736E+00
   .10000000E+01  .91552835E+00
   .10400000E+01  .89775226E+00
   .10800000E+01  .87976311E+00
   .11200000E+01  .86155455E+00
   .11600000E+01  .84312006E+00
   .12000000E+01  .82445278E+00
   .12400000E+01  .80554555E+00
   .12800000E+01  .78639088E+00
   .13200000E+01  .76698094E+00
   .13600000E+01  .74730753E+00
   .14000000E+01  .72736207E+00
   .14400000E+01  .70713555E+00
   .14800000E+01  .68661855E+00
   .15200000E+01  .66580115E+00
   .15600000E+01  .64467295E+00
   .16000000E+01  .62322303E+00
   .16400000E+01  .60143990E+00
   .16800000E+01  .57931148E+00
   .17200000E+01  .55682502E+00
   .17600000E+01  .53396711E+00
   .18000000E+01  .51072361E+00
   .18400000E+01  .48707959E+00
   .18800000E+01  .46301928E+00
   .19200000E+01  .43852599E+00
   .19600000E+01  .41358210E+00
   .20000000E+01  .38816898E+00
KBPotential  L  =      2.00000  -3.99404
  -.20000000E+01 -.10996091E+01
  -.19600000E+01  .80932991E+01
  -.19200000E+01  .28138778E+01
  -.18800000E+01  .21690144E+01
  -.18400000E+01  .19097061E+01
  -.18000000E+01  .17651322E+01
  -.17600000E+01  .16699366E+01
  -.17200000E+01  .16004404E+01
  -.16800000E+01  .15459875E+01
  -.16400000E+01  .15010727E+01
  -.16000000E+01  .14625644E+01
  -.15600000E+01  .14285493E+01
  -.15200000E+01  .13977914E+01
  -.14800000E+01  .13694568E+01
  -.14400000E+01  .13429613E+01
  -.14000000E+01  .13178838E+01
  -.13600000E+01  .12939119E+01
  -.13200000E+01  .12708091E+01
  -.12800000E+01  .12483928E+01
  -.12400000E+01  .12265190E+01
  -.12000000E+01  .12050727E+01
  -.11600000E+01  .11839605E+01
  -.11200000E+01  .11631053E+01
  -.10800000E+01  .11424432E+01
  -.10400000E+01  .11219197E+01
  -.10000000E+01  .11014885E+01
  -.96000000E+00  .10811115E+01
  -.92000000E+00  .10607487E+01
  -.88000000E+00  .10403736E+01
  -.84000000E+00  .10199570E+01
  -.80000000E+00  .99947238E+00
  -.76000000E+00  .97889978E+00
  -.72000000E+00  .95821512E+00
  -.68000000E+00  .93739937E+00
  -.64000000E+00  .91643376E+00
  -.60000000E+00  .89530037E+00
  -.56000000E+00  .87398195E+00
  -.52000000E+00  .85246180E+00
  -.48000000E+00  .83072349E+00
  -.44000000E+00  .80875103E+00
  -.40000000E+00  .78652803E+00
  -.36000000E+00  .76403908E+00
  -.32000000E+00  .74126741E+00
  -.28000000E+00  .71819692E+00
  -.24000000E+00  .69481093E+00
  -.20000000E+00  .67109242E+00
  -.16000000E+00  .64702394E+00
  -.12000000E+00  .62258745E+00
  -.80000000E-01  .59776431E+00
  -.40000000E-01  .57253517E+00
   .12351231E-14  .54687676E+00
   .40000000E-01  .52078301E+00
   .80000000E-01  .49420947E+00
   .12000000E+00  .46714176E+00
   .16000000E+00  .43956054E+00
   .20000000E+00  .41143731E+00
   .24000000E+00  .38274464E+00
   .28000000E+00  .35345386E+00
   .32000000E+00  .32353458E+00
   .36000000E+00  .29295456E+00
   .40000000E+00  .26167945E+00
   .44000000E+00  .22967269E+00
   .48000000E+00  .19689525E+00
   .52000000E+00  .16330539E+00
   .56000000E+00  .12885843E+00
   .60000000E+00  .93506447E-01
   .64000000E+00  .57197959E-01
   .68000000E+00  .19877565E-01
   .72000000E+00 -.18514447E-01
   .76000000E+00 -.58042552E-01
   .80000000E+00 -.98776484E-01
   .84000000E+00 -.14079181E+00
   .88000000E+00 -.18417055E+00
   .92000000E+00 -.22900192E+00
   .96000000E+00 -.27538315E+00
   .10000000E+01 -.32342041E+00
   .10400000E+01 -.37322989E+00
   .10800000E+01 -.42493901E+00
   .11200000E+01 -.47868811E+00
   .11600000E+01 -.53463015E+00
   .12000000E+01 -.59293755E+00
   .12400000E+01 -.65379863E+00
   .12800000E+01 -.71742271E+00
   .13200000E+01 -.78404310E+00
   .13600000E+01 -.85392125E+00
   .14000000E+01 -.92734979E+00
   .14400000E+01 -.10046577E+01
   .14800000E+01 -.10862162E+01
   .15200000E+01 -.11724478E+01
   .15600000E+01 -.12638287E+01
   .16000000E+01 -.13609078E+01
   .16400000E+01 -.14643089E+01
   .16800000E+01 -.15747656E+01
   .17200000E+01 -.16931126E+01
   .17600000E+01 -.18203329E+01
   .18000000E+01 -.19575796E+01
   .18400000E+01 -.21062106E+01
   .18800000E+01 -.22678453E+01
   .19200000E+01 -.24444362E+01
   .19600000E+01 -.26383324E+01
   .20000000E+01 -.28524159E+01
KBPotential  L  =       .00000  -2.12876
  -.20000000E+01  .85039029E+00
  -.19600000E+01  .82047745E+00
  -.19200000E+01  .78938142E+00
  -.18800000E+01  .75699394E+00
  -.18400000E+01  .72319250E+00
  -.18000000E+01  .68783789E+00
  -.17600000E+01  .65077124E+00
  -.17200000E+01  .61181044E+00
  -.16800000E+01  .57074559E+00
  -.16400000E+01  .52733362E+00
  -.16000000E+01  .48129109E+00
  -.15600000E+01  .43228639E+00
  -.15200000E+01  .37992764E+00
  -.14800000E+01  .32374898E+00
  -.14400000E+01  .26319250E+00
  -.14000000E+01  .19758383E+00
  -.13600000E+01  .12610040E+00
  -.13200000E+01  .47727193E-01
  -.12800000E+01 -.38801125E-01
  -.12400000E+01 -.13508442E+00
  -.12000000E+01 -.24317467E+00
  -.11600000E+01 -.36574820E+00
  -.11200000E+01 -.50636277E+00
  -.10800000E+01 -.66985335E+00
  -.10400000E+01 -.86296189E+00
  -.10000000E+01 -.10953809E+01
  -.96000000E+00 -.13815659E+01
  -.92000000E+00 -.17440724E+01
  -.88000000E+00 -.22201536E+01
  -.84000000E+00 -.28760630E+01
  -.80000000E+00 -.38420970E+01
  -.76000000E+00 -.54146381E+01
  -.72000000E+00 -.84445719E+01
  -.68000000E+00 -.16773613E+02
  -.64000000E+00 -.14560559E+03
  -.60000000E+00  .24437945E+02
  -.56000000E+00  .11819903E+02
  -.52000000E+00  .80086346E+01
  -.48000000E+00  .61629584E+01
  -.44000000E+00  .50699644E+01
  -.40000000E+00  .43443819E+01
  -.36000000E+00  .38255206E+01
  -.32000000E+00  .34344436E+01
  -.28000000E+00  .31278424E+01
  -.24000000E+00  .28799726E+01
  -.20000000E+00  .26745695E+01
  -.16000000E+00  .25008515E+01
  -.12000000E+00  .23513892E+01
  -.80000000E-01  .22208958E+01
  -.40000000E-01  .21055063E+01
   .12351231E-14  .20023294E+01
   .40000000E-01  .19091596E+01
   .80000000E-01  .18242815E+01
   .12000000E+00  .17463456E+01
   .16000000E+00  .16742716E+01
   .20000000E+00  .16071862E+01
   .24000000E+00  .15443744E+01
   .28000000E+00  .14852453E+01
   .32000000E+00  .14293063E+01
   .36000000E+00  .13761430E+01
   .40000000E+00  .13254042E+01
   .44000000E+00  .12767899E+01
   .48000000E+00  .12300422E+01
   .52000000E+00  .11849380E+01
   .56000000E+00  .11412828E+01
   .60000000E+00  .10989074E+01
   .64000000E+00  .10576614E+01
   .68000000E+00  .10174114E+01
   .72000000E+00  .97803974E+00
   .76000000E+00  .93944111E+00
   .80000000E+00  .90152016E+00
   .84000000E+00  .86419089E+00
   .88000000E+00  .82737516E+00
   .92000000E+00  .79100156E+00
   .96000000E+00  .75500454E+00
   .10000000E+01  .71932356E+00
   .10400000E+01  .68390232E+00
   .10800000E+01  .64868851E+00
   .11200000E+01  .61363278E+00
   .11600000E+01  .57868862E+00
   .12000000E+01  .54381177E+00
   .12400000E+01  .50895996E+00
   .12800000E+01  .47409247E+00
   .13200000E+01  .43916984E+00
   .13600000E+01  .40415358E+00
   .14000000E+01  .36900594E+00
   .14400000E+01  .33368918E+00
   .14800000E+01  .29816602E+00
   .15200000E+01  .26239879E+00
   .15600000E+01  .22634933E+00
   .16000000E+01  .18997855E+00
   .16400000E+01  .15324636E+00
   .16800000E+01  .11611042E+00
   .17200000E+01  .78526747E-01
   .17600000E+01  .40448439E-01
   .18000000E+01  .18251693E-02
   .18400000E+01 -.37397710E-01
   .18800000E+01 -.77280188E-01
   .19200000E+01 -.11788899E+00
   .19600000E+01 -.15929934E+00
   .20000000E+01 -.20159727E+00
KBPotential  L  =      1.00000   -.68006
  -.20000000E+01  .11143575E+01
  -.19600000E+01  .10956380E+01
  -.19200000E+01  .10766149E+01
  -.18800000E+01  .10572756E+01
  -.18400000E+01  .10376066E+01
  -.18000000E+01  .10175935E+01
  -.17600000E+01  .99722119E+00
  -.17200000E+01  .97647335E+00
  -.16800000E+01  .95533271E+00
  -.16400000E+01  .93378078E+00
  -.16000000E+01  .91179780E+00
  -.15600000E+01  .88936261E+00
  -.15200000E+01  .86645254E+00
  -.14800000E+01  .84304328E+00
  -.14400000E+01  .81910867E+00
  -.14000000E+01  .79462058E+00
  -.13600000E+01  .76954869E+00
  -.13200000E+01  .74386026E+00
  -.12800000E+01  .71751991E+00
  -.12400000E+01  .69048932E+00
  -.12000000E+01  .66272693E+00
  -.11600000E+01  .63418757E+00
  -.11200000E+01  .60482206E+00
  -.10800000E+01  .57457676E+00
  -.10400000E+01  .54339305E+00
  -.10000000E+01  .51120670E+00
  -.96000000E+00  .47794723E+00
  -.92000000E+00  .44353706E+00
  -.88000000E+00  .40789066E+00
  -.84000000E+00  .37091341E+00
  -.80000000E+00  .33250044E+00
  -.76000000E+00  .29253506E+00
  -.72000000E+00  .25088737E+00
  -.68000000E+00  .20741180E+00
  -.64000000E+00  .16194512E+00
  -.60000000E+00  .11430334E+00
  -.56000000E+00  .64278598E-01
  -.52000000E+00  .11634920E-01
  -.48000000E+00 -.43896659E-01
  -.44000000E+00 -.10262408E+00
  -.40000000E+00 -.16490161E+00
  -.36000000E+00 -.23113893E+00
  -.32000000E+00 -.30181241E+00
  -.28000000E+00 -.37747931E+00
  -.24000000E+00 -.45879578E+00
  -.20000000E+00 -.54653976E+00
  -.16000000E+00 -.64164070E+00
  -.12000000E+00 -.74521850E+00
  -.80000000E-01 -.85863478E+00
  -.40000000E-01 -.98356200E+00
   .12351231E-14 -.11220776E+01
   .40000000E-01 -.12767947E+01
   .80000000E-01 -.14510464E+01
   .12000000E+00 -.16491525E+01
   .16000000E+00 -.18768143E+01
   .20000000E+00 -.21417142E+01
   .24000000E+00 -.24544590E+01
   .28000000E+00 -.28301178E+01
   .32000000E+00 -.32908452E+01
   .36000000E+00 -.38706002E+01
   .40000000E+00 -.46242185E+01
   .44000000E+00 -.56463686E+01
   .48000000E+00 -.71157477E+01
   .52000000E+00 -.94149043E+01
   .56000000E+00 -.13536901E+02
   .60000000E+00 -.23111730E+02
   .64000000E+00 -.70442931E+02
   .68000000E+00  .73939097E+02
   .72000000E+00  .24967567E+02
   .76000000E+00  .15261064E+02
   .80000000E+00  .11102193E+02
   .84000000E+00  .87871864E+01
   .88000000E+00  .73090571E+01
   .92000000E+00  .62811097E+01
   .96000000E+00  .55230613E+01
   .10000000E+01  .49395297E+01
   .10400000E+01  .44753200E+01
   .10800000E+01  .40962746E+01
   .11200000E+01  .37801241E+01
   .11600000E+01  .35117263E+01
   .12000000E+01  .32804271E+01
   .12400000E+01  .30785124E+01
   .12800000E+01  .29002571E+01
   .13200000E+01  .27413248E+01
   .13600000E+01  .25983696E+01
   .14000000E+01  .24687681E+01
   .14400000E+01  .23504343E+01
   .14800000E+01  .22416886E+01
   .15200000E+01  .21411630E+01
   .15600000E+01  .20477317E+01
   .16000000E+01  .19604601E+01
   .16400000E+01  .18785647E+01
   .16800000E+01  .18013845E+01
   .17200000E+01  .17283572E+01
   .17600000E+01  .16590013E+01
   .18000000E+01  .15929020E+01
   .18400000E+01  .15297001E+01
   .18800000E+01  .14690823E+01
   .19200000E+01  .14107740E+01
   .19600000E+01  .13545336E+01
   .20000000E+01  .13001473E+01
KBPotential  L  =      3.00000    .00000
  -.20000000E+01  .16078112E+01
  -.19600000E+01  .15955048E+01
  -.19200000E+01  .15831067E+01
  -.18800000E+01  .15706149E+01
  -.18400000E+01  .15580274E+01
  -.18000000E+01  .15453421E+01
  -.17600000E+01  .15325566E+01
  -.17200000E+01  .15196688E+01
  -.16800000E+01  .15066763E+01
  -.16400000E+01  .14935764E+01
  -.16000000E+01  .14803668E+01
  -.15600000E+01  .14670447E+01
  -.15200000E+01  .14536073E+01
  -.14800000E+01  .14400518E+01
  -.14400000E+01  .14263751E+01
  -.14000000E+01  .14125743E+01
  -.13600000E+01  .13986459E+01
  -.13200000E+01  .13845866E+01
  -.12800000E+01  .13703930E+01
  -.12400000E+01  .13560613E+01
  -.12000000E+01  .13415877E+01
  -.11600000E+01  .13269683E+01
  -.11200000E+01  .13121987E+01
  -.10800000E+01  .12972748E+01
  -.10400000E+01  .12821919E+01
  -.10000000E+01  .12669452E+01
  -.96000000E+00  .12515297E+01
  -.92000000E+00  .12359403E+01
  -.88000000E+00  .12201713E+01
  -.84000000E+00  .12042172E+01
  -.80000000E+00  .11880717E+01
  -.76000000E+00  .11717286E+01
  -.72000000E+00  .11551812E+01
  -.68000000E+00  .11384224E+01
  -.64000000E+00  .11214448E+01
  -.60000000E+00  .11042407E+01
  -.56000000E+00  .10868017E+01
  -.52000000E+00  .10691193E+01
  -.48000000E+00  .10511842E+01
  -.44000000E+00  .10329866E+01
  -.40000000E+00  .10145164E+01
  -.36000000E+00  .99576256E+00
  -.32000000E+00  .97671356E+00
  -.28000000E+00  .95735710E+00
  -.24000000E+00  .93768014E+00
  -.20000000E+00  .91766878E+00
  -.16000000E+00  .89730820E+00
  -.12000000E+00  .87658263E+00
  -.80000000E-01  .85547520E+00
  -.40000000E-01  .83396787E+00
   .12351231E-14  .81204134E+00
   .40000000E-01  .78967492E+00
   .80000000E-01  .76684639E+00
   .12000000E+00  .74353186E+00
   .16000000E+00  .71970562E+00
   .20000000E+00  .69533994E+00
   .24000000E+00  .67040487E+00
   .28000000E+00  .64486801E+00
   .32000000E+00  .61869426E+00
   .36000000E+00  .59184550E+00
   .40000000E+00  .56428027E+00
   .44000000E+00  .53595340E+00
   .48000000E+00  .50681557E+00
   .52000000E+00  .47681279E+00
   .56000000E+00  .44588586E+00
   .60000000E+00  .41396971E+00
   .64000000E+00  .38099263E+00
   .68000000E+00  .34687541E+00
   .72000000E+00  .31153031E+00
   .76000000E+00  .27485983E+00
   .80000000E+00  .23675541E+00
   .84000000E+00  .19709568E+00
   .88000000E+00  .15574456E+00
   .92000000E+00  .11254894E+00
   .96000000E+00  .67335877E-01
   .10000000E+01  .19909305E-01
   .10400000E+01 -.29954034E-01
   .10800000E+01 -.82509478E-01
   .11200000E+01 -.13805046E+00
   .11600000E+01 -.19691591E+00
   .12000000E+01 -.25949949E+00
   .12400000E+01 -.32626115E+00
   .12800000E+01 -.39774168E+00
   .13200000E+01 -.47458146E+00
   .13600000E+01 -.55754446E+00
   .14000000E+01 -.64754965E+00
   .14400000E+01 -.74571257E+00
   .14800000E+01 -.85340087E+00
   .15200000E+01 -.97230995E+00
   .15600000E+01 -.11045676E+01
   .16000000E+01 -.12528811E+01
   .16400000E+01 -.14207497E+01
   .16800000E+01 -.16127766E+01
   .17200000E+01 -.18351424E+01
   .17600000E+01 -.20963443E+01
   .18000000E+01 -.24083937E+01
   .18400000E+01 -.27888438E+01
   .18800000E+01 -.32644028E+01
   .19200000E+01 -.38777985E+01
   .19600000E+01 -.47019089E+01
   .20000000E+01 -.58720559E+01
KBPotential  L  =      4.00000    .00000
  -.20000000E+01  .18927320E+01
  -.19600000E+01  .18825378E+01
  -.19200000E+01  .18722943E+01
  -.18800000E+01  .18620008E+01
  -.18400000E+01  .18516565E+01
  -.18000000E+01  .18412607E+01
  -.17600000E+01  .18308128E+01
  -.17200000E+01  .18203121E+01
  -.16800000E+01  .18097576E+01
  -.16400000E+01  .17991488E+01
  -.16000000E+01  .17884849E+01
  -.15600000E+01  .17777649E+01
  -.15200000E+01  .17669881E+01
  -.14800000E+01  .17561537E+01
  -.14400000E+01  .17452608E+01
  -.14000000E+01  .17343085E+01
  -.13600000E+01  .17232960E+01
  -.13200000E+01  .17122222E+01
  -.12800000E+01  .17010863E+01
  -.12400000E+01  .16898873E+01
  -.12000000E+01  .16786243E+01
  -.11600000E+01  .16672962E+01
  -.11200000E+01  .16559018E+01
  -.10800000E+01  .16444403E+01
  -.10400000E+01  .16329106E+01
  -.10000000E+01  .16213114E+01
  -.96000000E+00  .16096417E+01
  -.92000000E+00  .15979002E+01
  -.88000000E+00  .15860858E+01
  -.84000000E+00  .15741973E+01
  -.80000000E+00  .15622333E+01
  -.76000000E+00  .15501925E+01
  -.72000000E+00  .15380737E+01
  -.68000000E+00  .15258754E+01
  -.64000000E+00  .15135962E+01
  -.60000000E+00  .15012347E+01
  -.56000000E+00  .14887894E+01
  -.52000000E+00  .14762587E+01
  -.48000000E+00  .14636410E+01
  -.44000000E+00  .14509348E+01
  -.40000000E+00  .14381384E+01
  -.36000000E+00  .14252500E+01
  -.32000000E+00  .14122679E+01
  -.28000000E+00  .13991902E+01
  -.24000000E+00  .13860151E+01
  -.20000000E+00  .13727406E+01
  -.16000000E+00  .13593647E+01
  -.12000000E+00  .13458854E+01
  -.80000000E-01  .13323006E+01
  -.40000000E-01  .13186081E+01
   .12351231E-14  .13048055E+01
   .40000000E-01  .12908907E+01
   .80000000E-01  .12768611E+01
   .12000000E+00  .12627143E+01
   .16000000E+00  .12484477E+01
   .20000000E+00  .12340587E+01
   .24000000E+00  .12195445E+01
   .28000000E+00  .12049023E+01
   .32000000E+00  .11901292E+01
   .36000000E+00  .11752221E+01
   .40000000E+00  .11601779E+01
   .44000000E+00  .11449932E+01
   .48000000E+00  .11296649E+01
   .52000000E+00  .11141893E+01
   .56000000E+00  .10985628E+01
   .60000000E+00  .10827817E+01
   .64000000E+00  .10668420E+01
   .68000000E+00  .10507398E+01
   .72000000E+00  .10344708E+01
   .76000000E+00  .10180307E+01
   .80000000E+00  .10014149E+01
   .84000000E+00  .98461862E+00
   .88000000E+00  .96763707E+00
   .92000000E+00  .95046509E+00
   .96000000E+00  .93309736E+00
   .10000000E+01  .91552835E+00
   .10400000E+01  .89775226E+00
   .10800000E+01  .87976311E+00
   .11200000E+01  .86155455E+00
   .11600000E+01  .84312006E+00
   .12000000E+01  .82445278E+00
   .12400000E+01  .80554555E+00
   .12800000E+01  .78639088E+00
   .13200000E+01  .76698094E+00
   .13600000E+01  .74730753E+00
   .14000000E+01  .72736207E+00
   .14400000E+01  .70713555E+00
   .14800000E+01  .68661855E+00
   .15200000E+01  .66580115E+00
   .15600000E+01  .64467295E+00
   .16000000E+01  .62322303E+00
   .16400000E+01  .60143990E+00
   .16800000E+01  .57931148E+00
   .17200000E+01  .55682502E+00
   .17600000E+01  .53396711E+00
   .18000000E+01  .51072361E+00
   .18400000E+01  .48707959E+00
   .18800000E+01  .46301928E+00
   .19200000E+01  .43852599E+00
   .19600000E+01  .41358210E+00
   .20000000E+01  .38816898E+00
