   Ac_s: PAW                             
 100
Core Pot   L  =         .00000   -.29210
  -.30000000E+01  .36971696E-01
  -.29500000E+01 -.83930354E+02
  -.29000000E+01  .29671672E+01
  -.28500000E+01  .21899106E+01
  -.28000000E+01  .19223052E+01
  -.27500000E+01  .17803066E+01
  -.27000000E+01  .16881707E+01
  -.26500000E+01  .16207922E+01
  -.26000000E+01  .15674435E+01
  -.25500000E+01  .15227694E+01
  -.25000000E+01  .14837961E+01
  -.24500000E+01  .14487386E+01
  -.24000000E+01  .14164590E+01
  -.23500000E+01  .13861966E+01
  -.23000000E+01  .13574223E+01
  -.22500000E+01  .13297557E+01
  -.22000000E+01  .13029152E+01
  -.21500000E+01  .12766872E+01
  -.21000000E+01  .12509055E+01
  -.20500000E+01  .12254384E+01
  -.20000000E+01  .12001789E+01
  -.19500000E+01  .11750390E+01
  -.19000000E+01  .11499443E+01
  -.18500000E+01  .11248313E+01
  -.18000000E+01  .10996445E+01
  -.17500000E+01  .10743344E+01
  -.17000000E+01  .10488565E+01
  -.16500000E+01  .10231697E+01
  -.16000000E+01  .99723552E+00
  -.15500000E+01  .97101763E+00
  -.15000000E+01  .94448080E+00
  -.14500000E+01  .91759068E+00
  -.14000000E+01  .89031321E+00
  -.13500000E+01  .86261432E+00
  -.13000000E+01  .83445948E+00
  -.12500000E+01  .80581342E+00
  -.12000000E+01  .77663980E+00
  -.11500000E+01  .74690088E+00
  -.11000000E+01  .71655720E+00
  -.10500000E+01  .68556725E+00
  -.10000000E+01  .65388716E+00
  -.95000000E+00  .62147032E+00
  -.90000000E+00  .58826695E+00
  -.85000000E+00  .55422375E+00
  -.80000000E+00  .51928335E+00
  -.75000000E+00  .48338386E+00
  -.70000000E+00  .44645820E+00
  -.65000000E+00  .40843353E+00
  -.60000000E+00  .36923043E+00
  -.55000000E+00  .32876207E+00
  -.50000000E+00  .28693324E+00
  -.45000000E+00  .24363920E+00
  -.40000000E+00  .19876439E+00
  -.35000000E+00  .15218087E+00
  -.30000000E+00  .10374661E+00
  -.25000000E+00  .53303344E-01
  -.20000000E+00  .67416378E-03
  -.15000000E+00 -.54339431E-01
  -.10000000E+00 -.11196098E+00
  -.50000000E-01 -.17244323E+00
  -.22898350E-14 -.23607312E+00
   .50000000E-01 -.30317786E+00
   .10000000E+00 -.37413233E+00
   .15000000E+00 -.44936817E+00
   .20000000E+00 -.52938505E+00
   .25000000E+00 -.61476464E+00
   .30000000E+00 -.70618835E+00
   .35000000E+00 -.80445972E+00
   .40000000E+00 -.91053314E+00
   .45000000E+00 -.10255512E+01
   .50000000E+00 -.11508935E+01
   .55000000E+00 -.12882417E+01
   .60000000E+00 -.14396673E+01
   .65000000E+00 -.16077514E+01
   .70000000E+00 -.17957520E+01
   .75000000E+00 -.20078419E+01
   .80000000E+00 -.22494545E+01
   .85000000E+00 -.25277982E+01
   .90000000E+00 -.28526474E+01
   .95000000E+00 -.32375951E+01
   .10000000E+01 -.37021212E+01
   .10500000E+01 -.42751669E+01
   .11000000E+01 -.50016734E+01
   .11500000E+01 -.59554149E+01
   .12000000E+01 -.72665400E+01
   .12500000E+01 -.91881410E+01
   .13000000E+01 -.12286316E+02
   .13500000E+01 -.18140622E+02
   .14000000E+01 -.33449486E+02
   .14500000E+01 -.17926767E+03
   .15000000E+01  .55737418E+02
   .15500000E+01  .24530403E+02
   .16000000E+01  .15875681E+02
   .16500000E+01  .11806472E+02
   .17000000E+01  .94360692E+01
   .17500000E+01  .78804367E+01
   .18000000E+01  .67781932E+01
   .18500000E+01  .59540965E+01
   .19000000E+01  .53128688E+01
   .19500000E+01  .47982553E+01
   .20000000E+01  .43749001E+01
Potential  L  =         .00000   -.29210
  -.30000000E+01  .15073474E+01
  -.29500000E+01  .14909955E+01
  -.29000000E+01  .14744776E+01
  -.28500000E+01  .14577889E+01
  -.28000000E+01  .14409247E+01
  -.27500000E+01  .14238797E+01
  -.27000000E+01  .14066485E+01
  -.26500000E+01  .13892256E+01
  -.26000000E+01  .13716051E+01
  -.25500000E+01  .13537808E+01
  -.25000000E+01  .13357462E+01
  -.24500000E+01  .13174946E+01
  -.24000000E+01  .12990188E+01
  -.23500000E+01  .12803113E+01
  -.23000000E+01  .12613642E+01
  -.22500000E+01  .12421693E+01
  -.22000000E+01  .12227178E+01
  -.21500000E+01  .12030006E+01
  -.21000000E+01  .11830078E+01
  -.20500000E+01  .11627292E+01
  -.20000000E+01  .11421539E+01
  -.19500000E+01  .11212705E+01
  -.19000000E+01  .11000668E+01
  -.18500000E+01  .10785299E+01
  -.18000000E+01  .10566460E+01
  -.17500000E+01  .10344007E+01
  -.17000000E+01  .10117783E+01
  -.16500000E+01  .98876248E+00
  -.16000000E+01  .96533558E+00
  -.15500000E+01  .94147881E+00
  -.15000000E+01  .91717210E+00
  -.14500000E+01  .89239396E+00
  -.14000000E+01  .86712134E+00
  -.13500000E+01  .84132952E+00
  -.13000000E+01  .81499190E+00
  -.12500000E+01  .78807987E+00
  -.12000000E+01  .76056257E+00
  -.11500000E+01  .73240666E+00
  -.11000000E+01  .70357607E+00
  -.10500000E+01  .67403171E+00
  -.10000000E+01  .64373114E+00
  -.95000000E+00  .61262817E+00
  -.90000000E+00  .58067245E+00
  -.85000000E+00  .54780899E+00
  -.80000000E+00  .51397756E+00
  -.75000000E+00  .47911204E+00
  -.70000000E+00  .44313983E+00
  -.65000000E+00  .40598072E+00
  -.60000000E+00  .36754604E+00
  -.55000000E+00  .32773749E+00
  -.50000000E+00  .28644586E+00
  -.45000000E+00  .24354908E+00
  -.40000000E+00  .19891074E+00
  -.35000000E+00  .15237751E+00
  -.30000000E+00  .10377670E+00
  -.25000000E+00  .52912868E-01
  -.20000000E+00 -.43636470E-03
  -.15000000E+00 -.56524417E-01
  -.10000000E+00 -.11564202E+00
  -.50000000E-01 -.17812422E+00
  -.22898350E-14 -.24435929E+00
   .50000000E-01 -.31479971E+00
   .10000000E+00 -.38997613E+00
   .15000000E+00 -.47051525E+00
   .20000000E+00 -.55716244E+00
   .25000000E+00 -.65081162E+00
   .30000000E+00 -.75254421E+00
   .35000000E+00 -.86368126E+00
   .40000000E+00 -.98585392E+00
   .45000000E+00 -.11211004E+01
   .50000000E+00 -.12720016E+01
   .55000000E+00 -.14418754E+01
   .60000000E+00 -.16350597E+01
   .65000000E+00 -.18573383E+01
   .70000000E+00 -.21165985E+01
   .75000000E+00 -.24238843E+01
   .80000000E+00 -.27951518E+01
   .85000000E+00 -.32543445E+01
   .90000000E+00 -.38391077E+01
   .95000000E+00 -.46122298E+01
   .10000000E+01 -.56868464E+01
   .10500000E+01 -.72895599E+01
   .11000000E+01 -.99503421E+01
   .11500000E+01 -.15265524E+02
   .12000000E+01 -.31295047E+02
   .12500000E+01  .25946688E+04
   .13000000E+01  .31532069E+02
   .13500000E+01  .16072945E+02
   .14000000E+01  .10861892E+02
   .14500000E+01  .82357962E+01
   .15000000E+01  .66472012E+01
   .15500000E+01  .55781980E+01
   .16000000E+01  .48063086E+01
   .16500000E+01  .42201153E+01
   .17000000E+01  .37576493E+01
   .17500000E+01  .33816892E+01
   .18000000E+01  .30685294E+01
   .18500000E+01  .28023502E+01
   .19000000E+01  .25721902E+01
   .19500000E+01  .23702088E+01
   .20000000E+01  .21906502E+01
Core Pot   L  =        1.00000  -1.47920
  -.30000000E+01  .14684241E+01
  -.29500000E+01  .14487537E+01
  -.29000000E+01  .14286454E+01
  -.28500000E+01  .14080645E+01
  -.28000000E+01  .13869714E+01
  -.27500000E+01  .13653214E+01
  -.27000000E+01  .13430632E+01
  -.26500000E+01  .13201382E+01
  -.26000000E+01  .12964783E+01
  -.25500000E+01  .12720047E+01
  -.25000000E+01  .12466252E+01
  -.24500000E+01  .12202310E+01
  -.24000000E+01  .11926932E+01
  -.23500000E+01  .11638574E+01
  -.23000000E+01  .11335370E+01
  -.22500000E+01  .11015043E+01
  -.22000000E+01  .10674785E+01
  -.21500000E+01  .10311087E+01
  -.21000000E+01  .99195075E+00
  -.20500000E+01  .94943316E+00
  -.20000000E+01  .90280820E+00
  -.19500000E+01  .85107751E+00
  -.19000000E+01  .79287688E+00
  -.18500000E+01  .72629113E+00
  -.18000000E+01  .64854363E+00
  -.17500000E+01  .55544924E+00
  -.17000000E+01  .44038961E+00
  -.16500000E+01  .29224146E+00
  -.16000000E+01  .90753126E-01
  -.15500000E+01 -.20524342E+00
  -.15000000E+01 -.69424971E+00
  -.14500000E+01 -.16852558E+01
  -.14000000E+01 -.49050269E+01
  -.13500000E+01  .41771800E+02
  -.13000000E+01  .56713122E+01
  -.12500000E+01  .34762626E+01
  -.12000000E+01  .26710746E+01
  -.11500000E+01  .22455261E+01
  -.11000000E+01  .19773520E+01
  -.10500000E+01  .17893562E+01
  -.10000000E+01  .16476543E+01
  -.95000000E+00  .15350311E+01
  -.90000000E+00  .14418095E+01
  -.85000000E+00  .13621289E+01
  -.80000000E+00  .12922299E+01
  -.75000000E+00  .12295881E+01
  -.70000000E+00  .11724430E+01
  -.65000000E+00  .11195277E+01
  -.60000000E+00  .10699051E+01
  -.55000000E+00  .10228655E+01
  -.50000000E+00  .97785985E+00
  -.45000000E+00  .93445491E+00
  -.40000000E+00  .89230282E+00
  -.35000000E+00  .85111937E+00
  -.30000000E+00  .81066852E+00
  -.25000000E+00  .77075112E+00
  -.20000000E+00  .73119644E+00
  -.15000000E+00  .69185580E+00
  -.10000000E+00  .65259769E+00
  -.50000000E-01  .61330389E+00
  -.22898350E-14  .57386649E+00
   .50000000E-01  .53418537E+00
   .10000000E+00  .49416623E+00
   .15000000E+00  .45371888E+00
   .20000000E+00  .41275578E+00
   .25000000E+00  .37119080E+00
   .30000000E+00  .32893805E+00
   .35000000E+00  .28591084E+00
   .40000000E+00  .24202071E+00
   .45000000E+00  .19717639E+00
   .50000000E+00  .15128288E+00
   .55000000E+00  .10424043E+00
   .60000000E+00  .55943524E-01
   .65000000E+00  .62796848E-02
   .70000000E+00 -.44871674E-01
   .75000000E+00 -.97640637E-01
   .80000000E+00 -.15216829E+00
   .85000000E+00 -.20860841E+00
   .90000000E+00 -.26712945E+00
   .95000000E+00 -.32791673E+00
   .10000000E+01 -.39117511E+00
   .10500000E+01 -.45713192E+00
   .11000000E+01 -.52604065E+00
   .11500000E+01 -.59818504E+00
   .12000000E+01 -.67388421E+00
   .12500000E+01 -.75349859E+00
   .13000000E+01 -.83743716E+00
   .13500000E+01 -.92616627E+00
   .14000000E+01 -.10202203E+01
   .14500000E+01 -.11202150E+01
   .15000000E+01 -.12268635E+01
   .15500000E+01 -.13409971E+01
   .16000000E+01 -.14635907E+01
   .16500000E+01 -.15957960E+01
   .17000000E+01 -.17389833E+01
   .17500000E+01 -.18947964E+01
   .18000000E+01 -.20652247E+01
   .18500000E+01 -.22526998E+01
   .19000000E+01 -.24602254E+01
   .19500000E+01 -.26915567E+01
   .20000000E+01 -.29514518E+01
Potential  L  =        1.00000  -1.47920
  -.30000000E+01  .14252035E+01
  -.29500000E+01  .14040967E+01
  -.29000000E+01  .13824745E+01
  -.28500000E+01  .13602957E+01
  -.28000000E+01  .13375138E+01
  -.27500000E+01  .13140763E+01
  -.27000000E+01  .12899235E+01
  -.26500000E+01  .12649867E+01
  -.26000000E+01  .12391873E+01
  -.25500000E+01  .12124343E+01
  -.25000000E+01  .11846214E+01
  -.24500000E+01  .11556246E+01
  -.24000000E+01  .11252971E+01
  -.23500000E+01  .10934644E+01
  -.23000000E+01  .10599172E+01
  -.22500000E+01  .10244019E+01
  -.22000000E+01  .98660836E+00
  -.21500000E+01  .94615262E+00
  -.21000000E+01  .90255352E+00
  -.20500000E+01  .85519949E+00
  -.20000000E+01  .80330072E+00
  -.19500000E+01  .74581859E+00
  -.19000000E+01  .68135880E+00
  -.18500000E+01  .60800382E+00
  -.18000000E+01  .52304113E+00
  -.17500000E+01  .42250206E+00
  -.17000000E+01  .30033747E+00
  -.16500000E+01  .14684612E+00
  -.16000000E+01 -.54576122E-01
  -.15500000E+01 -.33491056E+00
  -.15000000E+01 -.75938846E+00
  -.14500000E+01 -.14929213E+01
  -.14000000E+01 -.31082785E+01
  -.13500000E+01 -.98899495E+01
  -.13000000E+01  .18652558E+02
  -.12500000E+01  .58799101E+01
  -.12000000E+01  .38093494E+01
  -.11500000E+01  .29493954E+01
  -.11000000E+01  .24711210E+01
  -.10500000E+01  .21615737E+01
  -.10000000E+01  .19412449E+01
  -.95000000E+00  .17736935E+01
  -.90000000E+00  .16398571E+01
  -.85000000E+00  .15287900E+01
  -.80000000E+00  .14337543E+01
  -.75000000E+00  .13503702E+01
  -.70000000E+00  .12756635E+01
  -.65000000E+00  .12075392E+01
  -.60000000E+00  .11444756E+01
  -.55000000E+00  .10853367E+01
  -.50000000E+00  .10292536E+01
  -.45000000E+00  .97554702E+00
  -.40000000E+00  .92367431E+00
  -.35000000E+00  .87319342E+00
  -.30000000E+00  .82373695E+00
  -.25000000E+00  .77499344E+00
  -.20000000E+00  .72669356E+00
  -.15000000E+00  .67859957E+00
  -.10000000E+00  .63049727E+00
  -.50000000E-01  .58218954E+00
  -.22898350E-14  .53349117E+00
   .50000000E-01  .48422445E+00
   .10000000E+00  .43421547E+00
   .15000000E+00  .38329068E+00
   .20000000E+00  .33127372E+00
   .25000000E+00  .27798248E+00
   .30000000E+00  .22322580E+00
   .35000000E+00  .16680053E+00
   .40000000E+00  .10848774E+00
   .45000000E+00  .48049003E-01
   .50000000E+00 -.14778107E-01
   .55000000E+00 -.80285135E-01
   .60000000E+00 -.14879884E+00
   .65000000E+00 -.22068847E+00
   .70000000E+00 -.29637461E+00
   .75000000E+00 -.37634002E+00
   .80000000E+00 -.46114311E+00
   .85000000E+00 -.55143479E+00
   .90000000E+00 -.64797987E+00
   .95000000E+00 -.75168448E+00
   .10000000E+01 -.86363161E+00
   .10500000E+01 -.98512781E+00
   .11000000E+01 -.11177653E+01
   .11500000E+01 -.12635058E+01
   .12000000E+01 -.14247961E+01
   .12500000E+01 -.16047283E+01
   .13000000E+01 -.18072704E+01
   .13500000E+01 -.20376004E+01
   .14000000E+01 -.23026080E+01
   .14500000E+01 -.26116671E+01
   .15000000E+01 -.29778693E+01
   .15500000E+01 -.34200713E+01
   .16000000E+01 -.39664644E+01
   .16500000E+01 -.46611709E+01
   .17000000E+01 -.55773525E+01
   .17500000E+01 -.68458148E+01
   .18000000E+01 -.87257134E+01
   .18500000E+01 -.11813170E+02
   .19000000E+01 -.17852752E+02
   .19500000E+01 -.35072944E+02
   .20000000E+01 -.50342613E+03
Core Pot   L  =        2.00000   -.17031
  -.30000000E+01  .16270834E+01
  -.29500000E+01  .16112430E+01
  -.29000000E+01  .15952346E+01
  -.28500000E+01  .15790528E+01
  -.28000000E+01  .15626919E+01
  -.27500000E+01  .15461456E+01
  -.27000000E+01  .15294077E+01
  -.26500000E+01  .15124712E+01
  -.26000000E+01  .14953291E+01
  -.25500000E+01  .14779737E+01
  -.25000000E+01  .14603970E+01
  -.24500000E+01  .14425903E+01
  -.24000000E+01  .14245447E+01
  -.23500000E+01  .14062505E+01
  -.23000000E+01  .13876973E+01
  -.22500000E+01  .13688743E+01
  -.22000000E+01  .13497696E+01
  -.21500000E+01  .13303707E+01
  -.21000000E+01  .13106643E+01
  -.20500000E+01  .12906358E+01
  -.20000000E+01  .12702699E+01
  -.19500000E+01  .12495500E+01
  -.19000000E+01  .12284579E+01
  -.18500000E+01  .12069745E+01
  -.18000000E+01  .11850788E+01
  -.17500000E+01  .11627480E+01
  -.17000000E+01  .11399575E+01
  -.16500000E+01  .11166805E+01
  -.16000000E+01  .10928878E+01
  -.15500000E+01  .10685474E+01
  -.15000000E+01  .10436243E+01
  -.14500000E+01  .10180801E+01
  -.14000000E+01  .99187239E+00
  -.13500000E+01  .96495458E+00
  -.13000000E+01  .93727492E+00
  -.12500000E+01  .90877600E+00
  -.12000000E+01  .87939386E+00
  -.11500000E+01  .84905704E+00
  -.11000000E+01  .81768541E+00
  -.10500000E+01  .78518875E+00
  -.10000000E+01  .75146511E+00
  -.95000000E+00  .71639882E+00
  -.90000000E+00  .67985802E+00
  -.85000000E+00  .64169169E+00
  -.80000000E+00  .60172601E+00
  -.75000000E+00  .55975980E+00
  -.70000000E+00  .51555884E+00
  -.65000000E+00  .46884878E+00
  -.60000000E+00  .41930598E+00
  -.55000000E+00  .36654591E+00
  -.50000000E+00  .31010790E+00
  -.45000000E+00  .24943527E+00
  -.40000000E+00  .18384871E+00
  -.35000000E+00  .11251038E+00
  -.30000000E+00  .34374559E-01
  -.25000000E+00 -.51881400E-01
  -.20000000E+00 -.14795553E+00
  -.15000000E+00 -.25606505E+00
  -.10000000E+00 -.37916174E+00
  -.50000000E-01 -.52126423E+00
  -.22898350E-14 -.68798876E+00
   .50000000E-01 -.88743173E+00
   .10000000E+00 -.11317102E+01
   .15000000E+00 -.14398134E+01
   .20000000E+00 -.18432827E+01
   .25000000E+00 -.23986407E+01
   .30000000E+00 -.32182357E+01
   .35000000E+00 -.45617768E+01
   .40000000E+00 -.71958503E+01
   .45000000E+00 -.14808936E+02
   .50000000E+00 -.32959137E+03
   .55000000E+00  .17879120E+02
   .60000000E+00  .90509974E+01
   .65000000E+00  .61910783E+01
   .70000000E+00  .47669568E+01
   .75000000E+00  .39083438E+01
   .80000000E+00  .33299543E+01
   .85000000E+00  .29106757E+01
   .90000000E+00  .25903213E+01
   .95000000E+00  .23355957E+01
   .10000000E+01  .21265818E+01
   .10500000E+01  .19506320E+01
   .11000000E+01  .17993265E+01
   .11500000E+01  .16668404E+01
   .12000000E+01  .15490136E+01
   .12500000E+01  .14427934E+01
   .13000000E+01  .13458873E+01
   .13500000E+01  .12565382E+01
   .14000000E+01  .11733749E+01
   .14500000E+01  .10953099E+01
   .15000000E+01  .10214681E+01
   .15500000E+01  .95113534E+00
   .16000000E+01  .88372158E+00
   .16500000E+01  .81873328E+00
   .17000000E+01  .75575278E+00
   .17500000E+01  .69442262E+00
   .18000000E+01  .63443339E+00
   .18500000E+01  .57551422E+00
   .19000000E+01  .51742535E+00
   .19500000E+01  .45995201E+00
   .20000000E+01  .40289965E+00
Potential  L  =        2.00000   -.17031
  -.30000000E+01  .16291462E+01
  -.29500000E+01  .16132918E+01
  -.29000000E+01  .15972685E+01
  -.28500000E+01  .15810706E+01
  -.28000000E+01  .15646925E+01
  -.27500000E+01  .15481280E+01
  -.27000000E+01  .15313706E+01
  -.26500000E+01  .15144135E+01
  -.26000000E+01  .14972496E+01
  -.25500000E+01  .14798711E+01
  -.25000000E+01  .14622700E+01
  -.24500000E+01  .14444377E+01
  -.24000000E+01  .14263651E+01
  -.23500000E+01  .14080424E+01
  -.23000000E+01  .13894593E+01
  -.22500000E+01  .13706049E+01
  -.22000000E+01  .13514673E+01
  -.21500000E+01  .13320340E+01
  -.21000000E+01  .13122915E+01
  -.20500000E+01  .12922253E+01
  -.20000000E+01  .12718200E+01
  -.19500000E+01  .12510589E+01
  -.19000000E+01  .12299240E+01
  -.18500000E+01  .12083958E+01
  -.18000000E+01  .11864535E+01
  -.17500000E+01  .11640742E+01
  -.17000000E+01  .11412333E+01
  -.16500000E+01  .11179039E+01
  -.16000000E+01  .10940568E+01
  -.15500000E+01  .10696600E+01
  -.15000000E+01  .10446785E+01
  -.14500000E+01  .10190738E+01
  -.14000000E+01  .99280364E+00
  -.13500000E+01  .96582134E+00
  -.13000000E+01  .93807522E+00
  -.12500000E+01  .90950792E+00
  -.12000000E+01  .88005557E+00
  -.11500000E+01  .84964682E+00
  -.11000000E+01  .81820168E+00
  -.10500000E+01  .78563013E+00
  -.10000000E+01  .75183047E+00
  -.95000000E+00  .71668733E+00
  -.90000000E+00  .68006926E+00
  -.85000000E+00  .64182573E+00
  -.80000000E+00  .60178357E+00
  -.75000000E+00  .55974236E+00
  -.70000000E+00  .51546889E+00
  -.65000000E+00  .46869004E+00
  -.60000000E+00  .41908374E+00
  -.55000000E+00  .36626743E+00
  -.50000000E+00  .30978297E+00
  -.45000000E+00  .24907689E+00
  -.40000000E+00  .18347407E+00
  -.35000000E+00  .11214210E+00
  -.30000000E+00  .34042417E-01
  -.25000000E+00 -.52138022E-01
  -.20000000E+00 -.14808424E+00
  -.15000000E+00 -.25599546E+00
  -.10000000E+00 -.37879799E+00
  -.50000000E-01 -.52047360E+00
  -.22898350E-14 -.68658335E+00
   .50000000E-01 -.88513813E+00
   .10000000E+00 -.11281162E+01
   .15000000E+00 -.14342688E+01
   .20000000E+00 -.18346985E+01
   .25000000E+00 -.23850387E+01
   .30000000E+00 -.31955874E+01
   .35000000E+00 -.45203269E+01
   .40000000E+00 -.71039295E+01
   .45000000E+00 -.14473980E+02
   .50000000E+00 -.23077002E+03
   .55000000E+00  .18205501E+02
   .60000000E+00  .91059779E+01
   .65000000E+00  .62020396E+01
   .70000000E+00  .47635442E+01
   .75000000E+00  .38984442E+01
   .80000000E+00  .33164348E+01
   .85000000E+00  .28947747E+01
   .90000000E+00  .25726291E+01
   .95000000E+00  .23164062E+01
   .10000000E+01  .21060383E+01
   .10500000E+01  .19287947E+01
   .11000000E+01  .17762061E+01
   .11500000E+01  .16424158E+01
   .12000000E+01  .15232421E+01
   .12500000E+01  .14156160E+01
   .13000000E+01  .13172320E+01
   .13500000E+01  .12263219E+01
   .14000000E+01  .11415042E+01
   .14500000E+01  .10616817E+01
   .15000000E+01  .98596920E+00
   .15500000E+01  .91364238E+00
   .16000000E+01  .84410038E+00
   .16500000E+01  .77683814E+00
   .17000000E+01  .71142559E+00
   .17500000E+01  .64749172E+00
   .18000000E+01  .58471236E+00
   .18500000E+01  .52280046E+00
   .19000000E+01  .46149832E+00
   .19500000E+01  .40057151E+00
   .20000000E+01  .33980373E+00
Core Pot   L  =        3.00000   -.01042
  -.30000000E+01  .17998257E+01
  -.29500000E+01  .17858297E+01
  -.29000000E+01  .17717197E+01
  -.28500000E+01  .17574924E+01
  -.28000000E+01  .17431449E+01
  -.27500000E+01  .17286738E+01
  -.27000000E+01  .17140757E+01
  -.26500000E+01  .16993468E+01
  -.26000000E+01  .16844834E+01
  -.25500000E+01  .16694815E+01
  -.25000000E+01  .16543368E+01
  -.24500000E+01  .16390447E+01
  -.24000000E+01  .16236006E+01
  -.23500000E+01  .16079995E+01
  -.23000000E+01  .15922359E+01
  -.22500000E+01  .15763042E+01
  -.22000000E+01  .15601984E+01
  -.21500000E+01  .15439121E+01
  -.21000000E+01  .15274383E+01
  -.20500000E+01  .15107698E+01
  -.20000000E+01  .14938986E+01
  -.19500000E+01  .14768162E+01
  -.19000000E+01  .14595136E+01
  -.18500000E+01  .14419808E+01
  -.18000000E+01  .14242071E+01
  -.17500000E+01  .14061811E+01
  -.17000000E+01  .13878900E+01
  -.16500000E+01  .13693201E+01
  -.16000000E+01  .13504562E+01
  -.15500000E+01  .13312817E+01
  -.15000000E+01  .13117783E+01
  -.14500000E+01  .12919257E+01
  -.14000000E+01  .12717012E+01
  -.13500000E+01  .12510797E+01
  -.13000000E+01  .12300326E+01
  -.12500000E+01  .12085281E+01
  -.12000000E+01  .11865299E+01
  -.11500000E+01  .11639964E+01
  -.11000000E+01  .11408801E+01
  -.10500000E+01  .11171261E+01
  -.10000000E+01  .10926703E+01
  -.95000000E+00  .10674376E+01
  -.90000000E+00  .10413392E+01
  -.85000000E+00  .10142689E+01
  -.80000000E+00  .98609875E+00
  -.75000000E+00  .95667256E+00
  -.70000000E+00  .92579758E+00
  -.65000000E+00  .89323262E+00
  -.60000000E+00  .85867128E+00
  -.55000000E+00  .82171766E+00
  -.50000000E+00  .78185032E+00
  -.45000000E+00  .73836717E+00
  -.40000000E+00  .69029836E+00
  -.35000000E+00  .63626344E+00
  -.30000000E+00  .57422565E+00
  -.25000000E+00  .50104590E+00
  -.20000000E+00  .41161485E+00
  -.15000000E+00  .29701156E+00
  -.10000000E+00  .14012084E+00
  -.50000000E-01 -.96604434E-01
  -.22898350E-14 -.51465806E+00
   .50000000E-01 -.15167406E+01
   .10000000E+00 -.81396094E+01
   .15000000E+00  .54604746E+01
   .20000000E+00  .25673228E+01
   .25000000E+00  .18348805E+01
   .30000000E+00  .14879071E+01
   .35000000E+00  .12774311E+01
   .40000000E+00  .11306451E+01
   .45000000E+00  .10184973E+01
   .50000000E+00  .92710049E+00
   .55000000E+00  .84896699E+00
   .60000000E+00  .77969154E+00
   .65000000E+00  .71650264E+00
   .70000000E+00  .65755948E+00
   .75000000E+00  .60158199E+00
   .80000000E+00  .54764329E+00
   .85000000E+00  .49504672E+00
   .90000000E+00  .44324983E+00
   .95000000E+00  .39181525E+00
   .10000000E+01  .34037794E+00
   .10500000E+01  .28862255E+00
   .11000000E+01  .23626715E+00
   .11500000E+01  .18305107E+00
   .12000000E+01  .12872556E+00
   .12500000E+01  .73046115E-01
   .13000000E+01  .15765840E-01
   .13500000E+01 -.43370529E-01
   .14000000E+01 -.10463245E+00
   .14500000E+01 -.16830952E+00
   .15000000E+01 -.23471780E+00
   .15500000E+01 -.30420694E+00
   .16000000E+01 -.37716830E+00
   .16500000E+01 -.45404462E+00
   .17000000E+01 -.53534165E+00
   .17500000E+01 -.62164239E+00
   .18000000E+01 -.71362488E+00
   .18500000E+01 -.81208463E+00
   .19000000E+01 -.91796321E+00
   .19500000E+01 -.10323855E+01
   .20000000E+01 -.11567081E+01
Potential  L  =        3.00000   -.01042
  -.30000000E+01  .17427430E+01
  -.29500000E+01  .17273865E+01
  -.29000000E+01  .17118670E+01
  -.28500000E+01  .16961792E+01
  -.28000000E+01  .16803173E+01
  -.27500000E+01  .16642754E+01
  -.27000000E+01  .16480472E+01
  -.26500000E+01  .16316261E+01
  -.26000000E+01  .16150049E+01
  -.25500000E+01  .15981763E+01
  -.25000000E+01  .15811322E+01
  -.24500000E+01  .15638644E+01
  -.24000000E+01  .15463640E+01
  -.23500000E+01  .15286214E+01
  -.23000000E+01  .15106266E+01
  -.22500000E+01  .14923688E+01
  -.22000000E+01  .14738366E+01
  -.21500000E+01  .14550178E+01
  -.21000000E+01  .14358991E+01
  -.20500000E+01  .14164666E+01
  -.20000000E+01  .13967052E+01
  -.19500000E+01  .13765987E+01
  -.19000000E+01  .13561296E+01
  -.18500000E+01  .13352791E+01
  -.18000000E+01  .13140270E+01
  -.17500000E+01  .12923512E+01
  -.17000000E+01  .12702278E+01
  -.16500000E+01  .12476312E+01
  -.16000000E+01  .12245330E+01
  -.15500000E+01  .12009025E+01
  -.15000000E+01  .11767063E+01
  -.14500000E+01  .11519076E+01
  -.14000000E+01  .11264659E+01
  -.13500000E+01  .11003370E+01
  -.13000000E+01  .10734718E+01
  -.12500000E+01  .10458161E+01
  -.12000000E+01  .10173096E+01
  -.11500000E+01  .98788552E+00
  -.11000000E+01  .95746895E+00
  -.10500000E+01  .92597612E+00
  -.10000000E+01  .89331280E+00
  -.95000000E+00  .85937265E+00
  -.90000000E+00  .82403516E+00
  -.85000000E+00  .78716317E+00
  -.80000000E+00  .74859989E+00
  -.75000000E+00  .70816518E+00
  -.70000000E+00  .66565103E+00
  -.65000000E+00  .62081585E+00
  -.60000000E+00  .57337743E+00
  -.55000000E+00  .52300387E+00
  -.50000000E+00  .46930212E+00
  -.45000000E+00  .41180313E+00
  -.40000000E+00  .34994244E+00
  -.35000000E+00  .28303444E+00
  -.30000000E+00  .21023808E+00
  -.25000000E+00  .13050971E+00
  -.20000000E+00  .42538226E-01
  -.15000000E+00 -.55346810E-01
  -.10000000E+00 -.16530763E+00
  -.50000000E-01 -.29019389E+00
  -.22898350E-14 -.43383997E+00
   .50000000E-01 -.60153105E+00
   .10000000E+00 -.80076167E+00
   .15000000E+00 -.10425258E+01
   .20000000E+00 -.13436309E+01
   .25000000E+00 -.17311267E+01
   .30000000E+00 -.22515132E+01
   .35000000E+00 -.29920580E+01
   .40000000E+00 -.41380208E+01
   .45000000E+00 -.61638944E+01
   .50000000E+00 -.10759238E+02
   .55000000E+00 -.31638613E+02
   .60000000E+00  .42734354E+02
   .65000000E+00  .13638945E+02
   .70000000E+00  .83951462E+01
   .75000000E+00  .61897364E+01
   .80000000E+00  .49686442E+01
   .85000000E+00  .41886987E+01
   .90000000E+00  .36442025E+01
   .95000000E+00  .32400736E+01
   .10000000E+01  .29262990E+01
   .10500000E+01  .26740580E+01
   .11000000E+01  .24655707E+01
   .11500000E+01  .22892713E+01
   .12000000E+01  .21373096E+01
   .12500000E+01  .20041688E+01
   .13000000E+01  .18858569E+01
   .13500000E+01  .17794125E+01
   .14000000E+01  .16825915E+01
   .14500000E+01  .15936609E+01
   .15000000E+01  .15112603E+01
   .15500000E+01  .14343053E+01
   .16000000E+01  .13619204E+01
   .16500000E+01  .12933896E+01
   .17000000E+01  .12281206E+01
   .17500000E+01  .11656184E+01
   .18000000E+01  .11054651E+01
   .18500000E+01  .10473043E+01
   .19000000E+01  .99082913E+00
   .19500000E+01  .93577321E+00
   .20000000E+01  .88190296E+00
Core Pot   L  =        4.00000    .00000
  -.30000000E+01  .20011489E+01
  -.29500000E+01  .19888370E+01
  -.29000000E+01  .19764525E+01
  -.28500000E+01  .19639943E+01
  -.28000000E+01  .19514609E+01
  -.27500000E+01  .19388512E+01
  -.27000000E+01  .19261638E+01
  -.26500000E+01  .19133972E+01
  -.26000000E+01  .19005500E+01
  -.25500000E+01  .18876208E+01
  -.25000000E+01  .18746081E+01
  -.24500000E+01  .18615102E+01
  -.24000000E+01  .18483256E+01
  -.23500000E+01  .18350526E+01
  -.23000000E+01  .18216894E+01
  -.22500000E+01  .18082344E+01
  -.22000000E+01  .17946857E+01
  -.21500000E+01  .17810414E+01
  -.21000000E+01  .17672996E+01
  -.20500000E+01  .17534582E+01
  -.20000000E+01  .17395153E+01
  -.19500000E+01  .17254685E+01
  -.19000000E+01  .17113158E+01
  -.18500000E+01  .16970549E+01
  -.18000000E+01  .16826833E+01
  -.17500000E+01  .16681986E+01
  -.17000000E+01  .16535982E+01
  -.16500000E+01  .16388796E+01
  -.16000000E+01  .16240400E+01
  -.15500000E+01  .16090765E+01
  -.15000000E+01  .15939863E+01
  -.14500000E+01  .15787662E+01
  -.14000000E+01  .15634131E+01
  -.13500000E+01  .15479237E+01
  -.13000000E+01  .15322946E+01
  -.12500000E+01  .15165222E+01
  -.12000000E+01  .15006028E+01
  -.11500000E+01  .14845325E+01
  -.11000000E+01  .14683074E+01
  -.10500000E+01  .14519232E+01
  -.10000000E+01  .14353756E+01
  -.95000000E+00  .14186599E+01
  -.90000000E+00  .14017716E+01
  -.85000000E+00  .13847054E+01
  -.80000000E+00  .13674563E+01
  -.75000000E+00  .13500189E+01
  -.70000000E+00  .13323873E+01
  -.65000000E+00  .13145556E+01
  -.60000000E+00  .12965177E+01
  -.55000000E+00  .12782668E+01
  -.50000000E+00  .12597961E+01
  -.45000000E+00  .12410983E+01
  -.40000000E+00  .12221659E+01
  -.35000000E+00  .12029907E+01
  -.30000000E+00  .11835644E+01
  -.25000000E+00  .11638780E+01
  -.20000000E+00  .11439221E+01
  -.15000000E+00  .11236867E+01
  -.10000000E+00  .11031614E+01
  -.50000000E-01  .10823350E+01
  -.22898350E-14  .10611958E+01
   .50000000E-01  .10397312E+01
   .10000000E+00  .10179280E+01
   .15000000E+00  .99577209E+00
   .20000000E+00  .97324845E+00
   .25000000E+00  .95034110E+00
   .30000000E+00  .92703298E+00
   .35000000E+00  .90330590E+00
   .40000000E+00  .87914037E+00
   .45000000E+00  .85451554E+00
   .50000000E+00  .82940903E+00
   .55000000E+00  .80379684E+00
   .60000000E+00  .77765312E+00
   .65000000E+00  .75095003E+00
   .70000000E+00  .72365752E+00
   .75000000E+00  .69574314E+00
   .80000000E+00  .66717170E+00
   .85000000E+00  .63790505E+00
   .90000000E+00  .60790173E+00
   .95000000E+00  .57711654E+00
   .10000000E+01  .54550017E+00
   .10500000E+01  .51299867E+00
   .11000000E+01  .47955289E+00
   .11500000E+01  .44509779E+00
   .12000000E+01  .40956172E+00
   .12500000E+01  .37286550E+00
   .13000000E+01  .33492139E+00
   .13500000E+01  .29563190E+00
   .14000000E+01  .25488832E+00
   .14500000E+01  .21256908E+00
   .15000000E+01  .16853772E+00
   .15500000E+01  .12264052E+00
   .16000000E+01  .74703622E-01
   .16500000E+01  .24529569E-01
   .17000000E+01 -.28106874E-01
   .17500000E+01 -.83463870E-01
   .18000000E+01 -.14183882E+00
   .18500000E+01 -.20357618E+00
   .19000000E+01 -.26907730E+00
   .19500000E+01 -.33881273E+00
   .20000000E+01 -.41333796E+00
Potential  L  =        4.00000    .00000
  -.30000000E+01  .20036738E+01
  -.29500000E+01  .19914304E+01
  -.29000000E+01  .19791157E+01
  -.28500000E+01  .19667325E+01
  -.28000000E+01  .19542752E+01
  -.27500000E+01  .19417448E+01
  -.27000000E+01  .19291389E+01
  -.26500000E+01  .19164574E+01
  -.26000000E+01  .19036969E+01
  -.25500000E+01  .18908602E+01
  -.25000000E+01  .18779411E+01
  -.24500000E+01  .18649426E+01
  -.24000000E+01  .18518599E+01
  -.23500000E+01  .18386927E+01
  -.23000000E+01  .18254394E+01
  -.22500000E+01  .18120987E+01
  -.22000000E+01  .17986677E+01
  -.21500000E+01  .17851466E+01
  -.21000000E+01  .17715339E+01
  -.20500000E+01  .17578256E+01
  -.20000000E+01  .17440214E+01
  -.19500000E+01  .17301181E+01
  -.19000000E+01  .17161164E+01
  -.18500000E+01  .17020117E+01
  -.18000000E+01  .16878030E+01
  -.17500000E+01  .16734880E+01
  -.17000000E+01  .16590645E+01
  -.16500000E+01  .16445304E+01
  -.16000000E+01  .16298830E+01
  -.15500000E+01  .16151202E+01
  -.15000000E+01  .16002387E+01
  -.14500000E+01  .15852372E+01
  -.14000000E+01  .15701126E+01
  -.13500000E+01  .15548621E+01
  -.13000000E+01  .15394825E+01
  -.12500000E+01  .15239710E+01
  -.12000000E+01  .15083256E+01
  -.11500000E+01  .14925411E+01
  -.11000000E+01  .14766142E+01
  -.10500000E+01  .14605434E+01
  -.10000000E+01  .14443244E+01
  -.95000000E+00  .14279531E+01
  -.90000000E+00  .14114260E+01
  -.85000000E+00  .13947391E+01
  -.80000000E+00  .13778881E+01
  -.75000000E+00  .13608689E+01
  -.70000000E+00  .13436768E+01
  -.65000000E+00  .13263074E+01
  -.60000000E+00  .13087557E+01
  -.55000000E+00  .12910168E+01
  -.50000000E+00  .12730853E+01
  -.45000000E+00  .12549558E+01
  -.40000000E+00  .12366226E+01
  -.35000000E+00  .12180796E+01
  -.30000000E+00  .11993208E+01
  -.25000000E+00  .11803401E+01
  -.20000000E+00  .11611295E+01
  -.15000000E+00  .11416825E+01
  -.10000000E+00  .11219916E+01
  -.50000000E-01  .11020492E+01
  -.22898350E-14  .10818468E+01
   .50000000E-01  .10613760E+01
   .10000000E+00  .10406276E+01
   .15000000E+00  .10195923E+01
   .20000000E+00  .99826011E+00
   .25000000E+00  .97662043E+00
   .30000000E+00  .95466227E+00
   .35000000E+00  .93237402E+00
   .40000000E+00  .90974339E+00
   .45000000E+00  .88675747E+00
   .50000000E+00  .86340252E+00
   .55000000E+00  .83966413E+00
   .60000000E+00  .81552700E+00
   .65000000E+00  .79097492E+00
   .70000000E+00  .76599076E+00
   .75000000E+00  .74055625E+00
   .80000000E+00  .71465206E+00
   .85000000E+00  .68825763E+00
   .90000000E+00  .66135104E+00
   .95000000E+00  .63390898E+00
   .10000000E+01  .60590657E+00
   .10500000E+01  .57731722E+00
   .11000000E+01  .54811230E+00
   .11500000E+01  .51826181E+00
   .12000000E+01  .48773292E+00
   .12500000E+01  .45649064E+00
   .13000000E+01  .42449735E+00
   .13500000E+01  .39171252E+00
   .14000000E+01  .35809252E+00
   .14500000E+01  .32359017E+00
   .15000000E+01  .28815452E+00
   .15500000E+01  .25173033E+00
   .16000000E+01  .21425771E+00
   .16500000E+01  .17567147E+00
   .17000000E+01  .13590070E+00
   .17500000E+01  .94868067E-01
   .18000000E+01  .52488683E-01
   .18500000E+01  .86698548E-02
   .19000000E+01 -.36690307E-01
   .19500000E+01 -.83703986E-01
   .20000000E+01 -.13249503E+00
KBPotential  L  =       .00000   -.58420
  -.30000000E+01  .15275807E+01
  -.29500000E+01  .15110263E+01
  -.29000000E+01  .14942982E+01
  -.28500000E+01  .14773911E+01
  -.28000000E+01  .14603001E+01
  -.27500000E+01  .14430198E+01
  -.27000000E+01  .14255446E+01
  -.26500000E+01  .14078686E+01
  -.26000000E+01  .13899858E+01
  -.25500000E+01  .13718896E+01
  -.25000000E+01  .13535733E+01
  -.24500000E+01  .13350300E+01
  -.24000000E+01  .13162522E+01
  -.23500000E+01  .12972323E+01
  -.23000000E+01  .12779621E+01
  -.22500000E+01  .12584329E+01
  -.22000000E+01  .12386359E+01
  -.21500000E+01  .12185617E+01
  -.21000000E+01  .11982002E+01
  -.20500000E+01  .11775410E+01
  -.20000000E+01  .11565730E+01
  -.19500000E+01  .11352846E+01
  -.19000000E+01  .11136635E+01
  -.18500000E+01  .10916966E+01
  -.18000000E+01  .10693702E+01
  -.17500000E+01  .10466696E+01
  -.17000000E+01  .10235793E+01
  -.16500000E+01  .10000830E+01
  -.16000000E+01  .97616320E+00
  -.15500000E+01  .95180128E+00
  -.15000000E+01  .92697748E+00
  -.14500000E+01  .90167077E+00
  -.14000000E+01  .87585860E+00
  -.13500000E+01  .84951700E+00
  -.13000000E+01  .82262023E+00
  -.12500000E+01  .79514081E+00
  -.12000000E+01  .76704918E+00
  -.11500000E+01  .73831362E+00
  -.11000000E+01  .70890005E+00
  -.10500000E+01  .67877173E+00
  -.10000000E+01  .64788902E+00
  -.95000000E+00  .61620907E+00
  -.90000000E+00  .58368554E+00
  -.85000000E+00  .55026815E+00
  -.80000000E+00  .51590232E+00
  -.75000000E+00  .48052859E+00
  -.70000000E+00  .44408218E+00
  -.65000000E+00  .40649226E+00
  -.60000000E+00  .36768126E+00
  -.55000000E+00  .32756402E+00
  -.50000000E+00  .28604677E+00
  -.45000000E+00  .24302593E+00
  -.40000000E+00  .19838650E+00
  -.35000000E+00  .15199910E+00
  -.30000000E+00  .10370821E+00
  -.25000000E+00  .54563569E-01
  -.20000000E+00  .99482033E-03
  -.15000000E+00 -.53962004E-01
  -.10000000E+00 -.11153740E+00
  -.50000000E-01 -.17199450E+00
  -.22898350E-14 -.23562080E+00
   .50000000E-01 -.30274214E+00
   .10000000E+00 -.37373118E+00
   .15000000E+00 -.44901680E+00
   .20000000E+00 -.52909525E+00
   .25000000E+00 -.61454414E+00
   .30000000E+00 -.70603993E+00
   .35000000E+00 -.80438015E+00
   .40000000E+00 -.91051191E+00
   .45000000E+00 -.10255688E+01
   .50000000E+00 -.11509193E+01
   .55000000E+00 -.12882312E+01
   .60000000E+00 -.14395585E+01
   .65000000E+00 -.16074599E+01
   .70000000E+00 -.17951649E+01
   .75000000E+00 -.20068090E+01
   .80000000E+00 -.22477761E+01
   .85000000E+00 -.25252084E+01
   .90000000E+00 -.28487891E+01
   .95000000E+00 -.32319834E+01
   .10000000E+01 -.36940865E+01
   .10500000E+01 -.42637631E+01
   .11000000E+01 -.49855234E+01
   .11500000E+01 -.59324309E+01
   .12000000E+01 -.72333771E+01
   .12500000E+01 -.91390072E+01
   .13000000E+01 -.12209941E+02
   .13500000E+01 -.18010471E+02
   .14000000E+01 -.33174484E+02
   .14500000E+01 -.17761738E+03
   .15000000E+01  .55134904E+02
   .15500000E+01  .24231324E+02
   .16000000E+01  .15657484E+02
   .16500000E+01  .11624011E+02
   .17000000E+01  .92725152E+01
   .17500000E+01  .77276046E+01
   .18000000E+01  .66314192E+01
   .18500000E+01  .58104167E+01
   .19000000E+01  .51702339E+01
   .19500000E+01  .46551489E+01
   .20000000E+01  .42301335E+01
KBPotential  L  =      1.00000  -2.95840
  -.30000000E+01  .14689332E+01
  -.29500000E+01  .14492375E+01
  -.29000000E+01  .14291039E+01
  -.28500000E+01  .14084976E+01
  -.28000000E+01  .13873792E+01
  -.27500000E+01  .13657039E+01
  -.27000000E+01  .13434205E+01
  -.26500000E+01  .13204704E+01
  -.26000000E+01  .12967858E+01
  -.25500000E+01  .12722877E+01
  -.25000000E+01  .12468840E+01
  -.24500000E+01  .12204661E+01
  -.24000000E+01  .11929051E+01
  -.23500000E+01  .11640465E+01
  -.23000000E+01  .11337041E+01
  -.22500000E+01  .11016501E+01
  -.22000000E+01  .10676039E+01
  -.21500000E+01  .10312147E+01
  -.21000000E+01  .99203831E+00
  -.20500000E+01  .94950356E+00
  -.20000000E+01  .90286270E+00
  -.19500000E+01  .85111753E+00
  -.19000000E+01  .79290396E+00
  -.18500000E+01  .72630690E+00
  -.18000000E+01  .64854978E+00
  -.17500000E+01  .55544750E+00
  -.17000000E+01  .44038166E+00
  -.16500000E+01  .29222878E+00
  -.16000000E+01  .90736778E-01
  -.15500000E+01 -.20526321E+00
  -.15000000E+01 -.69427401E+00
  -.14500000E+01 -.16852836E+01
  -.14000000E+01 -.49049512E+01
  -.13500000E+01  .41793917E+02
  -.13000000E+01  .56720794E+01
  -.12500000E+01  .34767316E+01
  -.12000000E+01  .26714977E+01
  -.11500000E+01  .22459592E+01
  -.11000000E+01  .19778223E+01
  -.10500000E+01  .17898815E+01
  -.10000000E+01  .16482491E+01
  -.95000000E+00  .15357089E+01
  -.90000000E+00  .14425835E+01
  -.85000000E+00  .13630127E+01
  -.80000000E+00  .12932379E+01
  -.75000000E+00  .12307350E+01
  -.70000000E+00  .11737459E+01
  -.65000000E+00  .11210043E+01
  -.60000000E+00  .10715744E+01
  -.55000000E+00  .10247483E+01
  -.50000000E+00  .97997863E+00
  -.45000000E+00  .93683418E+00
  -.40000000E+00  .89496921E+00
  -.35000000E+00  .85410189E+00
  -.30000000E+00  .81399881E+00
  -.25000000E+00  .77446367E+00
  -.20000000E+00  .73532893E+00
  -.15000000E+00  .69644934E+00
  -.10000000E+00  .65769730E+00
  -.50000000E-01  .61895881E+00
  -.22898350E-14  .58013059E+00
   .50000000E-01  .54111784E+00
   .10000000E+00  .50183195E+00
   .15000000E+00  .46218902E+00
   .20000000E+00  .42210866E+00
   .25000000E+00  .38151258E+00
   .30000000E+00  .34032368E+00
   .35000000E+00  .29846499E+00
   .40000000E+00  .25585899E+00
   .45000000E+00  .21242675E+00
   .50000000E+00  .16808696E+00
   .55000000E+00  .12275532E+00
   .60000000E+00  .76343739E-01
   .65000000E+00  .28759358E-01
   .70000000E+00 -.20096152E-01
   .75000000E+00 -.70327645E-01
   .80000000E+00 -.12204751E+00
   .85000000E+00 -.17537700E+00
   .90000000E+00 -.23044676E+00
   .95000000E+00 -.28739940E+00
   .10000000E+01 -.34639034E+00
   .10500000E+01 -.40758995E+00
   .11000000E+01 -.47118562E+00
   .11500000E+01 -.53738435E+00
   .12000000E+01 -.60641559E+00
   .12500000E+01 -.67853436E+00
   .13000000E+01 -.75402638E+00
   .13500000E+01 -.83321149E+00
   .14000000E+01 -.91644993E+00
   .14500000E+01 -.10041491E+01
   .15000000E+01 -.10967719E+01
   .15500000E+01 -.11948467E+01
   .16000000E+01 -.12989792E+01
   .16500000E+01 -.14098679E+01
   .17000000E+01 -.15283224E+01
   .17500000E+01 -.16552867E+01
   .18000000E+01 -.17918691E+01
   .18500000E+01 -.19393788E+01
   .19000000E+01 -.20993745E+01
   .19500000E+01 -.22737270E+01
   .20000000E+01 -.24647019E+01
KBPotential  L  =      2.00000   -.34062
  -.30000000E+01  .16268309E+01
  -.29500000E+01  .16110002E+01
  -.29000000E+01  .15950015E+01
  -.28500000E+01  .15788293E+01
  -.28000000E+01  .15624779E+01
  -.27500000E+01  .15459412E+01
  -.27000000E+01  .15292127E+01
  -.26500000E+01  .15122857E+01
  -.26000000E+01  .14951529E+01
  -.25500000E+01  .14778069E+01
  -.25000000E+01  .14602395E+01
  -.24500000E+01  .14424418E+01
  -.24000000E+01  .14244055E+01
  -.23500000E+01  .14061205E+01
  -.23000000E+01  .13875766E+01
  -.22500000E+01  .13687628E+01
  -.22000000E+01  .13496673E+01
  -.21500000E+01  .13302712E+01
  -.21000000E+01  .13105741E+01
  -.20500000E+01  .12905549E+01
  -.20000000E+01  .12701984E+01
  -.19500000E+01  .12493363E+01
  -.19000000E+01  .12282525E+01
  -.18500000E+01  .12067772E+01
  -.18000000E+01  .11848894E+01
  -.17500000E+01  .11625664E+01
  -.17000000E+01  .11397836E+01
  -.16500000E+01  .11165198E+01
  -.16000000E+01  .10927345E+01
  -.15500000E+01  .10684014E+01
  -.15000000E+01  .10434854E+01
  -.14500000E+01  .10179481E+01
  -.14000000E+01  .99174711E+00
  -.13500000E+01  .96483580E+00
  -.13000000E+01  .93716242E+00
  -.12500000E+01  .90866954E+00
  -.12000000E+01  .87929320E+00
  -.11500000E+01  .84896202E+00
  -.11000000E+01  .81759564E+00
  -.10500000E+01  .78510393E+00
  -.10000000E+01  .75138668E+00
  -.95000000E+00  .71632483E+00
  -.90000000E+00  .67979254E+00
  -.85000000E+00  .64163014E+00
  -.80000000E+00  .60166803E+00
  -.75000000E+00  .55970500E+00
  -.70000000E+00  .51550707E+00
  -.65000000E+00  .46879904E+00
  -.60000000E+00  .41928238E+00
  -.55000000E+00  .36652467E+00
  -.50000000E+00  .31008795E+00
  -.45000000E+00  .24941621E+00
  -.40000000E+00  .18383014E+00
  -.35000000E+00  .11249192E+00
  -.30000000E+00  .34355774E-01
  -.25000000E+00 -.51900747E-01
  -.20000000E+00 -.14797580E+00
  -.15000000E+00 -.25608649E+00
  -.10000000E+00 -.37918453E+00
  -.50000000E-01 -.52128845E+00
  -.22898350E-14 -.68801530E+00
   .50000000E-01 -.88749453E+00
   .10000000E+00 -.11317772E+01
   .15000000E+00 -.14398829E+01
   .20000000E+00 -.18433586E+01
   .25000000E+00 -.23987286E+01
   .30000000E+00 -.32183530E+01
   .35000000E+00 -.45619833E+01
   .40000000E+00 -.71964087E+01
   .45000000E+00 -.14811977E+02
   .50000000E+00 -.33169051E+03
   .55000000E+00  .17870493E+02
   .60000000E+00  .90479232E+01
   .65000000E+00  .61891159E+01
   .70000000E+00  .47653986E+01
   .75000000E+00  .39069654E+01
   .80000000E+00  .33286574E+01
   .85000000E+00  .29094081E+01
   .90000000E+00  .25890502E+01
   .95000000E+00  .23342976E+01
   .10000000E+01  .21252435E+01
   .10500000E+01  .19492316E+01
   .11000000E+01  .17978515E+01
   .11500000E+01  .16652848E+01
   .12000000E+01  .15473640E+01
   .12500000E+01  .14410383E+01
   .13000000E+01  .13440146E+01
   .13500000E+01  .12545306E+01
   .14000000E+01  .11712305E+01
   .14500000E+01  .10930102E+01
   .15000000E+01  .10189986E+01
   .15500000E+01  .94848103E+00
   .16000000E+01  .88086474E+00
   .16500000E+01  .81565825E+00
   .17000000E+01  .75243978E+00
   .17500000E+01  .69085102E+00
   .18000000E+01  .63058071E+00
   .18500000E+01  .57135604E+00
   .19000000E+01  .51293501E+00
   .19500000E+01  .45509973E+00
   .20000000E+01  .39765428E+00
KBPotential  L  =      3.00000   -.02085
  -.30000000E+01  .18005377E+01
  -.29500000E+01  .17865429E+01
  -.29000000E+01  .17724339E+01
  -.28500000E+01  .17582076E+01
  -.28000000E+01  .17438609E+01
  -.27500000E+01  .17293904E+01
  -.27000000E+01  .17147927E+01
  -.26500000E+01  .17000641E+01
  -.26000000E+01  .16852008E+01
  -.25500000E+01  .16701987E+01
  -.25000000E+01  .16550536E+01
  -.24500000E+01  .16397609E+01
  -.24000000E+01  .16243159E+01
  -.23500000E+01  .16087134E+01
  -.23000000E+01  .15929483E+01
  -.22500000E+01  .15770147E+01
  -.22000000E+01  .15609067E+01
  -.21500000E+01  .15446177E+01
  -.21000000E+01  .15281409E+01
  -.20500000E+01  .15114689E+01
  -.20000000E+01  .14945938E+01
  -.19500000E+01  .14775071E+01
  -.19000000E+01  .14601996E+01
  -.18500000E+01  .14426615E+01
  -.18000000E+01  .14248821E+01
  -.17500000E+01  .14068497E+01
  -.17000000E+01  .13885517E+01
  -.16500000E+01  .13699743E+01
  -.16000000E+01  .13511024E+01
  -.15500000E+01  .13319193E+01
  -.15000000E+01  .13124068E+01
  -.14500000E+01  .12925444E+01
  -.14000000E+01  .12723096E+01
  -.13500000E+01  .12516770E+01
  -.13000000E+01  .12306185E+01
  -.12500000E+01  .12091019E+01
  -.12000000E+01  .11870910E+01
  -.11500000E+01  .11645443E+01
  -.11000000E+01  .11414144E+01
  -.10500000E+01  .11176463E+01
  -.10000000E+01  .10931760E+01
  -.95000000E+00  .10679285E+01
  -.90000000E+00  .10418150E+01
  -.85000000E+00  .10147294E+01
  -.80000000E+00  .98654392E+00
  -.75000000E+00  .95710248E+00
  -.70000000E+00  .92621241E+00
  -.65000000E+00  .89363276E+00
  -.60000000E+00  .85905724E+00
  -.55000000E+00  .82209022E+00
  -.50000000E+00  .78221045E+00
  -.45000000E+00  .73871609E+00
  -.40000000E+00  .69063753E+00
  -.35000000E+00  .63659471E+00
  -.30000000E+00  .57455107E+00
  -.25000000E+00  .50136775E+00
  -.20000000E+00  .41193564E+00
  -.15000000E+00  .29733361E+00
  -.10000000E+00  .14044583E+00
  -.50000000E-01 -.96276675E-01
  -.22898350E-14 -.51433233E+00
   .50000000E-01 -.15164300E+01
   .10000000E+00 -.81385970E+01
   .15000000E+00  .54662247E+01
   .20000000E+00  .25678350E+01
   .25000000E+00  .18353277E+01
   .30000000E+00  .14883858E+01
   .35000000E+00  .12779862E+01
   .40000000E+00  .11313097E+01
   .45000000E+00  .10193030E+01
   .50000000E+00  .92807408E+00
   .55000000E+00  .85016416E+00
   .60000000E+00  .78113183E+00
   .65000000E+00  .71823914E+00
   .70000000E+00  .65964414E+00
   .75000000E+00  .60407426E+00
   .80000000E+00  .55061100E+00
   .85000000E+00  .49050921E+00
   .90000000E+00  .44838806E+00
   .95000000E+00  .39770305E+00
   .10000000E+01  .34717746E+00
   .10500000E+01  .29647267E+00
   .11000000E+01  .24532784E+00
   .11500000E+01  .19350690E+00
   .12000000E+01  .14078988E+00
   .12500000E+01  .86966049E-01
   .13000000E+01  .31828171E-01
   .13500000E+01 -.24832199E-01
   .14000000E+01 -.83229160E-01
   .14500000E+01 -.14358646E+00
   .15000000E+01 -.20614165E+00
   .15500000E+01 -.27115038E+00
   .16000000E+01 -.33889089E+00
   .16500000E+01 -.40966911E+00
   .17000000E+01 -.48382449E+00
   .17500000E+01 -.56173678E+00
   .18000000E+01 -.64383384E+00
   .18500000E+01 -.73060146E+00
   .19000000E+01 -.82259474E+00
   .19500000E+01 -.92045244E+00
   .20000000E+01 -.10249145E+01
KBPotential  L  =      4.00000    .00000
  -.30000000E+01  .20036738E+01
  -.29500000E+01  .19914304E+01
  -.29000000E+01  .19791157E+01
  -.28500000E+01  .19667325E+01
  -.28000000E+01  .19542752E+01
  -.27500000E+01  .19417448E+01
  -.27000000E+01  .19291389E+01
  -.26500000E+01  .19164574E+01
  -.26000000E+01  .19036969E+01
  -.25500000E+01  .18908602E+01
  -.25000000E+01  .18779411E+01
  -.24500000E+01  .18649426E+01
  -.24000000E+01  .18518599E+01
  -.23500000E+01  .18386927E+01
  -.23000000E+01  .18254394E+01
  -.22500000E+01  .18120987E+01
  -.22000000E+01  .17986677E+01
  -.21500000E+01  .17851466E+01
  -.21000000E+01  .17715339E+01
  -.20500000E+01  .17578256E+01
  -.20000000E+01  .17440214E+01
  -.19500000E+01  .17301181E+01
  -.19000000E+01  .17161164E+01
  -.18500000E+01  .17020117E+01
  -.18000000E+01  .16878030E+01
  -.17500000E+01  .16734880E+01
  -.17000000E+01  .16590645E+01
  -.16500000E+01  .16445304E+01
  -.16000000E+01  .16298830E+01
  -.15500000E+01  .16151202E+01
  -.15000000E+01  .16002387E+01
  -.14500000E+01  .15852372E+01
  -.14000000E+01  .15701126E+01
  -.13500000E+01  .15548621E+01
  -.13000000E+01  .15394825E+01
  -.12500000E+01  .15239710E+01
  -.12000000E+01  .15083256E+01
  -.11500000E+01  .14925411E+01
  -.11000000E+01  .14766142E+01
  -.10500000E+01  .14605434E+01
  -.10000000E+01  .14443244E+01
  -.95000000E+00  .14279531E+01
  -.90000000E+00  .14114260E+01
  -.85000000E+00  .13947391E+01
  -.80000000E+00  .13778881E+01
  -.75000000E+00  .13608689E+01
  -.70000000E+00  .13436768E+01
  -.65000000E+00  .13263074E+01
  -.60000000E+00  .13087557E+01
  -.55000000E+00  .12910168E+01
  -.50000000E+00  .12730853E+01
  -.45000000E+00  .12549558E+01
  -.40000000E+00  .12366226E+01
  -.35000000E+00  .12180796E+01
  -.30000000E+00  .11993208E+01
  -.25000000E+00  .11803401E+01
  -.20000000E+00  .11611295E+01
  -.15000000E+00  .11416825E+01
  -.10000000E+00  .11219916E+01
  -.50000000E-01  .11020492E+01
  -.22898350E-14  .10818468E+01
   .50000000E-01  .10613760E+01
   .10000000E+00  .10406276E+01
   .15000000E+00  .10195923E+01
   .20000000E+00  .99826011E+00
   .25000000E+00  .97662043E+00
   .30000000E+00  .95466227E+00
   .35000000E+00  .93237402E+00
   .40000000E+00  .90974339E+00
   .45000000E+00  .88675747E+00
   .50000000E+00  .86340252E+00
   .55000000E+00  .83966413E+00
   .60000000E+00  .81552700E+00
   .65000000E+00  .79097492E+00
   .70000000E+00  .76599076E+00
   .75000000E+00  .74055625E+00
   .80000000E+00  .71465206E+00
   .85000000E+00  .68825763E+00
   .90000000E+00  .66135104E+00
   .95000000E+00  .63390898E+00
   .10000000E+01  .60590657E+00
   .10500000E+01  .57731722E+00
   .11000000E+01  .54811230E+00
   .11500000E+01  .51826181E+00
   .12000000E+01  .48773292E+00
   .12500000E+01  .45649064E+00
   .13000000E+01  .42449735E+00
   .13500000E+01  .39171252E+00
   .14000000E+01  .35809252E+00
   .14500000E+01  .32359017E+00
   .15000000E+01  .28815452E+00
   .15500000E+01  .25173033E+00
   .16000000E+01  .21425771E+00
   .16500000E+01  .17567147E+00
   .17000000E+01  .13590070E+00
   .17500000E+01  .94868067E-01
   .18000000E+01  .52488683E-01
   .18500000E+01  .86698548E-02
   .19000000E+01 -.36690307E-01
   .19500000E+01 -.83703986E-01
   .20000000E+01 -.13249503E+00
