  PAW O_s                                
 100
Core Pot   L  =         .00000  -1.74460
  -.20000000E+01 -.40155839E+00
  -.19600000E+01 -.48013567E+00
  -.19200000E+01 -.56332818E+00
  -.18800000E+01 -.65160543E+00
  -.18400000E+01 -.74550319E+00
  -.18000000E+01 -.84563562E+00
  -.17600000E+01 -.95271015E+00
  -.17200000E+01 -.10675459E+01
  -.16800000E+01 -.11910967E+01
  -.16400000E+01 -.13244798E+01
  -.16000000E+01 -.14690126E+01
  -.15600000E+01 -.16262595E+01
  -.15200000E+01 -.17980927E+01
  -.14800000E+01 -.19867719E+01
  -.14400000E+01 -.21950498E+01
  -.14000000E+01 -.24263145E+01
  -.13600000E+01 -.26847839E+01
  -.13200000E+01 -.29757768E+01
  -.12800000E+01 -.33060964E+01
  -.12400000E+01 -.36845878E+01
  -.12000000E+01 -.41229657E+01
  -.11600000E+01 -.46370812E+01
  -.11200000E+01 -.52489237E+01
  -.10800000E+01 -.59899118E+01
  -.10400000E+01 -.69065534E+01
  -.10000000E+01 -.80707407E+01
  -.96000000E+00 -.95998059E+01
  -.92000000E+00 -.11699159E+02
  -.88000000E+00 -.14764029E+02
  -.84000000E+00 -.19664601E+02
  -.80000000E+00 -.28765877E+02
  -.76000000E+00 -.51553435E+02
  -.72000000E+00 -.21299909E+03
  -.68000000E+00  .10640790E+03
  -.64000000E+00  .43612771E+02
  -.60000000E+00  .27822018E+02
  -.56000000E+00  .20627653E+02
  -.52000000E+00  .16509069E+02
  -.48000000E+00  .13839268E+02
  -.44000000E+00  .11966748E+02
  -.40000000E+00  .10579710E+02
  -.36000000E+00  .95101834E+01
  -.32000000E+00  .86596661E+01
  -.28000000E+00  .79665788E+01
  -.24000000E+00  .73904463E+01
  -.20000000E+00  .69035698E+01
  -.16000000E+00  .64863547E+01
  -.12000000E+00  .61245485E+01
  -.80000000E-01  .58075364E+01
  -.40000000E-01  .55272505E+01
   .12351231E-14  .52774487E+01
   .40000000E-01  .50532264E+01
   .80000000E-01  .48506761E+01
   .12000000E+00  .46666462E+01
   .16000000E+00  .44985670E+01
   .20000000E+00  .43443219E+01
   .24000000E+00  .42021520E+01
   .28000000E+00  .40705835E+01
   .32000000E+00  .39483721E+01
   .36000000E+00  .38344601E+01
   .40000000E+00  .37279427E+01
   .44000000E+00  .36280412E+01
   .48000000E+00  .35340818E+01
   .52000000E+00  .34454786E+01
   .56000000E+00  .33617195E+01
   .60000000E+00  .32823551E+01
   .64000000E+00  .32069895E+01
   .68000000E+00  .31352721E+01
   .72000000E+00  .30668918E+01
   .76000000E+00  .30015714E+01
   .80000000E+00  .29390629E+01
   .84000000E+00  .28791440E+01
   .88000000E+00  .28216148E+01
   .92000000E+00  .27662949E+01
   .96000000E+00  .27130213E+01
   .10000000E+01  .26616461E+01
   .10400000E+01  .26120350E+01
   .10800000E+01  .25640656E+01
   .11200000E+01  .25176263E+01
   .11600000E+01  .24726147E+01
   .12000000E+01  .24289373E+01
   .12400000E+01  .23865081E+01
   .12800000E+01  .23452480E+01
   .13200000E+01  .23050839E+01
   .13600000E+01  .22659487E+01
   .14000000E+01  .22277799E+01
   .14400000E+01  .21905200E+01
   .14800000E+01  .21541153E+01
   .15200000E+01  .21185163E+01
   .15600000E+01  .20836767E+01
   .16000000E+01  .20495533E+01
   .16400000E+01  .20161059E+01
   .16800000E+01  .19832970E+01
   .17200000E+01  .19510915E+01
   .17600000E+01  .19194565E+01
   .18000000E+01  .18883611E+01
   .18400000E+01  .18577763E+01
   .18800000E+01  .18276749E+01
   .19200000E+01  .17980313E+01
   .19600000E+01  .17688215E+01
   .20000000E+01  .17400225E+01
Potential  L  =         .00000  -1.74460
  -.20000000E+01 -.33994787E+00
  -.19600000E+01 -.42397246E+00
  -.19200000E+01 -.51377657E+00
  -.18800000E+01 -.61005417E+00
  -.18400000E+01 -.71361563E+00
  -.18000000E+01 -.82541320E+00
  -.17600000E+01 -.94657345E+00
  -.17200000E+01 -.10784391E+01
  -.16800000E+01 -.12226236E+01
  -.16400000E+01 -.13810828E+01
  -.16000000E+01 -.15562110E+01
  -.15600000E+01 -.17509711E+01
  -.15200000E+01 -.19690742E+01
  -.14800000E+01 -.22152314E+01
  -.14400000E+01 -.24955154E+01
  -.14000000E+01 -.28178905E+01
  -.13600000E+01 -.31930112E+01
  -.13200000E+01 -.36354636E+01
  -.12800000E+01 -.41657622E+01
  -.12400000E+01 -.48137038E+01
  -.12000000E+01 -.56242859E+01
  -.11600000E+01 -.66688187E+01
  -.11200000E+01 -.80674498E+01
  -.10800000E+01 -.10039612E+02
  -.10400000E+01 -.13033280E+02
  -.10000000E+01 -.18127266E+02
  -.96000000E+00 -.28744954E+02
  -.92000000E+00 -.64601374E+02
  -.88000000E+00  .34908536E+03
  -.84000000E+00  .49177571E+02
  -.80000000E+00  .27019437E+02
  -.76000000E+00  .18880754E+02
  -.72000000E+00  .14650031E+02
  -.68000000E+00  .12054940E+02
  -.64000000E+00  .10298815E+02
  -.60000000E+00  .90300870E+01
  -.56000000E+00  .80695359E+01
  -.52000000E+00  .73162078E+01
  -.48000000E+00  .67088963E+01
  -.44000000E+00  .62083337E+01
  -.40000000E+00  .57881695E+01
  -.36000000E+00  .54300627E+01
  -.32000000E+00  .51208528E+01
  -.28000000E+00  .48508542E+01
  -.24000000E+00  .46127754E+01
  -.20000000E+00  .44010260E+01
  -.16000000E+00  .42112450E+01
  -.12000000E+00  .40399858E+01
  -.80000000E-01  .38844824E+01
  -.40000000E-01  .37424922E+01
   .12351231E-14  .36121774E+01
   .40000000E-01  .34920175E+01
   .80000000E-01  .33807435E+01
   .12000000E+00  .32772883E+01
   .16000000E+00  .31807477E+01
   .20000000E+00  .30903504E+01
   .24000000E+00  .30054349E+01
   .28000000E+00  .29254301E+01
   .32000000E+00  .28498405E+01
   .36000000E+00  .27782343E+01
   .40000000E+00  .27102332E+01
   .44000000E+00  .26455044E+01
   .48000000E+00  .25837539E+01
   .52000000E+00  .25247213E+01
   .56000000E+00  .24681747E+01
   .60000000E+00  .24139071E+01
   .64000000E+00  .23617331E+01
   .68000000E+00  .23114862E+01
   .72000000E+00  .22630163E+01
   .76000000E+00  .22161878E+01
   .80000000E+00  .21708779E+01
   .84000000E+00  .21269751E+01
   .88000000E+00  .20843780E+01
   .92000000E+00  .20429937E+01
   .96000000E+00  .20027378E+01
   .10000000E+01  .19635324E+01
   .10400000E+01  .19253065E+01
   .10800000E+01  .18879944E+01
   .11200000E+01  .18515357E+01
   .11600000E+01  .18158746E+01
   .12000000E+01  .17809594E+01
   .12400000E+01  .17467424E+01
   .12800000E+01  .17131791E+01
   .13200000E+01  .16802282E+01
   .13600000E+01  .16478513E+01
   .14000000E+01  .16160126E+01
   .14400000E+01  .15846785E+01
   .14800000E+01  .15538177E+01
   .15200000E+01  .15234008E+01
   .15600000E+01  .14934004E+01
   .16000000E+01  .14637906E+01
   .16400000E+01  .14345470E+01
   .16800000E+01  .14056466E+01
   .17200000E+01  .13770680E+01
   .17600000E+01  .13487906E+01
   .18000000E+01  .13207951E+01
   .18400000E+01  .12930632E+01
   .18800000E+01  .12655776E+01
   .19200000E+01  .12383218E+01
   .19600000E+01  .12112802E+01
   .20000000E+01  .11844378E+01
Core Pot   L  =        1.00000   -.67614
  -.20000000E+01  .90237945E+00
  -.19600000E+01  .87682869E+00
  -.19200000E+01  .85066159E+00
  -.18800000E+01  .82384595E+00
  -.18400000E+01  .79634723E+00
  -.18000000E+01  .76812829E+00
  -.17600000E+01  .73914917E+00
  -.17200000E+01  .70936677E+00
  -.16800000E+01  .67873462E+00
  -.16400000E+01  .64720243E+00
  -.16000000E+01  .61471579E+00
  -.15600000E+01  .58121566E+00
  -.15200000E+01  .54663793E+00
  -.14800000E+01  .51091280E+00
  -.14400000E+01  .47396419E+00
  -.14000000E+01  .43570898E+00
  -.13600000E+01  .39605616E+00
  -.13200000E+01  .35490593E+00
  -.12800000E+01  .31214855E+00
  -.12400000E+01  .26766309E+00
  -.12000000E+01  .22131597E+00
  -.11600000E+01  .17295925E+00
  -.11200000E+01  .12242863E+00
  -.10800000E+01  .69541161E-01
  -.10400000E+01  .14092481E-01
  -.10000000E+01 -.44146409E-01
  -.96000000E+00 -.10543297E+00
  -.92000000E+00 -.17005769E+00
  -.88000000E+00 -.23834958E+00
  -.84000000E+00 -.31068277E+00
  -.80000000E+00 -.38748452E+00
  -.76000000E+00 -.46924501E+00
  -.72000000E+00 -.55652939E+00
  -.68000000E+00 -.64999267E+00
  -.64000000E+00 -.75039833E+00
  -.60000000E+00 -.85864177E+00
  -.56000000E+00 -.97578006E+00
  -.52000000E+00 -.11030702E+01
  -.48000000E+00 -.12420189E+01
  -.44000000E+00 -.13944474E+01
  -.40000000E+00 -.15625785E+01
  -.36000000E+00 -.17491537E+01
  -.32000000E+00 -.19575937E+01
  -.28000000E+00 -.21922227E+01
  -.24000000E+00 -.24585878E+01
  -.20000000E+00 -.27639245E+01
  -.16000000E+00 -.31178516E+01
  -.12000000E+00 -.35334410E+01
  -.80000000E-01 -.40289199E+01
  -.40000000E-01 -.46304901E+01
   .12351231E-14 -.53772259E+01
   .40000000E-01 -.63300846E+01
   .80000000E-01 -.75897211E+01
   .12000000E+00 -.93350878E+01
   .16000000E+00 -.11917947E+02
   .20000000E+00 -.16137859E+02
   .24000000E+00 -.24287382E+02
   .28000000E+00 -.46687936E+02
   .32000000E+00 -.38408244E+03
   .36000000E+00  .65108992E+02
   .40000000E+00  .30725762E+02
   .44000000E+00  .20396963E+02
   .48000000E+00  .15416945E+02
   .52000000E+00  .12482494E+02
   .56000000E+00  .10545980E+02
   .60000000E+00  .91708270E+01
   .64000000E+00  .81426964E+01
   .68000000E+00  .73440397E+01
   .72000000E+00  .67050055E+01
   .76000000E+00  .61814754E+01
   .80000000E+00  .57442131E+01
   .84000000E+00  .53730776E+01
   .88000000E+00  .50537410E+01
   .92000000E+00  .47757329E+01
   .96000000E+00  .45312236E+01
   .10000000E+01  .43142411E+01
   .10400000E+01  .41201509E+01
   .10800000E+01  .39453016E+01
   .11200000E+01  .37867769E+01
   .11600000E+01  .36422198E+01
   .12000000E+01  .35097045E+01
   .12400000E+01  .33876420E+01
   .12800000E+01  .32747097E+01
   .13200000E+01  .31697976E+01
   .13600000E+01  .30719674E+01
   .14000000E+01  .29804203E+01
   .14400000E+01  .28944722E+01
   .14800000E+01  .28135337E+01
   .15200000E+01  .27370941E+01
   .15600000E+01  .26647090E+01
   .16000000E+01  .25959896E+01
   .16400000E+01  .25305943E+01
   .16800000E+01  .24682218E+01
   .17200000E+01  .24086053E+01
   .17600000E+01  .23515074E+01
   .18000000E+01  .22967168E+01
   .18400000E+01  .22440441E+01
   .18800000E+01  .21933194E+01
   .19200000E+01  .21443897E+01
   .19600000E+01  .20971170E+01
   .20000000E+01  .20513762E+01
Potential  L  =        1.00000   -.67614
  -.20000000E+01  .56323448E+00
  -.19600000E+01  .53740844E+00
  -.19200000E+01  .51114056E+00
  -.18800000E+01  .48441567E+00
  -.18400000E+01  .45721785E+00
  -.18000000E+01  .42953042E+00
  -.17600000E+01  .40133590E+00
  -.17200000E+01  .37261591E+00
  -.16800000E+01  .34335117E+00
  -.16400000E+01  .31352142E+00
  -.16000000E+01  .28310535E+00
  -.15600000E+01  .25208053E+00
  -.15200000E+01  .22042336E+00
  -.14800000E+01  .18810897E+00
  -.14400000E+01  .15511112E+00
  -.14000000E+01  .12140215E+00
  -.13600000E+01  .86952832E-01
  -.13200000E+01  .51732291E-01
  -.12800000E+01  .15707871E-01
  -.12400000E+01 -.21154988E-01
  -.12000000E+01 -.58892898E-01
  -.11600000E+01 -.97544671E-01
  -.11200000E+01 -.13715149E+00
  -.10800000E+01 -.17775711E+00
  -.10400000E+01 -.21940801E+00
  -.10000000E+01 -.26215369E+00
  -.96000000E+00 -.30604685E+00
  -.92000000E+00 -.35114367E+00
  -.88000000E+00 -.39750413E+00
  -.84000000E+00 -.44519233E+00
  -.80000000E+00 -.49427681E+00
  -.76000000E+00 -.54483100E+00
  -.72000000E+00 -.59693361E+00
  -.68000000E+00 -.65066917E+00
  -.64000000E+00 -.70612852E+00
  -.60000000E+00 -.76340946E+00
  -.56000000E+00 -.82261740E+00
  -.52000000E+00 -.88386615E+00
  -.48000000E+00 -.94727871E+00
  -.44000000E+00 -.10129883E+01
  -.40000000E+00 -.10811393E+01
  -.36000000E+00 -.11518888E+01
  -.32000000E+00 -.12254075E+01
  -.28000000E+00 -.13018816E+01
  -.24000000E+00 -.13815146E+01
  -.20000000E+00 -.14645290E+01
  -.16000000E+00 -.15511692E+01
  -.12000000E+00 -.16417034E+01
  -.80000000E-01 -.17364276E+01
  -.40000000E-01 -.18356684E+01
   .12351231E-14 -.19397876E+01
   .40000000E-01 -.20491866E+01
   .80000000E-01 -.21643127E+01
   .12000000E+00 -.22856652E+01
   .16000000E+00 -.24138032E+01
   .20000000E+00 -.25493555E+01
   .24000000E+00 -.26930310E+01
   .28000000E+00 -.28456324E+01
   .32000000E+00 -.30080718E+01
   .36000000E+00 -.31813908E+01
   .40000000E+00 -.33667833E+01
   .44000000E+00 -.35656253E+01
   .48000000E+00 -.37795102E+01
   .52000000E+00 -.40102942E+01
   .56000000E+00 -.42601526E+01
   .60000000E+00 -.45316511E+01
   .64000000E+00 -.48278381E+01
   .68000000E+00 -.51523631E+01
   .72000000E+00 -.55096335E+01
   .76000000E+00 -.59050212E+01
   .80000000E+00 -.63451422E+01
   .84000000E+00 -.68382388E+01
   .88000000E+00 -.73947123E+01
   .92000000E+00 -.80278790E+01
   .96000000E+00 -.87550686E+01
   .10000000E+01 -.95992592E+01
   .10400000E+01 -.10591584E+02
   .10800000E+01 -.11775298E+02
   .11200000E+01 -.13212319E+02
   .11600000E+01 -.14994507E+02
   .12000000E+01 -.17264250E+02
   .12400000E+01 -.20254750E+02
   .12800000E+01 -.24376155E+02
   .13200000E+01 -.30422675E+02
   .13600000E+01 -.40159518E+02
   .14000000E+01 -.58460064E+02
   .14400000E+01 -.10552634E+03
   .14800000E+01 -.49897178E+03
   .15200000E+01  .18801153E+03
   .15600000E+01  .79999596E+02
   .16000000E+01  .51159407E+02
   .16400000E+01  .37784813E+02
   .16800000E+01  .30063211E+02
   .17200000E+01  .25034020E+02
   .17600000E+01  .21496737E+02
   .18000000E+01  .18872214E+02
   .18400000E+01  .16846714E+02
   .18800000E+01  .15235500E+02
   .19200000E+01  .13922714E+02
   .19600000E+01  .12832011E+02
   .20000000E+01  .11911037E+02
Core Pot   L  =        2.00000    .00000
  -.20000000E+01  .18301761E+01
  -.19600000E+01  .18200941E+01
  -.19200000E+01  .18099689E+01
  -.18800000E+01  .17998000E+01
  -.18400000E+01  .17895870E+01
  -.18000000E+01  .17793294E+01
  -.17600000E+01  .17690266E+01
  -.17200000E+01  .17586781E+01
  -.16800000E+01  .17482836E+01
  -.16400000E+01  .17378423E+01
  -.16000000E+01  .17273539E+01
  -.15600000E+01  .17168177E+01
  -.15200000E+01  .17062332E+01
  -.14800000E+01  .16955998E+01
  -.14400000E+01  .16849171E+01
  -.14000000E+01  .16741843E+01
  -.13600000E+01  .16634010E+01
  -.13200000E+01  .16525665E+01
  -.12800000E+01  .16416802E+01
  -.12400000E+01  .16307414E+01
  -.12000000E+01  .16197497E+01
  -.11600000E+01  .16087043E+01
  -.11200000E+01  .15976045E+01
  -.10800000E+01  .15864498E+01
  -.10400000E+01  .15752394E+01
  -.10000000E+01  .15639726E+01
  -.96000000E+00  .15526487E+01
  -.92000000E+00  .15412671E+01
  -.88000000E+00  .15298270E+01
  -.84000000E+00  .15183277E+01
  -.80000000E+00  .15067683E+01
  -.76000000E+00  .14951482E+01
  -.72000000E+00  .14834665E+01
  -.68000000E+00  .14717225E+01
  -.64000000E+00  .14599154E+01
  -.60000000E+00  .14480442E+01
  -.56000000E+00  .14361082E+01
  -.52000000E+00  .14241066E+01
  -.48000000E+00  .14120383E+01
  -.44000000E+00  .13999026E+01
  -.40000000E+00  .13876985E+01
  -.36000000E+00  .13754251E+01
  -.32000000E+00  .13630815E+01
  -.28000000E+00  .13506666E+01
  -.24000000E+00  .13381795E+01
  -.20000000E+00  .13256192E+01
  -.16000000E+00  .13129846E+01
  -.12000000E+00  .13002747E+01
  -.80000000E-01  .12874885E+01
  -.40000000E-01  .12746248E+01
   .12351231E-14  .12616826E+01
   .40000000E-01  .12486606E+01
   .80000000E-01  .12355577E+01
   .12000000E+00  .12223728E+01
   .16000000E+00  .12091046E+01
   .20000000E+00  .11957518E+01
   .24000000E+00  .11823133E+01
   .28000000E+00  .11687877E+01
   .32000000E+00  .11551737E+01
   .36000000E+00  .11414700E+01
   .40000000E+00  .11276751E+01
   .44000000E+00  .11137876E+01
   .48000000E+00  .10998062E+01
   .52000000E+00  .10857294E+01
   .56000000E+00  .10715555E+01
   .60000000E+00  .10572832E+01
   .64000000E+00  .10429107E+01
   .68000000E+00  .10284366E+01
   .72000000E+00  .10138590E+01
   .76000000E+00  .99917648E+00
   .80000000E+00  .98438714E+00
   .84000000E+00  .96948924E+00
   .88000000E+00  .95448097E+00
   .92000000E+00  .93936048E+00
   .96000000E+00  .92412586E+00
   .10000000E+01  .90877517E+00
   .10400000E+01  .89330640E+00
   .10800000E+01  .87771752E+00
   .11200000E+01  .86200642E+00
   .11600000E+01  .84617095E+00
   .12000000E+01  .83020893E+00
   .12400000E+01  .81411807E+00
   .12800000E+01  .79789608E+00
   .13200000E+01  .78154058E+00
   .13600000E+01  .76504912E+00
   .14000000E+01  .74841921E+00
   .14400000E+01  .73164828E+00
   .14800000E+01  .71473371E+00
   .15200000E+01  .69767278E+00
   .15600000E+01  .68046273E+00
   .16000000E+01  .66310069E+00
   .16400000E+01  .64558375E+00
   .16800000E+01  .62790890E+00
   .17200000E+01  .61007305E+00
   .17600000E+01  .59207302E+00
   .18000000E+01  .57390554E+00
   .18400000E+01  .55556727E+00
   .18800000E+01  .53705475E+00
   .19200000E+01  .51836442E+00
   .19600000E+01  .49949264E+00
   .20000000E+01  .48043566E+00
Potential  L  =        2.00000    .00000
  -.20000000E+01  .18326151E+01
  -.19600000E+01  .18225748E+01
  -.19200000E+01  .18124922E+01
  -.18800000E+01  .18023668E+01
  -.18400000E+01  .17921981E+01
  -.18000000E+01  .17819857E+01
  -.17600000E+01  .17717290E+01
  -.17200000E+01  .17614277E+01
  -.16800000E+01  .17510812E+01
  -.16400000E+01  .17406889E+01
  -.16000000E+01  .17302505E+01
  -.15600000E+01  .17197654E+01
  -.15200000E+01  .17092331E+01
  -.14800000E+01  .16986529E+01
  -.14400000E+01  .16880245E+01
  -.14000000E+01  .16773472E+01
  -.13600000E+01  .16666205E+01
  -.13200000E+01  .16558437E+01
  -.12800000E+01  .16450164E+01
  -.12400000E+01  .16341380E+01
  -.12000000E+01  .16232078E+01
  -.11600000E+01  .16122252E+01
  -.11200000E+01  .16011896E+01
  -.10800000E+01  .15901004E+01
  -.10400000E+01  .15789569E+01
  -.10000000E+01  .15677585E+01
  -.96000000E+00  .15565045E+01
  -.92000000E+00  .15451942E+01
  -.88000000E+00  .15338270E+01
  -.84000000E+00  .15224021E+01
  -.80000000E+00  .15109189E+01
  -.76000000E+00  .14993765E+01
  -.72000000E+00  .14877743E+01
  -.68000000E+00  .14761115E+01
  -.64000000E+00  .14643873E+01
  -.60000000E+00  .14526010E+01
  -.56000000E+00  .14407517E+01
  -.52000000E+00  .14288387E+01
  -.48000000E+00  .14168611E+01
  -.44000000E+00  .14048180E+01
  -.40000000E+00  .13927087E+01
  -.36000000E+00  .13805321E+01
  -.32000000E+00  .13682876E+01
  -.28000000E+00  .13559740E+01
  -.24000000E+00  .13435905E+01
  -.20000000E+00  .13311362E+01
  -.16000000E+00  .13186101E+01
  -.12000000E+00  .13060111E+01
  -.80000000E-01  .12933384E+01
  -.40000000E-01  .12805908E+01
   .12351231E-14  .12677674E+01
   .40000000E-01  .12548670E+01
   .80000000E-01  .12418886E+01
   .12000000E+00  .12288310E+01
   .16000000E+00  .12156932E+01
   .20000000E+00  .12024739E+01
   .24000000E+00  .11891720E+01
   .28000000E+00  .11757864E+01
   .32000000E+00  .11623156E+01
   .36000000E+00  .11487586E+01
   .40000000E+00  .11351140E+01
   .44000000E+00  .11213805E+01
   .48000000E+00  .11075567E+01
   .52000000E+00  .10936413E+01
   .56000000E+00  .10796330E+01
   .60000000E+00  .10655302E+01
   .64000000E+00  .10513315E+01
   .68000000E+00  .10370354E+01
   .72000000E+00  .10226404E+01
   .76000000E+00  .10081449E+01
   .80000000E+00  .99354736E+00
   .84000000E+00  .97884610E+00
   .88000000E+00  .96403946E+00
   .92000000E+00  .94912574E+00
   .96000000E+00  .93410319E+00
   .10000000E+01  .91897000E+00
   .10400000E+01  .90372437E+00
   .10800000E+01  .88836440E+00
   .11200000E+01  .87288818E+00
   .11600000E+01  .85729374E+00
   .12000000E+01  .84157908E+00
   .12400000E+01  .82574212E+00
   .12800000E+01  .80978076E+00
   .13200000E+01  .79369283E+00
   .13600000E+01  .77747612E+00
   .14000000E+01  .76112834E+00
   .14400000E+01  .74464718E+00
   .14800000E+01  .72803024E+00
   .15200000E+01  .71127507E+00
   .15600000E+01  .69437916E+00
   .16000000E+01  .67733992E+00
   .16400000E+01  .66015473E+00
   .16800000E+01  .64282087E+00
   .17200000E+01  .62533554E+00
   .17600000E+01  .60769588E+00
   .18000000E+01  .58989898E+00
   .18400000E+01  .57194180E+00
   .18800000E+01  .55382127E+00
   .19200000E+01  .53553418E+00
   .19600000E+01  .51707729E+00
   .20000000E+01  .49844724E+00
Core Pot   L  =        3.00000    .00000
  -.20000000E+01  .24343420E+01
  -.19600000E+01  .24267834E+01
  -.19200000E+01  .24192063E+01
  -.18800000E+01  .24116106E+01
  -.18400000E+01  .24039962E+01
  -.18000000E+01  .23963630E+01
  -.17600000E+01  .23887110E+01
  -.17200000E+01  .23810398E+01
  -.16800000E+01  .23733495E+01
  -.16400000E+01  .23656399E+01
  -.16000000E+01  .23579108E+01
  -.15600000E+01  .23501622E+01
  -.15200000E+01  .23423940E+01
  -.14800000E+01  .23346059E+01
  -.14400000E+01  .23267979E+01
  -.14000000E+01  .23189698E+01
  -.13600000E+01  .23111215E+01
  -.13200000E+01  .23032529E+01
  -.12800000E+01  .22953638E+01
  -.12400000E+01  .22874541E+01
  -.12000000E+01  .22795236E+01
  -.11600000E+01  .22715723E+01
  -.11200000E+01  .22635999E+01
  -.10800000E+01  .22556063E+01
  -.10400000E+01  .22475915E+01
  -.10000000E+01  .22395552E+01
  -.96000000E+00  .22314972E+01
  -.92000000E+00  .22234175E+01
  -.88000000E+00  .22153159E+01
  -.84000000E+00  .22071922E+01
  -.80000000E+00  .21990464E+01
  -.76000000E+00  .21908781E+01
  -.72000000E+00  .21826873E+01
  -.68000000E+00  .21744738E+01
  -.64000000E+00  .21662375E+01
  -.60000000E+00  .21579782E+01
  -.56000000E+00  .21496957E+01
  -.52000000E+00  .21413899E+01
  -.48000000E+00  .21330606E+01
  -.44000000E+00  .21247076E+01
  -.40000000E+00  .21163307E+01
  -.36000000E+00  .21079299E+01
  -.32000000E+00  .20995048E+01
  -.28000000E+00  .20910554E+01
  -.24000000E+00  .20825814E+01
  -.20000000E+00  .20740828E+01
  -.16000000E+00  .20655592E+01
  -.12000000E+00  .20570105E+01
  -.80000000E-01  .20484366E+01
  -.40000000E-01  .20398371E+01
   .12351231E-14  .20312121E+01
   .40000000E-01  .20225612E+01
   .80000000E-01  .20138842E+01
   .12000000E+00  .20051810E+01
   .16000000E+00  .19964514E+01
   .20000000E+00  .19876951E+01
   .24000000E+00  .19789120E+01
   .28000000E+00  .19701019E+01
   .32000000E+00  .19612645E+01
   .36000000E+00  .19523996E+01
   .40000000E+00  .19435071E+01
   .44000000E+00  .19345866E+01
   .48000000E+00  .19256381E+01
   .52000000E+00  .19166612E+01
   .56000000E+00  .19076558E+01
   .60000000E+00  .18986216E+01
   .64000000E+00  .18895583E+01
   .68000000E+00  .18804659E+01
   .72000000E+00  .18713439E+01
   .76000000E+00  .18621923E+01
   .80000000E+00  .18530107E+01
   .84000000E+00  .18437990E+01
   .88000000E+00  .18345567E+01
   .92000000E+00  .18252839E+01
   .96000000E+00  .18159800E+01
   .10000000E+01  .18066450E+01
   .10400000E+01  .17972786E+01
   .10800000E+01  .17878804E+01
   .11200000E+01  .17784503E+01
   .11600000E+01  .17689880E+01
   .12000000E+01  .17594931E+01
   .12400000E+01  .17499655E+01
   .12800000E+01  .17404048E+01
   .13200000E+01  .17308108E+01
   .13600000E+01  .17211832E+01
   .14000000E+01  .17115217E+01
   .14400000E+01  .17018260E+01
   .14800000E+01  .16920958E+01
   .15200000E+01  .16823308E+01
   .15600000E+01  .16725307E+01
   .16000000E+01  .16626952E+01
   .16400000E+01  .16528241E+01
   .16800000E+01  .16429169E+01
   .17200000E+01  .16329734E+01
   .17600000E+01  .16229932E+01
   .18000000E+01  .16129761E+01
   .18400000E+01  .16029217E+01
   .18800000E+01  .15928296E+01
   .19200000E+01  .15826995E+01
   .19600000E+01  .15725311E+01
   .20000000E+01  .15623241E+01
Potential  L  =        3.00000    .00000
  -.20000000E+01  .24345159E+01
  -.19600000E+01  .24269591E+01
  -.19200000E+01  .24193839E+01
  -.18800000E+01  .24117902E+01
  -.18400000E+01  .24041778E+01
  -.18000000E+01  .23965467E+01
  -.17600000E+01  .23888966E+01
  -.17200000E+01  .23812276E+01
  -.16800000E+01  .23735394E+01
  -.16400000E+01  .23658319E+01
  -.16000000E+01  .23581051E+01
  -.15600000E+01  .23503587E+01
  -.15200000E+01  .23425927E+01
  -.14800000E+01  .23348070E+01
  -.14400000E+01  .23270013E+01
  -.14000000E+01  .23191757E+01
  -.13600000E+01  .23113298E+01
  -.13200000E+01  .23034637E+01
  -.12800000E+01  .22955771E+01
  -.12400000E+01  .22876700E+01
  -.12000000E+01  .22797422E+01
  -.11600000E+01  .22717935E+01
  -.11200000E+01  .22638238E+01
  -.10800000E+01  .22558330E+01
  -.10400000E+01  .22478210E+01
  -.10000000E+01  .22397875E+01
  -.96000000E+00  .22317325E+01
  -.92000000E+00  .22236557E+01
  -.88000000E+00  .22155571E+01
  -.84000000E+00  .22074365E+01
  -.80000000E+00  .21992937E+01
  -.76000000E+00  .21911286E+01
  -.72000000E+00  .21829410E+01
  -.68000000E+00  .21747308E+01
  -.64000000E+00  .21664978E+01
  -.60000000E+00  .21582419E+01
  -.56000000E+00  .21499628E+01
  -.52000000E+00  .21416605E+01
  -.48000000E+00  .21333347E+01
  -.44000000E+00  .21249853E+01
  -.40000000E+00  .21166121E+01
  -.36000000E+00  .21082150E+01
  -.32000000E+00  .20997937E+01
  -.28000000E+00  .20913481E+01
  -.24000000E+00  .20828781E+01
  -.20000000E+00  .20743834E+01
  -.16000000E+00  .20658638E+01
  -.12000000E+00  .20573193E+01
  -.80000000E-01  .20487495E+01
  -.40000000E-01  .20401543E+01
   .12351231E-14  .20315335E+01
   .40000000E-01  .20228870E+01
   .80000000E-01  .20142145E+01
   .12000000E+00  .20055158E+01
   .16000000E+00  .19967908E+01
   .20000000E+00  .19880392E+01
   .24000000E+00  .19792609E+01
   .28000000E+00  .19704555E+01
   .32000000E+00  .19616230E+01
   .36000000E+00  .19527632E+01
   .40000000E+00  .19438757E+01
   .44000000E+00  .19349604E+01
   .48000000E+00  .19260171E+01
   .52000000E+00  .19170455E+01
   .56000000E+00  .19080455E+01
   .60000000E+00  .18990168E+01
   .64000000E+00  .18899591E+01
   .68000000E+00  .18808723E+01
   .72000000E+00  .18717562E+01
   .76000000E+00  .18626104E+01
   .80000000E+00  .18534348E+01
   .84000000E+00  .18442290E+01
   .88000000E+00  .18349930E+01
   .92000000E+00  .18257263E+01
   .96000000E+00  .18164289E+01
   .10000000E+01  .18071003E+01
   .10400000E+01  .17977404E+01
   .10800000E+01  .17883489E+01
   .11200000E+01  .17789256E+01
   .11600000E+01  .17694701E+01
   .12000000E+01  .17599823E+01
   .12400000E+01  .17504617E+01
   .12800000E+01  .17409083E+01
   .13200000E+01  .17313216E+01
   .13600000E+01  .17217015E+01
   .14000000E+01  .17120475E+01
   .14400000E+01  .17023595E+01
   .14800000E+01  .16926372E+01
   .15200000E+01  .16828801E+01
   .15600000E+01  .16730882E+01
   .16000000E+01  .16632609E+01
   .16400000E+01  .16533981E+01
   .16800000E+01  .16434995E+01
   .17200000E+01  .16335646E+01
   .17600000E+01  .16235932E+01
   .18000000E+01  .16135850E+01
   .18400000E+01  .16035397E+01
   .18800000E+01  .15934568E+01
   .19200000E+01  .15833361E+01
   .19600000E+01  .15731773E+01
   .20000000E+01  .15629799E+01
Core Pot   L  =        4.00000    .00000
  -.20000000E+01  .30180565E+01
  -.19600000E+01  .30119140E+01
  -.19200000E+01  .30057614E+01
  -.18800000E+01  .29995987E+01
  -.18400000E+01  .29934258E+01
  -.18000000E+01  .29872427E+01
  -.17600000E+01  .29810494E+01
  -.17200000E+01  .29748457E+01
  -.16800000E+01  .29686318E+01
  -.16400000E+01  .29624074E+01
  -.16000000E+01  .29561726E+01
  -.15600000E+01  .29499273E+01
  -.15200000E+01  .29436715E+01
  -.14800000E+01  .29374052E+01
  -.14400000E+01  .29311282E+01
  -.14000000E+01  .29248406E+01
  -.13600000E+01  .29185422E+01
  -.13200000E+01  .29122331E+01
  -.12800000E+01  .29059131E+01
  -.12400000E+01  .28995824E+01
  -.12000000E+01  .28932407E+01
  -.11600000E+01  .28868880E+01
  -.11200000E+01  .28805244E+01
  -.10800000E+01  .28741496E+01
  -.10400000E+01  .28677638E+01
  -.10000000E+01  .28613669E+01
  -.96000000E+00  .28549587E+01
  -.92000000E+00  .28485392E+01
  -.88000000E+00  .28421085E+01
  -.84000000E+00  .28356664E+01
  -.80000000E+00  .28292128E+01
  -.76000000E+00  .28227478E+01
  -.72000000E+00  .28162713E+01
  -.68000000E+00  .28097832E+01
  -.64000000E+00  .28032835E+01
  -.60000000E+00  .27967721E+01
  -.56000000E+00  .27902489E+01
  -.52000000E+00  .27837140E+01
  -.48000000E+00  .27771672E+01
  -.44000000E+00  .27706085E+01
  -.40000000E+00  .27640379E+01
  -.36000000E+00  .27574552E+01
  -.32000000E+00  .27508604E+01
  -.28000000E+00  .27442535E+01
  -.24000000E+00  .27376345E+01
  -.20000000E+00  .27310031E+01
  -.16000000E+00  .27243595E+01
  -.12000000E+00  .27177035E+01
  -.80000000E-01  .27110351E+01
  -.40000000E-01  .27043542E+01
   .12351231E-14  .26976607E+01
   .40000000E-01  .26909547E+01
   .80000000E-01  .26842359E+01
   .12000000E+00  .26775044E+01
   .16000000E+00  .26707602E+01
   .20000000E+00  .26640031E+01
   .24000000E+00  .26572330E+01
   .28000000E+00  .26504500E+01
   .32000000E+00  .26436539E+01
   .36000000E+00  .26368447E+01
   .40000000E+00  .26300224E+01
   .44000000E+00  .26231868E+01
   .48000000E+00  .26163378E+01
   .52000000E+00  .26094755E+01
   .56000000E+00  .26025998E+01
   .60000000E+00  .25957106E+01
   .64000000E+00  .25888077E+01
   .68000000E+00  .25818912E+01
   .72000000E+00  .25749610E+01
   .76000000E+00  .25680171E+01
   .80000000E+00  .25610592E+01
   .84000000E+00  .25540874E+01
   .88000000E+00  .25471017E+01
   .92000000E+00  .25401018E+01
   .96000000E+00  .25330878E+01
   .10000000E+01  .25260596E+01
   .10400000E+01  .25190171E+01
   .10800000E+01  .25119603E+01
   .11200000E+01  .25048890E+01
   .11600000E+01  .24978031E+01
   .12000000E+01  .24907027E+01
   .12400000E+01  .24835877E+01
   .12800000E+01  .24764578E+01
   .13200000E+01  .24693132E+01
   .13600000E+01  .24621536E+01
   .14000000E+01  .24549791E+01
   .14400000E+01  .24477895E+01
   .14800000E+01  .24405848E+01
   .15200000E+01  .24333648E+01
   .15600000E+01  .24261296E+01
   .16000000E+01  .24188789E+01
   .16400000E+01  .24116128E+01
   .16800000E+01  .24043311E+01
   .17200000E+01  .23970338E+01
   .17600000E+01  .23897208E+01
   .18000000E+01  .23823920E+01
   .18400000E+01  .23750473E+01
   .18800000E+01  .23676866E+01
   .19200000E+01  .23603098E+01
   .19600000E+01  .23529169E+01
   .20000000E+01  .23455077E+01
Potential  L  =        4.00000    .00000
  -.20000000E+01  .30180868E+01
  -.19600000E+01  .30119440E+01
  -.19200000E+01  .30057914E+01
  -.18800000E+01  .29996272E+01
  -.18400000E+01  .29934565E+01
  -.18000000E+01  .29872736E+01
  -.17600000E+01  .29810796E+01
  -.17200000E+01  .29748761E+01
  -.16800000E+01  .29686628E+01
  -.16400000E+01  .29624384E+01
  -.16000000E+01  .29562036E+01
  -.15600000E+01  .29499587E+01
  -.15200000E+01  .29437031E+01
  -.14800000E+01  .29374369E+01
  -.14400000E+01  .29311602E+01
  -.14000000E+01  .29248728E+01
  -.13600000E+01  .29185741E+01
  -.13200000E+01  .29122658E+01
  -.12800000E+01  .29059458E+01
  -.12400000E+01  .28996139E+01
  -.12000000E+01  .28932739E+01
  -.11600000E+01  .28869215E+01
  -.11200000E+01  .28805581E+01
  -.10800000E+01  .28741835E+01
  -.10400000E+01  .28677981E+01
  -.10000000E+01  .28614014E+01
  -.96000000E+00  .28549936E+01
  -.92000000E+00  .28485731E+01
  -.88000000E+00  .28421439E+01
  -.84000000E+00  .28357024E+01
  -.80000000E+00  .28292490E+01
  -.76000000E+00  .28227844E+01
  -.72000000E+00  .28163082E+01
  -.68000000E+00  .28098210E+01
  -.64000000E+00  .28033209E+01
  -.60000000E+00  .27968098E+01
  -.56000000E+00  .27902874E+01
  -.52000000E+00  .27837526E+01
  -.48000000E+00  .27772062E+01
  -.44000000E+00  .27706482E+01
  -.40000000E+00  .27640782E+01
  -.36000000E+00  .27574958E+01
  -.32000000E+00  .27509015E+01
  -.28000000E+00  .27442949E+01
  -.24000000E+00  .27376762E+01
  -.20000000E+00  .27310456E+01
  -.16000000E+00  .27244023E+01
  -.12000000E+00  .27177471E+01
  -.80000000E-01  .27110792E+01
  -.40000000E-01  .27043988E+01
   .12351231E-14  .26977057E+01
   .40000000E-01  .26910000E+01
   .80000000E-01  .26842819E+01
   .12000000E+00  .26775510E+01
   .16000000E+00  .26708073E+01
   .20000000E+00  .26640508E+01
   .24000000E+00  .26572816E+01
   .28000000E+00  .26504989E+01
   .32000000E+00  .26437039E+01
   .36000000E+00  .26368952E+01
   .40000000E+00  .26300733E+01
   .44000000E+00  .26232384E+01
   .48000000E+00  .26163899E+01
   .52000000E+00  .26095285E+01
   .56000000E+00  .26026538E+01
   .60000000E+00  .25957650E+01
   .64000000E+00  .25888630E+01
   .68000000E+00  .25819472E+01
   .72000000E+00  .25750178E+01
   .76000000E+00  .25680746E+01
   .80000000E+00  .25611175E+01
   .84000000E+00  .25541465E+01
   .88000000E+00  .25471614E+01
   .92000000E+00  .25401627E+01
   .96000000E+00  .25331495E+01
   .10000000E+01  .25261221E+01
   .10400000E+01  .25190804E+01
   .10800000E+01  .25120246E+01
   .11200000E+01  .25049541E+01
   .11600000E+01  .24978692E+01
   .12000000E+01  .24907697E+01
   .12400000E+01  .24836555E+01
   .12800000E+01  .24765266E+01
   .13200000E+01  .24693830E+01
   .13600000E+01  .24622244E+01
   .14000000E+01  .24550508E+01
   .14400000E+01  .24478622E+01
   .14800000E+01  .24406584E+01
   .15200000E+01  .24334395E+01
   .15600000E+01  .24262053E+01
   .16000000E+01  .24189557E+01
   .16400000E+01  .24116906E+01
   .16800000E+01  .24044102E+01
   .17200000E+01  .23971139E+01
   .17600000E+01  .23898020E+01
   .18000000E+01  .23824743E+01
   .18400000E+01  .23751307E+01
   .18800000E+01  .23677712E+01
   .19200000E+01  .23603956E+01
   .19600000E+01  .23530039E+01
   .20000000E+01  .23455959E+01
KBPotential  L  =       .00000  -3.48920
  -.20000000E+01 -.40158058E+00
  -.19600000E+01 -.48016084E+00
  -.19200000E+01 -.56335630E+00
  -.18800000E+01 -.65163641E+00
  -.18400000E+01 -.74553690E+00
  -.18000000E+01 -.84567185E+00
  -.17600000E+01 -.95274859E+00
  -.17200000E+01 -.10675863E+01
  -.16800000E+01 -.11911385E+01
  -.16400000E+01 -.13245225E+01
  -.16000000E+01 -.14690556E+01
  -.15600000E+01 -.16263019E+01
  -.15200000E+01 -.17981335E+01
  -.14800000E+01 -.19868100E+01
  -.14400000E+01 -.21950838E+01
  -.14000000E+01 -.24263429E+01
  -.13600000E+01 -.26848050E+01
  -.13200000E+01 -.29757886E+01
  -.12800000E+01 -.33060968E+01
  -.12400000E+01 -.36845746E+01
  -.12000000E+01 -.41229369E+01
  -.11600000E+01 -.46370350E+01
  -.11200000E+01 -.52488599E+01
  -.10800000E+01 -.59898326E+01
  -.10400000E+01 -.69064667E+01
  -.10000000E+01 -.80706663E+01
  -.96000000E+00 -.95997896E+01
  -.92000000E+00 -.11699308E+02
  -.88000000E+00 -.14764610E+02
  -.84000000E+00 -.19666364E+02
  -.80000000E+00 -.28771491E+02
  -.76000000E+00 -.51578287E+02
  -.72000000E+00 -.21355699E+03
  -.68000000E+00  .10623209E+03
  -.64000000E+00  .43576238E+02
  -.60000000E+00  .27803996E+02
  -.56000000E+00  .20615835E+02
  -.52000000E+00  .16500156E+02
  -.48000000E+00  .13831973E+02
  -.44000000E+00  .11960454E+02
  -.40000000E+00  .10574078E+02
  -.36000000E+00  .95050090E+01
  -.32000000E+00  .86548178E+01
  -.28000000E+00  .79619667E+01
  -.24000000E+00  .73860062E+01
  -.20000000E+00  .68992542E+01
  -.16000000E+00  .64821274E+01
  -.12000000E+00  .61203811E+01
  -.80000000E-01  .58034063E+01
  -.40000000E-01  .55231388E+01
   .12351231E-14  .52733400E+01
   .40000000E-01  .50491073E+01
   .80000000E-01  .48465351E+01
   .12000000E+00  .46624733E+01
   .16000000E+00  .44943531E+01
   .20000000E+00  .43400590E+01
   .24000000E+00  .41978327E+01
   .28000000E+00  .40662009E+01
   .32000000E+00  .39439199E+01
   .36000000E+00  .38299324E+01
   .40000000E+00  .37233337E+01
   .44000000E+00  .36233455E+01
   .48000000E+00  .35292941E+01
   .52000000E+00  .34405939E+01
   .56000000E+00  .33567328E+01
   .60000000E+00  .32772616E+01
   .64000000E+00  .32017843E+01
   .68000000E+00  .31299506E+01
   .72000000E+00  .30614493E+01
   .76000000E+00  .29960032E+01
   .80000000E+00  .29333644E+01
   .84000000E+00  .28733105E+01
   .88000000E+00  .28156416E+01
   .92000000E+00  .27601774E+01
   .96000000E+00  .27067546E+01
   .10000000E+01  .26552255E+01
   .10400000E+01  .26054557E+01
   .10800000E+01  .25573227E+01
   .11200000E+01  .25107148E+01
   .11600000E+01  .24655297E+01
   .12000000E+01  .24216736E+01
   .12400000E+01  .23790606E+01
   .12800000E+01  .23376113E+01
   .13200000E+01  .22972528E+01
   .13600000E+01  .22579177E+01
   .14000000E+01  .22195435E+01
   .14400000E+01  .21820724E+01
   .14800000E+01  .21454509E+01
   .15200000E+01  .21096292E+01
   .15600000E+01  .20745608E+01
   .16000000E+01  .20402026E+01
   .16400000E+01  .20065141E+01
   .16800000E+01  .19734578E+01
   .17200000E+01  .19409983E+01
   .17600000E+01  .19091026E+01
   .18000000E+01  .18777397E+01
   .18400000E+01  .18468804E+01
   .18800000E+01  .18164975E+01
   .19200000E+01  .17865651E+01
   .19600000E+01  .17570590E+01
   .20000000E+01  .17279561E+01
KBPotential  L  =      1.00000  -1.35228
  -.20000000E+01  .89962082E+00
  -.19600000E+01  .87411724E+00
  -.19200000E+01  .84800132E+00
  -.18800000E+01  .82124108E+00
  -.18400000E+01  .79380222E+00
  -.18000000E+01  .76564786E+00
  -.17600000E+01  .73673830E+00
  -.17200000E+01  .70703075E+00
  -.16800000E+01  .67647901E+00
  -.16400000E+01  .64503317E+00
  -.16000000E+01  .61263914E+00
  -.15600000E+01  .57923830E+00
  -.15200000E+01  .54476694E+00
  -.14800000E+01  .50915574E+00
  -.14400000E+01  .47232909E+00
  -.14000000E+01  .43420441E+00
  -.13600000E+01  .39469130E+00
  -.13200000E+01  .35369055E+00
  -.12800000E+01  .31109316E+00
  -.12400000E+01  .26677893E+00
  -.12000000E+01  .22061512E+00
  -.11600000E+01  .17245471E+00
  -.11200000E+01  .12213444E+00
  -.10800000E+01  .69472445E-01
  -.10400000E+01  .14265598E-01
  -.10000000E+01 -.43713732E-01
  -.96000000E+00 -.10472148E+00
  -.92000000E+00 -.16904643E+00
  -.88000000E+00 -.23701568E+00
  -.84000000E+00 -.30900119E+00
  -.80000000E+00 -.38542782E+00
  -.76000000E+00 -.46678304E+00
  -.72000000E+00 -.55362882E+00
  -.68000000E+00 -.64661665E+00
  -.64000000E+00 -.74650592E+00
  -.60000000E+00 -.85418730E+00
  -.56000000E+00 -.97071246E+00
  -.52000000E+00 -.10973321E+01
  -.48000000E+00 -.12355453E+01
  -.44000000E+00 -.13871649E+01
  -.40000000E+00 -.15544034E+01
  -.36000000E+00 -.17399898E+01
  -.32000000E+00 -.19473304E+01
  -.28000000E+00 -.21807315E+01
  -.24000000E+00 -.24457189E+01
  -.20000000E+00 -.27495022E+01
  -.16000000E+00 -.31016683E+01
  -.12000000E+00 -.35152506E+01
  -.80000000E-01 -.40084297E+01
  -.40000000E-01 -.46073538E+01
   .12351231E-14 -.53510393E+01
   .40000000E-01 -.63003989E+01
   .80000000E-01 -.75561080E+01
   .12000000E+00 -.92973775E+01
   .16000000E+00 -.11877092E+02
   .20000000E+00 -.16099454E+02
   .24000000E+00 -.24280631E+02
   .28000000E+00 -.46953285E+02
   .32000000E+00 -.42490553E+03
   .36000000E+00  .63552013E+02
   .40000000E+00  .30261009E+02
   .44000000E+00  .20141760E+02
   .48000000E+00  .15242900E+02
   .52000000E+00  .12350158E+02
   .56000000E+00  .10438660E+02
   .60000000E+00  .90800450E+01
   .64000000E+00  .80636027E+01
   .68000000E+00  .72736185E+01
   .72000000E+00  .66412613E+01
   .76000000E+00  .61230231E+01
   .80000000E+00  .56900542E+01
   .84000000E+00  .53224695E+01
   .88000000E+00  .50061175E+01
   .92000000E+00  .47306527E+01
   .96000000E+00  .44883364E+01
   .10000000E+01  .42732648E+01
   .10400000E+01  .40808550E+01
   .10800000E+01  .39074953E+01
   .11200000E+01  .37503011E+01
   .11600000E+01  .36069403E+01
   .12000000E+01  .34755072E+01
   .12400000E+01  .33544293E+01
   .12800000E+01  .32423975E+01
   .13200000E+01  .31383131E+01
   .13600000E+01  .30412473E+01
   .14000000E+01  .29504091E+01
   .14400000E+01  .28651213E+01
   .14800000E+01  .27848003E+01
   .15200000E+01  .27089404E+01
   .15600000E+01  .26371016E+01
   .16000000E+01  .25688988E+01
   .16400000E+01  .25039937E+01
   .16800000E+01  .24420881E+01
   .17200000E+01  .23829176E+01
   .17600000E+01  .23262474E+01
   .18000000E+01  .22718680E+01
   .18400000E+01  .22195920E+01
   .18800000E+01  .21692511E+01
   .19200000E+01  .21206939E+01
   .19600000E+01  .20737836E+01
   .20000000E+01  .20283967E+01
KBPotential  L  =      2.00000    .00000
  -.20000000E+01  .18326151E+01
  -.19600000E+01  .18225748E+01
  -.19200000E+01  .18124922E+01
  -.18800000E+01  .18023668E+01
  -.18400000E+01  .17921981E+01
  -.18000000E+01  .17819857E+01
  -.17600000E+01  .17717290E+01
  -.17200000E+01  .17614277E+01
  -.16800000E+01  .17510812E+01
  -.16400000E+01  .17406889E+01
  -.16000000E+01  .17302505E+01
  -.15600000E+01  .17197654E+01
  -.15200000E+01  .17092331E+01
  -.14800000E+01  .16986529E+01
  -.14400000E+01  .16880245E+01
  -.14000000E+01  .16773472E+01
  -.13600000E+01  .16666205E+01
  -.13200000E+01  .16558437E+01
  -.12800000E+01  .16450164E+01
  -.12400000E+01  .16341380E+01
  -.12000000E+01  .16232078E+01
  -.11600000E+01  .16122252E+01
  -.11200000E+01  .16011896E+01
  -.10800000E+01  .15901004E+01
  -.10400000E+01  .15789569E+01
  -.10000000E+01  .15677585E+01
  -.96000000E+00  .15565045E+01
  -.92000000E+00  .15451942E+01
  -.88000000E+00  .15338270E+01
  -.84000000E+00  .15224021E+01
  -.80000000E+00  .15109189E+01
  -.76000000E+00  .14993765E+01
  -.72000000E+00  .14877743E+01
  -.68000000E+00  .14761115E+01
  -.64000000E+00  .14643873E+01
  -.60000000E+00  .14526010E+01
  -.56000000E+00  .14407517E+01
  -.52000000E+00  .14288387E+01
  -.48000000E+00  .14168611E+01
  -.44000000E+00  .14048180E+01
  -.40000000E+00  .13927087E+01
  -.36000000E+00  .13805321E+01
  -.32000000E+00  .13682876E+01
  -.28000000E+00  .13559740E+01
  -.24000000E+00  .13435905E+01
  -.20000000E+00  .13311362E+01
  -.16000000E+00  .13186101E+01
  -.12000000E+00  .13060111E+01
  -.80000000E-01  .12933384E+01
  -.40000000E-01  .12805908E+01
   .12351231E-14  .12677674E+01
   .40000000E-01  .12548670E+01
   .80000000E-01  .12418886E+01
   .12000000E+00  .12288310E+01
   .16000000E+00  .12156932E+01
   .20000000E+00  .12024739E+01
   .24000000E+00  .11891720E+01
   .28000000E+00  .11757864E+01
   .32000000E+00  .11623156E+01
   .36000000E+00  .11487586E+01
   .40000000E+00  .11351140E+01
   .44000000E+00  .11213805E+01
   .48000000E+00  .11075567E+01
   .52000000E+00  .10936413E+01
   .56000000E+00  .10796330E+01
   .60000000E+00  .10655302E+01
   .64000000E+00  .10513315E+01
   .68000000E+00  .10370354E+01
   .72000000E+00  .10226404E+01
   .76000000E+00  .10081449E+01
   .80000000E+00  .99354736E+00
   .84000000E+00  .97884610E+00
   .88000000E+00  .96403946E+00
   .92000000E+00  .94912574E+00
   .96000000E+00  .93410319E+00
   .10000000E+01  .91897000E+00
   .10400000E+01  .90372437E+00
   .10800000E+01  .88836440E+00
   .11200000E+01  .87288818E+00
   .11600000E+01  .85729374E+00
   .12000000E+01  .84157908E+00
   .12400000E+01  .82574212E+00
   .12800000E+01  .80978076E+00
   .13200000E+01  .79369283E+00
   .13600000E+01  .77747612E+00
   .14000000E+01  .76112834E+00
   .14400000E+01  .74464718E+00
   .14800000E+01  .72803024E+00
   .15200000E+01  .71127507E+00
   .15600000E+01  .69437916E+00
   .16000000E+01  .67733992E+00
   .16400000E+01  .66015473E+00
   .16800000E+01  .64282087E+00
   .17200000E+01  .62533554E+00
   .17600000E+01  .60769588E+00
   .18000000E+01  .58989898E+00
   .18400000E+01  .57194180E+00
   .18800000E+01  .55382127E+00
   .19200000E+01  .53553418E+00
   .19600000E+01  .51707729E+00
   .20000000E+01  .49844724E+00
KBPotential  L  =      3.00000    .00000
  -.20000000E+01  .24345159E+01
  -.19600000E+01  .24269591E+01
  -.19200000E+01  .24193839E+01
  -.18800000E+01  .24117902E+01
  -.18400000E+01  .24041778E+01
  -.18000000E+01  .23965467E+01
  -.17600000E+01  .23888966E+01
  -.17200000E+01  .23812276E+01
  -.16800000E+01  .23735394E+01
  -.16400000E+01  .23658319E+01
  -.16000000E+01  .23581051E+01
  -.15600000E+01  .23503587E+01
  -.15200000E+01  .23425927E+01
  -.14800000E+01  .23348070E+01
  -.14400000E+01  .23270013E+01
  -.14000000E+01  .23191757E+01
  -.13600000E+01  .23113298E+01
  -.13200000E+01  .23034637E+01
  -.12800000E+01  .22955771E+01
  -.12400000E+01  .22876700E+01
  -.12000000E+01  .22797422E+01
  -.11600000E+01  .22717935E+01
  -.11200000E+01  .22638238E+01
  -.10800000E+01  .22558330E+01
  -.10400000E+01  .22478210E+01
  -.10000000E+01  .22397875E+01
  -.96000000E+00  .22317325E+01
  -.92000000E+00  .22236557E+01
  -.88000000E+00  .22155571E+01
  -.84000000E+00  .22074365E+01
  -.80000000E+00  .21992937E+01
  -.76000000E+00  .21911286E+01
  -.72000000E+00  .21829410E+01
  -.68000000E+00  .21747308E+01
  -.64000000E+00  .21664978E+01
  -.60000000E+00  .21582419E+01
  -.56000000E+00  .21499628E+01
  -.52000000E+00  .21416605E+01
  -.48000000E+00  .21333347E+01
  -.44000000E+00  .21249853E+01
  -.40000000E+00  .21166121E+01
  -.36000000E+00  .21082150E+01
  -.32000000E+00  .20997937E+01
  -.28000000E+00  .20913481E+01
  -.24000000E+00  .20828781E+01
  -.20000000E+00  .20743834E+01
  -.16000000E+00  .20658638E+01
  -.12000000E+00  .20573193E+01
  -.80000000E-01  .20487495E+01
  -.40000000E-01  .20401543E+01
   .12351231E-14  .20315335E+01
   .40000000E-01  .20228870E+01
   .80000000E-01  .20142145E+01
   .12000000E+00  .20055158E+01
   .16000000E+00  .19967908E+01
   .20000000E+00  .19880392E+01
   .24000000E+00  .19792609E+01
   .28000000E+00  .19704555E+01
   .32000000E+00  .19616230E+01
   .36000000E+00  .19527632E+01
   .40000000E+00  .19438757E+01
   .44000000E+00  .19349604E+01
   .48000000E+00  .19260171E+01
   .52000000E+00  .19170455E+01
   .56000000E+00  .19080455E+01
   .60000000E+00  .18990168E+01
   .64000000E+00  .18899591E+01
   .68000000E+00  .18808723E+01
   .72000000E+00  .18717562E+01
   .76000000E+00  .18626104E+01
   .80000000E+00  .18534348E+01
   .84000000E+00  .18442290E+01
   .88000000E+00  .18349930E+01
   .92000000E+00  .18257263E+01
   .96000000E+00  .18164289E+01
   .10000000E+01  .18071003E+01
   .10400000E+01  .17977404E+01
   .10800000E+01  .17883489E+01
   .11200000E+01  .17789256E+01
   .11600000E+01  .17694701E+01
   .12000000E+01  .17599823E+01
   .12400000E+01  .17504617E+01
   .12800000E+01  .17409083E+01
   .13200000E+01  .17313216E+01
   .13600000E+01  .17217015E+01
   .14000000E+01  .17120475E+01
   .14400000E+01  .17023595E+01
   .14800000E+01  .16926372E+01
   .15200000E+01  .16828801E+01
   .15600000E+01  .16730882E+01
   .16000000E+01  .16632609E+01
   .16400000E+01  .16533981E+01
   .16800000E+01  .16434995E+01
   .17200000E+01  .16335646E+01
   .17600000E+01  .16235932E+01
   .18000000E+01  .16135850E+01
   .18400000E+01  .16035397E+01
   .18800000E+01  .15934568E+01
   .19200000E+01  .15833361E+01
   .19600000E+01  .15731773E+01
   .20000000E+01  .15629799E+01
KBPotential  L  =      4.00000    .00000
  -.20000000E+01  .30180868E+01
  -.19600000E+01  .30119440E+01
  -.19200000E+01  .30057914E+01
  -.18800000E+01  .29996272E+01
  -.18400000E+01  .29934565E+01
  -.18000000E+01  .29872736E+01
  -.17600000E+01  .29810796E+01
  -.17200000E+01  .29748761E+01
  -.16800000E+01  .29686628E+01
  -.16400000E+01  .29624384E+01
  -.16000000E+01  .29562036E+01
  -.15600000E+01  .29499587E+01
  -.15200000E+01  .29437031E+01
  -.14800000E+01  .29374369E+01
  -.14400000E+01  .29311602E+01
  -.14000000E+01  .29248728E+01
  -.13600000E+01  .29185741E+01
  -.13200000E+01  .29122658E+01
  -.12800000E+01  .29059458E+01
  -.12400000E+01  .28996139E+01
  -.12000000E+01  .28932739E+01
  -.11600000E+01  .28869215E+01
  -.11200000E+01  .28805581E+01
  -.10800000E+01  .28741835E+01
  -.10400000E+01  .28677981E+01
  -.10000000E+01  .28614014E+01
  -.96000000E+00  .28549936E+01
  -.92000000E+00  .28485731E+01
  -.88000000E+00  .28421439E+01
  -.84000000E+00  .28357024E+01
  -.80000000E+00  .28292490E+01
  -.76000000E+00  .28227844E+01
  -.72000000E+00  .28163082E+01
  -.68000000E+00  .28098210E+01
  -.64000000E+00  .28033209E+01
  -.60000000E+00  .27968098E+01
  -.56000000E+00  .27902874E+01
  -.52000000E+00  .27837526E+01
  -.48000000E+00  .27772062E+01
  -.44000000E+00  .27706482E+01
  -.40000000E+00  .27640782E+01
  -.36000000E+00  .27574958E+01
  -.32000000E+00  .27509015E+01
  -.28000000E+00  .27442949E+01
  -.24000000E+00  .27376762E+01
  -.20000000E+00  .27310456E+01
  -.16000000E+00  .27244023E+01
  -.12000000E+00  .27177471E+01
  -.80000000E-01  .27110792E+01
  -.40000000E-01  .27043988E+01
   .12351231E-14  .26977057E+01
   .40000000E-01  .26910000E+01
   .80000000E-01  .26842819E+01
   .12000000E+00  .26775510E+01
   .16000000E+00  .26708073E+01
   .20000000E+00  .26640508E+01
   .24000000E+00  .26572816E+01
   .28000000E+00  .26504989E+01
   .32000000E+00  .26437039E+01
   .36000000E+00  .26368952E+01
   .40000000E+00  .26300733E+01
   .44000000E+00  .26232384E+01
   .48000000E+00  .26163899E+01
   .52000000E+00  .26095285E+01
   .56000000E+00  .26026538E+01
   .60000000E+00  .25957650E+01
   .64000000E+00  .25888630E+01
   .68000000E+00  .25819472E+01
   .72000000E+00  .25750178E+01
   .76000000E+00  .25680746E+01
   .80000000E+00  .25611175E+01
   .84000000E+00  .25541465E+01
   .88000000E+00  .25471614E+01
   .92000000E+00  .25401627E+01
   .96000000E+00  .25331495E+01
   .10000000E+01  .25261221E+01
   .10400000E+01  .25190804E+01
   .10800000E+01  .25120246E+01
   .11200000E+01  .25049541E+01
   .11600000E+01  .24978692E+01
   .12000000E+01  .24907697E+01
   .12400000E+01  .24836555E+01
   .12800000E+01  .24765266E+01
   .13200000E+01  .24693830E+01
   .13600000E+01  .24622244E+01
   .14000000E+01  .24550508E+01
   .14400000E+01  .24478622E+01
   .14800000E+01  .24406584E+01
   .15200000E+01  .24334395E+01
   .15600000E+01  .24262053E+01
   .16000000E+01  .24189557E+01
   .16400000E+01  .24116906E+01
   .16800000E+01  .24044102E+01
   .17200000E+01  .23971139E+01
   .17600000E+01  .23898020E+01
   .18000000E+01  .23824743E+01
   .18400000E+01  .23751307E+01
   .18800000E+01  .23677712E+01
   .19200000E+01  .23603956E+01
   .19600000E+01  .23530039E+01
   .20000000E+01  .23455959E+01
