Hg: 10s 2d fine mesh  CA                
   15  80.   .002000 200.59000 125.   .50E-04 .100  400FCA 68.00000
   .7  1.0   0
  1.0   .0   .5-6067.4647 2.0000
  2.0   .0   .5-1076.3746 2.0000
  2.0  1.0  1.5 -929.5826 6.0000
  3.0   .0   .5 -255.5704 2.0000
  3.0  1.0  1.5 -213.0858 6.0000
  3.0  2.0  2.5 -168.276610.0000
  4.0   .0   .5  -56.1399 2.0000
  4.0  1.0  1.5  -42.1826 6.0000
  4.0  2.0  2.5  -25.588110.0000
  4.0  3.0  3.5   -7.110714.0000
  5.0   .0   .5   -8.6651 2.0000
  5.0  1.0  1.5   -4.8890 6.0000
  5.0  2.0  2.5    -.743110.0000
  6.0   .0   .5    -.5214 2.0000
  6.0  1.0  1.5    -.5000  .0000
