Hg: 10s 2d fine mesh  CA                
  .456215863E+00  .462108026E+00  .468075608E+00  .474119562E+00  .480240851E+00
  .486440451E+00  .492719349E+00  .499078547E+00  .505519055E+00  .512041898E+00
  .518648114E+00  .525338753E+00  .532114877E+00  .538977563E+00  .545927899E+00
  .552966988E+00  .560095946E+00  .567315902E+00  .574628000E+00  .582033398E+00
  .589533266E+00  .597128791E+00  .604821173E+00  .612611627E+00  .620501383E+00
  .628491686E+00  .636583795E+00  .644778986E+00  .653078550E+00  .661483794E+00
  .669996039E+00  .678616624E+00  .687346903E+00  .696188249E+00  .705142048E+00
  .714209705E+00  .723392642E+00  .732692296E+00  .742110126E+00  .751647603E+00
  .761306219E+00  .771087484E+00  .780992926E+00  .791024090E+00  .801182542E+00
  .811469864E+00  .821887659E+00  .832437548E+00  .843121174E+00  .853940196E+00
  .864896295E+00  .875991173E+00  .887226550E+00  .898604169E+00  .910125791E+00
  .921793201E+00  .933608202E+00  .945572623E+00  .957688310E+00  .969957134E+00
  .982380987E+00  .994961783E+00  .100770146E+01  .102060198E+01  .103366533E+01
  .104689350E+01  .106028854E+01  .107385250E+01  .108758746E+01  .110149552E+01
  .111557880E+01  .112983947E+01  .114427970E+01  .115890170E+01  .117370769E+01
  .118869993E+01  .120388071E+01  .121925234E+01  .123481714E+01  .125057749E+01
  .126653577E+01  .128269441E+01  .129905585E+01  .131562257E+01  .133239707E+01
  .134938189E+01  .136657958E+01  .138399275E+01  .140162401E+01  .141947601E+01
  .143755145E+01  .145585303E+01  .147438350E+01  .149314563E+01  .151214224E+01
  .153137617E+01  .155085029E+01  .157056751E+01  .159053076E+01  .161074303E+01
  .163120731E+01  .165192665E+01  .167290413E+01  .169414285E+01  .171564597E+01
  .173741666E+01  .175945814E+01  .178177367E+01  .180436653E+01  .182724006E+01
  .185039763E+01  .187384262E+01  .189757849E+01  .192160872E+01  .194593681E+01
  .197056634E+01  .199550090E+01  .202074413E+01  .204629970E+01  .207217133E+01
  .209836279E+01  .212487787E+01  .215172042E+01  .217889433E+01  .220640352E+01
  .223425197E+01  .226244368E+01  .229098273E+01  .231987321E+01  .234911928E+01
  .237872512E+01  .240869498E+01  .243903313E+01  .246974393E+01  .250083173E+01
  .253230097E+01  .256415612E+01  .259640171E+01  .262904229E+01  .266208250E+01
  .269552700E+01  .272938051E+01  .276364780E+01  .279833368E+01  .283344303E+01
  .286898076E+01  .290495186E+01  .294136134E+01  .297821429E+01  .301551584E+01
  .305327118E+01  .309148553E+01  .313016421E+01  .316931255E+01  .320893597E+01
  .324903992E+01  .328962992E+01  .333071155E+01  .337229043E+01  .341437225E+01
  .345696277E+01  .350006778E+01  .354369316E+01  .358784481E+01  .363252874E+01
  .367775098E+01  .372351763E+01  .376983487E+01  .381670892E+01  .386414606E+01
  .391215266E+01  .396073512E+01  .400989992E+01  .405965361E+01  .411000279E+01
  .416095414E+01  .421251438E+01  .426469032E+01  .431748883E+01  .437091684E+01
  .442498134E+01  .447968942E+01  .453504819E+01  .459106487E+01  .464774673E+01
  .470510110E+01  .476313539E+01  .482185709E+01  .488127374E+01  .494139296E+01
  .500222244E+01  .506376994E+01  .512604329E+01  .518905040E+01  .525279924E+01
  .531729785E+01  .538255437E+01  .544857698E+01  .551537396E+01  .558295364E+01
  .565132444E+01  .572049485E+01  .579047344E+01  .586126884E+01  .593288977E+01
  .600534502E+01  .607864346E+01  .615279403E+01  .622780575E+01  .630368772E+01
  .638044911E+01  .645809916E+01  .653664721E+01  .661610266E+01  .669647500E+01
  .677777378E+01  .686000863E+01  .694318929E+01  .702732554E+01  .711242725E+01
  .719850438E+01  .728556695E+01  .737362508E+01  .746268896E+01  .755276884E+01
  .764387507E+01  .773601809E+01  .782920838E+01  .792345654E+01  .801877322E+01
  .811516916E+01  .821265518E+01  .831124217E+01  .841094112E+01  .851176307E+01
  .861371916E+01  .871682059E+01  .882107866E+01  .892650472E+01  .903311022E+01
  .914090667E+01  .924990568E+01  .936011892E+01  .947155812E+01  .958423513E+01
  .969816183E+01  .981335021E+01  .992981230E+01  .100475602E+02  .101666062E+02
  .102869625E+02  .104086414E+02  .105316554E+02  .106560170E+02  .107817386E+02
  .109088330E+02  .110373128E+02  .111671908E+02  .112984798E+02  .114311927E+02
  .115653425E+02  .117009421E+02  .118380048E+02  .119765436E+02  .121165718E+02
  .122581026E+02  .124011493E+02  .125457254E+02  .126918444E+02  .128395196E+02
  .129887648E+02  .131395934E+02  .132920192E+02  .134460559E+02  .136017172E+02
  .137590170E+02  .139179691E+02  .140785875E+02  .142408860E+02  .144048787E+02
  .145705796E+02  .147380028E+02  .149071623E+02  .150780723E+02  .152507470E+02
  .154252005E+02  .156014471E+02  .157795010E+02  .159593764E+02  .161410878E+02
  .163246493E+02  .165100754E+02  .166973802E+02  .168865783E+02  .170776838E+02
  .172707113E+02  .174656750E+02  .176625893E+02  .178614686E+02  .180623271E+02
  .182651793E+02  .184700395E+02  .186769220E+02  .188858410E+02  .190968108E+02
  .193098456E+02  .195249598E+02  .197421674E+02  .199614825E+02  .201829193E+02
  .204064919E+02  .206322141E+02  .208601000E+02  .210901634E+02  .213224182E+02
  .215568781E+02  .217935568E+02  .220324680E+02  .222736251E+02  .225170416E+02
  .227627308E+02  .230107061E+02  .232609805E+02  .235135671E+02  .237684790E+02
  .240257288E+02  .242853294E+02  .245472932E+02  .248116328E+02  .250783604E+02
  .253474883E+02  .256190284E+02  .258929926E+02  .261693927E+02  .264482400E+02
  .267295461E+02  .270133220E+02  .272995788E+02  .275883272E+02  .278795779E+02
  .281733411E+02  .284696272E+02  .287684460E+02  .290698072E+02  .293737203E+02
  .296801946E+02  .299892390E+02  .303008622E+02  .306150727E+02  .309318786E+02
  .312512879E+02  .315733081E+02  .318979464E+02  .322252100E+02  .325551055E+02
  .328876391E+02  .332228169E+02  .335606445E+02  .339011272E+02  .342442700E+02
  .345900775E+02  .349385537E+02  .352897026E+02  .356435274E+02  .360000312E+02
  .363592164E+02  .367210853E+02  .370856396E+02  .374528803E+02  .378228084E+02
  .381954241E+02  .385707273E+02  .389487172E+02  .393293926E+02  .397127520E+02
  .400987929E+02  .404875128E+02  .408789083E+02  .412729755E+02  .416697101E+02
  .420691069E+02  .424711603E+02  .428758643E+02  .432832119E+02  .436931956E+02
  .441058075E+02  .445210387E+02  .449388799E+02  .453593210E+02  .457823511E+02
  .462079589E+02  .466361322E+02  .470668580E+02  .475001228E+02  .479359121E+02
  .483742108E+02  .488150031E+02  .492582722E+02  .497040006E+02  .501521701E+02
  .506027615E+02  .510557549E+02  .515111295E+02  .519688637E+02  .524289349E+02
  .528913198E+02  .533559941E+02  .538229325E+02  .542921090E+02  .547634966E+02
  .552370673E+02  .557127921E+02  .561906411E+02  .566705836E+02  .571525877E+02
  .576366205E+02  .581226481E+02  .586106358E+02  .591005476E+02  .595923465E+02
  .600859947E+02  .605814529E+02  .610786812E+02  .615776384E+02  .620782820E+02
  .625805688E+02  .630844542E+02  .635898927E+02  .640968374E+02  .646052406E+02
  .651150531E+02  .656262249E+02  .661387046E+02  .666524396E+02  .671673764E+02
  .676834601E+02  .682006347E+02  .687188430E+02  .692380266E+02  .697581258E+02
  .702790798E+02  .708008267E+02  .713233033E+02  .718464450E+02  .723701863E+02
  .728944602E+02  .734191988E+02  .739443326E+02  .744697913E+02  .749955030E+02
  .755213948E+02  .760473925E+02  .765734208E+02  .770994031E+02  .776252617E+02
  .781509174E+02  .786762902E+02  .792012986E+02  .797258603E+02  .802498913E+02
  .807733069E+02  .812960210E+02  .818179465E+02  .823389950E+02  .828590771E+02
  .833781024E+02  .838959790E+02  .844126145E+02  .849279149E+02  .854417855E+02
  .859541305E+02  .864648530E+02  .869738552E+02  .874810382E+02  .879863025E+02
  .884895472E+02  .889906709E+02  .894895712E+02  .899861448E+02  .904802876E+02
  .909718947E+02  .914608607E+02  .919470791E+02  .924304429E+02  .929108445E+02
  .933881756E+02  .938623273E+02  .943331903E+02  .948006546E+02  .952646099E+02
  .957249454E+02  .961815500E+02  .966343123E+02  .970831204E+02  .975278624E+02
  .979684262E+02  .984046995E+02  .988365698E+02  .992639250E+02  .996866525E+02
  .100104640E+03  .100517776E+03  .100925948E+03  .101329045E+03  .101726955E+03
  .102119567E+03  .102506772E+03  .102888458E+03  .103264518E+03  .103634842E+03
  .103999323E+03  .104357854E+03  .104710328E+03  .105056640E+03  .105396687E+03
  .105730365E+03  .106057573E+03  .106378211E+03  .106692179E+03  .106999379E+03
  .107299717E+03  .107593097E+03  .107879427E+03  .108158616E+03  .108430575E+03
  .108695218E+03  .108952459E+03  .109202216E+03  .109444409E+03  .109678960E+03
  .109905793E+03  .110124836E+03  .110336018E+03  .110539272E+03  .110734534E+03
  .110921742E+03  .111100838E+03  .111271766E+03  .111434475E+03  .111588916E+03
  .111735044E+03  .111872818E+03  .112002200E+03  .112123156E+03  .112235656E+03
  .112339674E+03  .112435188E+03  .112522181E+03  .112600639E+03  .112670554E+03
  .112731921E+03  .112784740E+03  .112829017E+03  .112864761E+03  .112891987E+03
  .112910715E+03  .112920970E+03  .112922782E+03  .112916185E+03  .112901222E+03
  .112877938E+03  .112846385E+03  .112806621E+03  .112758708E+03  .112702716E+03
  .112638720E+03  .112566800E+03  .112487043E+03  .112399542E+03  .112304396E+03
  .112201711E+03  .112091597E+03  .111974173E+03  .111849562E+03  .111717896E+03
  .111579311E+03  .111433950E+03  .111281964E+03  .111123510E+03  .110958749E+03
  .110787852E+03  .110610996E+03  .110428361E+03  .110240139E+03  .110046524E+03
  .109847719E+03  .109643933E+03  .109435382E+03  .109222286E+03  .109004876E+03
  .108783384E+03  .108558052E+03  .108329128E+03  .108096864E+03  .107861520E+03
  .107623362E+03  .107382661E+03  .107139694E+03  .106894744E+03  .106648100E+03
  .106400056E+03  .106150911E+03  .105900969E+03  .105650540E+03  .105399938E+03
  .105149484E+03  .104899499E+03  .104650312E+03  .104402256E+03  .104155665E+03
  .103910881E+03  .103668245E+03  .103428105E+03  .103190810E+03  .102956711E+03
  .102726164E+03  .102499526E+03  .102277155E+03  .102059411E+03  .101846656E+03
  .101639254E+03  .101437566E+03  .101241958E+03  .101052793E+03  .100870434E+03
  .100695245E+03  .100527586E+03  .100367820E+03  .100216303E+03  .100073393E+03
  .999394431E+02  .998148049E+02  .996998257E+02  .995948493E+02  .995002153E+02
  .994162586E+02  .993433092E+02  .992816914E+02  .992317237E+02  .991937183E+02
  .991679802E+02  .991548075E+02  .991544904E+02  .991673109E+02  .991935422E+02
  .992334486E+02  .992872847E+02  .993552950E+02  .994377135E+02  .995347633E+02
  .996466558E+02  .997735909E+02  .999157558E+02  .100073325E+03  .100246460E+03
  .100435308E+03  .100640002E+03  .100860662E+03  .101097390E+03  .101350277E+03
  .101619393E+03  .101904795E+03  .102206524E+03  .102524602E+03  .102859034E+03
  .103209808E+03  .103576894E+03  .103960243E+03  .104359787E+03  .104775441E+03
  .105207099E+03  .105654636E+03  .106117908E+03  .106596748E+03  .107090974E+03
  .107600380E+03  .108124740E+03  .108663808E+03  .109217318E+03  .109784981E+03
  .110366491E+03  .110961517E+03  .111569710E+03  .112190699E+03  .112824093E+03
  .113469478E+03  .114126424E+03  .114794476E+03  .115473162E+03  .116161989E+03
  .116860443E+03  .117567992E+03  .118284084E+03  .119008151E+03  .119739602E+03
  .120477831E+03  .121222215E+03  .121972112E+03  .122726864E+03  .123485799E+03
  .124248226E+03  .125013443E+03  .125780731E+03  .126549361E+03  .127318588E+03
  .128087658E+03  .128855803E+03  .129622248E+03  .130386207E+03  .131146886E+03
  .131903484E+03  .132655193E+03  .133401200E+03  .134140688E+03  .134872836E+03
  .135596822E+03  .136311821E+03  .137017010E+03  .137711567E+03  .138394673E+03
  .139065512E+03  .139723273E+03  .140367151E+03  .140996351E+03  .141610084E+03
  .142207573E+03  .142788053E+03  .143350770E+03  .143894987E+03  .144419981E+03
  .144925047E+03  .145409497E+03  .145872664E+03  .146313902E+03  .146732589E+03
  .147128125E+03  .147499936E+03  .147847475E+03  .148170222E+03  .148467687E+03
  .148739410E+03  .148984965E+03  .149203956E+03  .149396023E+03  .149560840E+03
  .149698120E+03  .149807610E+03  .149889099E+03  .149942413E+03  .149967421E+03
  .149964032E+03  .149932196E+03  .149871909E+03  .149783209E+03  .149666178E+03
  .149520944E+03  .149347681E+03  .149146606E+03  .148917986E+03  .148662132E+03
  .148379402E+03  .148070204E+03  .147734988E+03  .147374253E+03  .146988547E+03
  .146578461E+03  .146144633E+03  .145687747E+03  .145208533E+03  .144707764E+03
  .144186257E+03  .143644872E+03  .143084511E+03  .142506118E+03  .141910674E+03
  .141299201E+03  .140672757E+03  .140032436E+03  .139379365E+03  .138714706E+03
  .138039648E+03  .137355412E+03  .136663244E+03  .135964415E+03  .135260219E+03
  .134551969E+03  .133841000E+03  .133128656E+03  .132416300E+03  .131705303E+03
  .130997044E+03  .130292906E+03  .129594276E+03  .128902540E+03  .128219080E+03
  .127545272E+03  .126882482E+03  .126232065E+03  .125595360E+03  .124973685E+03
  .124368338E+03  .123780594E+03  .123211697E+03  .122662861E+03  .122135266E+03
  .121630054E+03  .121148327E+03  .120691142E+03  .120259513E+03  .119854401E+03
  .119476715E+03  .119127312E+03  .118806988E+03  .118516478E+03  .118256457E+03
  .118027531E+03  .117830240E+03  .117665053E+03  .117532368E+03  .117432506E+03
  .117365715E+03  .117332162E+03  .117331938E+03  .117365050E+03  .117431425E+03
  .117530908E+03  .117663257E+03  .117828149E+03  .118025175E+03  .118253840E+03
  .118513566E+03  .118803688E+03  .119123458E+03  .119472044E+03  .119848531E+03
  .120251922E+03  .120681140E+03  .121135028E+03  .121612353E+03  .122111805E+03
  .122632003E+03  .123171494E+03  .123728758E+03  .124302210E+03  .124890202E+03
  .125491029E+03  .126102929E+03  .126724090E+03  .127352652E+03  .127986713E+03
  .128624330E+03  .129263527E+03  .129902297E+03  .130538608E+03  .131170408E+03
  .131795631E+03  .132412199E+03  .133018030E+03  .133611043E+03  .134189162E+03
  .134750323E+03  .135292479E+03  .135813607E+03  .136311711E+03  .136784827E+03
  .137231034E+03  .137648454E+03  .138035259E+03  .138389679E+03  .138710004E+03
  .138994589E+03  .139241864E+03  .139450334E+03  .139618585E+03  .139745290E+03
  .139829214E+03  .139869215E+03  .139864252E+03  .139813387E+03  .139715787E+03
  .139570731E+03  .139377612E+03  .139135936E+03  .138845330E+03  .138505543E+03
  .138116442E+03  .137678024E+03  .137190406E+03  .136653836E+03  .136068686E+03
  .135435455E+03  .134754771E+03  .134027384E+03  .133254172E+03  .132436137E+03
  .131574402E+03  .130670209E+03  .129724919E+03  .128740007E+03  .127717058E+03
  .126657766E+03  .125563927E+03  .124437440E+03  .123280293E+03  .122094569E+03
  .120882432E+03  .119646126E+03  .118387968E+03  .117110341E+03  .115815689E+03
  .114506509E+03  .113185345E+03  .111854781E+03  .110517433E+03  .109175942E+03
  .107832967E+03  .106491176E+03  .105153238E+03  .103821820E+03  .102499571E+03
  .101189122E+03  .998930723E+02  .986139854E+02  .973543795E+02  .961167207E+02
  .949034148E+02  .937168006E+02  .925591420E+02  .914326220E+02  .903393345E+02
  .892812795E+02  .882603551E+02  .872783533E+02  .863369526E+02  .854377142E+02
  .845820758E+02  .837713486E+02  .830067110E+02  .822892072E+02  .816197417E+02
  .809990781E+02  .804278357E+02  .799064877E+02  .794353599E+02  .790146298E+02
  .786443252E+02  .783243254E+02  .780543606E+02  .778340133E+02  .776627196E+02
  .775397710E+02  .774643171E+02  .774353678E+02  .774517974E+02  .775123475E+02
  .776156316E+02  .777601401E+02  .779442446E+02  .781662034E+02  .784241678E+02
  .787161875E+02  .790402174E+02  .793941243E+02  .797756939E+02  .801826379E+02
  .806126018E+02  .810631719E+02  .815318844E+02  .820162316E+02  .825136720E+02
  .830216364E+02  .835375376E+02  .840587784E+02  .845827598E+02  .851068881E+02
  .856285848E+02  .861452929E+02  .866544863E+02  .871536760E+02  .876404192E+02
  .881123249E+02  .885670629E+02  .890023687E+02  .894160516E+02  .898059995E+02
  .901701865E+02  .905066765E+02  .908136303E+02  .910893084E+02  .913320776E+02
  .915404127E+02  .917129024E+02  .918482503E+02  .919452795E+02  .920029332E+02
  .920202784E+02  .919965052E+02  .919309300E+02  .918229940E+02  .916722650E+02
  .914784358E+02  .912413244E+02  .909608723E+02  .906371434E+02  .902703203E+02
  .898607063E+02  .894087183E+02  .889148857E+02  .883798470E+02  .878043459E+02
  .871892276E+02  .865354342E+02  .858440012E+02  .851160504E+02  .843527899E+02
  .835555039E+02  .827255507E+02  .818643547E+02  .809734040E+02  .800542418E+02
  .791084633E+02  .781377076E+02  .771436545E+02  .761280161E+02  .750925336E+02
  .740389688E+02  .729691016E+02  .718847208E+02  .707876225E+02  .696796004E+02
  .685624449E+02  .674379336E+02  .663078303E+02  .651738763E+02  .640377896E+02
  .629012561E+02  .617659302E+02  .606334253E+02  .595053154E+02  .583831263E+02
  .572683370E+02  .561623717E+02  .550666019E+02  .539823387E+02  .529108350E+02
  .518532792E+02  .508107973E+02  .497844469E+02  .487752205E+02  .477840396E+02
  .468117585E+02  .458591587E+02  .449269539E+02  .440157844E+02  .431262222E+02
  .422587666E+02  .414138492E+02  .405918306E+02  .397930050E+02  .390175977E+02
  .382657700E+02  .375376173E+02  .368331741E+02  .361524123E+02  .354952469E+02
  .348615343E+02  .342510782E+02  .336636286E+02  .330988871E+02  .325565068E+02
  .320360975E+02  .315372259E+02  .310594205E+02  .306021724E+02  .301649401E+02
  .297471500E+02  .293482017E+02  .289674687E+02  .286043028E+02  .282580356E+02
  .279279825E+02  .276134443E+02  .273137110E+02  .270280629E+02  .267557752E+02
  .264961188E+02  .262483637E+02  .260117806E+02  .257856438E+02  .255692330E+02
  .253618355E+02  .251627482E+02  .249712792E+02  .247867483E+02  .246084935E+02
  .244358671E+02  .242682394E+02  .241049995E+02  .239455569E+02  .237893425E+02
  .236358090E+02  .234844328E+02  .233347135E+02  .231861757E+02  .230383684E+02
  .228908644E+02  .227432658E+02  .225951988E+02  .224463149E+02  .222962922E+02
  .221448341E+02  .219916698E+02  .218365537E+02  .216792656E+02  .215196094E+02
  .213574136E+02  .211925298E+02  .210248330E+02  .208542200E+02  .206806090E+02
  .205039399E+02  .203241725E+02  .201412850E+02  .199552746E+02  .197661554E+02
  .195739584E+02  .193787299E+02  .191805311E+02  .189794365E+02  .187755337E+02
  .185689217E+02  .183597108E+02  .181480206E+02  .179339803E+02  .177177264E+02
  .174994031E+02  .172791605E+02  .170571542E+02  .168335443E+02  .166084947E+02
  .163821720E+02  .161547452E+02  .159263845E+02  .156972613E+02  .154675465E+02
  .152374110E+02  .150070233E+02  .147765525E+02  .145461638E+02  .143160205E+02
  .140862822E+02  .138571056E+02  .136286425E+02  .134010416E+02  .131744459E+02
  .129489945E+02  .127248207E+02  .125020530E+02  .122808139E+02  .120612209E+02
  .118433850E+02  .116274121E+02  .114134015E+02  .112014469E+02  .109916361E+02
  .107840509E+02  .105787669E+02  .103758540E+02  .101753762E+02  .997739190E+01
  .978195349E+01  .958910820E+01  .939889751E+01  .921135793E+01  .902652051E+01
  .884441164E+01  .866505261E+01  .848846034E+01  .831464703E+01  .814362090E+01
  .797538576E+01  .780994185E+01  .764728533E+01  .748740900E+01  .733030250E+01
  .717595178E+01  .702433991E+01  .687544819E+01  .672925493E+01  .658573581E+01
  .644486471E+01  .630661317E+01  .617095127E+01  .603784713E+01  .590726777E+01
  .577917856E+01  .565354403E+01  .553032741E+01  .540949140E+01  .529099767E+01
  .517480758E+01  .506088173E+01  .494918072E+01  .483966457E+01  .473229261E+01
  .462702562E+01  .452382379E+01  .442264717E+01  .432345632E+01  .422621179E+01
  .413087485E+01  .403740683E+01  .394576987E+01  .385592635E+01  .376783953E+01
  .368147297E+01  .359679121E+01  .351375915E+01  .343234275E+01  .335250834E+01
  .327422335E+01  .319745565E+01  .312217424E+01  .304834855E+01  .297594912E+01
  .290494699E+01  .283531432E+01  .276702368E+01  .270004882E+01  .263436387E+01
  .256994412E+01  .250676522E+01  .244480394E+01  .238403740E+01  .232444357E+01
  .226600121E+01  .220868988E+01  .215248940E+01  .209738062E+01  .204334462E+01
  .199036342E+01  .193841927E+01  .188749533E+01  .183757489E+01  .178864213E+01
  .174068134E+01  .169367765E+01  .164761622E+01  .160248302E+01  .155826404E+01
  .151494600E+01  .147251541E+01  .143095980E+01  .139026670E+01  .135042395E+01
  .131141962E+01  .127324210E+01  .123587995E+01  .119932201E+01  .116355726E+01
  .112857494E+01  .109436438E+01  .106091516E+01  .102821693E+01  .996259530E+00
  .965032861E+00  .934526996E+00  .904732048E+00  .875638269E+00  .847235928E+00
  .819515427E+00  .792467201E+00  .766081740E+00  .740349581E+00  .715261298E+00
  .690807502E+00  .666978832E+00  .643765951E+00  .621159541E+00  .599150303E+00
  .577728951E+00  .556886208E+00  .536612807E+00  .516899488E+00  .497736999E+00
  .479116090E+00  .461027518E+00  .443462044E+00  .426410435E+00  .409863465E+00
  .393811913E+00  .378246568E+00  .363158230E+00  .348537711E+00  .334375837E+00
  .320663451E+00  .307391417E+00  .294550621E+00  .282131975E+00  .270126422E+00
  .258524935E+00  .247318524E+00  .236498164E+00  .226055029E+00  .215980260E+00
  .206265047E+00  .196900637E+00  .187878337E+00  .179189518E+00  .170825618E+00
  .162778146E+00  .155038690E+00  .147598916E+00  .140450572E+00  .133585496E+00
  .126995618E+00  .120672964E+00  .114609656E+00  .108797922E+00  .103230094E+00
  .978986132E-01  .927960337E-01  .879150252E-01  .832483759E-01  .787889949E-01
  .745299151E-01  .704642956E-01  .665854239E-01  .628867177E-01  .593617272E-01
  .560041363E-01  .528077647E-01  .497665687E-01  .468746424E-01  .441262190E-01
  .415156711E-01  .390375116E-01  .366863337E-01  .344569948E-01  .323444274E-01
  .303437049E-01  .284500408E-01  .266587880E-01  .249654384E-01  .233656219E-01
  .218551053E-01  .204297909E-01  .190857157E-01  .178190492E-01  .166260922E-01
  .155032751E-01  .144471556E-01  .134544171E-01  .125218667E-01  .116464324E-01
  .108251614E-01  .100552176E-01  .933387886E-02  .865853478E-02  .802668405E-02
  .743593175E-02  .688398671E-02  .636865880E-02  .588785614E-02  .543958233E-02
  .502193367E-02  .463309633E-02  .427134354E-02  .393503278E-02  .362260295E-02
  .333257158E-02  .306353209E-02  .281415095E-02  .258316505E-02  .236937891E-02
  .217166210E-02  .198894656E-02  .182022405E-02  .166454364E-02  .152100919E-02
  .138877696E-02  .126705324E-02  .115509203E-02  .105219279E-02  .957698264E-03
  .870992341E-03  .791498011E-03  .718675358E-03  .652019638E-03  .591059412E-03
  .535354750E-03  .484495502E-03  .438099636E-03  .395811631E-03  .357300955E-03
  .322260585E-03  .290405611E-03  .261471885E-03  .235214745E-03  .211407788E-03
  .189841712E-03  .170323208E-03  .152673911E-03  .136729402E-03  .122338268E-03
  .109361209E-03  .976701935E-04  .871476670E-04  .776857984E-04  .691857766E-04
  .615571467E-04  .547171869E-04  .485903244E-04  .431075882E-04  .382060969E-04
  .338285808E-04  .299229345E-04  .264418015E-04  .233421863E-04  .205850943E-04
  .181351969E-04  .159605211E-04  .140321622E-04  .123240174E-04  .108125398E-04
  .947651183E-05  .829683552E-05  .725633998E-05  .633960421E-05  .553279429E-05
  .482351411E-05  .420066861E-05  .365433853E-05  .317566615E-05  .275675077E-05
  .239055367E-05  .207081137E-05  .179195696E-05  .154904852E-05  .133770427E-05
  .115404388E-05  .994635291E-06  .856446794E-06  .736803737E-06  .633349568E-06
  .544010802E-06  .466965565E-06  .400615410E-06  .343560107E-06  .294575131E-06
  .252591640E-06  .216678680E-06  .186027486E-06  .158790259E-06  .135559931E-06
  .115774997E-06  .989490821E-07  .846615314E-07  .725491077E-07  .622986936E-07
  .536408833E-07  .463443718E-07  .402110547E-07  .350717642E-07  .307825741E-07
  .272216172E-07  .242863646E-07  .218913264E-07  .199661393E-07  .184540171E-07
  .173105453E-07  .165028147E-07  .160088808E-07  .158176145E-07  .159288794E-07
  .130774382E-07  .107194864E-07  .877270586E-08  .716796467E-08  .584729760E-08
  .476218111E-08  .387206155E-08  .314310185E-08  .254711580E-08  .206066355E-08
  .166428514E-08  .134185215E-08  .108002017E-08  .867767298E-09  .696005703E-09
  .557255375E-09  .445370532E-09  .355310614E-09  .282948939E-09  .224913120E-09
  .178452214E-09  .141326323E-09  .111715041E-09  .881416431E-10  .694104617E-10
  .545552257E-10  .427965439E-10  .335069724E-10  .261823727E-10  .204184731E-10
  .158917248E-10  .123436995E-10  .956839567E-11  .740193553E-11  .571421663E-11
  .440216302E-11  .338428002E-11  .259627014E-11  .198751083E-11  .151823052E-11
  .115724955E-11  .880176651E-12  .667972476E-12  .505807782E-12  .382157965E-12
  .288086553E-12  .216679513E-12  .162599639E-12  .121736319E-12  .909309156E-13
  .677619110E-13  .503772227E-13  .373636280E-13  .276453302E-13  .204053506E-13
  .150247560E-13  .110357882E-13  .808580508E-14  .590960563E-14  .430824437E-14
  .313285259E-14  .227231497E-14  .164390645E-14  .118619657E-14  .853685963E-15
  .612762786E-15  .438662149E-15  .313185885E-15  .222997024E-15  .158347559E-15
  .112132001E-15  .791852097E-16  .557628791E-16  .391582408E-16  .274200467E-16
  .191456596E-16  .133296765E-16  .925349837E-17  .640500112E-17  .442027359E-17
  .304148347E-17  .208649691E-17  .142703796E-17  .973034495E-18  .661432046E-18
  .448224693E-18  .302795249E-18  .203907951E-18  .136880032E-18  .915916298E-19
  .610899905E-19  .406136152E-19  .269122008E-19  .177742511E-19  .117000146E-19
  .767578627E-20  .501867413E-20  .327018983E-20  .212355183E-20  .137418974E-20
  .886160463E-21  .569439616E-21  .364619869E-21  .232636543E-21  .147893130E-21
  .936780700E-22  .591200841E-22  .371729076E-22  .232862472E-22  .145325209E-22
  .903520028E-23  .559598803E-23  .345258690E-23  .212191451E-23  .129901164E-23
  .792111744E-24  .481098903E-24  .291033461E-24  .175346924E-24  .105217013E-24
  .628770530E-25  .374198867E-25  .221769805E-25  .130881262E-25  .769153450E-26
  .450084639E-26  .262244371E-26  .152136679E-26  .878743907E-27  .505331188E-27
  .289307627E-27  .164891460E-27  .935567911E-28  .528415556E-28  .297086635E-28
  .166257740E-28  .926095415E-29  .513438503E-29  .283311091E-29  .155583894E-29
  .850305432E-30  .462463792E-30  .250297236E-30  .134800917E-30  .722388640E-31
  .385188137E-31  .204353157E-31  .107864525E-31  .566430976E-32  .295916054E-32
  .153788968E-32  .795057928E-33  .408856548E-33  .209133331E-33  .106398873E-33
  .538385672E-34  .270940370E-34  .135599666E-34  .674883722E-35  .334014505E-35
  .164379703E-35  .804373654E-36  .391358169E-36  .189311877E-36  .910433079E-37
  .435275834E-37  .206874486E-37  .977359826E-38  .458972184E-38  .214230633E-38
  .993845600E-39  .458223190E-39  .209958996E-39  .956025536E-40  .432573805E-40
  .194484330E-40  .868801317E-41  .385607421E-41  .170034394E-41  .744855264E-42
  .324136386E-42  .140113936E-42  .601601931E-43  .256559413E-43  .108666039E-43
  .457091346E-44  .190937559E-44  .792017317E-45  .326218415E-45  .133409912E-45
  .541687360E-46  .218356050E-46  .873800784E-47  .347108178E-47  .136866391E-47
  .535651684E-48  .208063426E-48  .000000000E+00  .000000000E+00  .000000000E+00
  .000000000E+00  .000000000E+00  .000000000E+00  .000000000E+00  .000000000E+00
  .000000000E+00  .000000000E+00  .000000000E+00  .000000000E+00  .000000000E+00
  .000000000E+00  .000000000E+00  .000000000E+00  .000000000E+00  .000000000E+00
  .000000000E+00  .000000000E+00  .000000000E+00  .000000000E+00  .000000000E+00
  .000000000E+00  .000000000E+00  .000000000E+00  .000000000E+00  .000000000E+00
  .000000000E+00  .000000000E+00  .000000000E+00  .000000000E+00  .000000000E+00
  .000000000E+00  .000000000E+00  .000000000E+00  .000000000E+00  .000000000E+00
  .000000000E+00  .000000000E+00  .000000000E+00  .000000000E+00  .000000000E+00
  .000000000E+00  .000000000E+00  .000000000E+00  .000000000E+00  .000000000E+00
  .000000000E+00  .000000000E+00  .000000000E+00  .000000000E+00  .000000000E+00
  .000000000E+00  .000000000E+00  .000000000E+00  .000000000E+00  .000000000E+00
  .000000000E+00  .000000000E+00  .000000000E+00  .000000000E+00  .000000000E+00
  .000000000E+00  .000000000E+00  .000000000E+00  .000000000E+00  .000000000E+00
  .000000000E+00  .000000000E+00  .000000000E+00  .000000000E+00  .000000000E+00
  .000000000E+00  .000000000E+00  .000000000E+00  .000000000E+00  .000000000E+00
  .000000000E+00  .000000000E+00  .000000000E+00  .000000000E+00  .000000000E+00
  .000000000E+00  .000000000E+00  .000000000E+00  .000000000E+00  .000000000E+00
  .000000000E+00  .000000000E+00  .000000000E+00  .000000000E+00  .000000000E+00
  .000000000E+00  .000000000E+00  .000000000E+00  .000000000E+00  .000000000E+00
  .000000000E+00  .000000000E+00  .000000000E+00  .000000000E+00  .000000000E+00
  .000000000E+00  .000000000E+00  .000000000E+00  .000000000E+00  .000000000E+00
  .000000000E+00  .000000000E+00  .000000000E+00  .000000000E+00  .000000000E+00
  .000000000E+00  .000000000E+00  .000000000E+00  .000000000E+00  .000000000E+00
  .000000000E+00  .000000000E+00  .000000000E+00  .000000000E+00  .000000000E+00
  .000000000E+00  .000000000E+00  .000000000E+00  .000000000E+00  .000000000E+00
  .000000000E+00  .000000000E+00  .000000000E+00  .000000000E+00  .000000000E+00
  .000000000E+00  .000000000E+00  .000000000E+00  .000000000E+00  .000000000E+00
  .000000000E+00  .000000000E+00  .000000000E+00  .000000000E+00  .000000000E+00
  .000000000E+00  .000000000E+00  .000000000E+00  .000000000E+00  .000000000E+00
  .000000000E+00  .000000000E+00  .000000000E+00  .000000000E+00  .000000000E+00
  .000000000E+00  .000000000E+00  .000000000E+00  .000000000E+00  .000000000E+00
  .000000000E+00  .000000000E+00  .000000000E+00  .000000000E+00  .000000000E+00
  .000000000E+00  .000000000E+00  .000000000E+00  .000000000E+00  .000000000E+00
  .000000000E+00  .000000000E+00  .000000000E+00  .000000000E+00  .000000000E+00
  .000000000E+00  .000000000E+00  .000000000E+00  .000000000E+00  .000000000E+00
  .000000000E+00  .000000000E+00  .000000000E+00  .000000000E+00  .000000000E+00
  .000000000E+00  .000000000E+00  .000000000E+00  .000000000E+00  .000000000E+00
  .000000000E+00  .000000000E+00  .000000000E+00  .000000000E+00  .000000000E+00
  .000000000E+00  .000000000E+00  .000000000E+00  .000000000E+00  .000000000E+00
  .000000000E+00  .000000000E+00  .000000000E+00  .000000000E+00  .000000000E+00
  .000000000E+00  .000000000E+00  .000000000E+00  .000000000E+00  .000000000E+00
  .000000000E+00  .000000000E+00  .000000000E+00  .000000000E+00  .000000000E+00
  .000000000E+00  .000000000E+00  .000000000E+00  .000000000E+00  .000000000E+00
  .000000000E+00  .000000000E+00  .000000000E+00  .000000000E+00  .000000000E+00
  .000000000E+00  .000000000E+00  .000000000E+00  .000000000E+00  .000000000E+00
  .000000000E+00  .000000000E+00  .000000000E+00  .000000000E+00  .000000000E+00
  .000000000E+00  .000000000E+00  .000000000E+00  .000000000E+00  .000000000E+00
  .000000000E+00  .000000000E+00  .000000000E+00  .000000000E+00  .000000000E+00
  .000000000E+00  .000000000E+00  .000000000E+00  .000000000E+00  .000000000E+00
  .000000000E+00  .000000000E+00  .000000000E+00  .000000000E+00  .000000000E+00
  .000000000E+00  .000000000E+00  .000000000E+00  .000000000E+00  .000000000E+00
  .000000000E+00  .000000000E+00  .000000000E+00  .000000000E+00  .000000000E+00
  .000000000E+00  .000000000E+00  .000000000E+00  .000000000E+00  .000000000E+00
  .000000000E+00  .000000000E+00  .000000000E+00  .000000000E+00  .000000000E+00
  .000000000E+00  .000000000E+00  .000000000E+00  .000000000E+00  .000000000E+00
  .000000000E+00  .000000000E+00  .000000000E+00  .000000000E+00  .000000000E+00
  .000000000E+00  .000000000E+00  .000000000E+00  .000000000E+00  .000000000E+00
  .000000000E+00  .000000000E+00  .000000000E+00  .000000000E+00  .000000000E+00
  .000000000E+00  .000000000E+00  .000000000E+00  .000000000E+00  .000000000E+00
  .000000000E+00  .000000000E+00  .000000000E+00  .000000000E+00  .000000000E+00
  .000000000E+00  .000000000E+00  .000000000E+00  .000000000E+00  .000000000E+00
  .000000000E+00  .000000000E+00  .000000000E+00  .000000000E+00  .000000000E+00
  .000000000E+00  .000000000E+00  .000000000E+00  .000000000E+00  .000000000E+00
  .000000000E+00  .000000000E+00  .000000000E+00  .000000000E+00  .000000000E+00
  .000000000E+00  .000000000E+00  .000000000E+00  .000000000E+00  .000000000E+00
