K:  3s3p4s                              
  .360373137E-03  .366120149E-03  .371958742E-03  .377890375E-03  .383916528E-03
  .390038705E-03  .396258435E-03  .402577271E-03  .408996789E-03  .415518593E-03
  .422144309E-03  .428875592E-03  .435714122E-03  .442661605E-03  .449719774E-03
  .456890392E-03  .464175247E-03  .471576156E-03  .479094968E-03  .486733557E-03
  .494493829E-03  .502377719E-03  .510387195E-03  .518524255E-03  .526790927E-03
  .535189274E-03  .543721390E-03  .552389404E-03  .561195476E-03  .570141802E-03
  .579230613E-03  .588464175E-03  .597844791E-03  .607374799E-03  .617056574E-03
  .626892531E-03  .636885120E-03  .647036832E-03  .657350198E-03  .667827788E-03
  .678472212E-03  .689286124E-03  .700272217E-03  .711433229E-03  .722771942E-03
  .734291178E-03  .745993809E-03  .757882749E-03  .769960959E-03  .782231448E-03
  .794697272E-03  .807361535E-03  .820227390E-03  .833298042E-03  .846576745E-03
  .860066804E-03  .873771578E-03  .887694479E-03  .901838972E-03  .916208578E-03
  .930806874E-03  .945637491E-03  .960704122E-03  .976010514E-03  .991560477E-03
  .100735788E-02  .102340665E-02  .103971078E-02  .105627433E-02  .107310142E-02
  .109019622E-02  .110756300E-02  .112520607E-02  .114312982E-02  .116133871E-02
  .117983725E-02  .119863006E-02  .121772180E-02  .123711721E-02  .125682112E-02
  .127683843E-02  .129717410E-02  .131783319E-02  .133882083E-02  .136014225E-02
  .138180272E-02  .140380764E-02  .142616247E-02  .144887276E-02  .147194414E-02
  .149538236E-02  .151919323E-02  .154338265E-02  .156795663E-02  .159292128E-02
  .161828279E-02  .164404745E-02  .167022166E-02  .169681190E-02  .172382478E-02
  .175126701E-02  .177914537E-02  .180746680E-02  .183623830E-02  .186546703E-02
  .189516022E-02  .192532524E-02  .195596956E-02  .198710078E-02  .201872662E-02
  .205085492E-02  .208349362E-02  .211665083E-02  .215033476E-02  .218455375E-02
  .221931627E-02  .225463094E-02  .229050650E-02  .232695184E-02  .236397597E-02
  .240158807E-02  .243979744E-02  .247861354E-02  .251804598E-02  .255810450E-02
  .259879904E-02  .264013964E-02  .268213654E-02  .272480013E-02  .276814095E-02
  .281216972E-02  .285689732E-02  .290233482E-02  .294849345E-02  .299538460E-02
  .304301988E-02  .309141104E-02  .314057005E-02  .319050905E-02  .324124036E-02
  .329277653E-02  .334513027E-02  .339831451E-02  .345234237E-02  .350722721E-02
  .356298254E-02  .361962215E-02  .367715999E-02  .373561027E-02  .379498739E-02
  .385530601E-02  .391658099E-02  .397882745E-02  .404206072E-02  .410629639E-02
  .417155029E-02  .423783850E-02  .430517734E-02  .437358341E-02  .444307356E-02
  .451366489E-02  .458537478E-02  .465822088E-02  .473222113E-02  .480739374E-02
  .488375719E-02  .496133029E-02  .504013210E-02  .512018200E-02  .520149968E-02
  .528410514E-02  .536801867E-02  .545326089E-02  .553985276E-02  .562781554E-02
  .571717084E-02  .580794061E-02  .590014713E-02  .599381304E-02  .608896133E-02
  .618561535E-02  .628379882E-02  .638353581E-02  .648485080E-02  .658776864E-02
  .669231454E-02  .679851414E-02  .690639347E-02  .701597896E-02  .712729746E-02
  .724037623E-02  .735524297E-02  .747192580E-02  .759045328E-02  .771085443E-02
  .783315870E-02  .795739601E-02  .808359674E-02  .821179177E-02  .834201243E-02
  .847429056E-02  .860865846E-02  .874514899E-02  .888379547E-02  .902463177E-02
  .916769227E-02  .931301189E-02  .946062610E-02  .961057093E-02  .976288293E-02
  .991759926E-02  .100747576E-01  .102343964E-01  .103965544E-01  .105612712E-01
  .107285869E-01  .108985422E-01  .110711786E-01  .112465380E-01  .114246631E-01
  .116055973E-01  .117893845E-01  .119760695E-01  .121656976E-01  .123583149E-01
  .125539683E-01  .127527051E-01  .129545738E-01  .131596233E-01  .133679034E-01
  .135794645E-01  .137943581E-01  .140126363E-01  .142343519E-01  .144595587E-01
  .146883112E-01  .149206650E-01  .151566761E-01  .153964019E-01  .156399002E-01
  .158872300E-01  .161384511E-01  .163936243E-01  .166528113E-01  .169160746E-01
  .171834778E-01  .174550856E-01  .177309636E-01  .180111782E-01  .182957971E-01
  .185848889E-01  .188785234E-01  .191767713E-01  .194797045E-01  .197873959E-01
  .200999196E-01  .204173509E-01  .207397660E-01  .210672427E-01  .213998596E-01
  .217376966E-01  .220808350E-01  .224293571E-01  .227833466E-01  .231428885E-01
  .235080691E-01  .238789759E-01  .242556979E-01  .246383254E-01  .250269499E-01
  .254216646E-01  .258225639E-01  .262297439E-01  .266433018E-01  .270633366E-01
  .274899486E-01  .279232398E-01  .283633136E-01  .288102751E-01  .292642310E-01
  .297252894E-01  .301935604E-01  .306691555E-01  .311521880E-01  .316427729E-01
  .321410270E-01  .326470689E-01  .331610187E-01  .336829987E-01  .342131330E-01
  .347515473E-01  .352983695E-01  .358537294E-01  .364177586E-01  .369905907E-01
  .375723616E-01  .381632090E-01  .387632727E-01  .393726947E-01  .399916190E-01
  .406201921E-01  .412585623E-01  .419068803E-01  .425652992E-01  .432339743E-01
  .439130631E-01  .446027257E-01  .453031245E-01  .460144244E-01  .467367926E-01
  .474703991E-01  .482154162E-01  .489720189E-01  .497403847E-01  .505206940E-01
  .513131297E-01  .521178775E-01  .529351258E-01  .537650660E-01  .546078922E-01
  .554638015E-01  .563329938E-01  .572156722E-01  .581120425E-01  .590223139E-01
  .599466986E-01  .608854118E-01  .618386722E-01  .628067015E-01  .637897247E-01
  .647879704E-01  .658016703E-01  .668310596E-01  .678763771E-01  .689378650E-01
  .700157692E-01  .711103391E-01  .722218279E-01  .733504926E-01  .744965938E-01
  .756603960E-01  .768421677E-01  .780421812E-01  .792607130E-01  .804980435E-01
  .817544572E-01  .830302430E-01  .843256937E-01  .856411068E-01  .869767838E-01
  .883330307E-01  .897101581E-01  .911084812E-01  .925283194E-01  .939699971E-01
  .954338435E-01  .969201923E-01  .984293822E-01  .999617570E-01  .101517665E+00
  .103097460E+00  .104701502E+00  .106330153E+00  .107983783E+00  .109662767E+00
  .111367485E+00  .113098323E+00  .114855670E+00  .116639926E+00  .118451491E+00
  .120290774E+00  .122158188E+00  .124054155E+00  .125979101E+00  .127933456E+00
  .129917661E+00  .131932158E+00  .133977401E+00  .136053845E+00  .138161955E+00
  .140302201E+00  .142475061E+00  .144681019E+00  .146920565E+00  .149194198E+00
  .151502423E+00  .153845751E+00  .156224703E+00  .158639804E+00  .161091589E+00
  .163580599E+00  .166107385E+00  .168672502E+00  .171276516E+00  .173919999E+00
  .176603532E+00  .179327705E+00  .182093113E+00  .184900363E+00  .187750069E+00
  .190642853E+00  .193579346E+00  .196560188E+00  .199586028E+00  .202657524E+00
  .205775342E+00  .208940158E+00  .212152658E+00  .215413537E+00  .218723500E+00
  .222083259E+00  .225493539E+00  .228955075E+00  .232468608E+00  .236034895E+00
  .239654699E+00  .243328794E+00  .247057966E+00  .250843011E+00  .254684735E+00
  .258583956E+00  .262541503E+00  .266558216E+00  .270634944E+00  .274772553E+00
  .278971914E+00  .283233915E+00  .287559453E+00  .291949437E+00  .296404790E+00
  .300926446E+00  .305515351E+00  .310172465E+00  .314898758E+00  .319695216E+00
  .324562837E+00  .329502631E+00  .334515622E+00  .339602847E+00  .344765359E+00
  .350004221E+00  .355320512E+00  .360715325E+00  .366189766E+00  .371744958E+00
  .377382035E+00  .383102149E+00  .388906464E+00  .394796160E+00  .400772433E+00
  .406836493E+00  .412989567E+00  .419232895E+00  .425567736E+00  .431995362E+00
  .438517064E+00  .445134146E+00  .451847931E+00  .458659758E+00  .465570982E+00
  .472582975E+00  .479697127E+00  .486914845E+00  .494237552E+00  .501666692E+00
  .509203722E+00  .516850120E+00  .524607383E+00  .532477024E+00  .540460574E+00
  .548559586E+00  .556775628E+00  .565110290E+00  .573565179E+00  .582141922E+00
  .590842165E+00  .599667575E+00  .608619837E+00  .617700659E+00  .626911765E+00
  .636254902E+00  .645731837E+00  .655344357E+00  .665094271E+00  .674983409E+00
  .685013619E+00  .695186776E+00  .705504771E+00  .715969520E+00  .726582960E+00
  .737347049E+00  .748263768E+00  .759335122E+00  .770563133E+00  .781949853E+00
  .793497351E+00  .805207722E+00  .817083083E+00  .829125574E+00  .841337358E+00
  .853720624E+00  .866277581E+00  .879010466E+00  .891921535E+00  .905013074E+00
  .918287387E+00  .931746808E+00  .945393691E+00  .959230417E+00  .973259393E+00
  .987483047E+00  .100190383E+01  .101652424E+01  .103134676E+01  .104637393E+01
  .106160831E+01  .107705248E+01  .109270905E+01  .110858064E+01  .112466993E+01
  .114097959E+01  .115751233E+01  .117427089E+01  .119125804E+01  .120847656E+01
  .122592927E+01  .124361900E+01  .126154864E+01  .127972107E+01  .129813921E+01
  .131680602E+01  .133572445E+01  .135489752E+01  .137432826E+01  .139401970E+01
  .141397494E+01  .143419707E+01  .145468924E+01  .147545459E+01  .149649632E+01
  .151781764E+01  .153942177E+01  .156131199E+01  .158349159E+01  .160596387E+01
  .162873219E+01  .165179991E+01  .167517041E+01  .169884713E+01  .172283350E+01
  .174713299E+01  .177174910E+01  .179668534E+01  .182194525E+01  .184753241E+01
  .187345041E+01  .189970286E+01  .192629340E+01  .195322570E+01  .198050344E+01
  .200813033E+01  .203611011E+01  .206444652E+01  .209314334E+01  .212220438E+01
  .215163345E+01  .218143439E+01  .221161106E+01  .224216735E+01  .227310715E+01
  .230443438E+01  .233615298E+01  .236826691E+01  .240078014E+01  .243369667E+01
  .246702049E+01  .250075565E+01  .253490616E+01  .256947610E+01  .260446952E+01
  .263989052E+01  .267574318E+01  .271203161E+01  .274875993E+01  .278593228E+01
  .282355278E+01  .286162559E+01  .290015487E+01  .293914478E+01  .297859948E+01
  .301852316E+01  .305892000E+01  .309979417E+01  .314114988E+01  .318299130E+01
  .322532263E+01  .326814806E+01  .331147177E+01  .335529796E+01  .339963079E+01
  .344447445E+01  .348983311E+01  .353571093E+01  .358211206E+01  .362904065E+01
  .367650083E+01  .372449672E+01  .377303243E+01  .382211204E+01  .387173962E+01
  .392191924E+01  .397265491E+01  .402395066E+01  .407581046E+01  .412823829E+01
  .418123807E+01  .423481371E+01  .428896908E+01  .434370804E+01  .439903438E+01
  .445495188E+01  .451146427E+01  .456857525E+01  .462628847E+01  .468460753E+01
  .474353599E+01  .480307738E+01  .486323514E+01  .492401268E+01  .498541337E+01
  .504744049E+01  .511009727E+01  .517338690E+01  .523731247E+01  .530187704E+01
  .536708356E+01  .543293494E+01  .549943399E+01  .556658348E+01  .563438604E+01
  .570284428E+01  .577196067E+01  .584173764E+01  .591217748E+01  .598328243E+01
  .605505459E+01  .612749600E+01  .620060856E+01  .627439409E+01  .634885428E+01
  .642399072E+01  .649980488E+01  .657629811E+01  .665347162E+01  .673132654E+01
  .680986381E+01  .688908428E+01  .696898865E+01  .704957748E+01  .713085117E+01
  .721281000E+01  .729545409E+01  .737878339E+01  .746279770E+01  .754749668E+01
  .763287978E+01  .771894632E+01  .780569543E+01  .789312606E+01  .798123698E+01
  .807002679E+01  .815949387E+01  .824963643E+01  .834045248E+01  .843193983E+01
  .852409607E+01  .861691861E+01  .871040460E+01  .880455103E+01  .889935463E+01
  .899481191E+01  .909091915E+01  .918767242E+01  .928506751E+01  .938310001E+01
  .948176523E+01  .958105826E+01  .968097391E+01  .978150676E+01  .988265108E+01
  .998440093E+01  .100867501E+02  .101896920E+02  .102932198E+02  .103973266E+02
  .105020050E+02  .106072472E+02  .107130454E+02  .108193913E+02  .109262764E+02
  .110336918E+02  .111416284E+02  .112500766E+02  .113590267E+02  .114684687E+02
  .115783920E+02  .116887859E+02  .117996392E+02  .119109407E+02  .120226785E+02
  .121348405E+02  .122474143E+02  .123603870E+02  .124737456E+02  .125874766E+02
  .127015661E+02  .128159999E+02  .129307634E+02  .130458418E+02  .131612197E+02
  .132768816E+02  .133928113E+02  .135089926E+02  .136254086E+02  .137420423E+02
  .138588761E+02  .139758923E+02  .140930725E+02  .142103981E+02  .143278502E+02
  .144454094E+02  .145630559E+02  .146807697E+02  .147985303E+02  .149163168E+02
  .150341079E+02  .151518822E+02  .152696175E+02  .153872917E+02  .155048819E+02
  .156223651E+02  .157397179E+02  .158569166E+02  .159739368E+02  .160907543E+02
  .162073440E+02  .163236809E+02  .164397394E+02  .165554936E+02  .166709174E+02
  .167859842E+02  .169006672E+02  .170149392E+02  .171287729E+02  .172421403E+02
  .173550135E+02  .174673642E+02  .175791636E+02  .176903829E+02  .178009930E+02
  .179109644E+02  .180202675E+02  .181288725E+02  .182367490E+02  .183438670E+02
  .184501958E+02  .185557047E+02  .186603629E+02  .187641391E+02  .188670023E+02
  .189689211E+02  .190698639E+02  .191697991E+02  .192686951E+02  .193665201E+02
  .194632421E+02  .195588293E+02  .196532497E+02  .197464714E+02  .198384622E+02
  .199291904E+02  .200186238E+02  .201067308E+02  .201934793E+02  .202788377E+02
  .203627743E+02  .204452577E+02  .205262565E+02  .206057395E+02  .206836756E+02
  .207600342E+02  .208347847E+02  .209078967E+02  .209793402E+02  .210490856E+02
  .211171034E+02  .211833647E+02  .212478406E+02  .213105031E+02  .213713241E+02
  .214302765E+02  .214873331E+02  .215424677E+02  .215956542E+02  .216468675E+02
  .216960828E+02  .217432758E+02  .217884232E+02  .218315021E+02  .218724902E+02
  .219113663E+02  .219481095E+02  .219827001E+02  .220151188E+02  .220453475E+02
  .220733686E+02  .220991658E+02  .221227232E+02  .221440263E+02  .221630614E+02
  .221798158E+02  .221942777E+02  .222064366E+02  .222162830E+02  .222238084E+02
  .222290054E+02  .222318681E+02  .222323914E+02  .222305717E+02  .222264064E+02
  .222198944E+02  .222110356E+02  .221998317E+02  .221862851E+02  .221704002E+02
  .221521823E+02  .221316384E+02  .221087767E+02  .220836071E+02  .220561408E+02
  .220263906E+02  .219943706E+02  .219600967E+02  .219235862E+02  .218848580E+02
  .218439324E+02  .218008316E+02  .217555790E+02  .217082002E+02  .216587217E+02
  .216071721E+02  .215535815E+02  .214979818E+02  .214404062E+02  .213808899E+02
  .213194694E+02  .212561834E+02  .211910715E+02  .211241757E+02  .210555391E+02
  .209852068E+02  .209132252E+02  .208396426E+02  .207645088E+02  .206878752E+02
  .206097948E+02  .205303222E+02  .204495135E+02  .203674265E+02  .202841201E+02
  .201996552E+02  .201140938E+02  .200274995E+02  .199399373E+02  .198514736E+02
  .197621760E+02  .196721135E+02  .195813564E+02  .194899763E+02  .193980458E+02
  .193056388E+02  .192128302E+02  .191196961E+02  .190263134E+02  .189327603E+02
  .188391154E+02  .187454586E+02  .186518704E+02  .185584320E+02  .184652254E+02
  .183723331E+02  .182798382E+02  .181878242E+02  .180963751E+02  .180055753E+02
  .179155092E+02  .178262618E+02  .177379177E+02  .176505621E+02  .175642797E+02
  .174791555E+02  .173952739E+02  .173127194E+02  .172315757E+02  .171519265E+02
  .170738547E+02  .169974428E+02  .169227723E+02  .168499242E+02  .167789783E+02
  .167100137E+02  .166431085E+02  .165783392E+02  .165157816E+02  .164555098E+02
  .163975965E+02  .163421131E+02  .162891291E+02  .162387125E+02  .161909294E+02
  .161458441E+02  .161035188E+02  .160640137E+02  .160273868E+02  .159936940E+02
  .159629885E+02  .159353214E+02  .159107412E+02  .158892937E+02  .158710222E+02
  .158559672E+02  .158441660E+02  .158356535E+02  .158304612E+02  .158286178E+02
  .158301485E+02  .158350758E+02  .158434183E+02  .158551917E+02  .158704080E+02
  .158890760E+02  .159112006E+02  .159367834E+02  .159658222E+02  .159983111E+02
  .160342405E+02  .160735970E+02  .161163633E+02  .161625185E+02  .162120374E+02
  .162648913E+02  .163210471E+02  .163804683E+02  .164431138E+02  .165089391E+02
  .165778953E+02  .166499296E+02  .167249854E+02  .168030019E+02  .168839145E+02
  .169676545E+02  .170541494E+02  .171433229E+02  .172350945E+02  .173293803E+02
  .174260923E+02  .175251391E+02  .176264254E+02  .177298525E+02  .178353178E+02
  .179427157E+02  .180519370E+02  .181628693E+02  .182753968E+02  .183894009E+02
  .185047596E+02  .186213483E+02  .187390395E+02  .188577031E+02  .189772061E+02
  .190974136E+02  .192181879E+02  .193393894E+02  .194608761E+02  .195825045E+02
  .197041291E+02  .198256027E+02  .199467768E+02  .200675015E+02  .201876255E+02
  .203069970E+02  .204254629E+02  .205428696E+02  .206590629E+02  .207738884E+02
  .208871913E+02  .209988172E+02  .211086114E+02  .212164200E+02  .213220894E+02
  .214254668E+02  .215264003E+02  .216247392E+02  .217203340E+02  .218130367E+02
  .219027009E+02  .219891823E+02  .220723383E+02  .221520287E+02  .222281156E+02
  .223004641E+02  .223689413E+02  .224334181E+02  .224937679E+02  .225498678E+02
  .226015981E+02  .226488430E+02  .226914903E+02  .227294319E+02  .227625638E+02
  .227907865E+02  .228140045E+02  .228321275E+02  .228450693E+02  .228527493E+02
  .228550913E+02  .228520247E+02  .228434837E+02  .228294085E+02  .228097442E+02
  .227844421E+02  .227534586E+02  .227167565E+02  .226743040E+02  .226260756E+02
  .225720516E+02  .225122188E+02  .224465696E+02  .223751032E+02  .222978246E+02
  .222147454E+02  .221258833E+02  .220312626E+02  .219309135E+02  .218248732E+02
  .217131845E+02  .215958973E+02  .214730671E+02  .213447562E+02  .212110327E+02
  .210719714E+02  .209276525E+02  .207781631E+02  .206235955E+02  .204640484E+02
  .202996260E+02  .201304385E+02  .199566014E+02  .197782358E+02  .195954679E+02
  .194084297E+02  .192172575E+02  .190220931E+02  .188230826E+02  .186203772E+02
  .184141318E+02  .182045062E+02  .179916636E+02  .177757718E+02  .175570014E+02
  .173355271E+02  .171115262E+02  .168851795E+02  .166566702E+02  .164261844E+02
  .161939099E+02  .159600372E+02  .157247580E+02  .154882660E+02  .152507558E+02
  .150124235E+02  .147734655E+02  .145340791E+02  .142944613E+02  .140548099E+02
  .138153215E+02  .135761931E+02  .133376198E+02  .130997967E+02  .128629166E+02
  .126271715E+02  .123927507E+02  .121598421E+02  .119286306E+02  .116992989E+02
  .114720264E+02  .112469898E+02  .110243617E+02  .108043118E+02  .105870052E+02
  .103726037E+02  .101612639E+02  .995313862E+01  .974837529E+01  .954711702E+01
  .934950107E+01  .915566012E+01  .896572058E+01  .877980398E+01  .859802526E+01
  .842049415E+01  .824731353E+01  .807858081E+01  .791438632E+01  .775481471E+01
  .759994333E+01  .744984371E+01  .730457995E+01  .716421016E+01  .702878495E+01
  .689834878E+01  .677293894E+01  .665258592E+01  .653731349E+01  .642713851E+01
  .632207114E+01  .622211473E+01  .612726598E+01  .603751491E+01  .595284499E+01
  .587323313E+01  .579864988E+01  .572905938E+01  .566441958E+01  .560468222E+01
  .554979305E+01  .549969180E+01  .545431245E+01  .541358316E+01  .537742657E+01
  .534575970E+01  .531849430E+01  .529553674E+01  .527678834E+01  .526214528E+01
  .525149895E+01  .524473590E+01  .524173819E+01  .524238337E+01  .524654487E+01
  .525409205E+01  .526489063E+01  .527880275E+01  .529568750E+01  .531540095E+01
  .533779678E+01  .536272624E+01  .539003880E+01  .541958213E+01  .545120274E+01
  .548474595E+01  .552005658E+01  .555697896E+01  .559535760E+01  .563503714E+01
  .567586306E+01  .571768149E+01  .576033990E+01  .580368687E+01  .584757267E+01
  .589184907E+01  .593636988E+01  .598099074E+01  .602556970E+01  .606996692E+01
  .611404534E+01  .615767033E+01  .620071036E+01  .624303668E+01  .628452396E+01
  .632504997E+01  .636449622E+01  .640274769E+01  .643969339E+01  .647522609E+01
  .650924296E+01  .654164515E+01  .657233851E+01  .660123312E+01  .662824394E+01
  .665329038E+01  .667629691E+01  .669719253E+01  .671591145E+01  .673239251E+01
  .674657980E+01  .675842207E+01  .676787335E+01  .677489238E+01  .677944310E+01
  .678149414E+01  .678101929E+01  .677799695E+01  .677241058E+01  .676424816E+01
  .675350260E+01  .674017117E+01  .672425594E+01  .670576316E+01  .668470368E+01
  .666109235E+01  .663494838E+01  .660629478E+01  .657515868E+01  .654157073E+01
  .650556548E+01  .646718072E+01  .642645786E+01  .638344127E+01  .633817863E+01
  .629072032E+01  .624111970E+01  .618943255E+01  .613571730E+01  .608003447E+01
  .602244698E+01  .596301948E+01  .590181870E+01  .583891279E+01  .577437167E+01
  .570826640E+01  .564066937E+01  .557165379E+01  .550129436E+01  .542966522E+01
  .535684323E+01  .528290311E+01  .520792263E+01  .513197710E+01  .505514439E+01
  .497749991E+01  .489912113E+01  .482008296E+01  .474046212E+01  .466033243E+01
  .457976940E+01  .449884537E+01  .441763418E+01  .433620633E+01  .425463340E+01
  .417298383E+01  .409132671E+01  .400972785E+01  .392825360E+01  .384696686E+01
  .376593098E+01  .368520564E+01  .360485091E+01  .352492309E+01  .344547877E+01
  .336657062E+01  .328825157E+01  .321057055E+01  .313357670E+01  .305731506E+01
  .298183085E+01  .290716516E+01  .283335923E+01  .276045014E+01  .268847510E+01
  .261746713E+01  .254745942E+01  .247848097E+01  .241056090E+01  .234372423E+01
  .227799613E+01  .221339761E+01  .214994993E+01  .208767026E+01  .202657603E+01
  .196668059E+01  .190799741E+01  .185053701E+01  .179430842E+01  .173931893E+01
  .168557412E+01  .163307790E+01  .158183257E+01  .153183885E+01  .148309591E+01
  .143560145E+01  .138935173E+01  .134434161E+01  .130056462E+01  .125801299E+01
  .121667772E+01  .117654863E+01  .113761441E+01  .109986267E+01  .106328001E+01
  .102785205E+01  .993563507E+00  .960398258E+00  .928339363E+00  .897369152E+00
  .867469258E+00  .838620691E+00  .810803872E+00  .783998708E+00  .758184624E+00
  .733340637E+00  .709445383E+00  .686477194E+00  .664414117E+00  .643233997E+00
  .622914486E+00  .603433123E+00  .584767350E+00  .566894577E+00  .549792200E+00
  .533437667E+00  .517808484E+00  .502882284E+00  .488636828E+00  .475050067E+00
  .462100145E+00  .449765449E+00  .438024615E+00  .426856572E+00  .416240538E+00
  .406156064E+00  .396583027E+00  .387501664E+00  .378892561E+00  .370736682E+00
  .363015353E+00  .355710287E+00  .348803555E+00  .342277617E+00  .336115281E+00
  .330299730E+00  .324814480E+00  .319643406E+00  .314770696E+00  .310180875E+00
  .305858767E+00  .301789520E+00  .297958569E+00  .294351666E+00  .290954855E+00
  .287754503E+00  .284737278E+00  .281890194E+00  .279200584E+00  .276656151E+00
  .274244945E+00  .271955408E+00  .269776353E+00  .267697005E+00  .265706977E+00
  .263796308E+00  .261955428E+00  .260175202E+00  .258446883E+00  .256762156E+00
  .255113082E+00  .253492149E+00  .251892207E+00  .250306514E+00  .248728685E+00
  .247152712E+00  .245572938E+00  .243984065E+00  .242381118E+00  .240759482E+00
  .239114832E+00  .237443192E+00  .235740870E+00  .234004490E+00  .232230963E+00
  .230417494E+00  .228561560E+00  .226660932E+00  .224713624E+00  .222717951E+00
  .220672454E+00  .218575953E+00  .216427513E+00  .214226446E+00  .211972299E+00
  .209664887E+00  .207304211E+00  .204890559E+00  .202424404E+00  .199906451E+00
  .197337630E+00  .194719081E+00  .192052117E+00  .189338305E+00  .186579346E+00
  .183777151E+00  .180933797E+00  .178051513E+00  .175132692E+00  .172179859E+00
  .169195665E+00  .166182886E+00  .163144381E+00  .160083108E+00  .157002101E+00
  .153904431E+00  .150793252E+00  .147671702E+00  .144542974E+00  .141410250E+00
  .138276676E+00  .135145433E+00  .132019595E+00  .128902250E+00  .125796384E+00
  .122704941E+00  .119630773E+00  .116576651E+00  .113545250E+00  .110539146E+00
  .107560806E+00  .104612587E+00  .101696727E+00  .988153465E-01  .959704412E-01
  .931638828E-01  .903974163E-01  .876726595E-01  .849911024E-01  .823541081E-01
  .797629133E-01  .772186299E-01  .747222463E-01  .722746303E-01  .698765311E-01
  .675285825E-01  .652313058E-01  .629851135E-01  .607903130E-01  .586471102E-01
  .565556137E-01  .545158388E-01  .525277121E-01  .505910755E-01  .487056908E-01
  .468712442E-01  .450873505E-01  .433535577E-01  .416693518E-01  .400341605E-01
  .384473580E-01  .369082692E-01  .354161741E-01  .339703112E-01  .325698825E-01
  .312140564E-01  .299019722E-01  .286327435E-01  .274054618E-01  .262191996E-01
  .250730142E-01  .239659504E-01  .228970439E-01  .218653242E-01  .208698171E-01
  .199095480E-01  .189835443E-01  .180908382E-01  .172304693E-01  .164014875E-01
  .156029554E-01  .148339516E-01  .140935733E-01  .133809395E-01  .126951944E-01
  .120355108E-01  .114010933E-01  .107911823E-01  .102050569E-01  .964203783E-02
  .910148986E-02  .858282259E-02  .808549021E-02  .760898933E-02  .715285495E-02
  .671665463E-02  .629998097E-02  .590244311E-02  .552365772E-02  .516324028E-02
  .482079718E-02  .449591929E-02  .418817714E-02  .389711798E-02  .362226455E-02
  .336311545E-02  .311914681E-02  .288981494E-02  .267455977E-02  .247280862E-02
  .228398026E-02  .210748893E-02  .194274827E-02  .178917497E-02  .164619208E-02
  .151323205E-02  .138973931E-02  .127517247E-02  .116900618E-02  .107073265E-02
  .979862753E-03  .895926939E-03  .818475784E-03  .747080356E-03  .681332345E-03
  .620844023E-03  .565248036E-03  .514197083E-03  .467363468E-03  .424438584E-03
  .385132307E-03  .349172356E-03  .316303600E-03  .286287341E-03  .258900583E-03
  .233935287E-03  .211197631E-03  .190507271E-03  .171696612E-03  .154610100E-03
  .139103525E-03  .125043351E-03  .112306062E-03  .100777539E-03  .903524591E-04
  .809337240E-04  .724319097E-04  .647647480E-04  .578566322E-04  .516381493E-04
  .460456381E-04  .410207720E-04  .365101663E-04  .324650094E-04  .288407160E-04
  .255966026E-04  .226955836E-04  .201038876E-04  .177907926E-04  .157283788E-04
  .138912997E-04  .122565678E-04  .108033572E-04  .951281977E-05  .836791495E-05
  .735325273E-05  .645494845E-05  .566048878E-05  .495860838E-05  .433917632E-05
  .379309171E-05  .331218788E-05  .288914451E-05  .251740717E-05  .219111374E-05
  .190502713E-05  .165447396E-05  .143528843E-05  .124376064E-05  .107659872E-05
  .930849784E-06  .803974479E-06  .693575862E-06  .597690697E-06  .514431447E-06
  .442224917E-06  .379681779E-06  .325576660E-06  .278830195E-06  .238492869E-06
  .203730494E-06  .173811160E-06  .148093552E-06  .126016487E-06  .107089556E-06
  .908847788E-07  .770291660E-07  .651980956E-07  .551094304E-07  .465182973E-07
  .392124615E-07  .330082344E-07  .277468584E-07  .232913182E-07  .195235323E-07
  .163418830E-07  .136590478E-07  .114000982E-07  .950083446E-08  .790633147E-08
  .656966851E-08  .545082304E-08  .451570816E-08  .373533647E-08  .308509499E-08
  .254411728E-08  .209474068E-08  .172203781E-08  .141341292E-08  .115825455E-08
  .947637281E-09  .774065936E-09  .631256626E-09  .513949621E-09  .417749690E-09
  .338990119E-09  .274617077E-09  .222091463E-09  .179305740E-09  .144513577E-09
  .116270439E-09  .933835122E-10  .748695623E-10  .599195443E-10  .478689273E-10
  .381728589E-10  .303854197E-10  .241423231E-10  .191465177E-10  .151562255E-10
  .119750238E-10  .944363663E-11  .743315426E-11  .583944266E-11  .457854358E-11
  .358289661E-11  .279824272E-11  .218109123E-11  .169665180E-11  .131714958E-11
  .102045520E-11  .788973075E-12  .608741193E-12  .468703586E-12  .360123688E-12
  .276112217E-12  .211248049E-12  .161274430E-12  .122856053E-12  .933852494E-13
  .708276904E-13  .535998130E-13  .404716704E-13  .304900998E-13  .229180973E-13
  .171870898E-13  .128594446E-13  .959909083E-14  .714854893E-14  .531101347E-14
  .393641043E-14  .291057295E-14  .214685819E-14  .157967057E-14  .115946989E-14
  .848933370E-15  .620012235E-15  .451679839E-15  .328213274E-15  .237885349E-15
  .171971477E-15  .123997607E-15  .891721531E-16  .639580344E-16  .457511098E-16
  .326392009E-16  .232219869E-16  .164767574E-16  .116586186E-16  .822651338E-17
  .578852872E-17  .406157503E-17  .284174317E-17  .198257351E-17  .137917031E-17
  .956622373E-18  .661587116E-18  .456191474E-18  .313624931E-18  .214964560E-18
  .146894498E-18  .100072785E-18  .679653517E-19  .460160696E-19  .310578227E-19
  .208959008E-19  .140142151E-19  .936877797E-20  .624298672E-20  .414654029E-20
  .274506106E-20  .181125378E-20  .119112194E-20  .780676513E-21  .509931964E-21
  .331946238E-21  .215340507E-21  .139211190E-21  .896810891E-22  .575696638E-22
  .368247906E-22  .234708184E-22  .149054475E-22  .943144040E-23  .594585797E-23
  .373457958E-23  .233693515E-23  .145685502E-23  .904768775E-24  .559754036E-24
  .344970439E-24  .211776660E-24  .129500760E-24  .788770903E-25  .478519910E-25
  .289138432E-25  .174002030E-25  .104287289E-25  .622476255E-26  .370010641E-26
  .219023744E-26  .129103845E-26  .757780565E-27  .442883252E-27  .257728021E-27
  .149329486E-27  .861441696E-28  .494751724E-28  .282887950E-28  .161024426E-28
  .912438496E-29  .514676327E-29  .288979901E-29  .161505719E-29  .898418820E-30
  .497421047E-30  .274098993E-30  .150318399E-30  .820392318E-31  .445573094E-31
  .240817096E-31  .129511871E-31  .693056314E-32  .369017367E-32  .195491072E-32
  .103036538E-32  .540283905E-33  .281839153E-33  .146255124E-33  .754975971E-34
  .387658307E-34  .197988743E-34  .100574691E-34  .508130112E-35  .255317301E-35
  .127580871E-35  .633974297E-36  .313270228E-36  .153924744E-36  .752003578E-37
  .365286545E-37  .176412656E-37  .847008822E-38  .404285285E-38  .191826790E-38
  .904755565E-39  .424163348E-39  .197648678E-39  .915361102E-40  .421315519E-40
  .192715858E-40  .875993345E-41  .395672358E-41  .177582509E-41  .791903186E-42
  .350856151E-42  .154436057E-42  .675317885E-43  .293349185E-43  .126577229E-43
  .542496748E-44  .230933091E-44  .976335565E-45  .409932369E-45  .170923409E-45
  .707689901E-46  .290945916E-46  .118764012E-46  .481322436E-47  .193660540E-47
  .773525980E-48  .306698855E-48  .120705609E-48  .471514614E-49  .182805580E-49
  .703370744E-50  .268567520E-50  .101758475E-50  .382568303E-51  .142705871E-51
  .528131554E-52  .193902121E-52  .706213087E-53  .255137320E-53  .914259763E-54
  .324935099E-54  .114532422E-54  .400357119E-55  .138797677E-55  .477295419E-56
  .162910793E-56  .553976727E-57  .188470035E-57  .659463245E-58  .249053111E-58
  .117748882E-58  .889104929E-59  .000000000E+00  .000000000E+00  .000000000E+00
  .000000000E+00  .000000000E+00  .000000000E+00  .000000000E+00  .000000000E+00
  .000000000E+00  .000000000E+00  .000000000E+00  .000000000E+00  .000000000E+00
  .000000000E+00  .000000000E+00  .000000000E+00  .000000000E+00  .000000000E+00
  .000000000E+00  .000000000E+00  .000000000E+00  .000000000E+00  .000000000E+00
  .000000000E+00  .000000000E+00  .000000000E+00  .000000000E+00  .000000000E+00
  .000000000E+00  .000000000E+00  .000000000E+00  .000000000E+00  .000000000E+00
  .000000000E+00  .000000000E+00  .000000000E+00  .000000000E+00  .000000000E+00
  .000000000E+00  .000000000E+00  .000000000E+00  .000000000E+00  .000000000E+00
  .000000000E+00  .000000000E+00  .000000000E+00  .000000000E+00  .000000000E+00
  .000000000E+00  .000000000E+00  .000000000E+00  .000000000E+00  .000000000E+00
  .000000000E+00  .000000000E+00  .000000000E+00  .000000000E+00  .000000000E+00
  .000000000E+00  .000000000E+00  .000000000E+00  .000000000E+00  .000000000E+00
  .000000000E+00  .000000000E+00  .000000000E+00  .000000000E+00  .000000000E+00
  .000000000E+00  .000000000E+00  .000000000E+00  .000000000E+00  .000000000E+00
  .000000000E+00  .000000000E+00  .000000000E+00  .000000000E+00  .000000000E+00
  .000000000E+00  .000000000E+00  .000000000E+00  .000000000E+00  .000000000E+00
  .000000000E+00  .000000000E+00  .000000000E+00  .000000000E+00  .000000000E+00
  .000000000E+00  .000000000E+00  .000000000E+00  .000000000E+00  .000000000E+00
  .000000000E+00  .000000000E+00  .000000000E+00  .000000000E+00  .000000000E+00
  .000000000E+00  .000000000E+00  .000000000E+00  .000000000E+00  .000000000E+00
  .000000000E+00  .000000000E+00  .000000000E+00  .000000000E+00  .000000000E+00
  .000000000E+00  .000000000E+00  .000000000E+00  .000000000E+00  .000000000E+00
  .000000000E+00  .000000000E+00  .000000000E+00  .000000000E+00  .000000000E+00
  .000000000E+00  .000000000E+00  .000000000E+00  .000000000E+00  .000000000E+00
  .000000000E+00  .000000000E+00  .000000000E+00  .000000000E+00  .000000000E+00
  .000000000E+00  .000000000E+00  .000000000E+00  .000000000E+00  .000000000E+00
  .000000000E+00  .000000000E+00  .000000000E+00  .000000000E+00  .000000000E+00
  .000000000E+00  .000000000E+00  .000000000E+00  .000000000E+00  .000000000E+00
  .000000000E+00  .000000000E+00  .000000000E+00  .000000000E+00  .000000000E+00
  .000000000E+00  .000000000E+00  .000000000E+00  .000000000E+00  .000000000E+00
  .000000000E+00  .000000000E+00  .000000000E+00  .000000000E+00  .000000000E+00
  .000000000E+00  .000000000E+00  .000000000E+00  .000000000E+00  .000000000E+00
  .000000000E+00  .000000000E+00  .000000000E+00  .000000000E+00  .000000000E+00
