  PAW Be                                 
 100
Core Pot   L  =         .00000   -.41214
  -.20000000E+01  .97306441E+00
  -.19600000E+01  .95576939E+00
  -.19200000E+01  .93829805E+00
  -.18800000E+01  .92064626E+00
  -.18400000E+01  .90280973E+00
  -.18000000E+01  .88478405E+00
  -.17600000E+01  .86656464E+00
  -.17200000E+01  .84814679E+00
  -.16800000E+01  .82952560E+00
  -.16400000E+01  .81069603E+00
  -.16000000E+01  .79165284E+00
  -.15600000E+01  .77239062E+00
  -.15200000E+01  .75290375E+00
  -.14800000E+01  .73318643E+00
  -.14400000E+01  .71323263E+00
  -.14000000E+01  .69303612E+00
  -.13600000E+01  .67259041E+00
  -.13200000E+01  .65188879E+00
  -.12800000E+01  .63092429E+00
  -.12400000E+01  .60968967E+00
  -.12000000E+01  .58817742E+00
  -.11600000E+01  .56637972E+00
  -.11200000E+01  .54428845E+00
  -.10800000E+01  .52189518E+00
  -.10400000E+01  .49919113E+00
  -.10000000E+01  .47616715E+00
  -.96000000E+00  .45281373E+00
  -.92000000E+00  .42912096E+00
  -.88000000E+00  .40507851E+00
  -.84000000E+00  .38067562E+00
  -.80000000E+00  .35590106E+00
  -.76000000E+00  .33074311E+00
  -.72000000E+00  .30518953E+00
  -.68000000E+00  .27922756E+00
  -.64000000E+00  .25284383E+00
  -.60000000E+00  .22602439E+00
  -.56000000E+00  .19875464E+00
  -.52000000E+00  .17101928E+00
  -.48000000E+00  .14280232E+00
  -.44000000E+00  .11408697E+00
  -.40000000E+00  .84855664E-01
  -.36000000E+00  .55089947E-01
  -.32000000E+00  .24770458E-01
  -.28000000E+00 -.61231350E-02
  -.24000000E+00 -.37612203E-01
  -.20000000E+00 -.69719220E-01
  -.16000000E+00 -.10246783E+00
  -.12000000E+00 -.13588294E+00
  -.80000000E-01 -.16999079E+00
  -.40000000E-01 -.20481905E+00
   .12351231E-14 -.24039692E+00
   .40000000E-01 -.27675523E+00
   .80000000E-01 -.31392657E+00
   .12000000E+00 -.35194541E+00
   .16000000E+00 -.39084824E+00
   .20000000E+00 -.43067371E+00
   .24000000E+00 -.47146281E+00
   .28000000E+00 -.51325904E+00
   .32000000E+00 -.55610860E+00
   .36000000E+00 -.60006064E+00
   .40000000E+00 -.64516744E+00
   .44000000E+00 -.69148470E+00
   .48000000E+00 -.73907183E+00
   .52000000E+00 -.78799225E+00
   .56000000E+00 -.83831375E+00
   .60000000E+00 -.89010886E+00
   .64000000E+00 -.94345525E+00
   .68000000E+00 -.99843626E+00
   .72000000E+00 -.10551414E+01
   .76000000E+00 -.11136668E+01
   .80000000E+00 -.11741161E+01
   .84000000E+00 -.12366011E+01
   .88000000E+00 -.13012423E+01
   .92000000E+00 -.13681702E+01
   .96000000E+00 -.14375261E+01
   .10000000E+01 -.15094634E+01
   .10400000E+01 -.15841485E+01
   .10800000E+01 -.16617629E+01
   .11200000E+01 -.17425044E+01
   .11600000E+01 -.18265894E+01
   .12000000E+01 -.19142544E+01
   .12400000E+01 -.20057594E+01
   .12800000E+01 -.21013902E+01
   .13200000E+01 -.22014618E+01
   .13600000E+01 -.23063224E+01
   .14000000E+01 -.24163577E+01
   .14400000E+01 -.25319963E+01
   .14800000E+01 -.26537156E+01
   .15200000E+01 -.27820491E+01
   .15600000E+01 -.29175950E+01
   .16000000E+01 -.30610260E+01
   .16400000E+01 -.32131017E+01
   .16800000E+01 -.33746826E+01
   .17200000E+01 -.35467478E+01
   .17600000E+01 -.37304162E+01
   .18000000E+01 -.39269720E+01
   .18400000E+01 -.41378970E+01
   .18800000E+01 -.43649093E+01
   .19200000E+01 -.46100134E+01
   .19600000E+01 -.48755614E+01
   .20000000E+01 -.51643328E+01
Potential  L  =         .00000   -.41214
  -.20000000E+01  .10297097E+01
  -.19600000E+01  .10123850E+01
  -.19200000E+01  .99485608E+00
  -.18800000E+01  .97711715E+00
  -.18400000E+01  .95916212E+00
  -.18000000E+01  .94098465E+00
  -.17600000E+01  .92257811E+00
  -.17200000E+01  .90393561E+00
  -.16800000E+01  .88504994E+00
  -.16400000E+01  .86591357E+00
  -.16000000E+01  .84651863E+00
  -.15600000E+01  .82685691E+00
  -.15200000E+01  .80691979E+00
  -.14800000E+01  .78669828E+00
  -.14400000E+01  .76618294E+00
  -.14000000E+01  .74536388E+00
  -.13600000E+01  .72423076E+00
  -.13200000E+01  .70277268E+00
  -.12800000E+01  .68097825E+00
  -.12400000E+01  .65883546E+00
  -.12000000E+01  .63633171E+00
  -.11600000E+01  .61345375E+00
  -.11200000E+01  .59018761E+00
  -.10800000E+01  .56651859E+00
  -.10400000E+01  .54243119E+00
  -.10000000E+01  .51790906E+00
  -.96000000E+00  .49293494E+00
  -.92000000E+00  .46749058E+00
  -.88000000E+00  .44155671E+00
  -.84000000E+00  .41511290E+00
  -.80000000E+00  .38813753E+00
  -.76000000E+00  .36060769E+00
  -.72000000E+00  .33249905E+00
  -.68000000E+00  .30378577E+00
  -.64000000E+00  .27444039E+00
  -.60000000E+00  .24443367E+00
  -.56000000E+00  .21373449E+00
  -.52000000E+00  .18230964E+00
  -.48000000E+00  .15012366E+00
  -.44000000E+00  .11713867E+00
  -.40000000E+00  .83314144E-01
  -.36000000E+00  .48606638E-01
  -.32000000E+00  .12969575E-01
  -.28000000E+00 -.23647076E-01
  -.24000000E+00 -.61297119E-01
  -.20000000E+00 -.10003850E+00
  -.16000000E+00 -.13993371E+00
  -.12000000E+00 -.18105024E+00
  -.80000000E-01 -.22346110E+00
  -.40000000E-01 -.26724542E+00
   .12351231E-14 -.31248904E+00
   .40000000E-01 -.35928531E+00
   .80000000E-01 -.40773590E+00
   .12000000E+00 -.45795177E+00
   .16000000E+00 -.51005421E+00
   .20000000E+00 -.56417616E+00
   .24000000E+00 -.62046356E+00
   .28000000E+00 -.67907703E+00
   .32000000E+00 -.74019378E+00
   .36000000E+00 -.80400978E+00
   .40000000E+00 -.87074231E+00
   .44000000E+00 -.94063299E+00
   .48000000E+00 -.10139513E+01
   .52000000E+00 -.10909985E+01
   .56000000E+00 -.11721130E+01
   .60000000E+00 -.12576756E+01
   .64000000E+00 -.13481169E+01
   .68000000E+00 -.14439252E+01
   .72000000E+00 -.15456573E+01
   .76000000E+00 -.16539501E+01
   .80000000E+00 -.17695360E+01
   .84000000E+00 -.18932615E+01
   .88000000E+00 -.20261102E+01
   .92000000E+00 -.21692320E+01
   .96000000E+00 -.23239794E+01
   .10000000E+01 -.24919546E+01
   .10400000E+01 -.26750699E+01
   .10800000E+01 -.28756261E+01
   .11200000E+01 -.30964170E+01
   .11600000E+01 -.33408689E+01
   .12000000E+01 -.36132301E+01
   .12400000E+01 -.39188333E+01
   .12800000E+01 -.42644655E+01
   .13200000E+01 -.46588996E+01
   .13600000E+01 -.51136785E+01
   .14000000E+01 -.56443025E+01
   .14400000E+01 -.62720834E+01
   .14800000E+01 -.70271510E+01
   .15200000E+01 -.79535394E+01
   .15600000E+01 -.91182544E+01
   .16000000E+01 -.10628501E+02
   .16400000E+01 -.12667146E+02
   .16800000E+01 -.15573778E+02
   .17200000E+01 -.20058365E+02
   .17600000E+01 -.27895542E+02
   .18000000E+01 -.45117196E+02
   .18400000E+01 -.11390697E+03
   .18800000E+01  .23086541E+03
   .19200000E+01  .58175568E+02
   .19600000E+01  .33540027E+02
   .20000000E+01  .23680678E+02
Core Pot   L  =        1.00000   -.15485
  -.20000000E+01  .11773779E+01
  -.19600000E+01  .11612267E+01
  -.19200000E+01  .11449019E+01
  -.18800000E+01  .11283990E+01
  -.18400000E+01  .11117132E+01
  -.18000000E+01  .10948395E+01
  -.17600000E+01  .10777730E+01
  -.17200000E+01  .10605081E+01
  -.16800000E+01  .10430394E+01
  -.16400000E+01  .10253611E+01
  -.16000000E+01  .10074672E+01
  -.15600000E+01  .98935147E+00
  -.15200000E+01  .97100729E+00
  -.14800000E+01  .95242790E+00
  -.14400000E+01  .93360620E+00
  -.14000000E+01  .91453480E+00
  -.13600000E+01  .89520595E+00
  -.13200000E+01  .87561159E+00
  -.12800000E+01  .85574326E+00
  -.12400000E+01  .83559214E+00
  -.12000000E+01  .81514899E+00
  -.11600000E+01  .79440414E+00
  -.11200000E+01  .77334747E+00
  -.10800000E+01  .75196835E+00
  -.10400000E+01  .73025566E+00
  -.10000000E+01  .70819771E+00
  -.96000000E+00  .68578223E+00
  -.92000000E+00  .66299634E+00
  -.88000000E+00  .63982650E+00
  -.84000000E+00  .61625844E+00
  -.80000000E+00  .59227717E+00
  -.76000000E+00  .56786686E+00
  -.72000000E+00  .54301087E+00
  -.68000000E+00  .51769161E+00
  -.64000000E+00  .49189051E+00
  -.60000000E+00  .46558795E+00
  -.56000000E+00  .43876320E+00
  -.52000000E+00  .41139430E+00
  -.48000000E+00  .38345799E+00
  -.44000000E+00  .35492962E+00
  -.40000000E+00  .32578302E+00
  -.36000000E+00  .29599041E+00
  -.32000000E+00  .26552223E+00
  -.28000000E+00  .23434706E+00
  -.24000000E+00  .20243140E+00
  -.20000000E+00  .16973953E+00
  -.16000000E+00  .13623333E+00
  -.12000000E+00  .10187205E+00
  -.80000000E-01  .66612094E-01
  -.40000000E-01  .30406760E-01
   .12351231E-14 -.67940424E-02
   .40000000E-01 -.45044104E-01
   .80000000E-01 -.84401269E-01
   .12000000E+00 -.12492782E+00
   .16000000E+00 -.16669094E+00
   .20000000E+00 -.20976314E+00
   .24000000E+00 -.25422288E+00
   .28000000E+00 -.30015516E+00
   .32000000E+00 -.34765219E+00
   .36000000E+00 -.39681420E+00
   .40000000E+00 -.44775037E+00
   .44000000E+00 -.50057977E+00
   .48000000E+00 -.55543258E+00
   .52000000E+00 -.61245141E+00
   .56000000E+00 -.67179277E+00
   .60000000E+00 -.73362887E+00
   .64000000E+00 -.79814963E+00
   .68000000E+00 -.86556500E+00
   .72000000E+00 -.93610767E+00
   .76000000E+00 -.10100363E+01
   .80000000E+00 -.10876392E+01
   .84000000E+00 -.11692386E+01
   .88000000E+00 -.12551961E+01
   .92000000E+00 -.13459186E+01
   .96000000E+00 -.14418658E+01
   .10000000E+01 -.15435587E+01
   .10400000E+01 -.16515909E+01
   .10800000E+01 -.17666410E+01
   .11200000E+01 -.18894885E+01
   .11600000E+01 -.20210339E+01
   .12000000E+01 -.21623223E+01
   .12400000E+01 -.23145741E+01
   .12800000E+01 -.24792236E+01
   .13200000E+01 -.26579673E+01
   .13600000E+01 -.28528276E+01
   .14000000E+01 -.30662341E+01
   .14400000E+01 -.33011324E+01
   .14800000E+01 -.35611283E+01
   .15200000E+01 -.38506838E+01
   .15600000E+01 -.41753873E+01
   .16000000E+01 -.45423336E+01
   .16400000E+01 -.49606670E+01
   .16800000E+01 -.54423804E+01
   .17200000E+01 -.60035171E+01
   .17600000E+01 -.66660394E+01
   .18000000E+01 -.74608354E+01
   .18400000E+01 -.84327662E+01
   .18800000E+01 -.96495753E+01
   .19200000E+01 -.11218611E+02
   .19600000E+01 -.13320720E+02
   .20000000E+01 -.16286154E+02
Potential  L  =        1.00000   -.15485
  -.20000000E+01  .11597421E+01
  -.19600000E+01  .11434787E+01
  -.19200000E+01  .11270468E+01
  -.18800000E+01  .11104423E+01
  -.18400000E+01  .10936609E+01
  -.18000000E+01  .10766981E+01
  -.17600000E+01  .10595493E+01
  -.17200000E+01  .10422099E+01
  -.16800000E+01  .10246748E+01
  -.16400000E+01  .10069389E+01
  -.16000000E+01  .98899698E+00
  -.15600000E+01  .97084342E+00
  -.15200000E+01  .95247252E+00
  -.14800000E+01  .93387834E+00
  -.14400000E+01  .91505468E+00
  -.14000000E+01  .89599512E+00
  -.13600000E+01  .87669296E+00
  -.13200000E+01  .85714126E+00
  -.12800000E+01  .83733276E+00
  -.12400000E+01  .81725993E+00
  -.12000000E+01  .79691491E+00
  -.11600000E+01  .77628950E+00
  -.11200000E+01  .75537518E+00
  -.10800000E+01  .73416302E+00
  -.10400000E+01  .71264374E+00
  -.10000000E+01  .69080761E+00
  -.96000000E+00  .66864451E+00
  -.92000000E+00  .64614381E+00
  -.88000000E+00  .62329444E+00
  -.84000000E+00  .60008479E+00
  -.80000000E+00  .57650271E+00
  -.76000000E+00  .55253548E+00
  -.72000000E+00  .52816975E+00
  -.68000000E+00  .50339153E+00
  -.64000000E+00  .47818616E+00
  -.60000000E+00  .45253821E+00
  -.56000000E+00  .42643149E+00
  -.52000000E+00  .39984897E+00
  -.48000000E+00  .37277274E+00
  -.44000000E+00  .34518395E+00
  -.40000000E+00  .31706274E+00
  -.36000000E+00  .28838816E+00
  -.32000000E+00  .25913813E+00
  -.28000000E+00  .22928932E+00
  -.24000000E+00  .19881708E+00
  -.20000000E+00  .16769537E+00
  -.16000000E+00  .13589662E+00
  -.12000000E+00  .10339160E+00
  -.80000000E-01  .70149381E-01
  -.40000000E-01  .36137103E-01
   .12351231E-14  .13198896E-02
   .40000000E-01 -.34339333E-01
   .80000000E-01 -.70880010E-01
   .12000000E+00 -.10834415E+00
   .16000000E+00 -.14677655E+00
   .20000000E+00 -.18622499E+00
   .24000000E+00 -.22674055E+00
   .28000000E+00 -.26837786E+00
   .32000000E+00 -.31119540E+00
   .36000000E+00 -.35525590E+00
   .40000000E+00 -.40062667E+00
   .44000000E+00 -.44738008E+00
   .48000000E+00 -.49559404E+00
   .52000000E+00 -.54535248E+00
   .56000000E+00 -.59674605E+00
   .60000000E+00 -.64987269E+00
   .64000000E+00 -.70483849E+00
   .68000000E+00 -.76175847E+00
   .72000000E+00 -.82075760E+00
   .76000000E+00 -.88197186E+00
   .80000000E+00 -.94554950E+00
   .84000000E+00 -.10116525E+01
   .88000000E+00 -.10804581E+01
   .92000000E+00 -.11521607E+01
   .96000000E+00 -.12269741E+01
   .10000000E+01 -.13051337E+01
   .10400000E+01 -.13868996E+01
   .10800000E+01 -.14725598E+01
   .11200000E+01 -.15624341E+01
   .11600000E+01 -.16568783E+01
   .12000000E+01 -.17562901E+01
   .12400000E+01 -.18611147E+01
   .12800000E+01 -.19718526E+01
   .13200000E+01 -.20890685E+01
   .13600000E+01 -.22134013E+01
   .14000000E+01 -.23455778E+01
   .14400000E+01 -.24864271E+01
   .14800000E+01 -.26369004E+01
   .15200000E+01 -.27980935E+01
   .15600000E+01 -.29712759E+01
   .16000000E+01 -.31579264E+01
   .16400000E+01 -.33597782E+01
   .16800000E+01 -.35788758E+01
   .17200000E+01 -.38176488E+01
   .17600000E+01 -.40790065E+01
   .18000000E+01 -.43664626E+01
   .18400000E+01 -.46843007E+01
   .18800000E+01 -.50377979E+01
   .19200000E+01 -.54335299E+01
   .19600000E+01 -.58797969E+01
   .20000000E+01 -.63872290E+01
Core Pot   L  =        2.00000   -.10000
  -.20000000E+01  .17332333E+01
  -.19600000E+01  .17226827E+01
  -.19200000E+01  .17120831E+01
  -.18800000E+01  .17014338E+01
  -.18400000E+01  .16907343E+01
  -.18000000E+01  .16799840E+01
  -.17600000E+01  .16691822E+01
  -.17200000E+01  .16583283E+01
  -.16800000E+01  .16474218E+01
  -.16400000E+01  .16364619E+01
  -.16000000E+01  .16254480E+01
  -.15600000E+01  .16143795E+01
  -.15200000E+01  .16032555E+01
  -.14800000E+01  .15920756E+01
  -.14400000E+01  .15808388E+01
  -.14000000E+01  .15695446E+01
  -.13600000E+01  .15581921E+01
  -.13200000E+01  .15467807E+01
  -.12800000E+01  .15353096E+01
  -.12400000E+01  .15237779E+01
  -.12000000E+01  .15121849E+01
  -.11600000E+01  .15005298E+01
  -.11200000E+01  .14888118E+01
  -.10800000E+01  .14770299E+01
  -.10400000E+01  .14651835E+01
  -.10000000E+01  .14532715E+01
  -.96000000E+00  .14412931E+01
  -.92000000E+00  .14292474E+01
  -.88000000E+00  .14171334E+01
  -.84000000E+00  .14049502E+01
  -.80000000E+00  .13926969E+01
  -.76000000E+00  .13803724E+01
  -.72000000E+00  .13679758E+01
  -.68000000E+00  .13555059E+01
  -.64000000E+00  .13429619E+01
  -.60000000E+00  .13303425E+01
  -.56000000E+00  .13176467E+01
  -.52000000E+00  .13048734E+01
  -.48000000E+00  .12920214E+01
  -.44000000E+00  .12790896E+01
  -.40000000E+00  .12660767E+01
  -.36000000E+00  .12529816E+01
  -.32000000E+00  .12398030E+01
  -.28000000E+00  .12265397E+01
  -.24000000E+00  .12131903E+01
  -.20000000E+00  .11997535E+01
  -.16000000E+00  .11862279E+01
  -.12000000E+00  .11726122E+01
  -.80000000E-01  .11589049E+01
  -.40000000E-01  .11451046E+01
   .12351231E-14  .11312098E+01
   .40000000E-01  .11172189E+01
   .80000000E-01  .11031304E+01
   .12000000E+00  .10889428E+01
   .16000000E+00  .10746543E+01
   .20000000E+00  .10602633E+01
   .24000000E+00  .10457681E+01
   .28000000E+00  .10311669E+01
   .32000000E+00  .10164579E+01
   .36000000E+00  .10016394E+01
   .40000000E+00  .98670928E+00
   .44000000E+00  .97166577E+00
   .48000000E+00  .95650685E+00
   .52000000E+00  .94123047E+00
   .56000000E+00  .92583456E+00
   .60000000E+00  .91031697E+00
   .64000000E+00  .89467551E+00
   .68000000E+00  .87890794E+00
   .72000000E+00  .86301194E+00
   .76000000E+00  .84698515E+00
   .80000000E+00  .83082513E+00
   .84000000E+00  .81452939E+00
   .88000000E+00  .79809536E+00
   .92000000E+00  .78152041E+00
   .96000000E+00  .76480183E+00
   .10000000E+01  .74793685E+00
   .10400000E+01  .73092260E+00
   .10800000E+01  .71375615E+00
   .11200000E+01  .69643449E+00
   .11600000E+01  .67895451E+00
   .12000000E+01  .66131301E+00
   .12400000E+01  .64350671E+00
   .12800000E+01  .62553224E+00
   .13200000E+01  .60738610E+00
   .13600000E+01  .58906474E+00
   .14000000E+01  .57056444E+00
   .14400000E+01  .55188143E+00
   .14800000E+01  .53301179E+00
   .15200000E+01  .51395148E+00
   .15600000E+01  .49469636E+00
   .16000000E+01  .47524214E+00
   .16400000E+01  .45558442E+00
   .16800000E+01  .43571862E+00
   .17200000E+01  .41564006E+00
   .17600000E+01  .39534389E+00
   .18000000E+01  .37482511E+00
   .18400000E+01  .35407854E+00
   .18800000E+01  .33309887E+00
   .19200000E+01  .31188056E+00
   .19600000E+01  .29041793E+00
   .20000000E+01  .26870509E+00
Potential  L  =        2.00000   -.10000
  -.20000000E+01  .17333104E+01
  -.19600000E+01  .17227572E+01
  -.19200000E+01  .17121550E+01
  -.18800000E+01  .17015031E+01
  -.18400000E+01  .16908010E+01
  -.18000000E+01  .16800481E+01
  -.17600000E+01  .16692437E+01
  -.17200000E+01  .16583873E+01
  -.16800000E+01  .16474782E+01
  -.16400000E+01  .16365157E+01
  -.16000000E+01  .16254993E+01
  -.15600000E+01  .16144282E+01
  -.15200000E+01  .16033017E+01
  -.14800000E+01  .15921192E+01
  -.14400000E+01  .15808800E+01
  -.14000000E+01  .15695833E+01
  -.13600000E+01  .15582283E+01
  -.13200000E+01  .15468145E+01
  -.12800000E+01  .15353409E+01
  -.12400000E+01  .15238069E+01
  -.12000000E+01  .15122115E+01
  -.11600000E+01  .15005541E+01
  -.11200000E+01  .14888338E+01
  -.10800000E+01  .14770497E+01
  -.10400000E+01  .14652010E+01
  -.10000000E+01  .14532869E+01
  -.96000000E+00  .14413064E+01
  -.92000000E+00  .14292586E+01
  -.88000000E+00  .14171426E+01
  -.84000000E+00  .14049575E+01
  -.80000000E+00  .13927023E+01
  -.76000000E+00  .13803760E+01
  -.72000000E+00  .13679777E+01
  -.68000000E+00  .13555062E+01
  -.64000000E+00  .13429606E+01
  -.60000000E+00  .13303397E+01
  -.56000000E+00  .13176425E+01
  -.52000000E+00  .13048679E+01
  -.48000000E+00  .12920148E+01
  -.44000000E+00  .12790819E+01
  -.40000000E+00  .12660682E+01
  -.36000000E+00  .12529723E+01
  -.32000000E+00  .12397930E+01
  -.28000000E+00  .12265292E+01
  -.24000000E+00  .12131794E+01
  -.20000000E+00  .11997424E+01
  -.16000000E+00  .11862168E+01
  -.12000000E+00  .11726012E+01
  -.80000000E-01  .11588943E+01
  -.40000000E-01  .11450945E+01
   .12351231E-14  .11312004E+01
   .40000000E-01  .11172105E+01
   .80000000E-01  .11031233E+01
   .12000000E+00  .10889371E+01
   .16000000E+00  .10746503E+01
   .20000000E+00  .10602613E+01
   .24000000E+00  .10457683E+01
   .28000000E+00  .10311697E+01
   .32000000E+00  .10164637E+01
   .36000000E+00  .10016483E+01
   .40000000E+00  .98672180E+00
   .44000000E+00  .97168223E+00
   .48000000E+00  .95652763E+00
   .52000000E+00  .94125599E+00
   .56000000E+00  .92586523E+00
   .60000000E+00  .91035325E+00
   .64000000E+00  .89471787E+00
   .68000000E+00  .87895687E+00
   .72000000E+00  .86306797E+00
   .76000000E+00  .84704881E+00
   .80000000E+00  .83089700E+00
   .84000000E+00  .81461006E+00
   .88000000E+00  .79818546E+00
   .92000000E+00  .78162061E+00
   .96000000E+00  .76491282E+00
   .10000000E+01  .74805935E+00
   .10400000E+01  .73105739E+00
   .10800000E+01  .71390403E+00
   .11200000E+01  .69659629E+00
   .11600000E+01  .67913111E+00
   .12000000E+01  .66150534E+00
   .12400000E+01  .64371575E+00
   .12800000E+01  .62575900E+00
   .13200000E+01  .60763166E+00
   .13600000E+01  .58933021E+00
   .14000000E+01  .57085102E+00
   .14400000E+01  .55219034E+00
   .14800000E+01  .53334434E+00
   .15200000E+01  .51430903E+00
   .15600000E+01  .49508032E+00
   .16000000E+01  .47565404E+00
   .16400000E+01  .45602581E+00
   .16800000E+01  .43619118E+00
   .17200000E+01  .41614553E+00
   .17600000E+01  .39588409E+00
   .18000000E+01  .37540195E+00
   .18400000E+01  .35469405E+00
   .18800000E+01  .33375515E+00
   .19200000E+01  .31257985E+00
   .19600000E+01  .29116257E+00
   .20000000E+01  .26949754E+00
Core Pot   L  =        3.00000    .00000
  -.20000000E+01  .22466326E+01
  -.19600000E+01  .22384544E+01
  -.19200000E+01  .22302529E+01
  -.18800000E+01  .22220278E+01
  -.18400000E+01  .22137791E+01
  -.18000000E+01  .22055066E+01
  -.17600000E+01  .21972100E+01
  -.17200000E+01  .21888892E+01
  -.16800000E+01  .21805441E+01
  -.16400000E+01  .21721743E+01
  -.16000000E+01  .21637798E+01
  -.15600000E+01  .21553604E+01
  -.15200000E+01  .21469158E+01
  -.14800000E+01  .21384459E+01
  -.14400000E+01  .21299504E+01
  -.14000000E+01  .21214292E+01
  -.13600000E+01  .21128821E+01
  -.13200000E+01  .21043089E+01
  -.12800000E+01  .20957093E+01
  -.12400000E+01  .20870832E+01
  -.12000000E+01  .20784303E+01
  -.11600000E+01  .20697504E+01
  -.11200000E+01  .20610434E+01
  -.10800000E+01  .20523089E+01
  -.10400000E+01  .20435469E+01
  -.10000000E+01  .20347570E+01
  -.96000000E+00  .20259390E+01
  -.92000000E+00  .20170927E+01
  -.88000000E+00  .20082179E+01
  -.84000000E+00  .19993143E+01
  -.80000000E+00  .19903817E+01
  -.76000000E+00  .19814199E+01
  -.72000000E+00  .19724286E+01
  -.68000000E+00  .19634075E+01
  -.64000000E+00  .19543565E+01
  -.60000000E+00  .19452752E+01
  -.56000000E+00  .19361635E+01
  -.52000000E+00  .19270209E+01
  -.48000000E+00  .19178474E+01
  -.44000000E+00  .19086426E+01
  -.40000000E+00  .18994063E+01
  -.36000000E+00  .18901381E+01
  -.32000000E+00  .18808379E+01
  -.28000000E+00  .18715052E+01
  -.24000000E+00  .18621399E+01
  -.20000000E+00  .18527417E+01
  -.16000000E+00  .18433102E+01
  -.12000000E+00  .18338453E+01
  -.80000000E-01  .18243464E+01
  -.40000000E-01  .18148135E+01
   .12351231E-14  .18052461E+01
   .40000000E-01  .17956440E+01
   .80000000E-01  .17860068E+01
   .12000000E+00  .17763342E+01
   .16000000E+00  .17666260E+01
   .20000000E+00  .17568817E+01
   .24000000E+00  .17471010E+01
   .28000000E+00  .17372837E+01
   .32000000E+00  .17274293E+01
   .36000000E+00  .17175375E+01
   .40000000E+00  .17076081E+01
   .44000000E+00  .16976405E+01
   .48000000E+00  .16876344E+01
   .52000000E+00  .16775896E+01
   .56000000E+00  .16675056E+01
   .60000000E+00  .16573820E+01
   .64000000E+00  .16472185E+01
   .68000000E+00  .16370146E+01
   .72000000E+00  .16267701E+01
   .76000000E+00  .16164844E+01
   .80000000E+00  .16061572E+01
   .84000000E+00  .15957881E+01
   .88000000E+00  .15853766E+01
   .92000000E+00  .15749224E+01
   .96000000E+00  .15644249E+01
   .10000000E+01  .15538839E+01
   .10400000E+01  .15432988E+01
   .10800000E+01  .15326692E+01
   .11200000E+01  .15219946E+01
   .11600000E+01  .15112746E+01
   .12000000E+01  .15005087E+01
   .12400000E+01  .14896965E+01
   .12800000E+01  .14788374E+01
   .13200000E+01  .14679309E+01
   .13600000E+01  .14569767E+01
   .14000000E+01  .14459741E+01
   .14400000E+01  .14349227E+01
   .14800000E+01  .14238219E+01
   .15200000E+01  .14126712E+01
   .15600000E+01  .14014701E+01
   .16000000E+01  .13902181E+01
   .16400000E+01  .13789145E+01
   .16800000E+01  .13675588E+01
   .17200000E+01  .13561505E+01
   .17600000E+01  .13446890E+01
   .18000000E+01  .13331736E+01
   .18400000E+01  .13216039E+01
   .18800000E+01  .13099791E+01
   .19200000E+01  .12982986E+01
   .19600000E+01  .12865619E+01
   .20000000E+01  .12747683E+01
Potential  L  =        3.00000    .00000
  -.20000000E+01  .22468423E+01
  -.19600000E+01  .22386625E+01
  -.19200000E+01  .22304594E+01
  -.18800000E+01  .22222327E+01
  -.18400000E+01  .22139823E+01
  -.18000000E+01  .22057080E+01
  -.17600000E+01  .21974096E+01
  -.17200000E+01  .21890870E+01
  -.16800000E+01  .21807400E+01
  -.16400000E+01  .21723684E+01
  -.16000000E+01  .21639720E+01
  -.15600000E+01  .21555506E+01
  -.15200000E+01  .21471040E+01
  -.14800000E+01  .21386321E+01
  -.14400000E+01  .21301346E+01
  -.14000000E+01  .21216113E+01
  -.13600000E+01  .21130620E+01
  -.13200000E+01  .21044866E+01
  -.12800000E+01  .20958847E+01
  -.12400000E+01  .20872563E+01
  -.12000000E+01  .20786011E+01
  -.11600000E+01  .20699188E+01
  -.11200000E+01  .20612094E+01
  -.10800000E+01  .20524724E+01
  -.10400000E+01  .20437078E+01
  -.10000000E+01  .20349153E+01
  -.96000000E+00  .20260947E+01
  -.92000000E+00  .20172458E+01
  -.88000000E+00  .20083682E+01
  -.84000000E+00  .19994618E+01
  -.80000000E+00  .19905263E+01
  -.76000000E+00  .19815616E+01
  -.72000000E+00  .19725673E+01
  -.68000000E+00  .19635432E+01
  -.64000000E+00  .19544891E+01
  -.60000000E+00  .19454046E+01
  -.56000000E+00  .19362896E+01
  -.52000000E+00  .19271438E+01
  -.48000000E+00  .19179669E+01
  -.44000000E+00  .19087587E+01
  -.40000000E+00  .18995188E+01
  -.36000000E+00  .18902471E+01
  -.32000000E+00  .18809432E+01
  -.28000000E+00  .18716068E+01
  -.24000000E+00  .18622377E+01
  -.20000000E+00  .18528356E+01
  -.16000000E+00  .18434002E+01
  -.12000000E+00  .18339311E+01
  -.80000000E-01  .18244282E+01
  -.40000000E-01  .18148910E+01
   .12351231E-14  .18053193E+01
   .40000000E-01  .17957128E+01
   .80000000E-01  .17860711E+01
   .12000000E+00  .17763940E+01
   .16000000E+00  .17666811E+01
   .20000000E+00  .17569320E+01
   .24000000E+00  .17471465E+01
   .28000000E+00  .17373242E+01
   .32000000E+00  .17274647E+01
   .36000000E+00  .17175678E+01
   .40000000E+00  .17076330E+01
   .44000000E+00  .16976601E+01
   .48000000E+00  .16876485E+01
   .52000000E+00  .16775981E+01
   .56000000E+00  .16675083E+01
   .60000000E+00  .16573789E+01
   .64000000E+00  .16472094E+01
   .68000000E+00  .16369995E+01
   .72000000E+00  .16267487E+01
   .76000000E+00  .16164567E+01
   .80000000E+00  .16061230E+01
   .84000000E+00  .15957472E+01
   .88000000E+00  .15853290E+01
   .92000000E+00  .15748679E+01
   .96000000E+00  .15643635E+01
   .10000000E+01  .15538152E+01
   .10400000E+01  .15432228E+01
   .10800000E+01  .15325857E+01
   .11200000E+01  .15219035E+01
   .11600000E+01  .15111757E+01
   .12000000E+01  .15004018E+01
   .12400000E+01  .14895815E+01
   .12800000E+01  .14787141E+01
   .13200000E+01  .14677992E+01
   .13600000E+01  .14568363E+01
   .14000000E+01  .14458249E+01
   .14400000E+01  .14347644E+01
   .14800000E+01  .14236545E+01
   .15200000E+01  .14124944E+01
   .15600000E+01  .14012837E+01
   .16000000E+01  .13900219E+01
   .16400000E+01  .13787083E+01
   .16800000E+01  .13673424E+01
   .17200000E+01  .13559237E+01
   .17600000E+01  .13444515E+01
   .18000000E+01  .13329253E+01
   .18400000E+01  .13213444E+01
   .18800000E+01  .13097083E+01
   .19200000E+01  .12980163E+01
   .19600000E+01  .12862678E+01
   .20000000E+01  .12744622E+01
Core Pot   L  =        4.00000    .00000
  -.20000000E+01  .27588138E+01
  -.19600000E+01  .27520952E+01
  -.19200000E+01  .27453632E+01
  -.18800000E+01  .27386179E+01
  -.18400000E+01  .27318612E+01
  -.18000000E+01  .27250896E+01
  -.17600000E+01  .27183023E+01
  -.17200000E+01  .27115040E+01
  -.16800000E+01  .27046916E+01
  -.16400000E+01  .26978653E+01
  -.16000000E+01  .26910275E+01
  -.15600000E+01  .26841717E+01
  -.15200000E+01  .26773044E+01
  -.14800000E+01  .26704237E+01
  -.14400000E+01  .26635275E+01
  -.14000000E+01  .26566184E+01
  -.13600000E+01  .26496957E+01
  -.13200000E+01  .26427565E+01
  -.12800000E+01  .26358040E+01
  -.12400000E+01  .26288377E+01
  -.12000000E+01  .26218560E+01
  -.11600000E+01  .26148605E+01
  -.11200000E+01  .26078511E+01
  -.10800000E+01  .26008246E+01
  -.10400000E+01  .25937846E+01
  -.10000000E+01  .25867300E+01
  -.96000000E+00  .25796599E+01
  -.92000000E+00  .25725763E+01
  -.88000000E+00  .25654748E+01
  -.84000000E+00  .25583594E+01
  -.80000000E+00  .25512292E+01
  -.76000000E+00  .25440831E+01
  -.72000000E+00  .25369226E+01
  -.68000000E+00  .25297438E+01
  -.64000000E+00  .25225519E+01
  -.60000000E+00  .25153430E+01
  -.56000000E+00  .25081186E+01
  -.52000000E+00  .25008785E+01
  -.48000000E+00  .24936218E+01
  -.44000000E+00  .24863496E+01
  -.40000000E+00  .24790610E+01
  -.36000000E+00  .24717563E+01
  -.32000000E+00  .24644348E+01
  -.28000000E+00  .24570970E+01
  -.24000000E+00  .24497425E+01
  -.20000000E+00  .24423717E+01
  -.16000000E+00  .24349838E+01
  -.12000000E+00  .24275790E+01
  -.80000000E-01  .24201571E+01
  -.40000000E-01  .24127186E+01
   .12351231E-14  .24052625E+01
   .40000000E-01  .23977895E+01
   .80000000E-01  .23902988E+01
   .12000000E+00  .23827905E+01
   .16000000E+00  .23752649E+01
   .20000000E+00  .23677218E+01
   .24000000E+00  .23601605E+01
   .28000000E+00  .23525811E+01
   .32000000E+00  .23449841E+01
   .36000000E+00  .23373689E+01
   .40000000E+00  .23297353E+01
   .44000000E+00  .23220833E+01
   .48000000E+00  .23144130E+01
   .52000000E+00  .23067241E+01
   .56000000E+00  .22990164E+01
   .60000000E+00  .22912900E+01
   .64000000E+00  .22835446E+01
   .68000000E+00  .22757801E+01
   .72000000E+00  .22679965E+01
   .76000000E+00  .22601937E+01
   .80000000E+00  .22523715E+01
   .84000000E+00  .22445296E+01
   .88000000E+00  .22366681E+01
   .92000000E+00  .22287868E+01
   .96000000E+00  .22208857E+01
   .10000000E+01  .22129644E+01
   .10400000E+01  .22050231E+01
   .10800000E+01  .21970614E+01
   .11200000E+01  .21890793E+01
   .11600000E+01  .21810767E+01
   .12000000E+01  .21730533E+01
   .12400000E+01  .21650092E+01
   .12800000E+01  .21569440E+01
   .13200000E+01  .21488578E+01
   .13600000E+01  .21407503E+01
   .14000000E+01  .21326215E+01
   .14400000E+01  .21244710E+01
   .14800000E+01  .21162990E+01
   .15200000E+01  .21081052E+01
   .15600000E+01  .20998894E+01
   .16000000E+01  .20916514E+01
   .16400000E+01  .20833913E+01
   .16800000E+01  .20751086E+01
   .17200000E+01  .20668035E+01
   .17600000E+01  .20584756E+01
   .18000000E+01  .20501249E+01
   .18400000E+01  .20417512E+01
   .18800000E+01  .20333543E+01
   .19200000E+01  .20249340E+01
   .19600000E+01  .20164902E+01
   .20000000E+01  .20080228E+01
Potential  L  =        4.00000    .00000
  -.20000000E+01  .27591151E+01
  -.19600000E+01  .27523972E+01
  -.19200000E+01  .27456661E+01
  -.18800000E+01  .27389217E+01
  -.18400000E+01  .27321639E+01
  -.18000000E+01  .27253928E+01
  -.17600000E+01  .27186083E+01
  -.17200000E+01  .27118103E+01
  -.16800000E+01  .27049986E+01
  -.16400000E+01  .26981733E+01
  -.16000000E+01  .26913344E+01
  -.15600000E+01  .26844814E+01
  -.15200000E+01  .26776148E+01
  -.14800000E+01  .26707342E+01
  -.14400000E+01  .26638394E+01
  -.14000000E+01  .26569306E+01
  -.13600000E+01  .26500077E+01
  -.13200000E+01  .26430705E+01
  -.12800000E+01  .26361189E+01
  -.12400000E+01  .26291530E+01
  -.12000000E+01  .26221724E+01
  -.11600000E+01  .26151774E+01
  -.11200000E+01  .26081678E+01
  -.10800000E+01  .26011434E+01
  -.10400000E+01  .25941042E+01
  -.10000000E+01  .25870501E+01
  -.96000000E+00  .25799810E+01
  -.92000000E+00  .25728969E+01
  -.88000000E+00  .25657977E+01
  -.84000000E+00  .25586831E+01
  -.80000000E+00  .25515534E+01
  -.76000000E+00  .25444083E+01
  -.72000000E+00  .25372475E+01
  -.68000000E+00  .25300712E+01
  -.64000000E+00  .25228794E+01
  -.60000000E+00  .25156717E+01
  -.56000000E+00  .25084483E+01
  -.52000000E+00  .25012089E+01
  -.48000000E+00  .24939534E+01
  -.44000000E+00  .24866819E+01
  -.40000000E+00  .24793942E+01
  -.36000000E+00  .24720902E+01
  -.32000000E+00  .24647698E+01
  -.28000000E+00  .24574329E+01
  -.24000000E+00  .24500794E+01
  -.20000000E+00  .24427092E+01
  -.16000000E+00  .24353223E+01
  -.12000000E+00  .24279185E+01
  -.80000000E-01  .24204977E+01
  -.40000000E-01  .24130598E+01
   .12351231E-14  .24056048E+01
   .40000000E-01  .23981324E+01
   .80000000E-01  .23906427E+01
   .12000000E+00  .23831356E+01
   .16000000E+00  .23756108E+01
   .20000000E+00  .23680683E+01
   .24000000E+00  .23605080E+01
   .28000000E+00  .23529298E+01
   .32000000E+00  .23453336E+01
   .36000000E+00  .23377193E+01
   .40000000E+00  .23300866E+01
   .44000000E+00  .23224357E+01
   .48000000E+00  .23147663E+01
   .52000000E+00  .23070783E+01
   .56000000E+00  .22993716E+01
   .60000000E+00  .22916461E+01
   .64000000E+00  .22839017E+01
   .68000000E+00  .22761382E+01
   .72000000E+00  .22683555E+01
   .76000000E+00  .22605535E+01
   .80000000E+00  .22527322E+01
   .84000000E+00  .22448913E+01
   .88000000E+00  .22370308E+01
   .92000000E+00  .22291504E+01
   .96000000E+00  .22212502E+01
   .10000000E+01  .22133299E+01
   .10400000E+01  .22053894E+01
   .10800000E+01  .21974287E+01
   .11200000E+01  .21894475E+01
   .11600000E+01  .21814458E+01
   .12000000E+01  .21734234E+01
   .12400000E+01  .21653801E+01
   .12800000E+01  .21573159E+01
   .13200000E+01  .21492306E+01
   .13600000E+01  .21411240E+01
   .14000000E+01  .21329960E+01
   .14400000E+01  .21248465E+01
   .14800000E+01  .21166754E+01
   .15200000E+01  .21084824E+01
   .15600000E+01  .21002675E+01
   .16000000E+01  .20920304E+01
   .16400000E+01  .20837711E+01
   .16800000E+01  .20754893E+01
   .17200000E+01  .20671851E+01
   .17600000E+01  .20588581E+01
   .18000000E+01  .20505082E+01
   .18400000E+01  .20421353E+01
   .18800000E+01  .20337392E+01
   .19200000E+01  .20253197E+01
   .19600000E+01  .20168768E+01
   .20000000E+01  .20084102E+01
KBPotential  L  =       .00000   -.82428
  -.20000000E+01  .97194694E+00
  -.19600000E+01  .95470410E+00
  -.19200000E+01  .93728344E+00
  -.18800000E+01  .91968085E+00
  -.18400000E+01  .90189207E+00
  -.18000000E+01  .88391268E+00
  -.17600000E+01  .86573810E+00
  -.17200000E+01  .84736372E+00
  -.16800000E+01  .82878450E+00
  -.16400000E+01  .80999554E+00
  -.16000000E+01  .79099154E+00
  -.15600000E+01  .77176711E+00
  -.15200000E+01  .75231663E+00
  -.14800000E+01  .73263431E+00
  -.14400000E+01  .71271412E+00
  -.14000000E+01  .69254984E+00
  -.13600000E+01  .67213498E+00
  -.13200000E+01  .65146284E+00
  -.12800000E+01  .63052646E+00
  -.12400000E+01  .60931860E+00
  -.12000000E+01  .58783175E+00
  -.11600000E+01  .56605811E+00
  -.11200000E+01  .54398955E+00
  -.10800000E+01  .52161766E+00
  -.10400000E+01  .49893364E+00
  -.10000000E+01  .47592838E+00
  -.96000000E+00  .45259235E+00
  -.92000000E+00  .42891567E+00
  -.88000000E+00  .40488799E+00
  -.84000000E+00  .38049858E+00
  -.80000000E+00  .35573620E+00
  -.76000000E+00  .33058914E+00
  -.72000000E+00  .30504519E+00
  -.68000000E+00  .27909157E+00
  -.64000000E+00  .25271495E+00
  -.60000000E+00  .22590136E+00
  -.56000000E+00  .19863623E+00
  -.52000000E+00  .17090427E+00
  -.48000000E+00  .14268949E+00
  -.44000000E+00  .11397514E+00
  -.40000000E+00  .84743645E-01
  -.36000000E+00  .54976578E-01
  -.32000000E+00  .24654595E-01
  -.28000000E+00 -.62426175E-02
  -.24000000E+00 -.37736411E-01
  -.20000000E+00 -.69849236E-01
  -.16000000E+00 -.10260471E+00
  -.12000000E+00 -.13602772E+00
  -.80000000E-01 -.17014448E+00
  -.40000000E-01 -.20498261E+00
   .12351231E-14 -.24057131E+00
   .40000000E-01 -.27694134E+00
   .80000000E-01 -.31412526E+00
   .12000000E+00 -.35215752E+00
   .16000000E+00 -.39107455E+00
   .20000000E+00 -.43091496E+00
   .24000000E+00 -.47171968E+00
   .28000000E+00 -.51353217E+00
   .32000000E+00 -.55639857E+00
   .36000000E+00 -.60036794E+00
   .40000000E+00 -.64549252E+00
   .44000000E+00 -.69182794E+00
   .48000000E+00 -.73943352E+00
   .52000000E+00 -.78837262E+00
   .56000000E+00 -.83871292E+00
   .60000000E+00 -.89052683E+00
   .64000000E+00 -.94389197E+00
   .68000000E+00 -.99889154E+00
   .72000000E+00 -.10556149E+01
   .76000000E+00 -.11141582E+01
   .80000000E+00 -.11746248E+01
   .84000000E+00 -.12371264E+01
   .88000000E+00 -.13017836E+01
   .92000000E+00 -.13687264E+01
   .96000000E+00 -.14380960E+01
   .10000000E+01 -.15100455E+01
   .10400000E+01 -.15847415E+01
   .10800000E+01 -.16623650E+01
   .11200000E+01 -.17431138E+01
   .11600000E+01 -.18272039E+01
   .12000000E+01 -.19148718E+01
   .12400000E+01 -.20063773E+01
   .12800000E+01 -.21020060E+01
   .13200000E+01 -.22020723E+01
   .13600000E+01 -.23069234E+01
   .14000000E+01 -.24169469E+01
   .14400000E+01 -.25325700E+01
   .14800000E+01 -.26542700E+01
   .15200000E+01 -.27825805E+01
   .15600000E+01 -.29180995E+01
   .16000000E+01 -.30614997E+01
   .16400000E+01 -.32135408E+01
   .16800000E+01 -.33750835E+01
   .17200000E+01 -.35471077E+01
   .17600000E+01 -.37307328E+01
   .18000000E+01 -.39272439E+01
   .18400000E+01 -.41381244E+01
   .18800000E+01 -.43650947E+01
   .19200000E+01 -.46101622E+01
   .19600000E+01 -.48756832E+01
   .20000000E+01 -.51644428E+01
KBPotential  L  =      1.00000   -.30971
  -.20000000E+01  .11776296E+01
  -.19600000E+01  .11614620E+01
  -.19200000E+01  .11451211E+01
  -.18800000E+01  .11286025E+01
  -.18400000E+01  .11119014E+01
  -.18000000E+01  .10950129E+01
  -.17600000E+01  .10779318E+01
  -.17200000E+01  .10606528E+01
  -.16800000E+01  .10431703E+01
  -.16400000E+01  .10254787E+01
  -.16000000E+01  .10075718E+01
  -.15600000E+01  .98944343E+00
  -.15200000E+01  .97108705E+00
  -.14800000E+01  .95249586E+00
  -.14400000E+01  .93366275E+00
  -.14000000E+01  .91458032E+00
  -.13600000E+01  .89524084E+00
  -.13200000E+01  .87563623E+00
  -.12800000E+01  .85575805E+00
  -.12400000E+01  .83559747E+00
  -.12000000E+01  .81514524E+00
  -.11600000E+01  .79439172E+00
  -.11200000E+01  .77332675E+00
  -.10800000E+01  .75193972E+00
  -.10400000E+01  .73021951E+00
  -.10000000E+01  .70815443E+00
  -.96000000E+00  .68573221E+00
  -.92000000E+00  .66293997E+00
  -.88000000E+00  .63976415E+00
  -.84000000E+00  .61619050E+00
  -.80000000E+00  .59220401E+00
  -.76000000E+00  .56778888E+00
  -.72000000E+00  .54292844E+00
  -.68000000E+00  .51760510E+00
  -.64000000E+00  .49180029E+00
  -.60000000E+00  .46549441E+00
  -.56000000E+00  .43866671E+00
  -.52000000E+00  .41129522E+00
  -.48000000E+00  .38335669E+00
  -.44000000E+00  .35482646E+00
  -.40000000E+00  .32567837E+00
  -.36000000E+00  .29588461E+00
  -.32000000E+00  .26541565E+00
  -.28000000E+00  .23424004E+00
  -.24000000E+00  .20232429E+00
  -.20000000E+00  .16963267E+00
  -.16000000E+00  .13612706E+00
  -.12000000E+00  .10176671E+00
  -.80000000E-01  .66508003E-01
  -.40000000E-01  .30304245E-01
   .12351231E-14 -.68946618E-02
   .40000000E-01 -.45142530E-01
   .80000000E-01 -.84497184E-01
   .12000000E+00 -.12502093E+00
   .16000000E+00 -.16678093E+00
   .20000000E+00 -.20984975E+00
   .24000000E+00 -.25430582E+00
   .28000000E+00 -.30023416E+00
   .32000000E+00 -.34772699E+00
   .36000000E+00 -.39688455E+00
   .40000000E+00 -.44781602E+00
   .44000000E+00 -.50064050E+00
   .48000000E+00 -.55548812E+00
   .52000000E+00 -.61250158E+00
   .56000000E+00 -.67183739E+00
   .60000000E+00 -.73366776E+00
   .64000000E+00 -.79818261E+00
   .68000000E+00 -.86559192E+00
   .72000000E+00 -.93612841E+00
   .76000000E+00 -.10100507E+01
   .80000000E+00 -.10876472E+01
   .84000000E+00 -.11692401E+01
   .88000000E+00 -.12551911E+01
   .92000000E+00 -.13459071E+01
   .96000000E+00 -.14418476E+01
   .10000000E+01 -.15435341E+01
   .10400000E+01 -.16515598E+01
   .10800000E+01 -.17666035E+01
   .11200000E+01 -.18894448E+01
   .11600000E+01 -.20209841E+01
   .12000000E+01 -.21622666E+01
   .12400000E+01 -.23145129E+01
   .12800000E+01 -.24791572E+01
   .13200000E+01 -.26578962E+01
   .13600000E+01 -.28527521E+01
   .14000000E+01 -.30661550E+01
   .14400000E+01 -.33010503E+01
   .14800000E+01 -.35610441E+01
   .15200000E+01 -.38505985E+01
   .15600000E+01 -.41753021E+01
   .16000000E+01 -.45422497E+01
   .16400000E+01 -.49605861E+01
   .16800000E+01 -.54423044E+01
   .17200000E+01 -.60034484E+01
   .17600000E+01 -.66659807E+01
   .18000000E+01 -.74607900E+01
   .18400000E+01 -.84327379E+01
   .18800000E+01 -.96495687E+01
   .19200000E+01 -.11218630E+02
   .19600000E+01 -.13320771E+02
   .20000000E+01 -.16286236E+02
KBPotential  L  =      2.00000    .00000
  -.20000000E+01  .17333104E+01
  -.19600000E+01  .17227572E+01
  -.19200000E+01  .17121550E+01
  -.18800000E+01  .17015031E+01
  -.18400000E+01  .16908010E+01
  -.18000000E+01  .16800481E+01
  -.17600000E+01  .16692437E+01
  -.17200000E+01  .16583873E+01
  -.16800000E+01  .16474782E+01
  -.16400000E+01  .16365157E+01
  -.16000000E+01  .16254993E+01
  -.15600000E+01  .16144282E+01
  -.15200000E+01  .16033017E+01
  -.14800000E+01  .15921192E+01
  -.14400000E+01  .15808800E+01
  -.14000000E+01  .15695833E+01
  -.13600000E+01  .15582283E+01
  -.13200000E+01  .15468145E+01
  -.12800000E+01  .15353409E+01
  -.12400000E+01  .15238069E+01
  -.12000000E+01  .15122115E+01
  -.11600000E+01  .15005541E+01
  -.11200000E+01  .14888338E+01
  -.10800000E+01  .14770497E+01
  -.10400000E+01  .14652010E+01
  -.10000000E+01  .14532869E+01
  -.96000000E+00  .14413064E+01
  -.92000000E+00  .14292586E+01
  -.88000000E+00  .14171426E+01
  -.84000000E+00  .14049575E+01
  -.80000000E+00  .13927023E+01
  -.76000000E+00  .13803760E+01
  -.72000000E+00  .13679777E+01
  -.68000000E+00  .13555062E+01
  -.64000000E+00  .13429606E+01
  -.60000000E+00  .13303397E+01
  -.56000000E+00  .13176425E+01
  -.52000000E+00  .13048679E+01
  -.48000000E+00  .12920148E+01
  -.44000000E+00  .12790819E+01
  -.40000000E+00  .12660682E+01
  -.36000000E+00  .12529723E+01
  -.32000000E+00  .12397930E+01
  -.28000000E+00  .12265292E+01
  -.24000000E+00  .12131794E+01
  -.20000000E+00  .11997424E+01
  -.16000000E+00  .11862168E+01
  -.12000000E+00  .11726012E+01
  -.80000000E-01  .11588943E+01
  -.40000000E-01  .11450945E+01
   .12351231E-14  .11312004E+01
   .40000000E-01  .11172105E+01
   .80000000E-01  .11031233E+01
   .12000000E+00  .10889371E+01
   .16000000E+00  .10746503E+01
   .20000000E+00  .10602613E+01
   .24000000E+00  .10457683E+01
   .28000000E+00  .10311697E+01
   .32000000E+00  .10164637E+01
   .36000000E+00  .10016483E+01
   .40000000E+00  .98672180E+00
   .44000000E+00  .97168223E+00
   .48000000E+00  .95652763E+00
   .52000000E+00  .94125599E+00
   .56000000E+00  .92586523E+00
   .60000000E+00  .91035325E+00
   .64000000E+00  .89471787E+00
   .68000000E+00  .87895687E+00
   .72000000E+00  .86306797E+00
   .76000000E+00  .84704881E+00
   .80000000E+00  .83089700E+00
   .84000000E+00  .81461006E+00
   .88000000E+00  .79818546E+00
   .92000000E+00  .78162061E+00
   .96000000E+00  .76491282E+00
   .10000000E+01  .74805935E+00
   .10400000E+01  .73105739E+00
   .10800000E+01  .71390403E+00
   .11200000E+01  .69659629E+00
   .11600000E+01  .67913111E+00
   .12000000E+01  .66150534E+00
   .12400000E+01  .64371575E+00
   .12800000E+01  .62575900E+00
   .13200000E+01  .60763166E+00
   .13600000E+01  .58933021E+00
   .14000000E+01  .57085102E+00
   .14400000E+01  .55219034E+00
   .14800000E+01  .53334434E+00
   .15200000E+01  .51430903E+00
   .15600000E+01  .49508032E+00
   .16000000E+01  .47565404E+00
   .16400000E+01  .45602581E+00
   .16800000E+01  .43619118E+00
   .17200000E+01  .41614553E+00
   .17600000E+01  .39588409E+00
   .18000000E+01  .37540195E+00
   .18400000E+01  .35469405E+00
   .18800000E+01  .33375515E+00
   .19200000E+01  .31257985E+00
   .19600000E+01  .29116257E+00
   .20000000E+01  .26949754E+00
KBPotential  L  =      3.00000    .00000
  -.20000000E+01  .22468423E+01
  -.19600000E+01  .22386625E+01
  -.19200000E+01  .22304594E+01
  -.18800000E+01  .22222327E+01
  -.18400000E+01  .22139823E+01
  -.18000000E+01  .22057080E+01
  -.17600000E+01  .21974096E+01
  -.17200000E+01  .21890870E+01
  -.16800000E+01  .21807400E+01
  -.16400000E+01  .21723684E+01
  -.16000000E+01  .21639720E+01
  -.15600000E+01  .21555506E+01
  -.15200000E+01  .21471040E+01
  -.14800000E+01  .21386321E+01
  -.14400000E+01  .21301346E+01
  -.14000000E+01  .21216113E+01
  -.13600000E+01  .21130620E+01
  -.13200000E+01  .21044866E+01
  -.12800000E+01  .20958847E+01
  -.12400000E+01  .20872563E+01
  -.12000000E+01  .20786011E+01
  -.11600000E+01  .20699188E+01
  -.11200000E+01  .20612094E+01
  -.10800000E+01  .20524724E+01
  -.10400000E+01  .20437078E+01
  -.10000000E+01  .20349153E+01
  -.96000000E+00  .20260947E+01
  -.92000000E+00  .20172458E+01
  -.88000000E+00  .20083682E+01
  -.84000000E+00  .19994618E+01
  -.80000000E+00  .19905263E+01
  -.76000000E+00  .19815616E+01
  -.72000000E+00  .19725673E+01
  -.68000000E+00  .19635432E+01
  -.64000000E+00  .19544891E+01
  -.60000000E+00  .19454046E+01
  -.56000000E+00  .19362896E+01
  -.52000000E+00  .19271438E+01
  -.48000000E+00  .19179669E+01
  -.44000000E+00  .19087587E+01
  -.40000000E+00  .18995188E+01
  -.36000000E+00  .18902471E+01
  -.32000000E+00  .18809432E+01
  -.28000000E+00  .18716068E+01
  -.24000000E+00  .18622377E+01
  -.20000000E+00  .18528356E+01
  -.16000000E+00  .18434002E+01
  -.12000000E+00  .18339311E+01
  -.80000000E-01  .18244282E+01
  -.40000000E-01  .18148910E+01
   .12351231E-14  .18053193E+01
   .40000000E-01  .17957128E+01
   .80000000E-01  .17860711E+01
   .12000000E+00  .17763940E+01
   .16000000E+00  .17666811E+01
   .20000000E+00  .17569320E+01
   .24000000E+00  .17471465E+01
   .28000000E+00  .17373242E+01
   .32000000E+00  .17274647E+01
   .36000000E+00  .17175678E+01
   .40000000E+00  .17076330E+01
   .44000000E+00  .16976601E+01
   .48000000E+00  .16876485E+01
   .52000000E+00  .16775981E+01
   .56000000E+00  .16675083E+01
   .60000000E+00  .16573789E+01
   .64000000E+00  .16472094E+01
   .68000000E+00  .16369995E+01
   .72000000E+00  .16267487E+01
   .76000000E+00  .16164567E+01
   .80000000E+00  .16061230E+01
   .84000000E+00  .15957472E+01
   .88000000E+00  .15853290E+01
   .92000000E+00  .15748679E+01
   .96000000E+00  .15643635E+01
   .10000000E+01  .15538152E+01
   .10400000E+01  .15432228E+01
   .10800000E+01  .15325857E+01
   .11200000E+01  .15219035E+01
   .11600000E+01  .15111757E+01
   .12000000E+01  .15004018E+01
   .12400000E+01  .14895815E+01
   .12800000E+01  .14787141E+01
   .13200000E+01  .14677992E+01
   .13600000E+01  .14568363E+01
   .14000000E+01  .14458249E+01
   .14400000E+01  .14347644E+01
   .14800000E+01  .14236545E+01
   .15200000E+01  .14124944E+01
   .15600000E+01  .14012837E+01
   .16000000E+01  .13900219E+01
   .16400000E+01  .13787083E+01
   .16800000E+01  .13673424E+01
   .17200000E+01  .13559237E+01
   .17600000E+01  .13444515E+01
   .18000000E+01  .13329253E+01
   .18400000E+01  .13213444E+01
   .18800000E+01  .13097083E+01
   .19200000E+01  .12980163E+01
   .19600000E+01  .12862678E+01
   .20000000E+01  .12744622E+01
KBPotential  L  =      4.00000    .00000
  -.20000000E+01  .27591151E+01
  -.19600000E+01  .27523972E+01
  -.19200000E+01  .27456661E+01
  -.18800000E+01  .27389217E+01
  -.18400000E+01  .27321639E+01
  -.18000000E+01  .27253928E+01
  -.17600000E+01  .27186083E+01
  -.17200000E+01  .27118103E+01
  -.16800000E+01  .27049986E+01
  -.16400000E+01  .26981733E+01
  -.16000000E+01  .26913344E+01
  -.15600000E+01  .26844814E+01
  -.15200000E+01  .26776148E+01
  -.14800000E+01  .26707342E+01
  -.14400000E+01  .26638394E+01
  -.14000000E+01  .26569306E+01
  -.13600000E+01  .26500077E+01
  -.13200000E+01  .26430705E+01
  -.12800000E+01  .26361189E+01
  -.12400000E+01  .26291530E+01
  -.12000000E+01  .26221724E+01
  -.11600000E+01  .26151774E+01
  -.11200000E+01  .26081678E+01
  -.10800000E+01  .26011434E+01
  -.10400000E+01  .25941042E+01
  -.10000000E+01  .25870501E+01
  -.96000000E+00  .25799810E+01
  -.92000000E+00  .25728969E+01
  -.88000000E+00  .25657977E+01
  -.84000000E+00  .25586831E+01
  -.80000000E+00  .25515534E+01
  -.76000000E+00  .25444083E+01
  -.72000000E+00  .25372475E+01
  -.68000000E+00  .25300712E+01
  -.64000000E+00  .25228794E+01
  -.60000000E+00  .25156717E+01
  -.56000000E+00  .25084483E+01
  -.52000000E+00  .25012089E+01
  -.48000000E+00  .24939534E+01
  -.44000000E+00  .24866819E+01
  -.40000000E+00  .24793942E+01
  -.36000000E+00  .24720902E+01
  -.32000000E+00  .24647698E+01
  -.28000000E+00  .24574329E+01
  -.24000000E+00  .24500794E+01
  -.20000000E+00  .24427092E+01
  -.16000000E+00  .24353223E+01
  -.12000000E+00  .24279185E+01
  -.80000000E-01  .24204977E+01
  -.40000000E-01  .24130598E+01
   .12351231E-14  .24056048E+01
   .40000000E-01  .23981324E+01
   .80000000E-01  .23906427E+01
   .12000000E+00  .23831356E+01
   .16000000E+00  .23756108E+01
   .20000000E+00  .23680683E+01
   .24000000E+00  .23605080E+01
   .28000000E+00  .23529298E+01
   .32000000E+00  .23453336E+01
   .36000000E+00  .23377193E+01
   .40000000E+00  .23300866E+01
   .44000000E+00  .23224357E+01
   .48000000E+00  .23147663E+01
   .52000000E+00  .23070783E+01
   .56000000E+00  .22993716E+01
   .60000000E+00  .22916461E+01
   .64000000E+00  .22839017E+01
   .68000000E+00  .22761382E+01
   .72000000E+00  .22683555E+01
   .76000000E+00  .22605535E+01
   .80000000E+00  .22527322E+01
   .84000000E+00  .22448913E+01
   .88000000E+00  .22370308E+01
   .92000000E+00  .22291504E+01
   .96000000E+00  .22212502E+01
   .10000000E+01  .22133299E+01
   .10400000E+01  .22053894E+01
   .10800000E+01  .21974287E+01
   .11200000E+01  .21894475E+01
   .11600000E+01  .21814458E+01
   .12000000E+01  .21734234E+01
   .12400000E+01  .21653801E+01
   .12800000E+01  .21573159E+01
   .13200000E+01  .21492306E+01
   .13600000E+01  .21411240E+01
   .14000000E+01  .21329960E+01
   .14400000E+01  .21248465E+01
   .14800000E+01  .21166754E+01
   .15200000E+01  .21084824E+01
   .15600000E+01  .21002675E+01
   .16000000E+01  .20920304E+01
   .16400000E+01  .20837711E+01
   .16800000E+01  .20754893E+01
   .17200000E+01  .20671851E+01
   .17600000E+01  .20588581E+01
   .18000000E+01  .20505082E+01
   .18400000E+01  .20421353E+01
   .18800000E+01  .20337392E+01
   .19200000E+01  .20253197E+01
   .19600000E+01  .20168768E+01
   .20000000E+01  .20084102E+01
