  PAW Zr                                 
 100
Core Pot   L  =         .00000  -3.84601
  -.30000000E+01  .15478034E+01
  -.29500000E+01  .15274450E+01
  -.29000000E+01  .15073069E+01
  -.28500000E+01  .14873241E+01
  -.28000000E+01  .14674431E+01
  -.27500000E+01  .14476195E+01
  -.27000000E+01  .14278151E+01
  -.26500000E+01  .14079974E+01
  -.26000000E+01  .13881379E+01
  -.25500000E+01  .13682112E+01
  -.25000000E+01  .13481946E+01
  -.24500000E+01  .13280676E+01
  -.24000000E+01  .13078110E+01
  -.23500000E+01  .12874071E+01
  -.23000000E+01  .12668392E+01
  -.22500000E+01  .12460911E+01
  -.22000000E+01  .12251474E+01
  -.21500000E+01  .12039930E+01
  -.21000000E+01  .11826131E+01
  -.20500000E+01  .11609927E+01
  -.20000000E+01  .11391172E+01
  -.19500000E+01  .11169717E+01
  -.19000000E+01  .10945411E+01
  -.18500000E+01  .10718098E+01
  -.18000000E+01  .10487622E+01
  -.17500000E+01  .10253818E+01
  -.17000000E+01  .10016519E+01
  -.16500000E+01  .97755480E+00
  -.16000000E+01  .95307231E+00
  -.15500000E+01  .92818527E+00
  -.15000000E+01  .90287361E+00
  -.14500000E+01  .87711623E+00
  -.14000000E+01  .85089086E+00
  -.13500000E+01  .82417397E+00
  -.13000000E+01  .79694062E+00
  -.12500000E+01  .76916436E+00
  -.12000000E+01  .74081704E+00
  -.11500000E+01  .71186865E+00
  -.11000000E+01  .68228716E+00
  -.10500000E+01  .65203831E+00
  -.10000000E+01  .62108538E+00
  -.95000000E+00  .58938895E+00
  -.90000000E+00  .55690660E+00
  -.85000000E+00  .52359265E+00
  -.80000000E+00  .48939778E+00
  -.75000000E+00  .45426864E+00
  -.70000000E+00  .41814744E+00
  -.65000000E+00  .38097141E+00
  -.60000000E+00  .34267230E+00
  -.55000000E+00  .30317568E+00
  -.50000000E+00  .26240025E+00
  -.45000000E+00  .22025699E+00
  -.40000000E+00  .17664823E+00
  -.35000000E+00  .13146651E+00
  -.30000000E+00  .84593328E-01
  -.25000000E+00  .35897686E-01
  -.20000000E+00 -.14765666E-01
  -.15000000E+00 -.67558219E-01
  -.10000000E+00 -.12266006E+00
  -.50000000E-01 -.18027268E+00
  -.22898350E-14 -.24062222E+00
   .50000000E-01 -.30396345E+00
   .10000000E+00 -.37058443E+00
   .15000000E+00 -.44081217E+00
   .20000000E+00 -.51501950E+00
   .25000000E+00 -.59363339E+00
   .30000000E+00 -.67714520E+00
   .35000000E+00 -.76612333E+00
   .40000000E+00 -.86122897E+00
   .45000000E+00 -.96323592E+00
   .50000000E+00 -.10730557E+01
   .55000000E+00 -.11917695E+01
   .60000000E+00 -.13206700E+01
   .65000000E+00 -.14613156E+01
   .70000000E+00 -.16156022E+01
   .75000000E+00 -.17858606E+01
   .80000000E+00 -.19749882E+01
   .85000000E+00 -.21866331E+01
   .90000000E+00 -.24254534E+01
   .95000000E+00 -.26974939E+01
   .10000000E+01 -.30107430E+01
   .10500000E+01 -.33759830E+01
   .11000000E+01 -.38081285E+01
   .11500000E+01 -.43284167E+01
   .12000000E+01 -.49681548E+01
   .12500000E+01 -.57754931E+01
   .13000000E+01 -.68285121E+01
   .13500000E+01 -.82627589E+01
   .14000000E+01 -.10336041E+02
   .14500000E+01 -.13606404E+02
   .15000000E+01 -.19548729E+02
   .15500000E+01 -.33750058E+02
   .16000000E+01 -.11321372E+03
   .16500000E+01  .88371366E+02
   .17000000E+01  .32373343E+02
   .17500000E+01  .20017859E+02
   .18000000E+01  .14582529E+02
   .18500000E+01  .11519842E+02
   .19000000E+01  .95507325E+01
   .19500000E+01  .81754136E+01
   .20000000E+01  .71583477E+01
Potential  L  =         .00000  -3.84601
  -.30000000E+01  .15388014E+01
  -.29500000E+01  .15163219E+01
  -.29000000E+01  .14941006E+01
  -.28500000E+01  .14720525E+01
  -.28000000E+01  .14501067E+01
  -.27500000E+01  .14282032E+01
  -.27000000E+01  .14062901E+01
  -.26500000E+01  .13843219E+01
  -.26000000E+01  .13622577E+01
  -.25500000E+01  .13400607E+01
  -.25000000E+01  .13176963E+01
  -.24500000E+01  .12951323E+01
  -.24000000E+01  .12723378E+01
  -.23500000E+01  .12492827E+01
  -.23000000E+01  .12259375E+01
  -.22500000E+01  .12022727E+01
  -.22000000E+01  .11782586E+01
  -.21500000E+01  .11538648E+01
  -.21000000E+01  .11290600E+01
  -.20500000E+01  .11038116E+01
  -.20000000E+01  .10780857E+01
  -.19500000E+01  .10518462E+01
  -.19000000E+01  .10250550E+01
  -.18500000E+01  .99767127E+00
  -.18000000E+01  .96965136E+00
  -.17500000E+01  .94094804E+00
  -.17000000E+01  .91151017E+00
  -.16500000E+01  .88128209E+00
  -.16000000E+01  .85020301E+00
  -.15500000E+01  .81820625E+00
  -.15000000E+01  .78521837E+00
  -.14500000E+01  .75115823E+00
  -.14000000E+01  .71593579E+00
  -.13500000E+01  .67945080E+00
  -.13000000E+01  .64159115E+00
  -.12500000E+01  .60223103E+00
  -.12000000E+01  .56122864E+00
  -.11500000E+01  .51842347E+00
  -.11000000E+01  .47363300E+00
  -.10500000E+01  .42664871E+00
  -.10000000E+01  .37723123E+00
  -.95000000E+00  .32510417E+00
  -.90000000E+00  .26994685E+00
  -.85000000E+00  .21138447E+00
  -.80000000E+00  .14897662E+00
  -.75000000E+00  .82201755E-01
  -.70000000E+00  .10437659E-01
  -.65000000E+00 -.67064308E-01
  -.60000000E+00 -.15121318E+00
  -.55000000E+00 -.24312393E+00
  -.50000000E+00 -.34417954E+00
  -.45000000E+00 -.45611689E+00
  -.40000000E+00 -.58114797E+00
  -.35000000E+00 -.72213456E+00
  -.30000000E+00 -.88284617E+00
  -.25000000E+00 -.10683514E+01
  -.20000000E+00 -.12856308E+01
  -.15000000E+00 -.15445731E+01
  -.10000000E+00 -.18596669E+01
  -.50000000E-01 -.22530275E+01
  -.22898350E-14 -.27601788E+01
   .50000000E-01 -.34420323E+01
   .10000000E+00 -.44125041E+01
   .15000000E+00 -.59122062E+01
   .20000000E+00 -.85524321E+01
   .25000000E+00 -.14476163E+02
   .30000000E+00 -.40199624E+02
   .35000000E+00  .61441577E+02
   .40000000E+00  .18226740E+02
   .45000000E+00  .10952888E+02
   .50000000E+00  .79409268E+01
   .55000000E+00  .62872543E+01
   .60000000E+00  .52376383E+01
   .65000000E+00  .45089715E+01
   .70000000E+00  .39710987E+01
   .75000000E+00  .35558134E+01
   .80000000E+00  .32239184E+01
   .85000000E+00  .29512843E+01
   .90000000E+00  .27222424E+01
   .95000000E+00  .25261741E+01
   .10000000E+01  .23556268E+01
   .10500000E+01  .22052148E+01
   .11000000E+01  .20709486E+01
   .11500000E+01  .19498084E+01
   .12000000E+01  .18394660E+01
   .12500000E+01  .17380968E+01
   .13000000E+01  .16442494E+01
   .13500000E+01  .15567544E+01
   .14000000E+01  .14746581E+01
   .14500000E+01  .13971752E+01
   .15000000E+01  .13236509E+01
   .15500000E+01  .12535335E+01
   .16000000E+01  .11863591E+01
   .16500000E+01  .11217285E+01
   .17000000E+01  .10592982E+01
   .17500000E+01  .99877031E+00
   .18000000E+01  .93988406E+00
   .18500000E+01  .88240985E+00
   .19000000E+01  .82614396E+00
   .19500000E+01  .77090434E+00
   .20000000E+01  .71652712E+00
Core Pot   L  =        1.00000  -2.24231
  -.30000000E+01  .14328452E+01
  -.29500000E+01  .14063254E+01
  -.29000000E+01  .13780654E+01
  -.28500000E+01  .13476950E+01
  -.28000000E+01  .13147235E+01
  -.27500000E+01  .12784857E+01
  -.27000000E+01  .12380565E+01
  -.26500000E+01  .11921097E+01
  -.26000000E+01  .11386729E+01
  -.25500000E+01  .10746793E+01
  -.25000000E+01  .99508373E+00
  -.24500000E+01  .89095891E+00
  -.24000000E+01  .74486880E+00
  -.23500000E+01  .51755244E+00
  -.23000000E+01  .98209185E-01
  -.22500000E+01 -.99483639E+00
  -.22000000E+01 -.13125037E+02
  -.21500000E+01  .48378703E+01
  -.21000000E+01  .28780637E+01
  -.20500000E+01  .23028590E+01
  -.20000000E+01  .20204396E+01
  -.19500000E+01  .18478800E+01
  -.19000000E+01  .17282969E+01
  -.18500000E+01  .16382395E+01
  -.18000000E+01  .15662721E+01
  -.17500000E+01  .15061509E+01
  -.17000000E+01  .14541764E+01
  -.16500000E+01  .14080161E+01
  -.16000000E+01  .13661248E+01
  -.15500000E+01  .13274375E+01
  -.15000000E+01  .12911953E+01
  -.14500000E+01  .12568416E+01
  -.14000000E+01  .12239584E+01
  -.13500000E+01  .11922244E+01
  -.13000000E+01  .11613880E+01
  -.12500000E+01  .11312487E+01
  -.12000000E+01  .11016439E+01
  -.11500000E+01  .10724395E+01
  -.11000000E+01  .10435235E+01
  -.10500000E+01  .10148008E+01
  -.10000000E+01  .98618938E+00
  -.95000000E+00  .95761781E+00
  -.90000000E+00  .92902270E+00
  -.85000000E+00  .90034712E+00
  -.80000000E+00  .87153923E+00
  -.75000000E+00  .84255115E+00
  -.70000000E+00  .81333809E+00
  -.65000000E+00  .78385758E+00
  -.60000000E+00  .75406888E+00
  -.55000000E+00  .72393240E+00
  -.50000000E+00  .69340924E+00
  -.45000000E+00  .66246083E+00
  -.40000000E+00  .63104847E+00
  -.35000000E+00  .59913307E+00
  -.30000000E+00  .56667475E+00
  -.25000000E+00  .53363256E+00
  -.20000000E+00  .49996417E+00
  -.15000000E+00  .46562553E+00
  -.10000000E+00  .43057057E+00
  -.50000000E-01  .39475087E+00
  -.22898350E-14  .35811528E+00
   .50000000E-01  .32060956E+00
   .10000000E+00  .28217596E+00
   .15000000E+00  .24275281E+00
   .20000000E+00  .20227396E+00
   .25000000E+00  .16066830E+00
   .30000000E+00  .11785912E+00
   .35000000E+00  .73763432E-01
   .40000000E+00  .28291211E-01
   .45000000E+00 -.18655483E-01
   .50000000E+00 -.67183487E-01
   .55000000E+00 -.11740968E+00
   .60000000E+00 -.16946225E+00
   .65000000E+00 -.22348224E+00
   .70000000E+00 -.27962522E+00
   .75000000E+00 -.33806333E+00
   .80000000E+00 -.39898761E+00
   .85000000E+00 -.46261075E+00
   .90000000E+00 -.52917034E+00
   .95000000E+00 -.59893266E+00
   .10000000E+01 -.67219722E+00
   .10500000E+01 -.74930225E+00
   .11000000E+01 -.83063116E+00
   .11500000E+01 -.91662046E+00
   .12000000E+01 -.10077694E+01
   .12500000E+01 -.11046515E+01
   .13000000E+01 -.12079296E+01
   .13500000E+01 -.13183731E+01
   .14000000E+01 -.14368812E+01
   .14500000E+01 -.15645111E+01
   .15000000E+01 -.17025147E+01
   .15500000E+01 -.18523852E+01
   .16000000E+01 -.20159191E+01
   .16500000E+01 -.21952965E+01
   .17000000E+01 -.23931902E+01
   .17500000E+01 -.26129131E+01
   .18000000E+01 -.28586219E+01
   .18500000E+01 -.31356046E+01
   .19000000E+01 -.34506939E+01
   .19500000E+01 -.38128751E+01
   .20000000E+01 -.42342076E+01
Potential  L  =        1.00000  -2.24231
  -.30000000E+01  .13585125E+01
  -.29500000E+01  .13261797E+01
  -.29000000E+01  .12913565E+01
  -.28500000E+01  .12535269E+01
  -.28000000E+01  .12120157E+01
  -.27500000E+01  .11659206E+01
  -.27000000E+01  .11140088E+01
  -.26500000E+01  .10545486E+01
  -.26000000E+01  .98502940E+00
  -.25500000E+01  .90166620E+00
  -.25000000E+01  .79847343E+00
  -.24500000E+01  .66539117E+00
  -.24000000E+01  .48410674E+00
  -.23500000E+01  .21740011E+00
  -.23000000E+01 -.22374932E+00
  -.22500000E+01 -.11183923E+01
  -.22000000E+01 -.40230279E+01
  -.21500000E+01  .38824692E+02
  -.21000000E+01  .55522987E+01
  -.20500000E+01  .35605953E+01
  -.20000000E+01  .28318506E+01
  -.19500000E+01  .24476885E+01
  -.19000000E+01  .22063369E+01
  -.18500000E+01  .20377640E+01
  -.18000000E+01  .19112400E+01
  -.17500000E+01  .18111634E+01
  -.17000000E+01  .17287650E+01
  -.16500000E+01  .16587373E+01
  -.16000000E+01  .15976783E+01
  -.15500000E+01  .15433058E+01
  -.15000000E+01  .14940303E+01
  -.14500000E+01  .14487101E+01
  -.14000000E+01  .14065029E+01
  -.13500000E+01  .13667728E+01
  -.13000000E+01  .13290301E+01
  -.12500000E+01  .12928907E+01
  -.12000000E+01  .12580482E+01
  -.11500000E+01  .12242548E+01
  -.11000000E+01  .11913069E+01
  -.10500000E+01  .11590352E+01
  -.10000000E+01  .11272970E+01
  -.95000000E+00  .10959704E+01
  -.90000000E+00  .10649504E+01
  -.85000000E+00  .10341448E+01
  -.80000000E+00  .10034724E+01
  -.75000000E+00  .97286004E+00
  -.70000000E+00  .94224168E+00
  -.65000000E+00  .91155657E+00
  -.60000000E+00  .88074829E+00
  -.55000000E+00  .84976374E+00
  -.50000000E+00  .81855242E+00
  -.45000000E+00  .78706568E+00
  -.40000000E+00  .75525615E+00
  -.35000000E+00  .72307719E+00
  -.30000000E+00  .69048245E+00
  -.25000000E+00  .65742534E+00
  -.20000000E+00  .62385869E+00
  -.15000000E+00  .58973429E+00
  -.10000000E+00  .55500247E+00
  -.50000000E-01  .51961177E+00
  -.22898350E-14  .48350842E+00
   .50000000E-01  .44663596E+00
   .10000000E+00  .40893476E+00
   .15000000E+00  .37034162E+00
   .20000000E+00  .33078890E+00
   .25000000E+00  .29020435E+00
   .30000000E+00  .24851021E+00
   .35000000E+00  .20562236E+00
   .40000000E+00  .16144995E+00
   .45000000E+00  .11589382E+00
   .50000000E+00  .68845900E-01
   .55000000E+00  .20187718E-01
   .60000000E+00 -.30210889E-01
   .65000000E+00 -.82493447E-01
   .70000000E+00 -.13681885E+00
   .75000000E+00 -.19336349E+00
   .80000000E+00 -.25232394E+00
   .85000000E+00 -.31392009E+00
   .90000000E+00 -.37839879E+00
   .95000000E+00 -.44603828E+00
   .10000000E+01 -.51715349E+00
   .10500000E+01 -.59210240E+00
   .11000000E+01 -.67129375E+00
   .11500000E+01 -.75519665E+00
   .12000000E+01 -.84435209E+00
   .12500000E+01 -.93938756E+00
   .13000000E+01 -.10410351E+01
   .13500000E+01 -.11501543E+01
   .14000000E+01 -.12677613E+01
   .14500000E+01 -.13950666E+01
   .15000000E+01 -.15335235E+01
   .15500000E+01 -.16848933E+01
   .16000000E+01 -.18513306E+01
   .16500000E+01 -.20355006E+01
   .17000000E+01 -.22407398E+01
   .17500000E+01 -.24712820E+01
   .18000000E+01 -.27325817E+01
   .18500000E+01 -.30317893E+01
   .19000000E+01 -.33784652E+01
   .19500000E+01 -.37856902E+01
   .20000000E+01 -.42718499E+01
Core Pot   L  =        2.00000   -.17536
  -.30000000E+01  .16829234E+01
  -.29500000E+01  .16676093E+01
  -.29000000E+01  .16521383E+01
  -.28500000E+01  .16365052E+01
  -.28000000E+01  .16207047E+01
  -.27500000E+01  .16047308E+01
  -.27000000E+01  .15885773E+01
  -.26500000E+01  .15722378E+01
  -.26000000E+01  .15557053E+01
  -.25500000E+01  .15389725E+01
  -.25000000E+01  .15220315E+01
  -.24500000E+01  .15048738E+01
  -.24000000E+01  .14874907E+01
  -.23500000E+01  .14698726E+01
  -.23000000E+01  .14520091E+01
  -.22500000E+01  .14338895E+01
  -.22000000E+01  .14155018E+01
  -.21500000E+01  .13968334E+01
  -.21000000E+01  .13778707E+01
  -.20500000E+01  .13585989E+01
  -.20000000E+01  .13390021E+01
  -.19500000E+01  .13190628E+01
  -.19000000E+01  .12987623E+01
  -.18500000E+01  .12780801E+01
  -.18000000E+01  .12569938E+01
  -.17500000E+01  .12354789E+01
  -.17000000E+01  .12135085E+01
  -.16500000E+01  .11910530E+01
  -.16000000E+01  .11680798E+01
  -.15500000E+01  .11445529E+01
  -.15000000E+01  .11204320E+01
  -.14500000E+01  .10956727E+01
  -.14000000E+01  .10702249E+01
  -.13500000E+01  .10440328E+01
  -.13000000E+01  .10170334E+01
  -.12500000E+01  .98915533E+00
  -.12000000E+01  .96031784E+00
  -.11500000E+01  .93042860E+00
  -.11000000E+01  .89938181E+00
  -.10500000E+01  .86705551E+00
  -.10000000E+01  .83330833E+00
  -.95000000E+00  .79797537E+00
  -.90000000E+00  .76086304E+00
  -.85000000E+00  .72174239E+00
  -.80000000E+00  .68034063E+00
  -.75000000E+00  .63632987E+00
  -.70000000E+00  .58931235E+00
  -.65000000E+00  .53880065E+00
  -.60000000E+00  .48419065E+00
  -.55000000E+00  .42472412E+00
  -.50000000E+00  .35943596E+00
  -.45000000E+00  .28707804E+00
  -.40000000E+00  .20600680E+00
  -.35000000E+00  .11401262E+00
  -.30000000E+00  .80523571E-02
  -.25000000E+00 -.11618556E+00
  -.20000000E+00 -.26502018E+00
  -.15000000E+00 -.44810203E+00
  -.10000000E+00 -.68094436E+00
  -.50000000E-01 -.99017620E+00
  -.22898350E-14 -.14256767E+01
   .50000000E-01 -.20930455E+01
   .10000000E+00 -.32615814E+01
   .15000000E+00 -.58822649E+01
   .20000000E+00 -.17462755E+02
   .25000000E+00  .26017108E+02
   .30000000E+00  .82192974E+01
   .35000000E+00  .51123435E+01
   .40000000E+00  .38086558E+01
   .45000000E+00  .30840206E+01
   .50000000E+00  .26177199E+01
   .55000000E+00  .22888572E+01
   .60000000E+00  .20417032E+01
   .65000000E+00  .18469973E+01
   .70000000E+00  .16878975E+01
   .75000000E+00  .15540209E+01
   .80000000E+00  .14386153E+01
   .85000000E+00  .13370975E+01
   .90000000E+00  .12462442E+01
   .95000000E+00  .11637207E+01
   .10000000E+01  .10877917E+01
   .10500000E+01  .10171391E+01
   .11000000E+01  .95074141E+00
   .11500000E+01  .88779276E+00
   .12000000E+01  .82764721E+00
   .12500000E+01  .76977898E+00
   .13000000E+01  .71375395E+00
   .13500000E+01  .65920875E+00
   .14000000E+01  .60583507E+00
   .14500000E+01  .55336791E+00
   .15000000E+01  .50157641E+00
   .15500000E+01  .45025681E+00
   .16000000E+01  .39922682E+00
   .16500000E+01  .34832115E+00
   .17000000E+01  .29738784E+00
   .17500000E+01  .24628530E+00
   .18000000E+01  .19487971E+00
   .18500000E+01  .14304292E+00
   .19000000E+01  .90650573E-01
   .19500000E+01  .37580381E-01
   .20000000E+01 -.16289357E-01
Potential  L  =        2.00000   -.17536
  -.30000000E+01  .16742232E+01
  -.29500000E+01  .16586058E+01
  -.29000000E+01  .16428187E+01
  -.28500000E+01  .16268561E+01
  -.28000000E+01  .16107117E+01
  -.27500000E+01  .15943790E+01
  -.27000000E+01  .15778512E+01
  -.26500000E+01  .15611207E+01
  -.26000000E+01  .15441798E+01
  -.25500000E+01  .15270203E+01
  -.25000000E+01  .15096332E+01
  -.24500000E+01  .14920092E+01
  -.24000000E+01  .14741382E+01
  -.23500000E+01  .14560095E+01
  -.23000000E+01  .14376117E+01
  -.22500000E+01  .14189325E+01
  -.22000000E+01  .13999587E+01
  -.21500000E+01  .13806761E+01
  -.21000000E+01  .13610694E+01
  -.20500000E+01  .13411224E+01
  -.20000000E+01  .13208172E+01
  -.19500000E+01  .13001347E+01
  -.19000000E+01  .12790540E+01
  -.18500000E+01  .12575525E+01
  -.18000000E+01  .12356058E+01
  -.17500000E+01  .12131870E+01
  -.17000000E+01  .11902668E+01
  -.16500000E+01  .11668132E+01
  -.16000000E+01  .11427909E+01
  -.15500000E+01  .11181611E+01
  -.15000000E+01  .10928812E+01
  -.14500000E+01  .10669036E+01
  -.14000000E+01  .10401759E+01
  -.13500000E+01  .10126394E+01
  -.13000000E+01  .98422883E+00
  -.12500000E+01  .95487082E+00
  -.12000000E+01  .92448289E+00
  -.11500000E+01  .89297187E+00
  -.11000000E+01  .86023212E+00
  -.10500000E+01  .82614332E+00
  -.10000000E+01  .79056775E+00
  -.95000000E+00  .75334709E+00
  -.90000000E+00  .71429826E+00
  -.85000000E+00  .67320840E+00
  -.80000000E+00  .62982850E+00
  -.75000000E+00  .58386528E+00
  -.70000000E+00  .53497086E+00
  -.65000000E+00  .48272930E+00
  -.60000000E+00  .42663904E+00
  -.55000000E+00  .36608946E+00
  -.50000000E+00  .30032973E+00
  -.45000000E+00  .22842543E+00
  -.40000000E+00  .14919875E+00
  -.35000000E+00  .61143927E-01
  -.30000000E+00 -.37696266E-01
  -.25000000E+00 -.14991354E+00
  -.20000000E+00 -.27901438E+00
  -.15000000E+00 -.42986317E+00
  -.10000000E+00 -.60941083E+00
  -.50000000E-01 -.82794872E+00
  -.22898350E-14 -.11013907E+01
   .50000000E-01 -.14557221E+01
   .10000000E+00 -.19364673E+01
   .15000000E+00 -.26313101E+01
   .20000000E+00 -.37336098E+01
   .25000000E+00 -.57702657E+01
   .30000000E+00 -.10866257E+02
   .35000000E+00 -.47807254E+02
   .40000000E+00  .23654587E+02
   .45000000E+00  .10078516E+02
   .50000000E+00  .66139845E+01
   .55000000E+00  .50203409E+01
   .60000000E+00  .40984404E+01
   .65000000E+00  .34934259E+01
   .70000000E+00  .30628873E+01
   .75000000E+00  .27385711E+01
   .80000000E+00  .24836690E+01
   .85000000E+00  .22765771E+01
   .90000000E+00  .21037787E+01
   .95000000E+00  .19563823E+01
   .10000000E+01  .18282979E+01
   .10500000E+01  .17152126E+01
   .11000000E+01  .16139865E+01
   .11500000E+01  .15222760E+01
   .12000000E+01  .14382962E+01
   .12500000E+01  .13606657E+01
   .13000000E+01  .12882935E+01
   .13500000E+01  .12203077E+01
   .14000000E+01  .11560021E+01
   .14500000E+01  .10947975E+01
   .15000000E+01  .10362138E+01
   .15500000E+01  .97984864E+00
   .16000000E+01  .92536142E+00
   .16500000E+01  .87246129E+00
   .17000000E+01  .82089744E+00
   .17500000E+01  .77045167E+00
   .18000000E+01  .72093247E+00
   .18500000E+01  .67217027E+00
   .19000000E+01  .62401359E+00
   .19500000E+01  .57632588E+00
   .20000000E+01  .52898299E+00
Core Pot   L  =        3.00000    .00000
  -.30000000E+01  .19069224E+01
  -.29500000E+01  .18939639E+01
  -.29000000E+01  .18809202E+01
  -.28500000E+01  .18677899E+01
  -.28000000E+01  .18545711E+01
  -.27500000E+01  .18412621E+01
  -.27000000E+01  .18278612E+01
  -.26500000E+01  .18143664E+01
  -.26000000E+01  .18007759E+01
  -.25500000E+01  .17870877E+01
  -.25000000E+01  .17732997E+01
  -.24500000E+01  .17594098E+01
  -.24000000E+01  .17454158E+01
  -.23500000E+01  .17313155E+01
  -.23000000E+01  .17171065E+01
  -.22500000E+01  .17027863E+01
  -.22000000E+01  .16883525E+01
  -.21500000E+01  .16738024E+01
  -.21000000E+01  .16591334E+01
  -.20500000E+01  .16443426E+01
  -.20000000E+01  .16294270E+01
  -.19500000E+01  .16143838E+01
  -.19000000E+01  .15992096E+01
  -.18500000E+01  .15839013E+01
  -.18000000E+01  .15684555E+01
  -.17500000E+01  .15528685E+01
  -.17000000E+01  .15371367E+01
  -.16500000E+01  .15212563E+01
  -.16000000E+01  .15052231E+01
  -.15500000E+01  .14890332E+01
  -.15000000E+01  .14726820E+01
  -.14500000E+01  .14561650E+01
  -.14000000E+01  .14394775E+01
  -.13500000E+01  .14226144E+01
  -.13000000E+01  .14055705E+01
  -.12500000E+01  .13883404E+01
  -.12000000E+01  .13709183E+01
  -.11500000E+01  .13532983E+01
  -.11000000E+01  .13354739E+01
  -.10500000E+01  .13174387E+01
  -.10000000E+01  .12991855E+01
  -.95000000E+00  .12807071E+01
  -.90000000E+00  .12619958E+01
  -.85000000E+00  .12430434E+01
  -.80000000E+00  .12238414E+01
  -.75000000E+00  .12043806E+01
  -.70000000E+00  .11846516E+01
  -.65000000E+00  .11646441E+01
  -.60000000E+00  .11443475E+01
  -.55000000E+00  .11237503E+01
  -.50000000E+00  .11028406E+01
  -.45000000E+00  .10816055E+01
  -.40000000E+00  .10600313E+01
  -.35000000E+00  .10381037E+01
  -.30000000E+00  .10158069E+01
  -.25000000E+00  .99312468E+00
  -.20000000E+00  .97003923E+00
  -.15000000E+00  .94653170E+00
  -.10000000E+00  .92258182E+00
  -.50000000E-01  .89816785E+00
  -.22898350E-14  .87326645E+00
   .50000000E-01  .84785245E+00
   .10000000E+00  .82189871E+00
   .15000000E+00  .79537593E+00
   .20000000E+00  .76825239E+00
   .25000000E+00  .74049372E+00
   .30000000E+00  .71206256E+00
   .35000000E+00  .68291828E+00
   .40000000E+00  .65301655E+00
   .45000000E+00  .62230892E+00
   .50000000E+00  .59074232E+00
   .55000000E+00  .55825847E+00
   .60000000E+00  .52479321E+00
   .65000000E+00  .49027575E+00
   .70000000E+00  .45462771E+00
   .75000000E+00  .41776213E+00
   .80000000E+00  .37958216E+00
   .85000000E+00  .33997967E+00
   .90000000E+00  .29883344E+00
   .95000000E+00  .25600717E+00
   .10000000E+01  .21134694E+00
   .10500000E+01  .16467829E+00
   .11000000E+01  .11580259E+00
   .11500000E+01  .64492700E-01
   .12000000E+01  .10487517E-01
   .12500000E+01 -.46514607E-01
   .13000000E+01 -.10686417E+00
   .13500000E+01 -.17097090E+00
   .14000000E+01 -.23931695E+00
   .14500000E+01 -.31247373E+00
   .15000000E+01 -.39112373E+00
   .15500000E+01 -.47608902E+00
   .16000000E+01 -.56836910E+00
   .16500000E+01 -.66919168E+00
   .17000000E+01 -.78008202E+00
   .17500000E+01 -.90295934E+00
   .18000000E+01 -.10402729E+01
   .18500000E+01 -.11951995E+01
   .19000000E+01 -.13719353E+01
   .19500000E+01 -.15761416E+01
   .20000000E+01 -.18156462E+01
Potential  L  =        3.00000    .00000
  -.30000000E+01  .19087651E+01
  -.29500000E+01  .18958729E+01
  -.29000000E+01  .18828985E+01
  -.28500000E+01  .18698404E+01
  -.28000000E+01  .18566971E+01
  -.27500000E+01  .18434670E+01
  -.27000000E+01  .18301485E+01
  -.26500000E+01  .18167399E+01
  -.26000000E+01  .18032394E+01
  -.25500000E+01  .17896453E+01
  -.25000000E+01  .17759559E+01
  -.24500000E+01  .17621691E+01
  -.24000000E+01  .17482830E+01
  -.23500000E+01  .17342957E+01
  -.23000000E+01  .17202050E+01
  -.22500000E+01  .17060088E+01
  -.22000000E+01  .16917050E+01
  -.21500000E+01  .16772912E+01
  -.21000000E+01  .16627651E+01
  -.20500000E+01  .16481242E+01
  -.20000000E+01  .16333661E+01
  -.19500000E+01  .16184881E+01
  -.19000000E+01  .16034875E+01
  -.18500000E+01  .15883615E+01
  -.18000000E+01  .15731074E+01
  -.17500000E+01  .15577219E+01
  -.17000000E+01  .15422022E+01
  -.16500000E+01  .15265448E+01
  -.16000000E+01  .15107466E+01
  -.15500000E+01  .14948041E+01
  -.15000000E+01  .14787136E+01
  -.14500000E+01  .14624715E+01
  -.14000000E+01  .14460738E+01
  -.13500000E+01  .14295166E+01
  -.13000000E+01  .14127957E+01
  -.12500000E+01  .13959066E+01
  -.12000000E+01  .13788449E+01
  -.11500000E+01  .13616058E+01
  -.11000000E+01  .13441845E+01
  -.10500000E+01  .13265758E+01
  -.10000000E+01  .13087743E+01
  -.95000000E+00  .12907744E+01
  -.90000000E+00  .12725704E+01
  -.85000000E+00  .12541562E+01
  -.80000000E+00  .12355253E+01
  -.75000000E+00  .12166712E+01
  -.70000000E+00  .11975868E+01
  -.65000000E+00  .11782648E+01
  -.60000000E+00  .11586976E+01
  -.55000000E+00  .11388772E+01
  -.50000000E+00  .11187952E+01
  -.45000000E+00  .10984427E+01
  -.40000000E+00  .10778104E+01
  -.35000000E+00  .10568885E+01
  -.30000000E+00  .10356669E+01
  -.25000000E+00  .10141346E+01
  -.20000000E+00  .99228026E+00
  -.15000000E+00  .97009182E+00
  -.10000000E+00  .94755660E+00
  -.50000000E-01  .92466116E+00
  -.22898350E-14  .90139131E+00
   .50000000E-01  .87773203E+00
   .10000000E+00  .85366740E+00
   .15000000E+00  .82918053E+00
   .20000000E+00  .80425352E+00
   .25000000E+00  .77886733E+00
   .30000000E+00  .75300171E+00
   .35000000E+00  .72663511E+00
   .40000000E+00  .69974453E+00
   .45000000E+00  .67230547E+00
   .50000000E+00  .64429171E+00
   .55000000E+00  .61567523E+00
   .60000000E+00  .58642601E+00
   .65000000E+00  .55651185E+00
   .70000000E+00  .52589819E+00
   .75000000E+00  .49454800E+00
   .80000000E+00  .46242091E+00
   .85000000E+00  .42947389E+00
   .90000000E+00  .39566029E+00
   .95000000E+00  .36092962E+00
   .10000000E+01  .32522715E+00
   .10500000E+01  .28849349E+00
   .11000000E+01  .25066400E+00
   .11500000E+01  .21166825E+00
   .12000000E+01  .17142933E+00
   .12500000E+01  .12986308E+00
   .13000000E+01  .86877004E-01
   .13500000E+01  .42370057E-01
   .14000000E+01 -.37697120E-02
   .14500000E+01 -.51665785E-01
   .15000000E+01 -.10145485E+00
   .15500000E+01 -.15328874E+00
   .16000000E+01 -.20733654E+00
   .16500000E+01 -.26378718E+00
   .17000000E+01 -.32285235E+00
   .17500000E+01 -.38477018E+00
   .18000000E+01 -.44980945E+00
   .18500000E+01 -.51827471E+00
   .19000000E+01 -.59051250E+00
   .19500000E+01 -.66691883E+00
   .20000000E+01 -.74794841E+00
Core Pot   L  =        4.00000    .00000
  -.30000000E+01  .21522570E+01
  -.29500000E+01  .21409531E+01
  -.29000000E+01  .21295951E+01
  -.28500000E+01  .21181818E+01
  -.28000000E+01  .21067120E+01
  -.27500000E+01  .20951857E+01
  -.27000000E+01  .20836000E+01
  -.26500000E+01  .20719574E+01
  -.26000000E+01  .20602565E+01
  -.25500000E+01  .20484940E+01
  -.25000000E+01  .20366691E+01
  -.24500000E+01  .20247837E+01
  -.24000000E+01  .20128364E+01
  -.23500000E+01  .20008232E+01
  -.23000000E+01  .19887472E+01
  -.22500000E+01  .19766029E+01
  -.22000000E+01  .19643938E+01
  -.21500000E+01  .19521172E+01
  -.21000000E+01  .19397697E+01
  -.20500000E+01  .19273536E+01
  -.20000000E+01  .19148673E+01
  -.19500000E+01  .19023076E+01
  -.19000000E+01  .18896750E+01
  -.18500000E+01  .18769664E+01
  -.18000000E+01  .18641836E+01
  -.17500000E+01  .18513243E+01
  -.17000000E+01  .18383857E+01
  -.16500000E+01  .18253679E+01
  -.16000000E+01  .18122676E+01
  -.15500000E+01  .17990875E+01
  -.15000000E+01  .17858221E+01
  -.14500000E+01  .17724708E+01
  -.14000000E+01  .17590345E+01
  -.13500000E+01  .17455088E+01
  -.13000000E+01  .17318922E+01
  -.12500000E+01  .17181861E+01
  -.12000000E+01  .17043857E+01
  -.11500000E+01  .16904905E+01
  -.11000000E+01  .16764983E+01
  -.10500000E+01  .16624076E+01
  -.10000000E+01  .16482155E+01
  -.95000000E+00  .16339228E+01
  -.90000000E+00  .16195247E+01
  -.85000000E+00  .16050201E+01
  -.80000000E+00  .15904069E+01
  -.75000000E+00  .15756828E+01
  -.70000000E+00  .15608456E+01
  -.65000000E+00  .15458930E+01
  -.60000000E+00  .15308226E+01
  -.55000000E+00  .15156318E+01
  -.50000000E+00  .15003181E+01
  -.45000000E+00  .14848788E+01
  -.40000000E+00  .14693112E+01
  -.35000000E+00  .14536125E+01
  -.30000000E+00  .14377797E+01
  -.25000000E+00  .14218098E+01
  -.20000000E+00  .14056996E+01
  -.15000000E+00  .13894459E+01
  -.10000000E+00  .13730454E+01
  -.50000000E-01  .13564945E+01
  -.22898350E-14  .13397897E+01
   .50000000E-01  .13229271E+01
   .10000000E+00  .13059029E+01
   .15000000E+00  .12887131E+01
   .20000000E+00  .12713535E+01
   .25000000E+00  .12538197E+01
   .30000000E+00  .12361073E+01
   .35000000E+00  .12182115E+01
   .40000000E+00  .12001275E+01
   .45000000E+00  .11818502E+01
   .50000000E+00  .11633743E+01
   .55000000E+00  .11446943E+01
   .60000000E+00  .11258045E+01
   .65000000E+00  .11066989E+01
   .70000000E+00  .10873713E+01
   .75000000E+00  .10678152E+01
   .80000000E+00  .10480238E+01
   .85000000E+00  .10279901E+01
   .90000000E+00  .10077065E+01
   .95000000E+00  .98716551E+00
   .10000000E+01  .96635886E+00
   .10500000E+01  .94527811E+00
   .11000000E+01  .92391440E+00
   .11500000E+01  .90225839E+00
   .12000000E+01  .88030033E+00
   .12500000E+01  .85802996E+00
   .13000000E+01  .83543651E+00
   .13500000E+01  .81250867E+00
   .14000000E+01  .78923453E+00
   .14500000E+01  .76560156E+00
   .15000000E+01  .74159656E+00
   .15500000E+01  .71720562E+00
   .16000000E+01  .69241405E+00
   .16500000E+01  .66720636E+00
   .17000000E+01  .64156616E+00
   .17500000E+01  .61547613E+00
   .18000000E+01  .58891792E+00
   .18500000E+01  .56187211E+00
   .19000000E+01  .53431808E+00
   .19500000E+01  .50623395E+00
   .20000000E+01  .47759647E+00
Potential  L  =        4.00000    .00000
  -.30000000E+01  .21527673E+01
  -.29500000E+01  .21414758E+01
  -.29000000E+01  .21301314E+01
  -.28500000E+01  .21187322E+01
  -.28000000E+01  .21072773E+01
  -.27500000E+01  .20957656E+01
  -.27000000E+01  .20841970E+01
  -.26500000E+01  .20725708E+01
  -.26000000E+01  .20608852E+01
  -.25500000E+01  .20491402E+01
  -.25000000E+01  .20373350E+01
  -.24500000E+01  .20254692E+01
  -.24000000E+01  .20135389E+01
  -.23500000E+01  .20015465E+01
  -.23000000E+01  .19894915E+01
  -.22500000E+01  .19773689E+01
  -.22000000E+01  .19651828E+01
  -.21500000E+01  .19529272E+01
  -.21000000E+01  .19406061E+01
  -.20500000E+01  .19282144E+01
  -.20000000E+01  .19157517E+01
  -.19500000E+01  .19032200E+01
  -.19000000E+01  .18906134E+01
  -.18500000E+01  .18779347E+01
  -.18000000E+01  .18651811E+01
  -.17500000E+01  .18523526E+01
  -.17000000E+01  .18394450E+01
  -.16500000E+01  .18264596E+01
  -.16000000E+01  .18133951E+01
  -.15500000E+01  .18002487E+01
  -.15000000E+01  .17870207E+01
  -.14500000E+01  .17737094E+01
  -.14000000E+01  .17603108E+01
  -.13500000E+01  .17468267E+01
  -.13000000E+01  .17332539E+01
  -.12500000E+01  .17195912E+01
  -.12000000E+01  .17058372E+01
  -.11500000E+01  .16919908E+01
  -.11000000E+01  .16780486E+01
  -.10500000E+01  .16640099E+01
  -.10000000E+01  .16498726E+01
  -.95000000E+00  .16356350E+01
  -.90000000E+00  .16212954E+01
  -.85000000E+00  .16068515E+01
  -.80000000E+00  .15923014E+01
  -.75000000E+00  .15776431E+01
  -.70000000E+00  .15628744E+01
  -.65000000E+00  .15479930E+01
  -.60000000E+00  .15329968E+01
  -.55000000E+00  .15178833E+01
  -.50000000E+00  .15026494E+01
  -.45000000E+00  .14872942E+01
  -.40000000E+00  .14718149E+01
  -.35000000E+00  .14562074E+01
  -.30000000E+00  .14404698E+01
  -.25000000E+00  .14245992E+01
  -.20000000E+00  .14085920E+01
  -.15000000E+00  .13924473E+01
  -.10000000E+00  .13761597E+01
  -.50000000E-01  .13597261E+01
  -.22898350E-14  .13431445E+01
   .50000000E-01  .13264108E+01
   .10000000E+00  .13095214E+01
   .15000000E+00  .12924724E+01
   .20000000E+00  .12752602E+01
   .25000000E+00  .12578806E+01
   .30000000E+00  .12403296E+01
   .35000000E+00  .12226028E+01
   .40000000E+00  .12046958E+01
   .45000000E+00  .11866039E+01
   .50000000E+00  .11683223E+01
   .55000000E+00  .11498462E+01
   .60000000E+00  .11311701E+01
   .65000000E+00  .11122889E+01
   .70000000E+00  .10931967E+01
   .75000000E+00  .10738879E+01
   .80000000E+00  .10543563E+01
   .85000000E+00  .10345955E+01
   .90000000E+00  .10145990E+01
   .95000000E+00  .99435987E+00
   .10000000E+01  .97387091E+00
   .10500000E+01  .95312463E+00
   .11000000E+01  .93211318E+00
   .11500000E+01  .91082836E+00
   .12000000E+01  .88926160E+00
   .12500000E+01  .86740397E+00
   .13000000E+01  .84524607E+00
   .13500000E+01  .82277808E+00
   .14000000E+01  .79998971E+00
   .14500000E+01  .77687014E+00
   .15000000E+01  .75340806E+00
   .15500000E+01  .72959157E+00
   .16000000E+01  .70540816E+00
   .16500000E+01  .68084468E+00
   .17000000E+01  .65588732E+00
   .17500000E+01  .63052152E+00
   .18000000E+01  .60473191E+00
   .18500000E+01  .57850233E+00
   .19000000E+01  .55181569E+00
   .19500000E+01  .52465397E+00
   .20000000E+01  .49699808E+00
KBPotential  L  =       .00000  -7.69202
  -.30000000E+01  .15464341E+01
  -.29500000E+01  .15260723E+01
  -.29000000E+01  .15059305E+01
  -.28500000E+01  .14859447E+01
  -.28000000E+01  .14660611E+01
  -.27500000E+01  .14462352E+01
  -.27000000E+01  .14264291E+01
  -.26500000E+01  .14066099E+01
  -.26000000E+01  .13867499E+01
  -.25500000E+01  .13668233E+01
  -.25000000E+01  .13468073E+01
  -.24500000E+01  .13266819E+01
  -.24000000E+01  .13064277E+01
  -.23500000E+01  .12860272E+01
  -.23000000E+01  .12654635E+01
  -.22500000E+01  .12447208E+01
  -.22000000E+01  .12237836E+01
  -.21500000E+01  .12026368E+01
  -.21000000E+01  .11812658E+01
  -.20500000E+01  .11596554E+01
  -.20000000E+01  .11377915E+01
  -.19500000E+01  .11156590E+01
  -.19000000E+01  .10932430E+01
  -.18500000E+01  .10705278E+01
  -.18000000E+01  .10474978E+01
  -.17500000E+01  .10241368E+01
  -.17000000E+01  .10004281E+01
  -.16500000E+01  .97635412E+00
  -.16000000E+01  .95189668E+00
  -.15500000E+01  .92703670E+00
  -.15000000E+01  .90175423E+00
  -.14500000E+01  .87602801E+00
  -.14000000E+01  .84983601E+00
  -.13500000E+01  .82315468E+00
  -.13000000E+01  .79595913E+00
  -.12500000E+01  .76822290E+00
  -.12000000E+01  .73991782E+00
  -.11500000E+01  .71101390E+00
  -.11000000E+01  .68147903E+00
  -.10500000E+01  .65127889E+00
  -.10000000E+01  .62037672E+00
  -.95000000E+00  .58873281E+00
  -.90000000E+00  .55630454E+00
  -.85000000E+00  .52304598E+00
  -.80000000E+00  .48890744E+00
  -.75000000E+00  .45383513E+00
  -.70000000E+00  .41777066E+00
  -.65000000E+00  .38065064E+00
  -.60000000E+00  .34240589E+00
  -.55000000E+00  .30296095E+00
  -.50000000E+00  .26223325E+00
  -.45000000E+00  .22013219E+00
  -.40000000E+00  .17655821E+00
  -.35000000E+00  .13140190E+00
  -.30000000E+00  .84541306E-01
  -.25000000E+00  .35842335E-01
  -.20000000E+00 -.14844362E-01
  -.15000000E+00 -.67685266E-01
  -.10000000E+00 -.12286657E+00
  -.50000000E-01 -.18059713E+00
  -.22898350E-14 -.24111273E+00
   .50000000E-01 -.30467812E+00
   .10000000E+00 -.37159548E+00
   .15000000E+00 -.44220864E+00
   .20000000E+00 -.51691111E+00
   .25000000E+00 -.59615564E+00
   .30000000E+00 -.68046558E+00
   .35000000E+00 -.77045005E+00
   .40000000E+00 -.86682098E+00
   .45000000E+00 -.97041700E+00
   .50000000E+00 -.10822325E+01
   .55000000E+00 -.12034560E+01
   .60000000E+00 -.13355192E+01
   .65000000E+00 -.14801646E+01
   .70000000E+00 -.16395315E+01
   .75000000E+00 -.18162798E+01
   .80000000E+00 -.20137561E+01
   .85000000E+00 -.22362322E+01
   .90000000E+00 -.24892482E+01
   .95000000E+00 -.27801215E+01
   .10000000E+01 -.31187220E+01
   .10500000E+01 -.35186925E+01
   .11000000E+01 -.39994418E+01
   .11500000E+01 -.45895536E+01
   .12000000E+01 -.53329323E+01
   .12500000E+01 -.63006626E+01
   .13000000E+01 -.76158913E+01
   .13500000E+01 -.95121854E+01
   .14000000E+01 -.12493047E+02
   .14500000E+01 -.17880358E+02
   .15000000E+01 -.30615177E+02
   .15500000E+01 -.98514442E+02
   .16000000E+01  .85438107E+02
   .16500000E+01  .30314093E+02
   .17000000E+01  .18594402E+02
   .17500000E+01  .13485489E+02
   .18000000E+01  .10617883E+02
   .18500000E+01  .87775279E+01
   .19000000E+01  .74930118E+01
   .19500000E+01  .65430322E+01
   .20000000E+01  .58099535E+01
KBPotential  L  =      1.00000  -4.48461
  -.30000000E+01  .14328463E+01
  -.29500000E+01  .14063240E+01
  -.29000000E+01  .13780609E+01
  -.28500000E+01  .13476876E+01
  -.28000000E+01  .13147130E+01
  -.27500000E+01  .12784719E+01
  -.27000000E+01  .12380393E+01
  -.26500000E+01  .11920894E+01
  -.26000000E+01  .11386486E+01
  -.25500000E+01  .10746498E+01
  -.25000000E+01  .99504864E+00
  -.24500000E+01  .89091748E+00
  -.24000000E+01  .74481700E+00
  -.23500000E+01  .51748477E+00
  -.23000000E+01  .98114638E-01
  -.22500000E+01 -.99501989E+00
  -.22000000E+01 -.13127212E+02
  -.21500000E+01  .48379782E+01
  -.21000000E+01  .28781258E+01
  -.20500000E+01  .23028996E+01
  -.20000000E+01  .20204702E+01
  -.19500000E+01  .18479053E+01
  -.19000000E+01  .17283197E+01
  -.18500000E+01  .16382615E+01
  -.18000000E+01  .15662947E+01
  -.17500000E+01  .15061753E+01
  -.17000000E+01  .14542038E+01
  -.16500000E+01  .14080473E+01
  -.16000000E+01  .13661609E+01
  -.15500000E+01  .13274795E+01
  -.15000000E+01  .12912442E+01
  -.14500000E+01  .12568987E+01
  -.14000000E+01  .12240248E+01
  -.13500000E+01  .11923014E+01
  -.13000000E+01  .11614770E+01
  -.12500000E+01  .11313513E+01
  -.12000000E+01  .11017612E+01
  -.11500000E+01  .10725738E+01
  -.11000000E+01  .10436766E+01
  -.10500000E+01  .10149748E+01
  -.10000000E+01  .98638664E+00
  -.95000000E+00  .95784080E+00
  -.90000000E+00  .92927419E+00
  -.85000000E+00  .90063001E+00
  -.80000000E+00  .87185703E+00
  -.75000000E+00  .84290712E+00
  -.70000000E+00  .81373610E+00
  -.65000000E+00  .78430187E+00
  -.60000000E+00  .75456409E+00
  -.55000000E+00  .72448361E+00
  -.50000000E+00  .69402205E+00
  -.45000000E+00  .66314135E+00
  -.40000000E+00  .63180345E+00
  -.35000000E+00  .59996990E+00
  -.30000000E+00  .56760156E+00
  -.25000000E+00  .53465828E+00
  -.20000000E+00  .50109868E+00
  -.15000000E+00  .46687972E+00
  -.10000000E+00  .43195645E+00
  -.50000000E-01  .39628173E+00
  -.22898350E-14  .35980580E+00
   .50000000E-01  .32247600E+00
   .10000000E+00  .28423638E+00
   .15000000E+00  .24502723E+00
   .20000000E+00  .20478464E+00
   .25000000E+00  .16344000E+00
   .30000000E+00  .12091950E+00
   .35000000E+00  .77143335E-01
   .40000000E+00  .32025140E-01
   .45000000E+00 -.14528840E-01
   .50000000E+00 -.62620749E-01
   .55000000E+00 -.11236197E+00
   .60000000E+00 -.16387440E+00
   .65000000E+00 -.21729240E+00
   .70000000E+00 -.27276314E+00
   .75000000E+00 -.33044928E+00
   .80000000E+00 -.39053097E+00
   .85000000E+00 -.45320816E+00
   .90000000E+00 -.51870357E+00
   .95000000E+00 -.58726616E+00
   .10000000E+01 -.65917495E+00
   .10500000E+01 -.73474411E+00
   .11000000E+01 -.81432846E+00
   .11500000E+01 -.89833033E+00
   .12000000E+01 -.98720814E+00
   .12500000E+01 -.10814863E+01
   .13000000E+01 -.11817678E+01
   .13500000E+01 -.12887493E+01
   .14000000E+01 -.14032407E+01
   .14500000E+01 -.15261885E+01
   .15000000E+01 -.16587063E+01
   .15500000E+01 -.18021136E+01
   .16000000E+01 -.19579859E+01
   .16500000E+01 -.21282193E+01
   .17000000E+01 -.23151171E+01
   .17500000E+01 -.25215060E+01
   .18000000E+01 -.27508926E+01
   .18500000E+01 -.30076825E+01
   .19000000E+01 -.32974867E+01
   .19500000E+01 -.36275659E+01
   .20000000E+01 -.40074837E+01
KBPotential  L  =      2.00000   -.35071
  -.30000000E+01  .16840732E+01
  -.29500000E+01  .16687404E+01
  -.29000000E+01  .16532503E+01
  -.28500000E+01  .16375976E+01
  -.28000000E+01  .16217769E+01
  -.27500000E+01  .16057824E+01
  -.27000000E+01  .15896079E+01
  -.26500000E+01  .15732468E+01
  -.26000000E+01  .15566923E+01
  -.25500000E+01  .15399369E+01
  -.25000000E+01  .15229729E+01
  -.24500000E+01  .15057919E+01
  -.24000000E+01  .14883849E+01
  -.23500000E+01  .14707424E+01
  -.23000000E+01  .14528542E+01
  -.22500000E+01  .14347094E+01
  -.22000000E+01  .14162961E+01
  -.21500000E+01  .13976018E+01
  -.21000000E+01  .13786126E+01
  -.20500000E+01  .13593142E+01
  -.20000000E+01  .13396903E+01
  -.19500000E+01  .13197236E+01
  -.19000000E+01  .12993955E+01
  -.18500000E+01  .12786854E+01
  -.18000000E+01  .12575710E+01
  -.17500000E+01  .12360278E+01
  -.17000000E+01  .12140290E+01
  -.16500000E+01  .11915450E+01
  -.16000000E+01  .11685432E+01
  -.15500000E+01  .11449876E+01
  -.15000000E+01  .11208381E+01
  -.14500000E+01  .10960542E+01
  -.14000000E+01  .10705779E+01
  -.13500000E+01  .10443574E+01
  -.13000000E+01  .10173296E+01
  -.12500000E+01  .98943568E+00
  -.12000000E+01  .96057072E+00
  -.11500000E+01  .93065449E+00
  -.11000000E+01  .89958128E+00
  -.10500000E+01  .86722920E+00
  -.10000000E+01  .83345697E+00
  -.95000000E+00  .79809980E+00
  -.90000000E+00  .76096478E+00
  -.85000000E+00  .72182184E+00
  -.80000000E+00  .68039892E+00
  -.75000000E+00  .63636902E+00
  -.70000000E+00  .58933283E+00
  -.65000000E+00  .53880387E+00
  -.60000000E+00  .48417809E+00
  -.55000000E+00  .42469684E+00
  -.50000000E+00  .35939647E+00
  -.45000000E+00  .28702756E+00
  -.40000000E+00  .20594753E+00
  -.35000000E+00  .11403125E+00
  -.30000000E+00  .79769462E-02
  -.25000000E+00 -.11626843E+00
  -.20000000E+00 -.26511097E+00
  -.15000000E+00 -.44819870E+00
  -.10000000E+00 -.68104036E+00
  -.50000000E-01 -.99029873E+00
  -.22898350E-14 -.14258362E+01
   .50000000E-01 -.20932412E+01
   .10000000E+00 -.32617843E+01
   .15000000E+00 -.58820828E+01
   .20000000E+00 -.17453198E+02
   .25000000E+00  .26058343E+02
   .30000000E+00  .82259095E+01
   .35000000E+00  .51161698E+01
   .40000000E+00  .38116898E+01
   .45000000E+00  .30867545E+01
   .50000000E+00  .26203660E+01
   .55000000E+00  .22915288E+01
   .60000000E+00  .20444733E+01
   .65000000E+00  .18499201E+01
   .70000000E+00  .16910177E+01
   .75000000E+00  .15573789E+01
   .80000000E+00  .14422496E+01
   .85000000E+00  .13410461E+01
   .90000000E+00  .12505461E+01
   .95000000E+00  .11684162E+01
   .10000000E+01  .10929234E+01
   .10500000E+01  .10227522E+01
   .11000000E+01  .95687884E+00
   .11500000E+01  .89451205E+00
   .12000000E+01  .83500426E+00
   .12500000E+01  .77783422E+00
   .13000000E+01  .72257283E+00
   .13500000E+01  .66886070E+00
   .14000000E+01  .61636871E+00
   .14500000E+01  .56489769E+00
   .15000000E+01  .51419463E+00
   .15500000E+01  .46406241E+00
   .16000000E+01  .41432950E+00
   .16500000E+01  .36486390E+00
   .17000000E+01  .31547479E+00
   .17500000E+01  .26605862E+00
   .18000000E+01  .21649103E+00
   .18500000E+01  .16666200E+00
   .19000000E+01  .11647608E+00
   .19500000E+01  .65812673E-01
   .20000000E+01  .14580842E-01
KBPotential  L  =      3.00000    .00000
  -.30000000E+01  .19087651E+01
  -.29500000E+01  .18958729E+01
  -.29000000E+01  .18828985E+01
  -.28500000E+01  .18698404E+01
  -.28000000E+01  .18566971E+01
  -.27500000E+01  .18434670E+01
  -.27000000E+01  .18301485E+01
  -.26500000E+01  .18167399E+01
  -.26000000E+01  .18032394E+01
  -.25500000E+01  .17896453E+01
  -.25000000E+01  .17759559E+01
  -.24500000E+01  .17621691E+01
  -.24000000E+01  .17482830E+01
  -.23500000E+01  .17342957E+01
  -.23000000E+01  .17202050E+01
  -.22500000E+01  .17060088E+01
  -.22000000E+01  .16917050E+01
  -.21500000E+01  .16772912E+01
  -.21000000E+01  .16627651E+01
  -.20500000E+01  .16481242E+01
  -.20000000E+01  .16333661E+01
  -.19500000E+01  .16184881E+01
  -.19000000E+01  .16034875E+01
  -.18500000E+01  .15883615E+01
  -.18000000E+01  .15731074E+01
  -.17500000E+01  .15577219E+01
  -.17000000E+01  .15422022E+01
  -.16500000E+01  .15265448E+01
  -.16000000E+01  .15107466E+01
  -.15500000E+01  .14948041E+01
  -.15000000E+01  .14787136E+01
  -.14500000E+01  .14624715E+01
  -.14000000E+01  .14460738E+01
  -.13500000E+01  .14295166E+01
  -.13000000E+01  .14127957E+01
  -.12500000E+01  .13959066E+01
  -.12000000E+01  .13788449E+01
  -.11500000E+01  .13616058E+01
  -.11000000E+01  .13441845E+01
  -.10500000E+01  .13265758E+01
  -.10000000E+01  .13087743E+01
  -.95000000E+00  .12907744E+01
  -.90000000E+00  .12725704E+01
  -.85000000E+00  .12541562E+01
  -.80000000E+00  .12355253E+01
  -.75000000E+00  .12166712E+01
  -.70000000E+00  .11975868E+01
  -.65000000E+00  .11782648E+01
  -.60000000E+00  .11586976E+01
  -.55000000E+00  .11388772E+01
  -.50000000E+00  .11187952E+01
  -.45000000E+00  .10984427E+01
  -.40000000E+00  .10778104E+01
  -.35000000E+00  .10568885E+01
  -.30000000E+00  .10356669E+01
  -.25000000E+00  .10141346E+01
  -.20000000E+00  .99228026E+00
  -.15000000E+00  .97009182E+00
  -.10000000E+00  .94755660E+00
  -.50000000E-01  .92466116E+00
  -.22898350E-14  .90139131E+00
   .50000000E-01  .87773203E+00
   .10000000E+00  .85366740E+00
   .15000000E+00  .82918053E+00
   .20000000E+00  .80425352E+00
   .25000000E+00  .77886733E+00
   .30000000E+00  .75300171E+00
   .35000000E+00  .72663511E+00
   .40000000E+00  .69974453E+00
   .45000000E+00  .67230547E+00
   .50000000E+00  .64429171E+00
   .55000000E+00  .61567523E+00
   .60000000E+00  .58642601E+00
   .65000000E+00  .55651185E+00
   .70000000E+00  .52589819E+00
   .75000000E+00  .49454800E+00
   .80000000E+00  .46242091E+00
   .85000000E+00  .42947389E+00
   .90000000E+00  .39566029E+00
   .95000000E+00  .36092962E+00
   .10000000E+01  .32522715E+00
   .10500000E+01  .28849349E+00
   .11000000E+01  .25066400E+00
   .11500000E+01  .21166825E+00
   .12000000E+01  .17142933E+00
   .12500000E+01  .12986308E+00
   .13000000E+01  .86877004E-01
   .13500000E+01  .42370057E-01
   .14000000E+01 -.37697120E-02
   .14500000E+01 -.51665785E-01
   .15000000E+01 -.10145485E+00
   .15500000E+01 -.15328874E+00
   .16000000E+01 -.20733654E+00
   .16500000E+01 -.26378718E+00
   .17000000E+01 -.32285235E+00
   .17500000E+01 -.38477018E+00
   .18000000E+01 -.44980945E+00
   .18500000E+01 -.51827471E+00
   .19000000E+01 -.59051250E+00
   .19500000E+01 -.66691883E+00
   .20000000E+01 -.74794841E+00
KBPotential  L  =      4.00000    .00000
  -.30000000E+01  .21527673E+01
  -.29500000E+01  .21414758E+01
  -.29000000E+01  .21301314E+01
  -.28500000E+01  .21187322E+01
  -.28000000E+01  .21072773E+01
  -.27500000E+01  .20957656E+01
  -.27000000E+01  .20841970E+01
  -.26500000E+01  .20725708E+01
  -.26000000E+01  .20608852E+01
  -.25500000E+01  .20491402E+01
  -.25000000E+01  .20373350E+01
  -.24500000E+01  .20254692E+01
  -.24000000E+01  .20135389E+01
  -.23500000E+01  .20015465E+01
  -.23000000E+01  .19894915E+01
  -.22500000E+01  .19773689E+01
  -.22000000E+01  .19651828E+01
  -.21500000E+01  .19529272E+01
  -.21000000E+01  .19406061E+01
  -.20500000E+01  .19282144E+01
  -.20000000E+01  .19157517E+01
  -.19500000E+01  .19032200E+01
  -.19000000E+01  .18906134E+01
  -.18500000E+01  .18779347E+01
  -.18000000E+01  .18651811E+01
  -.17500000E+01  .18523526E+01
  -.17000000E+01  .18394450E+01
  -.16500000E+01  .18264596E+01
  -.16000000E+01  .18133951E+01
  -.15500000E+01  .18002487E+01
  -.15000000E+01  .17870207E+01
  -.14500000E+01  .17737094E+01
  -.14000000E+01  .17603108E+01
  -.13500000E+01  .17468267E+01
  -.13000000E+01  .17332539E+01
  -.12500000E+01  .17195912E+01
  -.12000000E+01  .17058372E+01
  -.11500000E+01  .16919908E+01
  -.11000000E+01  .16780486E+01
  -.10500000E+01  .16640099E+01
  -.10000000E+01  .16498726E+01
  -.95000000E+00  .16356350E+01
  -.90000000E+00  .16212954E+01
  -.85000000E+00  .16068515E+01
  -.80000000E+00  .15923014E+01
  -.75000000E+00  .15776431E+01
  -.70000000E+00  .15628744E+01
  -.65000000E+00  .15479930E+01
  -.60000000E+00  .15329968E+01
  -.55000000E+00  .15178833E+01
  -.50000000E+00  .15026494E+01
  -.45000000E+00  .14872942E+01
  -.40000000E+00  .14718149E+01
  -.35000000E+00  .14562074E+01
  -.30000000E+00  .14404698E+01
  -.25000000E+00  .14245992E+01
  -.20000000E+00  .14085920E+01
  -.15000000E+00  .13924473E+01
  -.10000000E+00  .13761597E+01
  -.50000000E-01  .13597261E+01
  -.22898350E-14  .13431445E+01
   .50000000E-01  .13264108E+01
   .10000000E+00  .13095214E+01
   .15000000E+00  .12924724E+01
   .20000000E+00  .12752602E+01
   .25000000E+00  .12578806E+01
   .30000000E+00  .12403296E+01
   .35000000E+00  .12226028E+01
   .40000000E+00  .12046958E+01
   .45000000E+00  .11866039E+01
   .50000000E+00  .11683223E+01
   .55000000E+00  .11498462E+01
   .60000000E+00  .11311701E+01
   .65000000E+00  .11122889E+01
   .70000000E+00  .10931967E+01
   .75000000E+00  .10738879E+01
   .80000000E+00  .10543563E+01
   .85000000E+00  .10345955E+01
   .90000000E+00  .10145990E+01
   .95000000E+00  .99435987E+00
   .10000000E+01  .97387091E+00
   .10500000E+01  .95312463E+00
   .11000000E+01  .93211318E+00
   .11500000E+01  .91082836E+00
   .12000000E+01  .88926160E+00
   .12500000E+01  .86740397E+00
   .13000000E+01  .84524607E+00
   .13500000E+01  .82277808E+00
   .14000000E+01  .79998971E+00
   .14500000E+01  .77687014E+00
   .15000000E+01  .75340806E+00
   .15500000E+01  .72959157E+00
   .16000000E+01  .70540816E+00
   .16500000E+01  .68084468E+00
   .17000000E+01  .65588732E+00
   .17500000E+01  .63052152E+00
   .18000000E+01  .60473191E+00
   .18500000E+01  .57850233E+00
   .19000000E+01  .55181569E+00
   .19500000E+01  .52465397E+00
   .20000000E+01  .49699808E+00
