Kr: s2p6                                
  .562836774E-02  .571560729E-02  .580419642E-02  .589415593E-02  .598550695E-02
  .607827095E-02  .617246971E-02  .626812536E-02  .636526035E-02  .646389750E-02
  .656405996E-02  .666577123E-02  .676905520E-02  .687393611E-02  .698043855E-02
  .708858753E-02  .719840841E-02  .730992695E-02  .742316931E-02  .753816204E-02
  .765493211E-02  .777350689E-02  .789391417E-02  .801618218E-02  .814033958E-02
  .826641545E-02  .839443933E-02  .852444121E-02  .865645155E-02  .879050125E-02
  .892662172E-02  .906484481E-02  .920520288E-02  .934772879E-02  .949245590E-02
  .963941805E-02  .978864965E-02  .994018560E-02  .100940613E-01  .102503128E-01
  .104089767E-01  .105700899E-01  .107336902E-01  .108998158E-01  .110685055E-01
  .112397987E-01  .114137355E-01  .115903565E-01  .117697028E-01  .119518165E-01
  .121367399E-01  .123245164E-01  .125151896E-01  .127088041E-01  .129054051E-01
  .131050383E-01  .133077504E-01  .135135887E-01  .137226011E-01  .139348363E-01
  .141503439E-01  .143691739E-01  .145913774E-01  .148170062E-01  .150461128E-01
  .152787506E-01  .155149736E-01  .157548369E-01  .159983964E-01  .162457086E-01
  .164968311E-01  .167518223E-01  .170107415E-01  .172736488E-01  .175406055E-01
  .178116735E-01  .180869158E-01  .183663964E-01  .186501802E-01  .189383330E-01
  .192309217E-01  .195280143E-01  .198296797E-01  .201359879E-01  .204470100E-01
  .207628180E-01  .210834851E-01  .214090858E-01  .217396955E-01  .220753907E-01
  .224162493E-01  .227623501E-01  .231137734E-01  .234706004E-01  .238329137E-01
  .242007972E-01  .245743360E-01  .249536164E-01  .253387261E-01  .257297542E-01
  .261267910E-01  .265299283E-01  .269392591E-01  .273548780E-01  .277768810E-01
  .282053654E-01  .286404301E-01  .290821755E-01  .295307034E-01  .299861172E-01
  .304485220E-01  .309180242E-01  .313947321E-01  .318787555E-01  .323702057E-01
  .328691958E-01  .333758409E-01  .338902572E-01  .344125633E-01  .349428791E-01
  .354813266E-01  .360280295E-01  .365831134E-01  .371467057E-01  .377189359E-01
  .382999352E-01  .388898370E-01  .394887766E-01  .400968914E-01  .407143206E-01
  .413412058E-01  .419776906E-01  .426239208E-01  .432800444E-01  .439462113E-01
  .446225742E-01  .453092876E-01  .460065086E-01  .467143965E-01  .474331130E-01
  .481628224E-01  .489036911E-01  .496558884E-01  .504195858E-01  .511949575E-01
  .519821803E-01  .527814336E-01  .535928995E-01  .544167628E-01  .552532110E-01
  .561024346E-01  .569646267E-01  .578399834E-01  .587287037E-01  .596309894E-01
  .605470457E-01  .614770803E-01  .624213045E-01  .633799325E-01  .643531816E-01
  .653412725E-01  .663444291E-01  .673628785E-01  .683968515E-01  .694465819E-01
  .705123072E-01  .715942685E-01  .726927103E-01  .738078807E-01  .749400317E-01
  .760894186E-01  .772563009E-01  .784409418E-01  .796436083E-01  .808645713E-01
  .821041059E-01  .833624911E-01  .846400100E-01  .859369499E-01  .872536025E-01
  .885902635E-01  .899472331E-01  .913248159E-01  .927233210E-01  .941430620E-01
  .955843571E-01  .970475291E-01  .985329058E-01  .100040819E+00  .101571607E+00
  .103125612E+00  .104703180E+00  .106304665E+00  .107930422E+00  .109580816E+00
  .111256215E+00  .112956990E+00  .114683522E+00  .116436195E+00  .118215398E+00
  .120021527E+00  .121854984E+00  .123716175E+00  .125605514E+00  .127523419E+00
  .129470317E+00  .131446638E+00  .133452820E+00  .135489307E+00  .137556549E+00
  .139655003E+00  .141785133E+00  .143947409E+00  .146142307E+00  .148370313E+00
  .150631916E+00  .152927614E+00  .155257913E+00  .157623325E+00  .160024370E+00
  .162461575E+00  .164935474E+00  .167446611E+00  .169995536E+00  .172582806E+00
  .175208988E+00  .177874656E+00  .180580393E+00  .183326790E+00  .186114445E+00
  .188943966E+00  .191815971E+00  .194731083E+00  .197689938E+00  .200693179E+00
  .203741458E+00  .206835436E+00  .209975784E+00  .213163184E+00  .216398325E+00
  .219681907E+00  .223014640E+00  .226397243E+00  .229830448E+00  .233314994E+00
  .236851632E+00  .240441124E+00  .244084241E+00  .247781767E+00  .251534495E+00
  .255343230E+00  .259208790E+00  .263132001E+00  .267113704E+00  .271154749E+00
  .275255999E+00  .279418330E+00  .283642629E+00  .287929796E+00  .292280742E+00
  .296696393E+00  .301177686E+00  .305725573E+00  .310341016E+00  .315024994E+00
  .319778497E+00  .324602530E+00  .329498110E+00  .334466271E+00  .339508059E+00
  .344624535E+00  .349816775E+00  .355085868E+00  .360432920E+00  .365859053E+00
  .371365400E+00  .376953115E+00  .382623363E+00  .388377327E+00  .394216208E+00
  .400141219E+00  .406153592E+00  .412254577E+00  .418445439E+00  .424727460E+00
  .431101939E+00  .437570195E+00  .444133562E+00  .450793394E+00  .457551062E+00
  .464407956E+00  .471365483E+00  .478425071E+00  .485588167E+00  .492856235E+00
  .500230761E+00  .507713250E+00  .515305226E+00  .523008234E+00  .530823840E+00
  .538753630E+00  .546799211E+00  .554962211E+00  .563244280E+00  .571647090E+00
  .580172333E+00  .588821725E+00  .597597005E+00  .606499932E+00  .615532290E+00
  .624695886E+00  .633992550E+00  .643424137E+00  .652992523E+00  .662699611E+00
  .672547328E+00  .682537625E+00  .692672478E+00  .702953890E+00  .713383888E+00
  .723964526E+00  .734697882E+00  .745586063E+00  .756631201E+00  .767835457E+00
  .779201017E+00  .790730095E+00  .802424935E+00  .814287807E+00  .826321010E+00
  .838526873E+00  .850907750E+00  .863466031E+00  .876204129E+00  .889124491E+00
  .902229593E+00  .915521941E+00  .929004074E+00  .942678560E+00  .956547998E+00
  .970615021E+00  .984882293E+00  .999352509E+00  .101402840E+01  .102891273E+01
  .104400828E+01  .105931790E+01  .107484444E+01  .109059080E+01  .110655991E+01
  .112275474E+01  .113917829E+01  .115583360E+01  .117272374E+01  .118985181E+01
  .120722097E+01  .122483440E+01  .124269531E+01  .126080697E+01  .127917266E+01
  .129779572E+01  .131667953E+01  .133582748E+01  .135524303E+01  .137492966E+01
  .139489091E+01  .141513033E+01  .143565154E+01  .145645818E+01  .147755395E+01
  .149894256E+01  .152062780E+01  .154261347E+01  .156490343E+01  .158750157E+01
  .161041183E+01  .163363820E+01  .165718469E+01  .168105539E+01  .170525439E+01
  .172978585E+01  .175465398E+01  .177986302E+01  .180541726E+01  .183132103E+01
  .185757871E+01  .188419472E+01  .191117354E+01  .193851968E+01  .196623771E+01
  .199433222E+01  .202280789E+01  .205166941E+01  .208092152E+01  .211056903E+01
  .214061679E+01  .217106967E+01  .220193263E+01  .223321064E+01  .226490875E+01
  .229703204E+01  .232958564E+01  .236257473E+01  .239600454E+01  .242988034E+01
  .246420748E+01  .249899132E+01  .253423728E+01  .256995085E+01  .260613755E+01
  .264280295E+01  .267995267E+01  .271759238E+01  .275572782E+01  .279436474E+01
  .283350897E+01  .287316638E+01  .291334289E+01  .295404447E+01  .299527713E+01
  .303704694E+01  .307936002E+01  .312222254E+01  .316564071E+01  .320962078E+01
  .325416908E+01  .329929197E+01  .334499584E+01  .339128716E+01  .343817243E+01
  .348565820E+01  .353375107E+01  .358245768E+01  .363178473E+01  .368173896E+01
  .373232714E+01  .378355612E+01  .383543275E+01  .388796397E+01  .394115672E+01
  .399501803E+01  .404955494E+01  .410477454E+01  .416068397E+01  .421729040E+01
  .427460104E+01  .433262316E+01  .439136405E+01  .445083105E+01  .451103152E+01
  .457197289E+01  .463366258E+01  .469610809E+01  .475931693E+01  .482329664E+01
  .488805482E+01  .495359908E+01  .501993706E+01  .508707643E+01  .515502490E+01
  .522379020E+01  .529338009E+01  .536380234E+01  .543506476E+01  .550717518E+01
  .558014144E+01  .565397142E+01  .572867300E+01  .580425408E+01  .588072258E+01
  .595808644E+01  .603635359E+01  .611553199E+01  .619562960E+01  .627665439E+01
  .635861434E+01  .644151741E+01  .652537159E+01  .661018486E+01  .669596518E+01
  .678272054E+01  .687045888E+01  .695918816E+01  .704891632E+01  .713965128E+01
  .723140097E+01  .732417326E+01  .741797603E+01  .751281712E+01  .760870435E+01
  .770564551E+01  .780364836E+01  .790272063E+01  .800286998E+01  .810410408E+01
  .820643052E+01  .830985685E+01  .841439057E+01  .852003915E+01  .862680996E+01
  .873471035E+01  .884374757E+01  .895392885E+01  .906526130E+01  .917775199E+01
  .929140790E+01  .940623592E+01  .952224287E+01  .963943547E+01  .975782036E+01
  .987740406E+01  .999819300E+01  .101201935E+02  .102434118E+02  .103678540E+02
  .104935260E+02  .106204337E+02  .107485829E+02  .108779791E+02  .110086278E+02
  .111405342E+02  .112737037E+02  .114081411E+02  .115438513E+02  .116808390E+02
  .118191087E+02  .119586648E+02  .120995114E+02  .122416525E+02  .123850920E+02
  .125298333E+02  .126758799E+02  .128232349E+02  .129719013E+02  .131218820E+02
  .132731793E+02  .134257955E+02  .135797328E+02  .137349930E+02  .138915775E+02
  .140494876E+02  .142087245E+02  .143692888E+02  .145311811E+02  .146944015E+02
  .148589500E+02  .150248261E+02  .151920292E+02  .153605582E+02  .155304118E+02
  .157015884E+02  .158740861E+02  .160479023E+02  .162230346E+02  .163994798E+02
  .165772346E+02  .167562952E+02  .169366575E+02  .171183170E+02  .173012687E+02
  .174855074E+02  .176710272E+02  .178578222E+02  .180458858E+02  .182352109E+02
  .184257901E+02  .186176157E+02  .188106792E+02  .190049719E+02  .192004846E+02
  .193972075E+02  .195951305E+02  .197942429E+02  .199945334E+02  .201959905E+02
  .203986019E+02  .206023548E+02  .208072361E+02  .210132319E+02  .212203280E+02
  .214285095E+02  .216377610E+02  .218480664E+02  .220594092E+02  .222717723E+02
  .224851380E+02  .226994879E+02  .229148033E+02  .231310645E+02  .233482514E+02
  .235663435E+02  .237853192E+02  .240051567E+02  .242258333E+02  .244473258E+02
  .246696104E+02  .248926624E+02  .251164568E+02  .253409677E+02  .255661685E+02
  .257920322E+02  .260185309E+02  .262456361E+02  .264733187E+02  .267015487E+02
  .269302956E+02  .271595283E+02  .273892148E+02  .276193224E+02  .278498180E+02
  .280806675E+02  .283118363E+02  .285432890E+02  .287749895E+02  .290069011E+02
  .292389863E+02  .294712070E+02  .297035244E+02  .299358990E+02  .301682906E+02
  .304006583E+02  .306329605E+02  .308651550E+02  .310971989E+02  .313290487E+02
  .315606601E+02  .317919882E+02  .320229875E+02  .322536118E+02  .324838143E+02
  .327135476E+02  .329427637E+02  .331714138E+02  .333994488E+02  .336268187E+02
  .338534733E+02  .340793614E+02  .343044316E+02  .345286319E+02  .347519096E+02
  .349742117E+02  .351954845E+02  .354156740E+02  .356347258E+02  .358525848E+02
  .360691956E+02  .362845026E+02  .364984494E+02  .367109797E+02  .369220365E+02
  .371315627E+02  .373395007E+02  .375457929E+02  .377503812E+02  .379532074E+02
  .381542132E+02  .383533400E+02  .385505290E+02  .387457215E+02  .389388586E+02
  .391298813E+02  .393187308E+02  .395053480E+02  .396896742E+02  .398716504E+02
  .400512182E+02  .402283189E+02  .404028944E+02  .405748864E+02  .407442372E+02
  .409108893E+02  .410747856E+02  .412358694E+02  .413940843E+02  .415493745E+02
  .417016847E+02  .418509601E+02  .419971468E+02  .421401911E+02  .422800403E+02
  .424166425E+02  .425499463E+02  .426799015E+02  .428064585E+02  .429295690E+02
  .430491852E+02  .431652608E+02  .432777504E+02  .433866099E+02  .434917960E+02
  .435932673E+02  .436909831E+02  .437849044E+02  .438749935E+02  .439612144E+02
  .440435323E+02  .441219142E+02  .441963286E+02  .442667458E+02  .443331378E+02
  .443954785E+02  .444537435E+02  .445079104E+02  .445579588E+02  .446038702E+02
  .446456284E+02  .446832191E+02  .447166303E+02  .447458522E+02  .447708773E+02
  .447917006E+02  .448083191E+02  .448207328E+02  .448289436E+02  .448329563E+02
  .448327784E+02  .448284197E+02  .448198929E+02  .448072134E+02  .447903992E+02
  .447694715E+02  .447444540E+02  .447153735E+02  .446822595E+02  .446451447E+02
  .446040647E+02  .445590582E+02  .445101669E+02  .444574355E+02  .444009121E+02
  .443406477E+02  .442766966E+02  .442091160E+02  .441379668E+02  .440633126E+02
  .439852206E+02  .439037610E+02  .438190073E+02  .437310364E+02  .436399283E+02
  .435457661E+02  .434486365E+02  .433486290E+02  .432458367E+02  .431403556E+02
  .430322849E+02  .429217273E+02  .428087881E+02  .426935762E+02  .425762031E+02
  .424567836E+02  .423354354E+02  .422122792E+02  .420874384E+02  .419610395E+02
  .418332115E+02  .417040862E+02  .415737981E+02  .414424842E+02  .413102840E+02
  .411773395E+02  .410437948E+02  .409097964E+02  .407754930E+02  .406410352E+02
  .405065757E+02  .403722688E+02  .402382707E+02  .401047392E+02  .399718337E+02
  .398397146E+02  .397085439E+02  .395784846E+02  .394497006E+02  .393223567E+02
  .391966184E+02  .390726515E+02  .389506226E+02  .388306982E+02  .387130449E+02
  .385978294E+02  .384852178E+02  .383753760E+02  .382684693E+02  .381646620E+02
  .380641176E+02  .379669984E+02  .378734653E+02  .377836777E+02  .376977933E+02
  .376159677E+02  .375383547E+02  .374651054E+02  .373963687E+02  .373322906E+02
  .372730141E+02  .372186793E+02  .371694228E+02  .371253777E+02  .370866733E+02
  .370534350E+02  .370257840E+02  .370038373E+02  .369877069E+02  .369775005E+02
  .369733206E+02  .369752645E+02  .369834240E+02  .369978857E+02  .370187301E+02
  .370460318E+02  .370798593E+02  .371202747E+02  .371673336E+02  .372210849E+02
  .372815705E+02  .373488256E+02  .374228778E+02  .375037475E+02  .375914477E+02
  .376859834E+02  .377873522E+02  .378955434E+02  .380105385E+02  .381323107E+02
  .382608248E+02  .383960375E+02  .385378966E+02  .386863418E+02  .388413038E+02
  .390027046E+02  .391704577E+02  .393444674E+02  .395246295E+02  .397108307E+02
  .399029489E+02  .401008530E+02  .403044033E+02  .405134509E+02  .407278383E+02
  .409473992E+02  .411719584E+02  .414013322E+02  .416353285E+02  .418737465E+02
  .421163771E+02  .423630031E+02  .426133990E+02  .428673316E+02  .431245599E+02
  .433848352E+02  .436479016E+02  .439134959E+02  .441813479E+02  .444511808E+02
  .447227114E+02  .449956502E+02  .452697016E+02  .455445648E+02  .458199333E+02
  .460954957E+02  .463709359E+02  .466459336E+02  .469201643E+02  .471932999E+02
  .474650092E+02  .477349581E+02  .480028098E+02  .482682258E+02  .485308658E+02
  .487903883E+02  .490464509E+02  .492987112E+02  .495468267E+02  .497904556E+02
  .500292572E+02  .502628923E+02  .504910238E+02  .507133171E+02  .509294405E+02
  .511390662E+02  .513418700E+02  .515375325E+02  .517257393E+02  .519061815E+02
  .520785563E+02  .522425673E+02  .523979255E+02  .525443491E+02  .526815646E+02
  .528093070E+02  .529273203E+02  .530353583E+02  .531331844E+02  .532205729E+02
  .532973087E+02  .533631883E+02  .534180200E+02  .534616245E+02  .534938350E+02
  .535144979E+02  .535234730E+02  .535206342E+02  .535058693E+02  .534790809E+02
  .534401865E+02  .533891187E+02  .533258257E+02  .532502712E+02  .531624352E+02
  .530623139E+02  .529499197E+02  .528252818E+02  .526884462E+02  .525394755E+02
  .523784496E+02  .522054653E+02  .520206366E+02  .518240944E+02  .516159871E+02
  .513964798E+02  .511657549E+02  .509240117E+02  .506714660E+02  .504083507E+02
  .501349148E+02  .498514237E+02  .495581589E+02  .492554173E+02  .489435116E+02
  .486227693E+02  .482935328E+02  .479561586E+02  .476110173E+02  .472584928E+02
  .468989819E+02  .465328938E+02  .461606497E+02  .457826821E+02  .453994339E+02
  .450113584E+02  .446189180E+02  .442225842E+02  .438228361E+02  .434201604E+02
  .430150502E+02  .426080045E+02  .421995271E+02  .417901261E+02  .413803129E+02
  .409706015E+02  .405615075E+02  .401535473E+02  .397472371E+02  .393430924E+02
  .389416265E+02  .385433503E+02  .381487706E+02  .377583901E+02  .373727055E+02
  .369922076E+02  .366173794E+02  .362486962E+02  .358866238E+02  .355316183E+02
  .351841247E+02  .348445766E+02  .345133948E+02  .341909868E+02  .338777459E+02
  .335740504E+02  .332802629E+02  .329967295E+02  .327237791E+02  .324617226E+02
  .322108524E+02  .319714418E+02  .317437440E+02  .315279922E+02  .313243984E+02
  .311331534E+02  .309544260E+02  .307883630E+02  .306350880E+02  .304947022E+02
  .303672831E+02  .302528848E+02  .301515376E+02  .300632477E+02  .299879974E+02
  .299257447E+02  .298764236E+02  .298399438E+02  .298161906E+02  .298050258E+02
  .298062868E+02  .298197876E+02  .298453188E+02  .298826477E+02  .299315190E+02
  .299916548E+02  .300627554E+02  .301444996E+02  .302365455E+02  .303385305E+02
  .304500728E+02  .305707716E+02  .307002080E+02  .308379460E+02  .309835332E+02
  .311365020E+02  .312963705E+02  .314626434E+02  .316348132E+02  .318123610E+02
  .319947578E+02  .321814654E+02  .323719376E+02  .325656211E+02  .327619564E+02
  .329603795E+02  .331603224E+02  .333612143E+02  .335624830E+02  .337635557E+02
  .339638604E+02  .341628265E+02  .343598867E+02  .345544772E+02  .347460395E+02
  .349340213E+02  .351178771E+02  .352970699E+02  .354710720E+02  .356393656E+02
  .358014445E+02  .359568144E+02  .361049943E+02  .362455173E+02  .363779312E+02
  .365017997E+02  .366167030E+02  .367222389E+02  .368180230E+02  .369036897E+02
  .369788933E+02  .370433075E+02  .370966271E+02  .371385677E+02  .371688667E+02
  .371872832E+02  .371935987E+02  .371876173E+02  .371691659E+02  .371380943E+02
  .370942755E+02  .370376057E+02  .369680042E+02  .368854134E+02  .367897992E+02
  .366811500E+02  .365594774E+02  .364248151E+02  .362772196E+02  .361167690E+02
  .359435634E+02  .357577239E+02  .355593924E+02  .353487313E+02  .351259227E+02
  .348911679E+02  .346446872E+02  .343867185E+02  .341175176E+02  .338373567E+02
  .335465242E+02  .332453240E+02  .329340741E+02  .326131068E+02  .322827672E+02
  .319434128E+02  .315954120E+02  .312391446E+02  .308749992E+02  .305033742E+02
  .301246752E+02  .297393158E+02  .293477150E+02  .289502981E+02  .285474944E+02
  .281397373E+02  .277274628E+02  .273111093E+02  .268911159E+02  .264679226E+02
  .260419684E+02  .256136919E+02  .251835287E+02  .247519124E+02  .243192725E+02
  .238860348E+02  .234526196E+02  .230194419E+02  .225869100E+02  .221554258E+02
  .217253830E+02  .212971676E+02  .208711565E+02  .204477176E+02  .200272088E+02
  .196099779E+02  .191963618E+02  .187866866E+02  .183812663E+02  .179804036E+02
  .175843885E+02  .171934988E+02  .168079992E+02  .164281418E+02  .160541648E+02
  .156862938E+02  .153247399E+02  .149697014E+02  .146213620E+02  .142798923E+02
  .139454485E+02  .136181733E+02  .132981952E+02  .129856294E+02  .126805768E+02
  .123831253E+02  .120933489E+02  .118113088E+02  .115370524E+02  .112706150E+02
  .110120186E+02  .107612731E+02  .105183760E+02  .102833133E+02  .100560591E+02
  .983657641E+01  .962481729E+01  .942072339E+01  .922422589E+01  .903524647E+01
  .885369707E+01  .867948087E+01  .851249215E+01  .835261720E+01  .819973422E+01
  .805371426E+01  .791442112E+01  .778171226E+01  .765543871E+01  .753544602E+01
  .742157415E+01  .731365836E+01  .721152918E+01  .711501326E+01  .702393329E+01
  .693810889E+01  .685735657E+01  .678149046E+01  .671032241E+01  .664366267E+01
  .658131993E+01  .652310203E+01  .646881604E+01  .641826887E+01  .637126738E+01
  .632761901E+01  .628713185E+01  .624961523E+01  .621487984E+01  .618273825E+01
  .615300506E+01  .612549726E+01  .610003468E+01  .607643992E+01  .605453904E+01
  .603416138E+01  .601514022E+01  .599731259E+01  .598051988E+01  .596460762E+01
  .594942606E+01  .593482994E+01  .592067900E+01  .590683774E+01  .589317591E+01
  .587956821E+01  .586589480E+01  .585204093E+01  .583789742E+01  .582336029E+01
  .580833122E+01  .579271712E+01  .577643059E+01  .575938946E+01  .574151721E+01
  .572274241E+01  .570299952E+01  .568222758E+01  .566037185E+01  .563738175E+01
  .561321288E+01  .558782489E+01  .556118335E+01  .553325775E+01  .550402326E+01
  .547345876E+01  .544154860E+01  .540828054E+01  .537364762E+01  .533764598E+01
  .530027677E+01  .526154395E+01  .522145624E+01  .518002482E+01  .513726534E+01
  .509319561E+01  .504783761E+01  .500121512E+01  .495335582E+01  .490428883E+01
  .485404687E+01  .480266380E+01  .475017673E+01  .469662358E+01  .464204527E+01
  .458648315E+01  .452998130E+01  .447258392E+01  .441433763E+01  .435528890E+01
  .429548633E+01  .423497807E+01  .417381413E+01  .411204384E+01  .404971811E+01
  .398688688E+01  .392360145E+01  .385991211E+01  .379586991E+01  .373152495E+01
  .366692783E+01  .360212794E+01  .353717509E+01  .347211759E+01  .340700408E+01
  .334188152E+01  .327679702E+01  .321179591E+01  .314692353E+01  .308222331E+01
  .301773858E+01  .295351065E+01  .288958067E+01  .282598764E+01  .276277034E+01
  .269996533E+01  .263760890E+01  .257573504E+01  .251437745E+01  .245356750E+01
  .239333619E+01  .233371220E+01  .227472384E+01  .221639704E+01  .215875739E+01
  .210182808E+01  .204563198E+01  .199018956E+01  .193552097E+01  .188164402E+01
  .182857620E+01  .177633266E+01  .172492830E+01  .167437570E+01  .162468724E+01
  .157587299E+01  .152794289E+01  .148090461E+01  .143476572E+01  .138953171E+01
  .134520752E+01  .130179685E+01  .125930233E+01  .121772557E+01  .117706717E+01
  .113732677E+01  .109850306E+01  .106059380E+01  .102359588E+01  .987505343E+00
  .952317396E+00  .918026463E+00  .884626208E+00  .852109565E+00  .820468773E+00
  .789695407E+00  .759780407E+00  .730714117E+00  .702486308E+00  .675086215E+00
  .648502571E+00  .622723634E+00  .597737221E+00  .573530739E+00  .550091217E+00
  .527405339E+00  .505459469E+00  .484239689E+00  .463731821E+00  .443921463E+00
  .424794017E+00  .406334714E+00  .388528646E+00  .371360789E+00  .354816034E+00
  .338879212E+00  .323535115E+00  .308768524E+00  .294564233E+00  .280907068E+00
  .267781912E+00  .255173722E+00  .243067553E+00  .231448574E+00  .220302085E+00
  .209613538E+00  .199368547E+00  .189552909E+00  .180152612E+00  .171153854E+00
  .162543051E+00  .154306848E+00  .146432131E+00  .138906037E+00  .131715962E+00
  .124849564E+00  .118294778E+00  .112039816E+00  .106073175E+00  .100383640E+00
  .949602880E-01  .897924921E-01  .848699234E-01  .801825527E-01  .757206522E-01
  .714747953E-01  .674358579E-01  .635950174E-01  .599437518E-01  .564738391E-01
  .531773548E-01  .500466704E-01  .470744505E-01  .442536496E-01  .415775088E-01
  .390395509E-01  .366335760E-01  .343536555E-01  .321941251E-01  .301495774E-01
  .282148527E-01  .263850290E-01  .246554110E-01  .230215173E-01  .214790679E-01
  .200239696E-01  .186523024E-01  .173603053E-01  .161443627E-01  .150009919E-01
  .139268315E-01  .129186318E-01  .119732464E-01  .110876253E-01  .102588108E-01
  .948393327E-02  .876020975E-02  .808494257E-02  .745551939E-02  .686941358E-02
  .632418505E-02  .581748113E-02  .534703758E-02  .491067930E-02  .450632087E-02
  .413196679E-02  .378571129E-02  .346573784E-02  .317031820E-02  .289781122E-02
  .264666121E-02  .241539608E-02  .220262513E-02  .200703674E-02  .182739574E-02
  .166254072E-02  .151138120E-02  .137289471E-02  .124612385E-02  .113017328E-02
  .102420675E-02  .927444153E-03  .839158615E-03  .758673610E-03  .685360183E-03
  .618634240E-03  .557953916E-03  .502817043E-03  .452758719E-03  .407348967E-03
  .366190507E-03  .328916624E-03  .295189145E-03  .264696512E-03  .237151961E-03
  .212291797E-03  .189873762E-03  .169675503E-03  .151493128E-03  .135139841E-03
  .120444674E-03  .107251288E-03  .954168542E-04  .848110106E-04  .753148831E-04
  .668201764E-04  .592283251E-04  .524497049E-04  .464028991E-04  .410140180E-04
  .362160675E-04  .319483649E-04  .281559975E-04  .247893234E-04  .218035095E-04
  .191581063E-04  .168166560E-04  .147463317E-04  .129176060E-04  .113039467E-04
  .988153736E-05  .862902205E-05  .752727101E-05  .655916684E-05  .570940917E-05
  .496433647E-05  .431176384E-05  .374083519E-05  .324188911E-05  .280633686E-05
  .242655193E-05  .209576982E-05  .180799749E-05  .155793147E-05  .134088394E-05
  .115271613E-05  .989778282E-06  .848855728E-06  .727120383E-06  .622087275E-06
  .531575572E-06  .453673682E-06  .386708029E-06  .329215951E-06  .279917638E-06
  .237703942E-06  .201595993E-06  .170755995E-06  .144443047E-06  .122022362E-06
  .102943697E-06  .867307367E-07  .729717257E-07  .613112009E-07  .514427206E-07
  .431024711E-07  .360636548E-07  .301315715E-07  .251393133E-07  .209440028E-07
  .174235092E-07  .144735884E-07  .120053931E-07  .994331090E-08  .822308849E-08
  .679020711E-08  .559847760E-08  .460882741E-08  .378825485E-08  .310892890E-08
  .254741573E-08  .208401491E-08  .170219088E-08  .138808662E-08  .113010849E-08
  .918572223E-09  .745401682E-09  .603872930E-09  .488397108E-09  .394336594E-09
  .317849587E-09  .255758951E-09  .205441725E-09  .164736196E-09  .131863889E-09
  .105364193E-09  .840396668E-10  .669103743E-10  .531758146E-10  .421832504E-10
  .334014038E-10  .263986504E-10  .208249776E-10  .163970834E-10  .128860938E-10
  .101074574E-10  .791264655E-11  .618235651E-11  .482094211E-11  .375187606E-11
  .291404862E-11  .225875872E-11  .174727217E-11  .134884432E-11  .103912182E-11
  .798853667E-12  .612853735E-12  .469167502E-12  .358404185E-12  .273202591E-12
  .207804817E-12  .157716769E-12  .119438388E-12  .902497662E-13  .680419172E-13
  .511832033E-13  .384141245E-13  .287646441E-13  .214893671E-13  .160168350E-13
  .119099537E-13  .883518211E-14  .653859909E-14  .482735594E-14  .355533817E-14
  .261210717E-14  .191439252E-14  .139956242E-14  .102062486E-14  .742410021E-15
  .538662173E-15  .389829940E-15  .281391502E-15  .202588496E-15  .145471351E-15
  .104181319E-15  .744119418E-16  .530061774E-16  .376558078E-16  .266777738E-16
  .188481947E-16  .132795341E-16  .932994515E-17  .653655180E-17  .456648253E-17
  .318103469E-17  .220952274E-17  .153024822E-17  .105669200E-17  .727524790E-18
  .499401269E-18  .341777525E-18  .233194785E-18  .158622583E-18  .107565090E-18
  .727155047E-19  .490028307E-19  .329187104E-19  .220435180E-19  .147137814E-19
  .978952815E-20  .649205164E-20  .429114810E-20  .282699387E-20  .185619868E-20
  .121467639E-20  .792175629E-21  .514867217E-21  .333480087E-21  .215245166E-21
  .138443820E-21  .887315667E-22  .566675933E-22  .360604357E-22  .228641045E-22
  .144441432E-22  .909140439E-23  .570110321E-23  .356174318E-23  .221681269E-23
  .137450056E-23  .848979270E-24  .522362639E-24  .320152200E-24  .195450432E-24
  .118849902E-24  .719828847E-25  .434224141E-25  .260878890E-25  .156095366E-25
  .930149835E-26  .551967195E-26  .326179433E-26  .191941206E-26  .112469166E-26
  .656201911E-27  .381210895E-27  .220496565E-27  .126978986E-27  .728014553E-28
  .415538236E-28  .236117990E-28  .133560679E-28  .752044934E-29  .421510742E-29
  .235156567E-29  .130578891E-29  .721672095E-30  .396955161E-30  .217300639E-30
  .118380954E-30  .641781343E-31  .346226071E-31  .185858635E-31  .992747377E-32
  .527606794E-32  .278984512E-32  .146767606E-32  .768144463E-33  .399944947E-33
  .207149568E-33  .106727444E-33  .546963126E-34  .278811903E-34  .141356963E-34
  .712782288E-35  .357446793E-35  .178263154E-35  .884073065E-36  .435985134E-36
  .213792546E-36  .104239195E-36  .505320875E-37  .243546042E-37  .116695024E-37
  .555853884E-38  .263199742E-38  .123881393E-38  .579564329E-39  .269495260E-39
  .124547019E-39  .572040676E-40  .261102076E-40  .118430042E-40  .533776841E-41
  .239046185E-41  .106366764E-41  .470229353E-42  .206524049E-42  .901085293E-43
  .390546402E-43  .168138731E-43  .718998540E-44  .305372504E-44  .128810095E-44
  .539590280E-45  .224464976E-45  .927212184E-46  .380304433E-46  .154874818E-46
  .626184996E-47  .251346015E-47  .100152947E-47  .396143500E-48  .155529546E-48
  .606064922E-49  .234393397E-49  .899633237E-50  .342651957E-50  .129503666E-50
  .485652176E-51  .180699169E-51  .667033123E-52  .244270915E-52  .887363890E-53
  .319749279E-53  .114279283E-53  .405088079E-54  .142406112E-54  .496463311E-55
  .171653525E-55  .588678075E-56  .200375814E-56  .679475322E-57  .230492701E-57
  .804063529E-58  .302652220E-58  .142636447E-58  .107547430E-58  .000000000E+00
  .000000000E+00  .000000000E+00  .000000000E+00  .000000000E+00  .000000000E+00
  .000000000E+00  .000000000E+00  .000000000E+00  .000000000E+00  .000000000E+00
  .000000000E+00  .000000000E+00  .000000000E+00  .000000000E+00  .000000000E+00
  .000000000E+00  .000000000E+00  .000000000E+00  .000000000E+00  .000000000E+00
  .000000000E+00  .000000000E+00  .000000000E+00  .000000000E+00  .000000000E+00
  .000000000E+00  .000000000E+00  .000000000E+00  .000000000E+00  .000000000E+00
  .000000000E+00  .000000000E+00  .000000000E+00  .000000000E+00  .000000000E+00
  .000000000E+00  .000000000E+00  .000000000E+00  .000000000E+00  .000000000E+00
  .000000000E+00  .000000000E+00  .000000000E+00  .000000000E+00  .000000000E+00
  .000000000E+00  .000000000E+00  .000000000E+00  .000000000E+00  .000000000E+00
  .000000000E+00  .000000000E+00  .000000000E+00  .000000000E+00  .000000000E+00
  .000000000E+00  .000000000E+00  .000000000E+00  .000000000E+00  .000000000E+00
  .000000000E+00  .000000000E+00  .000000000E+00  .000000000E+00  .000000000E+00
  .000000000E+00  .000000000E+00  .000000000E+00  .000000000E+00  .000000000E+00
  .000000000E+00  .000000000E+00  .000000000E+00  .000000000E+00  .000000000E+00
  .000000000E+00  .000000000E+00  .000000000E+00  .000000000E+00  .000000000E+00
  .000000000E+00  .000000000E+00  .000000000E+00  .000000000E+00  .000000000E+00
  .000000000E+00  .000000000E+00  .000000000E+00  .000000000E+00  .000000000E+00
  .000000000E+00  .000000000E+00  .000000000E+00  .000000000E+00  .000000000E+00
  .000000000E+00  .000000000E+00  .000000000E+00  .000000000E+00  .000000000E+00
  .000000000E+00  .000000000E+00  .000000000E+00  .000000000E+00  .000000000E+00
  .000000000E+00  .000000000E+00  .000000000E+00  .000000000E+00  .000000000E+00
  .000000000E+00  .000000000E+00  .000000000E+00  .000000000E+00  .000000000E+00
  .000000000E+00  .000000000E+00  .000000000E+00  .000000000E+00  .000000000E+00
  .000000000E+00  .000000000E+00  .000000000E+00  .000000000E+00  .000000000E+00
  .000000000E+00  .000000000E+00  .000000000E+00  .000000000E+00  .000000000E+00
  .000000000E+00  .000000000E+00  .000000000E+00  .000000000E+00  .000000000E+00
  .000000000E+00  .000000000E+00  .000000000E+00  .000000000E+00  .000000000E+00
  .000000000E+00  .000000000E+00  .000000000E+00  .000000000E+00  .000000000E+00
  .000000000E+00  .000000000E+00  .000000000E+00  .000000000E+00  .000000000E+00
  .000000000E+00  .000000000E+00  .000000000E+00  .000000000E+00  .000000000E+00
  .000000000E+00  .000000000E+00  .000000000E+00  .000000000E+00  .000000000E+00
  .000000000E+00  .000000000E+00  .000000000E+00  .000000000E+00  .000000000E+00
  .000000000E+00  .000000000E+00  .000000000E+00  .000000000E+00  .000000000E+00
  .000000000E+00  .000000000E+00  .000000000E+00  .000000000E+00  .000000000E+00
  .000000000E+00  .000000000E+00  .000000000E+00  .000000000E+00  .000000000E+00
  .000000000E+00  .000000000E+00  .000000000E+00  .000000000E+00  .000000000E+00
  .000000000E+00  .000000000E+00  .000000000E+00  .000000000E+00  .000000000E+00
  .000000000E+00  .000000000E+00  .000000000E+00  .000000000E+00  .000000000E+00
  .000000000E+00  .000000000E+00  .000000000E+00  .000000000E+00  .000000000E+00
  .000000000E+00  .000000000E+00  .000000000E+00  .000000000E+00  .000000000E+00
  .000000000E+00  .000000000E+00  .000000000E+00  .000000000E+00  .000000000E+00
  .000000000E+00  .000000000E+00  .000000000E+00  .000000000E+00  .000000000E+00
  .000000000E+00  .000000000E+00  .000000000E+00  .000000000E+00  .000000000E+00
  .000000000E+00  .000000000E+00  .000000000E+00  .000000000E+00  .000000000E+00
  .000000000E+00  .000000000E+00  .000000000E+00  .000000000E+00  .000000000E+00
  .000000000E+00  .000000000E+00  .000000000E+00  .000000000E+00  .000000000E+00
  .000000000E+00  .000000000E+00  .000000000E+00  .000000000E+00  .000000000E+00
  .000000000E+00  .000000000E+00  .000000000E+00  .000000000E+00  .000000000E+00
  .000000000E+00  .000000000E+00  .000000000E+00  .000000000E+00  .000000000E+00
  .000000000E+00  .000000000E+00  .000000000E+00  .000000000E+00  .000000000E+00
  .000000000E+00  .000000000E+00  .000000000E+00  .000000000E+00  .000000000E+00
  .000000000E+00  .000000000E+00  .000000000E+00  .000000000E+00  .000000000E+00
  .000000000E+00  .000000000E+00  .000000000E+00  .000000000E+00  .000000000E+00
  .000000000E+00  .000000000E+00  .000000000E+00  .000000000E+00  .000000000E+00
  .000000000E+00  .000000000E+00  .000000000E+00  .000000000E+00  .000000000E+00
  .000000000E+00  .000000000E+00  .000000000E+00  .000000000E+00  .000000000E+00
