  PAW Sn_d                               
 100
Core Pot   L  =         .00000   -.77889
  -.30000000E+01  .13862143E+01
  -.29500000E+01  .13665991E+01
  -.29000000E+01  .13466657E+01
  -.28500000E+01  .13263994E+01
  -.28000000E+01  .13057847E+01
  -.27500000E+01  .12848049E+01
  -.27000000E+01  .12634423E+01
  -.26500000E+01  .12416777E+01
  -.26000000E+01  .12194904E+01
  -.25500000E+01  .11968582E+01
  -.25000000E+01  .11737572E+01
  -.24500000E+01  .11501613E+01
  -.24000000E+01  .11260426E+01
  -.23500000E+01  .11013705E+01
  -.23000000E+01  .10761119E+01
  -.22500000E+01  .10502309E+01
  -.22000000E+01  .10236880E+01
  -.21500000E+01  .99644033E+00
  -.21000000E+01  .96844065E+00
  -.20500000E+01  .93963720E+00
  -.20000000E+01  .90997298E+00
  -.19500000E+01  .87938504E+00
  -.19000000E+01  .84780371E+00
  -.18500000E+01  .81515166E+00
  -.18000000E+01  .78134280E+00
  -.17500000E+01  .74628100E+00
  -.17000000E+01  .70985852E+00
  -.16500000E+01  .67195426E+00
  -.16000000E+01  .63243153E+00
  -.15500000E+01  .59113550E+00
  -.15000000E+01  .54789001E+00
  -.14500000E+01  .50249374E+00
  -.14000000E+01  .45471559E+00
  -.13500000E+01  .40428884E+00
  -.13000000E+01  .35090401E+00
  -.12500000E+01  .29419992E+00
  -.12000000E+01  .23375233E+00
  -.11500000E+01  .16905947E+00
  -.11000000E+01  .99523498E-01
  -.10500000E+01  .24426233E-01
  -.10000000E+01 -.57102838E-01
  -.95000000E+00 -.14612927E+00
  -.90000000E+00 -.24397168E+00
  -.85000000E+00 -.35228168E+00
  -.80000000E+00 -.47315637E+00
  -.75000000E+00 -.60929943E+00
  -.70000000E+00 -.76425788E+00
  -.65000000E+00 -.94277899E+00
  -.60000000E+00 -.11513652E+01
  -.55000000E+00 -.13991684E+01
  -.50000000E+00 -.16994928E+01
  -.45000000E+00 -.20724524E+01
  -.40000000E+00 -.25499676E+01
  -.35000000E+00 -.31859203E+01
  -.30000000E+00 -.40789656E+01
  -.25000000E+00 -.54312361E+01
  -.20000000E+00 -.77322384E+01
  -.15000000E+00 -.12551184E+02
  -.10000000E+00 -.29173401E+02
  -.50000000E-01  .13223314E+03
  -.22898350E-14  .21543340E+02
   .50000000E-01  .12083247E+02
   .10000000E+00  .85486579E+01
   .15000000E+00  .66933160E+01
   .20000000E+00  .55457958E+01
   .25000000E+00  .47627595E+01
   .30000000E+00  .41919676E+01
   .35000000E+00  .37555633E+01
   .40000000E+00  .34095881E+01
   .45000000E+00  .31273429E+01
   .50000000E+00  .28916734E+01
   .55000000E+00  .26910537E+01
   .60000000E+00  .25174527E+01
   .65000000E+00  .23651016E+01
   .70000000E+00  .22297496E+01
   .75000000E+00  .21081942E+01
   .80000000E+00  .19979769E+01
   .85000000E+00  .18971781E+01
   .90000000E+00  .18042766E+01
   .95000000E+00  .17180512E+01
   .10000000E+01  .16375093E+01
   .10500000E+01  .15618358E+01
   .11000000E+01  .14903544E+01
   .11500000E+01  .14224990E+01
   .12000000E+01  .13577917E+01
   .12500000E+01  .12958257E+01
   .13000000E+01  .12362525E+01
   .13500000E+01  .11787712E+01
   .14000000E+01  .11231203E+01
   .14500000E+01  .10690710E+01
   .15000000E+01  .10164221E+01
   .15500000E+01  .96499533E+00
   .16000000E+01  .91463208E+00
   .16500000E+01  .86519012E+00
   .17000000E+01  .81654134E+00
   .17500000E+01  .76856964E+00
   .18000000E+01  .72116917E+00
   .18500000E+01  .67424289E+00
   .19000000E+01  .62770128E+00
   .19500000E+01  .58146129E+00
   .20000000E+01  .53544538E+00
Potential  L  =         .00000   -.77889
  -.30000000E+01  .14204606E+01
  -.29500000E+01  .14019920E+01
  -.29000000E+01  .13832542E+01
  -.28500000E+01  .13642352E+01
  -.28000000E+01  .13449220E+01
  -.27500000E+01  .13253009E+01
  -.27000000E+01  .13053568E+01
  -.26500000E+01  .12850735E+01
  -.26000000E+01  .12644336E+01
  -.25500000E+01  .12434181E+01
  -.25000000E+01  .12220066E+01
  -.24500000E+01  .12001766E+01
  -.24000000E+01  .11779037E+01
  -.23500000E+01  .11551613E+01
  -.23000000E+01  .11319201E+01
  -.22500000E+01  .11081478E+01
  -.22000000E+01  .10838092E+01
  -.21500000E+01  .10588650E+01
  -.21000000E+01  .10332718E+01
  -.20500000E+01  .10069811E+01
  -.20000000E+01  .97993898E+00
  -.19500000E+01  .95208496E+00
  -.19000000E+01  .92335095E+00
  -.18500000E+01  .89366002E+00
  -.18000000E+01  .86292493E+00
  -.17500000E+01  .83104618E+00
  -.17000000E+01  .79790982E+00
  -.16500000E+01  .76338455E+00
  -.16000000E+01  .72731832E+00
  -.15500000E+01  .68953386E+00
  -.15000000E+01  .64982318E+00
  -.14500000E+01  .60794047E+00
  -.14000000E+01  .56359295E+00
  -.13500000E+01  .51642885E+00
  -.13000000E+01  .46602168E+00
  -.12500000E+01  .41184883E+00
  -.12000000E+01  .35326296E+00
  -.11500000E+01  .28945144E+00
  -.11000000E+01  .21938017E+00
  -.10500000E+01  .14171151E+00
  -.10000000E+01  .54684019E-01
  -.95000000E+00 -.44071185E-01
  -.90000000E+00 -.15781796E+00
  -.85000000E+00 -.29118331E+00
  -.80000000E+00 -.45095408E+00
  -.75000000E+00 -.64750627E+00
  -.70000000E+00 -.89754313E+00
  -.65000000E+00 -.12297915E+01
  -.60000000E+00 -.16982038E+01
  -.55000000E+00 -.24174529E+01
  -.50000000E+00 -.36818308E+01
  -.45000000E+00 -.65433977E+01
  -.40000000E+00 -.19658473E+02
  -.35000000E+00  .25846983E+02
  -.30000000E+00  .84033233E+01
  -.25000000E+00  .51975881E+01
  -.20000000E+00  .38363456E+01
  -.15000000E+00  .30748217E+01
  -.10000000E+00  .25823916E+01
  -.50000000E-01  .22335622E+01
  -.22898350E-14  .19702370E+01
   .50000000E-01  .17618153E+01
   .10000000E+00  .15906449E+01
   .15000000E+00  .14458176E+01
   .20000000E+00  .13202247E+01
   .25000000E+00  .12090298E+01
   .30000000E+00  .11088222E+01
   .35000000E+00  .10171226E+01
   .40000000E+00  .93208059E+00
   .45000000E+00  .85228196E+00
   .50000000E+00  .77662272E+00
   .55000000E+00  .70422347E+00
   .60000000E+00  .63437031E+00
   .65000000E+00  .56647281E+00
   .70000000E+00  .50003353E+00
   .75000000E+00  .43462571E+00
   .80000000E+00  .36987568E+00
   .85000000E+00  .30545062E+00
   .90000000E+00  .24104772E+00
   .95000000E+00  .17638601E+00
   .10000000E+01  .11119941E+00
   .10500000E+01  .45231440E-01
   .11000000E+01 -.21770707E-01
   .11500000E+01 -.90060342E-01
   .12000000E+01 -.15989583E+00
   .12500000E+01 -.23154494E+00
   .13000000E+01 -.30528933E+00
   .13500000E+01 -.38142927E+00
   .14000000E+01 -.46028876E+00
   .14500000E+01 -.54222126E+00
   .15000000E+01 -.62761656E+00
   .15500000E+01 -.71690818E+00
   .16000000E+01 -.81058264E+00
   .16500000E+01 -.90919040E+00
   .17000000E+01 -.10133593E+01
   .17500000E+01 -.11238108E+01
   .18000000E+01 -.12413806E+01
   .18500000E+01 -.13670439E+01
   .19000000E+01 -.15019482E+01
   .19500000E+01 -.16474554E+01
   .20000000E+01 -.18051952E+01
Core Pot   L  =        1.00000   -.27543
  -.30000000E+01  .15141264E+01
  -.29500000E+01  .14971131E+01
  -.29000000E+01  .14799053E+01
  -.28500000E+01  .14624969E+01
  -.28000000E+01  .14448811E+01
  -.27500000E+01  .14270510E+01
  -.27000000E+01  .14089995E+01
  -.26500000E+01  .13907187E+01
  -.26000000E+01  .13722007E+01
  -.25500000E+01  .13534370E+01
  -.25000000E+01  .13344186E+01
  -.24500000E+01  .13151360E+01
  -.24000000E+01  .12955793E+01
  -.23500000E+01  .12757379E+01
  -.23000000E+01  .12556007E+01
  -.22500000E+01  .12351558E+01
  -.22000000E+01  .12143906E+01
  -.21500000E+01  .11932919E+01
  -.21000000E+01  .11718454E+01
  -.20500000E+01  .11500362E+01
  -.20000000E+01  .11278482E+01
  -.19500000E+01  .11052644E+01
  -.19000000E+01  .10822664E+01
  -.18500000E+01  .10588348E+01
  -.18000000E+01  .10349487E+01
  -.17500000E+01  .10105858E+01
  -.17000000E+01  .98572215E+00
  -.16500000E+01  .96033197E+00
  -.16000000E+01  .93438756E+00
  -.15500000E+01  .90785907E+00
  -.15000000E+01  .88071430E+00
  -.14500000E+01  .85291843E+00
  -.14000000E+01  .82443376E+00
  -.13500000E+01  .79521941E+00
  -.13000000E+01  .76523097E+00
  -.12500000E+01  .73442006E+00
  -.12000000E+01  .70273396E+00
  -.11500000E+01  .67011502E+00
  -.11000000E+01  .63650008E+00
  -.10500000E+01  .60181983E+00
  -.10000000E+01  .56599799E+00
  -.95000000E+00  .52895043E+00
  -.90000000E+00  .49058407E+00
  -.85000000E+00  .45079574E+00
  -.80000000E+00  .40947064E+00
  -.75000000E+00  .36648076E+00
  -.70000000E+00  .32168283E+00
  -.65000000E+00  .27491597E+00
  -.60000000E+00  .22599889E+00
  -.55000000E+00  .17472655E+00
  -.50000000E+00  .12086607E+00
  -.45000000E+00  .64151847E-01
  -.40000000E+00  .42795400E-02
  -.35000000E+00 -.59101264E-01
  -.30000000E+00 -.12639616E+00
  -.25000000E+00 -.19807728E+00
  -.20000000E+00 -.27469756E+00
  -.15000000E+00 -.35690885E+00
  -.10000000E+00 -.44548512E+00
  -.50000000E-01 -.54135257E+00
  -.22898350E-14 -.64562901E+00
   .50000000E-01 -.75967626E+00
   .10000000E+00 -.88517067E+00
   .15000000E+00 -.10241996E+01
   .20000000E+00 -.11793956E+01
   .25000000E+00 -.13541276E+01
   .30000000E+00 -.15527770E+01
   .35000000E+00 -.17811501E+01
   .40000000E+00 -.20471083E+01
   .45000000E+00 -.23615665E+01
   .50000000E+00 -.27401349E+01
   .55000000E+00 -.32059495E+01
   .60000000E+00 -.37948291E+01
   .65000000E+00 -.45653478E+01
   .70000000E+00 -.56203189E+01
   .75000000E+00 -.71582848E+01
   .80000000E+00 -.96187427E+01
   .85000000E+00 -.14206898E+02
   .90000000E+00 -.25848052E+02
   .95000000E+00 -.11605211E+03
   .10000000E+01  .49909281E+02
   .10500000E+01  .21071492E+02
   .11000000E+01  .13548257E+02
   .11500000E+01  .10076569E+02
   .12000000E+01  .80724761E+01
   .12500000E+01  .67640152E+01
   .13000000E+01  .58398106E+01
   .13500000E+01  .51501512E+01
   .14000000E+01  .46141241E+01
   .14500000E+01  .41841661E+01
   .15000000E+01  .38304859E+01
   .15500000E+01  .35334719E+01
   .16000000E+01  .32796855E+01
   .16500000E+01  .30596090E+01
   .17000000E+01  .28663119E+01
   .17500000E+01  .26946277E+01
   .18000000E+01  .25406251E+01
   .18500000E+01  .24012596E+01
   .19000000E+01  .22741362E+01
   .19500000E+01  .21573446E+01
   .20000000E+01  .20493418E+01
Potential  L  =        1.00000   -.27543
  -.30000000E+01  .15253569E+01
  -.29500000E+01  .15086766E+01
  -.29000000E+01  .14918106E+01
  -.28500000E+01  .14747529E+01
  -.28000000E+01  .14574972E+01
  -.27500000E+01  .14400369E+01
  -.27000000E+01  .14223648E+01
  -.26500000E+01  .14044737E+01
  -.26000000E+01  .13863558E+01
  -.25500000E+01  .13680028E+01
  -.25000000E+01  .13494059E+01
  -.24500000E+01  .13305561E+01
  -.24000000E+01  .13114435E+01
  -.23500000E+01  .12920577E+01
  -.23000000E+01  .12723878E+01
  -.22500000E+01  .12524221E+01
  -.22000000E+01  .12321481E+01
  -.21500000E+01  .12115525E+01
  -.21000000E+01  .11906213E+01
  -.20500000E+01  .11693392E+01
  -.20000000E+01  .11476901E+01
  -.19500000E+01  .11256566E+01
  -.19000000E+01  .11032202E+01
  -.18500000E+01  .10803609E+01
  -.18000000E+01  .10570572E+01
  -.17500000E+01  .10332859E+01
  -.17000000E+01  .10090220E+01
  -.16500000E+01  .98423841E+00
  -.16000000E+01  .95890578E+00
  -.15500000E+01  .93299230E+00
  -.15000000E+01  .90646332E+00
  -.14500000E+01  .87928110E+00
  -.14000000E+01  .85140439E+00
  -.13500000E+01  .82278805E+00
  -.13000000E+01  .79338252E+00
  -.12500000E+01  .76313331E+00
  -.12000000E+01  .73198028E+00
  -.11500000E+01  .69985695E+00
  -.11000000E+01  .66668958E+00
  -.10500000E+01  .63239613E+00
  -.10000000E+01  .59688504E+00
  -.95000000E+00  .56005380E+00
  -.90000000E+00  .52178722E+00
  -.85000000E+00  .48195538E+00
  -.80000000E+00  .44041113E+00
  -.75000000E+00  .39698715E+00
  -.70000000E+00  .35149230E+00
  -.65000000E+00  .30370723E+00
  -.60000000E+00  .25337871E+00
  -.55000000E+00  .20021306E+00
  -.50000000E+00  .14386747E+00
  -.45000000E+00  .83939236E-01
  -.40000000E+00  .19952002E-01
  -.35000000E+00 -.48662016E-01
  -.30000000E+00 -.12258521E+00
  -.25000000E+00 -.20264516E+00
  -.20000000E+00 -.28985564E+00
  -.15000000E+00 -.38547226E+00
  -.10000000E+00 -.49106948E+00
  -.50000000E-01 -.60864892E+00
  -.22898350E-14 -.74079521E+00
   .50000000E-01 -.89090532E+00
   .10000000E+00 -.10635356E+01
   .15000000E+00 -.12649430E+01
   .20000000E+00 -.15039617E+01
   .25000000E+00 -.17934828E+01
   .30000000E+00 -.21530873E+01
   .35000000E+00 -.26140352E+01
   .40000000E+00 -.32295023E+01
   .45000000E+00 -.40978724E+01
   .50000000E+00 -.54237569E+01
   .55000000E+00 -.77143938E+01
   .60000000E+00 -.12667437E+02
   .65000000E+00 -.31621057E+02
   .70000000E+00  .77501715E+02
   .75000000E+00  .18140189E+02
   .80000000E+00  .10475337E+02
   .85000000E+00  .74474283E+01
   .90000000E+00  .58178463E+01
   .95000000E+00  .47942268E+01
   .10000000E+01  .40876362E+01
   .10500000E+01  .35675487E+01
   .11000000E+01  .31663692E+01
   .11500000E+01  .28455833E+01
   .12000000E+01  .25816339E+01
   .12500000E+01  .23593003E+01
   .13000000E+01  .21683076E+01
   .13500000E+01  .20014668E+01
   .14000000E+01  .18535954E+01
   .14500000E+01  .17208578E+01
   .15000000E+01  .16003585E+01
   .15500000E+01  .14898637E+01
   .16000000E+01  .13876225E+01
   .16500000E+01  .12922416E+01
   .17000000E+01  .12025961E+01
   .17500000E+01  .11177667E+01
   .18000000E+01  .10369925E+01
   .18500000E+01  .95963717E+00
   .19000000E+01  .88516238E+00
   .19500000E+01  .81310812E+00
   .20000000E+01  .74307723E+00
Core Pot   L  =        2.00000  -1.90451
  -.30000000E+01  .16648055E+01
  -.29500000E+01  .16476941E+01
  -.29000000E+01  .16301876E+01
  -.28500000E+01  .16122393E+01
  -.28000000E+01  .15937926E+01
  -.27500000E+01  .15747785E+01
  -.27000000E+01  .15551117E+01
  -.26500000E+01  .15346851E+01
  -.26000000E+01  .15133629E+01
  -.25500000E+01  .14909692E+01
  -.25000000E+01  .14672723E+01
  -.24500000E+01  .14419605E+01
  -.24000000E+01  .14146032E+01
  -.23500000E+01  .13845884E+01
  -.23000000E+01  .13510149E+01
  -.22500000E+01  .13124976E+01
  -.22000000E+01  .12667909E+01
  -.21500000E+01  .12099961E+01
  -.21000000E+01  .11346931E+01
  -.20500000E+01  .10248002E+01
  -.20000000E+01  .83771530E+00
  -.19500000E+01  .41126001E+00
  -.19000000E+01 -.19431923E+01
  -.18500000E+01  .38320871E+01
  -.18000000E+01  .22518394E+01
  -.17500000E+01  .18853029E+01
  -.17000000E+01  .17138279E+01
  -.16500000E+01  .16093771E+01
  -.16000000E+01  .15357740E+01
  -.15500000E+01  .14788469E+01
  -.15000000E+01  .14319042E+01
  -.14500000E+01  .13913727E+01
  -.14000000E+01  .13551689E+01
  -.13500000E+01  .13219946E+01
  -.13000000E+01  .12909976E+01
  -.12500000E+01  .12615941E+01
  -.12000000E+01  .12333698E+01
  -.11500000E+01  .12060214E+01
  -.11000000E+01  .11793211E+01
  -.10500000E+01  .11530936E+01
  -.10000000E+01  .11272007E+01
  -.95000000E+00  .11015317E+01
  -.90000000E+00  .10759958E+01
  -.85000000E+00  .10505173E+01
  -.80000000E+00  .10250318E+01
  -.75000000E+00  .99948365E+00
  -.70000000E+00  .97382383E+00
  -.65000000E+00  .94800849E+00
  -.60000000E+00  .92199766E+00
  -.55000000E+00  .89575439E+00
  -.50000000E+00  .86924394E+00
  -.45000000E+00  .84243317E+00
  -.40000000E+00  .81529006E+00
  -.35000000E+00  .78778325E+00
  -.30000000E+00  .75988167E+00
  -.25000000E+00  .73155421E+00
  -.20000000E+00  .70276945E+00
  -.15000000E+00  .67349532E+00
  -.10000000E+00  .64369889E+00
  -.50000000E-01  .61334612E+00
  -.22898350E-14  .58240156E+00
   .50000000E-01  .55082813E+00
   .10000000E+00  .51858686E+00
   .15000000E+00  .48563658E+00
   .20000000E+00  .45193366E+00
   .25000000E+00  .41743169E+00
   .30000000E+00  .38208109E+00
   .35000000E+00  .34582885E+00
   .40000000E+00  .30861791E+00
   .45000000E+00  .27038698E+00
   .50000000E+00  .23106976E+00
   .55000000E+00  .19059454E+00
   .60000000E+00  .14888344E+00
   .65000000E+00  .10585176E+00
   .70000000E+00  .61407067E-01
   .75000000E+00  .15448300E-01
   .80000000E+00 -.32135374E-01
   .85000000E+00 -.81465798E-01
   .90000000E+00 -.13267729E+00
   .95000000E+00 -.18591835E+00
   .10000000E+01 -.24135358E+00
   .10500000E+01 -.29916608E+00
   .11000000E+01 -.35956004E+00
   .11500000E+01 -.42276405E+00
   .12000000E+01 -.48903481E+00
   .12500000E+01 -.55866169E+00
   .13000000E+01 -.63197213E+00
   .13500000E+01 -.70933818E+00
   .14000000E+01 -.79118441E+00
   .14500000E+01 -.87799757E+00
   .15000000E+01 -.97033849E+00
   .15500000E+01 -.10688568E+01
   .16000000E+01 -.11743092E+01
   .16500000E+01 -.12875827E+01
   .17000000E+01 -.14097239E+01
   .17500000E+01 -.15419767E+01
   .18000000E+01 -.16858311E+01
   .18500000E+01 -.18430877E+01
   .19000000E+01 -.20159424E+01
   .19500000E+01 -.22071023E+01
   .20000000E+01 -.24199431E+01
Potential  L  =        2.00000  -1.90451
  -.30000000E+01  .14975375E+01
  -.29500000E+01  .14706085E+01
  -.29000000E+01  .14423706E+01
  -.28500000E+01  .14126527E+01
  -.28000000E+01  .13812514E+01
  -.27500000E+01  .13479221E+01
  -.27000000E+01  .13123683E+01
  -.26500000E+01  .12742273E+01
  -.26000000E+01  .12330498E+01
  -.25500000E+01  .11882732E+01
  -.25000000E+01  .11391827E+01
  -.24500000E+01  .10848563E+01
  -.24000000E+01  .10240835E+01
  -.23500000E+01  .95524297E+00
  -.23000000E+01  .87611161E+00
  -.22500000E+01  .78355660E+00
  -.22000000E+01  .67301651E+00
  -.21500000E+01  .53758147E+00
  -.21000000E+01  .36625948E+00
  -.20500000E+01  .14043495E+00
  -.20000000E+01 -.17412461E+00
  -.19500000E+01 -.64799790E+00
  -.19000000E+01 -.14537770E+01
  -.18500000E+01 -.31546856E+01
  -.18000000E+01 -.92500881E+01
  -.17500000E+01  .36911657E+02
  -.17000000E+01  .81534969E+01
  -.16500000E+01  .51422586E+01
  -.16000000E+01  .39842843E+01
  -.15500000E+01  .33659490E+01
  -.15000000E+01  .29777905E+01
  -.14500000E+01  .27089500E+01
  -.14000000E+01  .25098768E+01
  -.13500000E+01  .23550947E+01
  -.13000000E+01  .22301594E+01
  -.12500000E+01  .21262769E+01
  -.12000000E+01  .20377803E+01
  -.11500000E+01  .19608551E+01
  -.11000000E+01  .18928385E+01
  -.10500000E+01  .18318151E+01
  -.10000000E+01  .17763711E+01
  -.95000000E+00  .17254402E+01
  -.90000000E+00  .16782021E+01
  -.85000000E+00  .16340155E+01
  -.80000000E+00  .15923716E+01
  -.75000000E+00  .15528607E+01
  -.70000000E+00  .15151494E+01
  -.65000000E+00  .14789630E+01
  -.60000000E+00  .14440732E+01
  -.55000000E+00  .14102880E+01
  -.50000000E+00  .13774449E+01
  -.45000000E+00  .13454049E+01
  -.40000000E+00  .13140483E+01
  -.35000000E+00  .12832712E+01
  -.30000000E+00  .12529825E+01
  -.25000000E+00  .12231021E+01
  -.20000000E+00  .11935590E+01
  -.15000000E+00  .11642893E+01
  -.10000000E+00  .11352360E+01
  -.50000000E-01  .11063469E+01
  -.22898350E-14  .10775747E+01
   .50000000E-01  .10488757E+01
   .10000000E+00  .10202093E+01
   .15000000E+00  .99153774E+00
   .20000000E+00  .96282558E+00
   .25000000E+00  .93403911E+00
   .30000000E+00  .90514622E+00
   .35000000E+00  .87611607E+00
   .40000000E+00  .84691878E+00
   .45000000E+00  .81752527E+00
   .50000000E+00  .78790698E+00
   .55000000E+00  .75803573E+00
   .60000000E+00  .72788349E+00
   .65000000E+00  .69742226E+00
   .70000000E+00  .66662384E+00
   .75000000E+00  .63545976E+00
   .80000000E+00  .60390104E+00
   .85000000E+00  .57191808E+00
   .90000000E+00  .53948053E+00
   .95000000E+00  .50655705E+00
   .10000000E+01  .47311524E+00
   .10500000E+01  .43912153E+00
   .11000000E+01  .40454063E+00
   .11500000E+01  .36933585E+00
   .12000000E+01  .33346866E+00
   .12500000E+01  .29689845E+00
   .13000000E+01  .25958235E+00
   .13500000E+01  .22147496E+00
   .14000000E+01  .18252812E+00
   .14500000E+01  .14269060E+00
   .15000000E+01  .10190749E+00
   .15500000E+01  .60120706E-01
   .16000000E+01  .17267442E-01
   .16500000E+01 -.26719554E-01
   .17000000E+01 -.71912733E-01
   .17500000E+01 -.11839015E+00
   .18000000E+01 -.16623626E+00
   .18500000E+01 -.21554255E+00
   .19000000E+01 -.26640836E+00
   .19500000E+01 -.31894183E+00
   .20000000E+01 -.37326088E+00
Core Pot   L  =        3.00000   -.10000
  -.30000000E+01  .19213869E+01
  -.29500000E+01  .19085462E+01
  -.29000000E+01  .18956229E+01
  -.28500000E+01  .18826155E+01
  -.28000000E+01  .18695222E+01
  -.27500000E+01  .18563414E+01
  -.27000000E+01  .18430715E+01
  -.26500000E+01  .18297106E+01
  -.26000000E+01  .18162570E+01
  -.25500000E+01  .18027087E+01
  -.25000000E+01  .17890638E+01
  -.24500000E+01  .17753203E+01
  -.24000000E+01  .17614762E+01
  -.23500000E+01  .17475291E+01
  -.23000000E+01  .17334770E+01
  -.22500000E+01  .17193175E+01
  -.22000000E+01  .17050482E+01
  -.21500000E+01  .16906666E+01
  -.21000000E+01  .16761702E+01
  -.20500000E+01  .16615563E+01
  -.20000000E+01  .16468221E+01
  -.19500000E+01  .16319648E+01
  -.19000000E+01  .16169813E+01
  -.18500000E+01  .16018686E+01
  -.18000000E+01  .15866234E+01
  -.17500000E+01  .15712424E+01
  -.17000000E+01  .15557220E+01
  -.16500000E+01  .15400587E+01
  -.16000000E+01  .15242486E+01
  -.15500000E+01  .15082877E+01
  -.15000000E+01  .14921720E+01
  -.14500000E+01  .14758970E+01
  -.14000000E+01  .14594583E+01
  -.13500000E+01  .14428511E+01
  -.13000000E+01  .14260705E+01
  -.12500000E+01  .14091113E+01
  -.12000000E+01  .13919681E+01
  -.11500000E+01  .13746351E+01
  -.11000000E+01  .13571065E+01
  -.10500000E+01  .13393758E+01
  -.10000000E+01  .13214365E+01
  -.95000000E+00  .13032816E+01
  -.90000000E+00  .12849038E+01
  -.85000000E+00  .12662953E+01
  -.80000000E+00  .12474480E+01
  -.75000000E+00  .12283533E+01
  -.70000000E+00  .12090020E+01
  -.65000000E+00  .11893844E+01
  -.60000000E+00  .11694904E+01
  -.55000000E+00  .11493091E+01
  -.50000000E+00  .11288289E+01
  -.45000000E+00  .11080375E+01
  -.40000000E+00  .10869220E+01
  -.35000000E+00  .10654682E+01
  -.30000000E+00  .10436614E+01
  -.25000000E+00  .10214856E+01
  -.20000000E+00  .99892375E+00
  -.15000000E+00  .97595761E+00
  -.10000000E+00  .95256751E+00
  -.50000000E-01  .92873233E+00
  -.22898350E-14  .90442929E+00
   .50000000E-01  .87963380E+00
   .10000000E+00  .85431928E+00
   .15000000E+00  .82845690E+00
   .20000000E+00  .80201538E+00
   .25000000E+00  .77496066E+00
   .30000000E+00  .74725563E+00
   .35000000E+00  .71885969E+00
   .40000000E+00  .68972840E+00
   .45000000E+00  .65981292E+00
   .50000000E+00  .62905949E+00
   .55000000E+00  .59740873E+00
   .60000000E+00  .56479488E+00
   .65000000E+00  .53114491E+00
   .70000000E+00  .49637740E+00
   .75000000E+00  .46040134E+00
   .80000000E+00  .42311456E+00
   .85000000E+00  .38440198E+00
   .90000000E+00  .34413344E+00
   .95000000E+00  .30216101E+00
   .10000000E+01  .25831596E+00
   .10500000E+01  .21240471E+00
   .11000000E+01  .16420410E+00
   .11500000E+01  .11345539E+00
   .12000000E+01  .59856759E-01
   .12500000E+01  .30538353E-02
   .13000000E+01 -.57372454E-01
   .13500000E+01 -.12192150E+00
   .14000000E+01 -.19119346E+00
   .14500000E+01 -.26591626E+00
   .15000000E+01 -.34698180E+00
   .15500000E+01 -.43549528E+00
   .16000000E+01 -.53284342E+00
   .16500000E+01 -.64079074E+00
   .17000000E+01 -.76161829E+00
   .17500000E+01 -.89832839E+00
   .18000000E+01 -.10549553E+01
   .18500000E+01 -.12370513E+01
   .19000000E+01 -.14524773E+01
   .19500000E+01 -.17127435E+01
   .20000000E+01 -.20354085E+01
Potential  L  =        3.00000   -.10000
  -.30000000E+01  .19225870E+01
  -.29500000E+01  .19097454E+01
  -.29000000E+01  .18968207E+01
  -.28500000E+01  .18838113E+01
  -.28000000E+01  .18707156E+01
  -.27500000E+01  .18575320E+01
  -.27000000E+01  .18442587E+01
  -.26500000E+01  .18308939E+01
  -.26000000E+01  .18174357E+01
  -.25500000E+01  .18038823E+01
  -.25000000E+01  .17902316E+01
  -.24500000E+01  .17764817E+01
  -.24000000E+01  .17626303E+01
  -.23500000E+01  .17486754E+01
  -.23000000E+01  .17346147E+01
  -.22500000E+01  .17204458E+01
  -.22000000E+01  .17061664E+01
  -.21500000E+01  .16917738E+01
  -.21000000E+01  .16772655E+01
  -.20500000E+01  .16626388E+01
  -.20000000E+01  .16478909E+01
  -.19500000E+01  .16330189E+01
  -.19000000E+01  .16180198E+01
  -.18500000E+01  .16028904E+01
  -.18000000E+01  .15876274E+01
  -.17500000E+01  .15722276E+01
  -.17000000E+01  .15566873E+01
  -.16500000E+01  .15410029E+01
  -.16000000E+01  .15251705E+01
  -.15500000E+01  .15091862E+01
  -.15000000E+01  .14930458E+01
  -.14500000E+01  .14767450E+01
  -.14000000E+01  .14602791E+01
  -.13500000E+01  .14436436E+01
  -.13000000E+01  .14268334E+01
  -.12500000E+01  .14098433E+01
  -.12000000E+01  .13926680E+01
  -.11500000E+01  .13753018E+01
  -.11000000E+01  .13577386E+01
  -.10500000E+01  .13399723E+01
  -.10000000E+01  .13219963E+01
  -.95000000E+00  .13038037E+01
  -.90000000E+00  .12853873E+01
  -.85000000E+00  .12667394E+01
  -.80000000E+00  .12478521E+01
  -.75000000E+00  .12287169E+01
  -.70000000E+00  .12093248E+01
  -.65000000E+00  .11896666E+01
  -.60000000E+00  .11697321E+01
  -.55000000E+00  .11495109E+01
  -.50000000E+00  .11289920E+01
  -.45000000E+00  .11081634E+01
  -.40000000E+00  .10870126E+01
  -.35000000E+00  .10655265E+01
  -.30000000E+00  .10436908E+01
  -.25000000E+00  .10214905E+01
  -.20000000E+00  .99890966E+00
  -.15000000E+00  .97593115E+00
  -.10000000E+00  .95253675E+00
  -.50000000E-01  .92870694E+00
  -.22898350E-14  .90442085E+00
   .50000000E-01  .87965608E+00
   .10000000E+00  .85438860E+00
   .15000000E+00  .82859255E+00
   .20000000E+00  .80224011E+00
   .25000000E+00  .77530125E+00
   .30000000E+00  .74774354E+00
   .35000000E+00  .71953188E+00
   .40000000E+00  .69062822E+00
   .45000000E+00  .66099125E+00
   .50000000E+00  .63057600E+00
   .55000000E+00  .59933345E+00
   .60000000E+00  .56721005E+00
   .65000000E+00  .53414716E+00
   .70000000E+00  .50008042E+00
   .75000000E+00  .46493905E+00
   .80000000E+00  .42864499E+00
   .85000000E+00  .39111192E+00
   .90000000E+00  .35224419E+00
   .95000000E+00  .31193535E+00
   .10000000E+01  .27006672E+00
   .10500000E+01  .22650561E+00
   .11000000E+01  .18110290E+00
   .11500000E+01  .13369065E+00
   .12000000E+01  .84078894E-01
   .12500000E+01  .32051878E-01
   .13000000E+01 -.22636462E-01
   .13500000E+01 -.80268093E-01
   .14000000E+01 -.14116770E+00
   .14500000E+01 -.20571118E+00
   .15000000E+01 -.27433616E+00
   .15500000E+01 -.34755530E+00
   .16000000E+01 -.42597317E+00
   .16500000E+01 -.51030789E+00
   .17000000E+01 -.60141919E+00
   .17500000E+01 -.70034522E+00
   .18000000E+01 -.80835154E+00
   .18500000E+01 -.92699710E+00
   .19000000E+01 -.10582247E+01
   .19500000E+01 -.12044870E+01
   .20000000E+01 -.13689260E+01
Core Pot   L  =        4.00000    .00000
  -.30000000E+01  .21808551E+01
  -.29500000E+01  .21697229E+01
  -.29000000E+01  .21585390E+01
  -.28500000E+01  .21473013E+01
  -.28000000E+01  .21360116E+01
  -.27500000E+01  .21246681E+01
  -.27000000E+01  .21132692E+01
  -.26500000E+01  .21018151E+01
  -.26000000E+01  .20903059E+01
  -.25500000E+01  .20787385E+01
  -.25000000E+01  .20671118E+01
  -.24500000E+01  .20554285E+01
  -.24000000E+01  .20436849E+01
  -.23500000E+01  .20318815E+01
  -.23000000E+01  .20200166E+01
  -.22500000E+01  .20080899E+01
  -.22000000E+01  .19961003E+01
  -.21500000E+01  .19840465E+01
  -.21000000E+01  .19719292E+01
  -.20500000E+01  .19597436E+01
  -.20000000E+01  .19474926E+01
  -.19500000E+01  .19351738E+01
  -.19000000E+01  .19227861E+01
  -.18500000E+01  .19103285E+01
  -.18000000E+01  .18977998E+01
  -.17500000E+01  .18851990E+01
  -.17000000E+01  .18725249E+01
  -.16500000E+01  .18597764E+01
  -.16000000E+01  .18469522E+01
  -.15500000E+01  .18340511E+01
  -.15000000E+01  .18210718E+01
  -.14500000E+01  .18080131E+01
  -.14000000E+01  .17948735E+01
  -.13500000E+01  .17816518E+01
  -.13000000E+01  .17683466E+01
  -.12500000E+01  .17549563E+01
  -.12000000E+01  .17414795E+01
  -.11500000E+01  .17279147E+01
  -.11000000E+01  .17142603E+01
  -.10500000E+01  .17005148E+01
  -.10000000E+01  .16866764E+01
  -.95000000E+00  .16727435E+01
  -.90000000E+00  .16587143E+01
  -.85000000E+00  .16445870E+01
  -.80000000E+00  .16303598E+01
  -.75000000E+00  .16160308E+01
  -.70000000E+00  .16015980E+01
  -.65000000E+00  .15870595E+01
  -.60000000E+00  .15724130E+01
  -.55000000E+00  .15576566E+01
  -.50000000E+00  .15427879E+01
  -.45000000E+00  .15278047E+01
  -.40000000E+00  .15127047E+01
  -.35000000E+00  .14974855E+01
  -.30000000E+00  .14821445E+01
  -.25000000E+00  .14666793E+01
  -.20000000E+00  .14510870E+01
  -.15000000E+00  .14353651E+01
  -.10000000E+00  .14195105E+01
  -.50000000E-01  .14035205E+01
  -.22898350E-14  .13873920E+01
   .50000000E-01  .13711219E+01
   .10000000E+00  .13547069E+01
   .15000000E+00  .13381436E+01
   .20000000E+00  .13214286E+01
   .25000000E+00  .13045583E+01
   .30000000E+00  .12875290E+01
   .35000000E+00  .12703368E+01
   .40000000E+00  .12529777E+01
   .45000000E+00  .12354476E+01
   .50000000E+00  .12177421E+01
   .55000000E+00  .11998568E+01
   .60000000E+00  .11817870E+01
   .65000000E+00  .11635279E+01
   .70000000E+00  .11450746E+01
   .75000000E+00  .11264216E+01
   .80000000E+00  .11075638E+01
   .85000000E+00  .10884953E+01
   .90000000E+00  .10692104E+01
   .95000000E+00  .10497028E+01
   .10000000E+01  .10299663E+01
   .10500000E+01  .10099941E+01
   .11000000E+01  .98977928E+00
   .11500000E+01  .96931463E+00
   .12000000E+01  .94859254E+00
   .12500000E+01  .92760510E+00
   .13000000E+01  .90634403E+00
   .13500000E+01  .88480066E+00
   .14000000E+01  .86296591E+00
   .14500000E+01  .84083030E+00
   .15000000E+01  .81838385E+00
   .15500000E+01  .79561611E+00
   .16000000E+01  .77251613E+00
   .16500000E+01  .74907238E+00
   .17000000E+01  .72527276E+00
   .17500000E+01  .70110454E+00
   .18000000E+01  .67655431E+00
   .18500000E+01  .65160798E+00
   .19000000E+01  .62625065E+00
   .19500000E+01  .60046665E+00
   .20000000E+01  .57423939E+00
Potential  L  =        4.00000    .00000
  -.30000000E+01  .21820916E+01
  -.29500000E+01  .21709687E+01
  -.29000000E+01  .21597938E+01
  -.28500000E+01  .21485662E+01
  -.28000000E+01  .21372854E+01
  -.27500000E+01  .21259505E+01
  -.27000000E+01  .21145608E+01
  -.26500000E+01  .21031157E+01
  -.26000000E+01  .20916143E+01
  -.25500000E+01  .20800558E+01
  -.25000000E+01  .20684395E+01
  -.24500000E+01  .20567645E+01
  -.24000000E+01  .20450300E+01
  -.23500000E+01  .20332351E+01
  -.23000000E+01  .20213789E+01
  -.22500000E+01  .20094606E+01
  -.22000000E+01  .19974795E+01
  -.21500000E+01  .19854341E+01
  -.21000000E+01  .19733238E+01
  -.20500000E+01  .19611476E+01
  -.20000000E+01  .19489046E+01
  -.19500000E+01  .19365935E+01
  -.19000000E+01  .19242135E+01
  -.18500000E+01  .19117632E+01
  -.18000000E+01  .18992419E+01
  -.17500000E+01  .18866483E+01
  -.17000000E+01  .18739810E+01
  -.16500000E+01  .18612392E+01
  -.16000000E+01  .18484214E+01
  -.15500000E+01  .18355264E+01
  -.15000000E+01  .18225530E+01
  -.14500000E+01  .18094997E+01
  -.14000000E+01  .17963654E+01
  -.13500000E+01  .17831485E+01
  -.13000000E+01  .17698477E+01
  -.12500000E+01  .17564615E+01
  -.12000000E+01  .17429884E+01
  -.11500000E+01  .17294267E+01
  -.11000000E+01  .17157749E+01
  -.10500000E+01  .17020314E+01
  -.10000000E+01  .16881945E+01
  -.95000000E+00  .16742625E+01
  -.90000000E+00  .16602336E+01
  -.85000000E+00  .16461059E+01
  -.80000000E+00  .16318775E+01
  -.75000000E+00  .16175465E+01
  -.70000000E+00  .16031110E+01
  -.65000000E+00  .15885687E+01
  -.60000000E+00  .15739176E+01
  -.55000000E+00  .15591555E+01
  -.50000000E+00  .15442802E+01
  -.45000000E+00  .15292892E+01
  -.40000000E+00  .15141802E+01
  -.35000000E+00  .14989507E+01
  -.30000000E+00  .14835981E+01
  -.25000000E+00  .14681197E+01
  -.20000000E+00  .14525129E+01
  -.15000000E+00  .14367747E+01
  -.10000000E+00  .14209023E+01
  -.50000000E-01  .14048925E+01
  -.22898350E-14  .13887424E+01
   .50000000E-01  .13724485E+01
   .10000000E+00  .13560076E+01
   .15000000E+00  .13394161E+01
   .20000000E+00  .13226705E+01
   .25000000E+00  .13057669E+01
   .30000000E+00  .12887016E+01
   .35000000E+00  .12714705E+01
   .40000000E+00  .12540693E+01
   .45000000E+00  .12364938E+01
   .50000000E+00  .12187395E+01
   .55000000E+00  .12008016E+01
   .60000000E+00  .11826753E+01
   .65000000E+00  .11643554E+01
   .70000000E+00  .11458368E+01
   .75000000E+00  .11271139E+01
   .80000000E+00  .11081810E+01
   .85000000E+00  .10890321E+01
   .90000000E+00  .10696610E+01
   .95000000E+00  .10500612E+01
   .10000000E+01  .10302259E+01
   .10500000E+01  .10101480E+01
   .11000000E+01  .98982018E+00
   .11500000E+01  .96923463E+00
   .12000000E+01  .94838329E+00
   .12500000E+01  .92725765E+00
   .13000000E+01  .90584886E+00
   .13500000E+01  .88414758E+00
   .14000000E+01  .86214407E+00
   .14500000E+01  .83982808E+00
   .15000000E+01  .81718884E+00
   .15500000E+01  .79421503E+00
   .16000000E+01  .77089477E+00
   .16500000E+01  .74721553E+00
   .17000000E+01  .72316412E+00
   .17500000E+01  .69872664E+00
   .18000000E+01  .67388842E+00
   .18500000E+01  .64863398E+00
   .19000000E+01  .62294695E+00
   .19500000E+01  .59681003E+00
   .20000000E+01  .57020491E+00
KBPotential  L  =      2.00000  -3.80903
  -.30000000E+01  .16657540E+01
  -.29500000E+01  .16486323E+01
  -.29000000E+01  .16311150E+01
  -.28500000E+01  .16131551E+01
  -.28000000E+01  .15946962E+01
  -.27500000E+01  .15756691E+01
  -.27000000E+01  .15559885E+01
  -.26500000E+01  .15355474E+01
  -.26000000E+01  .15142096E+01
  -.25500000E+01  .14917994E+01
  -.25000000E+01  .14680850E+01
  -.24500000E+01  .14427544E+01
  -.24000000E+01  .14153769E+01
  -.23500000E+01  .13853403E+01
  -.23000000E+01  .13517429E+01
  -.22500000E+01  .13131991E+01
  -.22000000E+01  .12674625E+01
  -.21500000E+01  .12106328E+01
  -.21000000E+01  .11352871E+01
  -.20500000E+01  .10253379E+01
  -.20000000E+01  .83816796E+00
  -.19500000E+01  .41154762E+00
  -.19000000E+01 -.19434478E+01
  -.18500000E+01  .38340338E+01
  -.18000000E+01  .22528542E+01
  -.17500000E+01  .18861222E+01
  -.17000000E+01  .17145506E+01
  -.16500000E+01  .16100351E+01
  -.16000000E+01  .15363812E+01
  -.15500000E+01  .14794107E+01
  -.15000000E+01  .14324286E+01
  -.14500000E+01  .13918602E+01
  -.14000000E+01  .13556212E+01
  -.13500000E+01  .13224128E+01
  -.13000000E+01  .12913824E+01
  -.12500000E+01  .12619460E+01
  -.12000000E+01  .12336895E+01
  -.11500000E+01  .12063095E+01
  -.11000000E+01  .11795780E+01
  -.10500000E+01  .11533197E+01
  -.10000000E+01  .11273968E+01
  -.95000000E+00  .11016986E+01
  -.90000000E+00  .10761346E+01
  -.85000000E+00  .10506289E+01
  -.80000000E+00  .10251175E+01
  -.75000000E+00  .99954497E+00
  -.70000000E+00  .97386265E+00
  -.65000000E+00  .94802731E+00
  -.60000000E+00  .92199796E+00
  -.55000000E+00  .89574153E+00
  -.50000000E+00  .86922018E+00
  -.45000000E+00  .84240266E+00
  -.40000000E+00  .81525751E+00
  -.35000000E+00  .78775407E+00
  -.30000000E+00  .75986204E+00
  -.25000000E+00  .73155120E+00
  -.20000000E+00  .70279110E+00
  -.15000000E+00  .67355080E+00
  -.10000000E+00  .64379861E+00
  -.50000000E-01  .61350188E+00
  -.22898350E-14  .58262676E+00
   .50000000E-01  .55113793E+00
   .10000000E+00  .51899845E+00
   .15000000E+00  .48616939E+00
   .20000000E+00  .45260967E+00
   .25000000E+00  .41827580E+00
   .30000000E+00  .38312144E+00
   .35000000E+00  .34709727E+00
   .40000000E+00  .31015599E+00
   .45000000E+00  .27221772E+00
   .50000000E+00  .23325745E+00
   .55000000E+00  .19318693E+00
   .60000000E+00  .15193896E+00
   .65000000E+00  .10943796E+00
   .70000000E+00  .65600761E-01
   .75000000E+00  .20336893E-01
   .80000000E+00 -.26452263E-01
   .85000000E+00 -.74874474E-01
   .90000000E+00 -.12504779E+00
   .95000000E+00 -.17710185E+00
   .10000000E+01 -.23117937E+00
   .10500000E+01 -.28743788E+00
   .11000000E+01 -.34605176E+00
   .11500000E+01 -.40721456E+00
   .12000000E+01 -.47114178E+00
   .12500000E+01 -.53807408E+00
   .13000000E+01 -.60828115E+00
   .13500000E+01 -.68206619E+00
   .14000000E+01 -.75977140E+00
   .14500000E+01 -.84178444E+00
   .15000000E+01 -.92854644E+00
   .15500000E+01 -.10205610E+01
   .16000000E+01 -.11184049E+01
   .16500000E+01 -.12227491E+01
   .17000000E+01 -.13343679E+01
   .17500000E+01 -.14541585E+01
   .18000000E+01 -.15831854E+01
   .18500000E+01 -.17227002E+01
   .19000000E+01 -.18741953E+01
   .19500000E+01 -.20394595E+01
   .20000000E+01 -.22206594E+01
KBPotential  L  =       .00000  -1.55778
  -.30000000E+01  .13858747E+01
  -.29500000E+01  .13662623E+01
  -.29000000E+01  .13463317E+01
  -.28500000E+01  .13260684E+01
  -.28000000E+01  .13054569E+01
  -.27500000E+01  .12844805E+01
  -.27000000E+01  .12631215E+01
  -.26500000E+01  .12413605E+01
  -.26000000E+01  .12191771E+01
  -.25500000E+01  .11965489E+01
  -.25000000E+01  .11734521E+01
  -.24500000E+01  .11498606E+01
  -.24000000E+01  .11257465E+01
  -.23500000E+01  .11010792E+01
  -.23000000E+01  .10758257E+01
  -.22500000E+01  .10499498E+01
  -.22000000E+01  .10234124E+01
  -.21500000E+01  .99617039E+00
  -.21000000E+01  .96817660E+00
  -.20500000E+01  .93937927E+00
  -.20000000E+01  .90972139E+00
  -.19500000E+01  .87914002E+00
  -.19000000E+01  .84756550E+00
  -.18500000E+01  .81492049E+00
  -.18000000E+01  .78111891E+00
  -.17500000E+01  .74606461E+00
  -.17000000E+01  .70964987E+00
  -.16500000E+01  .67175356E+00
  -.16000000E+01  .63223898E+00
  -.15500000E+01  .59095131E+00
  -.15000000E+01  .54771434E+00
  -.14500000E+01  .50232677E+00
  -.14000000E+01  .45455731E+00
  -.13500000E+01  .40413951E+00
  -.13000000E+01  .35076361E+00
  -.12500000E+01  .29406841E+00
  -.12000000E+01  .23362965E+00
  -.11500000E+01  .16894531E+00
  -.11000000E+01  .99417506E-01
  -.10500000E+01  .24327836E-01
  -.10000000E+01 -.57194452E-01
  -.95000000E+00 -.14621525E+00
  -.90000000E+00 -.24405359E+00
  -.85000000E+00 -.35236174E+00
  -.80000000E+00 -.47323758E+00
  -.75000000E+00 -.60938600E+00
  -.70000000E+00 -.76435572E+00
  -.65000000E+00 -.94289652E+00
  -.60000000E+00 -.11515146E+01
  -.55000000E+00 -.13993678E+01
  -.50000000E+00 -.16997701E+01
  -.45000000E+00 -.20728520E+01
  -.40000000E+00 -.25505644E+01
  -.35000000E+00 -.31868488E+01
  -.30000000E+00 -.40804906E+01
  -.25000000E+00 -.54339505E+01
  -.20000000E+00 -.77377610E+01
  -.15000000E+00 -.12565768E+02
  -.10000000E+00 -.29252224E+02
  -.50000000E-01  .13064510E+03
  -.22898350E-14  .21501148E+02
   .50000000E-01  .12070149E+02
   .10000000E+00  .85422280E+01
   .15000000E+00  .66894747E+01
   .20000000E+00  .55432439E+01
   .25000000E+00  .47609527E+01
   .30000000E+00  .41906358E+01
   .35000000E+00  .37545562E+01
   .40000000E+00  .34088156E+01
   .45000000E+00  .31267474E+01
   .50000000E+00  .28912143E+01
   .55000000E+00  .26907028E+01
   .60000000E+00  .25171889E+01
   .65000000E+00  .23649084E+01
   .70000000E+00  .22296137E+01
   .75000000E+00  .21081046E+01
   .80000000E+00  .19979239E+01
   .85000000E+00  .18971526E+01
   .90000000E+00  .18042703E+01
   .95000000E+00  .17180558E+01
   .10000000E+01  .16375163E+01
   .10500000E+01  .15618379E+01
   .11000000E+01  .14903398E+01
   .11500000E+01  .14224589E+01
   .12000000E+01  .13577151E+01
   .12500000E+01  .12957007E+01
   .13000000E+01  .12360655E+01
   .13500000E+01  .11785070E+01
   .14000000E+01  .11227618E+01
   .14500000E+01  .10685987E+01
   .15000000E+01  .10158137E+01
   .15500000E+01  .96422561E+00
   .16000000E+01  .91367177E+00
   .16500000E+01  .86400561E+00
   .17000000E+01  .81509371E+00
   .17500000E+01  .76681377E+00
   .18000000E+01  .71905245E+00
   .18500000E+01  .67170390E+00
   .19000000E+01  .62466781E+00
   .19500000E+01  .57784812E+00
   .20000000E+01  .53115164E+00
KBPotential  L  =      1.00000   -.55087
  -.30000000E+01  .15134106E+01
  -.29500000E+01  .14964211E+01
  -.29000000E+01  .14792368E+01
  -.28500000E+01  .14618512E+01
  -.28000000E+01  .14442579E+01
  -.27500000E+01  .14264498E+01
  -.27000000E+01  .14084199E+01
  -.26500000E+01  .13901603E+01
  -.26000000E+01  .13716631E+01
  -.25500000E+01  .13529198E+01
  -.25000000E+01  .13339213E+01
  -.24500000E+01  .13146584E+01
  -.24000000E+01  .12951209E+01
  -.23500000E+01  .12752983E+01
  -.23000000E+01  .12551795E+01
  -.22500000E+01  .12347526E+01
  -.22000000E+01  .12140051E+01
  -.21500000E+01  .11929237E+01
  -.21000000E+01  .11714941E+01
  -.20500000E+01  .11497014E+01
  -.20000000E+01  .11275295E+01
  -.19500000E+01  .11049613E+01
  -.19000000E+01  .10819786E+01
  -.18500000E+01  .10585619E+01
  -.18000000E+01  .10346902E+01
  -.17500000E+01  .10103414E+01
  -.17000000E+01  .98549134E+00
  -.16500000E+01  .96011432E+00
  -.16000000E+01  .93418262E+00
  -.15500000E+01  .90766639E+00
  -.15000000E+01  .88053339E+00
  -.14500000E+01  .85274882E+00
  -.14000000E+01  .82427496E+00
  -.13500000E+01  .79507091E+00
  -.13000000E+01  .76509226E+00
  -.12500000E+01  .73429063E+00
  -.12000000E+01  .70261326E+00
  -.11500000E+01  .67000251E+00
  -.11000000E+01  .63639520E+00
  -.10500000E+01  .60172202E+00
  -.10000000E+01  .56590667E+00
  -.95000000E+00  .52886502E+00
  -.90000000E+00  .49050399E+00
  -.85000000E+00  .45072038E+00
  -.80000000E+00  .40939942E+00
  -.75000000E+00  .36641308E+00
  -.70000000E+00  .32161809E+00
  -.65000000E+00  .27485356E+00
  -.60000000E+00  .22593828E+00
  -.55000000E+00  .17466720E+00
  -.50000000E+00  .12080742E+00
  -.45000000E+00  .64093373E-01
  -.40000000E+00  .42207640E-02
  -.35000000E+00 -.59160787E-01
  -.30000000E+00 -.12645683E+00
  -.25000000E+00 -.19813946E+00
  -.20000000E+00 -.27476155E+00
  -.15000000E+00 -.35697492E+00
  -.10000000E+00 -.44555348E+00
  -.50000000E-01 -.54142342E+00
  -.22898350E-14 -.64570261E+00
   .50000000E-01 -.75975293E+00
   .10000000E+00 -.88525095E+00
   .15000000E+00 -.10242844E+01
   .20000000E+00 -.11794867E+01
   .25000000E+00 -.13542278E+01
   .30000000E+00 -.15528915E+01
   .35000000E+00 -.17812876E+01
   .40000000E+00 -.20472838E+01
   .45000000E+00 -.23618057E+01
   .50000000E+00 -.27404827E+01
   .55000000E+00 -.32064862E+01
   .60000000E+00 -.37957024E+01
   .65000000E+00 -.45668439E+01
   .70000000E+00 -.56230306E+01
   .75000000E+00 -.71635682E+01
   .80000000E+00 -.96302078E+01
   .85000000E+00 -.14236914E+02
   .90000000E+00 -.25967103E+02
   .95000000E+00 -.11896789E+03
   .10000000E+01  .49293135E+02
   .10500000E+01  .20940961E+02
   .11000000E+01  .13484668E+02
   .11500000E+01  .10035304E+02
   .12000000E+01  .80415217E+01
   .12500000E+01  .67386941E+01
   .13000000E+01  .58178825E+01
   .13500000E+01  .51303869E+01
   .14000000E+01  .45957802E+01
   .14500000E+01  .41667577E+01
   .15000000E+01  .38136770E+01
   .15500000E+01  .35170162E+01
   .16000000E+01  .32633960E+01
   .16500000E+01  .30433362E+01
   .17000000E+01  .28499313E+01
   .17500000E+01  .26780326E+01
   .18000000E+01  .25237212E+01
   .18500000E+01  .23839606E+01
   .19000000E+01  .22563614E+01
   .19500000E+01  .21390166E+01
   .20000000E+01  .20303852E+01
KBPotential  L  =      3.00000    .00000
  -.30000000E+01  .19225870E+01
  -.29500000E+01  .19097454E+01
  -.29000000E+01  .18968207E+01
  -.28500000E+01  .18838113E+01
  -.28000000E+01  .18707156E+01
  -.27500000E+01  .18575320E+01
  -.27000000E+01  .18442587E+01
  -.26500000E+01  .18308939E+01
  -.26000000E+01  .18174357E+01
  -.25500000E+01  .18038823E+01
  -.25000000E+01  .17902316E+01
  -.24500000E+01  .17764817E+01
  -.24000000E+01  .17626303E+01
  -.23500000E+01  .17486754E+01
  -.23000000E+01  .17346147E+01
  -.22500000E+01  .17204458E+01
  -.22000000E+01  .17061664E+01
  -.21500000E+01  .16917738E+01
  -.21000000E+01  .16772655E+01
  -.20500000E+01  .16626388E+01
  -.20000000E+01  .16478909E+01
  -.19500000E+01  .16330189E+01
  -.19000000E+01  .16180198E+01
  -.18500000E+01  .16028904E+01
  -.18000000E+01  .15876274E+01
  -.17500000E+01  .15722276E+01
  -.17000000E+01  .15566873E+01
  -.16500000E+01  .15410029E+01
  -.16000000E+01  .15251705E+01
  -.15500000E+01  .15091862E+01
  -.15000000E+01  .14930458E+01
  -.14500000E+01  .14767450E+01
  -.14000000E+01  .14602791E+01
  -.13500000E+01  .14436436E+01
  -.13000000E+01  .14268334E+01
  -.12500000E+01  .14098433E+01
  -.12000000E+01  .13926680E+01
  -.11500000E+01  .13753018E+01
  -.11000000E+01  .13577386E+01
  -.10500000E+01  .13399723E+01
  -.10000000E+01  .13219963E+01
  -.95000000E+00  .13038037E+01
  -.90000000E+00  .12853873E+01
  -.85000000E+00  .12667394E+01
  -.80000000E+00  .12478521E+01
  -.75000000E+00  .12287169E+01
  -.70000000E+00  .12093248E+01
  -.65000000E+00  .11896666E+01
  -.60000000E+00  .11697321E+01
  -.55000000E+00  .11495109E+01
  -.50000000E+00  .11289920E+01
  -.45000000E+00  .11081634E+01
  -.40000000E+00  .10870126E+01
  -.35000000E+00  .10655265E+01
  -.30000000E+00  .10436908E+01
  -.25000000E+00  .10214905E+01
  -.20000000E+00  .99890966E+00
  -.15000000E+00  .97593115E+00
  -.10000000E+00  .95253675E+00
  -.50000000E-01  .92870694E+00
  -.22898350E-14  .90442085E+00
   .50000000E-01  .87965608E+00
   .10000000E+00  .85438860E+00
   .15000000E+00  .82859255E+00
   .20000000E+00  .80224011E+00
   .25000000E+00  .77530125E+00
   .30000000E+00  .74774354E+00
   .35000000E+00  .71953188E+00
   .40000000E+00  .69062822E+00
   .45000000E+00  .66099125E+00
   .50000000E+00  .63057600E+00
   .55000000E+00  .59933345E+00
   .60000000E+00  .56721005E+00
   .65000000E+00  .53414716E+00
   .70000000E+00  .50008042E+00
   .75000000E+00  .46493905E+00
   .80000000E+00  .42864499E+00
   .85000000E+00  .39111192E+00
   .90000000E+00  .35224419E+00
   .95000000E+00  .31193535E+00
   .10000000E+01  .27006672E+00
   .10500000E+01  .22650561E+00
   .11000000E+01  .18110290E+00
   .11500000E+01  .13369065E+00
   .12000000E+01  .84078894E-01
   .12500000E+01  .32051878E-01
   .13000000E+01 -.22636462E-01
   .13500000E+01 -.80268093E-01
   .14000000E+01 -.14116770E+00
   .14500000E+01 -.20571118E+00
   .15000000E+01 -.27433616E+00
   .15500000E+01 -.34755530E+00
   .16000000E+01 -.42597317E+00
   .16500000E+01 -.51030789E+00
   .17000000E+01 -.60141919E+00
   .17500000E+01 -.70034522E+00
   .18000000E+01 -.80835154E+00
   .18500000E+01 -.92699710E+00
   .19000000E+01 -.10582247E+01
   .19500000E+01 -.12044870E+01
   .20000000E+01 -.13689260E+01
KBPotential  L  =      4.00000    .00000
  -.30000000E+01  .21820916E+01
  -.29500000E+01  .21709687E+01
  -.29000000E+01  .21597938E+01
  -.28500000E+01  .21485662E+01
  -.28000000E+01  .21372854E+01
  -.27500000E+01  .21259505E+01
  -.27000000E+01  .21145608E+01
  -.26500000E+01  .21031157E+01
  -.26000000E+01  .20916143E+01
  -.25500000E+01  .20800558E+01
  -.25000000E+01  .20684395E+01
  -.24500000E+01  .20567645E+01
  -.24000000E+01  .20450300E+01
  -.23500000E+01  .20332351E+01
  -.23000000E+01  .20213789E+01
  -.22500000E+01  .20094606E+01
  -.22000000E+01  .19974795E+01
  -.21500000E+01  .19854341E+01
  -.21000000E+01  .19733238E+01
  -.20500000E+01  .19611476E+01
  -.20000000E+01  .19489046E+01
  -.19500000E+01  .19365935E+01
  -.19000000E+01  .19242135E+01
  -.18500000E+01  .19117632E+01
  -.18000000E+01  .18992419E+01
  -.17500000E+01  .18866483E+01
  -.17000000E+01  .18739810E+01
  -.16500000E+01  .18612392E+01
  -.16000000E+01  .18484214E+01
  -.15500000E+01  .18355264E+01
  -.15000000E+01  .18225530E+01
  -.14500000E+01  .18094997E+01
  -.14000000E+01  .17963654E+01
  -.13500000E+01  .17831485E+01
  -.13000000E+01  .17698477E+01
  -.12500000E+01  .17564615E+01
  -.12000000E+01  .17429884E+01
  -.11500000E+01  .17294267E+01
  -.11000000E+01  .17157749E+01
  -.10500000E+01  .17020314E+01
  -.10000000E+01  .16881945E+01
  -.95000000E+00  .16742625E+01
  -.90000000E+00  .16602336E+01
  -.85000000E+00  .16461059E+01
  -.80000000E+00  .16318775E+01
  -.75000000E+00  .16175465E+01
  -.70000000E+00  .16031110E+01
  -.65000000E+00  .15885687E+01
  -.60000000E+00  .15739176E+01
  -.55000000E+00  .15591555E+01
  -.50000000E+00  .15442802E+01
  -.45000000E+00  .15292892E+01
  -.40000000E+00  .15141802E+01
  -.35000000E+00  .14989507E+01
  -.30000000E+00  .14835981E+01
  -.25000000E+00  .14681197E+01
  -.20000000E+00  .14525129E+01
  -.15000000E+00  .14367747E+01
  -.10000000E+00  .14209023E+01
  -.50000000E-01  .14048925E+01
  -.22898350E-14  .13887424E+01
   .50000000E-01  .13724485E+01
   .10000000E+00  .13560076E+01
   .15000000E+00  .13394161E+01
   .20000000E+00  .13226705E+01
   .25000000E+00  .13057669E+01
   .30000000E+00  .12887016E+01
   .35000000E+00  .12714705E+01
   .40000000E+00  .12540693E+01
   .45000000E+00  .12364938E+01
   .50000000E+00  .12187395E+01
   .55000000E+00  .12008016E+01
   .60000000E+00  .11826753E+01
   .65000000E+00  .11643554E+01
   .70000000E+00  .11458368E+01
   .75000000E+00  .11271139E+01
   .80000000E+00  .11081810E+01
   .85000000E+00  .10890321E+01
   .90000000E+00  .10696610E+01
   .95000000E+00  .10500612E+01
   .10000000E+01  .10302259E+01
   .10500000E+01  .10101480E+01
   .11000000E+01  .98982018E+00
   .11500000E+01  .96923463E+00
   .12000000E+01  .94838329E+00
   .12500000E+01  .92725765E+00
   .13000000E+01  .90584886E+00
   .13500000E+01  .88414758E+00
   .14000000E+01  .86214407E+00
   .14500000E+01  .83982808E+00
   .15000000E+01  .81718884E+00
   .15500000E+01  .79421503E+00
   .16000000E+01  .77089477E+00
   .16500000E+01  .74721553E+00
   .17000000E+01  .72316412E+00
   .17500000E+01  .69872664E+00
   .18000000E+01  .67388842E+00
   .18500000E+01  .64863398E+00
   .19000000E+01  .62294695E+00
   .19500000E+01  .59681003E+00
   .20000000E+01  .57020491E+00
