  PAW Rh                                 
 100
Core Pot   L  =         .00000   -.31947
  -.30000000E+01  .14384840E+01
  -.29500000E+01  .14209593E+01
  -.29000000E+01  .14032581E+01
  -.28500000E+01  .13853751E+01
  -.28000000E+01  .13673049E+01
  -.27500000E+01  .13490416E+01
  -.27000000E+01  .13305794E+01
  -.26500000E+01  .13119122E+01
  -.26000000E+01  .12930335E+01
  -.25500000E+01  .12739367E+01
  -.25000000E+01  .12546149E+01
  -.24500000E+01  .12350609E+01
  -.24000000E+01  .12152672E+01
  -.23500000E+01  .11952260E+01
  -.23000000E+01  .11749292E+01
  -.22500000E+01  .11543682E+01
  -.22000000E+01  .11335341E+01
  -.21500000E+01  .11124177E+01
  -.21000000E+01  .10910091E+01
  -.20500000E+01  .10692981E+01
  -.20000000E+01  .10472741E+01
  -.19500000E+01  .10249257E+01
  -.19000000E+01  .10022413E+01
  -.18500000E+01  .97920827E+00
  -.18000000E+01  .95581370E+00
  -.17500000E+01  .93204382E+00
  -.17000000E+01  .90788414E+00
  -.16500000E+01  .88331941E+00
  -.16000000E+01  .85833352E+00
  -.15500000E+01  .83290947E+00
  -.15000000E+01  .80702926E+00
  -.14500000E+01  .78067388E+00
  -.14000000E+01  .75382317E+00
  -.13500000E+01  .72645577E+00
  -.13000000E+01  .69854902E+00
  -.12500000E+01  .67007885E+00
  -.12000000E+01  .64101967E+00
  -.11500000E+01  .61134425E+00
  -.11000000E+01  .58102355E+00
  -.10500000E+01  .55002665E+00
  -.10000000E+01  .51832047E+00
  -.95000000E+00  .48586971E+00
  -.90000000E+00  .45263653E+00
  -.85000000E+00  .41858042E+00
  -.80000000E+00  .38365788E+00
  -.75000000E+00  .34782221E+00
  -.70000000E+00  .31102312E+00
  -.65000000E+00  .27320643E+00
  -.60000000E+00  .23431369E+00
  -.55000000E+00  .19428173E+00
  -.50000000E+00  .15304217E+00
  -.45000000E+00  .11052084E+00
  -.40000000E+00  .66637208E-01
  -.35000000E+00  .21303642E-01
  -.30000000E+00 -.25575396E-01
  -.25000000E+00 -.74104260E-01
  -.20000000E+00 -.12439716E+00
  -.15000000E+00 -.17657938E+00
  -.10000000E+00 -.23078864E+00
  -.50000000E-01 -.28717669E+00
  -.22898350E-14 -.34591114E+00
   .50000000E-01 -.40717764E+00
   .10000000E+00 -.47118233E+00
   .15000000E+00 -.53815477E+00
   .20000000E+00 -.60835141E+00
   .25000000E+00 -.68205958E+00
   .30000000E+00 -.75960239E+00
   .35000000E+00 -.84134441E+00
   .40000000E+00 -.92769860E+00
   .45000000E+00 -.10191346E+01
   .50000000E+00 -.11161889E+01
   .55000000E+00 -.12194770E+01
   .60000000E+00 -.13297087E+01
   .65000000E+00 -.14477070E+01
   .70000000E+00 -.15744313E+01
   .75000000E+00 -.17110072E+01
   .80000000E+00 -.18587639E+01
   .85000000E+00 -.20192827E+01
   .90000000E+00 -.21944599E+01
   .95000000E+00 -.23865889E+01
   .10000000E+01 -.25984700E+01
   .10500000E+01 -.28335593E+01
   .11000000E+01 -.30961723E+01
   .11500000E+01 -.33917685E+01
   .12000000E+01 -.37273581E+01
   .12500000E+01 -.41120942E+01
   .13000000E+01 -.45581600E+01
   .13500000E+01 -.50821356E+01
   .14000000E+01 -.57071786E+01
   .14500000E+01 -.64666452E+01
   .15000000E+01 -.74103998E+01
   .15500000E+01 -.86164691E+01
   .16000000E+01 -.10214194E+02
   .16500000E+01 -.12434716E+02
   .17000000E+01 -.15735661E+02
   .17500000E+01 -.21168559E+02
   .18000000E+01 -.31805012E+02
   .18500000E+01 -.62070190E+02
   .19000000E+01 -.82867570E+03
   .19500000E+01  .75141662E+02
   .20000000E+01  .36404781E+02
Potential  L  =         .00000   -.31947
  -.30000000E+01  .14327938E+01
  -.29500000E+01  .14157123E+01
  -.29000000E+01  .13984514E+01
  -.28500000E+01  .13810063E+01
  -.28000000E+01  .13633715E+01
  -.27500000E+01  .13455418E+01
  -.27000000E+01  .13275113E+01
  -.26500000E+01  .13092742E+01
  -.26000000E+01  .12908242E+01
  -.25500000E+01  .12721549E+01
  -.25000000E+01  .12532593E+01
  -.24500000E+01  .12341305E+01
  -.24000000E+01  .12147610E+01
  -.23500000E+01  .11951429E+01
  -.23000000E+01  .11752680E+01
  -.22500000E+01  .11551278E+01
  -.22000000E+01  .11347132E+01
  -.21500000E+01  .11140147E+01
  -.21000000E+01  .10930222E+01
  -.20500000E+01  .10717253E+01
  -.20000000E+01  .10501129E+01
  -.19500000E+01  .10281733E+01
  -.19000000E+01  .10058940E+01
  -.18500000E+01  .98326219E+00
  -.18000000E+01  .96026396E+00
  -.17500000E+01  .93688475E+00
  -.17000000E+01  .91310912E+00
  -.16500000E+01  .88892071E+00
  -.16000000E+01  .86430213E+00
  -.15500000E+01  .83923495E+00
  -.15000000E+01  .81369954E+00
  -.14500000E+01  .78767504E+00
  -.14000000E+01  .76113919E+00
  -.13500000E+01  .73406829E+00
  -.13000000E+01  .70643695E+00
  -.12500000E+01  .67821812E+00
  -.12000000E+01  .64938276E+00
  -.11500000E+01  .61989978E+00
  -.11000000E+01  .58973581E+00
  -.10500000E+01  .55885496E+00
  -.10000000E+01  .52721860E+00
  -.95000000E+00  .49478510E+00
  -.90000000E+00  .46150950E+00
  -.85000000E+00  .42734318E+00
  -.80000000E+00  .39223346E+00
  -.75000000E+00  .35612317E+00
  -.70000000E+00  .31895017E+00
  -.65000000E+00  .28064679E+00
  -.60000000E+00  .24113916E+00
  -.55000000E+00  .20034648E+00
  -.50000000E+00  .15818023E+00
  -.45000000E+00  .11454316E+00
  -.40000000E+00  .69328179E-01
  -.35000000E+00  .22417109E-01
  -.30000000E+00 -.26320830E-01
  -.25000000E+00 -.77030801E-01
  -.20000000E+00 -.12987431E+00
  -.15000000E+00 -.18503164E+00
  -.10000000E+00 -.24270473E+00
  -.50000000E-01 -.30312043E+00
  -.22898350E-14 -.36653459E+00
   .50000000E-01 -.43323682E+00
   .10000000E+00 -.50355633E+00
   .15000000E+00 -.57786890E+00
   .20000000E+00 -.65660550E+00
   .25000000E+00 -.74026284E+00
   .30000000E+00 -.82941646E+00
   .35000000E+00 -.92473702E+00
   .40000000E+00 -.10270109E+01
   .45000000E+00 -.11371664E+01
   .50000000E+00 -.12563072E+01
   .55000000E+00 -.13857561E+01
   .60000000E+00 -.15271120E+01
   .65000000E+00 -.16823266E+01
   .70000000E+00 -.18538070E+01
   .75000000E+00 -.20445573E+01
   .80000000E+00 -.22583755E+01
   .85000000E+00 -.25001354E+01
   .90000000E+00 -.27761963E+01
   .95000000E+00 -.30950158E+01
   .10000000E+01 -.34680940E+01
   .10500000E+01 -.39114772E+01
   .11000000E+01 -.44482511E+01
   .11500000E+01 -.51128779E+01
   .12000000E+01 -.59591897E+01
   .12500000E+01 -.70762243E+01
   .13000000E+01 -.86226334E+01
   .13500000E+01 -.10911249E+02
   .14000000E+01 -.14656496E+02
   .14500000E+01 -.21923389E+02
   .15000000E+01 -.42179186E+02
   .15500000E+01 -.41168417E+03
   .16000000E+01  .54635925E+02
   .16500000E+01  .25933303E+02
   .17000000E+01  .17119930E+02
   .17500000E+01  .12833648E+02
   .18000000E+01  .10293609E+02
   .18500000E+01  .86093695E+01
   .19000000E+01  .74078721E+01
   .19500000E+01  .65053265E+01
   .20000000E+01  .58006889E+01
Core Pot   L  =        1.00000  -3.70291
  -.30000000E+01  .17621041E+01
  -.29500000E+01  .17348579E+01
  -.29000000E+01  .17090617E+01
  -.28500000E+01  .16844254E+01
  -.28000000E+01  .16607249E+01
  -.27500000E+01  .16377841E+01
  -.27000000E+01  .16154625E+01
  -.26500000E+01  .15936465E+01
  -.26000000E+01  .15722432E+01
  -.25500000E+01  .15511754E+01
  -.25000000E+01  .15303787E+01
  -.24500000E+01  .15097984E+01
  -.24000000E+01  .14893880E+01
  -.23500000E+01  .14691071E+01
  -.23000000E+01  .14489208E+01
  -.22500000E+01  .14287983E+01
  -.22000000E+01  .14087124E+01
  -.21500000E+01  .13886387E+01
  -.21000000E+01  .13685554E+01
  -.20500000E+01  .13484426E+01
  -.20000000E+01  .13282820E+01
  -.19500000E+01  .13080568E+01
  -.19000000E+01  .12877515E+01
  -.18500000E+01  .12673513E+01
  -.18000000E+01  .12468425E+01
  -.17500000E+01  .12262117E+01
  -.17000000E+01  .12054464E+01
  -.16500000E+01  .11845343E+01
  -.16000000E+01  .11634636E+01
  -.15500000E+01  .11422228E+01
  -.15000000E+01  .11208003E+01
  -.14500000E+01  .10991848E+01
  -.14000000E+01  .10773652E+01
  -.13500000E+01  .10553302E+01
  -.13000000E+01  .10330686E+01
  -.12500000E+01  .10105688E+01
  -.12000000E+01  .98781940E+00
  -.11500000E+01  .96480864E+00
  -.11000000E+01  .94152454E+00
  -.10500000E+01  .91795485E+00
  -.10000000E+01  .89408697E+00
  -.95000000E+00  .86990796E+00
  -.90000000E+00  .84540443E+00
  -.85000000E+00  .82056256E+00
  -.80000000E+00  .79536800E+00
  -.75000000E+00  .76980586E+00
  -.70000000E+00  .74386062E+00
  -.65000000E+00  .71751611E+00
  -.60000000E+00  .69075543E+00
  -.55000000E+00  .66356093E+00
  -.50000000E+00  .63591408E+00
  -.45000000E+00  .60779546E+00
  -.40000000E+00  .57918464E+00
  -.35000000E+00  .55006014E+00
  -.30000000E+00  .52039934E+00
  -.25000000E+00  .49017835E+00
  -.20000000E+00  .45937195E+00
  -.15000000E+00  .42795347E+00
  -.10000000E+00  .39589466E+00
  -.50000000E-01  .36316557E+00
  -.22898350E-14  .32973440E+00
   .50000000E-01  .29556735E+00
   .10000000E+00  .26062848E+00
   .15000000E+00  .22487945E+00
   .20000000E+00  .18827938E+00
   .25000000E+00  .15078460E+00
   .30000000E+00  .11234838E+00
   .35000000E+00  .72920686E-01
   .40000000E+00  .32447839E-01
   .45000000E+00 -.91278167E-02
   .50000000E+00 -.51868301E-01
   .55000000E+00 -.95840425E-01
   .60000000E+00 -.14111628E+00
   .65000000E+00 -.18777376E+00
   .70000000E+00 -.23589721E+00
   .75000000E+00 -.28557804E+00
   .80000000E+00 -.33691559E+00
   .85000000E+00 -.39001791E+00
   .90000000E+00 -.44500286E+00
   .95000000E+00 -.50199915E+00
   .10000000E+01 -.56114771E+00
   .10500000E+01 -.62260313E+00
   .11000000E+01 -.68653542E+00
   .11500000E+01 -.75313193E+00
   .12000000E+01 -.82259968E+00
   .12500000E+01 -.89516803E+00
   .13000000E+01 -.97109172E+00
   .13500000E+01 -.10506546E+01
   .14000000E+01 -.11341738E+01
   .14500000E+01 -.12220048E+01
   .15000000E+01 -.13145476E+01
   .15500000E+01 -.14122538E+01
   .16000000E+01 -.15156350E+01
   .16500000E+01 -.16252734E+01
   .17000000E+01 -.17418345E+01
   .17500000E+01 -.18660824E+01
   .18000000E+01 -.19988986E+01
   .18500000E+01 -.21413061E+01
   .19000000E+01 -.22944983E+01
   .19500000E+01 -.24598765E+01
   .20000000E+01 -.26390970E+01
Potential  L  =        1.00000  -3.70291
  -.30000000E+01  .21827208E+01
  -.29500000E+01  .21259633E+01
  -.29000000E+01  .20749754E+01
  -.28500000E+01  .20285916E+01
  -.28000000E+01  .19859336E+01
  -.27500000E+01  .19463262E+01
  -.27000000E+01  .19092422E+01
  -.26500000E+01  .18742633E+01
  -.26000000E+01  .18410533E+01
  -.25500000E+01  .18093386E+01
  -.25000000E+01  .17788944E+01
  -.24500000E+01  .17495338E+01
  -.24000000E+01  .17210999E+01
  -.23500000E+01  .16934603E+01
  -.23000000E+01  .16665019E+01
  -.22500000E+01  .16401274E+01
  -.22000000E+01  .16142527E+01
  -.21500000E+01  .15888044E+01
  -.21000000E+01  .15637180E+01
  -.20500000E+01  .15389366E+01
  -.20000000E+01  .15144094E+01
  -.19500000E+01  .14900911E+01
  -.19000000E+01  .14659408E+01
  -.18500000E+01  .14419212E+01
  -.18000000E+01  .14179986E+01
  -.17500000E+01  .13941417E+01
  -.17000000E+01  .13703217E+01
  -.16500000E+01  .13465119E+01
  -.16000000E+01  .13226871E+01
  -.15500000E+01  .12988236E+01
  -.15000000E+01  .12748989E+01
  -.14500000E+01  .12508917E+01
  -.14000000E+01  .12267812E+01
  -.13500000E+01  .12025475E+01
  -.13000000E+01  .11781712E+01
  -.12500000E+01  .11536332E+01
  -.12000000E+01  .11289149E+01
  -.11500000E+01  .11039977E+01
  -.11000000E+01  .10788632E+01
  -.10500000E+01  .10534928E+01
  -.10000000E+01  .10278680E+01
  -.95000000E+00  .10019699E+01
  -.90000000E+00  .97577957E+00
  -.85000000E+00  .94927747E+00
  -.80000000E+00  .92244371E+00
  -.75000000E+00  .89525782E+00
  -.70000000E+00  .86769869E+00
  -.65000000E+00  .83974451E+00
  -.60000000E+00  .81137259E+00
  -.55000000E+00  .78255936E+00
  -.50000000E+00  .75328018E+00
  -.45000000E+00  .72350928E+00
  -.40000000E+00  .69321961E+00
  -.35000000E+00  .66238273E+00
  -.30000000E+00  .63096865E+00
  -.25000000E+00  .59894569E+00
  -.20000000E+00  .56628032E+00
  -.15000000E+00  .53293694E+00
  -.10000000E+00  .49887776E+00
  -.50000000E-01  .46406249E+00
  -.22898350E-14  .42844813E+00
   .50000000E-01  .39198882E+00
   .10000000E+00  .35463533E+00
   .15000000E+00  .31633487E+00
   .20000000E+00  .27703074E+00
   .25000000E+00  .23666188E+00
   .30000000E+00  .19516226E+00
   .35000000E+00  .15246070E+00
   .40000000E+00  .10848000E+00
   .45000000E+00  .63136408E-01
   .50000000E+00  .16338863E-01
   .55000000E+00 -.32011922E-01
   .60000000E+00 -.82024324E-01
   .65000000E+00 -.13381698E+00
   .70000000E+00 -.18752002E+00
   .75000000E+00 -.24327658E+00
   .80000000E+00 -.30124443E+00
   .85000000E+00 -.36159794E+00
   .90000000E+00 -.42453039E+00
   .95000000E+00 -.49025659E+00
   .10000000E+01 -.55901602E+00
   .10500000E+01 -.63107647E+00
   .11000000E+01 -.70673845E+00
   .11500000E+01 -.78634030E+00
   .12000000E+01 -.87026444E+00
   .12500000E+01 -.95894477E+00
   .13000000E+01 -.10528757E+01
   .13500000E+01 -.11526232E+01
   .14000000E+01 -.12588379E+01
   .14500000E+01 -.13722723E+01
   .15000000E+01 -.14938008E+01
   .15500000E+01 -.16244459E+01
   .16000000E+01 -.17654109E+01
   .16500000E+01 -.19181219E+01
   .17000000E+01 -.20842817E+01
   .17500000E+01 -.22659404E+01
   .18000000E+01 -.24655890E+01
   .18500000E+01 -.26862848E+01
   .19000000E+01 -.29318217E+01
   .19500000E+01 -.32069668E+01
   .20000000E+01 -.35177936E+01
Core Pot   L  =        2.00000   -.44191
  -.30000000E+01  .17020256E+01
  -.29500000E+01  .16863683E+01
  -.29000000E+01  .16705253E+01
  -.28500000E+01  .16544890E+01
  -.28000000E+01  .16382513E+01
  -.27500000E+01  .16218035E+01
  -.27000000E+01  .16051364E+01
  -.26500000E+01  .15882401E+01
  -.26000000E+01  .15711037E+01
  -.25500000E+01  .15537158E+01
  -.25000000E+01  .15360638E+01
  -.24500000E+01  .15181344E+01
  -.24000000E+01  .14999128E+01
  -.23500000E+01  .14813833E+01
  -.23000000E+01  .14625285E+01
  -.22500000E+01  .14433296E+01
  -.22000000E+01  .14237661E+01
  -.21500000E+01  .14038155E+01
  -.21000000E+01  .13834528E+01
  -.20500000E+01  .13626510E+01
  -.20000000E+01  .13413799E+01
  -.19500000E+01  .13196060E+01
  -.19000000E+01  .12972924E+01
  -.18500000E+01  .12743977E+01
  -.18000000E+01  .12508757E+01
  -.17500000E+01  .12266746E+01
  -.17000000E+01  .12017358E+01
  -.16500000E+01  .11759933E+01
  -.16000000E+01  .11493720E+01
  -.15500000E+01  .11217861E+01
  -.15000000E+01  .10931374E+01
  -.14500000E+01  .10633123E+01
  -.14000000E+01  .10321795E+01
  -.13500000E+01  .99958570E+00
  -.13000000E+01  .96535094E+00
  -.12500000E+01  .92926250E+00
  -.12000000E+01  .89106696E+00
  -.11500000E+01  .85045997E+00
  -.11000000E+01  .80707263E+00
  -.10500000E+01  .76045333E+00
  -.10000000E+01  .71004305E+00
  -.95000000E+00  .65514126E+00
  -.90000000E+00  .59485789E+00
  -.85000000E+00  .52804446E+00
  -.80000000E+00  .45319257E+00
  -.75000000E+00  .36828063E+00
  -.70000000E+00  .27053505E+00
  -.65000000E+00  .15604381E+00
  -.60000000E+00  .19105325E-01
  -.55000000E+00 -.14892824E+00
  -.50000000E+00 -.36183744E+00
  -.45000000E+00 -.64300902E+00
  -.40000000E+00 -.10355757E+01
  -.35000000E+00 -.16288372E+01
  -.30000000E+00 -.26426041E+01
  -.25000000E+00 -.48029191E+01
  -.20000000E+00 -.12777375E+02
  -.15000000E+00  .39703850E+02
  -.10000000E+00  .90622468E+01
  -.50000000E-01  .54818353E+01
  -.22898350E-14  .40838714E+01
   .50000000E-01  .33324237E+01
   .10000000E+00  .28588563E+01
   .15000000E+00  .25299599E+01
   .20000000E+00  .22858829E+01
   .25000000E+00  .20957436E+01
   .30000000E+00  .19419926E+01
   .35000000E+00  .18139177E+01
   .40000000E+00  .17046083E+01
   .45000000E+00  .16094056E+01
   .50000000E+00  .15250534E+01
   .55000000E+00  .14492065E+01
   .60000000E+00  .13801319E+01
   .65000000E+00  .13165206E+01
   .70000000E+00  .12573646E+01
   .75000000E+00  .12018747E+01
   .80000000E+00  .11494231E+01
   .85000000E+00  .10995039E+01
   .90000000E+00  .10517040E+01
   .95000000E+00  .10056823E+01
   .10000000E+01  .96115407E+00
   .10500000E+01  .91787930E+00
   .11000000E+01  .87565352E+00
   .11500000E+01  .83430106E+00
   .12000000E+01  .79366956E+00
   .12500000E+01  .75362575E+00
   .13000000E+01  .71405201E+00
   .13500000E+01  .67484361E+00
   .14000000E+01  .63590656E+00
   .14500000E+01  .59715570E+00
   .15000000E+01  .55851326E+00
   .15500000E+01  .51990755E+00
   .16000000E+01  .48127194E+00
   .16500000E+01  .44254394E+00
   .17000000E+01  .40366445E+00
   .17500000E+01  .36457706E+00
   .18000000E+01  .32522756E+00
   .18500000E+01  .28556325E+00
   .19000000E+01  .24553265E+00
   .19500000E+01  .20508501E+00
   .20000000E+01  .16416990E+00
Potential  L  =        2.00000   -.44191
  -.30000000E+01  .16461251E+01
  -.29500000E+01  .16288728E+01
  -.29000000E+01  .16113735E+01
  -.28500000E+01  .15936165E+01
  -.28000000E+01  .15755908E+01
  -.27500000E+01  .15572842E+01
  -.27000000E+01  .15386840E+01
  -.26500000E+01  .15197763E+01
  -.26000000E+01  .15005466E+01
  -.25500000E+01  .14809789E+01
  -.25000000E+01  .14610564E+01
  -.24500000E+01  .14407608E+01
  -.24000000E+01  .14200725E+01
  -.23500000E+01  .13989702E+01
  -.23000000E+01  .13774312E+01
  -.22500000E+01  .13554304E+01
  -.22000000E+01  .13329411E+01
  -.21500000E+01  .13099339E+01
  -.21000000E+01  .12863771E+01
  -.20500000E+01  .12622359E+01
  -.20000000E+01  .12374723E+01
  -.19500000E+01  .12120448E+01
  -.19000000E+01  .11859077E+01
  -.18500000E+01  .11590106E+01
  -.18000000E+01  .11312982E+01
  -.17500000E+01  .11027091E+01
  -.17000000E+01  .10731752E+01
  -.16500000E+01  .10426207E+01
  -.16000000E+01  .10109613E+01
  -.15500000E+01  .97810220E+00
  -.15000000E+01  .94393718E+00
  -.14500000E+01  .90834643E+00
  -.14000000E+01  .87119434E+00
  -.13500000E+01  .83232680E+00
  -.13000000E+01  .79156795E+00
  -.12500000E+01  .74871613E+00
  -.12000000E+01  .70353898E+00
  -.11500000E+01  .65576733E+00
  -.11000000E+01  .60508758E+00
  -.10500000E+01  .55113204E+00
  -.10000000E+01  .49346688E+00
  -.95000000E+00  .43157646E+00
  -.90000000E+00  .36484257E+00
  -.85000000E+00  .29251828E+00
  -.80000000E+00  .21369252E+00
  -.75000000E+00  .12724140E+00
  -.70000000E+00  .31762903E-01
  -.65000000E+00 -.74515083E-01
  -.60000000E+00 -.19386571E+00
  -.55000000E+00 -.32925384E+00
  -.50000000E+00 -.48462098E+00
  -.45000000E+00 -.66532378E+00
  -.40000000E+00 -.87883198E+00
  -.35000000E+00 -.11358848E+01
  -.30000000E+00 -.14525002E+01
  -.25000000E+00 -.18536724E+01
  -.20000000E+00 -.23806866E+01
  -.15000000E+00 -.31069750E+01
  -.10000000E+00 -.41769733E+01
  -.50000000E-01 -.59193002E+01
  -.22898350E-14 -.92777495E+01
   .50000000E-01 -.18517172E+02
   .10000000E+00 -.16266349E+03
   .15000000E+00  .27109232E+02
   .20000000E+00  .13165008E+02
   .25000000E+00  .89492465E+01
   .30000000E+00  .69072489E+01
   .35000000E+00  .56980009E+01
   .40000000E+00  .48953451E+01
   .45000000E+00  .43214925E+01
   .50000000E+00  .38890929E+01
   .55000000E+00  .35502159E+01
   .60000000E+00  .32763679E+01
   .65000000E+00  .30495458E+01
   .70000000E+00  .28578155E+01
   .75000000E+00  .26929526E+01
   .80000000E+00  .25491046E+01
   .85000000E+00  .24219950E+01
   .90000000E+00  .23084213E+01
   .95000000E+00  .22059417E+01
   .10000000E+01  .21126600E+01
   .10500000E+01  .20270808E+01
   .11000000E+01  .19480092E+01
   .11500000E+01  .18744782E+01
   .12000000E+01  .18056971E+01
   .12500000E+01  .17410122E+01
   .13000000E+01  .16798789E+01
   .13500000E+01  .16218389E+01
   .14000000E+01  .15665041E+01
   .14500000E+01  .15135432E+01
   .15000000E+01  .14626715E+01
   .15500000E+01  .14136429E+01
   .16000000E+01  .13662431E+01
   .16500000E+01  .13202849E+01
   .17000000E+01  .12756033E+01
   .17500000E+01  .12320526E+01
   .18000000E+01  .11895033E+01
   .18500000E+01  .11478396E+01
   .19000000E+01  .11069578E+01
   .19500000E+01  .10667641E+01
   .20000000E+01  .10271736E+01
Core Pot   L  =        3.00000    .00000
  -.30000000E+01  .20067565E+01
  -.29500000E+01  .19945133E+01
  -.29000000E+01  .19821989E+01
  -.28500000E+01  .19698122E+01
  -.28000000E+01  .19573519E+01
  -.27500000E+01  .19448169E+01
  -.27000000E+01  .19322056E+01
  -.26500000E+01  .19195169E+01
  -.26000000E+01  .19067494E+01
  -.25500000E+01  .18939015E+01
  -.25000000E+01  .18809719E+01
  -.24500000E+01  .18679591E+01
  -.24000000E+01  .18548614E+01
  -.23500000E+01  .18416773E+01
  -.23000000E+01  .18284052E+01
  -.22500000E+01  .18150433E+01
  -.22000000E+01  .18015900E+01
  -.21500000E+01  .17880433E+01
  -.21000000E+01  .17744014E+01
  -.20500000E+01  .17606625E+01
  -.20000000E+01  .17468244E+01
  -.19500000E+01  .17328853E+01
  -.19000000E+01  .17188428E+01
  -.18500000E+01  .17046950E+01
  -.18000000E+01  .16904394E+01
  -.17500000E+01  .16760737E+01
  -.17000000E+01  .16615955E+01
  -.16500000E+01  .16470024E+01
  -.16000000E+01  .16322916E+01
  -.15500000E+01  .16174605E+01
  -.15000000E+01  .16025063E+01
  -.14500000E+01  .15874261E+01
  -.14000000E+01  .15722169E+01
  -.13500000E+01  .15568756E+01
  -.13000000E+01  .15413988E+01
  -.12500000E+01  .15257833E+01
  -.12000000E+01  .15100255E+01
  -.11500000E+01  .14941218E+01
  -.11000000E+01  .14780684E+01
  -.10500000E+01  .14618613E+01
  -.10000000E+01  .14454965E+01
  -.95000000E+00  .14289695E+01
  -.90000000E+00  .14122760E+01
  -.85000000E+00  .13954113E+01
  -.80000000E+00  .13783704E+01
  -.75000000E+00  .13611484E+01
  -.70000000E+00  .13437397E+01
  -.65000000E+00  .13261390E+01
  -.60000000E+00  .13083403E+01
  -.55000000E+00  .12903376E+01
  -.50000000E+00  .12721243E+01
  -.45000000E+00  .12536938E+01
  -.40000000E+00  .12350391E+01
  -.35000000E+00  .12161526E+01
  -.30000000E+00  .11970266E+01
  -.25000000E+00  .11776529E+01
  -.20000000E+00  .11580229E+01
  -.15000000E+00  .11381274E+01
  -.10000000E+00  .11179567E+01
  -.50000000E-01  .10975008E+01
  -.22898350E-14  .10767490E+01
   .50000000E-01  .10556898E+01
   .10000000E+00  .10343112E+01
   .15000000E+00  .10126005E+01
   .20000000E+00  .99054426E+00
   .25000000E+00  .96812801E+00
   .30000000E+00  .94533652E+00
   .35000000E+00  .92215353E+00
   .40000000E+00  .89856173E+00
   .45000000E+00  .87454262E+00
   .50000000E+00  .85007646E+00
   .55000000E+00  .82514212E+00
   .60000000E+00  .79971697E+00
   .65000000E+00  .77377673E+00
   .70000000E+00  .74729533E+00
   .75000000E+00  .72024470E+00
   .80000000E+00  .69259462E+00
   .85000000E+00  .66431245E+00
   .90000000E+00  .63536293E+00
   .95000000E+00  .60570785E+00
   .10000000E+01  .57530579E+00
   .10500000E+01  .54411169E+00
   .11000000E+01  .51207652E+00
   .11500000E+01  .47914674E+00
   .12000000E+01  .44526381E+00
   .12500000E+01  .41036358E+00
   .13000000E+01  .37437555E+00
   .13500000E+01  .33722210E+00
   .14000000E+01  .29881750E+00
   .14500000E+01  .25906685E+00
   .15000000E+01  .21786479E+00
   .15500000E+01  .17509397E+00
   .16000000E+01  .13062332E+00
   .16500000E+01  .84305904E-01
   .17000000E+01  .35976452E-01
   .17500000E+01 -.14551630E-01
   .18000000E+01 -.67489856E-01
   .18500000E+01 -.12307899E+00
   .19000000E+01 -.18159437E+00
   .19500000E+01 -.24335232E+00
   .20000000E+01 -.30871822E+00
Potential  L  =        3.00000    .00000
  -.30000000E+01  .20097460E+01
  -.29500000E+01  .19975965E+01
  -.29000000E+01  .19853793E+01
  -.28500000E+01  .19730935E+01
  -.28000000E+01  .19607380E+01
  -.27500000E+01  .19483116E+01
  -.27000000E+01  .19358133E+01
  -.26500000E+01  .19232418E+01
  -.26000000E+01  .19105960E+01
  -.25500000E+01  .18978746E+01
  -.25000000E+01  .18850765E+01
  -.24500000E+01  .18722002E+01
  -.24000000E+01  .18592446E+01
  -.23500000E+01  .18462082E+01
  -.23000000E+01  .18330897E+01
  -.22500000E+01  .18198876E+01
  -.22000000E+01  .18066005E+01
  -.21500000E+01  .17932269E+01
  -.21000000E+01  .17797652E+01
  -.20500000E+01  .17662138E+01
  -.20000000E+01  .17525712E+01
  -.19500000E+01  .17388356E+01
  -.19000000E+01  .17250052E+01
  -.18500000E+01  .17110785E+01
  -.18000000E+01  .16970534E+01
  -.17500000E+01  .16829281E+01
  -.17000000E+01  .16687008E+01
  -.16500000E+01  .16543693E+01
  -.16000000E+01  .16399317E+01
  -.15500000E+01  .16253858E+01
  -.15000000E+01  .16107294E+01
  -.14500000E+01  .15959604E+01
  -.14000000E+01  .15810764E+01
  -.13500000E+01  .15660749E+01
  -.13000000E+01  .15509536E+01
  -.12500000E+01  .15357099E+01
  -.12000000E+01  .15203411E+01
  -.11500000E+01  .15048446E+01
  -.11000000E+01  .14892175E+01
  -.10500000E+01  .14734570E+01
  -.10000000E+01  .14575600E+01
  -.95000000E+00  .14415235E+01
  -.90000000E+00  .14253442E+01
  -.85000000E+00  .14090189E+01
  -.80000000E+00  .13925440E+01
  -.75000000E+00  .13759162E+01
  -.70000000E+00  .13591316E+01
  -.65000000E+00  .13421865E+01
  -.60000000E+00  .13250768E+01
  -.55000000E+00  .13077986E+01
  -.50000000E+00  .12903476E+01
  -.45000000E+00  .12727193E+01
  -.40000000E+00  .12549091E+01
  -.35000000E+00  .12369123E+01
  -.30000000E+00  .12187240E+01
  -.25000000E+00  .12003390E+01
  -.20000000E+00  .11817519E+01
  -.15000000E+00  .11629573E+01
  -.10000000E+00  .11439492E+01
  -.50000000E-01  .11247216E+01
  -.22898350E-14  .11052683E+01
   .50000000E-01  .10855828E+01
   .10000000E+00  .10656581E+01
   .15000000E+00  .10454871E+01
   .20000000E+00  .10250624E+01
   .25000000E+00  .10043762E+01
   .30000000E+00  .98342034E+00
   .35000000E+00  .96218633E+00
   .40000000E+00  .94066526E+00
   .45000000E+00  .91884781E+00
   .50000000E+00  .89672420E+00
   .55000000E+00  .87428420E+00
   .60000000E+00  .85151707E+00
   .65000000E+00  .82841153E+00
   .70000000E+00  .80495575E+00
   .75000000E+00  .78113728E+00
   .80000000E+00  .75694303E+00
   .85000000E+00  .73235923E+00
   .90000000E+00  .70737137E+00
   .95000000E+00  .68196417E+00
   .10000000E+01  .65612149E+00
   .10500000E+01  .62982632E+00
   .11000000E+01  .60306065E+00
   .11500000E+01  .57580530E+00
   .12000000E+01  .54804050E+00
   .12500000E+01  .51974476E+00
   .13000000E+01  .49089548E+00
   .13500000E+01  .46146869E+00
   .14000000E+01  .43143891E+00
   .14500000E+01  .40077907E+00
   .15000000E+01  .36946035E+00
   .15500000E+01  .33745207E+00
   .16000000E+01  .30472149E+00
   .16500000E+01  .27123364E+00
   .17000000E+01  .23695118E+00
   .17500000E+01  .20183412E+00
   .18000000E+01  .16583963E+00
   .18500000E+01  .12892175E+00
   .19000000E+01  .91031358E-01
   .19500000E+01  .52114845E-01
   .20000000E+01  .12115261E-01
Core Pot   L  =        4.00000    .00000
  -.30000000E+01  .23166363E+01
  -.29500000E+01  .23062186E+01
  -.29000000E+01  .22957572E+01
  -.28500000E+01  .22852517E+01
  -.28000000E+01  .22747052E+01
  -.27500000E+01  .22641145E+01
  -.27000000E+01  .22534800E+01
  -.26500000E+01  .22428018E+01
  -.26000000E+01  .22320759E+01
  -.25500000E+01  .22213060E+01
  -.25000000E+01  .22104898E+01
  -.24500000E+01  .21996262E+01
  -.24000000E+01  .21887159E+01
  -.23500000E+01  .21777574E+01
  -.23000000E+01  .21667517E+01
  -.22500000E+01  .21556944E+01
  -.22000000E+01  .21445888E+01
  -.21500000E+01  .21334330E+01
  -.21000000E+01  .21222260E+01
  -.20500000E+01  .21109687E+01
  -.20000000E+01  .20996565E+01
  -.19500000E+01  .20882931E+01
  -.19000000E+01  .20768760E+01
  -.18500000E+01  .20654042E+01
  -.18000000E+01  .20538789E+01
  -.17500000E+01  .20422953E+01
  -.17000000E+01  .20306568E+01
  -.16500000E+01  .20189609E+01
  -.16000000E+01  .20072070E+01
  -.15500000E+01  .19953944E+01
  -.15000000E+01  .19835221E+01
  -.14500000E+01  .19715895E+01
  -.14000000E+01  .19595957E+01
  -.13500000E+01  .19475398E+01
  -.13000000E+01  .19354209E+01
  -.12500000E+01  .19232381E+01
  -.12000000E+01  .19109906E+01
  -.11500000E+01  .18986774E+01
  -.11000000E+01  .18862975E+01
  -.10500000E+01  .18738500E+01
  -.10000000E+01  .18613338E+01
  -.95000000E+00  .18487481E+01
  -.90000000E+00  .18360916E+01
  -.85000000E+00  .18233633E+01
  -.80000000E+00  .18105622E+01
  -.75000000E+00  .17976871E+01
  -.70000000E+00  .17847369E+01
  -.65000000E+00  .17717104E+01
  -.60000000E+00  .17586064E+01
  -.55000000E+00  .17454237E+01
  -.50000000E+00  .17321609E+01
  -.45000000E+00  .17188169E+01
  -.40000000E+00  .17053903E+01
  -.35000000E+00  .16918797E+01
  -.30000000E+00  .16782838E+01
  -.25000000E+00  .16646010E+01
  -.20000000E+00  .16508301E+01
  -.15000000E+00  .16369693E+01
  -.10000000E+00  .16230173E+01
  -.50000000E-01  .16089724E+01
  -.22898350E-14  .15948330E+01
   .50000000E-01  .15805975E+01
   .10000000E+00  .15662640E+01
   .15000000E+00  .15518310E+01
   .20000000E+00  .15372965E+01
   .25000000E+00  .15226587E+01
   .30000000E+00  .15079157E+01
   .35000000E+00  .14930655E+01
   .40000000E+00  .14781062E+01
   .45000000E+00  .14630356E+01
   .50000000E+00  .14478516E+01
   .55000000E+00  .14325520E+01
   .60000000E+00  .14171346E+01
   .65000000E+00  .14015970E+01
   .70000000E+00  .13859368E+01
   .75000000E+00  .13701516E+01
   .80000000E+00  .13542388E+01
   .85000000E+00  .13381957E+01
   .90000000E+00  .13220198E+01
   .95000000E+00  .13057081E+01
   .10000000E+01  .12892579E+01
   .10500000E+01  .12726661E+01
   .11000000E+01  .12559297E+01
   .11500000E+01  .12390455E+01
   .12000000E+01  .12220103E+01
   .12500000E+01  .12048206E+01
   .13000000E+01  .11874731E+01
   .13500000E+01  .11699640E+01
   .14000000E+01  .11522897E+01
   .14500000E+01  .11344462E+01
   .15000000E+01  .11164297E+01
   .15500000E+01  .10982359E+01
   .16000000E+01  .10798607E+01
   .16500000E+01  .10612995E+01
   .17000000E+01  .10425477E+01
   .17500000E+01  .10236007E+01
   .18000000E+01  .10044535E+01
   .18500000E+01  .98510085E+00
   .19000000E+01  .96553759E+00
   .19500000E+01  .94575814E+00
   .20000000E+01  .92575678E+00
Potential  L  =        4.00000    .00000
  -.30000000E+01  .23172586E+01
  -.29500000E+01  .23068530E+01
  -.29000000E+01  .22964055E+01
  -.28500000E+01  .22859157E+01
  -.28000000E+01  .22753834E+01
  -.27500000E+01  .22648066E+01
  -.27000000E+01  .22541884E+01
  -.26500000E+01  .22435236E+01
  -.26000000E+01  .22328156E+01
  -.25500000E+01  .22220620E+01
  -.25000000E+01  .22112642E+01
  -.24500000E+01  .22004178E+01
  -.24000000E+01  .21895257E+01
  -.23500000E+01  .21785870E+01
  -.23000000E+01  .21675994E+01
  -.22500000E+01  .21565622E+01
  -.22000000E+01  .21454781E+01
  -.21500000E+01  .21343431E+01
  -.21000000E+01  .21231573E+01
  -.20500000E+01  .21119219E+01
  -.20000000E+01  .21006343E+01
  -.19500000E+01  .20892943E+01
  -.19000000E+01  .20779013E+01
  -.18500000E+01  .20664546E+01
  -.18000000E+01  .20549528E+01
  -.17500000E+01  .20433973E+01
  -.17000000E+01  .20317858E+01
  -.16500000E+01  .20201183E+01
  -.16000000E+01  .20083946E+01
  -.15500000E+01  .19966118E+01
  -.15000000E+01  .19847692E+01
  -.14500000E+01  .19728695E+01
  -.14000000E+01  .19609072E+01
  -.13500000E+01  .19488851E+01
  -.13000000E+01  .19368009E+01
  -.12500000E+01  .19246540E+01
  -.12000000E+01  .19124435E+01
  -.11500000E+01  .19001683E+01
  -.11000000E+01  .18878278E+01
  -.10500000E+01  .18754208E+01
  -.10000000E+01  .18629464E+01
  -.95000000E+00  .18504038E+01
  -.90000000E+00  .18377918E+01
  -.85000000E+00  .18251094E+01
  -.80000000E+00  .18123556E+01
  -.75000000E+00  .17995303E+01
  -.70000000E+00  .17866296E+01
  -.65000000E+00  .17736560E+01
  -.60000000E+00  .17606048E+01
  -.55000000E+00  .17474784E+01
  -.50000000E+00  .17342730E+01
  -.45000000E+00  .17209872E+01
  -.40000000E+00  .17076226E+01
  -.35000000E+00  .16941742E+01
  -.30000000E+00  .16806444E+01
  -.25000000E+00  .16670290E+01
  -.20000000E+00  .16533276E+01
  -.15000000E+00  .16395388E+01
  -.10000000E+00  .16256612E+01
  -.50000000E-01  .16116924E+01
  -.22898350E-14  .15976333E+01
   .50000000E-01  .15834801E+01
   .10000000E+00  .15692317E+01
   .15000000E+00  .15548867E+01
   .20000000E+00  .15404432E+01
   .25000000E+00  .15258997E+01
   .30000000E+00  .15112542E+01
   .35000000E+00  .14965050E+01
   .40000000E+00  .14816502E+01
   .45000000E+00  .14666879E+01
   .50000000E+00  .14516161E+01
   .55000000E+00  .14364327E+01
   .60000000E+00  .14211357E+01
   .65000000E+00  .14057229E+01
   .70000000E+00  .13901920E+01
   .75000000E+00  .13745409E+01
   .80000000E+00  .13587671E+01
   .85000000E+00  .13428683E+01
   .90000000E+00  .13268420E+01
   .95000000E+00  .13106856E+01
   .10000000E+01  .12943966E+01
   .10500000E+01  .12779720E+01
   .11000000E+01  .12614093E+01
   .11500000E+01  .12447054E+01
   .12000000E+01  .12278575E+01
   .12500000E+01  .12108625E+01
   .13000000E+01  .11937172E+01
   .13500000E+01  .11764183E+01
   .14000000E+01  .11589626E+01
   .14500000E+01  .11413465E+01
   .15000000E+01  .11235664E+01
   .15500000E+01  .11056187E+01
   .16000000E+01  .10874994E+01
   .16500000E+01  .10692048E+01
   .17000000E+01  .10507306E+01
   .17500000E+01  .10320726E+01
   .18000000E+01  .10132265E+01
   .18500000E+01  .99418769E+00
   .19000000E+01  .97495156E+00
   .19500000E+01  .95551321E+00
   .20000000E+01  .93586761E+00
KBPotential  L  =      1.00000  -7.40582
  -.30000000E+01  .17704003E+01
  -.29500000E+01  .17430546E+01
  -.29000000E+01  .17171636E+01
  -.28500000E+01  .16924360E+01
  -.28000000E+01  .16686465E+01
  -.27500000E+01  .16456183E+01
  -.27000000E+01  .16232100E+01
  -.26500000E+01  .16013087E+01
  -.26000000E+01  .15798192E+01
  -.25500000E+01  .15586645E+01
  -.25000000E+01  .15377804E+01
  -.24500000E+01  .15171118E+01
  -.24000000E+01  .14966118E+01
  -.23500000E+01  .14762398E+01
  -.23000000E+01  .14559611E+01
  -.22500000E+01  .14357442E+01
  -.22000000E+01  .14155616E+01
  -.21500000E+01  .13953893E+01
  -.21000000E+01  .13752051E+01
  -.20500000E+01  .13549889E+01
  -.20000000E+01  .13347226E+01
  -.19500000E+01  .13143893E+01
  -.19000000E+01  .12939730E+01
  -.18500000E+01  .12734592E+01
  -.18000000E+01  .12528339E+01
  -.17500000E+01  .12320839E+01
  -.17000000E+01  .12111965E+01
  -.16500000E+01  .11901594E+01
  -.16000000E+01  .11689606E+01
  -.15500000E+01  .11475876E+01
  -.15000000E+01  .11260309E+01
  -.14500000E+01  .11042782E+01
  -.14000000E+01  .10823183E+01
  -.13500000E+01  .10601398E+01
  -.13000000E+01  .10377316E+01
  -.12500000E+01  .10150825E+01
  -.12000000E+01  .99218067E+00
  -.11500000E+01  .96901459E+00
  -.11000000E+01  .94557233E+00
  -.10500000E+01  .92184174E+00
  -.10000000E+01  .89781035E+00
  -.95000000E+00  .87346535E+00
  -.90000000E+00  .84879355E+00
  -.85000000E+00  .82378131E+00
  -.80000000E+00  .79841450E+00
  -.75000000E+00  .77267849E+00
  -.70000000E+00  .74655809E+00
  -.65000000E+00  .72003746E+00
  -.60000000E+00  .69310011E+00
  -.55000000E+00  .66572882E+00
  -.50000000E+00  .63790559E+00
  -.45000000E+00  .60961156E+00
  -.40000000E+00  .58082697E+00
  -.35000000E+00  .55153107E+00
  -.30000000E+00  .52170208E+00
  -.25000000E+00  .49131701E+00
  -.20000000E+00  .46035172E+00
  -.15000000E+00  .42878071E+00
  -.10000000E+00  .39657704E+00
  -.50000000E-01  .36371224E+00
  -.22898350E-14  .33015618E+00
   .50000000E-01  .29587695E+00
   .10000000E+00  .26084066E+00
   .15000000E+00  .22501135E+00
   .20000000E+00  .18835076E+00
   .25000000E+00  .15081820E+00
   .30000000E+00  .11237027E+00
   .35000000E+00  .72960661E-01
   .40000000E+00  .32539912E-01
   .45000000E+00 -.89448946E-02
   .50000000E+00 -.51550439E-01
   .55000000E+00 -.95337516E-01
   .60000000E+00 -.14037141E+00
   .65000000E+00 -.18672234E+00
   .70000000E+00 -.23446593E+00
   .75000000E+00 -.28368376E+00
   .80000000E+00 -.33446399E+00
   .85000000E+00 -.38690195E+00
   .90000000E+00 -.44110101E+00
   .95000000E+00 -.49717340E+00
   .10000000E+01 -.55524117E+00
   .10500000E+01 -.61543731E+00
   .11000000E+01 -.67790709E+00
   .11500000E+01 -.74280934E+00
   .12000000E+01 -.81031824E+00
   .12500000E+01 -.88062514E+00
   .13000000E+01 -.95394082E+00
   .13500000E+01 -.10304979E+01
   .14000000E+01 -.11105540E+01
   .14500000E+01 -.11943947E+01
   .15000000E+01 -.12823381E+01
   .15500000E+01 -.13747392E+01
   .16000000E+01 -.14719953E+01
   .16500000E+01 -.15745531E+01
   .17000000E+01 -.16829157E+01
   .17500000E+01 -.17976527E+01
   .18000000E+01 -.19194111E+01
   .18500000E+01 -.20489292E+01
   .19000000E+01 -.21870528E+01
   .19500000E+01 -.23347563E+01
   .20000000E+01 -.24931672E+01
KBPotential  L  =      2.00000   -.88382
  -.30000000E+01  .17030929E+01
  -.29500000E+01  .16874034E+01
  -.29000000E+01  .16715282E+01
  -.28500000E+01  .16554599E+01
  -.28000000E+01  .16391903E+01
  -.27500000E+01  .16227107E+01
  -.27000000E+01  .16060121E+01
  -.26500000E+01  .15890843E+01
  -.26000000E+01  .15719166E+01
  -.25500000E+01  .15544977E+01
  -.25000000E+01  .15368149E+01
  -.24500000E+01  .15188549E+01
  -.24000000E+01  .15006031E+01
  -.23500000E+01  .14820435E+01
  -.23000000E+01  .14631591E+01
  -.22500000E+01  .14439309E+01
  -.22000000E+01  .14243385E+01
  -.21500000E+01  .14043593E+01
  -.21000000E+01  .13839686E+01
  -.20500000E+01  .13631391E+01
  -.20000000E+01  .13418407E+01
  -.19500000E+01  .13200402E+01
  -.19000000E+01  .12977004E+01
  -.18500000E+01  .12747802E+01
  -.18000000E+01  .12512332E+01
  -.17500000E+01  .12270077E+01
  -.17000000E+01  .12020453E+01
  -.16500000E+01  .11762768E+01
  -.16000000E+01  .11496332E+01
  -.15500000E+01  .11220260E+01
  -.15000000E+01  .10933568E+01
  -.14500000E+01  .10635122E+01
  -.14000000E+01  .10323607E+01
  -.13500000E+01  .99974915E+00
  -.13000000E+01  .96549758E+00
  -.12500000E+01  .92939331E+00
  -.12000000E+01  .89118300E+00
  -.11500000E+01  .85056225E+00
  -.11000000E+01  .80716223E+00
  -.10500000E+01  .76053133E+00
  -.10000000E+01  .71011055E+00
  -.95000000E+00  .65519933E+00
  -.90000000E+00  .59490762E+00
  -.85000000E+00  .52808687E+00
  -.80000000E+00  .45322709E+00
  -.75000000E+00  .36830955E+00
  -.70000000E+00  .27055891E+00
  -.65000000E+00  .15606294E+00
  -.60000000E+00  .19119554E-01
  -.55000000E+00 -.14891976E+00
  -.50000000E+00 -.36184433E+00
  -.45000000E+00 -.64302446E+00
  -.40000000E+00 -.10356111E+01
  -.35000000E+00 -.16289070E+01
  -.30000000E+00 -.26426575E+01
  -.25000000E+00 -.48029689E+01
  -.20000000E+00 -.12776430E+02
  -.15000000E+00  .39728189E+02
  -.10000000E+00  .90644717E+01
  -.50000000E-01  .54830714E+01
  -.22898350E-14  .40848401E+01
   .50000000E-01  .33332898E+01
   .10000000E+00  .28596873E+01
   .15000000E+00  .25307906E+01
   .20000000E+00  .22867328E+01
   .25000000E+00  .20966267E+01
   .30000000E+00  .19429197E+01
   .35000000E+00  .18147997E+01
   .40000000E+00  .17055603E+01
   .45000000E+00  .16105312E+01
   .50000000E+00  .15262450E+01
   .55000000E+00  .14504775E+01
   .60000000E+00  .13814907E+01
   .65000000E+00  .13179736E+01
   .70000000E+00  .12589191E+01
   .75000000E+00  .12035370E+01
   .80000000E+00  .11511993E+01
   .85000000E+00  .11013913E+01
   .90000000E+00  .10537215E+01
   .95000000E+00  .10078337E+01
   .10000000E+01  .96344782E+00
   .10500000E+01  .92032282E+00
   .11000000E+01  .87825447E+00
   .11500000E+01  .83706732E+00
   .12000000E+01  .79660923E+00
   .12500000E+01  .75674715E+00
   .13000000E+01  .71736368E+00
   .13500000E+01  .67835432E+00
   .14000000E+01  .63962529E+00
   .14500000E+01  .60109167E+00
   .15000000E+01  .56267589E+00
   .15500000E+01  .52430647E+00
   .16000000E+01  .48591700E+00
   .16500000E+01  .44744517E+00
   .17000000E+01  .40883206E+00
   .17500000E+01  .37002144E+00
   .18000000E+01  .33095919E+00
   .18500000E+01  .29159366E+00
   .19000000E+01  .25187203E+00
   .19500000E+01  .21176053E+00
   .20000000E+01  .17117576E+00
KBPotential  L  =       .00000   -.63893
  -.30000000E+01  .14317729E+01
  -.29500000E+01  .14145088E+01
  -.29000000E+01  .13970609E+01
  -.28500000E+01  .13794240E+01
  -.28000000E+01  .13615930E+01
  -.27500000E+01  .13435624E+01
  -.27000000E+01  .13253265E+01
  -.26500000E+01  .13068794E+01
  -.26000000E+01  .12882149E+01
  -.25500000E+01  .12693265E+01
  -.25000000E+01  .12502076E+01
  -.24500000E+01  .12308510E+01
  -.24000000E+01  .12112496E+01
  -.23500000E+01  .11913955E+01
  -.23000000E+01  .11712808E+01
  -.22500000E+01  .11508970E+01
  -.22000000E+01  .11302354E+01
  -.21500000E+01  .11092868E+01
  -.21000000E+01  .10880414E+01
  -.20500000E+01  .10664891E+01
  -.20000000E+01  .10446194E+01
  -.19500000E+01  .10224210E+01
  -.19000000E+01  .99988214E+00
  -.18500000E+01  .97699046E+00
  -.18000000E+01  .95373296E+00
  -.17500000E+01  .93009594E+00
  -.17000000E+01  .90606494E+00
  -.16500000E+01  .88162472E+00
  -.16000000E+01  .85675918E+00
  -.15500000E+01  .83145128E+00
  -.15000000E+01  .80568311E+00
  -.14500000E+01  .77943559E+00
  -.14000000E+01  .75268856E+00
  -.13500000E+01  .72542065E+00
  -.13000000E+01  .69760917E+00
  -.12500000E+01  .66923000E+00
  -.12000000E+01  .64025755E+00
  -.11500000E+01  .61066451E+00
  -.11000000E+01  .58042184E+00
  -.10500000E+01  .54949853E+00
  -.10000000E+01  .51786151E+00
  -.95000000E+00  .48547537E+00
  -.90000000E+00  .45230226E+00
  -.85000000E+00  .41830160E+00
  -.80000000E+00  .38342985E+00
  -.75000000E+00  .34764021E+00
  -.70000000E+00  .31088239E+00
  -.65000000E+00  .27310216E+00
  -.60000000E+00  .23424102E+00
  -.55000000E+00  .19423576E+00
  -.50000000E+00  .15301797E+00
  -.45000000E+00  .11051351E+00
  -.40000000E+00  .66641817E-01
  -.35000000E+00  .21315283E-01
  -.30000000E+00 -.25561575E-01
  -.25000000E+00 -.74093016E-01
  -.20000000E+00 -.12439316E+00
  -.15000000E+00 -.17658715E+00
  -.10000000E+00 -.23081248E+00
  -.50000000E-01 -.28722064E+00
  -.22898350E-14 -.34597890E+00
   .50000000E-01 -.40727253E+00
   .10000000E+00 -.47130713E+00
   .15000000E+00 -.53831165E+00
   .20000000E+00 -.60854178E+00
   .25000000E+00 -.68228398E+00
   .30000000E+00 -.75986029E+00
   .35000000E+00 -.84163404E+00
   .40000000E+00 -.92801682E+00
   .45000000E+00 -.10194766E+01
   .50000000E+00 -.11165479E+01
   .55000000E+00 -.12198444E+01
   .60000000E+00 -.13300740E+01
   .65000000E+00 -.14480573E+01
   .70000000E+00 -.15747525E+01
   .75000000E+00 -.17112841E+01
   .80000000E+00 -.18589827E+01
   .85000000E+00 -.20194339E+01
   .90000000E+00 -.21945440E+01
   .95000000E+00 -.23866268E+01
   .10000000E+01 -.25985219E+01
   .10500000E+01 -.28337568E+01
   .11000000E+01 -.30967773E+01
   .11500000E+01 -.33932831E+01
   .12000000E+01 -.37307323E+01
   .12500000E+01 -.41191421E+01
   .13000000E+01 -.45724394E+01
   .13500000E+01 -.51109577E+01
   .14000000E+01 -.57667344E+01
   .14500000E+01 -.65974126E+01
   .15000000E+01 -.77382553E+01
   .15500000E+01 -.97959459E+01
   .16000000E+01 -.16862882E-01
   .16500000E+01 -.99581122E+01
   .17000000E+01 -.13276668E+02
   .17500000E+01 -.17733505E+02
   .18000000E+01 -.25392940E+02
   .18500000E+01 -.42721762E+02
   .19000000E+01 -.12272133E+03
   .19500000E+01  .15261338E+03
   .20000000E+01  .48099158E+02
KBPotential  L  =      3.00000    .00000
  -.30000000E+01  .20097460E+01
  -.29500000E+01  .19975965E+01
  -.29000000E+01  .19853793E+01
  -.28500000E+01  .19730935E+01
  -.28000000E+01  .19607380E+01
  -.27500000E+01  .19483116E+01
  -.27000000E+01  .19358133E+01
  -.26500000E+01  .19232418E+01
  -.26000000E+01  .19105960E+01
  -.25500000E+01  .18978746E+01
  -.25000000E+01  .18850765E+01
  -.24500000E+01  .18722002E+01
  -.24000000E+01  .18592446E+01
  -.23500000E+01  .18462082E+01
  -.23000000E+01  .18330897E+01
  -.22500000E+01  .18198876E+01
  -.22000000E+01  .18066005E+01
  -.21500000E+01  .17932269E+01
  -.21000000E+01  .17797652E+01
  -.20500000E+01  .17662138E+01
  -.20000000E+01  .17525712E+01
  -.19500000E+01  .17388356E+01
  -.19000000E+01  .17250052E+01
  -.18500000E+01  .17110785E+01
  -.18000000E+01  .16970534E+01
  -.17500000E+01  .16829281E+01
  -.17000000E+01  .16687008E+01
  -.16500000E+01  .16543693E+01
  -.16000000E+01  .16399317E+01
  -.15500000E+01  .16253858E+01
  -.15000000E+01  .16107294E+01
  -.14500000E+01  .15959604E+01
  -.14000000E+01  .15810764E+01
  -.13500000E+01  .15660749E+01
  -.13000000E+01  .15509536E+01
  -.12500000E+01  .15357099E+01
  -.12000000E+01  .15203411E+01
  -.11500000E+01  .15048446E+01
  -.11000000E+01  .14892175E+01
  -.10500000E+01  .14734570E+01
  -.10000000E+01  .14575600E+01
  -.95000000E+00  .14415235E+01
  -.90000000E+00  .14253442E+01
  -.85000000E+00  .14090189E+01
  -.80000000E+00  .13925440E+01
  -.75000000E+00  .13759162E+01
  -.70000000E+00  .13591316E+01
  -.65000000E+00  .13421865E+01
  -.60000000E+00  .13250768E+01
  -.55000000E+00  .13077986E+01
  -.50000000E+00  .12903476E+01
  -.45000000E+00  .12727193E+01
  -.40000000E+00  .12549091E+01
  -.35000000E+00  .12369123E+01
  -.30000000E+00  .12187240E+01
  -.25000000E+00  .12003390E+01
  -.20000000E+00  .11817519E+01
  -.15000000E+00  .11629573E+01
  -.10000000E+00  .11439492E+01
  -.50000000E-01  .11247216E+01
  -.22898350E-14  .11052683E+01
   .50000000E-01  .10855828E+01
   .10000000E+00  .10656581E+01
   .15000000E+00  .10454871E+01
   .20000000E+00  .10250624E+01
   .25000000E+00  .10043762E+01
   .30000000E+00  .98342034E+00
   .35000000E+00  .96218633E+00
   .40000000E+00  .94066526E+00
   .45000000E+00  .91884781E+00
   .50000000E+00  .89672420E+00
   .55000000E+00  .87428420E+00
   .60000000E+00  .85151707E+00
   .65000000E+00  .82841153E+00
   .70000000E+00  .80495575E+00
   .75000000E+00  .78113728E+00
   .80000000E+00  .75694303E+00
   .85000000E+00  .73235923E+00
   .90000000E+00  .70737137E+00
   .95000000E+00  .68196417E+00
   .10000000E+01  .65612149E+00
   .10500000E+01  .62982632E+00
   .11000000E+01  .60306065E+00
   .11500000E+01  .57580530E+00
   .12000000E+01  .54804050E+00
   .12500000E+01  .51974476E+00
   .13000000E+01  .49089548E+00
   .13500000E+01  .46146869E+00
   .14000000E+01  .43143891E+00
   .14500000E+01  .40077907E+00
   .15000000E+01  .36946035E+00
   .15500000E+01  .33745207E+00
   .16000000E+01  .30472149E+00
   .16500000E+01  .27123364E+00
   .17000000E+01  .23695118E+00
   .17500000E+01  .20183412E+00
   .18000000E+01  .16583963E+00
   .18500000E+01  .12892175E+00
   .19000000E+01  .91031358E-01
   .19500000E+01  .52114845E-01
   .20000000E+01  .12115261E-01
KBPotential  L  =      4.00000    .00000
  -.30000000E+01  .23172586E+01
  -.29500000E+01  .23068530E+01
  -.29000000E+01  .22964055E+01
  -.28500000E+01  .22859157E+01
  -.28000000E+01  .22753834E+01
  -.27500000E+01  .22648066E+01
  -.27000000E+01  .22541884E+01
  -.26500000E+01  .22435236E+01
  -.26000000E+01  .22328156E+01
  -.25500000E+01  .22220620E+01
  -.25000000E+01  .22112642E+01
  -.24500000E+01  .22004178E+01
  -.24000000E+01  .21895257E+01
  -.23500000E+01  .21785870E+01
  -.23000000E+01  .21675994E+01
  -.22500000E+01  .21565622E+01
  -.22000000E+01  .21454781E+01
  -.21500000E+01  .21343431E+01
  -.21000000E+01  .21231573E+01
  -.20500000E+01  .21119219E+01
  -.20000000E+01  .21006343E+01
  -.19500000E+01  .20892943E+01
  -.19000000E+01  .20779013E+01
  -.18500000E+01  .20664546E+01
  -.18000000E+01  .20549528E+01
  -.17500000E+01  .20433973E+01
  -.17000000E+01  .20317858E+01
  -.16500000E+01  .20201183E+01
  -.16000000E+01  .20083946E+01
  -.15500000E+01  .19966118E+01
  -.15000000E+01  .19847692E+01
  -.14500000E+01  .19728695E+01
  -.14000000E+01  .19609072E+01
  -.13500000E+01  .19488851E+01
  -.13000000E+01  .19368009E+01
  -.12500000E+01  .19246540E+01
  -.12000000E+01  .19124435E+01
  -.11500000E+01  .19001683E+01
  -.11000000E+01  .18878278E+01
  -.10500000E+01  .18754208E+01
  -.10000000E+01  .18629464E+01
  -.95000000E+00  .18504038E+01
  -.90000000E+00  .18377918E+01
  -.85000000E+00  .18251094E+01
  -.80000000E+00  .18123556E+01
  -.75000000E+00  .17995303E+01
  -.70000000E+00  .17866296E+01
  -.65000000E+00  .17736560E+01
  -.60000000E+00  .17606048E+01
  -.55000000E+00  .17474784E+01
  -.50000000E+00  .17342730E+01
  -.45000000E+00  .17209872E+01
  -.40000000E+00  .17076226E+01
  -.35000000E+00  .16941742E+01
  -.30000000E+00  .16806444E+01
  -.25000000E+00  .16670290E+01
  -.20000000E+00  .16533276E+01
  -.15000000E+00  .16395388E+01
  -.10000000E+00  .16256612E+01
  -.50000000E-01  .16116924E+01
  -.22898350E-14  .15976333E+01
   .50000000E-01  .15834801E+01
   .10000000E+00  .15692317E+01
   .15000000E+00  .15548867E+01
   .20000000E+00  .15404432E+01
   .25000000E+00  .15258997E+01
   .30000000E+00  .15112542E+01
   .35000000E+00  .14965050E+01
   .40000000E+00  .14816502E+01
   .45000000E+00  .14666879E+01
   .50000000E+00  .14516161E+01
   .55000000E+00  .14364327E+01
   .60000000E+00  .14211357E+01
   .65000000E+00  .14057229E+01
   .70000000E+00  .13901920E+01
   .75000000E+00  .13745409E+01
   .80000000E+00  .13587671E+01
   .85000000E+00  .13428683E+01
   .90000000E+00  .13268420E+01
   .95000000E+00  .13106856E+01
   .10000000E+01  .12943966E+01
   .10500000E+01  .12779720E+01
   .11000000E+01  .12614093E+01
   .11500000E+01  .12447054E+01
   .12000000E+01  .12278575E+01
   .12500000E+01  .12108625E+01
   .13000000E+01  .11937172E+01
   .13500000E+01  .11764183E+01
   .14000000E+01  .11589626E+01
   .14500000E+01  .11413465E+01
   .15000000E+01  .11235664E+01
   .15500000E+01  .11056187E+01
   .16000000E+01  .10874994E+01
   .16500000E+01  .10692048E+01
   .17000000E+01  .10507306E+01
   .17500000E+01  .10320726E+01
   .18000000E+01  .10132265E+01
   .18500000E+01  .99418769E+00
   .19000000E+01  .97495156E+00
   .19500000E+01  .95551321E+00
   .20000000E+01  .93586761E+00
