Rb: s1d0.01                             
  .630477023E-02  .640228810E-02  .650131126E-02  .660186286E-02  .670396642E-02
  .680764583E-02  .691292533E-02  .701982953E-02  .712838344E-02  .723861241E-02
  .735054223E-02  .746419905E-02  .757960942E-02  .769680031E-02  .781579910E-02
  .793663358E-02  .805933199E-02  .818392296E-02  .831043560E-02  .843889943E-02
  .856934446E-02  .870180111E-02  .883630031E-02  .897287343E-02  .911155234E-02
  .925236940E-02  .939535744E-02  .954054982E-02  .968798038E-02  .983768349E-02
  .998969407E-02  .101440475E-01  .103007798E-01  .104599275E-01  .106215277E-01
  .107856179E-01  .109522365E-01  .111214221E-01  .112932143E-01  .114676530E-01
  .116447787E-01  .118246328E-01  .120072570E-01  .121926939E-01  .123809866E-01
  .125721789E-01  .127663152E-01  .129634406E-01  .131636011E-01  .133668430E-01
  .135732138E-01  .137827611E-01  .139955339E-01  .142115815E-01  .144309540E-01
  .146537023E-01  .148798783E-01  .151095344E-01  .153427238E-01  .155795007E-01
  .158199200E-01  .160640375E-01  .163119097E-01  .165635941E-01  .168191491E-01
  .170786339E-01  .173421086E-01  .176096343E-01  .178812728E-01  .181570871E-01
  .184371411E-01  .187214996E-01  .190102284E-01  .193033943E-01  .196010650E-01
  .199033095E-01  .202101977E-01  .205218004E-01  .208381898E-01  .211594389E-01
  .214856219E-01  .218168141E-01  .221530922E-01  .224945336E-01  .228412172E-01
  .231932231E-01  .235506324E-01  .239135275E-01  .242819922E-01  .246561114E-01
  .250359714E-01  .254216596E-01  .258132650E-01  .262108778E-01  .266145894E-01
  .270244929E-01  .274406827E-01  .278632543E-01  .282923052E-01  .287279339E-01
  .291702407E-01  .296193272E-01  .300752966E-01  .305382536E-01  .310083047E-01
  .314855577E-01  .319701223E-01  .324621096E-01  .329616325E-01  .334688056E-01
  .339837452E-01  .345065693E-01  .350373979E-01  .355763524E-01  .361235564E-01
  .366791352E-01  .372432159E-01  .378159277E-01  .383974016E-01  .389877705E-01
  .395871695E-01  .401957356E-01  .408136078E-01  .414409273E-01  .420778373E-01
  .427244833E-01  .433810129E-01  .440475757E-01  .447243240E-01  .454114119E-01
  .461089960E-01  .468172354E-01  .475362913E-01  .482663275E-01  .490075101E-01
  .497600078E-01  .505239918E-01  .512996357E-01  .520871160E-01  .528866115E-01
  .536983038E-01  .545223773E-01  .553590190E-01  .562084187E-01  .570707692E-01
  .579462658E-01  .588351071E-01  .597374944E-01  .606536321E-01  .615837276E-01
  .625279913E-01  .634866370E-01  .644598813E-01  .654479442E-01  .664510490E-01
  .674694223E-01  .685032939E-01  .695528971E-01  .706184688E-01  .717002491E-01
  .727984820E-01  .739134147E-01  .750452984E-01  .761943879E-01  .773609417E-01
  .785452222E-01  .797474955E-01  .809680318E-01  .822071053E-01  .834649941E-01
  .847419805E-01  .860383509E-01  .873543959E-01  .886904103E-01  .900466935E-01
  .914235490E-01  .928212850E-01  .942402139E-01  .956806531E-01  .971429243E-01
  .986273540E-01  .100134274E+00  .101664019E+00  .103216932E+00  .104793358E+00
  .106393649E+00  .108018160E+00  .109667254E+00  .111341296E+00  .113040659E+00
  .114765720E+00  .116516863E+00  .118294477E+00  .120098954E+00  .121930696E+00
  .123790107E+00  .125677601E+00  .127593594E+00  .129538509E+00  .131512778E+00
  .133516836E+00  .135551126E+00  .137616095E+00  .139712201E+00  .141839903E+00
  .143999672E+00  .146191982E+00  .148417316E+00  .150676162E+00  .152969017E+00
  .155296384E+00  .157658774E+00  .160056705E+00  .162490702E+00  .164961297E+00
  .167469032E+00  .170014455E+00  .172598122E+00  .175220597E+00  .177882452E+00
  .180584268E+00  .183326633E+00  .186110145E+00  .188935409E+00  .191803039E+00
  .194713659E+00  .197667900E+00  .200666403E+00  .203709819E+00  .206798805E+00
  .209934032E+00  .213116177E+00  .216345927E+00  .219623980E+00  .222951044E+00
  .226327836E+00  .229755082E+00  .233233522E+00  .236763902E+00  .240346982E+00
  .243983530E+00  .247674328E+00  .251420166E+00  .255221846E+00  .259080181E+00
  .262995997E+00  .266970131E+00  .271003429E+00  .275096753E+00  .279250973E+00
  .283466975E+00  .287745655E+00  .292087921E+00  .296494695E+00  .300966912E+00
  .305505519E+00  .310111477E+00  .314785759E+00  .319529353E+00  .324343259E+00
  .329228493E+00  .334186083E+00  .339217072E+00  .344322517E+00  .349503491E+00
  .354761079E+00  .360096384E+00  .365510522E+00  .371004624E+00  .376579839E+00
  .382237328E+00  .387978272E+00  .393803864E+00  .399715316E+00  .405713856E+00
  .411800728E+00  .417977194E+00  .424244531E+00  .430604034E+00  .437057018E+00
  .443604813E+00  .450248767E+00  .456990247E+00  .463830639E+00  .470771346E+00
  .477813791E+00  .484959415E+00  .492209680E+00  .499566066E+00  .507030072E+00
  .514603219E+00  .522287047E+00  .530083117E+00  .537993009E+00  .546018328E+00
  .554160694E+00  .562421754E+00  .570803174E+00  .579306643E+00  .587933870E+00
  .596686588E+00  .605566554E+00  .614575546E+00  .623715364E+00  .632987836E+00
  .642394808E+00  .651938155E+00  .661619772E+00  .671441582E+00  .681405531E+00
  .691513590E+00  .701767757E+00  .712170052E+00  .722722525E+00  .733427250E+00
  .744286328E+00  .755301886E+00  .766476079E+00  .777811088E+00  .789309124E+00
  .800972424E+00  .812803253E+00  .824803906E+00  .836976704E+00  .849324001E+00
  .861848178E+00  .874551645E+00  .887436844E+00  .900506246E+00  .913762353E+00
  .927207697E+00  .940844843E+00  .954676386E+00  .968704953E+00  .982933204E+00
  .997363831E+00  .101199956E+01  .102684315E+01  .104189738E+01  .105716509E+01
  .107264913E+01  .108835240E+01  .110427783E+01  .112042837E+01  .113680703E+01
  .115341684E+01  .117026086E+01  .118734221E+01  .120466403E+01  .122222950E+01
  .124004183E+01  .125810428E+01  .127642015E+01  .129499275E+01  .131382546E+01
  .133292169E+01  .135228489E+01  .137191853E+01  .139182616E+01  .141201132E+01
  .143247764E+01  .145322875E+01  .147426835E+01  .149560016E+01  .151722796E+01
  .153915556E+01  .156138681E+01  .158392562E+01  .160677592E+01  .162994170E+01
  .165342698E+01  .167723584E+01  .170137239E+01  .172584079E+01  .175064525E+01
  .177579001E+01  .180127938E+01  .182711768E+01  .185330930E+01  .187985868E+01
  .190677029E+01  .193404866E+01  .196169836E+01  .198972400E+01  .201813026E+01
  .204692183E+01  .207610349E+01  .210568004E+01  .213565633E+01  .216603727E+01
  .219682782E+01  .222803297E+01  .225965778E+01  .229170735E+01  .232418681E+01
  .235710138E+01  .239045630E+01  .242425686E+01  .245850842E+01  .249321637E+01
  .252838616E+01  .256402328E+01  .260013329E+01  .263672178E+01  .267379440E+01
  .271135685E+01  .274941487E+01  .278797428E+01  .282704092E+01  .286662069E+01
  .290671954E+01  .294734348E+01  .298849856E+01  .303019089E+01  .307242661E+01
  .311521193E+01  .315855312E+01  .320245646E+01  .324692833E+01  .329197512E+01
  .333760329E+01  .338381934E+01  .343062983E+01  .347804135E+01  .352606058E+01
  .357469419E+01  .362394895E+01  .367383165E+01  .372434914E+01  .377550830E+01
  .382731608E+01  .387977946E+01  .393290548E+01  .398670122E+01  .404117379E+01
  .409633037E+01  .415217817E+01  .420872445E+01  .426597650E+01  .432394167E+01
  .438262735E+01  .444204095E+01  .450218995E+01  .456308185E+01  .462472419E+01
  .468712456E+01  .475029059E+01  .481422992E+01  .487895025E+01  .494445932E+01
  .501076488E+01  .507787472E+01  .514579668E+01  .521453861E+01  .528410840E+01
  .535451396E+01  .542576324E+01  .549786420E+01  .557082484E+01  .564465318E+01
  .571935726E+01  .579494513E+01  .587142487E+01  .594880458E+01  .602709238E+01
  .610629638E+01  .618642473E+01  .626748559E+01  .634948710E+01  .643243745E+01
  .651634479E+01  .660121732E+01  .668706320E+01  .677389063E+01  .686170777E+01
  .695052279E+01  .704034388E+01  .713117918E+01  .722303683E+01  .731592498E+01
  .740985173E+01  .750482520E+01  .760085345E+01  .769794454E+01  .779610650E+01
  .789534733E+01  .799567500E+01  .809709744E+01  .819962254E+01  .830325816E+01
  .840801212E+01  .851389217E+01  .862090604E+01  .872906138E+01  .883836581E+01
  .894882686E+01  .906045202E+01  .917324870E+01  .928722425E+01  .940238595E+01
  .951874097E+01  .963629643E+01  .975505936E+01  .987503669E+01  .999623525E+01
  .101186618E+02  .102423230E+02  .103672253E+02  .104933752E+02  .106207790E+02
  .107494428E+02  .108793727E+02  .110105748E+02  .111430546E+02  .112768180E+02
  .114118704E+02  .115482171E+02  .116858635E+02  .118248145E+02  .119650750E+02
  .121066497E+02  .122495432E+02  .123937598E+02  .125393037E+02  .126861789E+02
  .128343891E+02  .129839379E+02  .131348287E+02  .132870646E+02  .134406486E+02
  .135955833E+02  .137518711E+02  .139095144E+02  .140685150E+02  .142288747E+02
  .143905950E+02  .145536770E+02  .147181216E+02  .148839295E+02  .150511010E+02
  .152196362E+02  .153895348E+02  .155607962E+02  .157334196E+02  .159074038E+02
  .160827472E+02  .162594480E+02  .164375039E+02  .166169124E+02  .167976706E+02
  .169797752E+02  .171632225E+02  .173480084E+02  .175341286E+02  .177215782E+02
  .179103519E+02  .181004441E+02  .182918488E+02  .184845594E+02  .186785690E+02
  .188738703E+02  .190704553E+02  .192683158E+02  .194674431E+02  .196678280E+02
  .198694606E+02  .200723309E+02  .202764280E+02  .204817409E+02  .206882578E+02
  .208959665E+02  .211048542E+02  .213149076E+02  .215261129E+02  .217384556E+02
  .219519209E+02  .221664932E+02  .223821564E+02  .225988939E+02  .228166884E+02
  .230355221E+02  .232553765E+02  .234762326E+02  .236980708E+02  .239208707E+02
  .241446114E+02  .243692714E+02  .245948285E+02  .248212599E+02  .250485422E+02
  .252766512E+02  .255055621E+02  .257352494E+02  .259656872E+02  .261968485E+02
  .264287059E+02  .266612312E+02  .268943957E+02  .271281697E+02  .273625231E+02
  .275974249E+02  .278328436E+02  .280687467E+02  .283051013E+02  .285418737E+02
  .287790294E+02  .290165332E+02  .292543493E+02  .294924412E+02  .297307715E+02
  .299693024E+02  .302079950E+02  .304468101E+02  .306857075E+02  .309246464E+02
  .311635853E+02  .314024820E+02  .316412936E+02  .318799766E+02  .321184867E+02
  .323567789E+02  .325948077E+02  .328325267E+02  .330698890E+02  .333068471E+02
  .335433526E+02  .337793568E+02  .340148101E+02  .342496624E+02  .344838631E+02
  .347173607E+02  .349501034E+02  .351820387E+02  .354131137E+02  .356432748E+02
  .358724678E+02  .361006382E+02  .363277309E+02  .365536904E+02  .367784605E+02
  .370019849E+02  .372242066E+02  .374450684E+02  .376645125E+02  .378824810E+02
  .380989155E+02  .383137573E+02  .385269474E+02  .387384266E+02  .389481354E+02
  .391560142E+02  .393620031E+02  .395660421E+02  .397680710E+02  .399680297E+02
  .401658577E+02  .403614949E+02  .405548809E+02  .407459554E+02  .409346581E+02
  .411209291E+02  .413047083E+02  .414859360E+02  .416645526E+02  .418404988E+02
  .420137157E+02  .421841445E+02  .423517270E+02  .425164054E+02  .426781223E+02
  .428368208E+02  .429924446E+02  .431449380E+02  .432942459E+02  .434403141E+02
  .435830889E+02  .437225174E+02  .438585478E+02  .439911289E+02  .441202107E+02
  .442457439E+02  .443676806E+02  .444859737E+02  .446005774E+02  .447114472E+02
  .448185395E+02  .449218125E+02  .450212254E+02  .451167391E+02  .452083157E+02
  .452959191E+02  .453795146E+02  .454590692E+02  .455345518E+02  .456059328E+02
  .456731846E+02  .457362813E+02  .457951991E+02  .458499162E+02  .459004126E+02
  .459466707E+02  .459886750E+02  .460264120E+02  .460598707E+02  .460890423E+02
  .461139205E+02  .461345013E+02  .461507832E+02  .461627673E+02  .461704572E+02
  .461738593E+02  .461729824E+02  .461678383E+02  .461584414E+02  .461448090E+02
  .461269613E+02  .461049214E+02  .460787152E+02  .460483718E+02  .460139231E+02
  .459754044E+02  .459328537E+02  .458863123E+02  .458358249E+02  .457814389E+02
  .457232053E+02  .456611782E+02  .455954149E+02  .455259762E+02  .454529258E+02
  .453763311E+02  .452962626E+02  .452127941E+02  .451260029E+02  .450359694E+02
  .449427776E+02  .448465146E+02  .447472708E+02  .446451401E+02  .445402196E+02
  .444326095E+02  .443224135E+02  .442097383E+02  .440946940E+02  .439773938E+02
  .438579538E+02  .437364935E+02  .436131351E+02  .434880042E+02  .433612290E+02
  .432329406E+02  .431032731E+02  .429723631E+02  .428403500E+02  .427073757E+02
  .425735849E+02  .424391244E+02  .423041434E+02  .421687935E+02  .420332283E+02
  .418976035E+02  .417620767E+02  .416268074E+02  .414919568E+02  .413576876E+02
  .412241640E+02  .410915516E+02  .409600170E+02  .408297282E+02  .407008539E+02
  .405735634E+02  .404480269E+02  .403244150E+02  .402028985E+02  .400836484E+02
  .399668356E+02  .398526309E+02  .397412047E+02  .396327267E+02  .395273660E+02
  .394252908E+02  .393266680E+02  .392316634E+02  .391404412E+02  .390531638E+02
  .389699918E+02  .388910837E+02  .388165957E+02  .387466814E+02  .386814918E+02
  .386211749E+02  .385658754E+02  .385157350E+02  .384708915E+02  .384314790E+02
  .383976277E+02  .383694636E+02  .383471081E+02  .383306782E+02  .383202858E+02
  .383160379E+02  .383180364E+02  .383263773E+02  .383411514E+02  .383624432E+02
  .383903315E+02  .384248885E+02  .384661801E+02  .385142657E+02  .385691975E+02
  .386310209E+02  .386997743E+02  .387754882E+02  .388581862E+02  .389478837E+02
  .390445886E+02  .391483007E+02  .392590115E+02  .393767047E+02  .395013551E+02
  .396329294E+02  .397713854E+02  .399166726E+02  .400687313E+02  .402274932E+02
  .403928810E+02  .405648083E+02  .407431799E+02  .409278912E+02  .411188288E+02
  .413158699E+02  .415188829E+02  .417277268E+02  .419422517E+02  .421622983E+02
  .423876988E+02  .426182759E+02  .428538438E+02  .430942076E+02  .433391640E+02
  .435885009E+02  .438419976E+02  .440994254E+02  .443605470E+02  .446251175E+02
  .448928839E+02  .451635857E+02  .454369547E+02  .457127159E+02  .459905869E+02
  .462702789E+02  .465514965E+02  .468339381E+02  .471172963E+02  .474012581E+02
  .476855052E+02  .479697144E+02  .482535579E+02  .485367038E+02  .488188161E+02
  .490995556E+02  .493785799E+02  .496555440E+02  .499301007E+02  .502019008E+02
  .504705940E+02  .507358288E+02  .509972536E+02  .512545164E+02  .515072661E+02
  .517551522E+02  .519978260E+02  .522349404E+02  .524661511E+02  .526911166E+02
  .529094989E+02  .531209642E+02  .533251828E+02  .535218305E+02  .537105885E+02
  .538911440E+02  .540631909E+02  .542264303E+02  .543805710E+02  .545253297E+02
  .546604323E+02  .547856134E+02  .549006176E+02  .550051997E+02  .550991251E+02
  .551821704E+02  .552541241E+02  .553147863E+02  .553639703E+02  .554015019E+02
  .554272206E+02  .554409797E+02  .554426467E+02  .554321038E+02  .554092480E+02
  .553739918E+02  .553262633E+02  .552660066E+02  .551931820E+02  .551077663E+02
  .550097529E+02  .548991525E+02  .547759925E+02  .546403181E+02  .544921916E+02
  .543316930E+02  .541589199E+02  .539739878E+02  .537770295E+02  .535681962E+02
  .533476561E+02  .531155957E+02  .528722186E+02  .526177461E+02  .523524167E+02
  .520764860E+02  .517902265E+02  .514939274E+02  .511878941E+02  .508724484E+02
  .505479273E+02  .502146836E+02  .498730847E+02  .495235126E+02  .491663634E+02
  .488020464E+02  .484309843E+02  .480536118E+02  .476703756E+02  .472817335E+02
  .468881540E+02  .464901152E+02  .460881045E+02  .456826178E+02  .452741583E+02
  .448632365E+02  .444503687E+02  .440360765E+02  .436208859E+02  .432053265E+02
  .427899306E+02  .423752321E+02  .419617657E+02  .415500664E+02  .411406679E+02
  .407341019E+02  .403308974E+02  .399315795E+02  .395366684E+02  .391466786E+02
  .387621180E+02  .383834866E+02  .380112758E+02  .376459677E+02  .372880334E+02
  .369379330E+02  .365961139E+02  .362630106E+02  .359390431E+02  .356246166E+02
  .353201205E+02  .350259273E+02  .347423922E+02  .344698522E+02  .342086254E+02
  .339590099E+02  .337212838E+02  .334957042E+02  .332825063E+02  .330819035E+02
  .328940863E+02  .327192221E+02  .325574549E+02  .324089044E+02  .322736662E+02
  .321518110E+02  .320433849E+02  .319484087E+02  .318668779E+02  .317987629E+02
  .317440084E+02  .317025338E+02  .316742330E+02  .316589750E+02  .316566032E+02
  .316669365E+02  .316897689E+02  .317248701E+02  .317719861E+02  .318308390E+02
  .319011281E+02  .319825301E+02  .320746996E+02  .321772699E+02  .322898538E+02
  .324120439E+02  .325434136E+02  .326835181E+02  .328318948E+02  .329880645E+02
  .331515322E+02  .333217883E+02  .334983091E+02  .336805583E+02  .338679878E+02
  .340600390E+02  .342561435E+02  .344557247E+02  .346581986E+02  .348629753E+02
  .350694598E+02  .352770535E+02  .354851551E+02  .356931620E+02  .359004719E+02
  .361064830E+02  .363105961E+02  .365122156E+02  .367107504E+02  .369056152E+02
  .370962322E+02  .372820311E+02  .374624515E+02  .376369430E+02  .378049671E+02
  .379659974E+02  .381195213E+02  .382650408E+02  .384020734E+02  .385301527E+02
  .386488302E+02  .387576748E+02  .388562750E+02  .389442385E+02  .390211937E+02
  .390867898E+02  .391406978E+02  .391826106E+02  .392122442E+02  .392293372E+02
  .392336523E+02  .392249757E+02  .392031177E+02  .391679133E+02  .391192219E+02
  .390569276E+02  .389809392E+02  .388911904E+02  .387876396E+02  .386702699E+02
  .385390887E+02  .383941281E+02  .382354440E+02  .380631160E+02  .378772475E+02
  .376779646E+02  .374654162E+02  .372397733E+02  .370012285E+02  .367499954E+02
  .364863081E+02  .362104206E+02  .359226059E+02  .356231557E+02  .353123789E+02
  .349906019E+02  .346581669E+02  .343154315E+02  .339627677E+02  .336005613E+02
  .332292107E+02  .328491263E+02  .324607291E+02  .320644506E+02  .316607308E+02
  .312500185E+02  .308327690E+02  .304094445E+02  .299805120E+02  .295464433E+02
  .291077131E+02  .286647991E+02  .282181802E+02  .277683363E+02  .273157463E+02
  .268608890E+02  .264042400E+02  .259462730E+02  .254874570E+02  .250282573E+02
  .245691330E+02  .241105378E+02  .236529175E+02  .231967113E+02  .227423490E+02
  .222902522E+02  .218408319E+02  .213944898E+02  .209516156E+02  .205125883E+02
  .200777744E+02  .196475282E+02  .192221906E+02  .188020897E+02  .183875391E+02
  .179788389E+02  .175762739E+02  .171801152E+02  .167906176E+02  .164080218E+02
  .160325522E+02  .156644182E+02  .153038130E+02  .149509144E+02  .146058840E+02
  .142688681E+02  .139399964E+02  .136193836E+02  .133071281E+02  .130033130E+02
  .127080060E+02  .124212595E+02  .121431106E+02  .118735821E+02  .116126817E+02
  .113604032E+02  .111167261E+02  .108816168E+02  .106550277E+02  .104368988E+02
  .102271575E+02  .100257190E+02  .983248685E+01  .964735350E+01  .947020043E+01
  .930089906E+01  .913931078E+01  .898528791E+01  .883867373E+01  .869930344E+01
  .856700429E+01  .844159646E+01  .832289321E+01  .821070182E+01  .810482371E+01
  .800505535E+01  .791118844E+01  .782301077E+01  .774030643E+01  .766285662E+01
  .759043988E+01  .752283287E+01  .745981061E+01  .740114722E+01  .734661615E+01
  .729599088E+01  .724904519E+01  .720555359E+01  .716529212E+01  .712803840E+01
  .709357208E+01  .706167529E+01  .703213311E+01  .700473364E+01  .697926859E+01
  .695553372E+01  .693332899E+01  .691245867E+01  .689273200E+01  .687396301E+01
  .685597128E+01  .683858161E+01  .682162477E+01  .680493717E+01  .678836154E+01
  .677174656E+01  .675494752E+01  .673782593E+01  .672025011E+01  .670209479E+01
  .668324167E+01  .666357893E+01  .664300184E+01  .662141220E+01  .659871890E+01
  .657483734E+01  .654968997E+01  .652320570E+01  .649532037E+01  .646597613E+01
  .643512193E+01  .640271285E+01  .636871056E+01  .633308262E+01  .629580294E+01
  .625685106E+01  .621621257E+01  .617387837E+01  .612984506E+01  .608411414E+01
  .603669286E+01  .598759212E+01  .593682941E+01  .588442451E+01  .583040384E+01
  .577479561E+01  .571763427E+01  .565895563E+01  .559880133E+01  .553721395E+01
  .547424149E+01  .540993243E+01  .534434026E+01  .527751854E+01  .520952544E+01
  .514041874E+01  .507026043E+01  .499911169E+01  .492703758E+01  .485410187E+01
  .478037184E+01  .470591313E+01  .463079453E+01  .455508278E+01  .447884743E+01
  .440215568E+01  .432507711E+01  .424767891E+01  .417002993E+01  .409219661E+01
  .401424670E+01  .393624527E+01  .385825844E+01  .378034940E+01  .370258219E+01
  .362501766E+01  .354771730E+01  .347073925E+01  .339414211E+01  .331798092E+01
  .324231107E+01  .316718423E+01  .309265228E+01  .301876328E+01  .294556539E+01
  .287310285E+01  .280141994E+01  .273055692E+01  .266055404E+01  .259144752E+01
  .252327349E+01  .245606401E+01  .238985109E+01  .232466263E+01  .226052648E+01
  .219746640E+01  .213550611E+01  .207466529E+01  .201496361E+01  .195641672E+01
  .189904032E+01  .184284618E+01  .178784617E+01  .173404851E+01  .168146062E+01
  .163008791E+01  .157993400E+01  .153100086E+01  .148328878E+01  .143679648E+01
  .139152111E+01  .134745837E+01  .130460249E+01  .126294635E+01  .122248147E+01
  .118319805E+01  .114508524E+01  .110813098E+01  .107232209E+01  .103764438E+01
  .100408267E+01  .971620889E+00  .940242081E+00  .909928536E+00  .880661768E+00
  .852422647E+00  .825191383E+00  .798947659E+00  .773670604E+00  .749338929E+00
  .725930899E+00  .703424466E+00  .681797236E+00  .661026506E+00  .641089523E+00
  .621963310E+00  .603624730E+00  .586050618E+00  .569217733E+00  .553102888E+00
  .537682896E+00  .522934701E+00  .508835319E+00  .495361966E+00  .482491991E+00
  .470203008E+00  .458472821E+00  .447279555E+00  .436601576E+00  .426417617E+00
  .416706699E+00  .407448253E+00  .398622033E+00  .390208242E+00  .382187436E+00
  .374540649E+00  .367249297E+00  .360295297E+00  .353660968E+00  .347329150E+00
  .341283098E+00  .335506604E+00  .329983887E+00  .324699710E+00  .319639270E+00
  .314788314E+00  .310133023E+00  .305660132E+00  .301356808E+00  .297210770E+00
  .293210165E+00  .289343684E+00  .285600442E+00  .281970090E+00  .278442689E+00
  .275008831E+00  .271659505E+00  .268386215E+00  .265180851E+00  .262035802E+00
  .258943829E+00  .255898166E+00  .252892422E+00  .249920660E+00  .246977281E+00
  .244057131E+00  .241155375E+00  .238267606E+00  .235389711E+00  .232517991E+00
  .229649016E+00  .226779749E+00  .223907407E+00  .221029572E+00  .218144060E+00
  .215249034E+00  .212342867E+00  .209424255E+00  .206492088E+00  .203545554E+00
  .200584013E+00  .197607103E+00  .194614610E+00  .191606581E+00  .188583186E+00
  .185544835E+00  .182492043E+00  .179425543E+00  .176346152E+00  .173254884E+00
  .170152818E+00  .167041210E+00  .163921364E+00  .160794740E+00  .157662824E+00
  .154527245E+00  .151389640E+00  .148251766E+00  .145115376E+00  .141982326E+00
  .138854448E+00  .135733663E+00  .132621856E+00  .129520983E+00  .126432948E+00
  .123359714E+00  .120303180E+00  .117265291E+00  .114247921E+00  .111252950E+00
  .108282219E+00  .105337537E+00  .102420671E+00  .995333437E-01  .966772305E-01
  .938539528E-01  .910650761E-01  .883121060E-01  .855964850E-01  .829195900E-01
  .802827293E-01  .776871406E-01  .751339890E-01  .726243652E-01  .701592841E-01
  .677396836E-01  .653664237E-01  .630402858E-01  .607619727E-01  .585321076E-01
  .563512353E-01  .542198215E-01  .521382541E-01  .501068433E-01  .481258235E-01
  .461953379E-01  .443154880E-01  .424862861E-01  .407076739E-01  .389795243E-01
  .373016435E-01  .356737732E-01  .340955926E-01  .325667209E-01  .310867200E-01
  .296550967E-01  .282713055E-01  .269347512E-01  .256447920E-01  .244007417E-01
  .232018733E-01  .220474211E-01  .209365843E-01  .198685291E-01  .188423923E-01
  .178572839E-01  .169122897E-01  .160064744E-01  .151388842E-01  .143085495E-01
  .135144878E-01  .127557058E-01  .120312024E-01  .113399709E-01  .106810013E-01
  .100532826E-01  .945580532E-02  .888756286E-02  .834755426E-02  .783478542E-02
  .734827147E-02  .688703785E-02  .645012244E-02  .603657650E-02  .564546653E-02
  .527587499E-02  .492690197E-02  .459765174E-02  .428727683E-02  .399493445E-02
  .371980300E-02  .346108211E-02  .321799374E-02  .298978205E-02  .277571432E-02
  .257508062E-02  .238719461E-02  .221139303E-02  .204703634E-02  .189350809E-02
  .175021540E-02  .161658824E-02  .149207975E-02  .137616545E-02  .126834343E-02
  .116813348E-02  .107507720E-02  .988737021E-03  .908696310E-03  .834558271E-03
  .765946013E-03  .702501416E-03  .643885151E-03  .589775516E-03  .539868424E-03
  .493876229E-03  .451527691E-03  .412566791E-03  .376752706E-03  .343858610E-03
  .313671661E-03  .285991811E-03  .260631805E-03  .237416009E-03  .216180426E-03
  .196771549E-03  .179046404E-03  .162871421E-03  .148122516E-03  .134683988E-03
  .122448631E-03  .111316665E-03  .101195887E-03  .920006286E-04  .836519436E-04
  .760766056E-04  .692073250E-04  .629817823E-04  .573428834E-04  .522378231E-04
  .476183763E-04  .434399929E-04  .396621240E-04  .362473464E-04  .331617204E-04
  .303739421E-04  .278557339E-04  .255810217E-04  .235263530E-04  .216700982E-04
  .199928971E-04  .184768803E-04  .171061398E-04  .158659697E-04  .147433606E-04
  .137262567E-04  .128040682E-04  .119669473E-04  .112063165E-04  .105141587E-04
  .988355953E-05  .930801194E-05  .878197138E-05  .830017066E-05  .785818569E-05
  .745176301E-05  .707739161E-05  .673164267E-05  .641174500E-05  .611493655E-05
  .583904408E-05  .558184313E-05  .534163960E-05  .511664002E-05  .490553386E-05
  .470687184E-05  .451964795E-05  .434268638E-05  .417522281E-05  .401629801E-05
  .386533759E-05  .372155308E-05  .358451966E-05  .345358310E-05  .332843500E-05
  .320852633E-05  .309363979E-05  .298330865E-05  .287738589E-05  .277546910E-05
  .267746613E-05  .258302488E-05  .249209526E-05  .240439878E-05  .231981474E-05
  .223820073E-05  .215942703E-05  .208337528E-05  .200993741E-05  .193901473E-05
  .187051728E-05  .180436327E-05  .174047883E-05  .167879776E-05  .161926187E-05
  .155992354E-05  .150273138E-05  .144758337E-05  .139438667E-05  .134305636E-05
  .129351444E-05  .124568888E-05  .119951287E-05  .115492419E-05  .111186457E-05
  .107027931E-05  .103011677E-05  .991328116E-06  .953866933E-06  .917689032E-06
  .882752205E-06  .849016045E-06  .816441785E-06  .784992163E-06  .754631303E-06
  .725324612E-06  .697038697E-06  .669741286E-06  .643401160E-06  .617988099E-06
  .593472828E-06  .569826972E-06  .547023016E-06  .525034271E-06  .503834836E-06
  .483399575E-06  .463704083E-06  .444724666E-06  .426438315E-06  .408822687E-06
  .391856081E-06  .375517422E-06  .359786242E-06  .344642661E-06  .330067372E-06
  .316041628E-06  .302547220E-06  .289566470E-06  .277082211E-06  .265077776E-06
  .253536986E-06  .242444135E-06  .231783978E-06  .221541720E-06  .211703004E-06
  .202253897E-06  .193180884E-06  .184470854E-06  .176111088E-06  .168089253E-06
  .160393388E-06  .153011897E-06  .145933536E-06  .139147410E-06  .132642957E-06
  .126409942E-06  .120438451E-06  .114718879E-06  .109241922E-06  .103998572E-06
  .989801040E-07  .941780747E-07  .895843099E-07  .851908996E-07  .809901905E-07
  .769747787E-07  .731375031E-07  .694714390E-07  .659698913E-07  .626263881E-07
  .594346750E-07  .563887085E-07  .534826504E-07  .507108622E-07  .480678990E-07
  .455485044E-07  .431476048E-07  .408603045E-07  .386818805E-07  .366077771E-07
  .346336015E-07  .327551190E-07  .309682479E-07  .292690553E-07  .276537526E-07
  .261186912E-07  .246603580E-07  .232753718E-07  .219604786E-07  .207125480E-07
  .195285696E-07  .184056486E-07  .173410027E-07  .163319585E-07  .153759475E-07
  .144705032E-07  .136132579E-07  .128019387E-07  .120343653E-07  .113084461E-07
  .106221760E-07  .997363265E-08  .936097435E-08  .878243681E-08  .823633065E-08
  .772103874E-08  .723501365E-08  .677677517E-08  .634490788E-08  .593805884E-08
  .555493526E-08  .519430230E-08  .485498093E-08  .453584582E-08  .423582330E-08
  .395388939E-08  .368906791E-08  .344042857E-08  .320708520E-08  .298819399E-08
  .278295181E-08  .259059455E-08  .241039552E-08  .224166395E-08  .208374345E-08
  .193601060E-08  .179787355E-08  .166877066E-08  .154816919E-08  .143556408E-08
  .133047668E-08  .123245363E-08  .114106566E-08  .105590658E-08  .976592155E-09
  .902759138E-09  .834064268E-09  .770183335E-09  .710810279E-09  .655656316E-09
  .604449100E-09  .556931923E-09  .512862938E-09  .472014420E-09  .434172055E-09
  .399134256E-09  .366711512E-09  .336725758E-09  .309009780E-09  .283406637E-09
  .259769112E-09  .237959193E-09  .217847566E-09  .199313137E-09  .182242578E-09
  .166529890E-09  .152075989E-09  .138788307E-09  .126580421E-09  .115371688E-09
  .105086910E-09  .956560088E-10  .870137163E-10  .790992850E-10  .718562101E-10
  .652319676E-10  .591777651E-10  .536483069E-10  .486015714E-10  .439986000E-10
  .398032990E-10  .359822509E-10  .325045382E-10  .293415755E-10  .264669523E-10
  .238562851E-10  .214870776E-10  .193385895E-10  .173917138E-10  .156288606E-10
  .140338489E-10  .125918047E-10  .112890661E-10  .101130935E-10  .905238674E-11
  .809640683E-11  .723550328E-11  .646084612E-11  .576436257E-11  .513867802E-11
  .457706113E-11  .407337274E-11  .362201835E-11  .321790408E-11  .285639574E-11
  .253328093E-11  .224473391E-11  .198728310E-11  .175778105E-11  .155337665E-11
  .137148954E-11  .120978647E-11  .106615955E-11  .938706194E-12  .825710696E-12
  .725627324E-12  .637064766E-12  .558771884E-12  .489624657E-12  .428614238E-12
  .374836019E-12  .327479658E-12  .285819965E-12  .249208599E-12  .217066503E-12
  .188877020E-12  .164179643E-12  .142564327E-12  .123666343E-12  .107161605E-12
  .927624470E-13  .802137981E-13  .692897347E-13  .597903649E-13  .515390214E-13
  .443797355E-13  .381749644E-13  .328035501E-13  .281588883E-13  .241472868E-13
  .206864959E-13  .177043952E-13  .151378195E-13  .129315125E-13  .110371939E-13
  .941272953E-14  .802139371E-14  .683121411E-14  .581439123E-14  .494678423E-14
  .420745615E-14  .357827235E-14  .304354624E-14  .258972727E-14  .220512656E-14
  .187967585E-14  .160471627E-14  .137281333E-14  .117759546E-14  .101361316E-14
  .876216612E-15  .761449663E-15  .665958284E-15  .586912052E-15  .521937243E-15
  .469060437E-15  .426661717E-15  .393436758E-15  .368367298E-15  .350699781E-15
  .339931820E-15  .335807897E-15  .338322872E-15  .277811238E-15  .227761787E-15
  .186431371E-15  .152355677E-15  .124306601E-15  .101255820E-15  .823436935E-16
  .668527835E-16  .541853215E-16  .438440824E-16  .354161704E-16  .285593003E-16
  .229902078E-16  .184748776E-16  .148203175E-16  .118676459E-16  .948629468E-17
  .756915466E-17  .602851864E-17  .479269697E-17  .380319936E-17  .301239240E-17
  .238155627E-17  .187927558E-17  .148010944E-17  .116349438E-17  .912841040E-18
  .714792015E-18  .558613074E-18  .435694939E-18  .339146268E-18  .263461837E-18
  .204252563E-18  .158026298E-18  .122010199E-18  .940070960E-19  .722795800E-19
  .554566691E-19  .424588038E-19  .324377049E-19  .247282505E-19  .188100533E-19
  .142768509E-19  .108121713E-19  .817003250E-20  .615966697E-20  .463345992E-20
  .347744611E-20  .260383971E-20  .194517591E-20  .144972696E-20  .107792381E-20
  .799569473E-21  .591673782E-21  .436775289E-21  .321643641E-21  .236278688E-21
  .173140326E-21  .126557349E-21  .922748298E-22  .671084335E-22  .486810641E-22
  .352227463E-22  .254189474E-22  .182959110E-22  .131341964E-22  .940365637E-23
  .671466708E-23  .478164520E-23  .339582970E-23  .240503077E-23  .169860330E-23
  .119632785E-23  .840205738E-24  .588421366E-24  .410911867E-24  .286125399E-24
  .198655941E-24  .137522570E-24  .949212521E-25  .653220319E-25  .448179797E-25
  .306570778E-25  .209066560E-25  .142135672E-25  .963331079E-26  .650865447E-26
  .438368281E-26  .294312226E-26  .196964377E-26  .131391149E-26  .873639613E-27
  .578995208E-27  .382457013E-27  .251793070E-27  .165213975E-27  .108038847E-27
  .704095301E-28  .457287572E-28  .295965984E-28  .190887090E-28  .122682180E-28
  .785677450E-29  .501363352E-29  .318782072E-29  .201955467E-29  .127475015E-29
  .801658632E-30  .502268483E-30  .313510028E-30  .194949850E-30  .120763898E-30
  .745213617E-31  .458079085E-31  .280480480E-31  .171062053E-31  .103915382E-31
  .628734455E-32  .378880261E-32  .227389245E-32  .135911713E-32  .809000109E-33
  .479546336E-33  .283066414E-33  .166382339E-33  .973806018E-34  .567504279E-34
  .329292831E-34  .190237764E-34  .109420138E-34  .626568391E-35  .357186393E-35
  .202703343E-35  .114511934E-35  .643944665E-36  .360444423E-36  .200818585E-36
  .111359961E-36  .614606886E-37  .337592227E-37  .184542953E-37  .100391217E-37
  .543463364E-38  .292754832E-38  .156920586E-38  .836913336E-39  .444107697E-39
  .234469170E-39  .123155857E-39  .643544193E-40  .334531967E-40  .172987463E-40
