  PAW Zr                                 
 100
Core Pot   L  =         .00000   -.28519
  -.30000000E+01  .15478034E+01
  -.29500000E+01  .15274450E+01
  -.29000000E+01  .15073069E+01
  -.28500000E+01  .14873241E+01
  -.28000000E+01  .14674431E+01
  -.27500000E+01  .14476195E+01
  -.27000000E+01  .14278151E+01
  -.26500000E+01  .14079974E+01
  -.26000000E+01  .13881379E+01
  -.25500000E+01  .13682112E+01
  -.25000000E+01  .13481946E+01
  -.24500000E+01  .13280676E+01
  -.24000000E+01  .13078110E+01
  -.23500000E+01  .12874071E+01
  -.23000000E+01  .12668392E+01
  -.22500000E+01  .12460911E+01
  -.22000000E+01  .12251474E+01
  -.21500000E+01  .12039930E+01
  -.21000000E+01  .11826131E+01
  -.20500000E+01  .11609927E+01
  -.20000000E+01  .11391172E+01
  -.19500000E+01  .11169717E+01
  -.19000000E+01  .10945411E+01
  -.18500000E+01  .10718098E+01
  -.18000000E+01  .10487622E+01
  -.17500000E+01  .10253818E+01
  -.17000000E+01  .10016519E+01
  -.16500000E+01  .97755480E+00
  -.16000000E+01  .95307231E+00
  -.15500000E+01  .92818527E+00
  -.15000000E+01  .90287361E+00
  -.14500000E+01  .87711623E+00
  -.14000000E+01  .85089086E+00
  -.13500000E+01  .82417397E+00
  -.13000000E+01  .79694062E+00
  -.12500000E+01  .76916436E+00
  -.12000000E+01  .74081704E+00
  -.11500000E+01  .71186865E+00
  -.11000000E+01  .68228716E+00
  -.10500000E+01  .65203831E+00
  -.10000000E+01  .62108538E+00
  -.95000000E+00  .58938895E+00
  -.90000000E+00  .55690660E+00
  -.85000000E+00  .52359265E+00
  -.80000000E+00  .48939778E+00
  -.75000000E+00  .45426864E+00
  -.70000000E+00  .41814744E+00
  -.65000000E+00  .38097141E+00
  -.60000000E+00  .34267230E+00
  -.55000000E+00  .30317568E+00
  -.50000000E+00  .26240025E+00
  -.45000000E+00  .22025699E+00
  -.40000000E+00  .17664823E+00
  -.35000000E+00  .13146651E+00
  -.30000000E+00  .84593328E-01
  -.25000000E+00  .35897686E-01
  -.20000000E+00 -.14765666E-01
  -.15000000E+00 -.67558219E-01
  -.10000000E+00 -.12266006E+00
  -.50000000E-01 -.18027268E+00
  -.22898350E-14 -.24062222E+00
   .50000000E-01 -.30396345E+00
   .10000000E+00 -.37058443E+00
   .15000000E+00 -.44081217E+00
   .20000000E+00 -.51501950E+00
   .25000000E+00 -.59363339E+00
   .30000000E+00 -.67714520E+00
   .35000000E+00 -.76612333E+00
   .40000000E+00 -.86122897E+00
   .45000000E+00 -.96323592E+00
   .50000000E+00 -.10730557E+01
   .55000000E+00 -.11917695E+01
   .60000000E+00 -.13206700E+01
   .65000000E+00 -.14613156E+01
   .70000000E+00 -.16156022E+01
   .75000000E+00 -.17858606E+01
   .80000000E+00 -.19749882E+01
   .85000000E+00 -.21866331E+01
   .90000000E+00 -.24254534E+01
   .95000000E+00 -.26974939E+01
   .10000000E+01 -.30107430E+01
   .10500000E+01 -.33759830E+01
   .11000000E+01 -.38081285E+01
   .11500000E+01 -.43284167E+01
   .12000000E+01 -.49681548E+01
   .12500000E+01 -.57754931E+01
   .13000000E+01 -.68285121E+01
   .13500000E+01 -.82627589E+01
   .14000000E+01 -.10336041E+02
   .14500000E+01 -.13606404E+02
   .15000000E+01 -.19548729E+02
   .15500000E+01 -.33750058E+02
   .16000000E+01 -.11321372E+03
   .16500000E+01  .88371366E+02
   .17000000E+01  .32373343E+02
   .17500000E+01  .20017859E+02
   .18000000E+01  .14582529E+02
   .18500000E+01  .11519842E+02
   .19000000E+01  .95507325E+01
   .19500000E+01  .81754136E+01
   .20000000E+01  .71583477E+01
Potential  L  =         .00000   -.28519
  -.30000000E+01  .15134823E+01
  -.29500000E+01  .14972201E+01
  -.29000000E+01  .14807932E+01
  -.28500000E+01  .14641968E+01
  -.28000000E+01  .14474259E+01
  -.27500000E+01  .14304753E+01
  -.27000000E+01  .14133394E+01
  -.26500000E+01  .13960126E+01
  -.26000000E+01  .13784888E+01
  -.25500000E+01  .13607617E+01
  -.25000000E+01  .13428246E+01
  -.24500000E+01  .13246706E+01
  -.24000000E+01  .13062923E+01
  -.23500000E+01  .12876819E+01
  -.23000000E+01  .12688312E+01
  -.22500000E+01  .12497316E+01
  -.22000000E+01  .12303739E+01
  -.21500000E+01  .12107485E+01
  -.21000000E+01  .11908451E+01
  -.20500000E+01  .11706529E+01
  -.20000000E+01  .11501604E+01
  -.19500000E+01  .11293553E+01
  -.19000000E+01  .11082246E+01
  -.18500000E+01  .10867545E+01
  -.18000000E+01  .10649302E+01
  -.17500000E+01  .10427358E+01
  -.17000000E+01  .10201546E+01
  -.16500000E+01  .99716839E+00
  -.16000000E+01  .97375789E+00
  -.15500000E+01  .94990227E+00
  -.15000000E+01  .92557916E+00
  -.14500000E+01  .90076446E+00
  -.14000000E+01  .87543215E+00
  -.13500000E+01  .84955412E+00
  -.13000000E+01  .82309992E+00
  -.12500000E+01  .79603652E+00
  -.12000000E+01  .76832798E+00
  -.11500000E+01  .73993518E+00
  -.11000000E+01  .71081537E+00
  -.10500000E+01  .68092178E+00
  -.10000000E+01  .65020312E+00
  -.95000000E+00  .61860296E+00
  -.90000000E+00  .58605908E+00
  -.85000000E+00  .55250271E+00
  -.80000000E+00  .51785754E+00
  -.75000000E+00  .48203873E+00
  -.70000000E+00  .44495161E+00
  -.65000000E+00  .40649015E+00
  -.60000000E+00  .36653520E+00
  -.55000000E+00  .32495238E+00
  -.50000000E+00  .28158945E+00
  -.45000000E+00  .23627322E+00
  -.40000000E+00  .18880579E+00
  -.35000000E+00  .13895984E+00
  -.30000000E+00  .86472922E-01
  -.25000000E+00  .31040315E-01
  -.20000000E+00 -.27694025E-01
  -.15000000E+00 -.90148776E-01
  -.10000000E+00 -.15681986E+00
  -.50000000E-01 -.22829928E+00
  -.22898350E-14 -.30529976E+00
   .50000000E-01 -.38868744E+00
   .10000000E+00 -.47952573E+00
   .15000000E+00 -.57913528E+00
   .20000000E+00 -.68917712E+00
   .25000000E+00 -.81177041E+00
   .30000000E+00 -.94966273E+00
   .35000000E+00 -.11064824E+01
   .40000000E+00 -.12871231E+01
   .45000000E+00 -.14983496E+01
   .50000000E+00 -.17497881E+01
   .55000000E+00 -.20556203E+01
   .60000000E+00 -.24376429E+01
   .65000000E+00 -.29311758E+01
   .70000000E+00 -.35974824E+01
   .75000000E+00 -.45529581E+01
   .80000000E+00 -.60491717E+01
   .85000000E+00 -.87494110E+01
   .90000000E+00 -.15154357E+02
   .95000000E+00 -.50296067E+02
   .10000000E+01  .40861729E+02
   .10500000E+01  .14818898E+02
   .11000000E+01  .91312260E+01
   .11500000E+01  .66260142E+01
   .12000000E+01  .52073533E+01
   .12500000E+01  .42882346E+01
   .13000000E+01  .36397803E+01
   .13500000E+01  .31542600E+01
   .14000000E+01  .27742928E+01
   .14500000E+01  .24665023E+01
   .15000000E+01  .22101452E+01
   .15500000E+01  .19916443E+01
   .16000000E+01  .18017338E+01
   .16500000E+01  .16338676E+01
   .17000000E+01  .14832841E+01
   .17500000E+01  .13464313E+01
   .18000000E+01  .12205999E+01
   .18500000E+01  .11036824E+01
   .19000000E+01  .99400871E+00
   .19500000E+01  .89023341E+00
   .20000000E+01  .79125451E+00
Core Pot   L  =        1.00000   -.40000
  -.30000000E+01  .14328452E+01
  -.29500000E+01  .14063254E+01
  -.29000000E+01  .13780654E+01
  -.28500000E+01  .13476950E+01
  -.28000000E+01  .13147235E+01
  -.27500000E+01  .12784857E+01
  -.27000000E+01  .12380565E+01
  -.26500000E+01  .11921097E+01
  -.26000000E+01  .11386729E+01
  -.25500000E+01  .10746793E+01
  -.25000000E+01  .99508373E+00
  -.24500000E+01  .89095891E+00
  -.24000000E+01  .74486880E+00
  -.23500000E+01  .51755244E+00
  -.23000000E+01  .98209185E-01
  -.22500000E+01 -.99483639E+00
  -.22000000E+01 -.13125037E+02
  -.21500000E+01  .48378703E+01
  -.21000000E+01  .28780637E+01
  -.20500000E+01  .23028590E+01
  -.20000000E+01  .20204396E+01
  -.19500000E+01  .18478800E+01
  -.19000000E+01  .17282969E+01
  -.18500000E+01  .16382395E+01
  -.18000000E+01  .15662721E+01
  -.17500000E+01  .15061509E+01
  -.17000000E+01  .14541764E+01
  -.16500000E+01  .14080161E+01
  -.16000000E+01  .13661248E+01
  -.15500000E+01  .13274375E+01
  -.15000000E+01  .12911953E+01
  -.14500000E+01  .12568416E+01
  -.14000000E+01  .12239584E+01
  -.13500000E+01  .11922244E+01
  -.13000000E+01  .11613880E+01
  -.12500000E+01  .11312487E+01
  -.12000000E+01  .11016439E+01
  -.11500000E+01  .10724395E+01
  -.11000000E+01  .10435235E+01
  -.10500000E+01  .10148008E+01
  -.10000000E+01  .98618938E+00
  -.95000000E+00  .95761781E+00
  -.90000000E+00  .92902270E+00
  -.85000000E+00  .90034712E+00
  -.80000000E+00  .87153923E+00
  -.75000000E+00  .84255115E+00
  -.70000000E+00  .81333809E+00
  -.65000000E+00  .78385758E+00
  -.60000000E+00  .75406888E+00
  -.55000000E+00  .72393240E+00
  -.50000000E+00  .69340924E+00
  -.45000000E+00  .66246083E+00
  -.40000000E+00  .63104847E+00
  -.35000000E+00  .59913307E+00
  -.30000000E+00  .56667475E+00
  -.25000000E+00  .53363256E+00
  -.20000000E+00  .49996417E+00
  -.15000000E+00  .46562553E+00
  -.10000000E+00  .43057057E+00
  -.50000000E-01  .39475087E+00
  -.22898350E-14  .35811528E+00
   .50000000E-01  .32060956E+00
   .10000000E+00  .28217596E+00
   .15000000E+00  .24275281E+00
   .20000000E+00  .20227396E+00
   .25000000E+00  .16066830E+00
   .30000000E+00  .11785912E+00
   .35000000E+00  .73763432E-01
   .40000000E+00  .28291211E-01
   .45000000E+00 -.18655483E-01
   .50000000E+00 -.67183487E-01
   .55000000E+00 -.11740968E+00
   .60000000E+00 -.16946225E+00
   .65000000E+00 -.22348224E+00
   .70000000E+00 -.27962522E+00
   .75000000E+00 -.33806333E+00
   .80000000E+00 -.39898761E+00
   .85000000E+00 -.46261075E+00
   .90000000E+00 -.52917034E+00
   .95000000E+00 -.59893266E+00
   .10000000E+01 -.67219722E+00
   .10500000E+01 -.74930225E+00
   .11000000E+01 -.83063116E+00
   .11500000E+01 -.91662046E+00
   .12000000E+01 -.10077694E+01
   .12500000E+01 -.11046515E+01
   .13000000E+01 -.12079296E+01
   .13500000E+01 -.13183731E+01
   .14000000E+01 -.14368812E+01
   .14500000E+01 -.15645111E+01
   .15000000E+01 -.17025147E+01
   .15500000E+01 -.18523852E+01
   .16000000E+01 -.20159191E+01
   .16500000E+01 -.21952965E+01
   .17000000E+01 -.23931902E+01
   .17500000E+01 -.26129131E+01
   .18000000E+01 -.28586219E+01
   .18500000E+01 -.31356046E+01
   .19000000E+01 -.34506939E+01
   .19500000E+01 -.38128751E+01
   .20000000E+01 -.42342076E+01
Potential  L  =        1.00000   -.40000
  -.30000000E+01  .16136619E+01
  -.29500000E+01  .15990807E+01
  -.29000000E+01  .15843905E+01
  -.28500000E+01  .15695892E+01
  -.28000000E+01  .15546745E+01
  -.27500000E+01  .15396442E+01
  -.27000000E+01  .15244957E+01
  -.26500000E+01  .15092266E+01
  -.26000000E+01  .14938343E+01
  -.25500000E+01  .14783161E+01
  -.25000000E+01  .14626693E+01
  -.24500000E+01  .14468910E+01
  -.24000000E+01  .14309783E+01
  -.23500000E+01  .14149282E+01
  -.23000000E+01  .13987374E+01
  -.22500000E+01  .13824028E+01
  -.22000000E+01  .13659210E+01
  -.21500000E+01  .13492883E+01
  -.21000000E+01  .13325014E+01
  -.20500000E+01  .13155563E+01
  -.20000000E+01  .12984491E+01
  -.19500000E+01  .12811759E+01
  -.19000000E+01  .12637324E+01
  -.18500000E+01  .12461143E+01
  -.18000000E+01  .12283169E+01
  -.17500000E+01  .12103357E+01
  -.17000000E+01  .11921657E+01
  -.16500000E+01  .11738018E+01
  -.16000000E+01  .11552387E+01
  -.15500000E+01  .11364708E+01
  -.15000000E+01  .11174925E+01
  -.14500000E+01  .10982977E+01
  -.14000000E+01  .10788802E+01
  -.13500000E+01  .10592334E+01
  -.13000000E+01  .10393505E+01
  -.12500000E+01  .10192244E+01
  -.12000000E+01  .99884760E+00
  -.11500000E+01  .97821242E+00
  -.11000000E+01  .95731065E+00
  -.10500000E+01  .93613379E+00
  -.10000000E+01  .91467291E+00
  -.95000000E+00  .89291865E+00
  -.90000000E+00  .87086119E+00
  -.85000000E+00  .84849022E+00
  -.80000000E+00  .82579495E+00
  -.75000000E+00  .80276397E+00
  -.70000000E+00  .77938537E+00
  -.65000000E+00  .75564655E+00
  -.60000000E+00  .73153426E+00
  -.55000000E+00  .70703451E+00
  -.50000000E+00  .68213267E+00
  -.45000000E+00  .65681311E+00
  -.40000000E+00  .63105938E+00
  -.35000000E+00  .60485416E+00
  -.30000000E+00  .57817912E+00
  -.25000000E+00  .55101474E+00
  -.20000000E+00  .52334036E+00
  -.15000000E+00  .49513414E+00
  -.10000000E+00  .46637287E+00
  -.50000000E-01  .43703176E+00
  -.22898350E-14  .40708454E+00
   .50000000E-01  .37650325E+00
   .10000000E+00  .34525794E+00
   .15000000E+00  .31331678E+00
   .20000000E+00  .28064564E+00
   .25000000E+00  .24720799E+00
   .30000000E+00  .21296483E+00
   .35000000E+00  .17787419E+00
   .40000000E+00  .14189103E+00
   .45000000E+00  .10496689E+00
   .50000000E+00  .67049584E-01
   .55000000E+00  .28082799E-01
   .60000000E+00 -.11994252E-01
   .65000000E+00 -.53247430E-01
   .70000000E+00 -.95748076E-01
   .75000000E+00 -.13957362E+00
   .80000000E+00 -.18480830E+00
   .85000000E+00 -.23154396E+00
   .90000000E+00 -.27988079E+00
   .95000000E+00 -.32992842E+00
   .10000000E+01 -.38180706E+00
   .10500000E+01 -.43564878E+00
   .11000000E+01 -.49159898E+00
   .11500000E+01 -.54981826E+00
   .12000000E+01 -.61048536E+00
   .12500000E+01 -.67379542E+00
   .13000000E+01 -.73996864E+00
   .13500000E+01 -.80925037E+00
   .14000000E+01 -.88191473E+00
   .14500000E+01 -.95826962E+00
   .15000000E+01 -.10386623E+01
   .15500000E+01 -.11234859E+01
   .16000000E+01 -.12131869E+01
   .16500000E+01 -.13082749E+01
   .17000000E+01 -.14093336E+01
   .17500000E+01 -.15170355E+01
   .18000000E+01 -.16321590E+01
   .18500000E+01 -.17556106E+01
   .19000000E+01 -.18884516E+01
   .19500000E+01 -.20319334E+01
   .20000000E+01 -.21875418E+01
Core Pot   L  =        2.00000   -.17536
  -.30000000E+01  .16829234E+01
  -.29500000E+01  .16676093E+01
  -.29000000E+01  .16521383E+01
  -.28500000E+01  .16365052E+01
  -.28000000E+01  .16207047E+01
  -.27500000E+01  .16047308E+01
  -.27000000E+01  .15885773E+01
  -.26500000E+01  .15722378E+01
  -.26000000E+01  .15557053E+01
  -.25500000E+01  .15389725E+01
  -.25000000E+01  .15220315E+01
  -.24500000E+01  .15048738E+01
  -.24000000E+01  .14874907E+01
  -.23500000E+01  .14698726E+01
  -.23000000E+01  .14520091E+01
  -.22500000E+01  .14338895E+01
  -.22000000E+01  .14155018E+01
  -.21500000E+01  .13968334E+01
  -.21000000E+01  .13778707E+01
  -.20500000E+01  .13585989E+01
  -.20000000E+01  .13390021E+01
  -.19500000E+01  .13190628E+01
  -.19000000E+01  .12987623E+01
  -.18500000E+01  .12780801E+01
  -.18000000E+01  .12569938E+01
  -.17500000E+01  .12354789E+01
  -.17000000E+01  .12135085E+01
  -.16500000E+01  .11910530E+01
  -.16000000E+01  .11680798E+01
  -.15500000E+01  .11445529E+01
  -.15000000E+01  .11204320E+01
  -.14500000E+01  .10956727E+01
  -.14000000E+01  .10702249E+01
  -.13500000E+01  .10440328E+01
  -.13000000E+01  .10170334E+01
  -.12500000E+01  .98915533E+00
  -.12000000E+01  .96031784E+00
  -.11500000E+01  .93042860E+00
  -.11000000E+01  .89938181E+00
  -.10500000E+01  .86705551E+00
  -.10000000E+01  .83330833E+00
  -.95000000E+00  .79797537E+00
  -.90000000E+00  .76086304E+00
  -.85000000E+00  .72174239E+00
  -.80000000E+00  .68034063E+00
  -.75000000E+00  .63632987E+00
  -.70000000E+00  .58931235E+00
  -.65000000E+00  .53880065E+00
  -.60000000E+00  .48419065E+00
  -.55000000E+00  .42472412E+00
  -.50000000E+00  .35943596E+00
  -.45000000E+00  .28707804E+00
  -.40000000E+00  .20600680E+00
  -.35000000E+00  .11401262E+00
  -.30000000E+00  .80523571E-02
  -.25000000E+00 -.11618556E+00
  -.20000000E+00 -.26502018E+00
  -.15000000E+00 -.44810203E+00
  -.10000000E+00 -.68094436E+00
  -.50000000E-01 -.99017620E+00
  -.22898350E-14 -.14256767E+01
   .50000000E-01 -.20930455E+01
   .10000000E+00 -.32615814E+01
   .15000000E+00 -.58822649E+01
   .20000000E+00 -.17462755E+02
   .25000000E+00  .26017108E+02
   .30000000E+00  .82192974E+01
   .35000000E+00  .51123435E+01
   .40000000E+00  .38086558E+01
   .45000000E+00  .30840206E+01
   .50000000E+00  .26177199E+01
   .55000000E+00  .22888572E+01
   .60000000E+00  .20417032E+01
   .65000000E+00  .18469973E+01
   .70000000E+00  .16878975E+01
   .75000000E+00  .15540209E+01
   .80000000E+00  .14386153E+01
   .85000000E+00  .13370975E+01
   .90000000E+00  .12462442E+01
   .95000000E+00  .11637207E+01
   .10000000E+01  .10877917E+01
   .10500000E+01  .10171391E+01
   .11000000E+01  .95074141E+00
   .11500000E+01  .88779276E+00
   .12000000E+01  .82764721E+00
   .12500000E+01  .76977898E+00
   .13000000E+01  .71375395E+00
   .13500000E+01  .65920875E+00
   .14000000E+01  .60583507E+00
   .14500000E+01  .55336791E+00
   .15000000E+01  .50157641E+00
   .15500000E+01  .45025681E+00
   .16000000E+01  .39922682E+00
   .16500000E+01  .34832115E+00
   .17000000E+01  .29738784E+00
   .17500000E+01  .24628530E+00
   .18000000E+01  .19487971E+00
   .18500000E+01  .14304292E+00
   .19000000E+01  .90650573E-01
   .19500000E+01  .37580381E-01
   .20000000E+01 -.16289357E-01
Potential  L  =        2.00000   -.17536
  -.30000000E+01  .16366312E+01
  -.29500000E+01  .16203012E+01
  -.29000000E+01  .16037824E+01
  -.28500000E+01  .15870682E+01
  -.28000000E+01  .15701518E+01
  -.27500000E+01  .15530259E+01
  -.27000000E+01  .15356829E+01
  -.26500000E+01  .15181147E+01
  -.26000000E+01  .15003127E+01
  -.25500000E+01  .14822680E+01
  -.25000000E+01  .14639708E+01
  -.24500000E+01  .14454110E+01
  -.24000000E+01  .14265777E+01
  -.23500000E+01  .14074593E+01
  -.23000000E+01  .13880436E+01
  -.22500000E+01  .13683175E+01
  -.22000000E+01  .13482668E+01
  -.21500000E+01  .13278767E+01
  -.21000000E+01  .13071310E+01
  -.20500000E+01  .12860126E+01
  -.20000000E+01  .12645029E+01
  -.19500000E+01  .12425820E+01
  -.19000000E+01  .12202286E+01
  -.18500000E+01  .11974195E+01
  -.18000000E+01  .11741296E+01
  -.17500000E+01  .11503320E+01
  -.17000000E+01  .11259973E+01
  -.16500000E+01  .11010937E+01
  -.16000000E+01  .10755863E+01
  -.15500000E+01  .10494373E+01
  -.15000000E+01  .10226053E+01
  -.14500000E+01  .99504486E+00
  -.14000000E+01  .96670618E+00
  -.13500000E+01  .93753432E+00
  -.13000000E+01  .90746870E+00
  -.12500000E+01  .87644221E+00
  -.12000000E+01  .84438040E+00
  -.11500000E+01  .81120036E+00
  -.11000000E+01  .77680947E+00
  -.10500000E+01  .74110398E+00
  -.10000000E+01  .70396716E+00
  -.95000000E+00  .66526730E+00
  -.90000000E+00  .62485511E+00
  -.85000000E+00  .58256071E+00
  -.80000000E+00  .53818983E+00
  -.75000000E+00  .49151940E+00
  -.70000000E+00  .44229183E+00
  -.65000000E+00  .39020805E+00
  -.60000000E+00  .33491875E+00
  -.55000000E+00  .27601340E+00
  -.50000000E+00  .21300595E+00
  -.45000000E+00  .14531678E+00
  -.40000000E+00  .72248814E-01
  -.35000000E+00 -.70439138E-02
  -.30000000E+00 -.93598298E-01
  -.25000000E+00 -.18869951E+00
  -.20000000E+00 -.29396011E+00
  -.15000000E+00 -.41143166E+00
  -.10000000E+00 -.54376524E+00
  -.50000000E-01 -.69444804E+00
  -.22898350E-14 -.86816149E+00
   .50000000E-01 -.10713410E+01
   .10000000E+00 -.13130825E+01
   .15000000E+00 -.16066775E+01
   .20000000E+00 -.19723473E+01
   .25000000E+00 -.24424384E+01
   .30000000E+00 -.30721154E+01
   .35000000E+00 -.39637931E+01
   .40000000E+00 -.53315155E+01
   .45000000E+00 -.77100247E+01
   .50000000E+00 -.12915125E+02
   .55000000E+00 -.33608552E+02
   .60000000E+00  .70870283E+02
   .65000000E+00  .18247442E+02
   .70000000E+00  .10770862E+02
   .75000000E+00  .77720610E+01
   .80000000E+00  .61487279E+01
   .85000000E+00  .51265909E+01
   .90000000E+00  .44206201E+01
   .95000000E+00  .39013162E+01
   .10000000E+01  .35013586E+01
   .10500000E+01  .31822843E+01
   .11000000E+01  .29205206E+01
   .11500000E+01  .27008137E+01
   .12000000E+01  .25128551E+01
   .12500000E+01  .23494271E+01
   .13000000E+01  .22053237E+01
   .13500000E+01  .20766944E+01
   .14000000E+01  .19606295E+01
   .14500000E+01  .18548878E+01
   .15000000E+01  .17577147E+01
   .15500000E+01  .16677160E+01
   .16000000E+01  .15837690E+01
   .16500000E+01  .15049588E+01
   .17000000E+01  .14305316E+01
   .17500000E+01  .13598601E+01
   .18000000E+01  .12924170E+01
   .18500000E+01  .12277556E+01
   .19000000E+01  .11654940E+01
   .19500000E+01  .11053029E+01
   .20000000E+01  .10468965E+01
Core Pot   L  =        3.00000    .00000
  -.30000000E+01  .19069224E+01
  -.29500000E+01  .18939639E+01
  -.29000000E+01  .18809202E+01
  -.28500000E+01  .18677899E+01
  -.28000000E+01  .18545711E+01
  -.27500000E+01  .18412621E+01
  -.27000000E+01  .18278612E+01
  -.26500000E+01  .18143664E+01
  -.26000000E+01  .18007759E+01
  -.25500000E+01  .17870877E+01
  -.25000000E+01  .17732997E+01
  -.24500000E+01  .17594098E+01
  -.24000000E+01  .17454158E+01
  -.23500000E+01  .17313155E+01
  -.23000000E+01  .17171065E+01
  -.22500000E+01  .17027863E+01
  -.22000000E+01  .16883525E+01
  -.21500000E+01  .16738024E+01
  -.21000000E+01  .16591334E+01
  -.20500000E+01  .16443426E+01
  -.20000000E+01  .16294270E+01
  -.19500000E+01  .16143838E+01
  -.19000000E+01  .15992096E+01
  -.18500000E+01  .15839013E+01
  -.18000000E+01  .15684555E+01
  -.17500000E+01  .15528685E+01
  -.17000000E+01  .15371367E+01
  -.16500000E+01  .15212563E+01
  -.16000000E+01  .15052231E+01
  -.15500000E+01  .14890332E+01
  -.15000000E+01  .14726820E+01
  -.14500000E+01  .14561650E+01
  -.14000000E+01  .14394775E+01
  -.13500000E+01  .14226144E+01
  -.13000000E+01  .14055705E+01
  -.12500000E+01  .13883404E+01
  -.12000000E+01  .13709183E+01
  -.11500000E+01  .13532983E+01
  -.11000000E+01  .13354739E+01
  -.10500000E+01  .13174387E+01
  -.10000000E+01  .12991855E+01
  -.95000000E+00  .12807071E+01
  -.90000000E+00  .12619958E+01
  -.85000000E+00  .12430434E+01
  -.80000000E+00  .12238414E+01
  -.75000000E+00  .12043806E+01
  -.70000000E+00  .11846516E+01
  -.65000000E+00  .11646441E+01
  -.60000000E+00  .11443475E+01
  -.55000000E+00  .11237503E+01
  -.50000000E+00  .11028406E+01
  -.45000000E+00  .10816055E+01
  -.40000000E+00  .10600313E+01
  -.35000000E+00  .10381037E+01
  -.30000000E+00  .10158069E+01
  -.25000000E+00  .99312468E+00
  -.20000000E+00  .97003923E+00
  -.15000000E+00  .94653170E+00
  -.10000000E+00  .92258182E+00
  -.50000000E-01  .89816785E+00
  -.22898350E-14  .87326645E+00
   .50000000E-01  .84785245E+00
   .10000000E+00  .82189871E+00
   .15000000E+00  .79537593E+00
   .20000000E+00  .76825239E+00
   .25000000E+00  .74049372E+00
   .30000000E+00  .71206256E+00
   .35000000E+00  .68291828E+00
   .40000000E+00  .65301655E+00
   .45000000E+00  .62230892E+00
   .50000000E+00  .59074232E+00
   .55000000E+00  .55825847E+00
   .60000000E+00  .52479321E+00
   .65000000E+00  .49027575E+00
   .70000000E+00  .45462771E+00
   .75000000E+00  .41776213E+00
   .80000000E+00  .37958216E+00
   .85000000E+00  .33997967E+00
   .90000000E+00  .29883344E+00
   .95000000E+00  .25600717E+00
   .10000000E+01  .21134694E+00
   .10500000E+01  .16467829E+00
   .11000000E+01  .11580259E+00
   .11500000E+01  .64492700E-01
   .12000000E+01  .10487517E-01
   .12500000E+01 -.46514607E-01
   .13000000E+01 -.10686417E+00
   .13500000E+01 -.17097090E+00
   .14000000E+01 -.23931695E+00
   .14500000E+01 -.31247373E+00
   .15000000E+01 -.39112373E+00
   .15500000E+01 -.47608902E+00
   .16000000E+01 -.56836910E+00
   .16500000E+01 -.66919168E+00
   .17000000E+01 -.78008202E+00
   .17500000E+01 -.90295934E+00
   .18000000E+01 -.10402729E+01
   .18500000E+01 -.11951995E+01
   .19000000E+01 -.13719353E+01
   .19500000E+01 -.15761416E+01
   .20000000E+01 -.18156462E+01
Potential  L  =        3.00000    .00000
  -.30000000E+01  .19087651E+01
  -.29500000E+01  .18958729E+01
  -.29000000E+01  .18828985E+01
  -.28500000E+01  .18698404E+01
  -.28000000E+01  .18566971E+01
  -.27500000E+01  .18434670E+01
  -.27000000E+01  .18301485E+01
  -.26500000E+01  .18167399E+01
  -.26000000E+01  .18032394E+01
  -.25500000E+01  .17896453E+01
  -.25000000E+01  .17759559E+01
  -.24500000E+01  .17621691E+01
  -.24000000E+01  .17482830E+01
  -.23500000E+01  .17342957E+01
  -.23000000E+01  .17202050E+01
  -.22500000E+01  .17060088E+01
  -.22000000E+01  .16917050E+01
  -.21500000E+01  .16772912E+01
  -.21000000E+01  .16627651E+01
  -.20500000E+01  .16481242E+01
  -.20000000E+01  .16333661E+01
  -.19500000E+01  .16184881E+01
  -.19000000E+01  .16034875E+01
  -.18500000E+01  .15883615E+01
  -.18000000E+01  .15731074E+01
  -.17500000E+01  .15577219E+01
  -.17000000E+01  .15422022E+01
  -.16500000E+01  .15265448E+01
  -.16000000E+01  .15107466E+01
  -.15500000E+01  .14948041E+01
  -.15000000E+01  .14787136E+01
  -.14500000E+01  .14624715E+01
  -.14000000E+01  .14460738E+01
  -.13500000E+01  .14295166E+01
  -.13000000E+01  .14127957E+01
  -.12500000E+01  .13959066E+01
  -.12000000E+01  .13788449E+01
  -.11500000E+01  .13616058E+01
  -.11000000E+01  .13441845E+01
  -.10500000E+01  .13265758E+01
  -.10000000E+01  .13087743E+01
  -.95000000E+00  .12907744E+01
  -.90000000E+00  .12725704E+01
  -.85000000E+00  .12541562E+01
  -.80000000E+00  .12355253E+01
  -.75000000E+00  .12166712E+01
  -.70000000E+00  .11975868E+01
  -.65000000E+00  .11782648E+01
  -.60000000E+00  .11586976E+01
  -.55000000E+00  .11388772E+01
  -.50000000E+00  .11187952E+01
  -.45000000E+00  .10984427E+01
  -.40000000E+00  .10778104E+01
  -.35000000E+00  .10568885E+01
  -.30000000E+00  .10356669E+01
  -.25000000E+00  .10141346E+01
  -.20000000E+00  .99228026E+00
  -.15000000E+00  .97009182E+00
  -.10000000E+00  .94755660E+00
  -.50000000E-01  .92466116E+00
  -.22898350E-14  .90139131E+00
   .50000000E-01  .87773203E+00
   .10000000E+00  .85366740E+00
   .15000000E+00  .82918053E+00
   .20000000E+00  .80425352E+00
   .25000000E+00  .77886733E+00
   .30000000E+00  .75300171E+00
   .35000000E+00  .72663511E+00
   .40000000E+00  .69974453E+00
   .45000000E+00  .67230547E+00
   .50000000E+00  .64429171E+00
   .55000000E+00  .61567523E+00
   .60000000E+00  .58642601E+00
   .65000000E+00  .55651185E+00
   .70000000E+00  .52589819E+00
   .75000000E+00  .49454800E+00
   .80000000E+00  .46242091E+00
   .85000000E+00  .42947389E+00
   .90000000E+00  .39566029E+00
   .95000000E+00  .36092962E+00
   .10000000E+01  .32522715E+00
   .10500000E+01  .28849349E+00
   .11000000E+01  .25066400E+00
   .11500000E+01  .21166825E+00
   .12000000E+01  .17142933E+00
   .12500000E+01  .12986308E+00
   .13000000E+01  .86877004E-01
   .13500000E+01  .42370057E-01
   .14000000E+01 -.37697120E-02
   .14500000E+01 -.51665785E-01
   .15000000E+01 -.10145485E+00
   .15500000E+01 -.15328874E+00
   .16000000E+01 -.20733654E+00
   .16500000E+01 -.26378718E+00
   .17000000E+01 -.32285235E+00
   .17500000E+01 -.38477018E+00
   .18000000E+01 -.44980945E+00
   .18500000E+01 -.51827471E+00
   .19000000E+01 -.59051250E+00
   .19500000E+01 -.66691883E+00
   .20000000E+01 -.74794841E+00
Core Pot   L  =        4.00000    .00000
  -.30000000E+01  .21522570E+01
  -.29500000E+01  .21409531E+01
  -.29000000E+01  .21295951E+01
  -.28500000E+01  .21181818E+01
  -.28000000E+01  .21067120E+01
  -.27500000E+01  .20951857E+01
  -.27000000E+01  .20836000E+01
  -.26500000E+01  .20719574E+01
  -.26000000E+01  .20602565E+01
  -.25500000E+01  .20484940E+01
  -.25000000E+01  .20366691E+01
  -.24500000E+01  .20247837E+01
  -.24000000E+01  .20128364E+01
  -.23500000E+01  .20008232E+01
  -.23000000E+01  .19887472E+01
  -.22500000E+01  .19766029E+01
  -.22000000E+01  .19643938E+01
  -.21500000E+01  .19521172E+01
  -.21000000E+01  .19397697E+01
  -.20500000E+01  .19273536E+01
  -.20000000E+01  .19148673E+01
  -.19500000E+01  .19023076E+01
  -.19000000E+01  .18896750E+01
  -.18500000E+01  .18769664E+01
  -.18000000E+01  .18641836E+01
  -.17500000E+01  .18513243E+01
  -.17000000E+01  .18383857E+01
  -.16500000E+01  .18253679E+01
  -.16000000E+01  .18122676E+01
  -.15500000E+01  .17990875E+01
  -.15000000E+01  .17858221E+01
  -.14500000E+01  .17724708E+01
  -.14000000E+01  .17590345E+01
  -.13500000E+01  .17455088E+01
  -.13000000E+01  .17318922E+01
  -.12500000E+01  .17181861E+01
  -.12000000E+01  .17043857E+01
  -.11500000E+01  .16904905E+01
  -.11000000E+01  .16764983E+01
  -.10500000E+01  .16624076E+01
  -.10000000E+01  .16482155E+01
  -.95000000E+00  .16339228E+01
  -.90000000E+00  .16195247E+01
  -.85000000E+00  .16050201E+01
  -.80000000E+00  .15904069E+01
  -.75000000E+00  .15756828E+01
  -.70000000E+00  .15608456E+01
  -.65000000E+00  .15458930E+01
  -.60000000E+00  .15308226E+01
  -.55000000E+00  .15156318E+01
  -.50000000E+00  .15003181E+01
  -.45000000E+00  .14848788E+01
  -.40000000E+00  .14693112E+01
  -.35000000E+00  .14536125E+01
  -.30000000E+00  .14377797E+01
  -.25000000E+00  .14218098E+01
  -.20000000E+00  .14056996E+01
  -.15000000E+00  .13894459E+01
  -.10000000E+00  .13730454E+01
  -.50000000E-01  .13564945E+01
  -.22898350E-14  .13397897E+01
   .50000000E-01  .13229271E+01
   .10000000E+00  .13059029E+01
   .15000000E+00  .12887131E+01
   .20000000E+00  .12713535E+01
   .25000000E+00  .12538197E+01
   .30000000E+00  .12361073E+01
   .35000000E+00  .12182115E+01
   .40000000E+00  .12001275E+01
   .45000000E+00  .11818502E+01
   .50000000E+00  .11633743E+01
   .55000000E+00  .11446943E+01
   .60000000E+00  .11258045E+01
   .65000000E+00  .11066989E+01
   .70000000E+00  .10873713E+01
   .75000000E+00  .10678152E+01
   .80000000E+00  .10480238E+01
   .85000000E+00  .10279901E+01
   .90000000E+00  .10077065E+01
   .95000000E+00  .98716551E+00
   .10000000E+01  .96635886E+00
   .10500000E+01  .94527811E+00
   .11000000E+01  .92391440E+00
   .11500000E+01  .90225839E+00
   .12000000E+01  .88030033E+00
   .12500000E+01  .85802996E+00
   .13000000E+01  .83543651E+00
   .13500000E+01  .81250867E+00
   .14000000E+01  .78923453E+00
   .14500000E+01  .76560156E+00
   .15000000E+01  .74159656E+00
   .15500000E+01  .71720562E+00
   .16000000E+01  .69241405E+00
   .16500000E+01  .66720636E+00
   .17000000E+01  .64156616E+00
   .17500000E+01  .61547613E+00
   .18000000E+01  .58891792E+00
   .18500000E+01  .56187211E+00
   .19000000E+01  .53431808E+00
   .19500000E+01  .50623395E+00
   .20000000E+01  .47759647E+00
Potential  L  =        4.00000    .00000
  -.30000000E+01  .21527673E+01
  -.29500000E+01  .21414758E+01
  -.29000000E+01  .21301314E+01
  -.28500000E+01  .21187322E+01
  -.28000000E+01  .21072773E+01
  -.27500000E+01  .20957656E+01
  -.27000000E+01  .20841970E+01
  -.26500000E+01  .20725708E+01
  -.26000000E+01  .20608852E+01
  -.25500000E+01  .20491402E+01
  -.25000000E+01  .20373350E+01
  -.24500000E+01  .20254692E+01
  -.24000000E+01  .20135389E+01
  -.23500000E+01  .20015465E+01
  -.23000000E+01  .19894915E+01
  -.22500000E+01  .19773689E+01
  -.22000000E+01  .19651828E+01
  -.21500000E+01  .19529272E+01
  -.21000000E+01  .19406061E+01
  -.20500000E+01  .19282144E+01
  -.20000000E+01  .19157517E+01
  -.19500000E+01  .19032200E+01
  -.19000000E+01  .18906134E+01
  -.18500000E+01  .18779347E+01
  -.18000000E+01  .18651811E+01
  -.17500000E+01  .18523526E+01
  -.17000000E+01  .18394450E+01
  -.16500000E+01  .18264596E+01
  -.16000000E+01  .18133951E+01
  -.15500000E+01  .18002487E+01
  -.15000000E+01  .17870207E+01
  -.14500000E+01  .17737094E+01
  -.14000000E+01  .17603108E+01
  -.13500000E+01  .17468267E+01
  -.13000000E+01  .17332539E+01
  -.12500000E+01  .17195912E+01
  -.12000000E+01  .17058372E+01
  -.11500000E+01  .16919908E+01
  -.11000000E+01  .16780486E+01
  -.10500000E+01  .16640099E+01
  -.10000000E+01  .16498726E+01
  -.95000000E+00  .16356350E+01
  -.90000000E+00  .16212954E+01
  -.85000000E+00  .16068515E+01
  -.80000000E+00  .15923014E+01
  -.75000000E+00  .15776431E+01
  -.70000000E+00  .15628744E+01
  -.65000000E+00  .15479930E+01
  -.60000000E+00  .15329968E+01
  -.55000000E+00  .15178833E+01
  -.50000000E+00  .15026494E+01
  -.45000000E+00  .14872942E+01
  -.40000000E+00  .14718149E+01
  -.35000000E+00  .14562074E+01
  -.30000000E+00  .14404698E+01
  -.25000000E+00  .14245992E+01
  -.20000000E+00  .14085920E+01
  -.15000000E+00  .13924473E+01
  -.10000000E+00  .13761597E+01
  -.50000000E-01  .13597261E+01
  -.22898350E-14  .13431445E+01
   .50000000E-01  .13264108E+01
   .10000000E+00  .13095214E+01
   .15000000E+00  .12924724E+01
   .20000000E+00  .12752602E+01
   .25000000E+00  .12578806E+01
   .30000000E+00  .12403296E+01
   .35000000E+00  .12226028E+01
   .40000000E+00  .12046958E+01
   .45000000E+00  .11866039E+01
   .50000000E+00  .11683223E+01
   .55000000E+00  .11498462E+01
   .60000000E+00  .11311701E+01
   .65000000E+00  .11122889E+01
   .70000000E+00  .10931967E+01
   .75000000E+00  .10738879E+01
   .80000000E+00  .10543563E+01
   .85000000E+00  .10345955E+01
   .90000000E+00  .10145990E+01
   .95000000E+00  .99435987E+00
   .10000000E+01  .97387091E+00
   .10500000E+01  .95312463E+00
   .11000000E+01  .93211318E+00
   .11500000E+01  .91082836E+00
   .12000000E+01  .88926160E+00
   .12500000E+01  .86740397E+00
   .13000000E+01  .84524607E+00
   .13500000E+01  .82277808E+00
   .14000000E+01  .79998971E+00
   .14500000E+01  .77687014E+00
   .15000000E+01  .75340806E+00
   .15500000E+01  .72959157E+00
   .16000000E+01  .70540816E+00
   .16500000E+01  .68084468E+00
   .17000000E+01  .65588732E+00
   .17500000E+01  .63052152E+00
   .18000000E+01  .60473191E+00
   .18500000E+01  .57850233E+00
   .19000000E+01  .55181569E+00
   .19500000E+01  .52465397E+00
   .20000000E+01  .49699808E+00
KBPotential  L  =      2.00000   -.35071
  -.30000000E+01  .16832177E+01
  -.29500000E+01  .16678803E+01
  -.29000000E+01  .16523868E+01
  -.28500000E+01  .16367320E+01
  -.28000000E+01  .16209106E+01
  -.27500000E+01  .16049165E+01
  -.27000000E+01  .15887438E+01
  -.26500000E+01  .15723859E+01
  -.26000000E+01  .15558358E+01
  -.25500000E+01  .15390862E+01
  -.25000000E+01  .15221292E+01
  -.24500000E+01  .15049565E+01
  -.24000000E+01  .14875592E+01
  -.23500000E+01  .14699277E+01
  -.23000000E+01  .14520518E+01
  -.22500000E+01  .14339205E+01
  -.22000000E+01  .14155221E+01
  -.21500000E+01  .13968439E+01
  -.21000000E+01  .13778722E+01
  -.20500000E+01  .13585923E+01
  -.20000000E+01  .13389882E+01
  -.19500000E+01  .13190426E+01
  -.19000000E+01  .12987366E+01
  -.18500000E+01  .12780498E+01
  -.18000000E+01  .12569597E+01
  -.17500000E+01  .12354419E+01
  -.17000000E+01  .12134695E+01
  -.16500000E+01  .11910128E+01
  -.16000000E+01  .11680393E+01
  -.15500000E+01  .11445128E+01
  -.15000000E+01  .11203932E+01
  -.14500000E+01  .10956359E+01
  -.14000000E+01  .10701910E+01
  -.13500000E+01  .10440025E+01
  -.13000000E+01  .10170075E+01
  -.12500000E+01  .98913457E+00
  -.12000000E+01  .96030293E+00
  -.11500000E+01  .93042026E+00
  -.11000000E+01  .89939013E+00
  -.10500000E+01  .86707243E+00
  -.10000000E+01  .83333458E+00
  -.95000000E+00  .79801448E+00
  -.90000000E+00  .76091316E+00
  -.85000000E+00  .72180430E+00
  -.80000000E+00  .68041513E+00
  -.75000000E+00  .63641780E+00
  -.70000000E+00  .58932512E+00
  -.65000000E+00  .53882009E+00
  -.60000000E+00  .48421674E+00
  -.55000000E+00  .42475668E+00
  -.50000000E+00  .35947514E+00
  -.45000000E+00  .28712364E+00
  -.40000000E+00  .20605879E+00
  -.35000000E+00  .11407280E+00
  -.30000000E+00  .80596978E-02
  -.25000000E+00 -.11617732E+00
  -.20000000E+00 -.26501153E+00
  -.15000000E+00 -.44809333E+00
  -.10000000E+00 -.68093551E+00
  -.50000000E-01 -.99016785E+00
  -.22898350E-14 -.14256692E+01
   .50000000E-01 -.20930431E+01
   .10000000E+00 -.32616087E+01
   .15000000E+00 -.58824988E+01
   .20000000E+00 -.17465302E+02
   .25000000E+00  .26000525E+02
   .30000000E+00  .82165416E+01
   .35000000E+00  .51107348E+01
   .40000000E+00  .38073501E+01
   .45000000E+00  .30828589E+01
   .50000000E+00  .26166051E+01
   .55000000E+00  .22877372E+01
   .60000000E+00  .20405442E+01
   .65000000E+00  .18457741E+01
   .70000000E+00  .16865890E+01
   .75000000E+00  .15526079E+01
   .80000000E+00  .14370797E+01
   .85000000E+00  .13354209E+01
   .90000000E+00  .12444079E+01
   .95000000E+00  .11617052E+01
   .10000000E+01  .10855766E+01
   .10500000E+01  .10147023E+01
   .11000000E+01  .94805951E+00
   .11500000E+01  .88484052E+00
   .12000000E+01  .82439739E+00
   .12500000E+01  .76620213E+00
   .13000000E+01  .70981816E+00
   .13500000E+01  .65487937E+00
   .14000000E+01  .60107443E+00
   .14500000E+01  .54813520E+00
   .15000000E+01  .49582571E+00
   .15500000E+01  .44394325E+00
   .16000000E+01  .39229360E+00
   .16500000E+01  .34071174E+00
   .17000000E+01  .28903877E+00
   .17500000E+01  .23712717E+00
   .18000000E+01  .18483695E+00
   .18500000E+01  .13203213E+00
   .19000000E+01  .78580349E-01
   .19500000E+01  .24350271E-01
   .20000000E+01 -.30789989E-01
KBPotential  L  =       .00000   -.57038
  -.30000000E+01  .15005775E+01
  -.29500000E+01  .14839080E+01
  -.29000000E+01  .14670649E+01
  -.28500000E+01  .14500436E+01
  -.28000000E+01  .14328387E+01
  -.27500000E+01  .14154452E+01
  -.27000000E+01  .13978575E+01
  -.26500000E+01  .13800699E+01
  -.26000000E+01  .13620764E+01
  -.25500000E+01  .13438706E+01
  -.25000000E+01  .13254461E+01
  -.24500000E+01  .13067960E+01
  -.24000000E+01  .12879130E+01
  -.23500000E+01  .12687897E+01
  -.23000000E+01  .12494182E+01
  -.22500000E+01  .12297901E+01
  -.22000000E+01  .12098968E+01
  -.21500000E+01  .11897292E+01
  -.21000000E+01  .11692775E+01
  -.20500000E+01  .11485318E+01
  -.20000000E+01  .11274813E+01
  -.19500000E+01  .11061148E+01
  -.19000000E+01  .10844205E+01
  -.18500000E+01  .10623859E+01
  -.18000000E+01  .10399978E+01
  -.17500000E+01  .10172422E+01
  -.17000000E+01  .99410444E+00
  -.16500000E+01  .97056881E+00
  -.16000000E+01  .94661875E+00
  -.15500000E+01  .92223667E+00
  -.15000000E+01  .89740388E+00
  -.14500000E+01  .87210053E+00
  -.14000000E+01  .84630545E+00
  -.13500000E+01  .81999615E+00
  -.13000000E+01  .79314856E+00
  -.12500000E+01  .76573704E+00
  -.12000000E+01  .73773413E+00
  -.11500000E+01  .70911047E+00
  -.11000000E+01  .67983456E+00
  -.10500000E+01  .64987260E+00
  -.10000000E+01  .61918828E+00
  -.95000000E+00  .58774248E+00
  -.90000000E+00  .55549309E+00
  -.85000000E+00  .52239460E+00
  -.80000000E+00  .48839782E+00
  -.75000000E+00  .45344948E+00
  -.70000000E+00  .41749179E+00
  -.65000000E+00  .38046193E+00
  -.60000000E+00  .34229153E+00
  -.55000000E+00  .30290595E+00
  -.50000000E+00  .26222365E+00
  -.45000000E+00  .22015526E+00
  -.40000000E+00  .17660270E+00
  -.35000000E+00  .13145798E+00
  -.30000000E+00  .84602068E-01
  -.25000000E+00  .35903234E-01
  -.20000000E+00 -.14784590E-01
  -.15000000E+00 -.67623822E-01
  -.10000000E+00 -.12279563E+00
  -.50000000E-01 -.18050273E+00
  -.22898350E-14 -.24097266E+00
   .50000000E-01 -.30446186E+00
   .10000000E+00 -.37126025E+00
   .15000000E+00 -.44169699E+00
   .20000000E+00 -.51614739E+00
   .25000000E+00 -.59504129E+00
   .30000000E+00 -.67887340E+00
   .35000000E+00 -.76821606E+00
   .40000000E+00 -.86373510E+00
   .45000000E+00 -.96620970E+00
   .50000000E+00 -.10765579E+01
   .55000000E+00 -.11958688E+01
   .60000000E+00 -.13254446E+01
   .65000000E+00 -.14668551E+01
   .70000000E+00 -.16220110E+01
   .75000000E+00 -.17932610E+01
   .80000000E+00 -.19835257E+01
   .85000000E+00 -.21964829E+01
   .90000000E+00 -.24368300E+01
   .95000000E+00 -.27106645E+01
   .10000000E+01 -.30260470E+01
   .10500000E+01 -.33938616E+01
   .11000000E+01 -.38291709E+01
   .11500000E+01 -.43534347E+01
   .12000000E+01 -.49983104E+01
   .12500000E+01 -.58125284E+01
   .13000000E+01 -.68751961E+01
   .13500000E+01 -.83238408E+01
   .14000000E+01 -.10420551E+02
   .14500000E+01 -.13734287E+02
   .15000000E+01 -.19775900E+02
   .15500000E+01 -.34323513E+02
   .16000000E+01 -.11868486E+03
   .16500000E+01  .85905645E+02
   .17000000E+01  .32114708E+02
   .17500000E+01  .19945939E+02
   .18000000E+01  .14557034E+02
   .18500000E+01  .11510540E+02
   .19000000E+01  .95478148E+01
   .19500000E+01  .81748994E+01
   .20000000E+01  .71583633E+01
KBPotential  L  =      1.00000   -.80000
  -.30000000E+01  .16584532E+01
  -.29500000E+01  .16440692E+01
  -.29000000E+01  .16295719E+01
  -.28500000E+01  .16149588E+01
  -.28000000E+01  .16002270E+01
  -.27500000E+01  .15853737E+01
  -.27000000E+01  .15703959E+01
  -.26500000E+01  .15552904E+01
  -.26000000E+01  .15400540E+01
  -.25500000E+01  .15246834E+01
  -.25000000E+01  .15091748E+01
  -.24500000E+01  .14935247E+01
  -.24000000E+01  .14777291E+01
  -.23500000E+01  .14617840E+01
  -.23000000E+01  .14456851E+01
  -.22500000E+01  .14294279E+01
  -.22000000E+01  .14130077E+01
  -.21500000E+01  .13964196E+01
  -.21000000E+01  .13796584E+01
  -.20500000E+01  .13627186E+01
  -.20000000E+01  .13455944E+01
  -.19500000E+01  .13282798E+01
  -.19000000E+01  .13107682E+01
  -.18500000E+01  .12930529E+01
  -.18000000E+01  .12751266E+01
  -.17500000E+01  .12569817E+01
  -.17000000E+01  .12386099E+01
  -.16500000E+01  .12200027E+01
  -.16000000E+01  .12011506E+01
  -.15500000E+01  .11820440E+01
  -.15000000E+01  .11626721E+01
  -.14500000E+01  .11430236E+01
  -.14000000E+01  .11230863E+01
  -.13500000E+01  .11028472E+01
  -.13000000E+01  .10822921E+01
  -.12500000E+01  .10614057E+01
  -.12000000E+01  .10401715E+01
  -.11500000E+01  .10185716E+01
  -.11000000E+01  .99658633E+00
  -.10500000E+01  .97419447E+00
  -.10000000E+01  .95137264E+00
  -.95000000E+00  .92809522E+00
  -.90000000E+00  .90433398E+00
  -.85000000E+00  .88005777E+00
  -.80000000E+00  .85523205E+00
  -.75000000E+00  .82981829E+00
  -.70000000E+00  .80377355E+00
  -.65000000E+00  .77704963E+00
  -.60000000E+00  .74959219E+00
  -.55000000E+00  .72133971E+00
  -.50000000E+00  .69222217E+00
  -.45000000E+00  .66215946E+00
  -.40000000E+00  .63105938E+00
  -.35000000E+00  .59881515E+00
  -.30000000E+00  .56530228E+00
  -.25000000E+00  .53037454E+00
  -.20000000E+00  .49385890E+00
  -.15000000E+00  .45554874E+00
  -.10000000E+00  .41519512E+00
  -.50000000E-01  .37249494E+00
  -.22898350E-14  .32707505E+00
   .50000000E-01  .27847023E+00
   .10000000E+00  .22609234E+00
   .15000000E+00  .16918616E+00
   .20000000E+00  .10676446E+00
   .25000000E+00  .37510540E-01
   .30000000E+00 -.40373537E-01
   .35000000E+00 -.12941069E+00
   .40000000E+00 -.23325804E+00
   .45000000E+00 -.35742865E+00
   .50000000E+00 -.51064520E+00
   .55000000E+00 -.70758172E+00
   .60000000E+00 -.97499527E+00
   .65000000E+00 -.13674090E+01
   .70000000E+00 -.20157878E+01
   .75000000E+00 -.33339098E+01
   .80000000E+00 -.76780338E+01
   .85000000E+00  .46283693E+02
   .90000000E+00  .61805486E+01
   .95000000E+00  .33879958E+01
   .10000000E+01  .23487306E+01
   .10500000E+01  .17941581E+01
   .11000000E+01  .14413566E+01
   .11500000E+01  .11914526E+01
   .12000000E+01  .10008769E+01
   .12500000E+01  .84742581E+00
   .13000000E+01  .71858107E+00
   .13500000E+01  .60673586E+00
   .14000000E+01  .50698982E+00
   .14500000E+01  .41603307E+00
   .15000000E+01  .33153924E+00
   .15500000E+01  .25181540E+00
   .16000000E+01  .17559070E+00
   .16500000E+01  .10188302E+00
   .17000000E+01  .29912157E-01
   .17500000E+01 -.40959177E-01
   .18000000E+01 -.11126533E+00
   .18500000E+01 -.18146716E+00
   .19000000E+01 -.25197311E+00
   .19500000E+01 -.32315531E+00
   .20000000E+01 -.39536211E+00
KBPotential  L  =      3.00000    .00000
  -.30000000E+01  .19087651E+01
  -.29500000E+01  .18958729E+01
  -.29000000E+01  .18828985E+01
  -.28500000E+01  .18698404E+01
  -.28000000E+01  .18566971E+01
  -.27500000E+01  .18434670E+01
  -.27000000E+01  .18301485E+01
  -.26500000E+01  .18167399E+01
  -.26000000E+01  .18032394E+01
  -.25500000E+01  .17896453E+01
  -.25000000E+01  .17759559E+01
  -.24500000E+01  .17621691E+01
  -.24000000E+01  .17482830E+01
  -.23500000E+01  .17342957E+01
  -.23000000E+01  .17202050E+01
  -.22500000E+01  .17060088E+01
  -.22000000E+01  .16917050E+01
  -.21500000E+01  .16772912E+01
  -.21000000E+01  .16627651E+01
  -.20500000E+01  .16481242E+01
  -.20000000E+01  .16333661E+01
  -.19500000E+01  .16184881E+01
  -.19000000E+01  .16034875E+01
  -.18500000E+01  .15883615E+01
  -.18000000E+01  .15731074E+01
  -.17500000E+01  .15577219E+01
  -.17000000E+01  .15422022E+01
  -.16500000E+01  .15265448E+01
  -.16000000E+01  .15107466E+01
  -.15500000E+01  .14948041E+01
  -.15000000E+01  .14787136E+01
  -.14500000E+01  .14624715E+01
  -.14000000E+01  .14460738E+01
  -.13500000E+01  .14295166E+01
  -.13000000E+01  .14127957E+01
  -.12500000E+01  .13959066E+01
  -.12000000E+01  .13788449E+01
  -.11500000E+01  .13616058E+01
  -.11000000E+01  .13441845E+01
  -.10500000E+01  .13265758E+01
  -.10000000E+01  .13087743E+01
  -.95000000E+00  .12907744E+01
  -.90000000E+00  .12725704E+01
  -.85000000E+00  .12541562E+01
  -.80000000E+00  .12355253E+01
  -.75000000E+00  .12166712E+01
  -.70000000E+00  .11975868E+01
  -.65000000E+00  .11782648E+01
  -.60000000E+00  .11586976E+01
  -.55000000E+00  .11388772E+01
  -.50000000E+00  .11187952E+01
  -.45000000E+00  .10984427E+01
  -.40000000E+00  .10778104E+01
  -.35000000E+00  .10568885E+01
  -.30000000E+00  .10356669E+01
  -.25000000E+00  .10141346E+01
  -.20000000E+00  .99228026E+00
  -.15000000E+00  .97009182E+00
  -.10000000E+00  .94755660E+00
  -.50000000E-01  .92466116E+00
  -.22898350E-14  .90139131E+00
   .50000000E-01  .87773203E+00
   .10000000E+00  .85366740E+00
   .15000000E+00  .82918053E+00
   .20000000E+00  .80425352E+00
   .25000000E+00  .77886733E+00
   .30000000E+00  .75300171E+00
   .35000000E+00  .72663511E+00
   .40000000E+00  .69974453E+00
   .45000000E+00  .67230547E+00
   .50000000E+00  .64429171E+00
   .55000000E+00  .61567523E+00
   .60000000E+00  .58642601E+00
   .65000000E+00  .55651185E+00
   .70000000E+00  .52589819E+00
   .75000000E+00  .49454800E+00
   .80000000E+00  .46242091E+00
   .85000000E+00  .42947389E+00
   .90000000E+00  .39566029E+00
   .95000000E+00  .36092962E+00
   .10000000E+01  .32522715E+00
   .10500000E+01  .28849349E+00
   .11000000E+01  .25066400E+00
   .11500000E+01  .21166825E+00
   .12000000E+01  .17142933E+00
   .12500000E+01  .12986308E+00
   .13000000E+01  .86877004E-01
   .13500000E+01  .42370057E-01
   .14000000E+01 -.37697120E-02
   .14500000E+01 -.51665785E-01
   .15000000E+01 -.10145485E+00
   .15500000E+01 -.15328874E+00
   .16000000E+01 -.20733654E+00
   .16500000E+01 -.26378718E+00
   .17000000E+01 -.32285235E+00
   .17500000E+01 -.38477018E+00
   .18000000E+01 -.44980945E+00
   .18500000E+01 -.51827471E+00
   .19000000E+01 -.59051250E+00
   .19500000E+01 -.66691883E+00
   .20000000E+01 -.74794841E+00
KBPotential  L  =      4.00000    .00000
  -.30000000E+01  .21527673E+01
  -.29500000E+01  .21414758E+01
  -.29000000E+01  .21301314E+01
  -.28500000E+01  .21187322E+01
  -.28000000E+01  .21072773E+01
  -.27500000E+01  .20957656E+01
  -.27000000E+01  .20841970E+01
  -.26500000E+01  .20725708E+01
  -.26000000E+01  .20608852E+01
  -.25500000E+01  .20491402E+01
  -.25000000E+01  .20373350E+01
  -.24500000E+01  .20254692E+01
  -.24000000E+01  .20135389E+01
  -.23500000E+01  .20015465E+01
  -.23000000E+01  .19894915E+01
  -.22500000E+01  .19773689E+01
  -.22000000E+01  .19651828E+01
  -.21500000E+01  .19529272E+01
  -.21000000E+01  .19406061E+01
  -.20500000E+01  .19282144E+01
  -.20000000E+01  .19157517E+01
  -.19500000E+01  .19032200E+01
  -.19000000E+01  .18906134E+01
  -.18500000E+01  .18779347E+01
  -.18000000E+01  .18651811E+01
  -.17500000E+01  .18523526E+01
  -.17000000E+01  .18394450E+01
  -.16500000E+01  .18264596E+01
  -.16000000E+01  .18133951E+01
  -.15500000E+01  .18002487E+01
  -.15000000E+01  .17870207E+01
  -.14500000E+01  .17737094E+01
  -.14000000E+01  .17603108E+01
  -.13500000E+01  .17468267E+01
  -.13000000E+01  .17332539E+01
  -.12500000E+01  .17195912E+01
  -.12000000E+01  .17058372E+01
  -.11500000E+01  .16919908E+01
  -.11000000E+01  .16780486E+01
  -.10500000E+01  .16640099E+01
  -.10000000E+01  .16498726E+01
  -.95000000E+00  .16356350E+01
  -.90000000E+00  .16212954E+01
  -.85000000E+00  .16068515E+01
  -.80000000E+00  .15923014E+01
  -.75000000E+00  .15776431E+01
  -.70000000E+00  .15628744E+01
  -.65000000E+00  .15479930E+01
  -.60000000E+00  .15329968E+01
  -.55000000E+00  .15178833E+01
  -.50000000E+00  .15026494E+01
  -.45000000E+00  .14872942E+01
  -.40000000E+00  .14718149E+01
  -.35000000E+00  .14562074E+01
  -.30000000E+00  .14404698E+01
  -.25000000E+00  .14245992E+01
  -.20000000E+00  .14085920E+01
  -.15000000E+00  .13924473E+01
  -.10000000E+00  .13761597E+01
  -.50000000E-01  .13597261E+01
  -.22898350E-14  .13431445E+01
   .50000000E-01  .13264108E+01
   .10000000E+00  .13095214E+01
   .15000000E+00  .12924724E+01
   .20000000E+00  .12752602E+01
   .25000000E+00  .12578806E+01
   .30000000E+00  .12403296E+01
   .35000000E+00  .12226028E+01
   .40000000E+00  .12046958E+01
   .45000000E+00  .11866039E+01
   .50000000E+00  .11683223E+01
   .55000000E+00  .11498462E+01
   .60000000E+00  .11311701E+01
   .65000000E+00  .11122889E+01
   .70000000E+00  .10931967E+01
   .75000000E+00  .10738879E+01
   .80000000E+00  .10543563E+01
   .85000000E+00  .10345955E+01
   .90000000E+00  .10145990E+01
   .95000000E+00  .99435987E+00
   .10000000E+01  .97387091E+00
   .10500000E+01  .95312463E+00
   .11000000E+01  .93211318E+00
   .11500000E+01  .91082836E+00
   .12000000E+01  .88926160E+00
   .12500000E+01  .86740397E+00
   .13000000E+01  .84524607E+00
   .13500000E+01  .82277808E+00
   .14000000E+01  .79998971E+00
   .14500000E+01  .77687014E+00
   .15000000E+01  .75340806E+00
   .15500000E+01  .72959157E+00
   .16000000E+01  .70540816E+00
   .16500000E+01  .68084468E+00
   .17000000E+01  .65588732E+00
   .17500000E+01  .63052152E+00
   .18000000E+01  .60473191E+00
   .18500000E+01  .57850233E+00
   .19000000E+01  .55181569E+00
   .19500000E+01  .52465397E+00
   .20000000E+01  .49699808E+00
