  PAW H                                  
 100
Core Pot   L  =         .00000   -.22518
  -.20000000E+01  .13566021E+01
  -.19600000E+01  .13466640E+01
  -.19200000E+01  .13366968E+01
  -.18800000E+01  .13267004E+01
  -.18400000E+01  .13166746E+01
  -.18000000E+01  .13066191E+01
  -.17600000E+01  .12965339E+01
  -.17200000E+01  .12864187E+01
  -.16800000E+01  .12762733E+01
  -.16400000E+01  .12660975E+01
  -.16000000E+01  .12558912E+01
  -.15600000E+01  .12456541E+01
  -.15200000E+01  .12353861E+01
  -.14800000E+01  .12250869E+01
  -.14400000E+01  .12147564E+01
  -.14000000E+01  .12043943E+01
  -.13600000E+01  .11940005E+01
  -.13200000E+01  .11835748E+01
  -.12800000E+01  .11731169E+01
  -.12400000E+01  .11626266E+01
  -.12000000E+01  .11521037E+01
  -.11600000E+01  .11415481E+01
  -.11200000E+01  .11309595E+01
  -.10800000E+01  .11203376E+01
  -.10400000E+01  .11096824E+01
  -.10000000E+01  .10989935E+01
  -.96000000E+00  .10882707E+01
  -.92000000E+00  .10775138E+01
  -.88000000E+00  .10667225E+01
  -.84000000E+00  .10558968E+01
  -.80000000E+00  .10450362E+01
  -.76000000E+00  .10341407E+01
  -.72000000E+00  .10232099E+01
  -.68000000E+00  .10122436E+01
  -.64000000E+00  .10012416E+01
  -.60000000E+00  .99020362E+00
  -.56000000E+00  .97912938E+00
  -.52000000E+00  .96801875E+00
  -.48000000E+00  .95687140E+00
  -.44000000E+00  .94568715E+00
  -.40000000E+00  .93446566E+00
  -.36000000E+00  .92320677E+00
  -.32000000E+00  .91191016E+00
  -.28000000E+00  .90057554E+00
  -.24000000E+00  .88920274E+00
  -.20000000E+00  .87779142E+00
  -.16000000E+00  .86634134E+00
  -.12000000E+00  .85485221E+00
  -.80000000E-01  .84332382E+00
  -.40000000E-01  .83175585E+00
   .12351231E-14  .82014803E+00
   .40000000E-01  .80850003E+00
   .80000000E-01  .79681166E+00
   .12000000E+00  .78508258E+00
   .16000000E+00  .77331249E+00
   .20000000E+00  .76150113E+00
   .24000000E+00  .74964815E+00
   .28000000E+00  .73775336E+00
   .32000000E+00  .72581639E+00
   .36000000E+00  .71383694E+00
   .40000000E+00  .70181471E+00
   .44000000E+00  .68974939E+00
   .48000000E+00  .67764067E+00
   .52000000E+00  .66548824E+00
   .56000000E+00  .65329171E+00
   .60000000E+00  .64105088E+00
   .64000000E+00  .62876532E+00
   .68000000E+00  .61643480E+00
   .72000000E+00  .60405893E+00
   .76000000E+00  .59163737E+00
   .80000000E+00  .57916981E+00
   .84000000E+00  .56665588E+00
   .88000000E+00  .55409527E+00
   .92000000E+00  .54148761E+00
   .96000000E+00  .52883255E+00
   .10000000E+01  .51612973E+00
   .10400000E+01  .50337877E+00
   .10800000E+01  .49057936E+00
   .11200000E+01  .47773110E+00
   .11600000E+01  .46483360E+00
   .12000000E+01  .45188652E+00
   .12400000E+01  .43888948E+00
   .12800000E+01  .42584203E+00
   .13200000E+01  .41274389E+00
   .13600000E+01  .39959462E+00
   .14000000E+01  .38639383E+00
   .14400000E+01  .37314110E+00
   .14800000E+01  .35983605E+00
   .15200000E+01  .34647824E+00
   .15600000E+01  .33306730E+00
   .16000000E+01  .31960280E+00
   .16400000E+01  .30608431E+00
   .16800000E+01  .29251141E+00
   .17200000E+01  .27888364E+00
   .17600000E+01  .26520057E+00
   .18000000E+01  .25146183E+00
   .18400000E+01  .23766693E+00
   .18800000E+01  .22381542E+00
   .19200000E+01  .20990685E+00
   .19600000E+01  .19594075E+00
   .20000000E+01  .18191666E+00
Potential  L  =         .00000   -.22518
  -.20000000E+01  .13553697E+01
  -.19600000E+01  .13456422E+01
  -.19200000E+01  .13358876E+01
  -.18800000E+01  .13261058E+01
  -.18400000E+01  .13162967E+01
  -.18000000E+01  .13064599E+01
  -.17600000E+01  .12965954E+01
  -.17200000E+01  .12867031E+01
  -.16800000E+01  .12767827E+01
  -.16400000E+01  .12668340E+01
  -.16000000E+01  .12568570E+01
  -.15600000E+01  .12468514E+01
  -.15200000E+01  .12368170E+01
  -.14800000E+01  .12267538E+01
  -.14400000E+01  .12166614E+01
  -.14000000E+01  .12065398E+01
  -.13600000E+01  .11963888E+01
  -.13200000E+01  .11862081E+01
  -.12800000E+01  .11759977E+01
  -.12400000E+01  .11657572E+01
  -.12000000E+01  .11554866E+01
  -.11600000E+01  .11451856E+01
  -.11200000E+01  .11348540E+01
  -.10800000E+01  .11244917E+01
  -.10400000E+01  .11140985E+01
  -.10000000E+01  .11036742E+01
  -.96000000E+00  .10932186E+01
  -.92000000E+00  .10827314E+01
  -.88000000E+00  .10722126E+01
  -.84000000E+00  .10616618E+01
  -.80000000E+00  .10510789E+01
  -.76000000E+00  .10404637E+01
  -.72000000E+00  .10298160E+01
  -.68000000E+00  .10191356E+01
  -.64000000E+00  .10084222E+01
  -.60000000E+00  .99767572E+00
  -.56000000E+00  .98689586E+00
  -.52000000E+00  .97608242E+00
  -.48000000E+00  .96523520E+00
  -.44000000E+00  .95435398E+00
  -.40000000E+00  .94343853E+00
  -.36000000E+00  .93248863E+00
  -.32000000E+00  .92150407E+00
  -.28000000E+00  .91048460E+00
  -.24000000E+00  .89943002E+00
  -.20000000E+00  .88834008E+00
  -.16000000E+00  .87721455E+00
  -.12000000E+00  .86605320E+00
  -.80000000E-01  .85485580E+00
  -.40000000E-01  .84362210E+00
   .12351231E-14  .83235186E+00
   .40000000E-01  .82104485E+00
   .80000000E-01  .80970081E+00
   .12000000E+00  .79831949E+00
   .16000000E+00  .78690066E+00
   .20000000E+00  .77544405E+00
   .24000000E+00  .76394941E+00
   .28000000E+00  .75241648E+00
   .32000000E+00  .74084501E+00
   .36000000E+00  .72923474E+00
   .40000000E+00  .71758539E+00
   .44000000E+00  .70589670E+00
   .48000000E+00  .69416841E+00
   .52000000E+00  .68240024E+00
   .56000000E+00  .67059192E+00
   .60000000E+00  .65874316E+00
   .64000000E+00  .64685370E+00
   .68000000E+00  .63492325E+00
   .72000000E+00  .62295152E+00
   .76000000E+00  .61093822E+00
   .80000000E+00  .59888307E+00
   .84000000E+00  .58678577E+00
   .88000000E+00  .57464603E+00
   .92000000E+00  .56246355E+00
   .96000000E+00  .55023802E+00
   .10000000E+01  .53796914E+00
   .10400000E+01  .52565660E+00
   .10800000E+01  .51330009E+00
   .11200000E+01  .50089930E+00
   .11600000E+01  .48845392E+00
   .12000000E+01  .47596361E+00
   .12400000E+01  .46342806E+00
   .12800000E+01  .45084694E+00
   .13200000E+01  .43821992E+00
   .13600000E+01  .42554667E+00
   .14000000E+01  .41282685E+00
   .14400000E+01  .40006012E+00
   .14800000E+01  .38724614E+00
   .15200000E+01  .37438456E+00
   .15600000E+01  .36147503E+00
   .16000000E+01  .34851720E+00
   .16400000E+01  .33551071E+00
   .16800000E+01  .32245520E+00
   .17200000E+01  .30935031E+00
   .17600000E+01  .29619566E+00
   .18000000E+01  .28299088E+00
   .18400000E+01  .26973561E+00
   .18800000E+01  .25642945E+00
   .19200000E+01  .24307202E+00
   .19600000E+01  .22966295E+00
   .20000000E+01  .21620182E+00
Core Pot   L  =        1.00000   -.30000
  -.20000000E+01  .28703290E+01
  -.19600000E+01  .28646878E+01
  -.19200000E+01  .28590401E+01
  -.18800000E+01  .28533860E+01
  -.18400000E+01  .28477253E+01
  -.18000000E+01  .28420582E+01
  -.17600000E+01  .28363845E+01
  -.17200000E+01  .28307042E+01
  -.16800000E+01  .28250174E+01
  -.16400000E+01  .28193240E+01
  -.16000000E+01  .28136239E+01
  -.15600000E+01  .28079173E+01
  -.15200000E+01  .28022040E+01
  -.14800000E+01  .27964840E+01
  -.14400000E+01  .27907574E+01
  -.14000000E+01  .27850241E+01
  -.13600000E+01  .27792840E+01
  -.13200000E+01  .27735373E+01
  -.12800000E+01  .27677837E+01
  -.12400000E+01  .27620234E+01
  -.12000000E+01  .27562563E+01
  -.11600000E+01  .27504824E+01
  -.11200000E+01  .27447017E+01
  -.10800000E+01  .27389141E+01
  -.10400000E+01  .27331197E+01
  -.10000000E+01  .27273184E+01
  -.96000000E+00  .27215102E+01
  -.92000000E+00  .27156951E+01
  -.88000000E+00  .27098730E+01
  -.84000000E+00  .27040439E+01
  -.80000000E+00  .26982079E+01
  -.76000000E+00  .26923649E+01
  -.72000000E+00  .26865149E+01
  -.68000000E+00  .26806578E+01
  -.64000000E+00  .26747937E+01
  -.60000000E+00  .26689225E+01
  -.56000000E+00  .26630442E+01
  -.52000000E+00  .26571588E+01
  -.48000000E+00  .26512663E+01
  -.44000000E+00  .26453666E+01
  -.40000000E+00  .26394597E+01
  -.36000000E+00  .26335457E+01
  -.32000000E+00  .26276244E+01
  -.28000000E+00  .26216959E+01
  -.24000000E+00  .26157601E+01
  -.20000000E+00  .26098171E+01
  -.16000000E+00  .26038667E+01
  -.12000000E+00  .25979091E+01
  -.80000000E-01  .25919441E+01
  -.40000000E-01  .25859717E+01
   .12351231E-14  .25799920E+01
   .40000000E-01  .25740048E+01
   .80000000E-01  .25680103E+01
   .12000000E+00  .25620083E+01
   .16000000E+00  .25559988E+01
   .20000000E+00  .25499818E+01
   .24000000E+00  .25439574E+01
   .28000000E+00  .25379254E+01
   .32000000E+00  .25318859E+01
   .36000000E+00  .25258387E+01
   .40000000E+00  .25197840E+01
   .44000000E+00  .25137217E+01
   .48000000E+00  .25076518E+01
   .52000000E+00  .25015742E+01
   .56000000E+00  .24954889E+01
   .60000000E+00  .24893959E+01
   .64000000E+00  .24832951E+01
   .68000000E+00  .24771867E+01
   .72000000E+00  .24710704E+01
   .76000000E+00  .24649464E+01
   .80000000E+00  .24588145E+01
   .84000000E+00  .24526748E+01
   .88000000E+00  .24465273E+01
   .92000000E+00  .24403718E+01
   .96000000E+00  .24342085E+01
   .10000000E+01  .24280372E+01
   .10400000E+01  .24218580E+01
   .10800000E+01  .24156708E+01
   .11200000E+01  .24094756E+01
   .11600000E+01  .24032724E+01
   .12000000E+01  .23970611E+01
   .12400000E+01  .23908417E+01
   .12800000E+01  .23846143E+01
   .13200000E+01  .23783787E+01
   .13600000E+01  .23721350E+01
   .14000000E+01  .23658831E+01
   .14400000E+01  .23596231E+01
   .14800000E+01  .23533548E+01
   .15200000E+01  .23470783E+01
   .15600000E+01  .23407935E+01
   .16000000E+01  .23345004E+01
   .16400000E+01  .23281990E+01
   .16800000E+01  .23218893E+01
   .17200000E+01  .23155712E+01
   .17600000E+01  .23092447E+01
   .18000000E+01  .23029098E+01
   .18400000E+01  .22965665E+01
   .18800000E+01  .22902147E+01
   .19200000E+01  .22838544E+01
   .19600000E+01  .22774856E+01
   .20000000E+01  .22711083E+01
Potential  L  =        1.00000   -.30000
  -.20000000E+01  .28423298E+01
  -.19600000E+01  .28366624E+01
  -.19200000E+01  .28309884E+01
  -.18800000E+01  .28253079E+01
  -.18400000E+01  .28196208E+01
  -.18000000E+01  .28139272E+01
  -.17600000E+01  .28082270E+01
  -.17200000E+01  .28025202E+01
  -.16800000E+01  .27968068E+01
  -.16400000E+01  .27910867E+01
  -.16000000E+01  .27853600E+01
  -.15600000E+01  .27796266E+01
  -.15200000E+01  .27738866E+01
  -.14800000E+01  .27681398E+01
  -.14400000E+01  .27623863E+01
  -.14000000E+01  .27566261E+01
  -.13600000E+01  .27508591E+01
  -.13200000E+01  .27450853E+01
  -.12800000E+01  .27393048E+01
  -.12400000E+01  .27335174E+01
  -.12000000E+01  .27277232E+01
  -.11600000E+01  .27219221E+01
  -.11200000E+01  .27161141E+01
  -.10800000E+01  .27102993E+01
  -.10400000E+01  .27044775E+01
  -.10000000E+01  .26986489E+01
  -.96000000E+00  .26928132E+01
  -.92000000E+00  .26869706E+01
  -.88000000E+00  .26811211E+01
  -.84000000E+00  .26752645E+01
  -.80000000E+00  .26694009E+01
  -.76000000E+00  .26635302E+01
  -.72000000E+00  .26576525E+01
  -.68000000E+00  .26517677E+01
  -.64000000E+00  .26458758E+01
  -.60000000E+00  .26399768E+01
  -.56000000E+00  .26340706E+01
  -.52000000E+00  .26281572E+01
  -.48000000E+00  .26222367E+01
  -.44000000E+00  .26163090E+01
  -.40000000E+00  .26103741E+01
  -.36000000E+00  .26044319E+01
  -.32000000E+00  .25984824E+01
  -.28000000E+00  .25925257E+01
  -.24000000E+00  .25865616E+01
  -.20000000E+00  .25805903E+01
  -.16000000E+00  .25746115E+01
  -.12000000E+00  .25686255E+01
  -.80000000E-01  .25626320E+01
  -.40000000E-01  .25566311E+01
   .12351231E-14  .25506228E+01
   .40000000E-01  .25446070E+01
   .80000000E-01  .25385838E+01
   .12000000E+00  .25325531E+01
   .16000000E+00  .25265148E+01
   .20000000E+00  .25204691E+01
   .24000000E+00  .25144157E+01
   .28000000E+00  .25083548E+01
   .32000000E+00  .25022863E+01
   .36000000E+00  .24962102E+01
   .40000000E+00  .24901264E+01
   .44000000E+00  .24840350E+01
   .48000000E+00  .24779358E+01
   .52000000E+00  .24718290E+01
   .56000000E+00  .24657144E+01
   .60000000E+00  .24595921E+01
   .64000000E+00  .24534620E+01
   .68000000E+00  .24473240E+01
   .72000000E+00  .24411783E+01
   .76000000E+00  .24350247E+01
   .80000000E+00  .24288633E+01
   .84000000E+00  .24226939E+01
   .88000000E+00  .24165167E+01
   .92000000E+00  .24103315E+01
   .96000000E+00  .24041384E+01
   .10000000E+01  .23979372E+01
   .10400000E+01  .23917281E+01
   .10800000E+01  .23855109E+01
   .11200000E+01  .23792857E+01
   .11600000E+01  .23730524E+01
   .12000000E+01  .23668110E+01
   .12400000E+01  .23605615E+01
   .12800000E+01  .23543038E+01
   .13200000E+01  .23480379E+01
   .13600000E+01  .23417639E+01
   .14000000E+01  .23354816E+01
   .14400000E+01  .23291911E+01
   .14800000E+01  .23228923E+01
   .15200000E+01  .23165852E+01
   .15600000E+01  .23102698E+01
   .16000000E+01  .23039461E+01
   .16400000E+01  .22976140E+01
   .16800000E+01  .22912735E+01
   .17200000E+01  .22849245E+01
   .17600000E+01  .22785671E+01
   .18000000E+01  .22722013E+01
   .18400000E+01  .22658270E+01
   .18800000E+01  .22594441E+01
   .19200000E+01  .22530527E+01
   .19600000E+01  .22466527E+01
   .20000000E+01  .22402441E+01
Core Pot   L  =        2.00000    .00000
  -.20000000E+01  .43057406E+01
  -.19600000E+01  .43017367E+01
  -.19200000E+01  .42977303E+01
  -.18800000E+01  .42937214E+01
  -.18400000E+01  .42897100E+01
  -.18000000E+01  .42856960E+01
  -.17600000E+01  .42816795E+01
  -.17200000E+01  .42776605E+01
  -.16800000E+01  .42736389E+01
  -.16400000E+01  .42696148E+01
  -.16000000E+01  .42655881E+01
  -.15600000E+01  .42615589E+01
  -.15200000E+01  .42575272E+01
  -.14800000E+01  .42534928E+01
  -.14400000E+01  .42494560E+01
  -.14000000E+01  .42454165E+01
  -.13600000E+01  .42413745E+01
  -.13200000E+01  .42373299E+01
  -.12800000E+01  .42332828E+01
  -.12400000E+01  .42292330E+01
  -.12000000E+01  .42251807E+01
  -.11600000E+01  .42211258E+01
  -.11200000E+01  .42170683E+01
  -.10800000E+01  .42130082E+01
  -.10400000E+01  .42089455E+01
  -.10000000E+01  .42048802E+01
  -.96000000E+00  .42008122E+01
  -.92000000E+00  .41967417E+01
  -.88000000E+00  .41926686E+01
  -.84000000E+00  .41885928E+01
  -.80000000E+00  .41845144E+01
  -.76000000E+00  .41804334E+01
  -.72000000E+00  .41763497E+01
  -.68000000E+00  .41722634E+01
  -.64000000E+00  .41681744E+01
  -.60000000E+00  .41640829E+01
  -.56000000E+00  .41599886E+01
  -.52000000E+00  .41558917E+01
  -.48000000E+00  .41517922E+01
  -.44000000E+00  .41476900E+01
  -.40000000E+00  .41435851E+01
  -.36000000E+00  .41394775E+01
  -.32000000E+00  .41353673E+01
  -.28000000E+00  .41312544E+01
  -.24000000E+00  .41271388E+01
  -.20000000E+00  .41230205E+01
  -.16000000E+00  .41188995E+01
  -.12000000E+00  .41147758E+01
  -.80000000E-01  .41106494E+01
  -.40000000E-01  .41065204E+01
   .12351231E-14  .41023886E+01
   .40000000E-01  .40982540E+01
   .80000000E-01  .40941168E+01
   .12000000E+00  .40899769E+01
   .16000000E+00  .40858342E+01
   .20000000E+00  .40816888E+01
   .24000000E+00  .40775406E+01
   .28000000E+00  .40733897E+01
   .32000000E+00  .40692361E+01
   .36000000E+00  .40650797E+01
   .40000000E+00  .40609206E+01
   .44000000E+00  .40567587E+01
   .48000000E+00  .40525940E+01
   .52000000E+00  .40484266E+01
   .56000000E+00  .40442564E+01
   .60000000E+00  .40400834E+01
   .64000000E+00  .40359076E+01
   .68000000E+00  .40317291E+01
   .72000000E+00  .40275478E+01
   .76000000E+00  .40233636E+01
   .80000000E+00  .40191767E+01
   .84000000E+00  .40149870E+01
   .88000000E+00  .40107944E+01
   .92000000E+00  .40065991E+01
   .96000000E+00  .40024009E+01
   .10000000E+01  .39981999E+01
   .10400000E+01  .39939961E+01
   .10800000E+01  .39897895E+01
   .11200000E+01  .39855800E+01
   .11600000E+01  .39813677E+01
   .12000000E+01  .39771525E+01
   .12400000E+01  .39729345E+01
   .12800000E+01  .39687136E+01
   .13200000E+01  .39644899E+01
   .13600000E+01  .39602633E+01
   .14000000E+01  .39560338E+01
   .14400000E+01  .39518015E+01
   .14800000E+01  .39475663E+01
   .15200000E+01  .39433282E+01
   .15600000E+01  .39390872E+01
   .16000000E+01  .39348433E+01
   .16400000E+01  .39305965E+01
   .16800000E+01  .39263469E+01
   .17200000E+01  .39220943E+01
   .17600000E+01  .39178388E+01
   .18000000E+01  .39135804E+01
   .18400000E+01  .39093191E+01
   .18800000E+01  .39050548E+01
   .19200000E+01  .39007876E+01
   .19600000E+01  .38965175E+01
   .20000000E+01  .38922444E+01
Potential  L  =        2.00000    .00000
  -.20000000E+01  .43132562E+01
  -.19600000E+01  .43092635E+01
  -.19200000E+01  .43052682E+01
  -.18800000E+01  .43012705E+01
  -.18400000E+01  .42972703E+01
  -.18000000E+01  .42932676E+01
  -.17600000E+01  .42892624E+01
  -.17200000E+01  .42852547E+01
  -.16800000E+01  .42812445E+01
  -.16400000E+01  .42772317E+01
  -.16000000E+01  .42732165E+01
  -.15600000E+01  .42691987E+01
  -.15200000E+01  .42651784E+01
  -.14800000E+01  .42611556E+01
  -.14400000E+01  .42571303E+01
  -.14000000E+01  .42531024E+01
  -.13600000E+01  .42490719E+01
  -.13200000E+01  .42450390E+01
  -.12800000E+01  .42410035E+01
  -.12400000E+01  .42369654E+01
  -.12000000E+01  .42329248E+01
  -.11600000E+01  .42288816E+01
  -.11200000E+01  .42248358E+01
  -.10800000E+01  .42207875E+01
  -.10400000E+01  .42167366E+01
  -.10000000E+01  .42126831E+01
  -.96000000E+00  .42086271E+01
  -.92000000E+00  .42045685E+01
  -.88000000E+00  .42005073E+01
  -.84000000E+00  .41964435E+01
  -.80000000E+00  .41923771E+01
  -.76000000E+00  .41883080E+01
  -.72000000E+00  .41842364E+01
  -.68000000E+00  .41801622E+01
  -.64000000E+00  .41760854E+01
  -.60000000E+00  .41720060E+01
  -.56000000E+00  .41679239E+01
  -.52000000E+00  .41638392E+01
  -.48000000E+00  .41597519E+01
  -.44000000E+00  .41556620E+01
  -.40000000E+00  .41515694E+01
  -.36000000E+00  .41474741E+01
  -.32000000E+00  .41433763E+01
  -.28000000E+00  .41392758E+01
  -.24000000E+00  .41351726E+01
  -.20000000E+00  .41310668E+01
  -.16000000E+00  .41269583E+01
  -.12000000E+00  .41228471E+01
  -.80000000E-01  .41187333E+01
  -.40000000E-01  .41146168E+01
   .12351231E-14  .41104976E+01
   .40000000E-01  .41063757E+01
   .80000000E-01  .41022512E+01
   .12000000E+00  .40981239E+01
   .16000000E+00  .40939940E+01
   .20000000E+00  .40898614E+01
   .24000000E+00  .40857260E+01
   .28000000E+00  .40815880E+01
   .32000000E+00  .40774472E+01
   .36000000E+00  .40733037E+01
   .40000000E+00  .40691575E+01
   .44000000E+00  .40650086E+01
   .48000000E+00  .40608569E+01
   .52000000E+00  .40567026E+01
   .56000000E+00  .40525454E+01
   .60000000E+00  .40483855E+01
   .64000000E+00  .40442229E+01
   .68000000E+00  .40400576E+01
   .72000000E+00  .40358894E+01
   .76000000E+00  .40317185E+01
   .80000000E+00  .40275449E+01
   .84000000E+00  .40233684E+01
   .88000000E+00  .40191892E+01
   .92000000E+00  .40150073E+01
   .96000000E+00  .40108225E+01
   .10000000E+01  .40066349E+01
   .10400000E+01  .40024446E+01
   .10800000E+01  .39982515E+01
   .11200000E+01  .39940555E+01
   .11600000E+01  .39898568E+01
   .12000000E+01  .39856552E+01
   .12400000E+01  .39814508E+01
   .12800000E+01  .39772436E+01
   .13200000E+01  .39730336E+01
   .13600000E+01  .39688208E+01
   .14000000E+01  .39646051E+01
   .14400000E+01  .39603866E+01
   .14800000E+01  .39561652E+01
   .15200000E+01  .39519410E+01
   .15600000E+01  .39477139E+01
   .16000000E+01  .39434840E+01
   .16400000E+01  .39392513E+01
   .16800000E+01  .39350156E+01
   .17200000E+01  .39307771E+01
   .17600000E+01  .39265357E+01
   .18000000E+01  .39222914E+01
   .18400000E+01  .39180443E+01
   .18800000E+01  .39137942E+01
   .19200000E+01  .39095413E+01
   .19600000E+01  .39052855E+01
   .20000000E+01  .39010267E+01
Core Pot   L  =        3.00000    .00000
  -.20000000E+01  .57324695E+01
  -.19600000E+01  .57293589E+01
  -.19200000E+01  .57262471E+01
  -.18800000E+01  .57231340E+01
  -.18400000E+01  .57200197E+01
  -.18000000E+01  .57169041E+01
  -.17600000E+01  .57137873E+01
  -.17200000E+01  .57106692E+01
  -.16800000E+01  .57075499E+01
  -.16400000E+01  .57044294E+01
  -.16000000E+01  .57013076E+01
  -.15600000E+01  .56981846E+01
  -.15200000E+01  .56950603E+01
  -.14800000E+01  .56919347E+01
  -.14400000E+01  .56888079E+01
  -.14000000E+01  .56856799E+01
  -.13600000E+01  .56825505E+01
  -.13200000E+01  .56794200E+01
  -.12800000E+01  .56762881E+01
  -.12400000E+01  .56731550E+01
  -.12000000E+01  .56700207E+01
  -.11600000E+01  .56668851E+01
  -.11200000E+01  .56637482E+01
  -.10800000E+01  .56606100E+01
  -.10400000E+01  .56574706E+01
  -.10000000E+01  .56543300E+01
  -.96000000E+00  .56511880E+01
  -.92000000E+00  .56480448E+01
  -.88000000E+00  .56449003E+01
  -.84000000E+00  .56417545E+01
  -.80000000E+00  .56386075E+01
  -.76000000E+00  .56354592E+01
  -.72000000E+00  .56323096E+01
  -.68000000E+00  .56291587E+01
  -.64000000E+00  .56260066E+01
  -.60000000E+00  .56228531E+01
  -.56000000E+00  .56196984E+01
  -.52000000E+00  .56165424E+01
  -.48000000E+00  .56133851E+01
  -.44000000E+00  .56102265E+01
  -.40000000E+00  .56070667E+01
  -.36000000E+00  .56039055E+01
  -.32000000E+00  .56007431E+01
  -.28000000E+00  .55975794E+01
  -.24000000E+00  .55944143E+01
  -.20000000E+00  .55912480E+01
  -.16000000E+00  .55880804E+01
  -.12000000E+00  .55849115E+01
  -.80000000E-01  .55817413E+01
  -.40000000E-01  .55785698E+01
   .12351231E-14  .55753970E+01
   .40000000E-01  .55722229E+01
   .80000000E-01  .55690475E+01
   .12000000E+00  .55658707E+01
   .16000000E+00  .55626927E+01
   .20000000E+00  .55595134E+01
   .24000000E+00  .55563327E+01
   .28000000E+00  .55531508E+01
   .32000000E+00  .55499675E+01
   .36000000E+00  .55467829E+01
   .40000000E+00  .55435970E+01
   .44000000E+00  .55404098E+01
   .48000000E+00  .55372213E+01
   .52000000E+00  .55340314E+01
   .56000000E+00  .55308403E+01
   .60000000E+00  .55276478E+01
   .64000000E+00  .55244540E+01
   .68000000E+00  .55212588E+01
   .72000000E+00  .55180624E+01
   .76000000E+00  .55148646E+01
   .80000000E+00  .55116655E+01
   .84000000E+00  .55084650E+01
   .88000000E+00  .55052632E+01
   .92000000E+00  .55020601E+01
   .96000000E+00  .54988557E+01
   .10000000E+01  .54956499E+01
   .10400000E+01  .54924428E+01
   .10800000E+01  .54892343E+01
   .11200000E+01  .54860245E+01
   .11600000E+01  .54828134E+01
   .12000000E+01  .54796009E+01
   .12400000E+01  .54763871E+01
   .12800000E+01  .54731719E+01
   .13200000E+01  .54699554E+01
   .13600000E+01  .54667375E+01
   .14000000E+01  .54635183E+01
   .14400000E+01  .54602977E+01
   .14800000E+01  .54570758E+01
   .15200000E+01  .54538526E+01
   .15600000E+01  .54506279E+01
   .16000000E+01  .54474019E+01
   .16400000E+01  .54441746E+01
   .16800000E+01  .54409459E+01
   .17200000E+01  .54377158E+01
   .17600000E+01  .54344844E+01
   .18000000E+01  .54312516E+01
   .18400000E+01  .54280175E+01
   .18800000E+01  .54247820E+01
   .19200000E+01  .54215451E+01
   .19600000E+01  .54183068E+01
   .20000000E+01  .54150672E+01
Potential  L  =        3.00000    .00000
  -.20000000E+01  .57360073E+01
  -.19600000E+01  .57329002E+01
  -.19200000E+01  .57297918E+01
  -.18800000E+01  .57266822E+01
  -.18400000E+01  .57235713E+01
  -.18000000E+01  .57204593E+01
  -.17600000E+01  .57173460E+01
  -.17200000E+01  .57142314E+01
  -.16800000E+01  .57111156E+01
  -.16400000E+01  .57079986E+01
  -.16000000E+01  .57048803E+01
  -.15600000E+01  .57017608E+01
  -.15200000E+01  .56986401E+01
  -.14800000E+01  .56955181E+01
  -.14400000E+01  .56923948E+01
  -.14000000E+01  .56892703E+01
  -.13600000E+01  .56861446E+01
  -.13200000E+01  .56830176E+01
  -.12800000E+01  .56798894E+01
  -.12400000E+01  .56767599E+01
  -.12000000E+01  .56736292E+01
  -.11600000E+01  .56704972E+01
  -.11200000E+01  .56673639E+01
  -.10800000E+01  .56642294E+01
  -.10400000E+01  .56610936E+01
  -.10000000E+01  .56579566E+01
  -.96000000E+00  .56548183E+01
  -.92000000E+00  .56516788E+01
  -.88000000E+00  .56485380E+01
  -.84000000E+00  .56453959E+01
  -.80000000E+00  .56422525E+01
  -.76000000E+00  .56391079E+01
  -.72000000E+00  .56359621E+01
  -.68000000E+00  .56328149E+01
  -.64000000E+00  .56296665E+01
  -.60000000E+00  .56265168E+01
  -.56000000E+00  .56233658E+01
  -.52000000E+00  .56202136E+01
  -.48000000E+00  .56170601E+01
  -.44000000E+00  .56139053E+01
  -.40000000E+00  .56107492E+01
  -.36000000E+00  .56075919E+01
  -.32000000E+00  .56044332E+01
  -.28000000E+00  .56012733E+01
  -.24000000E+00  .55981121E+01
  -.20000000E+00  .55949496E+01
  -.16000000E+00  .55917858E+01
  -.12000000E+00  .55886208E+01
  -.80000000E-01  .55854544E+01
  -.40000000E-01  .55822868E+01
   .12351231E-14  .55791178E+01
   .40000000E-01  .55759476E+01
   .80000000E-01  .55727761E+01
   .12000000E+00  .55696033E+01
   .16000000E+00  .55664292E+01
   .20000000E+00  .55632537E+01
   .24000000E+00  .55600770E+01
   .28000000E+00  .55568990E+01
   .32000000E+00  .55537197E+01
   .36000000E+00  .55505391E+01
   .40000000E+00  .55473571E+01
   .44000000E+00  .55441739E+01
   .48000000E+00  .55409893E+01
   .52000000E+00  .55378035E+01
   .56000000E+00  .55346163E+01
   .60000000E+00  .55314278E+01
   .64000000E+00  .55282381E+01
   .68000000E+00  .55250469E+01
   .72000000E+00  .55218545E+01
   .76000000E+00  .55186608E+01
   .80000000E+00  .55154657E+01
   .84000000E+00  .55122693E+01
   .88000000E+00  .55090716E+01
   .92000000E+00  .55058726E+01
   .96000000E+00  .55026723E+01
   .10000000E+01  .54994706E+01
   .10400000E+01  .54962676E+01
   .10800000E+01  .54930632E+01
   .11200000E+01  .54898576E+01
   .11600000E+01  .54866506E+01
   .12000000E+01  .54834422E+01
   .12400000E+01  .54802326E+01
   .12800000E+01  .54770216E+01
   .13200000E+01  .54738092E+01
   .13600000E+01  .54705956E+01
   .14000000E+01  .54673805E+01
   .14400000E+01  .54641642E+01
   .14800000E+01  .54609465E+01
   .15200000E+01  .54577274E+01
   .15600000E+01  .54545071E+01
   .16000000E+01  .54512853E+01
   .16400000E+01  .54480622E+01
   .16800000E+01  .54448378E+01
   .17200000E+01  .54416120E+01
   .17600000E+01  .54383849E+01
   .18000000E+01  .54351564E+01
   .18400000E+01  .54319265E+01
   .18800000E+01  .54286953E+01
   .19200000E+01  .54254627E+01
   .19600000E+01  .54222288E+01
   .20000000E+01  .54189935E+01
Core Pot   L  =        4.00000    .00000
  -.20000000E+01  .71577547E+01
  -.19600000E+01  .71552100E+01
  -.19200000E+01  .71526645E+01
  -.18800000E+01  .71501184E+01
  -.18400000E+01  .71475715E+01
  -.18000000E+01  .71450228E+01
  -.17600000E+01  .71424746E+01
  -.17200000E+01  .71399257E+01
  -.16800000E+01  .71373762E+01
  -.16400000E+01  .71348259E+01
  -.16000000E+01  .71322748E+01
  -.15600000E+01  .71297231E+01
  -.15200000E+01  .71271707E+01
  -.14800000E+01  .71246176E+01
  -.14400000E+01  .71220637E+01
  -.14000000E+01  .71195091E+01
  -.13600000E+01  .71169538E+01
  -.13200000E+01  .71143978E+01
  -.12800000E+01  .71118411E+01
  -.12400000E+01  .71092837E+01
  -.12000000E+01  .71067256E+01
  -.11600000E+01  .71041667E+01
  -.11200000E+01  .71016072E+01
  -.10800000E+01  .70990469E+01
  -.10400000E+01  .70964869E+01
  -.10000000E+01  .70939252E+01
  -.96000000E+00  .70913628E+01
  -.92000000E+00  .70887997E+01
  -.88000000E+00  .70862358E+01
  -.84000000E+00  .70836713E+01
  -.80000000E+00  .70811060E+01
  -.76000000E+00  .70785400E+01
  -.72000000E+00  .70759731E+01
  -.68000000E+00  .70734057E+01
  -.64000000E+00  .70708370E+01
  -.60000000E+00  .70682681E+01
  -.56000000E+00  .70656946E+01
  -.52000000E+00  .70631243E+01
  -.48000000E+00  .70605581E+01
  -.44000000E+00  .70579864E+01
  -.40000000E+00  .70554139E+01
  -.36000000E+00  .70528405E+01
  -.32000000E+00  .70502666E+01
  -.28000000E+00  .70476921E+01
  -.24000000E+00  .70451169E+01
  -.20000000E+00  .70425409E+01
  -.16000000E+00  .70399641E+01
  -.12000000E+00  .70373867E+01
  -.80000000E-01  .70348085E+01
  -.40000000E-01  .70322294E+01
   .12351231E-14  .70296497E+01
   .40000000E-01  .70270693E+01
   .80000000E-01  .70244881E+01
   .12000000E+00  .70219056E+01
   .16000000E+00  .70193230E+01
   .20000000E+00  .70167396E+01
   .24000000E+00  .70141556E+01
   .28000000E+00  .70115708E+01
   .32000000E+00  .70089853E+01
   .36000000E+00  .70063992E+01
   .40000000E+00  .70038122E+01
   .44000000E+00  .70012242E+01
   .48000000E+00  .69986358E+01
   .52000000E+00  .69960466E+01
   .56000000E+00  .69934567E+01
   .60000000E+00  .69908661E+01
   .64000000E+00  .69882747E+01
   .68000000E+00  .69856832E+01
   .72000000E+00  .69830904E+01
   .76000000E+00  .69804968E+01
   .80000000E+00  .69779025E+01
   .84000000E+00  .69753074E+01
   .88000000E+00  .69727116E+01
   .92000000E+00  .69701151E+01
   .96000000E+00  .69675178E+01
   .10000000E+01  .69649197E+01
   .10400000E+01  .69623210E+01
   .10800000E+01  .69597215E+01
   .11200000E+01  .69571212E+01
   .11600000E+01  .69545168E+01
   .12000000E+01  .69519150E+01
   .12400000E+01  .69493126E+01
   .12800000E+01  .69467094E+01
   .13200000E+01  .69441093E+01
   .13600000E+01  .69415046E+01
   .14000000E+01  .69388992E+01
   .14400000E+01  .69362932E+01
   .14800000E+01  .69336862E+01
   .15200000E+01  .69310786E+01
   .15600000E+01  .69284696E+01
   .16000000E+01  .69258604E+01
   .16400000E+01  .69232504E+01
   .16800000E+01  .69206400E+01
   .17200000E+01  .69180289E+01
   .17600000E+01  .69154164E+01
   .18000000E+01  .69128035E+01
   .18400000E+01  .69101898E+01
   .18800000E+01  .69075754E+01
   .19200000E+01  .69049602E+01
   .19600000E+01  .69023445E+01
   .20000000E+01  .68997276E+01
Potential  L  =        4.00000    .00000
  -.20000000E+01  .71596985E+01
  -.19600000E+01  .71571551E+01
  -.19200000E+01  .71546111E+01
  -.18800000E+01  .71520664E+01
  -.18400000E+01  .71495210E+01
  -.18000000E+01  .71469748E+01
  -.17600000E+01  .71444277E+01
  -.17200000E+01  .71418816E+01
  -.16800000E+01  .71393334E+01
  -.16400000E+01  .71367844E+01
  -.16000000E+01  .71342311E+01
  -.15600000E+01  .71316807E+01
  -.15200000E+01  .71291296E+01
  -.14800000E+01  .71265779E+01
  -.14400000E+01  .71240254E+01
  -.14000000E+01  .71214722E+01
  -.13600000E+01  .71189222E+01
  -.13200000E+01  .71163676E+01
  -.12800000E+01  .71138123E+01
  -.12400000E+01  .71112563E+01
  -.12000000E+01  .71086996E+01
  -.11600000E+01  .71061421E+01
  -.11200000E+01  .71035844E+01
  -.10800000E+01  .71010256E+01
  -.10400000E+01  .70984660E+01
  -.10000000E+01  .70959057E+01
  -.96000000E+00  .70933435E+01
  -.92000000E+00  .70907815E+01
  -.88000000E+00  .70882190E+01
  -.84000000E+00  .70856559E+01
  -.80000000E+00  .70830921E+01
  -.76000000E+00  .70805279E+01
  -.72000000E+00  .70779631E+01
  -.68000000E+00  .70753973E+01
  -.64000000E+00  .70728307E+01
  -.60000000E+00  .70702631E+01
  -.56000000E+00  .70676950E+01
  -.52000000E+00  .70651261E+01
  -.48000000E+00  .70625566E+01
  -.44000000E+00  .70599864E+01
  -.40000000E+00  .70574161E+01
  -.36000000E+00  .70548445E+01
  -.32000000E+00  .70522721E+01
  -.28000000E+00  .70496992E+01
  -.24000000E+00  .70471253E+01
  -.20000000E+00  .70445508E+01
  -.16000000E+00  .70419753E+01
  -.12000000E+00  .70393995E+01
  -.80000000E-01  .70368228E+01
  -.40000000E-01  .70342448E+01
   .12351231E-14  .70316630E+01
   .40000000E-01  .70290838E+01
   .80000000E-01  .70265042E+01
   .12000000E+00  .70239285E+01
   .16000000E+00  .70213475E+01
   .20000000E+00  .70187655E+01
   .24000000E+00  .70161831E+01
   .28000000E+00  .70135999E+01
   .32000000E+00  .70110160E+01
   .36000000E+00  .70084315E+01
   .40000000E+00  .70058461E+01
   .44000000E+00  .70032600E+01
   .48000000E+00  .70006732E+01
   .52000000E+00  .69980856E+01
   .56000000E+00  .69954973E+01
   .60000000E+00  .69929082E+01
   .64000000E+00  .69903185E+01
   .68000000E+00  .69877280E+01
   .72000000E+00  .69851367E+01
   .76000000E+00  .69825448E+01
   .80000000E+00  .69799521E+01
   .84000000E+00  .69773586E+01
   .88000000E+00  .69747639E+01
   .92000000E+00  .69721690E+01
   .96000000E+00  .69695733E+01
   .10000000E+01  .69669770E+01
   .10400000E+01  .69643799E+01
   .10800000E+01  .69617820E+01
   .11200000E+01  .69591835E+01
   .11600000E+01  .69565846E+01
   .12000000E+01  .69539846E+01
   .12400000E+01  .69513838E+01
   .12800000E+01  .69487814E+01
   .13200000E+01  .69461792E+01
   .13600000E+01  .69435762E+01
   .14000000E+01  .69409736E+01
   .14400000E+01  .69383691E+01
   .14800000E+01  .69357639E+01
   .15200000E+01  .69331579E+01
   .15600000E+01  .69305506E+01
   .16000000E+01  .69279432E+01
   .16400000E+01  .69253350E+01
   .16800000E+01  .69227260E+01
   .17200000E+01  .69201133E+01
   .17600000E+01  .69175028E+01
   .18000000E+01  .69148917E+01
   .18400000E+01  .69122797E+01
   .18800000E+01  .69096669E+01
   .19200000E+01  .69070568E+01
   .19600000E+01  .69044426E+01
   .20000000E+01  .69018277E+01
KBPotential  L  =       .00000   -.45036
  -.20000000E+01  .13516964E+01
  -.19600000E+01  .13421026E+01
  -.19200000E+01  .13324796E+01
  -.18800000E+01  .13228271E+01
  -.18400000E+01  .13131449E+01
  -.18000000E+01  .13034330E+01
  -.17600000E+01  .12936912E+01
  -.17200000E+01  .12839191E+01
  -.16800000E+01  .12741167E+01
  -.16400000E+01  .12642837E+01
  -.16000000E+01  .12544200E+01
  -.15600000E+01  .12445254E+01
  -.15200000E+01  .12345997E+01
  -.14800000E+01  .12246426E+01
  -.14400000E+01  .12146540E+01
  -.14000000E+01  .12046338E+01
  -.13600000E+01  .11945816E+01
  -.13200000E+01  .11844972E+01
  -.12800000E+01  .11743806E+01
  -.12400000E+01  .11642314E+01
  -.12000000E+01  .11540495E+01
  -.11600000E+01  .11438346E+01
  -.11200000E+01  .11335865E+01
  -.10800000E+01  .11233051E+01
  -.10400000E+01  .11129901E+01
  -.10000000E+01  .11026413E+01
  -.96000000E+00  .10922584E+01
  -.92000000E+00  .10818413E+01
  -.88000000E+00  .10713897E+01
  -.84000000E+00  .10609034E+01
  -.80000000E+00  .10503822E+01
  -.76000000E+00  .10398258E+01
  -.72000000E+00  .10292340E+01
  -.68000000E+00  .10186065E+01
  -.64000000E+00  .10079432E+01
  -.60000000E+00  .99724383E+00
  -.56000000E+00  .98650806E+00
  -.52000000E+00  .97573571E+00
  -.48000000E+00  .96492651E+00
  -.44000000E+00  .95408023E+00
  -.40000000E+00  .94319661E+00
  -.36000000E+00  .93227540E+00
  -.32000000E+00  .92131635E+00
  -.28000000E+00  .91031918E+00
  -.24000000E+00  .89928365E+00
  -.20000000E+00  .88820950E+00
  -.16000000E+00  .87709645E+00
  -.12000000E+00  .86594423E+00
  -.80000000E-01  .85475259E+00
  -.40000000E-01  .84352125E+00
   .12351231E-14  .83224992E+00
   .40000000E-01  .82093834E+00
   .80000000E-01  .80958621E+00
   .12000000E+00  .79819327E+00
   .16000000E+00  .78675922E+00
   .20000000E+00  .77528377E+00
   .24000000E+00  .76376662E+00
   .28000000E+00  .75220750E+00
   .32000000E+00  .74060609E+00
   .36000000E+00  .72896210E+00
   .40000000E+00  .71727522E+00
   .44000000E+00  .70554515E+00
   .48000000E+00  .69377157E+00
   .52000000E+00  .68195418E+00
   .56000000E+00  .67009265E+00
   .60000000E+00  .65818668E+00
   .64000000E+00  .64623593E+00
   .68000000E+00  .63424008E+00
   .72000000E+00  .62219880E+00
   .76000000E+00  .61011176E+00
   .80000000E+00  .59797863E+00
   .84000000E+00  .58579906E+00
   .88000000E+00  .57357272E+00
   .92000000E+00  .56129925E+00
   .96000000E+00  .54897830E+00
   .10000000E+01  .53660954E+00
   .10400000E+01  .52419258E+00
   .10800000E+01  .51172709E+00
   .11200000E+01  .49921269E+00
   .11600000E+01  .48664901E+00
   .12000000E+01  .47403569E+00
   .12400000E+01  .46137235E+00
   .12800000E+01  .44865860E+00
   .13200000E+01  .43589407E+00
   .13600000E+01  .42307836E+00
   .14000000E+01  .41021109E+00
   .14400000E+01  .39729186E+00
   .14800000E+01  .38432027E+00
   .15200000E+01  .37129592E+00
   .15600000E+01  .35821839E+00
   .16000000E+01  .34508727E+00
   .16400000E+01  .33190215E+00
   .16800000E+01  .31866261E+00
   .17200000E+01  .30536821E+00
   .17600000E+01  .29201854E+00
   .18000000E+01  .27861314E+00
   .18400000E+01  .26515158E+00
   .18800000E+01  .25163342E+00
   .19200000E+01  .23805821E+00
   .19600000E+01  .22442548E+00
   .20000000E+01  .21073479E+00
KBPotential  L  =      1.00000   -.60000
  -.20000000E+01  .28384666E+01
  -.19600000E+01  .28328086E+01
  -.19200000E+01  .28271479E+01
  -.18800000E+01  .28214844E+01
  -.18400000E+01  .28158183E+01
  -.18000000E+01  .28101494E+01
  -.17600000E+01  .28044778E+01
  -.17200000E+01  .27988034E+01
  -.16800000E+01  .27931263E+01
  -.16400000E+01  .27874464E+01
  -.16000000E+01  .27817637E+01
  -.15600000E+01  .27760782E+01
  -.15200000E+01  .27703899E+01
  -.14800000E+01  .27646988E+01
  -.14400000E+01  .27590049E+01
  -.14000000E+01  .27533082E+01
  -.13600000E+01  .27476086E+01
  -.13200000E+01  .27419062E+01
  -.12800000E+01  .27362010E+01
  -.12400000E+01  .27304928E+01
  -.12000000E+01  .27247818E+01
  -.11600000E+01  .27190680E+01
  -.11200000E+01  .27133512E+01
  -.10800000E+01  .27076315E+01
  -.10400000E+01  .27019090E+01
  -.10000000E+01  .26961835E+01
  -.96000000E+00  .26904551E+01
  -.92000000E+00  .26847237E+01
  -.88000000E+00  .26789894E+01
  -.84000000E+00  .26732521E+01
  -.80000000E+00  .26675119E+01
  -.76000000E+00  .26617687E+01
  -.72000000E+00  .26560225E+01
  -.68000000E+00  .26502734E+01
  -.64000000E+00  .26445212E+01
  -.60000000E+00  .26387660E+01
  -.56000000E+00  .26330078E+01
  -.52000000E+00  .26272465E+01
  -.48000000E+00  .26214822E+01
  -.44000000E+00  .26157149E+01
  -.40000000E+00  .26099445E+01
  -.36000000E+00  .26041710E+01
  -.32000000E+00  .25983944E+01
  -.28000000E+00  .25926148E+01
  -.24000000E+00  .25868320E+01
  -.20000000E+00  .25810461E+01
  -.16000000E+00  .25752572E+01
  -.12000000E+00  .25694650E+01
  -.80000000E-01  .25636698E+01
  -.40000000E-01  .25578714E+01
   .12351231E-14  .25520698E+01
   .40000000E-01  .25462651E+01
   .80000000E-01  .25404571E+01
   .12000000E+00  .25346460E+01
   .16000000E+00  .25288317E+01
   .20000000E+00  .25230142E+01
   .24000000E+00  .25171934E+01
   .28000000E+00  .25113694E+01
   .32000000E+00  .25055422E+01
   .36000000E+00  .24997117E+01
   .40000000E+00  .24938780E+01
   .44000000E+00  .24880410E+01
   .48000000E+00  .24822007E+01
   .52000000E+00  .24763571E+01
   .56000000E+00  .24705102E+01
   .60000000E+00  .24646600E+01
   .64000000E+00  .24588064E+01
   .68000000E+00  .24529495E+01
   .72000000E+00  .24470893E+01
   .76000000E+00  .24412257E+01
   .80000000E+00  .24353588E+01
   .84000000E+00  .24294884E+01
   .88000000E+00  .24236147E+01
   .92000000E+00  .24177376E+01
   .96000000E+00  .24118571E+01
   .10000000E+01  .24059731E+01
   .10400000E+01  .24000857E+01
   .10800000E+01  .23941949E+01
   .11200000E+01  .23883006E+01
   .11600000E+01  .23824029E+01
   .12000000E+01  .23765016E+01
   .12400000E+01  .23705969E+01
   .12800000E+01  .23646887E+01
   .13200000E+01  .23587770E+01
   .13600000E+01  .23528618E+01
   .14000000E+01  .23469430E+01
   .14400000E+01  .23410207E+01
   .14800000E+01  .23350948E+01
   .15200000E+01  .23291654E+01
   .15600000E+01  .23232324E+01
   .16000000E+01  .23172958E+01
   .16400000E+01  .23113556E+01
   .16800000E+01  .23054118E+01
   .17200000E+01  .22994644E+01
   .17600000E+01  .22935133E+01
   .18000000E+01  .22875586E+01
   .18400000E+01  .22816002E+01
   .18800000E+01  .22756382E+01
   .19200000E+01  .22696725E+01
   .19600000E+01  .22637031E+01
   .20000000E+01  .22577300E+01
KBPotential  L  =      2.00000    .00000
  -.20000000E+01  .43132562E+01
  -.19600000E+01  .43092635E+01
  -.19200000E+01  .43052682E+01
  -.18800000E+01  .43012705E+01
  -.18400000E+01  .42972703E+01
  -.18000000E+01  .42932676E+01
  -.17600000E+01  .42892624E+01
  -.17200000E+01  .42852547E+01
  -.16800000E+01  .42812445E+01
  -.16400000E+01  .42772317E+01
  -.16000000E+01  .42732165E+01
  -.15600000E+01  .42691987E+01
  -.15200000E+01  .42651784E+01
  -.14800000E+01  .42611556E+01
  -.14400000E+01  .42571303E+01
  -.14000000E+01  .42531024E+01
  -.13600000E+01  .42490719E+01
  -.13200000E+01  .42450390E+01
  -.12800000E+01  .42410035E+01
  -.12400000E+01  .42369654E+01
  -.12000000E+01  .42329248E+01
  -.11600000E+01  .42288816E+01
  -.11200000E+01  .42248358E+01
  -.10800000E+01  .42207875E+01
  -.10400000E+01  .42167366E+01
  -.10000000E+01  .42126831E+01
  -.96000000E+00  .42086271E+01
  -.92000000E+00  .42045685E+01
  -.88000000E+00  .42005073E+01
  -.84000000E+00  .41964435E+01
  -.80000000E+00  .41923771E+01
  -.76000000E+00  .41883080E+01
  -.72000000E+00  .41842364E+01
  -.68000000E+00  .41801622E+01
  -.64000000E+00  .41760854E+01
  -.60000000E+00  .41720060E+01
  -.56000000E+00  .41679239E+01
  -.52000000E+00  .41638392E+01
  -.48000000E+00  .41597519E+01
  -.44000000E+00  .41556620E+01
  -.40000000E+00  .41515694E+01
  -.36000000E+00  .41474741E+01
  -.32000000E+00  .41433763E+01
  -.28000000E+00  .41392758E+01
  -.24000000E+00  .41351726E+01
  -.20000000E+00  .41310668E+01
  -.16000000E+00  .41269583E+01
  -.12000000E+00  .41228471E+01
  -.80000000E-01  .41187333E+01
  -.40000000E-01  .41146168E+01
   .12351231E-14  .41104976E+01
   .40000000E-01  .41063757E+01
   .80000000E-01  .41022512E+01
   .12000000E+00  .40981239E+01
   .16000000E+00  .40939940E+01
   .20000000E+00  .40898614E+01
   .24000000E+00  .40857260E+01
   .28000000E+00  .40815880E+01
   .32000000E+00  .40774472E+01
   .36000000E+00  .40733037E+01
   .40000000E+00  .40691575E+01
   .44000000E+00  .40650086E+01
   .48000000E+00  .40608569E+01
   .52000000E+00  .40567026E+01
   .56000000E+00  .40525454E+01
   .60000000E+00  .40483855E+01
   .64000000E+00  .40442229E+01
   .68000000E+00  .40400576E+01
   .72000000E+00  .40358894E+01
   .76000000E+00  .40317185E+01
   .80000000E+00  .40275449E+01
   .84000000E+00  .40233684E+01
   .88000000E+00  .40191892E+01
   .92000000E+00  .40150073E+01
   .96000000E+00  .40108225E+01
   .10000000E+01  .40066349E+01
   .10400000E+01  .40024446E+01
   .10800000E+01  .39982515E+01
   .11200000E+01  .39940555E+01
   .11600000E+01  .39898568E+01
   .12000000E+01  .39856552E+01
   .12400000E+01  .39814508E+01
   .12800000E+01  .39772436E+01
   .13200000E+01  .39730336E+01
   .13600000E+01  .39688208E+01
   .14000000E+01  .39646051E+01
   .14400000E+01  .39603866E+01
   .14800000E+01  .39561652E+01
   .15200000E+01  .39519410E+01
   .15600000E+01  .39477139E+01
   .16000000E+01  .39434840E+01
   .16400000E+01  .39392513E+01
   .16800000E+01  .39350156E+01
   .17200000E+01  .39307771E+01
   .17600000E+01  .39265357E+01
   .18000000E+01  .39222914E+01
   .18400000E+01  .39180443E+01
   .18800000E+01  .39137942E+01
   .19200000E+01  .39095413E+01
   .19600000E+01  .39052855E+01
   .20000000E+01  .39010267E+01
KBPotential  L  =      3.00000    .00000
  -.20000000E+01  .57360073E+01
  -.19600000E+01  .57329002E+01
  -.19200000E+01  .57297918E+01
  -.18800000E+01  .57266822E+01
  -.18400000E+01  .57235713E+01
  -.18000000E+01  .57204593E+01
  -.17600000E+01  .57173460E+01
  -.17200000E+01  .57142314E+01
  -.16800000E+01  .57111156E+01
  -.16400000E+01  .57079986E+01
  -.16000000E+01  .57048803E+01
  -.15600000E+01  .57017608E+01
  -.15200000E+01  .56986401E+01
  -.14800000E+01  .56955181E+01
  -.14400000E+01  .56923948E+01
  -.14000000E+01  .56892703E+01
  -.13600000E+01  .56861446E+01
  -.13200000E+01  .56830176E+01
  -.12800000E+01  .56798894E+01
  -.12400000E+01  .56767599E+01
  -.12000000E+01  .56736292E+01
  -.11600000E+01  .56704972E+01
  -.11200000E+01  .56673639E+01
  -.10800000E+01  .56642294E+01
  -.10400000E+01  .56610936E+01
  -.10000000E+01  .56579566E+01
  -.96000000E+00  .56548183E+01
  -.92000000E+00  .56516788E+01
  -.88000000E+00  .56485380E+01
  -.84000000E+00  .56453959E+01
  -.80000000E+00  .56422525E+01
  -.76000000E+00  .56391079E+01
  -.72000000E+00  .56359621E+01
  -.68000000E+00  .56328149E+01
  -.64000000E+00  .56296665E+01
  -.60000000E+00  .56265168E+01
  -.56000000E+00  .56233658E+01
  -.52000000E+00  .56202136E+01
  -.48000000E+00  .56170601E+01
  -.44000000E+00  .56139053E+01
  -.40000000E+00  .56107492E+01
  -.36000000E+00  .56075919E+01
  -.32000000E+00  .56044332E+01
  -.28000000E+00  .56012733E+01
  -.24000000E+00  .55981121E+01
  -.20000000E+00  .55949496E+01
  -.16000000E+00  .55917858E+01
  -.12000000E+00  .55886208E+01
  -.80000000E-01  .55854544E+01
  -.40000000E-01  .55822868E+01
   .12351231E-14  .55791178E+01
   .40000000E-01  .55759476E+01
   .80000000E-01  .55727761E+01
   .12000000E+00  .55696033E+01
   .16000000E+00  .55664292E+01
   .20000000E+00  .55632537E+01
   .24000000E+00  .55600770E+01
   .28000000E+00  .55568990E+01
   .32000000E+00  .55537197E+01
   .36000000E+00  .55505391E+01
   .40000000E+00  .55473571E+01
   .44000000E+00  .55441739E+01
   .48000000E+00  .55409893E+01
   .52000000E+00  .55378035E+01
   .56000000E+00  .55346163E+01
   .60000000E+00  .55314278E+01
   .64000000E+00  .55282381E+01
   .68000000E+00  .55250469E+01
   .72000000E+00  .55218545E+01
   .76000000E+00  .55186608E+01
   .80000000E+00  .55154657E+01
   .84000000E+00  .55122693E+01
   .88000000E+00  .55090716E+01
   .92000000E+00  .55058726E+01
   .96000000E+00  .55026723E+01
   .10000000E+01  .54994706E+01
   .10400000E+01  .54962676E+01
   .10800000E+01  .54930632E+01
   .11200000E+01  .54898576E+01
   .11600000E+01  .54866506E+01
   .12000000E+01  .54834422E+01
   .12400000E+01  .54802326E+01
   .12800000E+01  .54770216E+01
   .13200000E+01  .54738092E+01
   .13600000E+01  .54705956E+01
   .14000000E+01  .54673805E+01
   .14400000E+01  .54641642E+01
   .14800000E+01  .54609465E+01
   .15200000E+01  .54577274E+01
   .15600000E+01  .54545071E+01
   .16000000E+01  .54512853E+01
   .16400000E+01  .54480622E+01
   .16800000E+01  .54448378E+01
   .17200000E+01  .54416120E+01
   .17600000E+01  .54383849E+01
   .18000000E+01  .54351564E+01
   .18400000E+01  .54319265E+01
   .18800000E+01  .54286953E+01
   .19200000E+01  .54254627E+01
   .19600000E+01  .54222288E+01
   .20000000E+01  .54189935E+01
KBPotential  L  =      4.00000    .00000
  -.20000000E+01  .71596985E+01
  -.19600000E+01  .71571551E+01
  -.19200000E+01  .71546111E+01
  -.18800000E+01  .71520664E+01
  -.18400000E+01  .71495210E+01
  -.18000000E+01  .71469748E+01
  -.17600000E+01  .71444277E+01
  -.17200000E+01  .71418816E+01
  -.16800000E+01  .71393334E+01
  -.16400000E+01  .71367844E+01
  -.16000000E+01  .71342311E+01
  -.15600000E+01  .71316807E+01
  -.15200000E+01  .71291296E+01
  -.14800000E+01  .71265779E+01
  -.14400000E+01  .71240254E+01
  -.14000000E+01  .71214722E+01
  -.13600000E+01  .71189222E+01
  -.13200000E+01  .71163676E+01
  -.12800000E+01  .71138123E+01
  -.12400000E+01  .71112563E+01
  -.12000000E+01  .71086996E+01
  -.11600000E+01  .71061421E+01
  -.11200000E+01  .71035844E+01
  -.10800000E+01  .71010256E+01
  -.10400000E+01  .70984660E+01
  -.10000000E+01  .70959057E+01
  -.96000000E+00  .70933435E+01
  -.92000000E+00  .70907815E+01
  -.88000000E+00  .70882190E+01
  -.84000000E+00  .70856559E+01
  -.80000000E+00  .70830921E+01
  -.76000000E+00  .70805279E+01
  -.72000000E+00  .70779631E+01
  -.68000000E+00  .70753973E+01
  -.64000000E+00  .70728307E+01
  -.60000000E+00  .70702631E+01
  -.56000000E+00  .70676950E+01
  -.52000000E+00  .70651261E+01
  -.48000000E+00  .70625566E+01
  -.44000000E+00  .70599864E+01
  -.40000000E+00  .70574161E+01
  -.36000000E+00  .70548445E+01
  -.32000000E+00  .70522721E+01
  -.28000000E+00  .70496992E+01
  -.24000000E+00  .70471253E+01
  -.20000000E+00  .70445508E+01
  -.16000000E+00  .70419753E+01
  -.12000000E+00  .70393995E+01
  -.80000000E-01  .70368228E+01
  -.40000000E-01  .70342448E+01
   .12351231E-14  .70316630E+01
   .40000000E-01  .70290838E+01
   .80000000E-01  .70265042E+01
   .12000000E+00  .70239285E+01
   .16000000E+00  .70213475E+01
   .20000000E+00  .70187655E+01
   .24000000E+00  .70161831E+01
   .28000000E+00  .70135999E+01
   .32000000E+00  .70110160E+01
   .36000000E+00  .70084315E+01
   .40000000E+00  .70058461E+01
   .44000000E+00  .70032600E+01
   .48000000E+00  .70006732E+01
   .52000000E+00  .69980856E+01
   .56000000E+00  .69954973E+01
   .60000000E+00  .69929082E+01
   .64000000E+00  .69903185E+01
   .68000000E+00  .69877280E+01
   .72000000E+00  .69851367E+01
   .76000000E+00  .69825448E+01
   .80000000E+00  .69799521E+01
   .84000000E+00  .69773586E+01
   .88000000E+00  .69747639E+01
   .92000000E+00  .69721690E+01
   .96000000E+00  .69695733E+01
   .10000000E+01  .69669770E+01
   .10400000E+01  .69643799E+01
   .10800000E+01  .69617820E+01
   .11200000E+01  .69591835E+01
   .11600000E+01  .69565846E+01
   .12000000E+01  .69539846E+01
   .12400000E+01  .69513838E+01
   .12800000E+01  .69487814E+01
   .13200000E+01  .69461792E+01
   .13600000E+01  .69435762E+01
   .14000000E+01  .69409736E+01
   .14400000E+01  .69383691E+01
   .14800000E+01  .69357639E+01
   .15200000E+01  .69331579E+01
   .15600000E+01  .69305506E+01
   .16000000E+01  .69279432E+01
   .16400000E+01  .69253350E+01
   .16800000E+01  .69227260E+01
   .17200000E+01  .69201133E+01
   .17600000E+01  .69175028E+01
   .18000000E+01  .69148917E+01
   .18400000E+01  .69122797E+01
   .18800000E+01  .69096669E+01
   .19200000E+01  .69070568E+01
   .19600000E+01  .69044426E+01
   .20000000E+01  .69018277E+01
