H: Z=1/2 to saturate dangling bonds     
  .163196508E-09  .165726589E-09  .168295893E-09  .170905030E-09  .173554616E-09
  .176245280E-09  .178977658E-09  .181752396E-09  .184570151E-09  .187431590E-09
  .190337391E-09  .193288241E-09  .196284838E-09  .199327892E-09  .202418123E-09
  .205556263E-09  .208743053E-09  .211979249E-09  .215265616E-09  .218602932E-09
  .221991987E-09  .225433583E-09  .228928534E-09  .232477668E-09  .236081825E-09
  .239741857E-09  .243458632E-09  .247233028E-09  .251065939E-09  .254958272E-09
  .258910948E-09  .262924903E-09  .267001087E-09  .271140465E-09  .275344016E-09
  .279612735E-09  .283947632E-09  .288349733E-09  .292820081E-09  .297359733E-09
  .301969764E-09  .306651264E-09  .311405342E-09  .316233123E-09  .321135749E-09
  .326114382E-09  .331170198E-09  .336304395E-09  .341518188E-09  .346812810E-09
  .352189516E-09  .357649577E-09  .363194285E-09  .368824954E-09  .374542915E-09
  .380349522E-09  .386246148E-09  .392234191E-09  .398315066E-09  .404490214E-09
  .410761095E-09  .417129193E-09  .423596017E-09  .430163095E-09  .436831984E-09
  .443604260E-09  .450481527E-09  .457465412E-09  .464557568E-09  .471759674E-09
  .479073435E-09  .486500580E-09  .494042869E-09  .501702085E-09  .509480043E-09
  .517378582E-09  .525399571E-09  .533544910E-09  .541816526E-09  .550216376E-09
  .558746449E-09  .567408764E-09  .576205370E-09  .585138349E-09  .594209816E-09
  .603421917E-09  .612776833E-09  .622276777E-09  .631923999E-09  .641720781E-09
  .651669441E-09  .661772335E-09  .672031853E-09  .682450424E-09  .693030512E-09
  .703774623E-09  .714685299E-09  .725765121E-09  .737016713E-09  .748442738E-09
  .760045898E-09  .771828941E-09  .783794655E-09  .795945872E-09  .808285467E-09
  .820816362E-09  .833541521E-09  .846463956E-09  .859586726E-09  .872912936E-09
  .886445741E-09  .900188342E-09  .914143992E-09  .928315994E-09  .942707702E-09
  .957322523E-09  .972163913E-09  .987235388E-09  .100254051E-08  .101808291E-08
  .103386625E-08  .104989429E-08  .106617080E-08  .108269964E-08  .109948473E-08
  .111653003E-08  .113383958E-08  .115141747E-08  .116926787E-08  .118739501E-08
  .120580316E-08  .122449669E-08  .124348001E-08  .126275764E-08  .128233411E-08
  .130221408E-08  .132240224E-08  .134290337E-08  .136372232E-08  .138486402E-08
  .140633348E-08  .142813577E-08  .145027605E-08  .147275956E-08  .149559163E-08
  .151877766E-08  .154232313E-08  .156623362E-08  .159051479E-08  .161517238E-08
  .164021222E-08  .166564025E-08  .169146247E-08  .171768501E-08  .174431407E-08
  .177135594E-08  .179881704E-08  .182670385E-08  .185502298E-08  .188378112E-08
  .191298510E-08  .194264180E-08  .197275826E-08  .200334161E-08  .203439907E-08
  .206593800E-08  .209796587E-08  .213049024E-08  .216351883E-08  .219705943E-08
  .223112001E-08  .226570860E-08  .230083341E-08  .233650273E-08  .237272502E-08
  .240950884E-08  .244686289E-08  .248479603E-08  .252331722E-08  .256243559E-08
  .260216038E-08  .264250100E-08  .268346700E-08  .272506806E-08  .276731405E-08
  .281021494E-08  .285378090E-08  .289802223E-08  .294294941E-08  .298857307E-08
  .303490399E-08  .308195315E-08  .312973169E-08  .317825089E-08  .322752226E-08
  .327755745E-08  .332836829E-08  .337996682E-08  .343236524E-08  .348557595E-08
  .353961154E-08  .359448481E-08  .365020874E-08  .370679650E-08  .376426151E-08
  .382261734E-08  .388187782E-08  .394205696E-08  .400316901E-08  .406522842E-08
  .412824989E-08  .419224832E-08  .425723887E-08  .432323690E-08  .439025804E-08
  .445831815E-08  .452743333E-08  .459761994E-08  .466889458E-08  .474127413E-08
  .481477570E-08  .488941670E-08  .496521478E-08  .504218788E-08  .512035422E-08
  .519973229E-08  .528034088E-08  .536219905E-08  .544532618E-08  .552974195E-08
  .561546632E-08  .570251958E-08  .579092233E-08  .588069548E-08  .597186029E-08
  .606443832E-08  .615845148E-08  .625392201E-08  .635087252E-08  .644932592E-08
  .654930553E-08  .665083501E-08  .675393836E-08  .685864000E-08  .696496470E-08
  .707293761E-08  .718258429E-08  .729393067E-08  .740700311E-08  .752182836E-08
  .763843359E-08  .775684640E-08  .787709479E-08  .799920723E-08  .812321260E-08
  .824914026E-08  .837701999E-08  .850688205E-08  .863875718E-08  .877267657E-08
  .890867191E-08  .904677539E-08  .918701967E-08  .932943794E-08  .947406390E-08
  .962093177E-08  .977007630E-08  .992153278E-08  .100753370E-07  .102315255E-07
  .103901351E-07  .105512033E-07  .107147683E-07  .108808688E-07  .110495440E-07
  .112208339E-07  .113947790E-07  .115714205E-07  .117508002E-07  .119329604E-07
  .121179444E-07  .123057958E-07  .124965591E-07  .126902795E-07  .128870028E-07
  .130867755E-07  .132896448E-07  .134956589E-07  .137048664E-07  .139173168E-07
  .141330605E-07  .143521483E-07  .145746322E-07  .148005649E-07  .150299997E-07
  .152629909E-07  .154995938E-07  .157398641E-07  .159838589E-07  .162316358E-07
  .164832534E-07  .167387713E-07  .169982499E-07  .172617507E-07  .175293359E-07
  .178010688E-07  .180770138E-07  .183572361E-07  .186418020E-07  .189307789E-07
  .192242351E-07  .195222401E-07  .198248643E-07  .201321793E-07  .204442578E-07
  .207611737E-07  .210830020E-07  .214098187E-07  .217417013E-07  .220787281E-07
  .224209790E-07  .227685349E-07  .231214780E-07  .234798918E-07  .238438611E-07
  .242134721E-07  .245888121E-07  .249699700E-07  .253570358E-07  .257501013E-07
  .261492592E-07  .265546042E-07  .269662321E-07  .273842402E-07  .278087274E-07
  .282397942E-07  .286775425E-07  .291220759E-07  .295734995E-07  .300319201E-07
  .304974461E-07  .309701877E-07  .314502568E-07  .319377667E-07  .324328330E-07
  .329355726E-07  .334461046E-07  .339645496E-07  .344910303E-07  .350256713E-07
  .355685989E-07  .361199417E-07  .366798300E-07  .372483963E-07  .378257750E-07
  .384121028E-07  .390075183E-07  .396121624E-07  .402261780E-07  .408497104E-07
  .414829071E-07  .421259179E-07  .427788948E-07  .434419922E-07  .441153672E-07
  .447991788E-07  .454935888E-07  .461987616E-07  .469148637E-07  .476420648E-07
  .483805366E-07  .491304539E-07  .498919941E-07  .506653373E-07  .514506663E-07
  .522481669E-07  .530580278E-07  .538804404E-07  .547155993E-07  .555637019E-07
  .564249490E-07  .572995440E-07  .581876940E-07  .590896089E-07  .600055021E-07
  .609355901E-07  .618800929E-07  .628392338E-07  .638132398E-07  .648023411E-07
  .658067716E-07  .668267690E-07  .678625743E-07  .689144326E-07  .699825926E-07
  .710673069E-07  .721688320E-07  .732874283E-07  .744233605E-07  .755768971E-07
  .767483110E-07  .779378790E-07  .791458825E-07  .803726073E-07  .816183432E-07
  .828833850E-07  .841680317E-07  .854725871E-07  .867973597E-07  .881426627E-07
  .895088143E-07  .908961374E-07  .923049602E-07  .937356156E-07  .951884421E-07
  .966637830E-07  .981619874E-07  .996834092E-07  .101228408E-06  .102797350E-06
  .104390606E-06  .106008551E-06  .107651570E-06  .109320049E-06  .111014385E-06
  .112734976E-06  .114482231E-06  .116256562E-06  .118058389E-06  .119888137E-06
  .121746240E-06  .123633136E-06  .125549272E-06  .127495100E-06  .129471081E-06
  .131477682E-06  .133515376E-06  .135584647E-06  .137685983E-06  .139819880E-06
  .141986844E-06  .144187386E-06  .146422026E-06  .148691294E-06  .150995724E-06
  .153335863E-06  .155712263E-06  .158125486E-06  .160576102E-06  .163064691E-06
  .165591841E-06  .168158149E-06  .170764221E-06  .173410674E-06  .176098134E-06
  .178827235E-06  .181598622E-06  .184412951E-06  .187270887E-06  .190173105E-06
  .193120291E-06  .196113142E-06  .199152364E-06  .202238677E-06  .205372809E-06
  .208555502E-06  .211787507E-06  .215069589E-06  .218402522E-06  .221787095E-06
  .225224108E-06  .228714372E-06  .232258713E-06  .235857967E-06  .239512987E-06
  .243224634E-06  .246993787E-06  .250821335E-06  .254708184E-06  .258655252E-06
  .262663471E-06  .266733789E-06  .270867167E-06  .275064582E-06  .279327025E-06
  .283655504E-06  .288051042E-06  .292514677E-06  .297047463E-06  .301650472E-06
  .306324790E-06  .311071523E-06  .315891792E-06  .320786735E-06  .325757509E-06
  .330805288E-06  .335931264E-06  .341136650E-06  .346422673E-06  .351790584E-06
  .357241649E-06  .362777157E-06  .368398415E-06  .374106751E-06  .379903513E-06
  .385790071E-06  .391767815E-06  .397838156E-06  .404002530E-06  .410262390E-06
  .416619217E-06  .423074512E-06  .429629798E-06  .436286624E-06  .443046563E-06
  .449911211E-06  .456882189E-06  .463961143E-06  .471149744E-06  .478449692E-06
  .485862709E-06  .493390545E-06  .501034979E-06  .508797816E-06  .516680888E-06
  .524686057E-06  .532815214E-06  .541070277E-06  .549453195E-06  .557965949E-06
  .566610547E-06  .575389031E-06  .584303474E-06  .593355979E-06  .602548684E-06
  .611883760E-06  .621363410E-06  .630989871E-06  .640765417E-06  .650692354E-06
  .660773027E-06  .671009815E-06  .681405134E-06  .691961438E-06  .702681218E-06
  .713567004E-06  .724621367E-06  .735846915E-06  .747246297E-06  .758822204E-06
  .770577368E-06  .782514562E-06  .794636605E-06  .806946356E-06  .819446721E-06
  .832140650E-06  .845031137E-06  .858121225E-06  .871414002E-06  .884912604E-06
  .898620218E-06  .912540076E-06  .926675464E-06  .941029715E-06  .955606218E-06
  .970408410E-06  .985439784E-06  .100070389E-05  .101620432E-05  .103194473E-05
  .104792884E-05  .106416043E-05  .108064330E-05  .109738137E-05  .111437856E-05
  .113163890E-05  .114916645E-05  .116696535E-05  .118503979E-05  .120339404E-05
  .122203243E-05  .124095934E-05  .126017925E-05  .127969668E-05  .129951624E-05
  .131964261E-05  .134008052E-05  .136083479E-05  .138191033E-05  .140331209E-05
  .142504513E-05  .144711456E-05  .146952560E-05  .149228351E-05  .151539368E-05
  .153886154E-05  .156269262E-05  .158689255E-05  .161146703E-05  .163642185E-05
  .166176289E-05  .168749612E-05  .171362761E-05  .174016352E-05  .176711010E-05
  .179447369E-05  .182226075E-05  .185047783E-05  .187913157E-05  .190822873E-05
  .193777615E-05  .196778081E-05  .199824976E-05  .202919019E-05  .206060939E-05
  .209251475E-05  .212491380E-05  .215781416E-05  .219122358E-05  .222514994E-05
  .225960121E-05  .229458553E-05  .233011111E-05  .236618634E-05  .240281970E-05
  .244001982E-05  .247779546E-05  .251615552E-05  .255510902E-05  .259466514E-05
  .263483319E-05  .267562263E-05  .271704305E-05  .275910421E-05  .280181601E-05
  .284518850E-05  .288923188E-05  .293395654E-05  .297937298E-05  .302549191E-05
  .307232416E-05  .311988077E-05  .316817292E-05  .321721197E-05  .326700946E-05
  .331757712E-05  .336892682E-05  .342107067E-05  .347402091E-05  .352779001E-05
  .358239061E-05  .363783555E-05  .369413788E-05  .375131083E-05  .380936786E-05
  .386832261E-05  .392818894E-05  .398898094E-05  .405071289E-05  .411339932E-05
  .417705495E-05  .424169475E-05  .430733391E-05  .437398787E-05  .444167229E-05
  .451040308E-05  .458019640E-05  .465106864E-05  .472303645E-05  .479611676E-05
  .487032672E-05  .494568379E-05  .502220565E-05  .509991029E-05  .517881597E-05
  .525894121E-05  .534030484E-05  .542292597E-05  .550682400E-05  .559201863E-05
  .567852987E-05  .576637804E-05  .585558376E-05  .594616798E-05  .603815195E-05
  .613155729E-05  .622640590E-05  .632272007E-05  .642052238E-05  .651983580E-05
  .662068363E-05  .672308954E-05  .682707755E-05  .693267208E-05  .703989788E-05
  .714878012E-05  .725934434E-05  .737161647E-05  .748562284E-05  .760139021E-05
  .771894571E-05  .783831691E-05  .795953180E-05  .808261881E-05  .820760679E-05
  .833452505E-05  .846340333E-05  .859427185E-05  .872716128E-05  .886210276E-05
  .899912791E-05  .913826885E-05  .927955818E-05  .942302900E-05  .956871492E-05
  .971665006E-05  .986686909E-05  .100194072E-04  .101743001E-04  .103315840E-04
  .104912958E-04  .106534730E-04  .108181533E-04  .109853755E-04  .111551786E-04
  .113276025E-04  .115026873E-04  .116804742E-04  .118610048E-04  .120443211E-04
  .122304663E-04  .124194837E-04  .126114176E-04  .128063130E-04  .130042153E-04
  .132051709E-04  .134092267E-04  .136164305E-04  .138268307E-04  .140404765E-04
  .142574178E-04  .144777054E-04  .147013906E-04  .149285259E-04  .151591641E-04
  .153933593E-04  .156311661E-04  .158726401E-04  .161178377E-04  .163668161E-04
  .166196335E-04  .168763489E-04  .171370222E-04  .174017143E-04  .176704870E-04
  .179434029E-04  .182205258E-04  .185019204E-04  .187876522E-04  .190777880E-04
  .193723954E-04  .196715430E-04  .199753008E-04  .202837395E-04  .205969310E-04
  .209149483E-04  .212378655E-04  .215657580E-04  .218987020E-04  .222367753E-04
  .225800565E-04  .229286256E-04  .232825638E-04  .236419536E-04  .240068786E-04
  .243774237E-04  .247536753E-04  .251357209E-04  .255236495E-04  .259175512E-04
  .263175179E-04  .267236424E-04  .271360194E-04  .275547446E-04  .279799155E-04
  .284116309E-04  .288499912E-04  .292950983E-04  .297470556E-04  .302059683E-04
  .306719428E-04  .311450875E-04  .316255123E-04  .321133287E-04  .326086500E-04
  .331115913E-04  .336222692E-04  .341408024E-04  .346673112E-04  .352019177E-04
  .357447459E-04  .362959219E-04  .368555734E-04  .374238302E-04  .380008240E-04
  .385866887E-04  .391815601E-04  .397855759E-04  .403988761E-04  .410216029E-04
  .416539005E-04  .422959152E-04  .429477958E-04  .436096933E-04  .442817607E-04
  .449641536E-04  .456570300E-04  .463605502E-04  .470748768E-04  .478001751E-04
  .485366128E-04  .492843601E-04  .500435899E-04  .508144776E-04  .515972014E-04
  .523919421E-04  .531988832E-04  .540182111E-04  .548501149E-04  .556947868E-04
  .565524215E-04  .574232171E-04  .583073744E-04  .592050973E-04  .601165930E-04
  .610420714E-04  .619817460E-04  .629358333E-04  .639045532E-04  .648881288E-04
  .658867867E-04  .669007568E-04  .679302725E-04  .689755709E-04  .700368924E-04
  .711144813E-04  .722085854E-04  .733194563E-04  .744473495E-04  .755925241E-04
  .767552434E-04  .779357744E-04  .791343885E-04  .803513608E-04  .815869707E-04
  .828415019E-04  .841152422E-04  .854084840E-04  .867215237E-04  .880546627E-04
  .894082063E-04  .907824650E-04  .921777535E-04  .935943916E-04  .950327037E-04
  .964930192E-04  .979756722E-04  .994810021E-04  .101009353E-03  .102561075E-03
  .104136523E-03  .105736057E-03  .107360042E-03  .109008849E-03  .110682856E-03
  .112382444E-03  .114108001E-03  .115859921E-03  .117638604E-03  .119444456E-03
  .121277887E-03  .123139318E-03  .125029170E-03  .126947876E-03  .128895871E-03
  .130873600E-03  .132881513E-03  .134920066E-03  .136989723E-03  .139090955E-03
  .141224240E-03  .143390062E-03  .145588914E-03  .147821294E-03  .150087710E-03
  .152388676E-03  .154724714E-03  .157096354E-03  .159504133E-03  .161948598E-03
  .164430302E-03  .166949807E-03  .169507684E-03  .172104512E-03  .174740878E-03
  .177417379E-03  .180134619E-03  .182893213E-03  .185693785E-03  .188536966E-03
  .191423399E-03  .194353735E-03  .197328634E-03  .200348769E-03  .203414820E-03
  .206527477E-03  .209687443E-03  .212895427E-03  .216152153E-03  .219458353E-03
  .222814771E-03  .226222160E-03  .229681288E-03  .233192930E-03  .236757876E-03
  .240376925E-03  .244050890E-03  .247780593E-03  .251566872E-03  .255410574E-03
  .259312560E-03  .263273704E-03  .267294891E-03  .271377023E-03  .275521009E-03
  .279727778E-03  .283998269E-03  .288333434E-03  .292734241E-03  .297201671E-03
  .301736722E-03  .306340402E-03  .311013738E-03  .315757769E-03  .320573552E-03
  .325462157E-03  .330424671E-03  .335462196E-03  .340575851E-03  .345766771E-03
  .351036107E-03  .356385028E-03  .361814719E-03  .367326382E-03  .372921238E-03
  .378600524E-03  .384365496E-03  .390217429E-03  .396157614E-03  .402187364E-03
  .408308008E-03  .414520896E-03  .420827398E-03  .427228902E-03  .433726818E-03
  .440322575E-03  .447017624E-03  .453813435E-03  .460711501E-03  .467713337E-03
  .474820478E-03  .482034481E-03  .489356928E-03  .496789421E-03  .504333588E-03
  .511991076E-03  .519763561E-03  .527652739E-03  .535660332E-03  .543788086E-03
  .552037774E-03  .560411191E-03  .568910161E-03  .577536532E-03  .586292179E-03
  .595179005E-03  .604198938E-03  .613353935E-03  .622645980E-03  .632077087E-03
  .641649296E-03  .651364678E-03  .661225333E-03  .671233390E-03  .681391010E-03
  .691700384E-03  .702163732E-03  .712783308E-03  .723561397E-03  .734500317E-03
  .745602416E-03  .756870079E-03  .768305723E-03  .779911797E-03  .791690789E-03
  .803645217E-03  .815777638E-03  .828090644E-03  .840586863E-03  .853268959E-03
  .866139635E-03  .879201631E-03  .892457726E-03  .905910737E-03  .919563520E-03
  .933418972E-03  .947480029E-03  .961749670E-03  .976230914E-03  .990926821E-03
  .100584049E-02  .102097508E-02  .103633377E-02  .105191981E-02  .106773645E-02
  .108378704E-02  .110007494E-02  .111660357E-02  .113337640E-02  .115039692E-02
  .116766871E-02  .118519538E-02  .120298057E-02  .122102800E-02  .123934143E-02
  .125792466E-02  .127678156E-02  .129591605E-02  .131533209E-02  .133503371E-02
  .135502498E-02  .137531003E-02  .139589305E-02  .141677829E-02  .143797004E-02
  .145947268E-02  .148129062E-02  .150342833E-02  .152589035E-02  .154868130E-02
  .157180582E-02  .159526864E-02  .161907455E-02  .164322840E-02  .166773511E-02
  .169259965E-02  .171782708E-02  .174342251E-02  .176939113E-02  .179573818E-02
  .182246898E-02  .184958893E-02  .187710349E-02  .190501820E-02  .193333865E-02
  .196207054E-02  .199121961E-02  .202079170E-02  .205079271E-02  .208122864E-02
  .211210553E-02  .214342953E-02  .217520687E-02  .220744383E-02  .224014681E-02
  .227332227E-02  .230697676E-02  .234111691E-02  .237574944E-02  .241088115E-02
  .244651894E-02  .248266978E-02  .251934074E-02  .255653898E-02  .259427174E-02
  .263254638E-02  .267137033E-02  .271075110E-02  .275069633E-02  .279121374E-02
  .283231113E-02  .287399643E-02  .291627764E-02  .295916288E-02  .300266036E-02
  .304677840E-02  .309152541E-02  .313690993E-02  .318294056E-02  .322962606E-02
  .327697526E-02  .332499711E-02  .337370066E-02  .342309510E-02  .347318969E-02
  .352399384E-02  .357551705E-02  .362776894E-02  .368075924E-02  .373449782E-02
  .378899465E-02  .384425982E-02  .390030353E-02  .395713612E-02  .401476806E-02
  .407320991E-02  .413247238E-02  .419256630E-02  .425350262E-02  .431529244E-02
  .437794695E-02  .444147751E-02  .450589559E-02  .457121280E-02  .463744086E-02
  .470459167E-02  .477267722E-02  .484170967E-02  .491170130E-02  .498266452E-02
  .505461191E-02  .512755616E-02  .520151012E-02  .527648679E-02  .535249928E-02
  .542956088E-02  .550768502E-02  .558688525E-02  .566717531E-02  .574856906E-02
  .583108052E-02  .591472385E-02  .599951339E-02  .608546360E-02  .617258911E-02
  .626090472E-02  .635042535E-02  .644116610E-02  .653314224E-02  .662636917E-02
  .672086246E-02  .681663786E-02  .691371125E-02  .701209870E-02  .711181641E-02
  .721288079E-02  .731530837E-02  .741911586E-02  .752432015E-02  .763093829E-02
  .773898748E-02  .784848511E-02  .795944873E-02  .807189605E-02  .818584496E-02
  .830131353E-02  .841831998E-02  .853688271E-02  .865702030E-02  .877875149E-02
  .890209519E-02  .902707050E-02  .915369668E-02  .928199316E-02  .941197955E-02
  .954367564E-02  .967710138E-02  .981227691E-02  .994922252E-02  .100879587E-01
  .102285061E-01  .103708856E-01  .105151180E-01  .106612248E-01  .108092270E-01
  .109591464E-01  .111110046E-01  .112648233E-01  .114206248E-01  .115784312E-01
  .117382648E-01  .119001482E-01  .120641042E-01  .122301555E-01  .123983254E-01
  .125686369E-01  .127411135E-01  .129157786E-01  .130926562E-01  .132717699E-01
  .134531438E-01  .136368022E-01  .138227693E-01  .140110698E-01  .142017281E-01
  .143947693E-01  .145902181E-01  .147880998E-01  .149884395E-01  .151912627E-01
  .153965950E-01  .156044620E-01  .158148895E-01  .160279036E-01  .162435302E-01
  .164617956E-01  .166827262E-01  .169063483E-01  .171326887E-01  .173617740E-01
  .175936309E-01  .178282866E-01  .180657679E-01  .183061020E-01  .185493161E-01
  .187954376E-01  .190444939E-01  .192965125E-01  .195515209E-01  .198095468E-01
  .200706179E-01  .203347621E-01  .206020072E-01  .208723811E-01  .211459117E-01
  .214226270E-01  .217025552E-01  .219857242E-01  .222721622E-01  .225618973E-01
  .228549576E-01  .231513713E-01  .234511664E-01  .237543712E-01  .240610137E-01
  .243711220E-01  .246847243E-01  .250018484E-01  .253225225E-01  .256467743E-01
  .259746318E-01  .263061228E-01  .266412749E-01  .269801158E-01  .273226730E-01
  .276689738E-01  .280190456E-01  .283729156E-01  .287306106E-01  .290921577E-01
  .294575834E-01  .298269144E-01  .302001769E-01  .305773970E-01  .309586009E-01
  .313438140E-01  .317330620E-01  .321263701E-01  .325237632E-01  .329252660E-01
  .333309030E-01  .337406983E-01  .341546757E-01  .345728587E-01  .349952703E-01
  .354219335E-01  .358528706E-01  .362881036E-01  .367276541E-01  .371715434E-01
  .376197922E-01  .380724208E-01  .385294490E-01  .389908963E-01  .394567814E-01
  .399271227E-01  .404019380E-01  .408812445E-01  .413650588E-01  .418533970E-01
  .423462746E-01  .428437063E-01  .433457064E-01  .438522882E-01  .443634646E-01
  .448792476E-01  .453996486E-01  .459246780E-01  .464543458E-01  .469886609E-01
  .475276313E-01  .480712646E-01  .486195670E-01  .491725442E-01  .497302007E-01
  .502925403E-01  .508595657E-01  .514312786E-01  .520076797E-01  .525887687E-01
  .531745443E-01  .537650040E-01  .543601441E-01  .549599600E-01  .555644458E-01
  .561735944E-01  .567873975E-01  .574058455E-01  .580289277E-01  .586566319E-01
  .592889447E-01  .599258512E-01  .605673354E-01  .612133796E-01  .618639647E-01
  .625190703E-01  .631786744E-01  .638427535E-01  .645112825E-01  .651842348E-01
  .658615820E-01  .665432944E-01  .672293403E-01  .679196866E-01  .686142981E-01
  .693131382E-01  .700161684E-01  .707233483E-01  .714346357E-01  .721499866E-01
  .728693550E-01  .735926931E-01  .743199510E-01  .750510770E-01  .757860170E-01
  .765247154E-01  .772671140E-01  .780131530E-01  .787627699E-01  .795159007E-01
  .802724786E-01  .810324350E-01  .817956988E-01  .825621969E-01  .833318537E-01
  .841045914E-01  .848803297E-01  .856589862E-01  .864404757E-01  .872247111E-01
  .880116024E-01  .888010574E-01  .895929813E-01  .903872769E-01  .911838444E-01
  .919825814E-01  .927833829E-01  .935861416E-01  .943907472E-01  .951970870E-01
  .960050457E-01  .968145052E-01  .976253448E-01  .984374412E-01  .992506680E-01
  .100064897E+00  .100879996E+00  .101695830E+00  .102512264E+00  .103329157E+00
  .104146367E+00  .104963748E+00  .105781152E+00  .106598429E+00  .107415424E+00
  .108231982E+00  .109047944E+00  .109863146E+00  .110677426E+00  .111490615E+00
  .112302543E+00  .113113037E+00  .113921922E+00  .114729019E+00  .115534147E+00
  .116337122E+00  .117137758E+00  .117935867E+00  .118731255E+00  .119523729E+00
  .120313092E+00  .121099144E+00  .121881684E+00  .122660506E+00  .123435405E+00
  .124206171E+00  .124972591E+00  .125734453E+00  .126491539E+00  .127243632E+00
  .127990509E+00  .128731949E+00  .129467726E+00  .130197613E+00  .130921381E+00
  .131638799E+00  .132349634E+00  .133053652E+00  .133750615E+00  .134440287E+00
  .135122427E+00  .135796794E+00  .136463145E+00  .137121237E+00  .137770825E+00
  .138411661E+00  .139043499E+00  .139666091E+00  .140279185E+00  .140882534E+00
  .141475885E+00  .142058987E+00  .142631589E+00  .143193438E+00  .143744281E+00
  .144283866E+00  .144811940E+00  .145328250E+00  .145832544E+00  .146324570E+00
  .146804077E+00  .147270812E+00  .147724527E+00  .148164972E+00  .148591898E+00
  .149005058E+00  .149404206E+00  .149789099E+00  .150159493E+00  .150515147E+00
  .150855822E+00  .151181282E+00  .151491291E+00  .151785618E+00  .152064033E+00
  .152326308E+00  .152572220E+00  .152801548E+00  .153014073E+00  .153209583E+00
  .153387867E+00  .153548717E+00  .153691931E+00  .153817311E+00  .153924661E+00
  .154013793E+00  .154084522E+00  .154136668E+00  .154170055E+00  .154184515E+00
  .154179883E+00  .154156000E+00  .154112715E+00  .154049882E+00  .153967359E+00
  .153865013E+00  .153742718E+00  .153600354E+00  .153437806E+00  .153254971E+00
  .153051748E+00  .152828048E+00  .152583787E+00  .152318891E+00  .152033293E+00
  .151726935E+00  .151399766E+00  .151051747E+00  .150682844E+00  .150293035E+00
  .149882305E+00  .149450651E+00  .148998078E+00  .148524601E+00  .148030244E+00
  .147515043E+00  .146979042E+00  .146422298E+00  .145844875E+00  .145246851E+00
  .144628312E+00  .143989357E+00  .143330095E+00  .142650645E+00  .141951138E+00
  .141231718E+00  .140492537E+00  .139733760E+00  .138955563E+00  .138158135E+00
  .137341673E+00  .136506390E+00  .135652506E+00  .134780255E+00  .133889883E+00
  .132981645E+00  .132055810E+00  .131112656E+00  .130152474E+00  .129175566E+00
  .128182243E+00  .127172831E+00  .126147662E+00  .125107082E+00  .124051446E+00
  .122981121E+00  .121896483E+00  .120797918E+00  .119685820E+00  .118560596E+00
  .117422660E+00  .116272435E+00  .115110354E+00  .113936855E+00  .112752388E+00
  .111557409E+00  .110352381E+00  .109137773E+00  .107914063E+00  .106681734E+00
  .105441273E+00  .104193175E+00  .102937939E+00  .101676067E+00  .100408067E+00
  .991344497E-01  .978557275E-01  .965724171E-01  .952850363E-01  .939941045E-01
  .927001423E-01  .914036704E-01  .901052098E-01  .888052806E-01  .875044018E-01
  .862030910E-01  .849018637E-01  .836012321E-01  .823017057E-01  .810037902E-01
  .797079868E-01  .784147921E-01  .771246977E-01  .758381889E-01  .745557453E-01
  .732778395E-01  .720049370E-01  .707374956E-01  .694759651E-01  .682207870E-01
  .669723935E-01  .657312078E-01  .644976435E-01  .632721039E-01  .620549820E-01
  .608466603E-01  .596475100E-01  .584578912E-01  .572781523E-01  .561086299E-01
  .549496486E-01  .538015206E-01  .526645458E-01  .515390114E-01  .504251917E-01
  .493233482E-01  .482337294E-01  .471565707E-01  .460920942E-01  .450405089E-01
  .440020105E-01  .429767814E-01  .419649910E-01  .409667953E-01  .399823372E-01
  .390117466E-01  .380551402E-01  .371126222E-01  .361842838E-01  .352702037E-01
  .343704483E-01  .334850715E-01  .326141154E-01  .317576101E-01  .309155743E-01
  .300880151E-01  .292749286E-01  .284763002E-01  .276921044E-01  .269223058E-01
  .261668586E-01  .254257078E-01  .246987886E-01  .239860274E-01  .232873421E-01
  .226026418E-01  .219318280E-01  .212747944E-01  .206314274E-01  .200016066E-01
  .193852050E-01  .187820896E-01  .181921215E-01  .176151564E-01  .170510453E-01
  .164996345E-01  .159607663E-01  .154342791E-01  .149200082E-01  .144177862E-01
  .139274433E-01  .134488077E-01  .129817064E-01  .125259655E-01  .120814107E-01
  .116478680E-01  .112251641E-01  .108131269E-01  .104115863E-01  .100203747E-01
  .963932725E-02  .926828300E-02  .890708492E-02  .855558065E-02  .821362282E-02
  .788106949E-02  .755778429E-02  .724363663E-02  .693850165E-02  .664226001E-02
  .635479757E-02  .607600486E-02  .580577637E-02  .554400968E-02  .529060456E-02
  .504546180E-02  .480848217E-02  .457956527E-02  .435860839E-02  .414550556E-02
  .394014660E-02  .374241635E-02  .355219410E-02  .336935312E-02  .319376040E-02
  .302527658E-02  .286375601E-02  .270904693E-02  .256099185E-02  .241942795E-02
  .228418764E-02  .215509912E-02  .203198700E-02  .191467303E-02  .180297670E-02
  .169671593E-02  .159570776E-02  .149976895E-02  .140871662E-02  .132236878E-02
  .124054493E-02  .116306649E-02  .108975728E-02  .102044391E-02  .954956159E-03
  .893127292E-03  .834794315E-03  .779798231E-03  .727984234E-03  .679201868E-03
  .633305163E-03  .590152727E-03  .549607820E-03  .511538399E-03  .475817135E-03
  .442321414E-03  .410933317E-03  .381539581E-03  .354031548E-03  .328305100E-03
  .304260577E-03  .281802695E-03  .260840447E-03  .241287001E-03  .223059589E-03
  .206079395E-03  .190271437E-03  .175564447E-03  .161890745E-03  .149186119E-03
  .137389700E-03  .126443836E-03  .116293968E-03  .106888510E-03  .981787228E-04
  .901185984E-04  .826647400E-04  .757762470E-04  .694146026E-04  .635435630E-04
  .581290504E-04  .531390488E-04  .485435026E-04  .443142190E-04  .404247724E-04
  .368504139E-04  .335679822E-04  .305558193E-04  .277936880E-04  .252626944E-04
  .229452118E-04  .208248091E-04  .188861815E-04  .171150850E-04  .154982727E-04
  .140234358E-04  .126791454E-04  .114547987E-04  .103405672E-04  .932734738E-05
  .840671434E-05  .757087746E-05  .681263869E-05  .612535301E-05  .550289109E-05
  .493960400E-05  .443029002E-05  .397016332E-05  .355482445E-05  .318023269E-05
  .284268003E-05  .253876675E-05  .226537851E-05  .201966501E-05  .179901986E-05
  .160106189E-05  .142361769E-05  .126470524E-05  .112251877E-05  .995414602E-06
  .881897988E-06  .780610863E-06  .690320199E-06  .609910374E-06  .538361047E-06
  .474775854E-06  .418294751E-06  .368194639E-06  .323770738E-06  .284419705E-06
  .249597685E-06  .218814964E-06  .191631037E-06  .167650092E-06  .146516851E-06
  .127912761E-06  .111552510E-06  .971808346E-07  .845696049E-07  .735151662E-07
  .638359147E-07  .553700903E-07  .479737706E-07  .415190486E-07  .358923801E-07
  .309930865E-07  .267319996E-07  .230302380E-07  .198181015E-07  .170340752E-07
  .146239326E-07  .125399291E-07  .107400777E-07  .918749917E-08  .784984055E-08
  .669875413E-08  .570943238E-08  .486019285E-08  .413210823E-08  .350867710E-08
  .297553127E-08  .252017604E-08  .213175989E-08  .180087062E-08  .151935511E-08
  .128016019E-08  .107719234E-08  .905194136E-09  .759635642E-09  .636619026E-09
  .532794935E-09  .445289274E-09  .371639179E-09  .309737128E-09  .257782198E-09
  .214237646E-09  .177794020E-09  .147337148E-09  .121920386E-09  .100740600E-09
  .831174102E-10  .684752825E-10  .563280967E-10  .462658719E-10  .379433636E-10
  .310702853E-10  .254029343E-10  .207370326E-10  .169016159E-10  .137538255E-10
  .111744763E-10  .906429278E-11  .734071543E-11  .593519744E-11  .479091901E-11
  .386085845E-11  .310616692E-11  .249480147E-11  .200037706E-11  .160120431E-11
  .127948425E-11  .102063555E-11  .812733565E-12  .646043291E-12  .512631249E-12
  .406043562E-12  .321039374E-12  .253370507E-12  .199599679E-12  .156950791E-12
  .123185874E-12  .965041110E-13  .754591594E-13  .588915572E-13  .458735845E-13
  .356643624E-13  .276733628E-13  .214308098E-13  .165637182E-13  .127765346E-13
  .983552712E-14  .755622377E-14  .579332396E-14  .443261313E-14  .338449577E-14
  .257883364E-14  .196083430E-14  .148778319E-14  .112645147E-14  .851044499E-15
  .641581436E-15  .482618304E-15  .362243795E-15  .271291329E-15  .202722166E-15
  .151143488E-15  .112432788E-15  .834457555E-16  .617896300E-16  .456477409E-16
  .336439946E-16  .247384538E-16  .181470643E-16  .132800917E-16  .969501784E-17
  .706058866E-17  .512943843E-17  .371729588E-17  .268722831E-17  .193773235E-17
  .139375486E-17  .999939951E-18  .715562921E-18  .510739586E-18  .363597034E-18
  .258167477E-18  .182824466E-18  .129124847E-18  .909534349E-19  .638929837E-19
  .447613252E-19  .312722594E-19  .217877772E-19  .151375171E-19  .104875747E-19
  .724543977E-20  .499130603E-20  .342857640E-20  .234830228E-20  .160370683E-20
  .109198574E-20  .741344529E-21  .501792758E-21  .338625644E-21  .227822359E-21
  .152807160E-21  .102176651E-21  .681098432E-22  .452593101E-22  .299802541E-22
  .197961820E-22  .130297369E-22  .854844641E-23  .559017293E-23  .364366871E-23
  .236710278E-23  .153267071E-23  .989060685E-24  .636103972E-24  .407711555E-24
  .260427144E-24  .165773946E-24  .105155379E-24  .664691629E-25  .418668838E-25
  .262767046E-25  .164327039E-25  .102393636E-25  .635697574E-26  .393214523E-26
  .242324659E-26  .148779228E-26  .910020314E-27  .554512501E-27  .336597074E-27
  .203533195E-27  .122595113E-27  .735548033E-28  .439577818E-28  .261658064E-28
  .155128924E-28  .916005981E-29  .538687848E-29  .315497378E-29  .184017995E-29
  .106885047E-29  .618232421E-30  .356082563E-30  .204220613E-30  .116622972E-30
  .663116616E-31  .375407109E-31  .211595897E-31  .118737921E-31  .663337046E-32
  .368915354E-32  .204245178E-32  .112562653E-32  .617502837E-33  .337186606E-33
  .183262186E-33  .991358993E-34  .533738845E-34  .285989808E-34  .152503628E-34
  .809285093E-35  .427364460E-35  .224571375E-35  .117422968E-35  .610910797E-36
  .316236514E-36  .162869240E-36  .834530994E-37  .425408461E-37  .215732146E-37
  .108831737E-37  .546159342E-38  .272650528E-38  .135405175E-38  .669057240E-39
  .329024034E-39  .161152031E-39  .787305515E-40  .384881857E-40  .189565012E-40
  .953244435E-41  .502975856E-41  .291921816E-41  .200589395E-41  .176654530E-41
