  PAW Ru                                 
 100
Core Pot   L  =         .00000   -.31501
  -.30000000E+01  .14467132E+01
  -.29500000E+01  .14291427E+01
  -.29000000E+01  .14114110E+01
  -.28500000E+01  .13935127E+01
  -.28000000E+01  .13754421E+01
  -.27500000E+01  .13571935E+01
  -.27000000E+01  .13387608E+01
  -.26500000E+01  .13201380E+01
  -.26000000E+01  .13013187E+01
  -.25500000E+01  .12822966E+01
  -.25000000E+01  .12630648E+01
  -.24500000E+01  .12436165E+01
  -.24000000E+01  .12239444E+01
  -.23500000E+01  .12040412E+01
  -.23000000E+01  .11838990E+01
  -.22500000E+01  .11635099E+01
  -.22000000E+01  .11428654E+01
  -.21500000E+01  .11219568E+01
  -.21000000E+01  .11007752E+01
  -.20500000E+01  .10793109E+01
  -.20000000E+01  .10575541E+01
  -.19500000E+01  .10354943E+01
  -.19000000E+01  .10131209E+01
  -.18500000E+01  .99042236E+00
  -.18000000E+01  .96738684E+00
  -.17500000E+01  .94400183E+00
  -.17000000E+01  .92025422E+00
  -.16500000E+01  .89613021E+00
  -.16000000E+01  .87161531E+00
  -.15500000E+01  .84669423E+00
  -.15000000E+01  .82135088E+00
  -.14500000E+01  .79556827E+00
  -.14000000E+01  .76932847E+00
  -.13500000E+01  .74261255E+00
  -.13000000E+01  .71540046E+00
  -.12500000E+01  .68767099E+00
  -.12000000E+01  .65940165E+00
  -.11500000E+01  .63056859E+00
  -.11000000E+01  .60114649E+00
  -.10500000E+01  .57110844E+00
  -.10000000E+01  .54042578E+00
  -.95000000E+00  .50906800E+00
  -.90000000E+00  .47700258E+00
  -.85000000E+00  .44419476E+00
  -.80000000E+00  .41060743E+00
  -.75000000E+00  .37620083E+00
  -.70000000E+00  .34093240E+00
  -.65000000E+00  .30475646E+00
  -.60000000E+00  .26762391E+00
  -.55000000E+00  .22948196E+00
  -.50000000E+00  .19027373E+00
  -.45000000E+00  .14993784E+00
  -.40000000E+00  .10840796E+00
  -.35000000E+00  .65612301E-01
  -.30000000E+00  .21473043E-01
  -.25000000E+00 -.24094340E-01
  -.20000000E+00 -.71181802E-01
  -.15000000E+00 -.11988958E+00
  -.10000000E+00 -.17032713E+00
  -.50000000E-01 -.22261425E+00
  -.22898350E-14 -.27688232E+00
   .50000000E-01 -.33327573E+00
   .10000000E+00 -.39195358E+00
   .15000000E+00 -.45309154E+00
   .20000000E+00 -.51688416E+00
   .25000000E+00 -.58354741E+00
   .30000000E+00 -.65332177E+00
   .35000000E+00 -.72647579E+00
   .40000000E+00 -.80331034E+00
   .45000000E+00 -.88416360E+00
   .50000000E+00 -.96941710E+00
   .55000000E+00 -.10595028E+01
   .60000000E+00 -.11549120E+01
   .65000000E+00 -.12562055E+01
   .70000000E+00 -.13640266E+01
   .75000000E+00 -.14791168E+01
   .80000000E+00 -.16023356E+01
   .85000000E+00 -.17346844E+01
   .90000000E+00 -.18773375E+01
   .95000000E+00 -.20316811E+01
   .10000000E+01 -.21993632E+01
   .10500000E+01 -.23823586E+01
   .11000000E+01 -.25830542E+01
   .11500000E+01 -.28043625E+01
   .12000000E+01 -.30498748E+01
   .12500000E+01 -.33240710E+01
   .13000000E+01 -.36326127E+01
   .13500000E+01 -.39827610E+01
   .14000000E+01 -.43839836E+01
   .14500000E+01 -.48488622E+01
   .15000000E+01 -.53944885E+01
   .15500000E+01 -.60446830E+01
   .16000000E+01 -.68336684E+01
   .16500000E+01 -.78124448E+01
   .17000000E+01 -.90605061E+01
   .17500000E+01 -.10708971E+02
   .18000000E+01 -.12990619E+02
   .18500000E+01 -.16362092E+02
   .19000000E+01 -.21858215E+02
   .19500000E+01 -.32430864E+02
   .20000000E+01 -.61217944E+02
Potential  L  =         .00000   -.31501
  -.30000000E+01  .14712582E+01
  -.29500000E+01  .14546655E+01
  -.29000000E+01  .14379013E+01
  -.28500000E+01  .14209607E+01
  -.28000000E+01  .14038384E+01
  -.27500000E+01  .13865292E+01
  -.27000000E+01  .13690272E+01
  -.26500000E+01  .13513265E+01
  -.26000000E+01  .13334210E+01
  -.25500000E+01  .13153040E+01
  -.25000000E+01  .12969686E+01
  -.24500000E+01  .12784077E+01
  -.24000000E+01  .12596136E+01
  -.23500000E+01  .12405784E+01
  -.23000000E+01  .12212936E+01
  -.22500000E+01  .12017503E+01
  -.22000000E+01  .11819392E+01
  -.21500000E+01  .11618503E+01
  -.21000000E+01  .11414733E+01
  -.20500000E+01  .11207969E+01
  -.20000000E+01  .10998096E+01
  -.19500000E+01  .10784988E+01
  -.19000000E+01  .10568513E+01
  -.18500000E+01  .10348531E+01
  -.18000000E+01  .10124894E+01
  -.17500000E+01  .98974407E+00
  -.17000000E+01  .96660030E+00
  -.16500000E+01  .94303997E+00
  -.16000000E+01  .91904373E+00
  -.15500000E+01  .89459085E+00
  -.15000000E+01  .86965914E+00
  -.14500000E+01  .84422476E+00
  -.14000000E+01  .81826210E+00
  -.13500000E+01  .79174355E+00
  -.13000000E+01  .76463938E+00
  -.12500000E+01  .73691745E+00
  -.12000000E+01  .70854297E+00
  -.11500000E+01  .67947826E+00
  -.11000000E+01  .64968237E+00
  -.10500000E+01  .61911074E+00
  -.10000000E+01  .58771480E+00
  -.95000000E+00  .55544147E+00
  -.90000000E+00  .52223261E+00
  -.85000000E+00  .48802442E+00
  -.80000000E+00  .45274668E+00
  -.75000000E+00  .41632193E+00
  -.70000000E+00  .37866449E+00
  -.65000000E+00  .33967933E+00
  -.60000000E+00  .29926070E+00
  -.55000000E+00  .25729060E+00
  -.50000000E+00  .21363689E+00
  -.45000000E+00  .16815109E+00
  -.40000000E+00  .12066575E+00
  -.35000000E+00  .70991249E-01
  -.30000000E+00  .18911994E-01
  -.25000000E+00 -.35818244E-01
  -.20000000E+00 -.93482032E-01
  -.15000000E+00 -.15440529E+00
  -.10000000E+00 -.21896601E+00
  -.50000000E-01 -.28760517E+00
  -.22898350E-14 -.36084052E+00
   .50000000E-01 -.43928411E+00
   .10000000E+00 -.52366498E+00
   .15000000E+00 -.61485860E+00
   .20000000E+00 -.71392576E+00
   .25000000E+00 -.82216453E+00
   .30000000E+00 -.94118078E+00
   .35000000E+00 -.10729854E+01
   .40000000E+00 -.12201311E+01
   .45000000E+00 -.13859080E+01
   .50000000E+00 -.15746316E+01
   .55000000E+00 -.17920767E+01
   .60000000E+00 -.20461513E+01
   .65000000E+00 -.23479833E+01
   .70000000E+00 -.27137467E+01
   .75000000E+00 -.31678882E+01
   .80000000E+00 -.37491959E+01
   .85000000E+00 -.45231251E+01
   .90000000E+00 -.56094798E+01
   .95000000E+00 -.72536051E+01
   .10000000E+01 -.10049219E+02
   .10500000E+01 -.15897088E+02
   .11000000E+01 -.36004583E+02
   .11500000E+01  .16332299E+03
   .12000000E+01  .25637547E+02
   .12500000E+01  .14069935E+02
   .13000000E+01  .97547528E+01
   .13500000E+01  .74904372E+01
   .14000000E+01  .60897014E+01
   .14500000E+01  .51333413E+01
   .15000000E+01  .44355858E+01
   .15500000E+01  .39014643E+01
   .16000000E+01  .34773669E+01
   .16500000E+01  .31307357E+01
   .17000000E+01  .28406519E+01
   .17500000E+01  .25930583E+01
   .18000000E+01  .23781570E+01
   .18500000E+01  .21889072E+01
   .19000000E+01  .20201166E+01
   .19500000E+01  .18678704E+01
   .20000000E+01  .17291588E+01
Core Pot   L  =        1.00000   -.20000
  -.30000000E+01  .20006588E+01
  -.29500000E+01  .19361592E+01
  -.29000000E+01  .18821714E+01
  -.28500000E+01  .18355994E+01
  -.28000000E+01  .17944416E+01
  -.27500000E+01  .17573456E+01
  -.27000000E+01  .17233647E+01
  -.26500000E+01  .16918161E+01
  -.26000000E+01  .16621944E+01
  -.25500000E+01  .16341174E+01
  -.25000000E+01  .16072905E+01
  -.24500000E+01  .15814827E+01
  -.24000000E+01  .15565099E+01
  -.23500000E+01  .15322237E+01
  -.23000000E+01  .15085028E+01
  -.22500000E+01  .14852468E+01
  -.22000000E+01  .14623719E+01
  -.21500000E+01  .14398071E+01
  -.21000000E+01  .14174922E+01
  -.20500000E+01  .13953751E+01
  -.20000000E+01  .13734108E+01
  -.19500000E+01  .13515598E+01
  -.19000000E+01  .13297872E+01
  -.18500000E+01  .13080618E+01
  -.18000000E+01  .12863559E+01
  -.17500000E+01  .12646441E+01
  -.17000000E+01  .12429034E+01
  -.16500000E+01  .12211126E+01
  -.16000000E+01  .11992520E+01
  -.15500000E+01  .11773033E+01
  -.15000000E+01  .11552492E+01
  -.14500000E+01  .11330732E+01
  -.14000000E+01  .11107597E+01
  -.13500000E+01  .10882937E+01
  -.13000000E+01  .10656603E+01
  -.12500000E+01  .10428455E+01
  -.12000000E+01  .10198352E+01
  -.11500000E+01  .99661561E+00
  -.11000000E+01  .97317294E+00
  -.10500000E+01  .94949352E+00
  -.10000000E+01  .92556360E+00
  -.95000000E+00  .90136932E+00
  -.90000000E+00  .87689667E+00
  -.85000000E+00  .85213138E+00
  -.80000000E+00  .82705892E+00
  -.75000000E+00  .80166440E+00
  -.70000000E+00  .77593254E+00
  -.65000000E+00  .74984760E+00
  -.60000000E+00  .72339333E+00
  -.55000000E+00  .69655290E+00
  -.50000000E+00  .66930884E+00
  -.45000000E+00  .64164298E+00
  -.40000000E+00  .61353641E+00
  -.35000000E+00  .58496934E+00
  -.30000000E+00  .55592109E+00
  -.25000000E+00  .52636998E+00
  -.20000000E+00  .49629327E+00
  -.15000000E+00  .46566703E+00
  -.10000000E+00  .43446606E+00
  -.50000000E-01  .40266380E+00
  -.22898350E-14  .37023219E+00
   .50000000E-01  .33714156E+00
   .10000000E+00  .30336049E+00
   .15000000E+00  .26885564E+00
   .20000000E+00  .23359164E+00
   .25000000E+00  .19753085E+00
   .30000000E+00  .16063321E+00
   .35000000E+00  .12285600E+00
   .40000000E+00  .84153605E-01
   .45000000E+00  .44477270E-01
   .50000000E+00  .37747846E-02
   .55000000E+00 -.38009826E-01
   .60000000E+00 -.80936662E-01
   .65000000E+00 -.12507035E+00
   .70000000E+00 -.17048050E+00
   .75000000E+00 -.21724218E+00
   .80000000E+00 -.26543651E+00
   .85000000E+00 -.31515126E+00
   .90000000E+00 -.36648160E+00
   .95000000E+00 -.41953085E+00
   .10000000E+01 -.47441146E+00
   .10500000E+01 -.53124599E+00
   .11000000E+01 -.59016830E+00
   .11500000E+01 -.65132492E+00
   .12000000E+01 -.71487659E+00
   .12500000E+01 -.78099999E+00
   .13000000E+01 -.84988986E+00
   .13500000E+01 -.92176132E+00
   .14000000E+01 -.99685265E+00
   .14500000E+01 -.10754285E+01
   .15000000E+01 -.11577837E+01
   .15500000E+01 -.12442475E+01
   .16000000E+01 -.13351892E+01
   .16500000E+01 -.14310239E+01
   .17000000E+01 -.15322203E+01
   .17500000E+01 -.16393094E+01
   .18000000E+01 -.17528953E+01
   .18500000E+01 -.18736683E+01
   .19000000E+01 -.20024208E+01
   .19500000E+01 -.21400669E+01
   .20000000E+01 -.22876669E+01
Potential  L  =        1.00000   -.20000
  -.30000000E+01  .16074932E+01
  -.29500000E+01  .15927639E+01
  -.29000000E+01  .15779215E+01
  -.28500000E+01  .15629635E+01
  -.28000000E+01  .15478876E+01
  -.27500000E+01  .15326913E+01
  -.27000000E+01  .15173721E+01
  -.26500000E+01  .15019272E+01
  -.26000000E+01  .14863541E+01
  -.25500000E+01  .14706498E+01
  -.25000000E+01  .14548115E+01
  -.24500000E+01  .14388362E+01
  -.24000000E+01  .14227207E+01
  -.23500000E+01  .14064619E+01
  -.23000000E+01  .13900564E+01
  -.22500000E+01  .13735008E+01
  -.22000000E+01  .13567914E+01
  -.21500000E+01  .13399247E+01
  -.21000000E+01  .13228967E+01
  -.20500000E+01  .13057035E+01
  -.20000000E+01  .12883410E+01
  -.19500000E+01  .12708049E+01
  -.19000000E+01  .12530908E+01
  -.18500000E+01  .12351940E+01
  -.18000000E+01  .12171097E+01
  -.17500000E+01  .11988330E+01
  -.17000000E+01  .11803587E+01
  -.16500000E+01  .11616815E+01
  -.16000000E+01  .11427956E+01
  -.15500000E+01  .11236952E+01
  -.15000000E+01  .11043744E+01
  -.14500000E+01  .10848266E+01
  -.14000000E+01  .10650454E+01
  -.13500000E+01  .10450238E+01
  -.13000000E+01  .10247545E+01
  -.12500000E+01  .10042302E+01
  -.12000000E+01  .98344280E+00
  -.11500000E+01  .96238420E+00
  -.11000000E+01  .94104576E+00
  -.10500000E+01  .91941846E+00
  -.10000000E+01  .89749287E+00
  -.95000000E+00  .87525908E+00
  -.90000000E+00  .85270670E+00
  -.85000000E+00  .82982485E+00
  -.80000000E+00  .80660207E+00
  -.75000000E+00  .78302633E+00
  -.70000000E+00  .75908497E+00
  -.65000000E+00  .73476469E+00
  -.60000000E+00  .71005146E+00
  -.55000000E+00  .68493048E+00
  -.50000000E+00  .65938617E+00
  -.45000000E+00  .63340205E+00
  -.40000000E+00  .60696073E+00
  -.35000000E+00  .58004381E+00
  -.30000000E+00  .55263181E+00
  -.25000000E+00  .52470411E+00
  -.20000000E+00  .49623883E+00
  -.15000000E+00  .46721276E+00
  -.10000000E+00  .43760123E+00
  -.50000000E-01  .40737802E+00
  -.22898350E-14  .37651520E+00
   .50000000E-01  .34498305E+00
   .10000000E+00  .31274979E+00
   .15000000E+00  .27978153E+00
   .20000000E+00  .24604203E+00
   .25000000E+00  .21149247E+00
   .30000000E+00  .17609124E+00
   .35000000E+00  .13979370E+00
   .40000000E+00  .10255184E+00
   .45000000E+00  .64314026E-01
   .50000000E+00  .25024549E-01
   .55000000E+00 -.15376684E-01
   .60000000E+00 -.56954658E-01
   .65000000E+00 -.99779747E-01
   .70000000E+00 -.14392829E+00
   .75000000E+00 -.18948324E+00
   .80000000E+00 -.23653491E+00
   .85000000E+00 -.28518181E+00
   .90000000E+00 -.33553159E+00
   .95000000E+00 -.38770217E+00
   .10000000E+01 -.44182297E+00
   .10500000E+01 -.49803635E+00
   .11000000E+01 -.55649933E+00
   .11500000E+01 -.61738548E+00
   .12000000E+01 -.68088721E+00
   .12500000E+01 -.74721836E+00
   .13000000E+01 -.81661738E+00
   .13500000E+01 -.88935086E+00
   .14000000E+01 -.96571794E+00
   .14500000E+01 -.10460554E+01
   .15000000E+01 -.11307438E+01
   .15500000E+01 -.12202148E+01
   .16000000E+01 -.13149602E+01
   .16500000E+01 -.14155427E+01
   .17000000E+01 -.15226091E+01
   .17500000E+01 -.16369072E+01
   .18000000E+01 -.17593052E+01
   .18500000E+01 -.18908186E+01
   .19000000E+01 -.20326412E+01
   .19500000E+01 -.21861873E+01
   .20000000E+01 -.23531447E+01
Core Pot   L  =        2.00000   -.38744
  -.30000000E+01  .16884234E+01
  -.29500000E+01  .16726504E+01
  -.29000000E+01  .16566907E+01
  -.28500000E+01  .16405369E+01
  -.28000000E+01  .16241812E+01
  -.27500000E+01  .16076151E+01
  -.27000000E+01  .15908295E+01
  -.26500000E+01  .15738148E+01
  -.26000000E+01  .15565607E+01
  -.25500000E+01  .15390560E+01
  -.25000000E+01  .15212887E+01
  -.24500000E+01  .15032459E+01
  -.24000000E+01  .14849137E+01
  -.23500000E+01  .14662770E+01
  -.23000000E+01  .14473194E+01
  -.22500000E+01  .14280231E+01
  -.22000000E+01  .14083689E+01
  -.21500000E+01  .13883356E+01
  -.21000000E+01  .13679003E+01
  -.20500000E+01  .13470375E+01
  -.20000000E+01  .13257196E+01
  -.19500000E+01  .13039160E+01
  -.19000000E+01  .12815929E+01
  -.18500000E+01  .12587130E+01
  -.18000000E+01  .12352345E+01
  -.17500000E+01  .12111113E+01
  -.17000000E+01  .11862914E+01
  -.16500000E+01  .11607168E+01
  -.16000000E+01  .11343218E+01
  -.15500000E+01  .11070325E+01
  -.15000000E+01  .10787646E+01
  -.14500000E+01  .10494220E+01
  -.14000000E+01  .10188947E+01
  -.13500000E+01  .98705572E+00
  -.13000000E+01  .95375797E+00
  -.12500000E+01  .91883003E+00
  -.12000000E+01  .88207080E+00
  -.11500000E+01  .84324267E+00
  -.11000000E+01  .80206289E+00
  -.10500000E+01  .75819212E+00
  -.10000000E+01  .71121949E+00
  -.95000000E+00  .66064263E+00
  -.90000000E+00  .60584047E+00
  -.85000000E+00  .54603590E+00
  -.80000000E+00  .48024329E+00
  -.75000000E+00  .40719334E+00
  -.70000000E+00  .32522263E+00
  -.65000000E+00  .23210792E+00
  -.60000000E+00  .12480804E+00
  -.55000000E+00 -.95049849E-03
  -.50000000E+00 -.15136885E+00
  -.45000000E+00 -.33580180E+00
  -.40000000E+00 -.56905554E+00
  -.35000000E+00 -.87603804E+00
  -.30000000E+00 -.13021480E+01
  -.25000000E+00 -.19398063E+01
  -.20000000E+00 -.30106167E+01
  -.15000000E+00 -.52123341E+01
  -.10000000E+00 -.12482073E+02
  -.50000000E-01  .85025042E+02
  -.22898350E-14  .11194575E+02
   .50000000E-01  .63978370E+01
   .10000000E+00  .46454035E+01
   .15000000E+00  .37302559E+01
   .20000000E+00  .31634275E+01
   .25000000E+00  .27745757E+01
   .30000000E+00  .24888058E+01
   .35000000E+00  .22680306E+01
   .40000000E+00  .20908315E+01
   .45000000E+00  .19442375E+01
   .50000000E+00  .18199333E+01
   .55000000E+00  .17123414E+01
   .60000000E+00  .16175799E+01
   .65000000E+00  .15328628E+01
   .70000000E+00  .14561381E+01
   .75000000E+00  .13858600E+01
   .80000000E+00  .13208416E+01
   .85000000E+00  .12601551E+01
   .90000000E+00  .12030647E+01
   .95000000E+00  .11489785E+01
   .10000000E+01  .10974143E+01
   .10500000E+01  .10479748E+01
   .11000000E+01  .10003293E+01
   .11500000E+01  .95419931E+00
   .12000000E+01  .90934865E+00
   .12500000E+01  .86557470E+00
   .13000000E+01  .82270239E+00
   .13500000E+01  .78057905E+00
   .14000000E+01  .73907043E+00
   .14500000E+01  .69805753E+00
   .15000000E+01  .65743396E+00
   .15500000E+01  .61710384E+00
   .16000000E+01  .57698004E+00
   .16500000E+01  .53698269E+00
   .17000000E+01  .49703802E+00
   .17500000E+01  .45707725E+00
   .18000000E+01  .41703578E+00
   .18500000E+01  .37685238E+00
   .19000000E+01  .33646855E+00
   .19500000E+01  .29582790E+00
   .20000000E+01  .25487571E+00
Potential  L  =        2.00000   -.38744
  -.30000000E+01  .15735780E+01
  -.29500000E+01  .15554235E+01
  -.29000000E+01  .15370088E+01
  -.28500000E+01  .15183236E+01
  -.28000000E+01  .14993570E+01
  -.27500000E+01  .14800972E+01
  -.27000000E+01  .14605321E+01
  -.26500000E+01  .14406484E+01
  -.26000000E+01  .14204323E+01
  -.25500000E+01  .13998689E+01
  -.25000000E+01  .13789423E+01
  -.24500000E+01  .13576356E+01
  -.24000000E+01  .13359308E+01
  -.23500000E+01  .13138083E+01
  -.23000000E+01  .12912474E+01
  -.22500000E+01  .12682259E+01
  -.22000000E+01  .12447197E+01
  -.21500000E+01  .12207031E+01
  -.21000000E+01  .11961482E+01
  -.20500000E+01  .11710250E+01
  -.20000000E+01  .11453009E+01
  -.19500000E+01  .11189408E+01
  -.19000000E+01  .10919065E+01
  -.18500000E+01  .10641564E+01
  -.18000000E+01  .10356453E+01
  -.17500000E+01  .10063238E+01
  -.17000000E+01  .97613792E+00
  -.16500000E+01  .94502840E+00
  -.16000000E+01  .91293024E+00
  -.15500000E+01  .87977184E+00
  -.15000000E+01  .84547414E+00
  -.14500000E+01  .80994968E+00
  -.14000000E+01  .77310136E+00
  -.13500000E+01  .73482115E+00
  -.13000000E+01  .69498839E+00
  -.12500000E+01  .65346801E+00
  -.12000000E+01  .61010818E+00
  -.11500000E+01  .56473769E+00
  -.11000000E+01  .51716270E+00
  -.10500000E+01  .46716287E+00
  -.10000000E+01  .41448665E+00
  -.95000000E+00  .35884555E+00
  -.90000000E+00  .29990691E+00
  -.85000000E+00  .23728547E+00
  -.80000000E+00  .17053209E+00
  -.75000000E+00  .99120131E-01
  -.70000000E+00  .22427879E-01
  -.65000000E+00 -.60283896E-01
  -.60000000E+00 -.14990125E+00
  -.55000000E+00 -.24749539E+00
  -.50000000E+00 -.35437381E+00
  -.45000000E+00 -.47214933E+00
  -.40000000E+00 -.60283478E+00
  -.35000000E+00 -.74897541E+00
  -.30000000E+00 -.91383743E+00
  -.25000000E+00 -.11016830E+01
  -.20000000E+00 -.13181812E+01
  -.15000000E+00 -.15710412E+01
  -.10000000E+00 -.18710208E+01
  -.50000000E-01 -.22335994E+01
  -.22898350E-14 -.26818875E+01
   .50000000E-01 -.32519916E+01
   .10000000E+00 -.40036449E+01
   .15000000E+00 -.50433127E+01
   .20000000E+00 -.65810094E+01
   .25000000E+00 -.90966360E+01
   .30000000E+00 -.13978737E+02
   .35000000E+00 -.27607937E+02
   .40000000E+00 -.28303884E+03
   .45000000E+00  .37174049E+02
   .50000000E+00  .18053644E+02
   .55000000E+00  .12165551E+02
   .60000000E+00  .92979805E+01
   .65000000E+00  .75967806E+01
   .70000000E+00  .64675381E+01
   .75000000E+00  .56610560E+01
   .80000000E+00  .50545126E+01
   .85000000E+00  .45803641E+01
   .90000000E+00  .41983905E+01
   .95000000E+00  .38831470E+01
   .10000000E+01  .36177499E+01
   .10500000E+01  .33905545E+01
   .11000000E+01  .31932692E+01
   .11500000E+01  .30198289E+01
   .12000000E+01  .28656948E+01
   .12500000E+01  .27274019E+01
   .13000000E+01  .26022592E+01
   .13500000E+01  .24881445E+01
   .14000000E+01  .23833617E+01
   .14500000E+01  .22865382E+01
   .15000000E+01  .21965515E+01
   .15500000E+01  .21124744E+01
   .16000000E+01  .20335338E+01
   .16500000E+01  .19590801E+01
   .17000000E+01  .18885629E+01
   .17500000E+01  .18215128E+01
   .18000000E+01  .17575270E+01
   .18500000E+01  .16962570E+01
   .19000000E+01  .16374004E+01
   .19500000E+01  .15806928E+01
   .20000000E+01  .15259019E+01
Core Pot   L  =        3.00000    .00000
  -.30000000E+01  .19944384E+01
  -.29500000E+01  .19821062E+01
  -.29000000E+01  .19697011E+01
  -.28500000E+01  .19572220E+01
  -.28000000E+01  .19446676E+01
  -.27500000E+01  .19320364E+01
  -.27000000E+01  .19193272E+01
  -.26500000E+01  .19065386E+01
  -.26000000E+01  .18936691E+01
  -.25500000E+01  .18807173E+01
  -.25000000E+01  .18676815E+01
  -.24500000E+01  .18545603E+01
  -.24000000E+01  .18413520E+01
  -.23500000E+01  .18280549E+01
  -.23000000E+01  .18146674E+01
  -.22500000E+01  .18011875E+01
  -.22000000E+01  .17876136E+01
  -.21500000E+01  .17739437E+01
  -.21000000E+01  .17601758E+01
  -.20500000E+01  .17463080E+01
  -.20000000E+01  .17323381E+01
  -.19500000E+01  .17182639E+01
  -.19000000E+01  .17040834E+01
  -.18500000E+01  .16897941E+01
  -.18000000E+01  .16753936E+01
  -.17500000E+01  .16608796E+01
  -.17000000E+01  .16462493E+01
  -.16500000E+01  .16315003E+01
  -.16000000E+01  .16166297E+01
  -.15500000E+01  .16016346E+01
  -.15000000E+01  .15865122E+01
  -.14500000E+01  .15712594E+01
  -.14000000E+01  .15558729E+01
  -.13500000E+01  .15403494E+01
  -.13000000E+01  .15246856E+01
  -.12500000E+01  .15088778E+01
  -.12000000E+01  .14929223E+01
  -.11500000E+01  .14768153E+01
  -.11000000E+01  .14605527E+01
  -.10500000E+01  .14441302E+01
  -.10000000E+01  .14275435E+01
  -.95000000E+00  .14107881E+01
  -.90000000E+00  .13938591E+01
  -.85000000E+00  .13767516E+01
  -.80000000E+00  .13594603E+01
  -.75000000E+00  .13419797E+01
  -.70000000E+00  .13243043E+01
  -.65000000E+00  .13064279E+01
  -.60000000E+00  .12883443E+01
  -.55000000E+00  .12700469E+01
  -.50000000E+00  .12515289E+01
  -.45000000E+00  .12327830E+01
  -.40000000E+00  .12138015E+01
  -.35000000E+00  .11945765E+01
  -.30000000E+00  .11750996E+01
  -.25000000E+00  .11553617E+01
  -.20000000E+00  .11353537E+01
  -.15000000E+00  .11150655E+01
  -.10000000E+00  .10944867E+01
  -.50000000E-01  .10736063E+01
  -.22898350E-14  .10524126E+01
   .50000000E-01  .10308933E+01
   .10000000E+00  .10090351E+01
   .15000000E+00  .98682410E+00
   .20000000E+00  .96424556E+00
   .25000000E+00  .94128367E+00
   .30000000E+00  .91792165E+00
   .35000000E+00  .89414160E+00
   .40000000E+00  .86992441E+00
   .45000000E+00  .84524965E+00
   .50000000E+00  .82009544E+00
   .55000000E+00  .79443834E+00
   .60000000E+00  .76825321E+00
   .65000000E+00  .74151299E+00
   .70000000E+00  .71418857E+00
   .75000000E+00  .68624855E+00
   .80000000E+00  .65765904E+00
   .85000000E+00  .62838337E+00
   .90000000E+00  .59838178E+00
   .95000000E+00  .56761114E+00
   .10000000E+01  .53602450E+00
   .10500000E+01  .50357071E+00
   .11000000E+01  .47019390E+00
   .11500000E+01  .43583292E+00
   .12000000E+01  .40042068E+00
   .12500000E+01  .36388341E+00
   .13000000E+01  .32613979E+00
   .13500000E+01  .28709994E+00
   .14000000E+01  .24666423E+00
   .14500000E+01  .20472195E+00
   .15000000E+01  .16114965E+00
   .15500000E+01  .11580925E+00
   .16000000E+01  .68545804E-01
   .16500000E+01  .19184784E-01
   .17000000E+01 -.32471140E-01
   .17500000E+01 -.86645985E-01
   .18000000E+01 -.14359515E+00
   .18500000E+01 -.20361116E+00
   .19000000E+01 -.26703077E+00
   .19500000E+01 -.33424361E+00
   .20000000E+01 -.40570313E+00
Potential  L  =        3.00000    .00000
  -.30000000E+01  .19975310E+01
  -.29500000E+01  .19852966E+01
  -.29000000E+01  .19729930E+01
  -.28500000E+01  .19606193E+01
  -.28000000E+01  .19481742E+01
  -.27500000E+01  .19356566E+01
  -.27000000E+01  .19230654E+01
  -.26500000E+01  .19103993E+01
  -.26000000E+01  .18976572E+01
  -.25500000E+01  .18848377E+01
  -.25000000E+01  .18719395E+01
  -.24500000E+01  .18589613E+01
  -.24000000E+01  .18459017E+01
  -.23500000E+01  .18327593E+01
  -.23000000E+01  .18195327E+01
  -.22500000E+01  .18062204E+01
  -.22000000E+01  .17928208E+01
  -.21500000E+01  .17793325E+01
  -.21000000E+01  .17657537E+01
  -.20500000E+01  .17520828E+01
  -.20000000E+01  .17383181E+01
  -.19500000E+01  .17244578E+01
  -.19000000E+01  .17105002E+01
  -.18500000E+01  .16964434E+01
  -.18000000E+01  .16822855E+01
  -.17500000E+01  .16680244E+01
  -.17000000E+01  .16536583E+01
  -.16500000E+01  .16391849E+01
  -.16000000E+01  .16246021E+01
  -.15500000E+01  .16099078E+01
  -.15000000E+01  .15950995E+01
  -.14500000E+01  .15801750E+01
  -.14000000E+01  .15651318E+01
  -.13500000E+01  .15499674E+01
  -.13000000E+01  .15346792E+01
  -.12500000E+01  .15192646E+01
  -.12000000E+01  .15037206E+01
  -.11500000E+01  .14880446E+01
  -.11000000E+01  .14722334E+01
  -.10500000E+01  .14562841E+01
  -.10000000E+01  .14401935E+01
  -.95000000E+00  .14239583E+01
  -.90000000E+00  .14075751E+01
  -.85000000E+00  .13910404E+01
  -.80000000E+00  .13743506E+01
  -.75000000E+00  .13575019E+01
  -.70000000E+00  .13404903E+01
  -.65000000E+00  .13233119E+01
  -.60000000E+00  .13059624E+01
  -.55000000E+00  .12884374E+01
  -.50000000E+00  .12707325E+01
  -.45000000E+00  .12528429E+01
  -.40000000E+00  .12347636E+01
  -.35000000E+00  .12164897E+01
  -.30000000E+00  .11980159E+01
  -.25000000E+00  .11793365E+01
  -.20000000E+00  .11604460E+01
  -.15000000E+00  .11413383E+01
  -.10000000E+00  .11220071E+01
  -.50000000E-01  .11024461E+01
  -.22898350E-14  .10826484E+01
   .50000000E-01  .10626070E+01
   .10000000E+00  .10423145E+01
   .15000000E+00  .10217632E+01
   .20000000E+00  .10009451E+01
   .25000000E+00  .97985165E+00
   .30000000E+00  .95847414E+00
   .35000000E+00  .93680332E+00
   .40000000E+00  .91482951E+00
   .45000000E+00  .89254259E+00
   .50000000E+00  .86993191E+00
   .55000000E+00  .84698633E+00
   .60000000E+00  .82369411E+00
   .65000000E+00  .80004294E+00
   .70000000E+00  .77601986E+00
   .75000000E+00  .75161122E+00
   .80000000E+00  .72680267E+00
   .85000000E+00  .70157906E+00
   .90000000E+00  .67592441E+00
   .95000000E+00  .64982186E+00
   .10000000E+01  .62325359E+00
   .10500000E+01  .59620076E+00
   .11000000E+01  .56864322E+00
   .11500000E+01  .54056026E+00
   .12000000E+01  .51192928E+00
   .12500000E+01  .48272651E+00
   .13000000E+01  .45292671E+00
   .13500000E+01  .42250303E+00
   .14000000E+01  .39142691E+00
   .14500000E+01  .35966790E+00
   .15000000E+01  .32719354E+00
   .15500000E+01  .29396915E+00
   .16000000E+01  .25995767E+00
   .16500000E+01  .22511942E+00
   .17000000E+01  .18941190E+00
   .17500000E+01  .15278949E+00
   .18000000E+01  .11520318E+00
   .18500000E+01  .76600478E-01
   .19000000E+01  .36924068E-01
   .19500000E+01 -.38870945E-02
   .20000000E+01 -.45899284E-01
Core Pot   L  =        4.00000    .00000
  -.30000000E+01  .23053501E+01
  -.29500000E+01  .22948760E+01
  -.29000000E+01  .22843574E+01
  -.28500000E+01  .22737970E+01
  -.28000000E+01  .22631940E+01
  -.27500000E+01  .22525451E+01
  -.27000000E+01  .22418514E+01
  -.26500000E+01  .22311125E+01
  -.26000000E+01  .22203260E+01
  -.25500000E+01  .22094962E+01
  -.25000000E+01  .21986172E+01
  -.24500000E+01  .21876914E+01
  -.24000000E+01  .21767158E+01
  -.23500000E+01  .21656942E+01
  -.23000000E+01  .21546213E+01
  -.22500000E+01  .21434989E+01
  -.22000000E+01  .21323259E+01
  -.21500000E+01  .21211014E+01
  -.21000000E+01  .21098240E+01
  -.20500000E+01  .20984965E+01
  -.20000000E+01  .20871142E+01
  -.19500000E+01  .20756781E+01
  -.19000000E+01  .20641874E+01
  -.18500000E+01  .20526413E+01
  -.18000000E+01  .20410391E+01
  -.17500000E+01  .20293801E+01
  -.17000000E+01  .20176634E+01
  -.16500000E+01  .20058884E+01
  -.16000000E+01  .19940542E+01
  -.15500000E+01  .19821599E+01
  -.15000000E+01  .19702049E+01
  -.14500000E+01  .19581882E+01
  -.14000000E+01  .19461089E+01
  -.13500000E+01  .19339662E+01
  -.13000000E+01  .19217591E+01
  -.12500000E+01  .19094868E+01
  -.12000000E+01  .18971483E+01
  -.11500000E+01  .18847425E+01
  -.11000000E+01  .18722686E+01
  -.10500000E+01  .18597256E+01
  -.10000000E+01  .18471123E+01
  -.95000000E+00  .18344277E+01
  -.90000000E+00  .18216707E+01
  -.85000000E+00  .18088403E+01
  -.80000000E+00  .17959352E+01
  -.75000000E+00  .17829543E+01
  -.70000000E+00  .17698965E+01
  -.65000000E+00  .17567605E+01
  -.60000000E+00  .17435450E+01
  -.55000000E+00  .17302488E+01
  -.50000000E+00  .17168705E+01
  -.45000000E+00  .17034089E+01
  -.40000000E+00  .16898624E+01
  -.35000000E+00  .16762298E+01
  -.30000000E+00  .16625095E+01
  -.25000000E+00  .16487001E+01
  -.20000000E+00  .16348000E+01
  -.15000000E+00  .16208077E+01
  -.10000000E+00  .16067215E+01
  -.50000000E-01  .15925398E+01
  -.22898350E-14  .15782609E+01
   .50000000E-01  .15638831E+01
   .10000000E+00  .15494045E+01
   .15000000E+00  .15348234E+01
   .20000000E+00  .15201377E+01
   .25000000E+00  .15053457E+01
   .30000000E+00  .14904452E+01
   .35000000E+00  .14754342E+01
   .40000000E+00  .14603106E+01
   .45000000E+00  .14450722E+01
   .50000000E+00  .14297168E+01
   .55000000E+00  .14142421E+01
   .60000000E+00  .13986456E+01
   .65000000E+00  .13829249E+01
   .70000000E+00  .13670775E+01
   .75000000E+00  .13511009E+01
   .80000000E+00  .13349922E+01
   .85000000E+00  .13187487E+01
   .90000000E+00  .13023677E+01
   .95000000E+00  .12858460E+01
   .10000000E+01  .12691808E+01
   .10500000E+01  .12523688E+01
   .11000000E+01  .12354068E+01
   .11500000E+01  .12182914E+01
   .12000000E+01  .12010192E+01
   .12500000E+01  .11835866E+01
   .13000000E+01  .11659899E+01
   .13500000E+01  .11482253E+01
   .14000000E+01  .11302888E+01
   .14500000E+01  .11121762E+01
   .15000000E+01  .10938834E+01
   .15500000E+01  .10754059E+01
   .16000000E+01  .10567393E+01
   .16500000E+01  .10378786E+01
   .17000000E+01  .10188191E+01
   .17500000E+01  .99955564E+00
   .18000000E+01  .98008295E+00
   .18500000E+01  .96039554E+00
   .19000000E+01  .94048771E+00
   .19500000E+01  .92035355E+00
   .20000000E+01  .89998689E+00
Potential  L  =        4.00000    .00000
  -.30000000E+01  .23059813E+01
  -.29500000E+01  .22955210E+01
  -.29000000E+01  .22850193E+01
  -.28500000E+01  .22744720E+01
  -.28000000E+01  .22638828E+01
  -.27500000E+01  .22532502E+01
  -.27000000E+01  .22425726E+01
  -.26500000E+01  .22318498E+01
  -.26000000E+01  .22210822E+01
  -.25500000E+01  .22102683E+01
  -.25000000E+01  .21994081E+01
  -.24500000E+01  .21885001E+01
  -.24000000E+01  .21775462E+01
  -.23500000E+01  .21665419E+01
  -.23000000E+01  .21554892E+01
  -.22500000E+01  .21443878E+01
  -.22000000E+01  .21332356E+01
  -.21500000E+01  .21220336E+01
  -.21000000E+01  .21107802E+01
  -.20500000E+01  .20994744E+01
  -.20000000E+01  .20881164E+01
  -.19500000E+01  .20767057E+01
  -.19000000E+01  .20652405E+01
  -.18500000E+01  .20537203E+01
  -.18000000E+01  .20421463E+01
  -.17500000E+01  .20305139E+01
  -.17000000E+01  .20188262E+01
  -.16500000E+01  .20070819E+01
  -.16000000E+01  .19952773E+01
  -.15500000E+01  .19834143E+01
  -.15000000E+01  .19714917E+01
  -.14500000E+01  .19595086E+01
  -.14000000E+01  .19474634E+01
  -.13500000E+01  .19353559E+01
  -.13000000E+01  .19231857E+01
  -.12500000E+01  .19109511E+01
  -.12000000E+01  .18986513E+01
  -.11500000E+01  .18862857E+01
  -.11000000E+01  .18738529E+01
  -.10500000E+01  .18613527E+01
  -.10000000E+01  .18487831E+01
  -.95000000E+00  .18361439E+01
  -.90000000E+00  .18234338E+01
  -.85000000E+00  .18106516E+01
  -.80000000E+00  .17977964E+01
  -.75000000E+00  .17848671E+01
  -.70000000E+00  .17718623E+01
  -.65000000E+00  .17587814E+01
  -.60000000E+00  .17456223E+01
  -.55000000E+00  .17323845E+01
  -.50000000E+00  .17190666E+01
  -.45000000E+00  .17056673E+01
  -.40000000E+00  .16921853E+01
  -.35000000E+00  .16786192E+01
  -.30000000E+00  .16649678E+01
  -.25000000E+00  .16512295E+01
  -.20000000E+00  .16374029E+01
  -.15000000E+00  .16234866E+01
  -.10000000E+00  .16094790E+01
  -.50000000E-01  .15953787E+01
  -.22898350E-14  .15811839E+01
   .50000000E-01  .15668931E+01
   .10000000E+00  .15525045E+01
   .15000000E+00  .15380165E+01
   .20000000E+00  .15234273E+01
   .25000000E+00  .15087351E+01
   .30000000E+00  .14939381E+01
   .35000000E+00  .14790342E+01
   .40000000E+00  .14640215E+01
   .45000000E+00  .14488980E+01
   .50000000E+00  .14336617E+01
   .55000000E+00  .14183103E+01
   .60000000E+00  .14028418E+01
   .65000000E+00  .13872538E+01
   .70000000E+00  .13715439E+01
   .75000000E+00  .13557099E+01
   .80000000E+00  .13397492E+01
   .85000000E+00  .13236594E+01
   .90000000E+00  .13074377E+01
   .95000000E+00  .12910815E+01
   .10000000E+01  .12745880E+01
   .10500000E+01  .12579544E+01
   .11000000E+01  .12411777E+01
   .11500000E+01  .12242549E+01
   .12000000E+01  .12071829E+01
   .12500000E+01  .11899583E+01
   .13000000E+01  .11725779E+01
   .13500000E+01  .11550382E+01
   .14000000E+01  .11373356E+01
   .14500000E+01  .11194665E+01
   .15000000E+01  .11014271E+01
   .15500000E+01  .10832134E+01
   .16000000E+01  .10648215E+01
   .16500000E+01  .10462469E+01
   .17000000E+01  .10274855E+01
   .17500000E+01  .10085328E+01
   .18000000E+01  .98938395E+00
   .18500000E+01  .97003427E+00
   .19000000E+01  .95047873E+00
   .19500000E+01  .93071214E+00
   .20000000E+01  .91072913E+00
KBPotential  L  =      2.00000   -.77488
  -.30000000E+01  .16880321E+01
  -.29500000E+01  .16722642E+01
  -.29000000E+01  .16563099E+01
  -.28500000E+01  .16401617E+01
  -.28000000E+01  .16238117E+01
  -.27500000E+01  .16072515E+01
  -.27000000E+01  .15904721E+01
  -.26500000E+01  .15734638E+01
  -.26000000E+01  .15562162E+01
  -.25500000E+01  .15387181E+01
  -.25000000E+01  .15209576E+01
  -.24500000E+01  .15029218E+01
  -.24000000E+01  .14845966E+01
  -.23500000E+01  .14659669E+01
  -.23000000E+01  .14470165E+01
  -.22500000E+01  .14277274E+01
  -.22000000E+01  .14080804E+01
  -.21500000E+01  .13880543E+01
  -.21000000E+01  .13676261E+01
  -.20500000E+01  .13467705E+01
  -.20000000E+01  .13254596E+01
  -.19500000E+01  .13036628E+01
  -.19000000E+01  .12813465E+01
  -.18500000E+01  .12584730E+01
  -.18000000E+01  .12350008E+01
  -.17500000E+01  .12108835E+01
  -.17000000E+01  .11860694E+01
  -.16500000E+01  .11604999E+01
  -.16000000E+01  .11341099E+01
  -.15500000E+01  .11068249E+01
  -.15000000E+01  .10785608E+01
  -.14500000E+01  .10492215E+01
  -.14000000E+01  .10186967E+01
  -.13500000E+01  .98685942E+00
  -.13000000E+01  .95356254E+00
  -.12500000E+01  .91863452E+00
  -.12000000E+01  .88196975E+00
  -.11500000E+01  .84314610E+00
  -.11000000E+01  .80197052E+00
  -.10500000E+01  .75810339E+00
  -.10000000E+01  .71112388E+00
  -.95000000E+00  .66054845E+00
  -.90000000E+00  .60574684E+00
  -.85000000E+00  .54594188E+00
  -.80000000E+00  .48014807E+00
  -.75000000E+00  .40709256E+00
  -.70000000E+00  .32511801E+00
  -.65000000E+00  .23199811E+00
  -.60000000E+00  .12469108E+00
  -.55000000E+00 -.10790713E-02
  -.50000000E+00 -.15150765E+00
  -.45000000E+00 -.33595262E+00
  -.40000000E+00 -.56922059E+00
  -.35000000E+00 -.87609513E+00
  -.30000000E+00 -.13022038E+01
  -.25000000E+00 -.19398600E+01
  -.20000000E+00 -.30106745E+01
  -.15000000E+00 -.52124569E+01
  -.10000000E+00 -.12483114E+02
  -.50000000E-01  .84937836E+02
  -.22898350E-14  .11192055E+02
   .50000000E-01  .63965723E+01
   .10000000E+00  .46444400E+01
   .15000000E+00  .37293996E+01
   .20000000E+00  .31626076E+01
   .25000000E+00  .27737573E+01
   .30000000E+00  .24879684E+01
   .35000000E+00  .22672615E+01
   .40000000E+00  .20900130E+01
   .45000000E+00  .19433593E+01
   .50000000E+00  .18189841E+01
   .55000000E+00  .17113171E+01
   .60000000E+00  .16164739E+01
   .65000000E+00  .15316699E+01
   .70000000E+00  .14548489E+01
   .75000000E+00  .13844686E+01
   .80000000E+00  .13193415E+01
   .85000000E+00  .12585366E+01
   .90000000E+00  .12013206E+01
   .95000000E+00  .11470974E+01
   .10000000E+01  .10953901E+01
   .10500000E+01  .10457979E+01
   .11000000E+01  .99798970E+00
   .11500000E+01  .95168648E+00
   .12000000E+01  .90665135E+00
   .12500000E+01  .86268113E+00
   .13000000E+01  .81960009E+00
   .13500000E+01  .77725483E+00
   .14000000E+01  .73551037E+00
   .14500000E+01  .69424691E+00
   .15000000E+01  .65335721E+00
   .15500000E+01  .61274448E+00
   .16000000E+01  .57232063E+00
   .16500000E+01  .53200702E+00
   .17000000E+01  .49172431E+00
   .17500000E+01  .45140475E+00
   .18000000E+01  .41098253E+00
   .18500000E+01  .37039510E+00
   .19000000E+01  .32958253E+00
   .19500000E+01  .28848682E+00
   .20000000E+01  .24705097E+00
KBPotential  L  =       .00000   -.63002
  -.30000000E+01  .14385923E+01
  -.29500000E+01  .14214280E+01
  -.29000000E+01  .14040856E+01
  -.28500000E+01  .13865604E+01
  -.28000000E+01  .13688476E+01
  -.27500000E+01  .13509421E+01
  -.27000000E+01  .13328386E+01
  -.26500000E+01  .13145315E+01
  -.26000000E+01  .12960151E+01
  -.25500000E+01  .12772836E+01
  -.25000000E+01  .12583306E+01
  -.24500000E+01  .12391497E+01
  -.24000000E+01  .12197342E+01
  -.23500000E+01  .12000769E+01
  -.23000000E+01  .11801705E+01
  -.22500000E+01  .11600074E+01
  -.22000000E+01  .11395794E+01
  -.21500000E+01  .11188782E+01
  -.21000000E+01  .10978950E+01
  -.20500000E+01  .10766205E+01
  -.20000000E+01  .10550451E+01
  -.19500000E+01  .10331586E+01
  -.19000000E+01  .10109505E+01
  -.18500000E+01  .98840965E+00
  -.18000000E+01  .96552428E+00
  -.17500000E+01  .94228209E+00
  -.17000000E+01  .91867017E+00
  -.16500000E+01  .89467489E+00
  -.16000000E+01  .87028191E+00
  -.15500000E+01  .84547611E+00
  -.15000000E+01  .82024154E+00
  -.14500000E+01  .79456138E+00
  -.14000000E+01  .76841783E+00
  -.13500000E+01  .74179209E+00
  -.13000000E+01  .71466427E+00
  -.12500000E+01  .68701327E+00
  -.12000000E+01  .65881676E+00
  -.11500000E+01  .63005103E+00
  -.11000000E+01  .60069088E+00
  -.10500000E+01  .57070955E+00
  -.10000000E+01  .54007854E+00
  -.95000000E+00  .50876748E+00
  -.90000000E+00  .47674400E+00
  -.85000000E+00  .44397352E+00
  -.80000000E+00  .41041908E+00
  -.75000000E+00  .37604113E+00
  -.70000000E+00  .34079728E+00
  -.65000000E+00  .30464205E+00
  -.60000000E+00  .26752658E+00
  -.55000000E+00  .22939835E+00
  -.50000000E+00  .19020063E+00
  -.45000000E+00  .14987235E+00
  -.40000000E+00  .10834747E+00
  -.35000000E+00  .65554500E-01
  -.30000000E+00  .21415930E-01
  -.25000000E+00 -.24152425E-01
  -.20000000E+00 -.71242167E-01
  -.15000000E+00 -.11995316E+00
  -.10000000E+00 -.17039450E+00
  -.50000000E-01 -.22268563E+00
  -.22898350E-14 -.27695746E+00
   .50000000E-01 -.33335405E+00
   .10000000E+00 -.39203416E+00
   .15000000E+00 -.45317318E+00
   .20000000E+00 -.51696543E+00
   .25000000E+00 -.58362681E+00
   .30000000E+00 -.65339786E+00
   .35000000E+00 -.72654746E+00
   .40000000E+00 -.80337713E+00
   .45000000E+00 -.88422622E+00
   .50000000E+00 -.96947800E+00
   .55000000E+00 -.10595672E+01
   .60000000E+00 -.11549888E+01
   .65000000E+00 -.12563091E+01
   .70000000E+00 -.13641793E+01
   .75000000E+00 -.14793517E+01
   .80000000E+00 -.16027006E+01
   .85000000E+00 -.17352484E+01
   .90000000E+00 -.18781980E+01
   .95000000E+00 -.20329756E+01
   .10000000E+01 -.22012847E+01
   .10500000E+01 -.23851782E+01
   .11000000E+01 -.25871529E+01
   .11500000E+01 -.28102774E+01
   .12000000E+01 -.30583676E+01
   .12500000E+01 -.33362300E+01
   .13000000E+01 -.36500083E+01
   .13500000E+01 -.40076870E+01
   .14000000E+01 -.44198414E+01
   .14500000E+01 -.49007895E+01
   .15000000E+01 -.54704201E+01
   .15500000E+01 -.61572131E+01
   .16000000E+01 -.70034706E+01
   .16500000E+01 -.80749130E+01
   .17000000E+01 -.94795821E+01
   .17500000E+01 -.11408626E+02
   .18000000E+01 -.14235614E+02
   .18500000E+01 -.18803264E+02
   .19000000E+01 -.27499784E+02
   .19500000E+01 -.50815335E+02
   .20000000E+01 -.33446316E+03
KBPotential  L  =      1.00000   -.40000
  -.30000000E+01  .16541215E+01
  -.29500000E+01  .16390616E+01
  -.29000000E+01  .16238777E+01
  -.28500000E+01  .16085670E+01
  -.28000000E+01  .15931268E+01
  -.27500000E+01  .15775545E+01
  -.27000000E+01  .15618471E+01
  -.26500000E+01  .15460016E+01
  -.26000000E+01  .15300150E+01
  -.25500000E+01  .15138843E+01
  -.25000000E+01  .14976060E+01
  -.24500000E+01  .14811769E+01
  -.24000000E+01  .14645935E+01
  -.23500000E+01  .14478521E+01
  -.23000000E+01  .14309492E+01
  -.22500000E+01  .14138808E+01
  -.22000000E+01  .13966430E+01
  -.21500000E+01  .13792316E+01
  -.21000000E+01  .13616424E+01
  -.20500000E+01  .13438710E+01
  -.20000000E+01  .13259129E+01
  -.19500000E+01  .13077632E+01
  -.19000000E+01  .12894171E+01
  -.18500000E+01  .12708695E+01
  -.18000000E+01  .12521151E+01
  -.17500000E+01  .12331485E+01
  -.17000000E+01  .12139639E+01
  -.16500000E+01  .11945554E+01
  -.16000000E+01  .11749169E+01
  -.15500000E+01  .11550420E+01
  -.15000000E+01  .11349241E+01
  -.14500000E+01  .11145563E+01
  -.14000000E+01  .10939313E+01
  -.13500000E+01  .10730417E+01
  -.13000000E+01  .10518797E+01
  -.12500000E+01  .10304371E+01
  -.12000000E+01  .10087055E+01
  -.11500000E+01  .98667610E+00
  -.11000000E+01  .96433956E+00
  -.10500000E+01  .94168635E+00
  -.10000000E+01  .91870630E+00
  -.95000000E+00  .89538896E+00
  -.90000000E+00  .87172330E+00
  -.85000000E+00  .84769781E+00
  -.80000000E+00  .82330046E+00
  -.75000000E+00  .79851861E+00
  -.70000000E+00  .77333902E+00
  -.65000000E+00  .74774783E+00
  -.60000000E+00  .72173047E+00
  -.55000000E+00  .69527165E+00
  -.50000000E+00  .66835531E+00
  -.45000000E+00  .64096456E+00
  -.40000000E+00  .61308162E+00
  -.35000000E+00  .58468780E+00
  -.30000000E+00  .55576338E+00
  -.25000000E+00  .52628759E+00
  -.20000000E+00  .49623852E+00
  -.15000000E+00  .46559302E+00
  -.10000000E+00  .43432663E+00
  -.50000000E-01  .40241351E+00
  -.22898350E-14  .36982628E+00
   .50000000E-01  .33653596E+00
   .10000000E+00  .30251182E+00
   .15000000E+00  .26772123E+00
   .20000000E+00  .23212963E+00
   .25000000E+00  .19570011E+00
   .30000000E+00  .15839352E+00
   .35000000E+00  .12016813E+00
   .40000000E+00  .80979449E-01
   .45000000E+00  .40779964E-01
   .50000000E+00 -.48108386E-03
   .55000000E+00 -.42858013E-01
   .60000000E+00 -.86408997E-01
   .65000000E+00 -.13119643E+00
   .70000000E+00 -.17728730E+00
   .75000000E+00 -.22475366E+00
   .80000000E+00 -.27367310E+00
   .85000000E+00 -.32412923E+00
   .90000000E+00 -.37621241E+00
   .95000000E+00 -.43002033E+00
   .10000000E+01 -.48565884E+00
   .10500000E+01 -.54324280E+00
   .11000000E+01 -.60289707E+00
   .11500000E+01 -.66475765E+00
   .12000000E+01 -.72897296E+00
   .12500000E+01 -.79570528E+00
   .13000000E+01 -.86513250E+00
   .13500000E+01 -.93745002E+00
   .14000000E+01 -.10128731E+01
   .14500000E+01 -.10916393E+01
   .15000000E+01 -.11740121E+01
   .15500000E+01 -.12602841E+01
   .16000000E+01 -.13507824E+01
   .16500000E+01 -.14458735E+01
   .17000000E+01 -.15459718E+01
   .17500000E+01 -.16515503E+01
   .18000000E+01 -.17631570E+01
   .18500000E+01 -.18814468E+01
   .19000000E+01 -.20072516E+01
   .19500000E+01 -.21418001E+01
   .20000000E+01 -.22877742E+01
KBPotential  L  =      3.00000    .00000
  -.30000000E+01  .19975310E+01
  -.29500000E+01  .19852966E+01
  -.29000000E+01  .19729930E+01
  -.28500000E+01  .19606193E+01
  -.28000000E+01  .19481742E+01
  -.27500000E+01  .19356566E+01
  -.27000000E+01  .19230654E+01
  -.26500000E+01  .19103993E+01
  -.26000000E+01  .18976572E+01
  -.25500000E+01  .18848377E+01
  -.25000000E+01  .18719395E+01
  -.24500000E+01  .18589613E+01
  -.24000000E+01  .18459017E+01
  -.23500000E+01  .18327593E+01
  -.23000000E+01  .18195327E+01
  -.22500000E+01  .18062204E+01
  -.22000000E+01  .17928208E+01
  -.21500000E+01  .17793325E+01
  -.21000000E+01  .17657537E+01
  -.20500000E+01  .17520828E+01
  -.20000000E+01  .17383181E+01
  -.19500000E+01  .17244578E+01
  -.19000000E+01  .17105002E+01
  -.18500000E+01  .16964434E+01
  -.18000000E+01  .16822855E+01
  -.17500000E+01  .16680244E+01
  -.17000000E+01  .16536583E+01
  -.16500000E+01  .16391849E+01
  -.16000000E+01  .16246021E+01
  -.15500000E+01  .16099078E+01
  -.15000000E+01  .15950995E+01
  -.14500000E+01  .15801750E+01
  -.14000000E+01  .15651318E+01
  -.13500000E+01  .15499674E+01
  -.13000000E+01  .15346792E+01
  -.12500000E+01  .15192646E+01
  -.12000000E+01  .15037206E+01
  -.11500000E+01  .14880446E+01
  -.11000000E+01  .14722334E+01
  -.10500000E+01  .14562841E+01
  -.10000000E+01  .14401935E+01
  -.95000000E+00  .14239583E+01
  -.90000000E+00  .14075751E+01
  -.85000000E+00  .13910404E+01
  -.80000000E+00  .13743506E+01
  -.75000000E+00  .13575019E+01
  -.70000000E+00  .13404903E+01
  -.65000000E+00  .13233119E+01
  -.60000000E+00  .13059624E+01
  -.55000000E+00  .12884374E+01
  -.50000000E+00  .12707325E+01
  -.45000000E+00  .12528429E+01
  -.40000000E+00  .12347636E+01
  -.35000000E+00  .12164897E+01
  -.30000000E+00  .11980159E+01
  -.25000000E+00  .11793365E+01
  -.20000000E+00  .11604460E+01
  -.15000000E+00  .11413383E+01
  -.10000000E+00  .11220071E+01
  -.50000000E-01  .11024461E+01
  -.22898350E-14  .10826484E+01
   .50000000E-01  .10626070E+01
   .10000000E+00  .10423145E+01
   .15000000E+00  .10217632E+01
   .20000000E+00  .10009451E+01
   .25000000E+00  .97985165E+00
   .30000000E+00  .95847414E+00
   .35000000E+00  .93680332E+00
   .40000000E+00  .91482951E+00
   .45000000E+00  .89254259E+00
   .50000000E+00  .86993191E+00
   .55000000E+00  .84698633E+00
   .60000000E+00  .82369411E+00
   .65000000E+00  .80004294E+00
   .70000000E+00  .77601986E+00
   .75000000E+00  .75161122E+00
   .80000000E+00  .72680267E+00
   .85000000E+00  .70157906E+00
   .90000000E+00  .67592441E+00
   .95000000E+00  .64982186E+00
   .10000000E+01  .62325359E+00
   .10500000E+01  .59620076E+00
   .11000000E+01  .56864322E+00
   .11500000E+01  .54056026E+00
   .12000000E+01  .51192928E+00
   .12500000E+01  .48272651E+00
   .13000000E+01  .45292671E+00
   .13500000E+01  .42250303E+00
   .14000000E+01  .39142691E+00
   .14500000E+01  .35966790E+00
   .15000000E+01  .32719354E+00
   .15500000E+01  .29396915E+00
   .16000000E+01  .25995767E+00
   .16500000E+01  .22511942E+00
   .17000000E+01  .18941190E+00
   .17500000E+01  .15278949E+00
   .18000000E+01  .11520318E+00
   .18500000E+01  .76600478E-01
   .19000000E+01  .36924068E-01
   .19500000E+01 -.38870945E-02
   .20000000E+01 -.45899284E-01
KBPotential  L  =      4.00000    .00000
  -.30000000E+01  .23059813E+01
  -.29500000E+01  .22955210E+01
  -.29000000E+01  .22850193E+01
  -.28500000E+01  .22744720E+01
  -.28000000E+01  .22638828E+01
  -.27500000E+01  .22532502E+01
  -.27000000E+01  .22425726E+01
  -.26500000E+01  .22318498E+01
  -.26000000E+01  .22210822E+01
  -.25500000E+01  .22102683E+01
  -.25000000E+01  .21994081E+01
  -.24500000E+01  .21885001E+01
  -.24000000E+01  .21775462E+01
  -.23500000E+01  .21665419E+01
  -.23000000E+01  .21554892E+01
  -.22500000E+01  .21443878E+01
  -.22000000E+01  .21332356E+01
  -.21500000E+01  .21220336E+01
  -.21000000E+01  .21107802E+01
  -.20500000E+01  .20994744E+01
  -.20000000E+01  .20881164E+01
  -.19500000E+01  .20767057E+01
  -.19000000E+01  .20652405E+01
  -.18500000E+01  .20537203E+01
  -.18000000E+01  .20421463E+01
  -.17500000E+01  .20305139E+01
  -.17000000E+01  .20188262E+01
  -.16500000E+01  .20070819E+01
  -.16000000E+01  .19952773E+01
  -.15500000E+01  .19834143E+01
  -.15000000E+01  .19714917E+01
  -.14500000E+01  .19595086E+01
  -.14000000E+01  .19474634E+01
  -.13500000E+01  .19353559E+01
  -.13000000E+01  .19231857E+01
  -.12500000E+01  .19109511E+01
  -.12000000E+01  .18986513E+01
  -.11500000E+01  .18862857E+01
  -.11000000E+01  .18738529E+01
  -.10500000E+01  .18613527E+01
  -.10000000E+01  .18487831E+01
  -.95000000E+00  .18361439E+01
  -.90000000E+00  .18234338E+01
  -.85000000E+00  .18106516E+01
  -.80000000E+00  .17977964E+01
  -.75000000E+00  .17848671E+01
  -.70000000E+00  .17718623E+01
  -.65000000E+00  .17587814E+01
  -.60000000E+00  .17456223E+01
  -.55000000E+00  .17323845E+01
  -.50000000E+00  .17190666E+01
  -.45000000E+00  .17056673E+01
  -.40000000E+00  .16921853E+01
  -.35000000E+00  .16786192E+01
  -.30000000E+00  .16649678E+01
  -.25000000E+00  .16512295E+01
  -.20000000E+00  .16374029E+01
  -.15000000E+00  .16234866E+01
  -.10000000E+00  .16094790E+01
  -.50000000E-01  .15953787E+01
  -.22898350E-14  .15811839E+01
   .50000000E-01  .15668931E+01
   .10000000E+00  .15525045E+01
   .15000000E+00  .15380165E+01
   .20000000E+00  .15234273E+01
   .25000000E+00  .15087351E+01
   .30000000E+00  .14939381E+01
   .35000000E+00  .14790342E+01
   .40000000E+00  .14640215E+01
   .45000000E+00  .14488980E+01
   .50000000E+00  .14336617E+01
   .55000000E+00  .14183103E+01
   .60000000E+00  .14028418E+01
   .65000000E+00  .13872538E+01
   .70000000E+00  .13715439E+01
   .75000000E+00  .13557099E+01
   .80000000E+00  .13397492E+01
   .85000000E+00  .13236594E+01
   .90000000E+00  .13074377E+01
   .95000000E+00  .12910815E+01
   .10000000E+01  .12745880E+01
   .10500000E+01  .12579544E+01
   .11000000E+01  .12411777E+01
   .11500000E+01  .12242549E+01
   .12000000E+01  .12071829E+01
   .12500000E+01  .11899583E+01
   .13000000E+01  .11725779E+01
   .13500000E+01  .11550382E+01
   .14000000E+01  .11373356E+01
   .14500000E+01  .11194665E+01
   .15000000E+01  .11014271E+01
   .15500000E+01  .10832134E+01
   .16000000E+01  .10648215E+01
   .16500000E+01  .10462469E+01
   .17000000E+01  .10274855E+01
   .17500000E+01  .10085328E+01
   .18000000E+01  .98938395E+00
   .18500000E+01  .97003427E+00
   .19000000E+01  .95047873E+00
   .19500000E+01  .93071214E+00
   .20000000E+01  .91072913E+00
