Rh: s1 d8                               
   12  45.   .002000 102.90550 125.   .50E-05 .100  200F91 36.00000
   .7  1.0   0
  1.0   .0   .5-1686.0467 2.0000
  2.0   .0   .5 -244.7001 2.0000
  2.0  1.0  1.5 -219.5386 6.0000
  3.0   .0   .5  -43.7401 2.0000
  3.0  1.0  1.5  -35.4334 6.0000
  3.0  2.0  2.5  -22.098210.0000
  4.0   .0   .5   -6.0477 2.0000
  4.0  1.0   .5   -3.7029 6.0000
  4.0  2.0  2.5    -.4419 8.0000
  5.0   .0   .5    -.3195 1.0000
  5.0  1.0  1.5    -.1000  .0000
  4.0  3.0  2.5    -.1000  .0000
