  PAW very hard Na potential             
 100
Core Pot   L  =         .00000  -4.13575
  -.30000000E+01  .65308673E+01
  -.29500000E+01  .60927011E+01
  -.29000000E+01  .57254196E+01
  -.28500000E+01  .54127109E+01
  -.28000000E+01  .51429086E+01
  -.27500000E+01  .49074485E+01
  -.27000000E+01  .46999011E+01
  -.26500000E+01  .45153459E+01
  -.26000000E+01  .43499530E+01
  -.25500000E+01  .42006970E+01
  -.25000000E+01  .40651559E+01
  -.24500000E+01  .39413682E+01
  -.24000000E+01  .38277281E+01
  -.23500000E+01  .37229087E+01
  -.23000000E+01  .36258035E+01
  -.22500000E+01  .35354828E+01
  -.22000000E+01  .34511596E+01
  -.21500000E+01  .33721633E+01
  -.21000000E+01  .32979187E+01
  -.20500000E+01  .32279300E+01
  -.20000000E+01  .31617672E+01
  -.19500000E+01  .30990557E+01
  -.19000000E+01  .30394675E+01
  -.18500000E+01  .29827144E+01
  -.18000000E+01  .29285418E+01
  -.17500000E+01  .28767244E+01
  -.17000000E+01  .28270616E+01
  -.16500000E+01  .27793744E+01
  -.16000000E+01  .27335028E+01
  -.15500000E+01  .26893029E+01
  -.15000000E+01  .26466453E+01
  -.14500000E+01  .26054129E+01
  -.14000000E+01  .25655000E+01
  -.13500000E+01  .25268104E+01
  -.13000000E+01  .24892569E+01
  -.12500000E+01  .24527596E+01
  -.12000000E+01  .24172457E+01
  -.11500000E+01  .23826487E+01
  -.11000000E+01  .23489072E+01
  -.10500000E+01  .23159651E+01
  -.10000000E+01  .22837706E+01
  -.95000000E+00  .22522758E+01
  -.90000000E+00  .22214367E+01
  -.85000000E+00  .21912123E+01
  -.80000000E+00  .21615647E+01
  -.75000000E+00  .21324587E+01
  -.70000000E+00  .21038615E+01
  -.65000000E+00  .20757427E+01
  -.60000000E+00  .20480738E+01
  -.55000000E+00  .20208282E+01
  -.50000000E+00  .19939812E+01
  -.45000000E+00  .19675093E+01
  -.40000000E+00  .19413908E+01
  -.35000000E+00  .19156052E+01
  -.30000000E+00  .18901332E+01
  -.25000000E+00  .18649566E+01
  -.20000000E+00  .18400585E+01
  -.15000000E+00  .18154227E+01
  -.10000000E+00  .17910339E+01
  -.50000000E-01  .17668778E+01
  -.22898350E-14  .17429407E+01
   .50000000E-01  .17192097E+01
   .10000000E+00  .16956726E+01
   .15000000E+00  .16723178E+01
   .20000000E+00  .16491341E+01
   .25000000E+00  .16261111E+01
   .30000000E+00  .16032388E+01
   .35000000E+00  .15805075E+01
   .40000000E+00  .15579082E+01
   .45000000E+00  .15354322E+01
   .50000000E+00  .15130710E+01
   .55000000E+00  .14908168E+01
   .60000000E+00  .14686619E+01
   .65000000E+00  .14465989E+01
   .70000000E+00  .14246208E+01
   .75000000E+00  .14027207E+01
   .80000000E+00  .13808923E+01
   .85000000E+00  .13591292E+01
   .90000000E+00  .13374254E+01
   .95000000E+00  .13157749E+01
   .10000000E+01  .12941722E+01
   .10500000E+01  .12726118E+01
   .11000000E+01  .12510885E+01
   .11500000E+01  .12295970E+01
   .12000000E+01  .12081325E+01
   .12500000E+01  .11866901E+01
   .13000000E+01  .11652651E+01
   .13500000E+01  .11438529E+01
   .14000000E+01  .11224492E+01
   .14500000E+01  .11010496E+01
   .15000000E+01  .10796498E+01
   .15500000E+01  .10582457E+01
   .16000000E+01  .10368334E+01
   .16500000E+01  .10154088E+01
   .17000000E+01  .99396811E+00
   .17500000E+01  .97250749E+00
   .18000000E+01  .95102323E+00
   .18500000E+01  .92951167E+00
   .19000000E+01  .90796921E+00
   .19500000E+01  .88639230E+00
   .20000000E+01  .86477744E+00
Potential  L  =         .00000  -4.13575
  -.30000000E+01  .57873067E+01
  -.29500000E+01  .54351972E+01
  -.29000000E+01  .51360415E+01
  -.28500000E+01  .48783582E+01
  -.28000000E+01  .46537586E+01
  -.27500000E+01  .44559710E+01
  -.27000000E+01  .42802125E+01
  -.26500000E+01  .41227719E+01
  -.26000000E+01  .39807255E+01
  -.25500000E+01  .38517386E+01
  -.25000000E+01  .37339244E+01
  -.24500000E+01  .36257398E+01
  -.24000000E+01  .35259167E+01
  -.23500000E+01  .34333945E+01
  -.23000000E+01  .33472848E+01
  -.22500000E+01  .32668369E+01
  -.22000000E+01  .31914113E+01
  -.21500000E+01  .31204609E+01
  -.21000000E+01  .30535140E+01
  -.20500000E+01  .29901604E+01
  -.20000000E+01  .29300480E+01
  -.19500000E+01  .28728641E+01
  -.19000000E+01  .28183356E+01
  -.18500000E+01  .27662213E+01
  -.18000000E+01  .27163079E+01
  -.17500000E+01  .26684056E+01
  -.17000000E+01  .26223453E+01
  -.16500000E+01  .25779755E+01
  -.16000000E+01  .25351605E+01
  -.15500000E+01  .24937778E+01
  -.15000000E+01  .24537171E+01
  -.14500000E+01  .24148785E+01
  -.14000000E+01  .23771712E+01
  -.13500000E+01  .23405127E+01
  -.13000000E+01  .23048280E+01
  -.12500000E+01  .22700482E+01
  -.12000000E+01  .22361104E+01
  -.11500000E+01  .22029568E+01
  -.11000000E+01  .21705345E+01
  -.10500000E+01  .21387945E+01
  -.10000000E+01  .21076916E+01
  -.95000000E+00  .20771841E+01
  -.90000000E+00  .20472334E+01
  -.85000000E+00  .20178036E+01
  -.80000000E+00  .19888614E+01
  -.75000000E+00  .19603759E+01
  -.70000000E+00  .19323181E+01
  -.65000000E+00  .19046610E+01
  -.60000000E+00  .18773794E+01
  -.55000000E+00  .18504498E+01
  -.50000000E+00  .18238499E+01
  -.45000000E+00  .17975590E+01
  -.40000000E+00  .17715576E+01
  -.35000000E+00  .17458272E+01
  -.30000000E+00  .17203505E+01
  -.25000000E+00  .16951112E+01
  -.20000000E+00  .16700938E+01
  -.15000000E+00  .16452836E+01
  -.10000000E+00  .16206667E+01
  -.50000000E-01  .15962301E+01
  -.22898350E-14  .15719612E+01
   .50000000E-01  .15478481E+01
   .10000000E+00  .15238795E+01
   .15000000E+00  .15000446E+01
   .20000000E+00  .14763330E+01
   .25000000E+00  .14527351E+01
   .30000000E+00  .14292412E+01
   .35000000E+00  .14058425E+01
   .40000000E+00  .13825301E+01
   .45000000E+00  .13592959E+01
   .50000000E+00  .13361318E+01
   .55000000E+00  .13130301E+01
   .60000000E+00  .12899833E+01
   .65000000E+00  .12669844E+01
   .70000000E+00  .12440263E+01
   .75000000E+00  .12211024E+01
   .80000000E+00  .11982061E+01
   .85000000E+00  .11753312E+01
   .90000000E+00  .11524716E+01
   .95000000E+00  .11296212E+01
   .10000000E+01  .11067744E+01
   .10500000E+01  .10839254E+01
   .11000000E+01  .10610687E+01
   .11500000E+01  .10381989E+01
   .12000000E+01  .10153108E+01
   .12500000E+01  .99239917E+00
   .13000000E+01  .96945894E+00
   .13500000E+01  .94648514E+00
   .14000000E+01  .92347285E+00
   .14500000E+01  .90041725E+00
   .15000000E+01  .87731358E+00
   .15500000E+01  .85415715E+00
   .16000000E+01  .83094330E+00
   .16500000E+01  .80766744E+00
   .17000000E+01  .78432502E+00
   .17500000E+01  .76091152E+00
   .18000000E+01  .73742245E+00
   .18500000E+01  .71385329E+00
   .19000000E+01  .69019974E+00
   .19500000E+01  .66645730E+00
   .20000000E+01  .64262156E+00
Core Pot   L  =        1.00000  -2.11789
  -.30000000E+01  .65669891E+00
  -.29500000E+01  .60253964E+00
  -.29000000E+01  .54537899E+00
  -.28500000E+01  .48490298E+00
  -.28000000E+01  .42075172E+00
  -.27500000E+01  .35251074E+00
  -.27000000E+01  .27970023E+00
  -.26500000E+01  .20176156E+00
  -.26000000E+01  .11804048E+00
  -.25500000E+01  .27765654E-01
  -.25000000E+01 -.69978704E-01
  -.24500000E+01 -.17628837E+00
  -.24000000E+01 -.29248560E+00
  -.23500000E+01 -.42018087E+00
  -.23000000E+01 -.56135595E+00
  -.22500000E+01 -.71847746E+00
  -.22000000E+01 -.89465486E+00
  -.21500000E+01 -.10938645E+01
  -.21000000E+01 -.13212742E+01
  -.20500000E+01 -.15837263E+01
  -.20000000E+01 -.18904748E+01
  -.19500000E+01 -.22543515E+01
  -.19000000E+01 -.26936796E+01
  -.18500000E+01 -.32355637E+01
  -.18000000E+01 -.39218664E+01
  -.17500000E+01 -.48208355E+01
  -.17000000E+01 -.60517801E+01
  -.16500000E+01 -.78438122E+01
  -.16000000E+01 -.10699912E+02
  -.15500000E+01 -.15980547E+02
  -.15000000E+01 -.29088279E+02
  -.14500000E+01 -.11782929E+03
  -.14000000E+01  .64896036E+02
  -.13500000E+01  .26617352E+02
  -.13000000E+01  .17178799E+02
  -.12500000E+01  .12900135E+02
  -.12000000E+01  .10455015E+02
  -.11500000E+01  .88704841E+01
  -.11000000E+01  .77584993E+01
  -.10500000E+01  .69338168E+01
  -.10000000E+01  .62968179E+01
  -.95000000E+00  .57891604E+01
  -.90000000E+00  .53744070E+01
  -.85000000E+00  .50286269E+01
  -.80000000E+00  .47354539E+01
  -.75000000E+00  .44833161E+01
  -.70000000E+00  .42638006E+01
  -.65000000E+00  .40706437E+01
  -.60000000E+00  .38990862E+01
  -.55000000E+00  .37454471E+01
  -.50000000E+00  .36068346E+01
  -.45000000E+00  .34809451E+01
  -.40000000E+00  .33659214E+01
  -.35000000E+00  .32602489E+01
  -.30000000E+00  .31626804E+01
  -.25000000E+00  .30721796E+01
  -.20000000E+00  .29878781E+01
  -.15000000E+00  .29090428E+01
  -.10000000E+00  .28350505E+01
  -.50000000E-01  .27653681E+01
  -.22898350E-14  .26995368E+01
   .50000000E-01  .26371594E+01
   .10000000E+00  .25778907E+01
   .15000000E+00  .25214288E+01
   .20000000E+00  .24675087E+01
   .25000000E+00  .24158970E+01
   .30000000E+00  .23663868E+01
   .35000000E+00  .23187945E+01
   .40000000E+00  .22729566E+01
   .45000000E+00  .22287264E+01
   .50000000E+00  .21859728E+01
   .55000000E+00  .21445775E+01
   .60000000E+00  .21044338E+01
   .65000000E+00  .20654452E+01
   .70000000E+00  .20275241E+01
   .75000000E+00  .19905908E+01
   .80000000E+00  .19545728E+01
   .85000000E+00  .19194036E+01
   .90000000E+00  .18850226E+01
   .95000000E+00  .18513738E+01
   .10000000E+01  .18184062E+01
   .10500000E+01  .17860723E+01
   .11000000E+01  .17543286E+01
   .11500000E+01  .17231347E+01
   .12000000E+01  .16924533E+01
   .12500000E+01  .16622496E+01
   .13000000E+01  .16324914E+01
   .13500000E+01  .16031487E+01
   .14000000E+01  .15741934E+01
   .14500000E+01  .15455993E+01
   .15000000E+01  .15173420E+01
   .15500000E+01  .14893985E+01
   .16000000E+01  .14617472E+01
   .16500000E+01  .14343679E+01
   .17000000E+01  .14072415E+01
   .17500000E+01  .13803500E+01
   .18000000E+01  .13536764E+01
   .18500000E+01  .13272046E+01
   .19000000E+01  .13009196E+01
   .19500000E+01  .12748068E+01
   .20000000E+01  .12488526E+01
Potential  L  =        1.00000  -2.11789
  -.30000000E+01  .29030382E+00
  -.29500000E+01  .23423627E+00
  -.29000000E+01  .17587981E+00
  -.28500000E+01  .11506643E+00
  -.28000000E+01  .51611051E-01
  -.27500000E+01 -.14690584E-01
  -.27000000E+01 -.84064532E-01
  -.26500000E+01 -.15676162E+00
  -.26000000E+01 -.23306092E+00
  -.25500000E+01 -.31327389E+00
  -.25000000E+01 -.39774914E+00
  -.24500000E+01 -.48687822E+00
  -.24000000E+01 -.58110240E+00
  -.23500000E+01 -.68092083E+00
  -.23000000E+01 -.78690036E+00
  -.22500000E+01 -.89968742E+00
  -.22000000E+01 -.10200225E+01
  -.21500000E+01 -.11487580E+01
  -.21000000E+01 -.12868799E+01
  -.20500000E+01 -.14355353E+01
  -.20000000E+01 -.15960669E+01
  -.19500000E+01 -.17700560E+01
  -.19000000E+01 -.19593784E+01
  -.18500000E+01 -.21662760E+01
  -.18000000E+01 -.23934512E+01
  -.17500000E+01 -.26441912E+01
  -.17000000E+01 -.29225349E+01
  -.16500000E+01 -.32335017E+01
  -.16000000E+01 -.35834076E+01
  -.15500000E+01 -.39803128E+01
  -.15000000E+01 -.44346688E+01
  -.14500000E+01 -.49602760E+01
  -.14000000E+01 -.55757420E+01
  -.13500000E+01 -.63067747E+01
  -.13000000E+01 -.71899253E+01
  -.12500000E+01 -.82789804E+01
  -.12000000E+01 -.96564779E+01
  -.11500000E+01 -.11455881E+02
  -.11000000E+01 -.13908020E+02
  -.10500000E+01 -.17449686E+02
  -.10000000E+01 -.23019301E+02
  -.95000000E+00 -.33067065E+02
  -.90000000E+00 -.56652103E+02
  -.85000000E+00 -.17786300E+03
  -.80000000E+00  .16975462E+03
  -.75000000E+00  .59073552E+02
  -.70000000E+00  .36329841E+02
  -.65000000E+00  .26513694E+02
  -.60000000E+00  .21039219E+02
  -.55000000E+00  .17545527E+02
  -.50000000E+00  .15120784E+02
  -.45000000E+00  .13338367E+02
  -.40000000E+00  .11972014E+02
  -.35000000E+00  .10890561E+02
  -.30000000E+00  .10012730E+02
  -.25000000E+00  .92854727E+01
  -.20000000E+00  .86726913E+01
  -.15000000E+00  .81489711E+01
  -.10000000E+00  .76959001E+01
  -.50000000E-01  .72998123E+01
  -.22898350E-14  .69503512E+01
   .50000000E-01  .66395250E+01
   .10000000E+00  .63610686E+01
   .15000000E+00  .61100004E+01
   .20000000E+00  .58823102E+01
   .25000000E+00  .56747333E+01
   .30000000E+00  .54845848E+01
   .35000000E+00  .53096363E+01
   .40000000E+00  .51480231E+01
   .45000000E+00  .49981728E+01
   .50000000E+00  .48587498E+01
   .55000000E+00  .47286131E+01
   .60000000E+00  .46067813E+01
   .65000000E+00  .44924061E+01
   .70000000E+00  .43847503E+01
   .75000000E+00  .42831715E+01
   .80000000E+00  .41871027E+01
   .85000000E+00  .40960479E+01
   .90000000E+00  .40095668E+01
   .95000000E+00  .39272702E+01
   .10000000E+01  .38488109E+01
   .10500000E+01  .37738781E+01
   .11000000E+01  .37021933E+01
   .11500000E+01  .36335068E+01
   .12000000E+01  .35675927E+01
   .12500000E+01  .35042490E+01
   .13000000E+01  .34432881E+01
   .13500000E+01  .33845434E+01
   .14000000E+01  .33278625E+01
   .14500000E+01  .32731059E+01
   .15000000E+01  .32201464E+01
   .15500000E+01  .31688673E+01
   .16000000E+01  .31191614E+01
   .16500000E+01  .30709303E+01
   .17000000E+01  .30240833E+01
   .17500000E+01  .29785366E+01
   .18000000E+01  .29342128E+01
   .18500000E+01  .28910404E+01
   .19000000E+01  .28489530E+01
   .19500000E+01  .28078888E+01
   .20000000E+01  .27677905E+01
Core Pot   L  =        2.00000    .00000
  -.30000000E+01  .21049682E+01
  -.29500000E+01  .20939395E+01
  -.29000000E+01  .20828652E+01
  -.28500000E+01  .20717447E+01
  -.28000000E+01  .20605775E+01
  -.27500000E+01  .20493631E+01
  -.27000000E+01  .20381011E+01
  -.26500000E+01  .20267908E+01
  -.26000000E+01  .20154318E+01
  -.25500000E+01  .20040235E+01
  -.25000000E+01  .19925654E+01
  -.24500000E+01  .19810569E+01
  -.24000000E+01  .19694975E+01
  -.23500000E+01  .19578866E+01
  -.23000000E+01  .19462236E+01
  -.22500000E+01  .19345079E+01
  -.22000000E+01  .19227389E+01
  -.21500000E+01  .19109160E+01
  -.21000000E+01  .18990386E+01
  -.20500000E+01  .18871061E+01
  -.20000000E+01  .18751177E+01
  -.19500000E+01  .18630730E+01
  -.19000000E+01  .18509710E+01
  -.18500000E+01  .18388113E+01
  -.18000000E+01  .18265932E+01
  -.17500000E+01  .18143158E+01
  -.17000000E+01  .18019785E+01
  -.16500000E+01  .17895806E+01
  -.16000000E+01  .17771213E+01
  -.15500000E+01  .17645999E+01
  -.15000000E+01  .17520156E+01
  -.14500000E+01  .17393676E+01
  -.14000000E+01  .17266551E+01
  -.13500000E+01  .17138774E+01
  -.13000000E+01  .17010335E+01
  -.12500000E+01  .16881227E+01
  -.12000000E+01  .16751441E+01
  -.11500000E+01  .16620967E+01
  -.11000000E+01  .16489799E+01
  -.10500000E+01  .16357925E+01
  -.10000000E+01  .16225337E+01
  -.95000000E+00  .16092026E+01
  -.90000000E+00  .15957982E+01
  -.85000000E+00  .15823195E+01
  -.80000000E+00  .15687655E+01
  -.75000000E+00  .15551352E+01
  -.70000000E+00  .15414275E+01
  -.65000000E+00  .15276415E+01
  -.60000000E+00  .15137759E+01
  -.55000000E+00  .14998298E+01
  -.50000000E+00  .14858020E+01
  -.45000000E+00  .14716913E+01
  -.40000000E+00  .14574966E+01
  -.35000000E+00  .14432167E+01
  -.30000000E+00  .14288503E+01
  -.25000000E+00  .14143963E+01
  -.20000000E+00  .13998533E+01
  -.15000000E+00  .13852200E+01
  -.10000000E+00  .13704952E+01
  -.50000000E-01  .13556774E+01
  -.22898350E-14  .13407654E+01
   .50000000E-01  .13257576E+01
   .10000000E+00  .13106526E+01
   .15000000E+00  .12954490E+01
   .20000000E+00  .12801452E+01
   .25000000E+00  .12647398E+01
   .30000000E+00  .12492310E+01
   .35000000E+00  .12336175E+01
   .40000000E+00  .12178973E+01
   .45000000E+00  .12020690E+01
   .50000000E+00  .11861308E+01
   .55000000E+00  .11700809E+01
   .60000000E+00  .11539175E+01
   .65000000E+00  .11376387E+01
   .70000000E+00  .11212427E+01
   .75000000E+00  .11047276E+01
   .80000000E+00  .10880914E+01
   .85000000E+00  .10713320E+01
   .90000000E+00  .10544474E+01
   .95000000E+00  .10374354E+01
   .10000000E+01  .10202940E+01
   .10500000E+01  .10030208E+01
   .11000000E+01  .98561351E+00
   .11500000E+01  .96806989E+00
   .12000000E+01  .95038752E+00
   .12500000E+01  .93256392E+00
   .13000000E+01  .91459658E+00
   .13500000E+01  .89648292E+00
   .14000000E+01  .87822028E+00
   .14500000E+01  .85980595E+00
   .15000000E+01  .84123714E+00
   .15500000E+01  .82251098E+00
   .16000000E+01  .80362455E+00
   .16500000E+01  .78457481E+00
   .17000000E+01  .76535869E+00
   .17500000E+01  .74597300E+00
   .18000000E+01  .72641447E+00
   .18500000E+01  .70667974E+00
   .19000000E+01  .68676537E+00
   .19500000E+01  .66666783E+00
   .20000000E+01  .64638344E+00
Potential  L  =        2.00000    .00000
  -.30000000E+01  .21193150E+01
  -.29500000E+01  .21084970E+01
  -.29000000E+01  .20976371E+01
  -.28500000E+01  .20867348E+01
  -.28000000E+01  .20757897E+01
  -.27500000E+01  .20648013E+01
  -.27000000E+01  .20537692E+01
  -.26500000E+01  .20426931E+01
  -.26000000E+01  .20315724E+01
  -.25500000E+01  .20204066E+01
  -.25000000E+01  .20091955E+01
  -.24500000E+01  .19979384E+01
  -.24000000E+01  .19866349E+01
  -.23500000E+01  .19752846E+01
  -.23000000E+01  .19638869E+01
  -.22500000E+01  .19524414E+01
  -.22000000E+01  .19409476E+01
  -.21500000E+01  .19294049E+01
  -.21000000E+01  .19178129E+01
  -.20500000E+01  .19061710E+01
  -.20000000E+01  .18944787E+01
  -.19500000E+01  .18827355E+01
  -.19000000E+01  .18709407E+01
  -.18500000E+01  .18590940E+01
  -.18000000E+01  .18471946E+01
  -.17500000E+01  .18352420E+01
  -.17000000E+01  .18232357E+01
  -.16500000E+01  .18111750E+01
  -.16000000E+01  .17990594E+01
  -.15500000E+01  .17868882E+01
  -.15000000E+01  .17746609E+01
  -.14500000E+01  .17623767E+01
  -.14000000E+01  .17500350E+01
  -.13500000E+01  .17376353E+01
  -.13000000E+01  .17251768E+01
  -.12500000E+01  .17126588E+01
  -.12000000E+01  .17000807E+01
  -.11500000E+01  .16874418E+01
  -.11000000E+01  .16747414E+01
  -.10500000E+01  .16619787E+01
  -.10000000E+01  .16491530E+01
  -.95000000E+00  .16362636E+01
  -.90000000E+00  .16233097E+01
  -.85000000E+00  .16102905E+01
  -.80000000E+00  .15972053E+01
  -.75000000E+00  .15840533E+01
  -.70000000E+00  .15708336E+01
  -.65000000E+00  .15575454E+01
  -.60000000E+00  .15441879E+01
  -.55000000E+00  .15307602E+01
  -.50000000E+00  .15172615E+01
  -.45000000E+00  .15036909E+01
  -.40000000E+00  .14900474E+01
  -.35000000E+00  .14763301E+01
  -.30000000E+00  .14625382E+01
  -.25000000E+00  .14486706E+01
  -.20000000E+00  .14347263E+01
  -.15000000E+00  .14207045E+01
  -.10000000E+00  .14066040E+01
  -.50000000E-01  .13924240E+01
  -.22898350E-14  .13781632E+01
   .50000000E-01  .13638206E+01
   .10000000E+00  .13493952E+01
   .15000000E+00  .13348859E+01
   .20000000E+00  .13202915E+01
   .25000000E+00  .13056109E+01
   .30000000E+00  .12908428E+01
   .35000000E+00  .12759862E+01
   .40000000E+00  .12610397E+01
   .45000000E+00  .12460022E+01
   .50000000E+00  .12308724E+01
   .55000000E+00  .12156489E+01
   .60000000E+00  .12003305E+01
   .65000000E+00  .11849158E+01
   .70000000E+00  .11694035E+01
   .75000000E+00  .11537921E+01
   .80000000E+00  .11380802E+01
   .85000000E+00  .11222664E+01
   .90000000E+00  .11063491E+01
   .95000000E+00  .10903269E+01
   .10000000E+01  .10741981E+01
   .10500000E+01  .10579613E+01
   .11000000E+01  .10416147E+01
   .11500000E+01  .10251568E+01
   .12000000E+01  .10085858E+01
   .12500000E+01  .99190002E+00
   .13000000E+01  .97509768E+00
   .13500000E+01  .95817700E+00
   .14000000E+01  .94113612E+00
   .14500000E+01  .92397316E+00
   .15000000E+01  .90668621E+00
   .15500000E+01  .88927328E+00
   .16000000E+01  .87173237E+00
   .16500000E+01  .85406142E+00
   .17000000E+01  .83625832E+00
   .17500000E+01  .81832092E+00
   .18000000E+01  .80024703E+00
   .18500000E+01  .78203439E+00
   .19000000E+01  .76368068E+00
   .19500000E+01  .74518355E+00
   .20000000E+01  .72654059E+00
Core Pot   L  =        3.00000    .00000
  -.30000000E+01  .27867967E+01
  -.29500000E+01  .27785215E+01
  -.29000000E+01  .27702268E+01
  -.28500000E+01  .27619126E+01
  -.28000000E+01  .27535787E+01
  -.27500000E+01  .27452249E+01
  -.27000000E+01  .27368513E+01
  -.26500000E+01  .27284576E+01
  -.26000000E+01  .27200437E+01
  -.25500000E+01  .27116095E+01
  -.25000000E+01  .27031549E+01
  -.24500000E+01  .26946797E+01
  -.24000000E+01  .26861838E+01
  -.23500000E+01  .26776671E+01
  -.23000000E+01  .26691295E+01
  -.22500000E+01  .26605707E+01
  -.22000000E+01  .26519908E+01
  -.21500000E+01  .26433895E+01
  -.21000000E+01  .26347667E+01
  -.20500000E+01  .26261222E+01
  -.20000000E+01  .26174560E+01
  -.19500000E+01  .26087679E+01
  -.19000000E+01  .26000577E+01
  -.18500000E+01  .25913253E+01
  -.18000000E+01  .25825706E+01
  -.17500000E+01  .25737933E+01
  -.17000000E+01  .25649935E+01
  -.16500000E+01  .25561708E+01
  -.16000000E+01  .25473252E+01
  -.15500000E+01  .25384565E+01
  -.15000000E+01  .25295645E+01
  -.14500000E+01  .25206491E+01
  -.14000000E+01  .25117102E+01
  -.13500000E+01  .25027475E+01
  -.13000000E+01  .24937609E+01
  -.12500000E+01  .24847503E+01
  -.12000000E+01  .24757155E+01
  -.11500000E+01  .24666563E+01
  -.11000000E+01  .24575726E+01
  -.10500000E+01  .24484641E+01
  -.10000000E+01  .24393307E+01
  -.95000000E+00  .24301723E+01
  -.90000000E+00  .24209887E+01
  -.85000000E+00  .24117796E+01
  -.80000000E+00  .24025449E+01
  -.75000000E+00  .23932845E+01
  -.70000000E+00  .23839981E+01
  -.65000000E+00  .23746856E+01
  -.60000000E+00  .23653468E+01
  -.55000000E+00  .23559814E+01
  -.50000000E+00  .23465893E+01
  -.45000000E+00  .23371704E+01
  -.40000000E+00  .23277243E+01
  -.35000000E+00  .23182510E+01
  -.30000000E+00  .23087502E+01
  -.25000000E+00  .22992217E+01
  -.20000000E+00  .22896653E+01
  -.15000000E+00  .22800809E+01
  -.10000000E+00  .22704681E+01
  -.50000000E-01  .22608268E+01
  -.22898350E-14  .22511568E+01
   .50000000E-01  .22414579E+01
   .10000000E+00  .22317298E+01
   .15000000E+00  .22219724E+01
   .20000000E+00  .22121853E+01
   .25000000E+00  .22023685E+01
   .30000000E+00  .21925216E+01
   .35000000E+00  .21826444E+01
   .40000000E+00  .21727367E+01
   .45000000E+00  .21627983E+01
   .50000000E+00  .21528290E+01
   .55000000E+00  .21428284E+01
   .60000000E+00  .21327964E+01
   .65000000E+00  .21227326E+01
   .70000000E+00  .21126369E+01
   .75000000E+00  .21025091E+01
   .80000000E+00  .20923487E+01
   .85000000E+00  .20821557E+01
   .90000000E+00  .20719297E+01
   .95000000E+00  .20616705E+01
   .10000000E+01  .20513777E+01
   .10500000E+01  .20410512E+01
   .11000000E+01  .20306907E+01
   .11500000E+01  .20202959E+01
   .12000000E+01  .20098664E+01
   .12500000E+01  .19994021E+01
   .13000000E+01  .19889027E+01
   .13500000E+01  .19783678E+01
   .14000000E+01  .19677971E+01
   .14500000E+01  .19571905E+01
   .15000000E+01  .19465475E+01
   .15500000E+01  .19358678E+01
   .16000000E+01  .19251512E+01
   .16500000E+01  .19143974E+01
   .17000000E+01  .19036060E+01
   .17500000E+01  .18927767E+01
   .18000000E+01  .18819091E+01
   .18500000E+01  .18710031E+01
   .19000000E+01  .18600582E+01
   .19500000E+01  .18490741E+01
   .20000000E+01  .18380504E+01
Potential  L  =        3.00000    .00000
  -.30000000E+01  .27889817E+01
  -.29500000E+01  .27807282E+01
  -.29000000E+01  .27724555E+01
  -.28500000E+01  .27641636E+01
  -.28000000E+01  .27558522E+01
  -.27500000E+01  .27475213E+01
  -.27000000E+01  .27391708E+01
  -.26500000E+01  .27308005E+01
  -.26000000E+01  .27224103E+01
  -.25500000E+01  .27140001E+01
  -.25000000E+01  .27055698E+01
  -.24500000E+01  .26971192E+01
  -.24000000E+01  .26886482E+01
  -.23500000E+01  .26801567E+01
  -.23000000E+01  .26716446E+01
  -.22500000E+01  .26631117E+01
  -.22000000E+01  .26545579E+01
  -.21500000E+01  .26459831E+01
  -.21000000E+01  .26373871E+01
  -.20500000E+01  .26287699E+01
  -.20000000E+01  .26201312E+01
  -.19500000E+01  .26114709E+01
  -.19000000E+01  .26027889E+01
  -.18500000E+01  .25940851E+01
  -.18000000E+01  .25853593E+01
  -.17500000E+01  .25766114E+01
  -.17000000E+01  .25678411E+01
  -.16500000E+01  .25590485E+01
  -.16000000E+01  .25502333E+01
  -.15500000E+01  .25413954E+01
  -.15000000E+01  .25325346E+01
  -.14500000E+01  .25236509E+01
  -.14000000E+01  .25147439E+01
  -.13500000E+01  .25058137E+01
  -.13000000E+01  .24968599E+01
  -.12500000E+01  .24878826E+01
  -.12000000E+01  .24788814E+01
  -.11500000E+01  .24698563E+01
  -.11000000E+01  .24608071E+01
  -.10500000E+01  .24517337E+01
  -.10000000E+01  .24426358E+01
  -.95000000E+00  .24335132E+01
  -.90000000E+00  .24243660E+01
  -.85000000E+00  .24151937E+01
  -.80000000E+00  .24059964E+01
  -.75000000E+00  .23967738E+01
  -.70000000E+00  .23875257E+01
  -.65000000E+00  .23782520E+01
  -.60000000E+00  .23689524E+01
  -.55000000E+00  .23596269E+01
  -.50000000E+00  .23502752E+01
  -.45000000E+00  .23408971E+01
  -.40000000E+00  .23314925E+01
  -.35000000E+00  .23220611E+01
  -.30000000E+00  .23126028E+01
  -.25000000E+00  .23031174E+01
  -.20000000E+00  .22936047E+01
  -.15000000E+00  .22840644E+01
  -.10000000E+00  .22744965E+01
  -.50000000E-01  .22649006E+01
  -.22898350E-14  .22552766E+01
   .50000000E-01  .22456243E+01
   .10000000E+00  .22359435E+01
   .15000000E+00  .22262340E+01
   .20000000E+00  .22164954E+01
   .25000000E+00  .22067278E+01
   .30000000E+00  .21969307E+01
   .35000000E+00  .21871041E+01
   .40000000E+00  .21772476E+01
   .45000000E+00  .21673611E+01
   .50000000E+00  .21574444E+01
   .55000000E+00  .21474971E+01
   .60000000E+00  .21375191E+01
   .65000000E+00  .21275102E+01
   .70000000E+00  .21174700E+01
   .75000000E+00  .21073984E+01
   .80000000E+00  .20972952E+01
   .85000000E+00  .20871600E+01
   .90000000E+00  .20769926E+01
   .95000000E+00  .20667928E+01
   .10000000E+01  .20565604E+01
   .10500000E+01  .20462950E+01
   .11000000E+01  .20359965E+01
   .11500000E+01  .20256644E+01
   .12000000E+01  .20152987E+01
   .12500000E+01  .20048990E+01
   .13000000E+01  .19944651E+01
   .13500000E+01  .19839966E+01
   .14000000E+01  .19734933E+01
   .14500000E+01  .19629549E+01
   .15000000E+01  .19523812E+01
   .15500000E+01  .19417718E+01
   .16000000E+01  .19311264E+01
   .16500000E+01  .19204448E+01
   .17000000E+01  .19097267E+01
   .17500000E+01  .18989717E+01
   .18000000E+01  .18881796E+01
   .18500000E+01  .18773500E+01
   .19000000E+01  .18664827E+01
   .19500000E+01  .18555772E+01
   .20000000E+01  .18446334E+01
Core Pot   L  =        4.00000    .00000
  -.30000000E+01  .34461474E+01
  -.29500000E+01  .34394130E+01
  -.29000000E+01  .34326679E+01
  -.28500000E+01  .34259121E+01
  -.28000000E+01  .34191455E+01
  -.27500000E+01  .34123682E+01
  -.27000000E+01  .34055801E+01
  -.26500000E+01  .33987811E+01
  -.26000000E+01  .33919712E+01
  -.25500000E+01  .33851503E+01
  -.25000000E+01  .33783184E+01
  -.24500000E+01  .33714755E+01
  -.24000000E+01  .33646214E+01
  -.23500000E+01  .33577562E+01
  -.23000000E+01  .33508798E+01
  -.22500000E+01  .33439922E+01
  -.22000000E+01  .33370932E+01
  -.21500000E+01  .33301829E+01
  -.21000000E+01  .33232613E+01
  -.20500000E+01  .33163281E+01
  -.20000000E+01  .33093835E+01
  -.19500000E+01  .33024274E+01
  -.19000000E+01  .32954596E+01
  -.18500000E+01  .32884802E+01
  -.18000000E+01  .32814891E+01
  -.17500000E+01  .32744863E+01
  -.17000000E+01  .32674716E+01
  -.16500000E+01  .32604451E+01
  -.16000000E+01  .32534068E+01
  -.15500000E+01  .32463564E+01
  -.15000000E+01  .32392940E+01
  -.14500000E+01  .32322196E+01
  -.14000000E+01  .32251331E+01
  -.13500000E+01  .32180344E+01
  -.13000000E+01  .32109235E+01
  -.12500000E+01  .32038002E+01
  -.12000000E+01  .31966647E+01
  -.11500000E+01  .31895168E+01
  -.11000000E+01  .31823564E+01
  -.10500000E+01  .31751835E+01
  -.10000000E+01  .31679980E+01
  -.95000000E+00  .31608000E+01
  -.90000000E+00  .31535892E+01
  -.85000000E+00  .31463657E+01
  -.80000000E+00  .31391295E+01
  -.75000000E+00  .31318804E+01
  -.70000000E+00  .31246183E+01
  -.65000000E+00  .31173433E+01
  -.60000000E+00  .31100553E+01
  -.55000000E+00  .31027542E+01
  -.50000000E+00  .30954399E+01
  -.45000000E+00  .30881124E+01
  -.40000000E+00  .30807716E+01
  -.35000000E+00  .30734175E+01
  -.30000000E+00  .30660500E+01
  -.25000000E+00  .30586690E+01
  -.20000000E+00  .30512745E+01
  -.15000000E+00  .30438664E+01
  -.10000000E+00  .30364447E+01
  -.50000000E-01  .30290092E+01
  -.22898350E-14  .30215600E+01
   .50000000E-01  .30140969E+01
   .10000000E+00  .30066198E+01
   .15000000E+00  .29991288E+01
   .20000000E+00  .29916238E+01
   .25000000E+00  .29841046E+01
   .30000000E+00  .29765712E+01
   .35000000E+00  .29690235E+01
   .40000000E+00  .29614616E+01
   .45000000E+00  .29538852E+01
   .50000000E+00  .29462944E+01
   .55000000E+00  .29386890E+01
   .60000000E+00  .29310690E+01
   .65000000E+00  .29234343E+01
   .70000000E+00  .29157849E+01
   .75000000E+00  .29081207E+01
   .80000000E+00  .29004415E+01
   .85000000E+00  .28927474E+01
   .90000000E+00  .28850382E+01
   .95000000E+00  .28773139E+01
   .10000000E+01  .28695743E+01
   .10500000E+01  .28618195E+01
   .11000000E+01  .28540494E+01
   .11500000E+01  .28462638E+01
   .12000000E+01  .28384627E+01
   .12500000E+01  .28306460E+01
   .13000000E+01  .28228137E+01
   .13500000E+01  .28149655E+01
   .14000000E+01  .28071016E+01
   .14500000E+01  .27992217E+01
   .15000000E+01  .27913259E+01
   .15500000E+01  .27834140E+01
   .16000000E+01  .27754859E+01
   .16500000E+01  .27675415E+01
   .17000000E+01  .27595809E+01
   .17500000E+01  .27516038E+01
   .18000000E+01  .27436102E+01
   .18500000E+01  .27356001E+01
   .19000000E+01  .27275733E+01
   .19500000E+01  .27195297E+01
   .20000000E+01  .27114692E+01
Potential  L  =        4.00000    .00000
  -.30000000E+01  .34466268E+01
  -.29500000E+01  .34398958E+01
  -.29000000E+01  .34331543E+01
  -.28500000E+01  .34264013E+01
  -.28000000E+01  .34196388E+01
  -.27500000E+01  .34128648E+01
  -.27000000E+01  .34060804E+01
  -.26500000E+01  .33992852E+01
  -.26000000E+01  .33924791E+01
  -.25500000E+01  .33856621E+01
  -.25000000E+01  .33788341E+01
  -.24500000E+01  .33719950E+01
  -.24000000E+01  .33651465E+01
  -.23500000E+01  .33582834E+01
  -.23000000E+01  .33514112E+01
  -.22500000E+01  .33445273E+01
  -.22000000E+01  .33376327E+01
  -.21500000E+01  .33307266E+01
  -.21000000E+01  .33238107E+01
  -.20500000E+01  .33168807E+01
  -.20000000E+01  .33099398E+01
  -.19500000E+01  .33029880E+01
  -.19000000E+01  .32960247E+01
  -.18500000E+01  .32890515E+01
  -.18000000E+01  .32820649E+01
  -.17500000E+01  .32750666E+01
  -.17000000E+01  .32680551E+01
  -.16500000E+01  .32610327E+01
  -.16000000E+01  .32539992E+01
  -.15500000E+01  .32469538E+01
  -.15000000E+01  .32398963E+01
  -.14500000E+01  .32328267E+01
  -.14000000E+01  .32257451E+01
  -.13500000E+01  .32186508E+01
  -.13000000E+01  .32115449E+01
  -.12500000E+01  .32044268E+01
  -.12000000E+01  .31972968E+01
  -.11500000E+01  .31901541E+01
  -.11000000E+01  .31829984E+01
  -.10500000E+01  .31758308E+01
  -.10000000E+01  .31686507E+01
  -.95000000E+00  .31614581E+01
  -.90000000E+00  .31542530E+01
  -.85000000E+00  .31470352E+01
  -.80000000E+00  .31398045E+01
  -.75000000E+00  .31325612E+01
  -.70000000E+00  .31253049E+01
  -.65000000E+00  .31180371E+01
  -.60000000E+00  .31107549E+01
  -.55000000E+00  .31034578E+01
  -.50000000E+00  .30961497E+01
  -.45000000E+00  .30888298E+01
  -.40000000E+00  .30814951E+01
  -.35000000E+00  .30741453E+01
  -.30000000E+00  .30667841E+01
  -.25000000E+00  .30594094E+01
  -.20000000E+00  .30520215E+01
  -.15000000E+00  .30446199E+01
  -.10000000E+00  .30372047E+01
  -.50000000E-01  .30297760E+01
  -.22898350E-14  .30223334E+01
   .50000000E-01  .30148770E+01
   .10000000E+00  .30074062E+01
   .15000000E+00  .29999223E+01
   .20000000E+00  .29924244E+01
   .25000000E+00  .29849117E+01
   .30000000E+00  .29773854E+01
   .35000000E+00  .29698451E+01
   .40000000E+00  .29622904E+01
   .45000000E+00  .29547214E+01
   .50000000E+00  .29471380E+01
   .55000000E+00  .29395402E+01
   .60000000E+00  .29319275E+01
   .65000000E+00  .29243004E+01
   .70000000E+00  .29166587E+01
   .75000000E+00  .29090023E+01
   .80000000E+00  .29013310E+01
   .85000000E+00  .28936449E+01
   .90000000E+00  .28859436E+01
   .95000000E+00  .28782275E+01
   .10000000E+01  .28704962E+01
   .10500000E+01  .28627497E+01
   .11000000E+01  .28549880E+01
   .11500000E+01  .28472109E+01
   .12000000E+01  .28394183E+01
   .12500000E+01  .28316103E+01
   .13000000E+01  .28237867E+01
   .13500000E+01  .28159475E+01
   .14000000E+01  .28080925E+01
   .14500000E+01  .28002216E+01
   .15000000E+01  .27923349E+01
   .15500000E+01  .27844322E+01
   .16000000E+01  .27765135E+01
   .16500000E+01  .27685786E+01
   .17000000E+01  .27606274E+01
   .17500000E+01  .27526600E+01
   .18000000E+01  .27446762E+01
   .18500000E+01  .27366758E+01
   .19000000E+01  .27286590E+01
   .19500000E+01  .27206253E+01
   .20000000E+01  .27125751E+01
KBPotential  L  =       .00000  -8.27150
  -.30000000E+01  .65223260E+01
  -.29500000E+01  .60852208E+01
  -.29000000E+01  .57187849E+01
  -.28500000E+01  .54067654E+01
  -.28000000E+01  .51375358E+01
  -.27500000E+01  .49025593E+01
  -.27000000E+01  .46954262E+01
  -.26500000E+01  .45112304E+01
  -.26000000E+01  .43461526E+01
  -.25500000E+01  .41971755E+01
  -.25000000E+01  .40618835E+01
  -.24500000E+01  .39383200E+01
  -.24000000E+01  .38248831E+01
  -.23500000E+01  .37202490E+01
  -.23000000E+01  .36233142E+01
  -.22500000E+01  .35331501E+01
  -.22000000E+01  .34489719E+01
  -.21500000E+01  .33701104E+01
  -.21000000E+01  .32959916E+01
  -.20500000E+01  .32261202E+01
  -.20000000E+01  .31600680E+01
  -.19500000E+01  .30974607E+01
  -.19000000E+01  .30379709E+01
  -.18500000E+01  .29813108E+01
  -.18000000E+01  .29272265E+01
  -.17500000E+01  .28754929E+01
  -.17000000E+01  .28259097E+01
  -.16500000E+01  .27782983E+01
  -.16000000E+01  .27324990E+01
  -.15500000E+01  .26883679E+01
  -.15000000E+01  .26457760E+01
  -.14500000E+01  .26046063E+01
  -.14000000E+01  .25647533E+01
  -.13500000E+01  .25261209E+01
  -.13000000E+01  .24886219E+01
  -.12500000E+01  .24521766E+01
  -.12000000E+01  .24167123E+01
  -.11500000E+01  .23821625E+01
  -.11000000E+01  .23484659E+01
  -.10500000E+01  .23155664E+01
  -.10000000E+01  .22834123E+01
  -.95000000E+00  .22519558E+01
  -.90000000E+00  .22211526E+01
  -.85000000E+00  .21909621E+01
  -.80000000E+00  .21613462E+01
  -.75000000E+00  .21322698E+01
  -.70000000E+00  .21037001E+01
  -.65000000E+00  .20756066E+01
  -.60000000E+00  .20479608E+01
  -.55000000E+00  .20207362E+01
  -.50000000E+00  .19939079E+01
  -.45000000E+00  .19674525E+01
  -.40000000E+00  .19413482E+01
  -.35000000E+00  .19155746E+01
  -.30000000E+00  .18901122E+01
  -.25000000E+00  .18649430E+01
  -.20000000E+00  .18400497E+01
  -.15000000E+00  .18154162E+01
  -.10000000E+00  .17910273E+01
  -.50000000E-01  .17668685E+01
  -.22898350E-14  .17429261E+01
   .50000000E-01  .17191871E+01
   .10000000E+00  .16956393E+01
   .15000000E+00  .16722708E+01
   .20000000E+00  .16490707E+01
   .25000000E+00  .16260283E+01
   .30000000E+00  .16031334E+01
   .35000000E+00  .15803766E+01
   .40000000E+00  .15577484E+01
   .45000000E+00  .15352402E+01
   .50000000E+00  .15128436E+01
   .55000000E+00  .14905503E+01
   .60000000E+00  .14683527E+01
   .65000000E+00  .14462434E+01
   .70000000E+00  .14242152E+01
   .75000000E+00  .14022611E+01
   .80000000E+00  .13803746E+01
   .85000000E+00  .13585492E+01
   .90000000E+00  .13367788E+01
   .95000000E+00  .13150574E+01
   .10000000E+01  .12933792E+01
   .10500000E+01  .12717387E+01
   .11000000E+01  .12501303E+01
   .11500000E+01  .12285488E+01
   .12000000E+01  .12069892E+01
   .12500000E+01  .11854464E+01
   .13000000E+01  .11639155E+01
   .13500000E+01  .11423918E+01
   .14000000E+01  .11208709E+01
   .14500000E+01  .10993480E+01
   .15000000E+01  .10778188E+01
   .15500000E+01  .10562789E+01
   .16000000E+01  .10347242E+01
   .16500000E+01  .10131505E+01
   .17000000E+01  .99155369E+00
   .17500000E+01  .96992970E+00
   .18000000E+01  .94827470E+00
   .18500000E+01  .92658472E+00
   .19000000E+01  .90485595E+00
   .19500000E+01  .88308456E+00
   .20000000E+01  .86126679E+00
KBPotential  L  =      1.00000  -4.23578
  -.30000000E+01  .66146219E+00
  -.29500000E+01  .60703040E+00
  -.29000000E+01  .54959130E+00
  -.28500000E+01  .48883088E+00
  -.28000000E+01  .42438934E+00
  -.27500000E+01  .35585240E+00
  -.27000000E+01  .28274048E+00
  -.26500000E+01  .20449566E+00
  -.26000000E+01  .12046445E+00
  -.25500000E+01  .29876762E-01
  -.25000000E+01 -.68181416E-01
  -.24500000E+01 -.17480329E+00
  -.24000000E+01 -.29130745E+00
  -.23500000E+01 -.41929918E+00
  -.23000000E+01 -.56075288E+00
  -.22500000E+01 -.71812436E+00
  -.22000000E+01 -.89450790E+00
  -.21500000E+01 -.10938569E+01
  -.21000000E+01 -.13213056E+01
  -.20500000E+01 -.15836453E+01
  -.20000000E+01 -.18900508E+01
  -.19500000E+01 -.22532279E+01
  -.19000000E+01 -.26912916E+01
  -.18500000E+01 -.32309891E+01
  -.18000000E+01 -.39135357E+01
  -.17500000E+01 -.48059288E+01
  -.17000000E+01 -.60248436E+01
  -.16500000E+01 -.77931588E+01
  -.16000000E+01 -.10596390E+02
  -.15500000E+01 -.15731123E+02
  -.15000000E+01 -.28213224E+02
  -.14500000E+01 -.10392339E+03
  -.14000000E+01  .70379257E+02
  -.13500000E+01  .27541998E+02
  -.13000000E+01  .17576822E+02
  -.12500000E+01  .13132475E+02
  -.12000000E+01  .10612725E+02
  -.11500000E+01  .89875293E+01
  -.11000000E+01  .78505908E+01
  -.10500000E+01  .70092954E+01
  -.10000000E+01  .63605592E+01
  -.95000000E+00  .58442247E+01
  -.90000000E+00  .54228235E+01
  -.85000000E+00  .50718007E+01
  -.80000000E+00  .47743924E+01
  -.75000000E+00  .45187653E+01
  -.70000000E+00  .42963244E+01
  -.65000000E+00  .41006786E+01
  -.60000000E+00  .39269758E+01
  -.55000000E+00  .37714665E+01
  -.50000000E+00  .36312069E+01
  -.45000000E+00  .35038539E+01
  -.40000000E+00  .33875189E+01
  -.35000000E+00  .32806630E+01
  -.30000000E+00  .31820194E+01
  -.25000000E+00  .30905359E+01
  -.20000000E+00  .30053311E+01
  -.15000000E+00  .29256614E+01
  -.10000000E+00  .28508948E+01
  -.50000000E-01  .27804906E+01
  -.22898350E-14  .27139839E+01
   .50000000E-01  .26509722E+01
   .10000000E+00  .25911057E+01
   .15000000E+00  .25340788E+01
   .20000000E+00  .24796232E+01
   .25000000E+00  .24275024E+01
   .30000000E+00  .23775073E+01
   .35000000E+00  .23294519E+01
   .40000000E+00  .22831708E+01
   .45000000E+00  .22385158E+01
   .50000000E+00  .21953542E+01
   .55000000E+00  .21535664E+01
   .60000000E+00  .21130445E+01
   .65000000E+00  .20736911E+01
   .70000000E+00  .20354177E+01
   .75000000E+00  .19981437E+01
   .80000000E+00  .19617959E+01
   .85000000E+00  .19263073E+01
   .90000000E+00  .18916165E+01
   .95000000E+00  .18576673E+01
   .10000000E+01  .18244080E+01
   .10500000E+01  .17917908E+01
   .11000000E+01  .17597718E+01
   .11500000E+01  .17283103E+01
   .12000000E+01  .16973688E+01
   .12500000E+01  .16669122E+01
   .13000000E+01  .16369081E+01
   .13500000E+01  .16073263E+01
   .14000000E+01  .15781385E+01
   .14500000E+01  .15493185E+01
   .15000000E+01  .15208417E+01
   .15500000E+01  .14926850E+01
   .16000000E+01  .14648268E+01
   .16500000E+01  .14372468E+01
   .17000000E+01  .14099258E+01
   .17500000E+01  .13828459E+01
   .18000000E+01  .13559901E+01
   .18500000E+01  .13293423E+01
   .19000000E+01  .13028874E+01
   .19500000E+01  .12766109E+01
   .20000000E+01  .12504994E+01
KBPotential  L  =      2.00000    .00000
  -.30000000E+01  .21193150E+01
  -.29500000E+01  .21084970E+01
  -.29000000E+01  .20976371E+01
  -.28500000E+01  .20867348E+01
  -.28000000E+01  .20757897E+01
  -.27500000E+01  .20648013E+01
  -.27000000E+01  .20537692E+01
  -.26500000E+01  .20426931E+01
  -.26000000E+01  .20315724E+01
  -.25500000E+01  .20204066E+01
  -.25000000E+01  .20091955E+01
  -.24500000E+01  .19979384E+01
  -.24000000E+01  .19866349E+01
  -.23500000E+01  .19752846E+01
  -.23000000E+01  .19638869E+01
  -.22500000E+01  .19524414E+01
  -.22000000E+01  .19409476E+01
  -.21500000E+01  .19294049E+01
  -.21000000E+01  .19178129E+01
  -.20500000E+01  .19061710E+01
  -.20000000E+01  .18944787E+01
  -.19500000E+01  .18827355E+01
  -.19000000E+01  .18709407E+01
  -.18500000E+01  .18590940E+01
  -.18000000E+01  .18471946E+01
  -.17500000E+01  .18352420E+01
  -.17000000E+01  .18232357E+01
  -.16500000E+01  .18111750E+01
  -.16000000E+01  .17990594E+01
  -.15500000E+01  .17868882E+01
  -.15000000E+01  .17746609E+01
  -.14500000E+01  .17623767E+01
  -.14000000E+01  .17500350E+01
  -.13500000E+01  .17376353E+01
  -.13000000E+01  .17251768E+01
  -.12500000E+01  .17126588E+01
  -.12000000E+01  .17000807E+01
  -.11500000E+01  .16874418E+01
  -.11000000E+01  .16747414E+01
  -.10500000E+01  .16619787E+01
  -.10000000E+01  .16491530E+01
  -.95000000E+00  .16362636E+01
  -.90000000E+00  .16233097E+01
  -.85000000E+00  .16102905E+01
  -.80000000E+00  .15972053E+01
  -.75000000E+00  .15840533E+01
  -.70000000E+00  .15708336E+01
  -.65000000E+00  .15575454E+01
  -.60000000E+00  .15441879E+01
  -.55000000E+00  .15307602E+01
  -.50000000E+00  .15172615E+01
  -.45000000E+00  .15036909E+01
  -.40000000E+00  .14900474E+01
  -.35000000E+00  .14763301E+01
  -.30000000E+00  .14625382E+01
  -.25000000E+00  .14486706E+01
  -.20000000E+00  .14347263E+01
  -.15000000E+00  .14207045E+01
  -.10000000E+00  .14066040E+01
  -.50000000E-01  .13924240E+01
  -.22898350E-14  .13781632E+01
   .50000000E-01  .13638206E+01
   .10000000E+00  .13493952E+01
   .15000000E+00  .13348859E+01
   .20000000E+00  .13202915E+01
   .25000000E+00  .13056109E+01
   .30000000E+00  .12908428E+01
   .35000000E+00  .12759862E+01
   .40000000E+00  .12610397E+01
   .45000000E+00  .12460022E+01
   .50000000E+00  .12308724E+01
   .55000000E+00  .12156489E+01
   .60000000E+00  .12003305E+01
   .65000000E+00  .11849158E+01
   .70000000E+00  .11694035E+01
   .75000000E+00  .11537921E+01
   .80000000E+00  .11380802E+01
   .85000000E+00  .11222664E+01
   .90000000E+00  .11063491E+01
   .95000000E+00  .10903269E+01
   .10000000E+01  .10741981E+01
   .10500000E+01  .10579613E+01
   .11000000E+01  .10416147E+01
   .11500000E+01  .10251568E+01
   .12000000E+01  .10085858E+01
   .12500000E+01  .99190002E+00
   .13000000E+01  .97509768E+00
   .13500000E+01  .95817700E+00
   .14000000E+01  .94113612E+00
   .14500000E+01  .92397316E+00
   .15000000E+01  .90668621E+00
   .15500000E+01  .88927328E+00
   .16000000E+01  .87173237E+00
   .16500000E+01  .85406142E+00
   .17000000E+01  .83625832E+00
   .17500000E+01  .81832092E+00
   .18000000E+01  .80024703E+00
   .18500000E+01  .78203439E+00
   .19000000E+01  .76368068E+00
   .19500000E+01  .74518355E+00
   .20000000E+01  .72654059E+00
KBPotential  L  =      3.00000    .00000
  -.30000000E+01  .27889817E+01
  -.29500000E+01  .27807282E+01
  -.29000000E+01  .27724555E+01
  -.28500000E+01  .27641636E+01
  -.28000000E+01  .27558522E+01
  -.27500000E+01  .27475213E+01
  -.27000000E+01  .27391708E+01
  -.26500000E+01  .27308005E+01
  -.26000000E+01  .27224103E+01
  -.25500000E+01  .27140001E+01
  -.25000000E+01  .27055698E+01
  -.24500000E+01  .26971192E+01
  -.24000000E+01  .26886482E+01
  -.23500000E+01  .26801567E+01
  -.23000000E+01  .26716446E+01
  -.22500000E+01  .26631117E+01
  -.22000000E+01  .26545579E+01
  -.21500000E+01  .26459831E+01
  -.21000000E+01  .26373871E+01
  -.20500000E+01  .26287699E+01
  -.20000000E+01  .26201312E+01
  -.19500000E+01  .26114709E+01
  -.19000000E+01  .26027889E+01
  -.18500000E+01  .25940851E+01
  -.18000000E+01  .25853593E+01
  -.17500000E+01  .25766114E+01
  -.17000000E+01  .25678411E+01
  -.16500000E+01  .25590485E+01
  -.16000000E+01  .25502333E+01
  -.15500000E+01  .25413954E+01
  -.15000000E+01  .25325346E+01
  -.14500000E+01  .25236509E+01
  -.14000000E+01  .25147439E+01
  -.13500000E+01  .25058137E+01
  -.13000000E+01  .24968599E+01
  -.12500000E+01  .24878826E+01
  -.12000000E+01  .24788814E+01
  -.11500000E+01  .24698563E+01
  -.11000000E+01  .24608071E+01
  -.10500000E+01  .24517337E+01
  -.10000000E+01  .24426358E+01
  -.95000000E+00  .24335132E+01
  -.90000000E+00  .24243660E+01
  -.85000000E+00  .24151937E+01
  -.80000000E+00  .24059964E+01
  -.75000000E+00  .23967738E+01
  -.70000000E+00  .23875257E+01
  -.65000000E+00  .23782520E+01
  -.60000000E+00  .23689524E+01
  -.55000000E+00  .23596269E+01
  -.50000000E+00  .23502752E+01
  -.45000000E+00  .23408971E+01
  -.40000000E+00  .23314925E+01
  -.35000000E+00  .23220611E+01
  -.30000000E+00  .23126028E+01
  -.25000000E+00  .23031174E+01
  -.20000000E+00  .22936047E+01
  -.15000000E+00  .22840644E+01
  -.10000000E+00  .22744965E+01
  -.50000000E-01  .22649006E+01
  -.22898350E-14  .22552766E+01
   .50000000E-01  .22456243E+01
   .10000000E+00  .22359435E+01
   .15000000E+00  .22262340E+01
   .20000000E+00  .22164954E+01
   .25000000E+00  .22067278E+01
   .30000000E+00  .21969307E+01
   .35000000E+00  .21871041E+01
   .40000000E+00  .21772476E+01
   .45000000E+00  .21673611E+01
   .50000000E+00  .21574444E+01
   .55000000E+00  .21474971E+01
   .60000000E+00  .21375191E+01
   .65000000E+00  .21275102E+01
   .70000000E+00  .21174700E+01
   .75000000E+00  .21073984E+01
   .80000000E+00  .20972952E+01
   .85000000E+00  .20871600E+01
   .90000000E+00  .20769926E+01
   .95000000E+00  .20667928E+01
   .10000000E+01  .20565604E+01
   .10500000E+01  .20462950E+01
   .11000000E+01  .20359965E+01
   .11500000E+01  .20256644E+01
   .12000000E+01  .20152987E+01
   .12500000E+01  .20048990E+01
   .13000000E+01  .19944651E+01
   .13500000E+01  .19839966E+01
   .14000000E+01  .19734933E+01
   .14500000E+01  .19629549E+01
   .15000000E+01  .19523812E+01
   .15500000E+01  .19417718E+01
   .16000000E+01  .19311264E+01
   .16500000E+01  .19204448E+01
   .17000000E+01  .19097267E+01
   .17500000E+01  .18989717E+01
   .18000000E+01  .18881796E+01
   .18500000E+01  .18773500E+01
   .19000000E+01  .18664827E+01
   .19500000E+01  .18555772E+01
   .20000000E+01  .18446334E+01
KBPotential  L  =      4.00000    .00000
  -.30000000E+01  .34466268E+01
  -.29500000E+01  .34398958E+01
  -.29000000E+01  .34331543E+01
  -.28500000E+01  .34264013E+01
  -.28000000E+01  .34196388E+01
  -.27500000E+01  .34128648E+01
  -.27000000E+01  .34060804E+01
  -.26500000E+01  .33992852E+01
  -.26000000E+01  .33924791E+01
  -.25500000E+01  .33856621E+01
  -.25000000E+01  .33788341E+01
  -.24500000E+01  .33719950E+01
  -.24000000E+01  .33651465E+01
  -.23500000E+01  .33582834E+01
  -.23000000E+01  .33514112E+01
  -.22500000E+01  .33445273E+01
  -.22000000E+01  .33376327E+01
  -.21500000E+01  .33307266E+01
  -.21000000E+01  .33238107E+01
  -.20500000E+01  .33168807E+01
  -.20000000E+01  .33099398E+01
  -.19500000E+01  .33029880E+01
  -.19000000E+01  .32960247E+01
  -.18500000E+01  .32890515E+01
  -.18000000E+01  .32820649E+01
  -.17500000E+01  .32750666E+01
  -.17000000E+01  .32680551E+01
  -.16500000E+01  .32610327E+01
  -.16000000E+01  .32539992E+01
  -.15500000E+01  .32469538E+01
  -.15000000E+01  .32398963E+01
  -.14500000E+01  .32328267E+01
  -.14000000E+01  .32257451E+01
  -.13500000E+01  .32186508E+01
  -.13000000E+01  .32115449E+01
  -.12500000E+01  .32044268E+01
  -.12000000E+01  .31972968E+01
  -.11500000E+01  .31901541E+01
  -.11000000E+01  .31829984E+01
  -.10500000E+01  .31758308E+01
  -.10000000E+01  .31686507E+01
  -.95000000E+00  .31614581E+01
  -.90000000E+00  .31542530E+01
  -.85000000E+00  .31470352E+01
  -.80000000E+00  .31398045E+01
  -.75000000E+00  .31325612E+01
  -.70000000E+00  .31253049E+01
  -.65000000E+00  .31180371E+01
  -.60000000E+00  .31107549E+01
  -.55000000E+00  .31034578E+01
  -.50000000E+00  .30961497E+01
  -.45000000E+00  .30888298E+01
  -.40000000E+00  .30814951E+01
  -.35000000E+00  .30741453E+01
  -.30000000E+00  .30667841E+01
  -.25000000E+00  .30594094E+01
  -.20000000E+00  .30520215E+01
  -.15000000E+00  .30446199E+01
  -.10000000E+00  .30372047E+01
  -.50000000E-01  .30297760E+01
  -.22898350E-14  .30223334E+01
   .50000000E-01  .30148770E+01
   .10000000E+00  .30074062E+01
   .15000000E+00  .29999223E+01
   .20000000E+00  .29924244E+01
   .25000000E+00  .29849117E+01
   .30000000E+00  .29773854E+01
   .35000000E+00  .29698451E+01
   .40000000E+00  .29622904E+01
   .45000000E+00  .29547214E+01
   .50000000E+00  .29471380E+01
   .55000000E+00  .29395402E+01
   .60000000E+00  .29319275E+01
   .65000000E+00  .29243004E+01
   .70000000E+00  .29166587E+01
   .75000000E+00  .29090023E+01
   .80000000E+00  .29013310E+01
   .85000000E+00  .28936449E+01
   .90000000E+00  .28859436E+01
   .95000000E+00  .28782275E+01
   .10000000E+01  .28704962E+01
   .10500000E+01  .28627497E+01
   .11000000E+01  .28549880E+01
   .11500000E+01  .28472109E+01
   .12000000E+01  .28394183E+01
   .12500000E+01  .28316103E+01
   .13000000E+01  .28237867E+01
   .13500000E+01  .28159475E+01
   .14000000E+01  .28080925E+01
   .14500000E+01  .28002216E+01
   .15000000E+01  .27923349E+01
   .15500000E+01  .27844322E+01
   .16000000E+01  .27765135E+01
   .16500000E+01  .27685786E+01
   .17000000E+01  .27606274E+01
   .17500000E+01  .27526600E+01
   .18000000E+01  .27446762E+01
   .18500000E+01  .27366758E+01
   .19000000E+01  .27286590E+01
   .19500000E+01  .27206253E+01
   .20000000E+01  .27125751E+01
