Re: s1d7                                
  .289778229E+00  .293642079E+00  .297557058E+00  .301523836E+00  .305543090E+00
  .309615504E+00  .313741775E+00  .317922607E+00  .322158710E+00  .326450809E+00
  .330799632E+00  .335205922E+00  .339670428E+00  .344193909E+00  .348777134E+00
  .353420882E+00  .358125943E+00  .362893116E+00  .367723208E+00  .372617041E+00
  .377575443E+00  .382599255E+00  .387689329E+00  .392846526E+00  .398071719E+00
  .403365792E+00  .408729641E+00  .414164172E+00  .419670303E+00  .425248963E+00
  .430901095E+00  .436627652E+00  .442429599E+00  .448307915E+00  .454263588E+00
  .460297621E+00  .466411031E+00  .472604844E+00  .478880103E+00  .485237860E+00
  .491679184E+00  .498205155E+00  .504816868E+00  .511515430E+00  .518301965E+00
  .525177609E+00  .532143511E+00  .539200837E+00  .546350766E+00  .553594493E+00
  .560933228E+00  .568368193E+00  .575900630E+00  .583531793E+00  .591262953E+00
  .599095398E+00  .607030429E+00  .615069366E+00  .623213545E+00  .631464317E+00
  .639823052E+00  .648291135E+00  .656869969E+00  .665560976E+00  .674365593E+00
  .683285276E+00  .692321500E+00  .701475756E+00  .710749556E+00  .720144428E+00
  .729661922E+00  .739303604E+00  .749071061E+00  .758965900E+00  .768989746E+00
  .779144246E+00  .789431065E+00  .799851891E+00  .810408431E+00  .821102413E+00
  .831935587E+00  .842909724E+00  .854026615E+00  .865288077E+00  .876695944E+00
  .888252077E+00  .899958357E+00  .911816689E+00  .923828999E+00  .935997240E+00
  .948323386E+00  .960809436E+00  .973457412E+00  .986269363E+00  .999247361E+00
  .101239350E+01  .102570991E+01  .103919873E+01  .105286214E+01  .106670234E+01
  .108072156E+01  .109492204E+01  .110930607E+01  .112387596E+01  .113863404E+01
  .115358268E+01  .116872426E+01  .118406121E+01  .119959597E+01  .121533103E+01
  .123126889E+01  .124741208E+01  .126376318E+01  .128032479E+01  .129709952E+01
  .131409005E+01  .133129906E+01  .134872927E+01  .136638344E+01  .138426435E+01
  .140237483E+01  .142071773E+01  .143929594E+01  .145811236E+01  .147716997E+01
  .149647174E+01  .151602071E+01  .153581992E+01  .155587248E+01  .157618151E+01
  .159675017E+01  .161758169E+01  .163867928E+01  .166004623E+01  .168168586E+01
  .170360151E+01  .172579658E+01  .174827451E+01  .177103875E+01  .179409282E+01
  .181744027E+01  .184108469E+01  .186502970E+01  .188927899E+01  .191383626E+01
  .193870527E+01  .196388982E+01  .198939375E+01  .201522095E+01  .204137533E+01
  .206786088E+01  .209468161E+01  .212184158E+01  .214934489E+01  .217719571E+01
  .220539823E+01  .223395669E+01  .226287538E+01  .229215865E+01  .232181088E+01
  .235183651E+01  .238224003E+01  .241302596E+01  .244419889E+01  .247576345E+01
  .250772433E+01  .254008626E+01  .257285403E+01  .260603248E+01  .263962649E+01
  .267364101E+01  .270808103E+01  .274295161E+01  .277825784E+01  .281400489E+01
  .285019797E+01  .288684234E+01  .292394334E+01  .296150633E+01  .299953676E+01
  .303804013E+01  .307702198E+01  .311648793E+01  .315644363E+01  .319689483E+01
  .323784731E+01  .327930691E+01  .332127954E+01  .336377117E+01  .340678783E+01
  .345033560E+01  .349442065E+01  .353904919E+01  .358422750E+01  .362996191E+01
  .367625883E+01  .372312474E+01  .377056617E+01  .381858972E+01  .386720205E+01
  .391640989E+01  .396622005E+01  .401663939E+01  .406767484E+01  .411933340E+01
  .417162214E+01  .422454819E+01  .427811877E+01  .433234114E+01  .438722266E+01
  .444277073E+01  .449899284E+01  .455589654E+01  .461348947E+01  .467177933E+01
  .473077388E+01  .479048097E+01  .485090851E+01  .491206449E+01  .497395698E+01
  .503659411E+01  .509998409E+01  .516413521E+01  .522905583E+01  .529475438E+01
  .536123936E+01  .542851937E+01  .549660307E+01  .556549919E+01  .563521655E+01
  .570576403E+01  .577715061E+01  .584938532E+01  .592247730E+01  .599643572E+01
  .607126988E+01  .614698913E+01  .622360289E+01  .630112068E+01  .637955209E+01
  .645890678E+01  .653919449E+01  .662042506E+01  .670260838E+01  .678575444E+01
  .686987328E+01  .695497506E+01  .704106999E+01  .712816836E+01  .721628055E+01
  .730541702E+01  .739558829E+01  .748680497E+01  .757907775E+01  .767241741E+01
  .776683478E+01  .786234079E+01  .795894644E+01  .805666280E+01  .815550104E+01
  .825547239E+01  .835658815E+01  .845885971E+01  .856229854E+01  .866691617E+01
  .877272421E+01  .887973436E+01  .898795837E+01  .909740808E+01  .920809540E+01
  .932003232E+01  .943323088E+01  .954770323E+01  .966346154E+01  .978051810E+01
  .989888523E+01  .100185754E+02  .101396009E+02  .102619745E+02  .103857087E+02
  .105108162E+02  .106373097E+02  .107652021E+02  .108945061E+02  .110252347E+02
  .111574010E+02  .112910179E+02  .114260986E+02  .115626562E+02  .117007039E+02
  .118402550E+02  .119813229E+02  .121239209E+02  .122680624E+02  .124137609E+02
  .125610299E+02  .127098831E+02  .128603339E+02  .130123961E+02  .131660833E+02
  .133214094E+02  .134783879E+02  .136370329E+02  .137973579E+02  .139593771E+02
  .141231041E+02  .142885530E+02  .144557377E+02  .146246722E+02  .147953703E+02
  .149678462E+02  .151421138E+02  .153181872E+02  .154960804E+02  .156758073E+02
  .158573822E+02  .160408189E+02  .162261315E+02  .164133341E+02  .166024406E+02
  .167934652E+02  .169864217E+02  .171813241E+02  .173781864E+02  .175770226E+02
  .177778464E+02  .179806718E+02  .181855125E+02  .183923824E+02  .186012952E+02
  .188122646E+02  .190253041E+02  .192404275E+02  .194576481E+02  .196769795E+02
  .198984350E+02  .201220279E+02  .203477714E+02  .205756787E+02  .208057628E+02
  .210380366E+02  .212725130E+02  .215092047E+02  .217481244E+02  .219892846E+02
  .222326977E+02  .224783759E+02  .227263313E+02  .229765760E+02  .232291218E+02
  .234839805E+02  .237411634E+02  .240006821E+02  .242625477E+02  .245267712E+02
  .247933635E+02  .250623353E+02  .253336970E+02  .256074589E+02  .258836309E+02
  .261622230E+02  .264432447E+02  .267267054E+02  .270126142E+02  .273009800E+02
  .275918114E+02  .278851168E+02  .281809043E+02  .284791817E+02  .287799564E+02
  .290832357E+02  .293890266E+02  .296973356E+02  .300081690E+02  .303215328E+02
  .306374325E+02  .309558734E+02  .312768604E+02  .316003981E+02  .319264906E+02
  .322551417E+02  .325863547E+02  .329201326E+02  .332564779E+02  .335953928E+02
  .339368789E+02  .342809376E+02  .346275695E+02  .349767749E+02  .353285538E+02
  .356829054E+02  .360398287E+02  .363993218E+02  .367613827E+02  .371260087E+02
  .374931964E+02  .378629421E+02  .382352414E+02  .386100893E+02  .389874802E+02
  .393674081E+02  .397498662E+02  .401348471E+02  .405223428E+02  .409123445E+02
  .413048431E+02  .416998285E+02  .420972901E+02  .424972164E+02  .428995954E+02
  .433044144E+02  .437116598E+02  .441213173E+02  .445333719E+02  .449478079E+02
  .453646086E+02  .457837568E+02  .462052343E+02  .466290221E+02  .470551005E+02
  .474834487E+02  .479140454E+02  .483468681E+02  .487818936E+02  .492190979E+02
  .496584560E+02  .500999419E+02  .505435287E+02  .509891888E+02  .514368934E+02
  .518866128E+02  .523383165E+02  .527919727E+02  .532475489E+02  .537050115E+02
  .541643259E+02  .546254565E+02  .550883665E+02  .555530183E+02  .560193731E+02
  .564873911E+02  .569570315E+02  .574282522E+02  .579010102E+02  .583752613E+02
  .588509604E+02  .593280610E+02  .598065156E+02  .602862757E+02  .607672914E+02
  .612495120E+02  .617328853E+02  .622173581E+02  .627028761E+02  .631893838E+02
  .636768245E+02  .641651403E+02  .646542722E+02  .651441600E+02  .656347422E+02
  .661259563E+02  .666177385E+02  .671100238E+02  .676027460E+02  .680958379E+02
  .685892309E+02  .690828552E+02  .695766400E+02  .700705132E+02  .705644014E+02
  .710582303E+02  .715519243E+02  .720454064E+02  .725385989E+02  .730314226E+02
  .735237972E+02  .740156414E+02  .745068727E+02  .749974075E+02  .754871610E+02
  .759760474E+02  .764639798E+02  .769508702E+02  .774366297E+02  .779211681E+02
  .784043945E+02  .788862166E+02  .793665416E+02  .798452752E+02  .803223227E+02
  .807975882E+02  .812709747E+02  .817423849E+02  .822117200E+02  .826788809E+02
  .831437675E+02  .836062789E+02  .840663136E+02  .845237692E+02  .849785429E+02
  .854305311E+02  .858796297E+02  .863257338E+02  .867687384E+02  .872085377E+02
  .876450256E+02  .880780955E+02  .885076406E+02  .889335537E+02  .893557273E+02
  .897740538E+02  .901884254E+02  .905987341E+02  .910048721E+02  .914067314E+02
  .918042039E+02  .921971820E+02  .925855581E+02  .929692246E+02  .933480745E+02
  .937220011E+02  .940908980E+02  .944546595E+02  .948131801E+02  .951663553E+02
  .955140810E+02  .958562541E+02  .961927723E+02  .965235339E+02  .968484387E+02
  .971673871E+02  .974802809E+02  .977870232E+02  .980875182E+02  .983816715E+02
  .986693903E+02  .989505833E+02  .992251609E+02  .994930352E+02  .997541200E+02
  .100008331E+03  .100255587E+03  .100495806E+03  .100728912E+03  .100954829E+03
  .101173483E+03  .101384803E+03  .101588722E+03  .101785174E+03  .101974097E+03
  .102155430E+03  .102329116E+03  .102495102E+03  .102653337E+03  .102803773E+03
  .102946367E+03  .103081078E+03  .103207868E+03  .103326705E+03  .103437559E+03
  .103540404E+03  .103635219E+03  .103721985E+03  .103800690E+03  .103871323E+03
  .103933880E+03  .103988361E+03  .104034770E+03  .104073114E+03  .104103409E+03
  .104125672E+03  .104139927E+03  .104146201E+03  .104144528E+03  .104134947E+03
  .104117501E+03  .104092240E+03  .104059218E+03  .104018496E+03  .103970138E+03
  .103914217E+03  .103850809E+03  .103779998E+03  .103701871E+03  .103616524E+03
  .103524057E+03  .103424576E+03  .103318195E+03  .103205032E+03  .103085211E+03
  .102958864E+03  .102826129E+03  .102687148E+03  .102542071E+03  .102391055E+03
  .102234262E+03  .102071859E+03  .101904023E+03  .101730934E+03  .101552779E+03
  .101369753E+03  .101182055E+03  .100989890E+03  .100793473E+03  .100593019E+03
  .100388755E+03  .100180911E+03  .999697215E+02  .997554303E+02  .995382849E+02
  .993185390E+02  .990964517E+02  .988722878E+02  .986463175E+02  .984188159E+02
  .981900637E+02  .979603464E+02  .977299542E+02  .974991822E+02  .972683300E+02
  .970377014E+02  .968076046E+02  .965783517E+02  .963502586E+02  .961236447E+02
  .958988330E+02  .956761493E+02  .954559227E+02  .952384847E+02  .950241693E+02
  .948133126E+02  .946062528E+02  .944033295E+02  .942048836E+02  .940112572E+02
  .938227930E+02  .936398341E+02  .934627238E+02  .932918051E+02  .931274202E+02
  .929699109E+02  .928196171E+02  .926768775E+02  .925420286E+02  .924154046E+02
  .922973369E+02  .921881536E+02  .920881795E+02  .919977353E+02  .919171373E+02
  .918466972E+02  .917867213E+02  .917375105E+02  .916993595E+02  .916725567E+02
  .916573833E+02  .916541135E+02  .916630136E+02  .916843416E+02  .917183471E+02
  .917652705E+02  .918253423E+02  .918987838E+02  .919858052E+02  .920866062E+02
  .922013751E+02  .923302885E+02  .924735110E+02  .926311943E+02  .928034776E+02
  .929904862E+02  .931923319E+02  .934091122E+02  .936409101E+02  .938877934E+02
  .941498148E+02  .944270111E+02  .947194030E+02  .950269950E+02  .953497746E+02
  .956877125E+02  .960407618E+02  .964088581E+02  .967919191E+02  .971898442E+02
  .976025145E+02  .980297925E+02  .984715217E+02  .989275270E+02  .993976138E+02
  .998815682E+02  .100379157E+03  .100890128E+03  .101414209E+03  .101951107E+03
  .102500512E+03  .103062092E+03  .103635497E+03  .104220358E+03  .104816283E+03
  .105422866E+03  .106039677E+03  .106666271E+03  .107302182E+03  .107946925E+03
  .108600000E+03  .109260885E+03  .109929044E+03  .110603921E+03  .111284946E+03
  .111971530E+03  .112663071E+03  .113358948E+03  .114058529E+03  .114761165E+03
  .115466195E+03  .116172945E+03  .116880728E+03  .117588846E+03  .118296589E+03
  .119003239E+03  .119708068E+03  .120410338E+03  .121109305E+03  .121804220E+03
  .122494325E+03  .123178860E+03  .123857059E+03  .124528155E+03  .125191380E+03
  .125845964E+03  .126491137E+03  .127126133E+03  .127750187E+03  .128362539E+03
  .128962434E+03  .129549122E+03  .130121863E+03  .130679924E+03  .131222584E+03
  .131749131E+03  .132258867E+03  .132751108E+03  .133225186E+03  .133680447E+03
  .134116256E+03  .134531999E+03  .134927080E+03  .135300925E+03  .135652983E+03
  .135982728E+03  .136289658E+03  .136573299E+03  .136833203E+03  .137068953E+03
  .137280160E+03  .137466468E+03  .137627552E+03  .137763123E+03  .137872922E+03
  .137956730E+03  .138014361E+03  .138045668E+03  .138050542E+03  .138028912E+03
  .137980747E+03  .137906057E+03  .137804893E+03  .137677345E+03  .137523550E+03
  .137343682E+03  .137137962E+03  .136906651E+03  .136650057E+03  .136368527E+03
  .136062456E+03  .135732279E+03  .135378477E+03  .135001572E+03  .134602131E+03
  .134180761E+03  .133738115E+03  .133274885E+03  .132791803E+03  .132289643E+03
  .131769218E+03  .131231380E+03  .130677017E+03  .130107055E+03  .129522453E+03
  .128924206E+03  .128313339E+03  .127690911E+03  .127058008E+03  .126415743E+03
  .125765257E+03  .125107715E+03  .124444301E+03  .123776222E+03  .123104702E+03
  .122430979E+03  .121756309E+03  .121081953E+03  .120409184E+03  .119739282E+03
  .119073529E+03  .118413208E+03  .117759600E+03  .117113983E+03  .116477628E+03
  .115851793E+03  .115237728E+03  .114636663E+03  .114049813E+03  .113478370E+03
  .112923501E+03  .112386349E+03  .111868024E+03  .111369604E+03  .110892133E+03
  .110436615E+03  .110004012E+03  .109595245E+03  .109211185E+03  .108852657E+03
  .108520430E+03  .108215224E+03  .107937698E+03  .107688454E+03  .107468032E+03
  .107276910E+03  .107115498E+03  .106984143E+03  .106883119E+03  .106812632E+03
  .106772815E+03  .106763728E+03  .106785355E+03  .106837608E+03  .106920319E+03
  .107033245E+03  .107176064E+03  .107348379E+03  .107549712E+03  .107779510E+03
  .108037139E+03  .108321890E+03  .108632978E+03  .108969542E+03  .109330645E+03
  .109715279E+03  .110122364E+03  .110550747E+03  .110999211E+03  .111466470E+03
  .111951176E+03  .112451919E+03  .112967229E+03  .113495584E+03  .114035406E+03
  .114585069E+03  .115142903E+03  .115707192E+03  .116276184E+03  .116848093E+03
  .117421102E+03  .117993366E+03  .118563022E+03  .119128186E+03  .119686964E+03
  .120237452E+03  .120777745E+03  .121305937E+03  .121820130E+03  .122318438E+03
  .122798992E+03  .123259942E+03  .123699468E+03  .124115779E+03  .124507122E+03
  .124871786E+03  .125208106E+03  .125514468E+03  .125789316E+03  .126031154E+03
  .126238551E+03  .126410148E+03  .126544658E+03  .126640875E+03  .126697674E+03
  .126714016E+03  .126688955E+03  .126621635E+03  .126511299E+03  .126357289E+03
  .126159048E+03  .125916126E+03  .125628180E+03  .125294973E+03  .124916383E+03
  .124492395E+03  .124023112E+03  .123508746E+03  .122949626E+03  .122346194E+03
  .121699006E+03  .121008731E+03  .120276150E+03  .119502156E+03  .118687751E+03
  .117834044E+03  .116942250E+03  .116013687E+03  .115049772E+03  .114052019E+03
  .113022034E+03  .111961514E+03  .110872240E+03  .109756073E+03  .108614953E+03
  .107450887E+03  .106265950E+03  .105062278E+03  .103842060E+03  .102607536E+03
  .101360986E+03  .100104729E+03  .988411139E+02  .975725128E+02  .963013147E+02
  .950299198E+02  .937607313E+02  .924961497E+02  .912385648E+02  .899903504E+02
  .887538554E+02  .875313993E+02  .863252632E+02  .851376849E+02  .839708510E+02
  .828268918E+02  .817078733E+02  .806157933E+02  .795525729E+02  .785200532E+02
  .775199879E+02  .765540399E+02  .756237741E+02  .747306552E+02  .738760413E+02
  .730611814E+02  .722872102E+02  .715551465E+02  .708658886E+02  .702202129E+02
  .696187707E+02  .690620873E+02  .685505598E+02  .680844569E+02  .676639175E+02
  .672889509E+02  .669594369E+02  .666751269E+02  .664356440E+02  .662404856E+02
  .660890244E+02  .659805110E+02  .659140767E+02  .658887355E+02  .659033900E+02
  .659568327E+02  .660477513E+02  .661747323E+02  .663362668E+02  .665307548E+02
  .667565108E+02  .670117693E+02  .672946909E+02  .676033678E+02  .679358307E+02
  .682900545E+02  .686639657E+02  .690554480E+02  .694623503E+02  .698824923E+02
  .703136719E+02  .707536729E+02  .712002713E+02  .716512414E+02  .721043640E+02
  .725574318E+02  .730082576E+02  .734546790E+02  .738945666E+02  .743258288E+02
  .747464188E+02  .751543395E+02  .755476504E+02  .759244709E+02  .762829880E+02
  .766214582E+02  .769382147E+02  .772316693E+02  .775003182E+02  .777427436E+02
  .779576190E+02  .781437097E+02  .782998778E+02  .784250818E+02  .785183809E+02
  .785789340E+02  .786060028E+02  .785989508E+02  .785572454E+02  .784804560E+02
  .783682555E+02  .782204181E+02  .780368192E+02  .778174329E+02  .775623333E+02
  .772716891E+02  .769457634E+02  .765849103E+02  .761895729E+02  .757602797E+02
  .752976420E+02  .748023490E+02  .742751675E+02  .737169352E+02  .731285574E+02
  .725110036E+02  .718653023E+02  .711925383E+02  .704938465E+02  .697704092E+02
  .690234500E+02  .682542311E+02  .674640467E+02  .666542206E+02  .658260998E+02
  .649810518E+02  .641204580E+02  .632457122E+02  .623582129E+02  .614593626E+02
  .605505603E+02  .596332011E+02  .587086681E+02  .577783334E+02  .568435496E+02
  .559056512E+02  .549659465E+02  .540257191E+02  .530862208E+02  .521486725E+02
  .512142578E+02  .502841247E+02  .493593793E+02  .484410875E+02  .475302696E+02
  .466279023E+02  .457349132E+02  .448521839E+02  .439805444E+02  .431207767E+02
  .422736097E+02  .414397228E+02  .406197416E+02  .398142416E+02  .390237445E+02
  .382487230E+02  .374895942E+02  .367467267E+02  .360204373E+02  .353109945E+02
  .346186164E+02  .339434750E+02  .332856936E+02  .326453521E+02  .320224843E+02
  .314170832E+02  .308290989E+02  .302584434E+02  .297049896E+02  .291685755E+02
  .286490034E+02  .281460445E+02  .276594380E+02  .271888958E+02  .267341017E+02
  .262947159E+02  .258703747E+02  .254606944E+02  .250652716E+02  .246836867E+02
  .243155044E+02  .239602769E+02  .236175445E+02  .232868389E+02  .229676832E+02
  .226595958E+02  .223620903E+02  .220746781E+02  .217968696E+02  .215281763E+02
  .212681116E+02  .210161925E+02  .207719413E+02  .205348849E+02  .203045605E+02
  .200805127E+02  .198622954E+02  .196494734E+02  .194416231E+02  .192383331E+02
  .190392053E+02  .188438555E+02  .186519139E+02  .184630257E+02  .182768496E+02
  .180930641E+02  .179113616E+02  .177314513E+02  .175530586E+02  .173759258E+02
  .171998120E+02  .170244929E+02  .168497611E+02  .166754256E+02  .165013120E+02
  .163272619E+02  .161531330E+02  .159787985E+02  .158041469E+02  .156290811E+02
  .154535197E+02  .152773943E+02  .151006507E+02  .149232470E+02  .147451544E+02
  .145663557E+02  .143868452E+02  .142066281E+02  .140257196E+02  .138441447E+02
  .136619373E+02  .134791398E+02  .132958023E+02  .131119822E+02  .129277432E+02
  .127431553E+02  .125582937E+02  .123732383E+02  .121880736E+02  .120028873E+02
  .118177704E+02  .116328166E+02  .114481214E+02  .112637821E+02  .110798970E+02
  .108965649E+02  .107138850E+02  .105319561E+02  .103508765E+02  .101707432E+02
  .999165216E+01  .981369753E+01  .963697140E+01  .946156364E+01  .928756149E+01
  .911504945E+01  .894410898E+01  .877481834E+01  .860725235E+01  .844148235E+01
  .827757593E+01  .811559696E+01  .795560533E+01  .779765704E+01  .764180402E+01
  .748809415E+01  .733657120E+01  .718727477E+01  .704024017E+01  .689549925E+01
  .675307852E+01  .661300249E+01  .647528970E+01  .633995659E+01  .620701423E+01
  .607647161E+01  .594833263E+01  .582259897E+01  .569926798E+01  .557833468E+01
  .545979003E+01  .534362301E+01  .522981873E+01  .511836064E+01  .500922854E+01
  .490240094E+01  .479785293E+01  .469555860E+01  .459548889E+01  .449761412E+01
  .440190117E+01  .430831764E+01  .421682787E+01  .412739629E+01  .403998480E+01
  .395455570E+01  .387106899E+01  .378948538E+01  .370976349E+01  .363186291E+01
  .355574133E+01  .348135772E+01  .340866931E+01  .333763483E+01  .326821145E+01
  .320035808E+01  .313403219E+01  .306919324E+01  .300579870E+01  .294380950E+01
  .288318466E+01  .282388554E+01  .276587231E+01  .270910771E+01  .265355331E+01
  .259917338E+01  .254593104E+01  .249379227E+01  .244272192E+01  .239268776E+01
  .234365647E+01  .229559772E+01  .224848012E+01  .220227530E+01  .215695378E+01
  .211248921E+01  .206885412E+01  .202602413E+01  .198397372E+01  .194268054E+01
  .190212101E+01  .186227473E+01  .182312001E+01  .178463836E+01  .174680995E+01
  .170961813E+01  .167304481E+01  .163707511E+01  .160169264E+01  .156688417E+01
  .153263491E+01  .149893319E+01  .146576573E+01  .143312219E+01  .140099078E+01
  .136936265E+01  .133822717E+01  .130757672E+01  .127740182E+01  .124769598E+01
  .121845079E+01  .118966077E+01  .116131844E+01  .113341923E+01  .110595651E+01
  .107892649E+01  .105232325E+01  .102614372E+01  .100038260E+01  .975037415E+00
  .950103373E+00  .925578501E+00  .901458468E+00  .877741690E+00  .854424177E+00
  .831504678E+00  .808979489E+00  .786847590E+00  .765105464E+00  .743752275E+00
  .722784652E+00  .702201855E+00  .682000573E+00  .662180125E+00  .642737232E+00
  .623671199E+00  .604978707E+00  .586659020E+00  .568708762E+00  .551127084E+00
  .533910537E+00  .517058121E+00  .500566272E+00  .484433833E+00  .468657070E+00
  .453234667E+00  .438162720E+00  .423439717E+00  .409061551E+00  .395026522E+00
  .381330328E+00  .367971056E+00  .354944190E+00  .342247612E+00  .329876924E+00
  .317828855E+00  .306099725E+00  .294685758E+00  .283583074E+00  .272787700E+00
  .262295565E+00  .252102511E+00  .242204288E+00  .232596563E+00  .223274921E+00
  .214234872E+00  .205471850E+00  .196981222E+00  .188758291E+00  .180798301E+00
  .173096439E+00  .165647846E+00  .158447558E+00  .151490691E+00  .144772262E+00
  .138287261E+00  .132030653E+00  .125997385E+00  .120182390E+00  .114580594E+00
  .109186918E+00  .103996286E+00  .990036287E-01  .942038904E-01  .895920309E-01
  .851630327E-01  .809119045E-01  .768336865E-01  .729234545E-01  .691763245E-01
  .655874566E-01  .621520594E-01  .588653935E-01  .557227758E-01  .527195823E-01
  .498512522E-01  .471132905E-01  .445012717E-01  .420108418E-01  .396377216E-01
  .373777090E-01  .352266811E-01  .331805961E-01  .312354958E-01  .293875067E-01
  .276328417E-01  .259678013E-01  .243887750E-01  .228922417E-01  .214747711E-01
  .201329844E-01  .188636750E-01  .176636851E-01  .165299489E-01  .154594920E-01
  .144494314E-01  .134969746E-01  .125994205E-01  .117541569E-01  .109586608E-01
  .102104968E-01  .950731668E-02  .884685764E-02  .822694144E-02  .764547288E-02
  .710043841E-02  .658990457E-02  .611201643E-02  .566499591E-02  .524714004E-02
  .485681923E-02  .449247544E-02  .415262030E-02  .383583323E-02  .354075955E-02
  .326610852E-02  .301065137E-02  .277321938E-02  .255270188E-02  .234804432E-02
  .215824626E-02  .198235947E-02  .181948596E-02  .166877607E-02  .152942661E-02
  .140067894E-02  .128181715E-02  .117216625E-02  .107109042E-02  .977991231E-03
  .892305957E-03  .813505938E-03  .741094944E-03  .674607608E-03  .613607900E-03
  .557687648E-03  .506465097E-03  .459583531E-03  .416709928E-03  .377533675E-03
  .341765317E-03  .309135373E-03  .279393181E-03  .252305802E-03  .227656966E-03
  .205246067E-03  .184887200E-03  .166408247E-03  .149650001E-03  .134465339E-03
  .120718430E-03  .108283989E-03  .970465678E-04  .868998838E-04  .777461856E-04
  .694956552E-04  .620658432E-04  .553811377E-04  .493722645E-04  .439758178E-04
  .391338199E-04  .347933083E-04  .309059501E-04  .274276805E-04  .243183660E-04
  .215414903E-04  .190638615E-04  .168553396E-04  .148885839E-04  .131388181E-04
  .115836125E-04  .102026828E-04  .897770354E-05  .789213615E-05  .693107025E-05
  .608107735E-05  .533007619E-05  .466720912E-05  .408272841E-05  .356789214E-05
  .311486877E-05  .271664988E-05  .236697042E-05  .206023595E-05  .179145625E-05
  .155618501E-05  .135046486E-05  .117077754E-05  .101399861E-05  .877356518E-06
  .758395505E-06  .654942066E-06  .565074718E-06  .487096724E-06  .419511532E-06
  .361000700E-06  .310404055E-06  .266701907E-06  .228999114E-06  .196510820E-06
  .168549718E-06  .144514686E-06  .123880659E-06  .106189617E-06  .910425870E-07
  .780925439E-07  .670381305E-07  .576181095E-07  .496064762E-07  .428081651E-07
  .370552917E-07  .322038807E-07  .281310335E-07  .247325002E-07  .219206237E-07
  .196226337E-07  .177792696E-07  .163437392E-07  .152809976E-07  .127510955E-07
  .106440657E-07  .889207572E-08  .743782742E-08  .623300789E-08  .523696100E-08
  .441555043E-08  .374018929E-08  .318701463E-08  .273618820E-08  .237130738E-08
  .207891270E-08  .184808072E-08  .167009305E-08  .153817335E-08  .144729102E-08
  .139402136E-08  .113781441E-08  .927285599E-09  .754553901E-09  .613050436E-09
  .497308384E-09  .402785090E-09  .325711695E-09  .262966211E-09  .211966572E-09
  .170580655E-09  .137050691E-09  .109929878E-09  .880293051E-10  .703735882E-10
  .561638447E-10  .447468461E-10  .355893606E-10  .282568480E-10  .223957999E-10
  .177191246E-10  .139940749E-10  .110322916E-10  .868160781E-11  .681931443E-11
  .534663514E-11  .418420306E-11  .326836352E-11  .254815775E-11  .198286668E-11
  .154001444E-11  .119374867E-11  .923528987E-12  .713066952E-12  .549471020E-12
  .422558139E-12  .324300614E-12  .248382531E-12  .189844751E-12  .144801357E-12
  .110213634E-12  .837102715E-13  .634446408E-13  .479817249E-13  .362087373E-13
  .272646131E-13  .204845056E-13  .153561914E-13  .114859005E-13  .857159493E-14
  .638211724E-14  .474095558E-14  .351363236E-14  .259792951E-14  .191632974E-14
  .141018503E-14  .103522805E-14  .758125402E-15  .553837175E-15  .403598996E-15
  .293383566E-15  .212730601E-15  .153859141E-15  .110995763E-15  .798674459E-16
  .573197068E-16  .410297897E-16  .292918038E-16  .208561767E-16  .148100056E-16
  .104881238E-16  .740717306E-17  .521686090E-17  .366402141E-17  .256618851E-17
  .179221733E-17  .124811337E-17  .866698912E-18  .600098931E-18  .414292718E-18
  .285174686E-18  .195714578E-18  .133916207E-18  .913545156E-19  .621302189E-19
  .421250791E-19  .284729505E-19  .191852273E-19  .128864387E-19  .862817682E-20
  .575856024E-20  .383094621E-20  .254029341E-20  .167894217E-20  .110598664E-20
  .726130161E-21  .475135645E-21  .309846993E-21  .201368439E-21  .130418075E-21
  .841732623E-22  .541362498E-22  .346950371E-22  .221563991E-22  .140984381E-22
  .893861202E-23  .564655563E-23  .355384637E-23  .222844635E-23  .139213416E-23
  .866407412E-24  .537170396E-24  .331770224E-24  .204119572E-24  .125095065E-24
  .763642811E-25  .464323953E-25  .281202193E-25  .169616881E-25  .101896214E-25
  .609637071E-26  .363240837E-26  .215532848E-26  .127354173E-26  .749340315E-27
  .439032235E-27  .256123943E-27  .148773425E-27  .860412663E-28  .495426451E-28
  .284005761E-28  .162082136E-28  .920847160E-29  .520797134E-29  .293198917E-29
  .164305790E-29  .916482046E-30  .508814381E-30  .281152999E-30  .154617080E-30
  .846227160E-31  .460908180E-31  .249817533E-31  .134739646E-31  .723127195E-32
  .386156602E-32  .205174910E-32  .108462461E-32  .570441793E-33  .298470913E-33
  .155357945E-33  .804428644E-34  .414329526E-34  .212270713E-34  .108168675E-34
  .548228270E-35  .276344563E-35  .138532270E-35  .690625013E-36  .342377819E-36
  .168780160E-36  .827313191E-37  .403210157E-37  .195382630E-37  .941267943E-38
  .450809551E-38  .214637205E-38  .101584705E-38  .477905761E-39  .223473417E-39
  .103862316E-39  .479752630E-40  .220233044E-40  .100468914E-40  .455452647E-41
  .205161116E-41  .918258603E-42  .408348292E-42  .180413794E-42  .791879843E-43
  .345284035E-43  .149554091E-43  .643428640E-44  .274954938E-44  .116696250E-44
  .491884004E-45  .205899317E-45  .855872978E-46  .353265745E-46  .144779458E-46
  .589115946E-47  .237989629E-47  .954450727E-48  .379980952E-48  .150161076E-48
  .588998713E-49  .229301415E-49  .885948171E-50  .339697741E-50  .129250764E-50
  .487980916E-51  .182799390E-51  .679393735E-52  .250504607E-52  .916282825E-53
  .332456686E-53  .119647634E-53  .427079051E-54  .151188550E-54  .530770955E-55
  .184775300E-55  .637822557E-56  .218295839E-56  .740714532E-57  .249164437E-57
  .830846405E-58  .274615097E-58  .899634859E-59  .000000000E+00  .000000000E+00
  .000000000E+00  .000000000E+00  .000000000E+00  .000000000E+00  .000000000E+00
  .000000000E+00  .000000000E+00  .000000000E+00  .000000000E+00  .000000000E+00
  .000000000E+00  .000000000E+00  .000000000E+00  .000000000E+00  .000000000E+00
  .000000000E+00  .000000000E+00  .000000000E+00  .000000000E+00  .000000000E+00
  .000000000E+00  .000000000E+00  .000000000E+00  .000000000E+00  .000000000E+00
  .000000000E+00  .000000000E+00  .000000000E+00  .000000000E+00  .000000000E+00
  .000000000E+00  .000000000E+00  .000000000E+00  .000000000E+00  .000000000E+00
  .000000000E+00  .000000000E+00  .000000000E+00  .000000000E+00  .000000000E+00
  .000000000E+00  .000000000E+00  .000000000E+00  .000000000E+00  .000000000E+00
  .000000000E+00  .000000000E+00  .000000000E+00  .000000000E+00  .000000000E+00
  .000000000E+00  .000000000E+00  .000000000E+00  .000000000E+00  .000000000E+00
  .000000000E+00  .000000000E+00  .000000000E+00  .000000000E+00  .000000000E+00
  .000000000E+00  .000000000E+00  .000000000E+00  .000000000E+00  .000000000E+00
  .000000000E+00  .000000000E+00  .000000000E+00  .000000000E+00  .000000000E+00
  .000000000E+00  .000000000E+00  .000000000E+00  .000000000E+00  .000000000E+00
  .000000000E+00  .000000000E+00  .000000000E+00  .000000000E+00  .000000000E+00
  .000000000E+00  .000000000E+00  .000000000E+00  .000000000E+00  .000000000E+00
  .000000000E+00  .000000000E+00  .000000000E+00  .000000000E+00  .000000000E+00
  .000000000E+00  .000000000E+00  .000000000E+00  .000000000E+00  .000000000E+00
  .000000000E+00  .000000000E+00  .000000000E+00  .000000000E+00  .000000000E+00
  .000000000E+00  .000000000E+00  .000000000E+00  .000000000E+00  .000000000E+00
  .000000000E+00  .000000000E+00  .000000000E+00  .000000000E+00  .000000000E+00
  .000000000E+00  .000000000E+00  .000000000E+00  .000000000E+00  .000000000E+00
  .000000000E+00  .000000000E+00  .000000000E+00  .000000000E+00  .000000000E+00
  .000000000E+00  .000000000E+00  .000000000E+00  .000000000E+00  .000000000E+00
  .000000000E+00  .000000000E+00  .000000000E+00  .000000000E+00  .000000000E+00
  .000000000E+00  .000000000E+00  .000000000E+00  .000000000E+00  .000000000E+00
  .000000000E+00  .000000000E+00  .000000000E+00  .000000000E+00  .000000000E+00
  .000000000E+00  .000000000E+00  .000000000E+00  .000000000E+00  .000000000E+00
  .000000000E+00  .000000000E+00  .000000000E+00  .000000000E+00  .000000000E+00
  .000000000E+00  .000000000E+00  .000000000E+00  .000000000E+00  .000000000E+00
  .000000000E+00  .000000000E+00  .000000000E+00  .000000000E+00  .000000000E+00
  .000000000E+00  .000000000E+00  .000000000E+00  .000000000E+00  .000000000E+00
  .000000000E+00  .000000000E+00  .000000000E+00  .000000000E+00  .000000000E+00
  .000000000E+00  .000000000E+00  .000000000E+00  .000000000E+00  .000000000E+00
  .000000000E+00  .000000000E+00  .000000000E+00  .000000000E+00  .000000000E+00
  .000000000E+00  .000000000E+00  .000000000E+00  .000000000E+00  .000000000E+00
  .000000000E+00  .000000000E+00  .000000000E+00  .000000000E+00  .000000000E+00
  .000000000E+00  .000000000E+00  .000000000E+00  .000000000E+00  .000000000E+00
  .000000000E+00  .000000000E+00  .000000000E+00  .000000000E+00  .000000000E+00
  .000000000E+00  .000000000E+00  .000000000E+00  .000000000E+00  .000000000E+00
  .000000000E+00  .000000000E+00  .000000000E+00  .000000000E+00  .000000000E+00
  .000000000E+00  .000000000E+00  .000000000E+00  .000000000E+00  .000000000E+00
  .000000000E+00  .000000000E+00  .000000000E+00  .000000000E+00  .000000000E+00
  .000000000E+00  .000000000E+00  .000000000E+00  .000000000E+00  .000000000E+00
  .000000000E+00  .000000000E+00  .000000000E+00  .000000000E+00  .000000000E+00
  .000000000E+00  .000000000E+00  .000000000E+00  .000000000E+00  .000000000E+00
  .000000000E+00  .000000000E+00  .000000000E+00  .000000000E+00  .000000000E+00
  .000000000E+00  .000000000E+00  .000000000E+00  .000000000E+00  .000000000E+00
  .000000000E+00  .000000000E+00  .000000000E+00  .000000000E+00  .000000000E+00
  .000000000E+00  .000000000E+00  .000000000E+00  .000000000E+00  .000000000E+00
  .000000000E+00  .000000000E+00  .000000000E+00  .000000000E+00  .000000000E+00
  .000000000E+00  .000000000E+00  .000000000E+00  .000000000E+00  .000000000E+00
  .000000000E+00  .000000000E+00  .000000000E+00  .000000000E+00  .000000000E+00
