  PAW Ar                                 
 100
Core Pot   L  =         .00000  -1.78101
  -.20000000E+01 -.51171789E+00
  -.19600000E+01 -.57211328E+00
  -.19200000E+01 -.63484679E+00
  -.18800000E+01 -.70007678E+00
  -.18400000E+01 -.76797630E+00
  -.18000000E+01 -.83873493E+00
  -.17600000E+01 -.91256077E+00
  -.17200000E+01 -.98968274E+00
  -.16800000E+01 -.10703533E+01
  -.16400000E+01 -.11548514E+01
  -.16000000E+01 -.12434863E+01
  -.15600000E+01 -.13366018E+01
  -.15200000E+01 -.14345808E+01
  -.14800000E+01 -.15378515E+01
  -.14400000E+01 -.16468940E+01
  -.14000000E+01 -.17622486E+01
  -.13600000E+01 -.18845253E+01
  -.13200000E+01 -.20144160E+01
  -.12800000E+01 -.21527078E+01
  -.12400000E+01 -.23003008E+01
  -.12000000E+01 -.24582287E+01
  -.11600000E+01 -.26276845E+01
  -.11200000E+01 -.28100530E+01
  -.10800000E+01 -.30069499E+01
  -.10400000E+01 -.32202733E+01
  -.10000000E+01 -.34522672E+01
  -.96000000E+00 -.37056046E+01
  -.92000000E+00 -.39834949E+01
  -.88000000E+00 -.42898257E+01
  -.84000000E+00 -.46293520E+01
  -.80000000E+00 -.50079525E+01
  -.76000000E+00 -.54329819E+01
  -.72000000E+00 -.59137657E+01
  -.68000000E+00 -.64623076E+01
  -.64000000E+00 -.70943252E+01
  -.60000000E+00 -.78308070E+01
  -.56000000E+00 -.87004239E+01
  -.52000000E+00 -.97433983E+01
  -.48000000E+00 -.11017973E+02
  -.44000000E+00 -.12611779E+02
  -.40000000E+00 -.14663039E+02
  -.36000000E+00 -.17403249E+02
  -.32000000E+00 -.21251806E+02
  -.28000000E+00 -.27055202E+02
  -.24000000E+00 -.36816368E+02
  -.20000000E+00 -.56693845E+02
  -.16000000E+00 -.11939372E+03
  -.12000000E+00  .15575384E+04
  -.80000000E-01  .10606147E+03
  -.40000000E-01  .55565342E+02
   .12351231E-14  .37937243E+02
   .40000000E-01  .28962437E+02
   .80000000E-01  .23522707E+02
   .12000000E+00  .19871480E+02
   .16000000E+00  .17250052E+02
   .20000000E+00  .15275686E+02
   .24000000E+00  .13734397E+02
   .28000000E+00  .12497182E+02
   .32000000E+00  .11481642E+02
   .36000000E+00  .10632682E+02
   .40000000E+00  .99120643E+01
   .44000000E+00  .92924207E+01
   .48000000E+00  .87536461E+01
   .52000000E+00  .82806392E+01
   .56000000E+00  .78618369E+01
   .60000000E+00  .74882352E+01
   .64000000E+00  .71527187E+01
   .68000000E+00  .68495896E+01
   .72000000E+00  .65742320E+01
   .76000000E+00  .63228661E+01
   .80000000E+00  .60923676E+01
   .84000000E+00  .58801313E+01
   .88000000E+00  .56839674E+01
   .92000000E+00  .55020222E+01
   .96000000E+00  .53327158E+01
   .10000000E+01  .51746933E+01
   .10400000E+01  .50267862E+01
   .10800000E+01  .48879815E+01
   .11200000E+01  .47573965E+01
   .11600000E+01  .46342584E+01
   .12000000E+01  .45178881E+01
   .12400000E+01  .44076860E+01
   .12800000E+01  .43031208E+01
   .13200000E+01  .42037203E+01
   .13600000E+01  .41090630E+01
   .14000000E+01  .40187717E+01
   .14400000E+01  .39325079E+01
   .14800000E+01  .38499667E+01
   .15200000E+01  .37708728E+01
   .15600000E+01  .36949774E+01
   .16000000E+01  .36220543E+01
   .16400000E+01  .35518980E+01
   .16800000E+01  .34843214E+01
   .17200000E+01  .34191533E+01
   .17600000E+01  .33562372E+01
   .18000000E+01  .32954295E+01
   .18400000E+01  .32365982E+01
   .18800000E+01  .31796221E+01
   .19200000E+01  .31243891E+01
   .19600000E+01  .30707958E+01
   .20000000E+01  .30187468E+01
Potential  L  =         .00000  -1.78101
  -.20000000E+01 -.40964890E+00
  -.19600000E+01 -.48326220E+00
  -.19200000E+01 -.56125642E+00
  -.18800000E+01 -.64409578E+00
  -.18400000E+01 -.73231307E+00
  -.18000000E+01 -.82652286E+00
  -.17600000E+01 -.92743773E+00
  -.17200000E+01 -.10358887E+01
  -.16800000E+01 -.11528510E+01
  -.16400000E+01 -.12794766E+01
  -.16000000E+01 -.14171361E+01
  -.15600000E+01 -.15674738E+01
  -.15200000E+01 -.17324788E+01
  -.14800000E+01 -.19145810E+01
  -.14400000E+01 -.21167800E+01
  -.14000000E+01 -.23428229E+01
  -.13600000E+01 -.25974524E+01
  -.13200000E+01 -.28867611E+01
  -.12800000E+01 -.32187084E+01
  -.12400000E+01 -.36038954E+01
  -.12000000E+01 -.40567595E+01
  -.11600000E+01 -.45974830E+01
  -.11200000E+01 -.52551659E+01
  -.10800000E+01 -.60733637E+01
  -.10400000E+01 -.71203359E+01
  -.10000000E+01 -.85094549E+01
  -.96000000E+00 -.10443853E+02
  -.92000000E+00 -.13327174E+02
  -.88000000E+00 -.18092039E+02
  -.84000000E+00 -.27488821E+02
  -.80000000E+00 -.54723059E+02
  -.76000000E+00 -.11238867E+04
  -.72000000E+00  .63146264E+02
  -.68000000E+00  .31288435E+02
  -.64000000E+00  .21037239E+02
  -.60000000E+00  .15973160E+02
  -.56000000E+00  .12951020E+02
  -.52000000E+00  .10940847E+02
  -.48000000E+00  .95056496E+01
  -.44000000E+00  .84283692E+01
  -.40000000E+00  .75889802E+01
  -.36000000E+00  .69157191E+01
  -.32000000E+00  .63630427E+01
  -.28000000E+00  .59006546E+01
  -.24000000E+00  .55076181E+01
  -.20000000E+00  .51690002E+01
  -.16000000E+00  .48738639E+01
  -.12000000E+00  .46140153E+01
  -.80000000E-01  .43831938E+01
  -.40000000E-01  .41765342E+01
   .12351231E-14  .39901981E+01
   .40000000E-01  .38211165E+01
   .80000000E-01  .36668062E+01
   .12000000E+00  .35252364E+01
   .16000000E+00  .33947302E+01
   .20000000E+00  .32738891E+01
   .24000000E+00  .31615424E+01
   .28000000E+00  .30566971E+01
   .32000000E+00  .29585069E+01
   .36000000E+00  .28662470E+01
   .40000000E+00  .27792926E+01
   .44000000E+00  .26971026E+01
   .48000000E+00  .26192055E+01
   .52000000E+00  .25451884E+01
   .56000000E+00  .24746886E+01
   .60000000E+00  .24073858E+01
   .64000000E+00  .23429963E+01
   .68000000E+00  .22812677E+01
   .72000000E+00  .22219748E+01
   .76000000E+00  .21649160E+01
   .80000000E+00  .21099101E+01
   .84000000E+00  .20567941E+01
   .88000000E+00  .20054205E+01
   .92000000E+00  .19556559E+01
   .96000000E+00  .19073790E+01
   .10000000E+01  .18604794E+01
   .10400000E+01  .18148564E+01
   .10800000E+01  .17704179E+01
   .11200000E+01  .17270795E+01
   .11600000E+01  .16847634E+01
   .12000000E+01  .16433984E+01
   .12400000E+01  .16029185E+01
   .12800000E+01  .15632627E+01
   .13200000E+01  .15243749E+01
   .13600000E+01  .14862025E+01
   .14000000E+01  .14486971E+01
   .14400000E+01  .14118133E+01
   .14800000E+01  .13755090E+01
   .15200000E+01  .13397446E+01
   .15600000E+01  .13044833E+01
   .16000000E+01  .12696904E+01
   .16400000E+01  .12353336E+01
   .16800000E+01  .12013822E+01
   .17200000E+01  .11678073E+01
   .17600000E+01  .11345820E+01
   .18000000E+01  .11016805E+01
   .18400000E+01  .10690784E+01
   .18800000E+01  .10367528E+01
   .19200000E+01  .10046818E+01
   .19600000E+01  .97284451E+00
   .20000000E+01  .94122116E+00
Core Pot   L  =        1.00000   -.76341
  -.20000000E+01  .60581558E+00
  -.19600000E+01  .58019973E+00
  -.19200000E+01  .55412291E+00
  -.18800000E+01  .52756825E+00
  -.18400000E+01  .50051798E+00
  -.18000000E+01  .47295344E+00
  -.17600000E+01  .44485497E+00
  -.17200000E+01  .41620190E+00
  -.16800000E+01  .38697242E+00
  -.16400000E+01  .35714354E+00
  -.16000000E+01  .32669098E+00
  -.15600000E+01  .29558914E+00
  -.15200000E+01  .26381092E+00
  -.14800000E+01  .23132768E+00
  -.14400000E+01  .19810909E+00
  -.14000000E+01  .16412303E+00
  -.13600000E+01  .12933541E+00
  -.13200000E+01  .93710071E-01
  -.12800000E+01  .57208607E-01
  -.12400000E+01  .19790165E-01
  -.12000000E+01 -.18588731E-01
  -.11600000E+01 -.57974403E-01
  -.11200000E+01 -.98416252E-01
  -.10800000E+01 -.13996702E+00
  -.10400000E+01 -.18268308E+00
  -.10000000E+01 -.22662476E+00
  -.96000000E+00 -.27185667E+00
  -.92000000E+00 -.31844814E+00
  -.88000000E+00 -.36647359E+00
  -.84000000E+00 -.41601309E+00
  -.80000000E+00 -.46715283E+00
  -.76000000E+00 -.51998577E+00
  -.72000000E+00 -.57461227E+00
  -.68000000E+00 -.63114092E+00
  -.64000000E+00 -.68968930E+00
  -.60000000E+00 -.75038503E+00
  -.56000000E+00 -.81336678E+00
  -.52000000E+00 -.87878558E+00
  -.48000000E+00 -.94680615E+00
  -.44000000E+00 -.10176085E+01
  -.40000000E+00 -.10913899E+01
  -.36000000E+00 -.11683667E+01
  -.32000000E+00 -.12487769E+01
  -.28000000E+00 -.13328830E+01
  -.24000000E+00 -.14209751E+01
  -.20000000E+00 -.15133746E+01
  -.16000000E+00 -.16104386E+01
  -.12000000E+00 -.17125650E+01
  -.80000000E-01 -.18201987E+01
  -.40000000E-01 -.19338383E+01
   .12351231E-14 -.20540448E+01
   .40000000E-01 -.21814517E+01
   .80000000E-01 -.23167767E+01
   .12000000E+00 -.24608369E+01
   .16000000E+00 -.26145659E+01
   .20000000E+00 -.27790357E+01
   .24000000E+00 -.29554833E+01
   .28000000E+00 -.31453437E+01
   .32000000E+00 -.33502912E+01
   .36000000E+00 -.35722914E+01
   .40000000E+00 -.38136673E+01
   .44000000E+00 -.40771850E+01
   .48000000E+00 -.43661637E+01
   .52000000E+00 -.46846222E+01
   .56000000E+00 -.50374727E+01
   .60000000E+00 -.54307844E+01
   .64000000E+00 -.58721448E+01
   .68000000E+00 -.63711663E+01
   .72000000E+00 -.69402108E+01
   .76000000E+00 -.75954472E+01
   .80000000E+00 -.83584402E+01
   .84000000E+00 -.92586056E+01
   .88000000E+00 -.10337141E+02
   .92000000E+00 -.11653583E+02
   .96000000E+00 -.13297283E+02
   .10000000E+01 -.15408749E+02
   .10400000E+01 -.18222374E+02
   .10800000E+01 -.22160562E+02
   .11200000E+01 -.28069546E+02
   .11600000E+01 -.37928916E+02
   .12000000E+01 -.57704119E+02
   .12400000E+01 -.11754604E+03
   .12800000E+01  .87647537E+04
   .13200000E+01  .11702105E+03
   .13600000E+01  .59533575E+02
   .14000000E+01  .40194159E+02
   .14400000E+01  .30487133E+02
   .14800000E+01  .24648469E+02
   .15200000E+01  .20748272E+02
   .15600000E+01  .17957340E+02
   .16000000E+01  .15860381E+02
   .16400000E+01  .14226401E+02
   .16800000E+01  .12916681E+02
   .17200000E+01  .11842884E+02
   .17600000E+01  .10946086E+02
   .18000000E+01  .10185473E+02
   .18400000E+01  .95318834E+01
   .18800000E+01  .89639232E+01
   .19200000E+01  .84655431E+01
   .19600000E+01  .80244669E+01
   .20000000E+01  .76311443E+01
Potential  L  =        1.00000   -.76341
  -.20000000E+01  .59956661E+00
  -.19600000E+01  .57394354E+00
  -.19200000E+01  .54786031E+00
  -.18800000E+01  .52130001E+00
  -.18400000E+01  .49424485E+00
  -.18000000E+01  .46667613E+00
  -.17600000E+01  .43857416E+00
  -.17200000E+01  .40991819E+00
  -.16800000E+01  .38068637E+00
  -.16400000E+01  .35085562E+00
  -.16000000E+01  .32040160E+00
  -.15600000E+01  .28929859E+00
  -.15200000E+01  .25751939E+00
  -.14800000E+01  .22503521E+00
  -.14400000E+01  .19181558E+00
  -.14000000E+01  .15782820E+00
  -.13600000E+01  .12303879E+00
  -.13200000E+01  .87410971E-01
  -.12800000E+01  .50906066E-01
  -.12400000E+01  .13482934E-01
  -.12000000E+01 -.24902232E-01
  -.11600000E+01 -.64296131E-01
  -.11200000E+01 -.10474859E+00
  -.10800000E+01 -.14631284E+00
  -.10400000E+01 -.18904581E+00
  -.10000000E+01 -.23300843E+00
  -.96000000E+00 -.27826604E+00
  -.92000000E+00 -.32488875E+00
  -.88000000E+00 -.37295192E+00
  -.84000000E+00 -.42253662E+00
  -.80000000E+00 -.47373023E+00
  -.76000000E+00 -.52662704E+00
  -.72000000E+00 -.58132894E+00
  -.68000000E+00 -.63794623E+00
  -.64000000E+00 -.69659847E+00
  -.60000000E+00 -.75741553E+00
  -.56000000E+00 -.82053865E+00
  -.52000000E+00 -.88612180E+00
  -.48000000E+00 -.95433309E+00
  -.44000000E+00 -.10253564E+01
  -.40000000E+00 -.10993935E+01
  -.36000000E+00 -.11766658E+01
  -.32000000E+00 -.12574174E+01
  -.28000000E+00 -.13419175E+01
  -.24000000E+00 -.14304645E+01
  -.20000000E+00 -.15233889E+01
  -.16000000E+00 -.16210588E+01
  -.12000000E+00 -.17238851E+01
  -.80000000E-01 -.18323274E+01
  -.40000000E-01 -.19469023E+01
   .12351231E-14 -.20681919E+01
   .40000000E-01 -.21968546E+01
   .80000000E-01 -.23336382E+01
   .12000000E+00 -.24793957E+01
   .16000000E+00 -.26351041E+01
   .20000000E+00 -.28018882E+01
   .24000000E+00 -.29810493E+01
   .28000000E+00 -.31741015E+01
   .32000000E+00 -.33828171E+01
   .36000000E+00 -.36092836E+01
   .40000000E+00 -.38559777E+01
   .44000000E+00 -.41258602E+01
   .48000000E+00 -.44225000E+01
   .52000000E+00 -.47502395E+01
   .56000000E+00 -.51144151E+01
   .60000000E+00 -.55216599E+01
   .64000000E+00 -.59803226E+01
   .68000000E+00 -.65010604E+01
   .72000000E+00 -.70976963E+01
   .76000000E+00 -.77884892E+01
   .80000000E+00 -.85980684E+01
   .84000000E+00 -.95604769E+01
   .88000000E+00 -.10724145E+02
   .92000000E+00 -.12160389E+02
   .96000000E+00 -.13978738E+02
   .10000000E+01 -.16356492E+02
   .10400000E+01 -.19600727E+02
   .10800000E+01 -.24293624E+02
   .11200000E+01 -.31689477E+02
   .11600000E+01 -.45078102E+02
   .12000000E+01 -.76732954E+02
   .12400000E+01 -.24455022E+03
   .12800000E+01  .21471720E+03
   .13200000E+01  .75653366E+02
   .13600000E+01  .46287692E+02
   .14000000E+01  .33529282E+02
   .14400000E+01  .26392523E+02
   .14800000E+01  .21830535E+02
   .15200000E+01  .18661343E+02
   .15600000E+01  .16330414E+02
   .16000000E+01  .14543096E+02
   .16400000E+01  .13128342E+02
   .16800000E+01  .11980048E+02
   .17200000E+01  .11028903E+02
   .17600000E+01  .10227714E+02
   .18000000E+01  .95432339E+01
   .18400000E+01  .89513645E+01
   .18800000E+01  .84342130E+01
   .19200000E+01  .79782146E+01
   .19600000E+01  .75728988E+01
   .20000000E+01  .72100545E+01
Core Pot   L  =        2.00000   -.20000
  -.20000000E+01  .14393976E+01
  -.19600000E+01  .14255904E+01
  -.19200000E+01  .14116667E+01
  -.18800000E+01  .13976240E+01
  -.18400000E+01  .13834597E+01
  -.18000000E+01  .13691711E+01
  -.17600000E+01  .13547556E+01
  -.17200000E+01  .13402102E+01
  -.16800000E+01  .13255321E+01
  -.16400000E+01  .13107182E+01
  -.16000000E+01  .12957654E+01
  -.15600000E+01  .12806705E+01
  -.15200000E+01  .12654301E+01
  -.14800000E+01  .12500409E+01
  -.14400000E+01  .12344991E+01
  -.14000000E+01  .12188012E+01
  -.13600000E+01  .12029432E+01
  -.13200000E+01  .11869213E+01
  -.12800000E+01  .11707312E+01
  -.12400000E+01  .11543689E+01
  -.12000000E+01  .11378297E+01
  -.11600000E+01  .11211093E+01
  -.11200000E+01  .11042027E+01
  -.10800000E+01  .10871052E+01
  -.10400000E+01  .10698115E+01
  -.10000000E+01  .10523163E+01
  -.96000000E+00  .10346142E+01
  -.92000000E+00  .10166993E+01
  -.88000000E+00  .99856581E+00
  -.84000000E+00  .98020737E+00
  -.80000000E+00  .96161756E+00
  -.76000000E+00  .94278965E+00
  -.72000000E+00  .92371662E+00
  -.68000000E+00  .90439117E+00
  -.64000000E+00  .88480566E+00
  -.60000000E+00  .86495216E+00
  -.56000000E+00  .84482237E+00
  -.52000000E+00  .82440762E+00
  -.48000000E+00  .80369886E+00
  -.44000000E+00  .78268663E+00
  -.40000000E+00  .76136104E+00
  -.36000000E+00  .73971174E+00
  -.32000000E+00  .71772790E+00
  -.28000000E+00  .69539817E+00
  -.24000000E+00  .67271065E+00
  -.20000000E+00  .64965288E+00
  -.16000000E+00  .62621175E+00
  -.12000000E+00  .60237354E+00
  -.80000000E-01  .57812381E+00
  -.40000000E-01  .55344738E+00
   .12351231E-14  .52832828E+00
   .40000000E-01  .50274972E+00
   .80000000E-01  .47669400E+00
   .12000000E+00  .45014245E+00
   .16000000E+00  .42307539E+00
   .20000000E+00  .39547204E+00
   .24000000E+00  .36731046E+00
   .28000000E+00  .33856742E+00
   .32000000E+00  .30921837E+00
   .36000000E+00  .27923730E+00
   .40000000E+00  .24859663E+00
   .44000000E+00  .21726712E+00
   .48000000E+00  .18521770E+00
   .52000000E+00  .15241537E+00
   .56000000E+00  .11882499E+00
   .60000000E+00  .84409167E-01
   .64000000E+00  .49128028E-01
   .68000000E+00  .12939020E-01
   .72000000E+00 -.24203315E-01
   .76000000E+00 -.62347598E-01
   .80000000E+00 -.10154589E+00
   .84000000E+00 -.14185401E+00
   .88000000E+00 -.18333188E+00
   .92000000E+00 -.22604388E+00
   .96000000E+00 -.27005933E+00
   .10000000E+01 -.31545293E+00
   .10400000E+01 -.36230531E+00
   .10800000E+01 -.41070362E+00
   .11200000E+01 -.46074222E+00
   .11600000E+01 -.51252344E+00
   .12000000E+01 -.56615841E+00
   .12400000E+01 -.62176809E+00
   .12800000E+01 -.67948432E+00
   .13200000E+01 -.73945113E+00
   .13600000E+01 -.80182613E+00
   .14000000E+01 -.86678220E+00
   .14400000E+01 -.93450935E+00
   .14800000E+01 -.10052169E+01
   .15200000E+01 -.10791361E+01
   .15600000E+01 -.11565229E+01
   .16000000E+01 -.12376614E+01
   .16400000E+01 -.13228680E+01
   .16800000E+01 -.14124959E+01
   .17200000E+01 -.15069408E+01
   .17600000E+01 -.16066474E+01
   .18000000E+01 -.17121171E+01
   .18400000E+01 -.18239177E+01
   .18800000E+01 -.19426943E+01
   .19200000E+01 -.20691834E+01
   .19600000E+01 -.22042294E+01
   .20000000E+01 -.23488052E+01
Potential  L  =        2.00000   -.20000
  -.20000000E+01  .14281966E+01
  -.19600000E+01  .14143634E+01
  -.19200000E+01  .14004180E+01
  -.18800000E+01  .13863583E+01
  -.18400000E+01  .13721818E+01
  -.18000000E+01  .13578864E+01
  -.17600000E+01  .13434695E+01
  -.17200000E+01  .13289288E+01
  -.16800000E+01  .13142615E+01
  -.16400000E+01  .12994651E+01
  -.16000000E+01  .12845369E+01
  -.15600000E+01  .12694740E+01
  -.15200000E+01  .12542736E+01
  -.14800000E+01  .12389327E+01
  -.14400000E+01  .12234482E+01
  -.14000000E+01  .12078170E+01
  -.13600000E+01  .11920358E+01
  -.13200000E+01  .11761011E+01
  -.12800000E+01  .11600096E+01
  -.12400000E+01  .11437576E+01
  -.12000000E+01  .11273415E+01
  -.11600000E+01  .11107574E+01
  -.11200000E+01  .10940012E+01
  -.10800000E+01  .10770691E+01
  -.10400000E+01  .10599566E+01
  -.10000000E+01  .10426595E+01
  -.96000000E+00  .10251731E+01
  -.92000000E+00  .10074929E+01
  -.88000000E+00  .98961389E+00
  -.84000000E+00  .97153112E+00
  -.80000000E+00  .95323938E+00
  -.76000000E+00  .93473326E+00
  -.72000000E+00  .91600717E+00
  -.68000000E+00  .89705532E+00
  -.64000000E+00  .87787167E+00
  -.60000000E+00  .85845000E+00
  -.56000000E+00  .83878383E+00
  -.52000000E+00  .81886642E+00
  -.48000000E+00  .79869078E+00
  -.44000000E+00  .77824966E+00
  -.40000000E+00  .75753550E+00
  -.36000000E+00  .73654044E+00
  -.32000000E+00  .71525631E+00
  -.28000000E+00  .69367462E+00
  -.24000000E+00  .67178650E+00
  -.20000000E+00  .64958273E+00
  -.16000000E+00  .62705368E+00
  -.12000000E+00  .60418929E+00
  -.80000000E-01  .58097920E+00
  -.40000000E-01  .55741244E+00
   .12351231E-14  .53347760E+00
   .40000000E-01  .50916282E+00
   .80000000E-01  .48445559E+00
   .12000000E+00  .45934293E+00
   .16000000E+00  .43381124E+00
   .20000000E+00  .40784625E+00
   .24000000E+00  .38143305E+00
   .28000000E+00  .35455598E+00
   .32000000E+00  .32719867E+00
   .36000000E+00  .29934389E+00
   .40000000E+00  .27097358E+00
   .44000000E+00  .24206878E+00
   .48000000E+00  .21260955E+00
   .52000000E+00  .18257490E+00
   .56000000E+00  .15194278E+00
   .60000000E+00  .12068993E+00
   .64000000E+00  .88791867E-01
   .68000000E+00  .56222747E-01
   .72000000E+00  .22955308E-01
   .76000000E+00 -.11039245E-01
   .80000000E+00 -.45791347E-01
   .84000000E+00 -.81333197E-01
   .88000000E+00 -.11769888E+00
   .92000000E+00 -.15492451E+00
   .96000000E+00 -.19304839E+00
   .10000000E+01 -.23211117E+00
   .10400000E+01 -.27215603E+00
   .10800000E+01 -.31322891E+00
   .11200000E+01 -.35537868E+00
   .11600000E+01 -.39865742E+00
   .12000000E+01 -.44312069E+00
   .12400000E+01 -.48882780E+00
   .12800000E+01 -.53584214E+00
   .13200000E+01 -.58423156E+00
   .13600000E+01 -.63406874E+00
   .14000000E+01 -.68543164E+00
   .14400000E+01 -.73840401E+00
   .14800000E+01 -.79307589E+00
   .15200000E+01 -.84954426E+00
   .15600000E+01 -.90791370E+00
   .16000000E+01 -.96829715E+00
   .16400000E+01 -.10308168E+01
   .16800000E+01 -.10956049E+01
   .17200000E+01 -.11628052E+01
   .17600000E+01 -.12325737E+01
   .18000000E+01 -.13050804E+01
   .18400000E+01 -.13805107E+01
   .18800000E+01 -.14590674E+01
   .19200000E+01 -.15409723E+01
   .19600000E+01 -.16264692E+01
   .20000000E+01 -.17158262E+01
Core Pot   L  =        3.00000    .00000
  -.20000000E+01  .21536989E+01
  -.19600000E+01  .21450538E+01
  -.19200000E+01  .21363808E+01
  -.18800000E+01  .21276796E+01
  -.18400000E+01  .21189499E+01
  -.18000000E+01  .21101917E+01
  -.17600000E+01  .21014045E+01
  -.17200000E+01  .20925882E+01
  -.16800000E+01  .20837425E+01
  -.16400000E+01  .20748672E+01
  -.16000000E+01  .20659619E+01
  -.15600000E+01  .20570265E+01
  -.15200000E+01  .20480606E+01
  -.14800000E+01  .20390640E+01
  -.14400000E+01  .20300365E+01
  -.14000000E+01  .20209777E+01
  -.13600000E+01  .20118874E+01
  -.13200000E+01  .20027653E+01
  -.12800000E+01  .19936110E+01
  -.12400000E+01  .19844244E+01
  -.12000000E+01  .19752051E+01
  -.11600000E+01  .19659528E+01
  -.11200000E+01  .19566672E+01
  -.10800000E+01  .19473481E+01
  -.10400000E+01  .19379950E+01
  -.10000000E+01  .19286077E+01
  -.96000000E+00  .19191858E+01
  -.92000000E+00  .19097291E+01
  -.88000000E+00  .19002372E+01
  -.84000000E+00  .18907098E+01
  -.80000000E+00  .18811464E+01
  -.76000000E+00  .18715469E+01
  -.72000000E+00  .18619108E+01
  -.68000000E+00  .18522378E+01
  -.64000000E+00  .18425275E+01
  -.60000000E+00  .18327796E+01
  -.56000000E+00  .18229937E+01
  -.52000000E+00  .18131694E+01
  -.48000000E+00  .18033063E+01
  -.44000000E+00  .17934041E+01
  -.40000000E+00  .17834623E+01
  -.36000000E+00  .17734807E+01
  -.32000000E+00  .17634586E+01
  -.28000000E+00  .17533958E+01
  -.24000000E+00  .17432919E+01
  -.20000000E+00  .17331464E+01
  -.16000000E+00  .17229588E+01
  -.12000000E+00  .17127288E+01
  -.80000000E-01  .17024559E+01
  -.40000000E-01  .16921397E+01
   .12351231E-14  .16817797E+01
   .40000000E-01  .16713754E+01
   .80000000E-01  .16609264E+01
   .12000000E+00  .16504322E+01
   .16000000E+00  .16398923E+01
   .20000000E+00  .16293063E+01
   .24000000E+00  .16186735E+01
   .28000000E+00  .16079936E+01
   .32000000E+00  .15972659E+01
   .36000000E+00  .15864901E+01
   .40000000E+00  .15756654E+01
   .44000000E+00  .15647915E+01
   .48000000E+00  .15538677E+01
   .52000000E+00  .15428935E+01
   .56000000E+00  .15318684E+01
   .60000000E+00  .15207916E+01
   .64000000E+00  .15096628E+01
   .68000000E+00  .14984811E+01
   .72000000E+00  .14872462E+01
   .76000000E+00  .14759572E+01
   .80000000E+00  .14646137E+01
   .84000000E+00  .14532149E+01
   .88000000E+00  .14417602E+01
   .92000000E+00  .14302490E+01
   .96000000E+00  .14186805E+01
   .10000000E+01  .14070542E+01
   .10400000E+01  .13953692E+01
   .10800000E+01  .13836249E+01
   .11200000E+01  .13718206E+01
   .11600000E+01  .13599555E+01
   .12000000E+01  .13480289E+01
   .12400000E+01  .13360400E+01
   .12800000E+01  .13239881E+01
   .13200000E+01  .13118723E+01
   .13600000E+01  .12996919E+01
   .14000000E+01  .12874460E+01
   .14400000E+01  .12751338E+01
   .14800000E+01  .12627544E+01
   .15200000E+01  .12503071E+01
   .15600000E+01  .12377909E+01
   .16000000E+01  .12252048E+01
   .16400000E+01  .12125481E+01
   .16800000E+01  .11998197E+01
   .17200000E+01  .11870188E+01
   .17600000E+01  .11741443E+01
   .18000000E+01  .11611952E+01
   .18400000E+01  .11481706E+01
   .18800000E+01  .11350695E+01
   .19200000E+01  .11218907E+01
   .19600000E+01  .11086333E+01
   .20000000E+01  .10952961E+01
Potential  L  =        3.00000    .00000
  -.20000000E+01  .21479048E+01
  -.19600000E+01  .21391824E+01
  -.19200000E+01  .21304309E+01
  -.18800000E+01  .21216501E+01
  -.18400000E+01  .21128398E+01
  -.18000000E+01  .21039997E+01
  -.17600000E+01  .20951296E+01
  -.17200000E+01  .20862291E+01
  -.16800000E+01  .20772981E+01
  -.16400000E+01  .20683361E+01
  -.16000000E+01  .20593431E+01
  -.15600000E+01  .20503186E+01
  -.15200000E+01  .20412624E+01
  -.14800000E+01  .20321741E+01
  -.14400000E+01  .20230536E+01
  -.14000000E+01  .20139005E+01
  -.13600000E+01  .20047145E+01
  -.13200000E+01  .19954953E+01
  -.12800000E+01  .19862426E+01
  -.12400000E+01  .19769560E+01
  -.12000000E+01  .19676353E+01
  -.11600000E+01  .19582801E+01
  -.11200000E+01  .19488901E+01
  -.10800000E+01  .19394650E+01
  -.10400000E+01  .19300043E+01
  -.10000000E+01  .19205079E+01
  -.96000000E+00  .19109753E+01
  -.92000000E+00  .19014062E+01
  -.88000000E+00  .18918002E+01
  -.84000000E+00  .18821569E+01
  -.80000000E+00  .18724761E+01
  -.76000000E+00  .18627572E+01
  -.72000000E+00  .18530000E+01
  -.68000000E+00  .18432040E+01
  -.64000000E+00  .18333689E+01
  -.60000000E+00  .18234942E+01
  -.56000000E+00  .18135796E+01
  -.52000000E+00  .18036247E+01
  -.48000000E+00  .17936289E+01
  -.44000000E+00  .17835920E+01
  -.40000000E+00  .17735134E+01
  -.36000000E+00  .17633928E+01
  -.32000000E+00  .17532297E+01
  -.28000000E+00  .17430236E+01
  -.24000000E+00  .17327741E+01
  -.20000000E+00  .17224808E+01
  -.16000000E+00  .17121431E+01
  -.12000000E+00  .17017606E+01
  -.80000000E-01  .16913328E+01
  -.40000000E-01  .16808592E+01
   .12351231E-14  .16703393E+01
   .40000000E-01  .16597725E+01
   .80000000E-01  .16491585E+01
   .12000000E+00  .16384966E+01
   .16000000E+00  .16277863E+01
   .20000000E+00  .16170270E+01
   .24000000E+00  .16062183E+01
   .28000000E+00  .15953595E+01
   .32000000E+00  .15844501E+01
   .36000000E+00  .15734896E+01
   .40000000E+00  .15624772E+01
   .44000000E+00  .15514124E+01
   .48000000E+00  .15402946E+01
   .52000000E+00  .15291231E+01
   .56000000E+00  .15178975E+01
   .60000000E+00  .15066169E+01
   .64000000E+00  .14952807E+01
   .68000000E+00  .14838883E+01
   .72000000E+00  .14724390E+01
   .76000000E+00  .14609322E+01
   .80000000E+00  .14493670E+01
   .84000000E+00  .14377428E+01
   .88000000E+00  .14260589E+01
   .92000000E+00  .14143145E+01
   .96000000E+00  .14025088E+01
   .10000000E+01  .13906412E+01
   .10400000E+01  .13787107E+01
   .10800000E+01  .13667167E+01
   .11200000E+01  .13546583E+01
   .11600000E+01  .13425347E+01
   .12000000E+01  .13303450E+01
   .12400000E+01  .13180884E+01
   .12800000E+01  .13057640E+01
   .13200000E+01  .12933709E+01
   .13600000E+01  .12809083E+01
   .14000000E+01  .12683751E+01
   .14400000E+01  .12557705E+01
   .14800000E+01  .12430934E+01
   .15200000E+01  .12303430E+01
   .15600000E+01  .12175181E+01
   .16000000E+01  .12046179E+01
   .16400000E+01  .11916412E+01
   .16800000E+01  .11785870E+01
   .17200000E+01  .11654542E+01
   .17600000E+01  .11522417E+01
   .18000000E+01  .11389484E+01
   .18400000E+01  .11255731E+01
   .18800000E+01  .11121147E+01
   .19200000E+01  .10985720E+01
   .19600000E+01  .10849437E+01
   .20000000E+01  .10712286E+01
Core Pot   L  =        4.00000    .00000
  -.20000000E+01  .27481574E+01
  -.19600000E+01  .27413804E+01
  -.19200000E+01  .27345899E+01
  -.18800000E+01  .27277857E+01
  -.18400000E+01  .27209678E+01
  -.18000000E+01  .27141360E+01
  -.17600000E+01  .27072904E+01
  -.17200000E+01  .27004308E+01
  -.16800000E+01  .26935571E+01
  -.16400000E+01  .26866693E+01
  -.16000000E+01  .26797674E+01
  -.15600000E+01  .26728511E+01
  -.15200000E+01  .26659205E+01
  -.14800000E+01  .26589755E+01
  -.14400000E+01  .26520160E+01
  -.14000000E+01  .26450419E+01
  -.13600000E+01  .26380531E+01
  -.13200000E+01  .26310496E+01
  -.12800000E+01  .26240312E+01
  -.12400000E+01  .26169980E+01
  -.12000000E+01  .26099497E+01
  -.11600000E+01  .26028864E+01
  -.11200000E+01  .25958079E+01
  -.10800000E+01  .25887141E+01
  -.10400000E+01  .25816050E+01
  -.10000000E+01  .25744805E+01
  -.96000000E+00  .25673405E+01
  -.92000000E+00  .25601849E+01
  -.88000000E+00  .25530135E+01
  -.84000000E+00  .25458264E+01
  -.80000000E+00  .25386235E+01
  -.76000000E+00  .25314046E+01
  -.72000000E+00  .25241696E+01
  -.68000000E+00  .25169185E+01
  -.64000000E+00  .25096511E+01
  -.60000000E+00  .25023674E+01
  -.56000000E+00  .24950673E+01
  -.52000000E+00  .24877506E+01
  -.48000000E+00  .24804174E+01
  -.44000000E+00  .24730674E+01
  -.40000000E+00  .24657005E+01
  -.36000000E+00  .24583168E+01
  -.32000000E+00  .24509160E+01
  -.28000000E+00  .24434982E+01
  -.24000000E+00  .24360630E+01
  -.20000000E+00  .24286106E+01
  -.16000000E+00  .24211407E+01
  -.12000000E+00  .24136533E+01
  -.80000000E-01  .24061482E+01
  -.40000000E-01  .23986254E+01
   .12351231E-14  .23910848E+01
   .40000000E-01  .23835261E+01
   .80000000E-01  .23759494E+01
   .12000000E+00  .23683544E+01
   .16000000E+00  .23607412E+01
   .20000000E+00  .23531095E+01
   .24000000E+00  .23454594E+01
   .28000000E+00  .23377905E+01
   .32000000E+00  .23301029E+01
   .36000000E+00  .23223964E+01
   .40000000E+00  .23146709E+01
   .44000000E+00  .23069263E+01
   .48000000E+00  .22991624E+01
   .52000000E+00  .22913792E+01
   .56000000E+00  .22835765E+01
   .60000000E+00  .22757541E+01
   .64000000E+00  .22679120E+01
   .68000000E+00  .22600501E+01
   .72000000E+00  .22521681E+01
   .76000000E+00  .22442660E+01
   .80000000E+00  .22363437E+01
   .84000000E+00  .22284010E+01
   .88000000E+00  .22204377E+01
   .92000000E+00  .22124538E+01
   .96000000E+00  .22044491E+01
   .10000000E+01  .21964234E+01
   .10400000E+01  .21883767E+01
   .10800000E+01  .21803088E+01
   .11200000E+01  .21722195E+01
   .11600000E+01  .21641087E+01
   .12000000E+01  .21559763E+01
   .12400000E+01  .21478221E+01
   .12800000E+01  .21396460E+01
   .13200000E+01  .21314477E+01
   .13600000E+01  .21232273E+01
   .14000000E+01  .21149844E+01
   .14400000E+01  .21067190E+01
   .14800000E+01  .20984309E+01
   .15200000E+01  .20901200E+01
   .15600000E+01  .20817860E+01
   .16000000E+01  .20734289E+01
   .16400000E+01  .20650484E+01
   .16800000E+01  .20566445E+01
   .17200000E+01  .20482169E+01
   .17600000E+01  .20397654E+01
   .18000000E+01  .20312900E+01
   .18400000E+01  .20227904E+01
   .18800000E+01  .20142665E+01
   .19200000E+01  .20057180E+01
   .19600000E+01  .19971449E+01
   .20000000E+01  .19885469E+01
Potential  L  =        4.00000    .00000
  -.20000000E+01  .27473067E+01
  -.19600000E+01  .27405156E+01
  -.19200000E+01  .27337110E+01
  -.18800000E+01  .27268922E+01
  -.18400000E+01  .27200597E+01
  -.18000000E+01  .27132131E+01
  -.17600000E+01  .27063525E+01
  -.17200000E+01  .26994779E+01
  -.16800000E+01  .26925888E+01
  -.16400000E+01  .26856856E+01
  -.16000000E+01  .26787680E+01
  -.15600000E+01  .26718359E+01
  -.15200000E+01  .26648893E+01
  -.14800000E+01  .26579281E+01
  -.14400000E+01  .26509522E+01
  -.14000000E+01  .26439615E+01
  -.13600000E+01  .26369560E+01
  -.13200000E+01  .26299355E+01
  -.12800000E+01  .26229000E+01
  -.12400000E+01  .26158494E+01
  -.12000000E+01  .26087836E+01
  -.11600000E+01  .26017024E+01
  -.11200000E+01  .25946059E+01
  -.10800000E+01  .25874940E+01
  -.10400000E+01  .25803666E+01
  -.10000000E+01  .25732233E+01
  -.96000000E+00  .25660645E+01
  -.92000000E+00  .25588898E+01
  -.88000000E+00  .25516992E+01
  -.84000000E+00  .25444926E+01
  -.80000000E+00  .25372700E+01
  -.76000000E+00  .25300312E+01
  -.72000000E+00  .25227759E+01
  -.68000000E+00  .25155043E+01
  -.64000000E+00  .25082164E+01
  -.60000000E+00  .25009117E+01
  -.56000000E+00  .24935904E+01
  -.52000000E+00  .24862523E+01
  -.48000000E+00  .24788973E+01
  -.44000000E+00  .24715254E+01
  -.40000000E+00  .24641364E+01
  -.36000000E+00  .24567301E+01
  -.32000000E+00  .24493067E+01
  -.28000000E+00  .24418657E+01
  -.24000000E+00  .24344073E+01
  -.20000000E+00  .24269313E+01
  -.16000000E+00  .24194376E+01
  -.12000000E+00  .24119261E+01
  -.80000000E-01  .24043965E+01
  -.40000000E-01  .23968490E+01
   .12351231E-14  .23892833E+01
   .40000000E-01  .23816993E+01
   .80000000E-01  .23740969E+01
   .12000000E+00  .23664760E+01
   .16000000E+00  .23588365E+01
   .20000000E+00  .23511783E+01
   .24000000E+00  .23435012E+01
   .28000000E+00  .23358050E+01
   .32000000E+00  .23280898E+01
   .36000000E+00  .23203555E+01
   .40000000E+00  .23126017E+01
   .44000000E+00  .23048285E+01
   .48000000E+00  .22970356E+01
   .52000000E+00  .22892230E+01
   .56000000E+00  .22813906E+01
   .60000000E+00  .22735382E+01
   .64000000E+00  .22656657E+01
   .68000000E+00  .22577730E+01
   .72000000E+00  .22498598E+01
   .76000000E+00  .22419262E+01
   .80000000E+00  .22339719E+01
   .84000000E+00  .22259968E+01
   .88000000E+00  .22180008E+01
   .92000000E+00  .22099837E+01
   .96000000E+00  .22019454E+01
   .10000000E+01  .21938857E+01
   .10400000E+01  .21858045E+01
   .10800000E+01  .21777017E+01
   .11200000E+01  .21695771E+01
   .11600000E+01  .21614306E+01
   .12000000E+01  .21532619E+01
   .12400000E+01  .21450710E+01
   .12800000E+01  .21368577E+01
   .13200000E+01  .21286219E+01
   .13600000E+01  .21203633E+01
   .14000000E+01  .21120818E+01
   .14400000E+01  .21037773E+01
   .14800000E+01  .20954497E+01
   .15200000E+01  .20870986E+01
   .15600000E+01  .20787241E+01
   .16000000E+01  .20703258E+01
   .16400000E+01  .20619037E+01
   .16800000E+01  .20534576E+01
   .17200000E+01  .20449872E+01
   .17600000E+01  .20364925E+01
   .18000000E+01  .20279732E+01
   .18400000E+01  .20194292E+01
   .18800000E+01  .20108602E+01
   .19200000E+01  .20022662E+01
   .19600000E+01  .19936469E+01
   .20000000E+01  .19850021E+01
KBPotential  L  =       .00000  -3.56202
  -.20000000E+01 -.51187824E+00
  -.19600000E+01 -.57227130E+00
  -.19200000E+01 -.63500354E+00
  -.18800000E+01 -.70023342E+00
  -.18400000E+01 -.76813419E+00
  -.18000000E+01 -.83889558E+00
  -.17600000E+01 -.91272589E+00
  -.17200000E+01 -.98985428E+00
  -.16800000E+01 -.10705334E+01
  -.16400000E+01 -.11550427E+01
  -.16000000E+01 -.12436917E+01
  -.15600000E+01 -.13368245E+01
  -.15200000E+01 -.14348246E+01
  -.14800000E+01 -.15381207E+01
  -.14400000E+01 -.16471935E+01
  -.14000000E+01 -.17625842E+01
  -.13600000E+01 -.18849037E+01
  -.13200000E+01 -.20148447E+01
  -.12800000E+01 -.21531959E+01
  -.12400000E+01 -.23008586E+01
  -.12000000E+01 -.24588685E+01
  -.11600000E+01 -.26284209E+01
  -.11200000E+01 -.28109030E+01
  -.10800000E+01 -.30079342E+01
  -.10400000E+01 -.32214163E+01
  -.10000000E+01 -.34535986E+01
  -.96000000E+00 -.37071605E+01
  -.92000000E+00 -.39853194E+01
  -.88000000E+00 -.42919737E+01
  -.84000000E+00 -.46318918E+01
  -.80000000E+00 -.50109704E+01
  -.76000000E+00 -.54365882E+01
  -.72000000E+00 -.59181037E+01
  -.68000000E+00 -.64675658E+01
  -.64000000E+00 -.71007564E+01
  -.60000000E+00 -.78387572E+01
  -.56000000E+00 -.87103786E+01
  -.52000000E+00 -.97560581E+01
  -.48000000E+00 -.11034385E+02
  -.44000000E+00 -.12633570E+02
  -.40000000E+00 -.14692884E+02
  -.36000000E+00 -.17445832E+02
  -.32000000E+00 -.21316112E+02
  -.28000000E+00 -.27160742E+02
  -.24000000E+00 -.37014314E+02
  -.20000000E+00 -.57169835E+02
  -.16000000E+00 -.12154760E+03
  -.12000000E+00  .12626478E+04
  -.80000000E-01  .10438489E+03
  -.40000000E-01  .55097277E+02
   .12351231E-14  .37716465E+02
   .40000000E-01  .28832446E+02
   .80000000E-01  .23436159E+02
   .12000000E+00  .19809175E+02
   .16000000E+00  .17202715E+02
   .20000000E+00  .15238274E+02
   .24000000E+00  .13703930E+02
   .28000000E+00  .12471779E+02
   .32000000E+00  .11460057E+02
   .36000000E+00  .10614053E+02
   .40000000E+00  .98957780E+01
   .44000000E+00  .92780260E+01
   .48000000E+00  .87408042E+01
   .52000000E+00  .82690902E+01
   .56000000E+00  .78513779E+01
   .60000000E+00  .74787053E+01
   .64000000E+00  .71439886E+01
   .68000000E+00  .68415541E+01
   .72000000E+00  .65668046E+01
   .76000000E+00  .63159748E+01
   .80000000E+00  .60859522E+01
   .84000000E+00  .58741407E+01
   .88000000E+00  .56783582E+01
   .92000000E+00  .54967572E+01
   .96000000E+00  .53277629E+01
   .10000000E+01  .51700246E+01
   .10400000E+01  .50223775E+01
   .10800000E+01  .48838113E+01
   .11200000E+01  .47534461E+01
   .11600000E+01  .46305112E+01
   .12000000E+01  .45143292E+01
   .12400000E+01  .44043023E+01
   .12800000E+01  .42999005E+01
   .13200000E+01  .42006527E+01
   .13600000E+01  .41061387E+01
   .14000000E+01  .40159820E+01
   .14400000E+01  .39298449E+01
   .14800000E+01  .38474232E+01
   .15200000E+01  .37684425E+01
   .15600000E+01  .36926542E+01
   .16000000E+01  .36198328E+01
   .16400000E+01  .35497733E+01
   .16800000E+01  .34822888E+01
   .17200000E+01  .34172085E+01
   .17600000E+01  .33543763E+01
   .18000000E+01  .32936489E+01
   .18400000E+01  .32348945E+01
   .18800000E+01  .31779921E+01
   .19200000E+01  .31228298E+01
   .19600000E+01  .30693047E+01
   .20000000E+01  .30173211E+01
KBPotential  L  =      1.00000  -1.52681
  -.20000000E+01  .59962396E+00
  -.19600000E+01  .57402062E+00
  -.19200000E+01  .54795696E+00
  -.18800000E+01  .52141600E+00
  -.18400000E+01  .49437991E+00
  -.18000000E+01  .46682993E+00
  -.17600000E+01  .43874630E+00
  -.17200000E+01  .41010820E+00
  -.16800000E+01  .38089369E+00
  -.16400000E+01  .35107960E+00
  -.16000000E+01  .32064149E+00
  -.15600000E+01  .28955350E+00
  -.15200000E+01  .25778833E+00
  -.14800000E+01  .22531703E+00
  -.14400000E+01  .19210897E+00
  -.14000000E+01  .15813166E+00
  -.13600000E+01  .12335064E+00
  -.13200000E+01  .87729293E-01
  -.12800000E+01  .51228691E-01
  -.12400000E+01  .13807417E-01
  -.12000000E+01 -.24578651E-01
  -.11600000E+01 -.63976560E-01
  -.11200000E+01 -.10443653E+00
  -.10800000E+01 -.14601223E+00
  -.10400000E+01 -.18876106E+00
  -.10000000E+01 -.23274425E+00
  -.96000000E+00 -.27802828E+00
  -.92000000E+00 -.32468378E+00
  -.88000000E+00 -.37278674E+00
  -.84000000E+00 -.42241910E+00
  -.80000000E+00 -.47366966E+00
  -.76000000E+00 -.52663315E+00
  -.72000000E+00 -.58141303E+00
  -.68000000E+00 -.63812098E+00
  -.64000000E+00 -.69687855E+00
  -.60000000E+00 -.75781693E+00
  -.56000000E+00 -.82107962E+00
  -.52000000E+00 -.88682281E+00
  -.48000000E+00 -.95521753E+00
  -.44000000E+00 -.10264508E+01
  -.40000000E+00 -.11007278E+01
  -.36000000E+00 -.11782742E+01
  -.32000000E+00 -.12593387E+01
  -.28000000E+00 -.13441962E+01
  -.24000000E+00 -.14331508E+01
  -.20000000E+00 -.15265411E+01
  -.16000000E+00 -.16247436E+01
  -.12000000E+00 -.17281789E+01
  -.80000000E-01 -.18373188E+01
  -.40000000E-01 -.19526936E+01
   .12351231E-14 -.20749018E+01
   .40000000E-01 -.22046214E+01
   .80000000E-01 -.23426237E+01
   .12000000E+00 -.24897896E+01
   .16000000E+00 -.26471301E+01
   .20000000E+00 -.28158111E+01
   .24000000E+00 -.29971842E+01
   .28000000E+00 -.31928253E+01
   .32000000E+00 -.34045831E+01
   .36000000E+00 -.36346412E+01
   .40000000E+00 -.38855967E+01
   .44000000E+00 -.41605637E+01
   .48000000E+00 -.44633086E+01
   .52000000E+00 -.47984299E+01
   .56000000E+00 -.51716020E+01
   .60000000E+00 -.55899091E+01
   .64000000E+00 -.60623117E+01
   .68000000E+00 -.66003135E+01
   .72000000E+00 -.72189301E+01
   .76000000E+00 -.79381421E+01
   .80000000E+00 -.87851307E+01
   .84000000E+00 -.97978441E+01
   .88000000E+00 -.11030914E+02
   .92000000E+00 -.12565954E+02
   .96000000E+00 -.14530571E+02
   .10000000E+01 -.17136067E+02
   .10400000E+01 -.20759528E+02
   .10800000E+01 -.26146069E+02
   .11200000E+01 -.35002763E+02
   .11600000E+01 -.52290742E+02
   .12000000E+01 -.10103846E+03
   .12400000E+01 -.11406845E+04
   .12800000E+01  .12579073E+03
   .13200000E+01  .60265948E+02
   .13600000E+01  .39897655E+02
   .14000000E+01  .29964574E+02
   .14400000E+01  .24079897E+02
   .14800000E+01  .20185658E+02
   .15200000E+01  .17416632E+02
   .15600000E+01  .15345592E+02
   .16000000E+01  .13737288E+02
   .16400000E+01  .12451506E+02
   .16800000E+01  .11399476E+02
   .17200000E+01  .10522264E+02
   .17600000E+01  .97792084E+01
   .18000000E+01  .91413455E+01
   .18400000E+01  .85874871E+01
   .18800000E+01  .81017745E+01
   .19200000E+01  .76721019E+01
   .19600000E+01  .72890685E+01
   .20000000E+01  .69452627E+01
KBPotential  L  =      2.00000    .00000
  -.20000000E+01  .14281966E+01
  -.19600000E+01  .14143634E+01
  -.19200000E+01  .14004180E+01
  -.18800000E+01  .13863583E+01
  -.18400000E+01  .13721818E+01
  -.18000000E+01  .13578864E+01
  -.17600000E+01  .13434695E+01
  -.17200000E+01  .13289288E+01
  -.16800000E+01  .13142615E+01
  -.16400000E+01  .12994651E+01
  -.16000000E+01  .12845369E+01
  -.15600000E+01  .12694740E+01
  -.15200000E+01  .12542736E+01
  -.14800000E+01  .12389327E+01
  -.14400000E+01  .12234482E+01
  -.14000000E+01  .12078170E+01
  -.13600000E+01  .11920358E+01
  -.13200000E+01  .11761011E+01
  -.12800000E+01  .11600096E+01
  -.12400000E+01  .11437576E+01
  -.12000000E+01  .11273415E+01
  -.11600000E+01  .11107574E+01
  -.11200000E+01  .10940012E+01
  -.10800000E+01  .10770691E+01
  -.10400000E+01  .10599566E+01
  -.10000000E+01  .10426595E+01
  -.96000000E+00  .10251731E+01
  -.92000000E+00  .10074929E+01
  -.88000000E+00  .98961389E+00
  -.84000000E+00  .97153112E+00
  -.80000000E+00  .95323938E+00
  -.76000000E+00  .93473326E+00
  -.72000000E+00  .91600717E+00
  -.68000000E+00  .89705532E+00
  -.64000000E+00  .87787167E+00
  -.60000000E+00  .85845000E+00
  -.56000000E+00  .83878383E+00
  -.52000000E+00  .81886642E+00
  -.48000000E+00  .79869078E+00
  -.44000000E+00  .77824966E+00
  -.40000000E+00  .75753550E+00
  -.36000000E+00  .73654044E+00
  -.32000000E+00  .71525631E+00
  -.28000000E+00  .69367462E+00
  -.24000000E+00  .67178650E+00
  -.20000000E+00  .64958273E+00
  -.16000000E+00  .62705368E+00
  -.12000000E+00  .60418929E+00
  -.80000000E-01  .58097920E+00
  -.40000000E-01  .55741244E+00
   .12351231E-14  .53347760E+00
   .40000000E-01  .50916282E+00
   .80000000E-01  .48445559E+00
   .12000000E+00  .45934293E+00
   .16000000E+00  .43381124E+00
   .20000000E+00  .40784625E+00
   .24000000E+00  .38143305E+00
   .28000000E+00  .35455598E+00
   .32000000E+00  .32719867E+00
   .36000000E+00  .29934389E+00
   .40000000E+00  .27097358E+00
   .44000000E+00  .24206878E+00
   .48000000E+00  .21260955E+00
   .52000000E+00  .18257490E+00
   .56000000E+00  .15194278E+00
   .60000000E+00  .12068993E+00
   .64000000E+00  .88791867E-01
   .68000000E+00  .56222747E-01
   .72000000E+00  .22955308E-01
   .76000000E+00 -.11039245E-01
   .80000000E+00 -.45791347E-01
   .84000000E+00 -.81333197E-01
   .88000000E+00 -.11769888E+00
   .92000000E+00 -.15492451E+00
   .96000000E+00 -.19304839E+00
   .10000000E+01 -.23211117E+00
   .10400000E+01 -.27215603E+00
   .10800000E+01 -.31322891E+00
   .11200000E+01 -.35537868E+00
   .11600000E+01 -.39865742E+00
   .12000000E+01 -.44312069E+00
   .12400000E+01 -.48882780E+00
   .12800000E+01 -.53584214E+00
   .13200000E+01 -.58423156E+00
   .13600000E+01 -.63406874E+00
   .14000000E+01 -.68543164E+00
   .14400000E+01 -.73840401E+00
   .14800000E+01 -.79307589E+00
   .15200000E+01 -.84954426E+00
   .15600000E+01 -.90791370E+00
   .16000000E+01 -.96829715E+00
   .16400000E+01 -.10308168E+01
   .16800000E+01 -.10956049E+01
   .17200000E+01 -.11628052E+01
   .17600000E+01 -.12325737E+01
   .18000000E+01 -.13050804E+01
   .18400000E+01 -.13805107E+01
   .18800000E+01 -.14590674E+01
   .19200000E+01 -.15409723E+01
   .19600000E+01 -.16264692E+01
   .20000000E+01 -.17158262E+01
KBPotential  L  =      3.00000    .00000
  -.20000000E+01  .21479048E+01
  -.19600000E+01  .21391824E+01
  -.19200000E+01  .21304309E+01
  -.18800000E+01  .21216501E+01
  -.18400000E+01  .21128398E+01
  -.18000000E+01  .21039997E+01
  -.17600000E+01  .20951296E+01
  -.17200000E+01  .20862291E+01
  -.16800000E+01  .20772981E+01
  -.16400000E+01  .20683361E+01
  -.16000000E+01  .20593431E+01
  -.15600000E+01  .20503186E+01
  -.15200000E+01  .20412624E+01
  -.14800000E+01  .20321741E+01
  -.14400000E+01  .20230536E+01
  -.14000000E+01  .20139005E+01
  -.13600000E+01  .20047145E+01
  -.13200000E+01  .19954953E+01
  -.12800000E+01  .19862426E+01
  -.12400000E+01  .19769560E+01
  -.12000000E+01  .19676353E+01
  -.11600000E+01  .19582801E+01
  -.11200000E+01  .19488901E+01
  -.10800000E+01  .19394650E+01
  -.10400000E+01  .19300043E+01
  -.10000000E+01  .19205079E+01
  -.96000000E+00  .19109753E+01
  -.92000000E+00  .19014062E+01
  -.88000000E+00  .18918002E+01
  -.84000000E+00  .18821569E+01
  -.80000000E+00  .18724761E+01
  -.76000000E+00  .18627572E+01
  -.72000000E+00  .18530000E+01
  -.68000000E+00  .18432040E+01
  -.64000000E+00  .18333689E+01
  -.60000000E+00  .18234942E+01
  -.56000000E+00  .18135796E+01
  -.52000000E+00  .18036247E+01
  -.48000000E+00  .17936289E+01
  -.44000000E+00  .17835920E+01
  -.40000000E+00  .17735134E+01
  -.36000000E+00  .17633928E+01
  -.32000000E+00  .17532297E+01
  -.28000000E+00  .17430236E+01
  -.24000000E+00  .17327741E+01
  -.20000000E+00  .17224808E+01
  -.16000000E+00  .17121431E+01
  -.12000000E+00  .17017606E+01
  -.80000000E-01  .16913328E+01
  -.40000000E-01  .16808592E+01
   .12351231E-14  .16703393E+01
   .40000000E-01  .16597725E+01
   .80000000E-01  .16491585E+01
   .12000000E+00  .16384966E+01
   .16000000E+00  .16277863E+01
   .20000000E+00  .16170270E+01
   .24000000E+00  .16062183E+01
   .28000000E+00  .15953595E+01
   .32000000E+00  .15844501E+01
   .36000000E+00  .15734896E+01
   .40000000E+00  .15624772E+01
   .44000000E+00  .15514124E+01
   .48000000E+00  .15402946E+01
   .52000000E+00  .15291231E+01
   .56000000E+00  .15178975E+01
   .60000000E+00  .15066169E+01
   .64000000E+00  .14952807E+01
   .68000000E+00  .14838883E+01
   .72000000E+00  .14724390E+01
   .76000000E+00  .14609322E+01
   .80000000E+00  .14493670E+01
   .84000000E+00  .14377428E+01
   .88000000E+00  .14260589E+01
   .92000000E+00  .14143145E+01
   .96000000E+00  .14025088E+01
   .10000000E+01  .13906412E+01
   .10400000E+01  .13787107E+01
   .10800000E+01  .13667167E+01
   .11200000E+01  .13546583E+01
   .11600000E+01  .13425347E+01
   .12000000E+01  .13303450E+01
   .12400000E+01  .13180884E+01
   .12800000E+01  .13057640E+01
   .13200000E+01  .12933709E+01
   .13600000E+01  .12809083E+01
   .14000000E+01  .12683751E+01
   .14400000E+01  .12557705E+01
   .14800000E+01  .12430934E+01
   .15200000E+01  .12303430E+01
   .15600000E+01  .12175181E+01
   .16000000E+01  .12046179E+01
   .16400000E+01  .11916412E+01
   .16800000E+01  .11785870E+01
   .17200000E+01  .11654542E+01
   .17600000E+01  .11522417E+01
   .18000000E+01  .11389484E+01
   .18400000E+01  .11255731E+01
   .18800000E+01  .11121147E+01
   .19200000E+01  .10985720E+01
   .19600000E+01  .10849437E+01
   .20000000E+01  .10712286E+01
KBPotential  L  =      4.00000    .00000
  -.20000000E+01  .27473067E+01
  -.19600000E+01  .27405156E+01
  -.19200000E+01  .27337110E+01
  -.18800000E+01  .27268922E+01
  -.18400000E+01  .27200597E+01
  -.18000000E+01  .27132131E+01
  -.17600000E+01  .27063525E+01
  -.17200000E+01  .26994779E+01
  -.16800000E+01  .26925888E+01
  -.16400000E+01  .26856856E+01
  -.16000000E+01  .26787680E+01
  -.15600000E+01  .26718359E+01
  -.15200000E+01  .26648893E+01
  -.14800000E+01  .26579281E+01
  -.14400000E+01  .26509522E+01
  -.14000000E+01  .26439615E+01
  -.13600000E+01  .26369560E+01
  -.13200000E+01  .26299355E+01
  -.12800000E+01  .26229000E+01
  -.12400000E+01  .26158494E+01
  -.12000000E+01  .26087836E+01
  -.11600000E+01  .26017024E+01
  -.11200000E+01  .25946059E+01
  -.10800000E+01  .25874940E+01
  -.10400000E+01  .25803666E+01
  -.10000000E+01  .25732233E+01
  -.96000000E+00  .25660645E+01
  -.92000000E+00  .25588898E+01
  -.88000000E+00  .25516992E+01
  -.84000000E+00  .25444926E+01
  -.80000000E+00  .25372700E+01
  -.76000000E+00  .25300312E+01
  -.72000000E+00  .25227759E+01
  -.68000000E+00  .25155043E+01
  -.64000000E+00  .25082164E+01
  -.60000000E+00  .25009117E+01
  -.56000000E+00  .24935904E+01
  -.52000000E+00  .24862523E+01
  -.48000000E+00  .24788973E+01
  -.44000000E+00  .24715254E+01
  -.40000000E+00  .24641364E+01
  -.36000000E+00  .24567301E+01
  -.32000000E+00  .24493067E+01
  -.28000000E+00  .24418657E+01
  -.24000000E+00  .24344073E+01
  -.20000000E+00  .24269313E+01
  -.16000000E+00  .24194376E+01
  -.12000000E+00  .24119261E+01
  -.80000000E-01  .24043965E+01
  -.40000000E-01  .23968490E+01
   .12351231E-14  .23892833E+01
   .40000000E-01  .23816993E+01
   .80000000E-01  .23740969E+01
   .12000000E+00  .23664760E+01
   .16000000E+00  .23588365E+01
   .20000000E+00  .23511783E+01
   .24000000E+00  .23435012E+01
   .28000000E+00  .23358050E+01
   .32000000E+00  .23280898E+01
   .36000000E+00  .23203555E+01
   .40000000E+00  .23126017E+01
   .44000000E+00  .23048285E+01
   .48000000E+00  .22970356E+01
   .52000000E+00  .22892230E+01
   .56000000E+00  .22813906E+01
   .60000000E+00  .22735382E+01
   .64000000E+00  .22656657E+01
   .68000000E+00  .22577730E+01
   .72000000E+00  .22498598E+01
   .76000000E+00  .22419262E+01
   .80000000E+00  .22339719E+01
   .84000000E+00  .22259968E+01
   .88000000E+00  .22180008E+01
   .92000000E+00  .22099837E+01
   .96000000E+00  .22019454E+01
   .10000000E+01  .21938857E+01
   .10400000E+01  .21858045E+01
   .10800000E+01  .21777017E+01
   .11200000E+01  .21695771E+01
   .11600000E+01  .21614306E+01
   .12000000E+01  .21532619E+01
   .12400000E+01  .21450710E+01
   .12800000E+01  .21368577E+01
   .13200000E+01  .21286219E+01
   .13600000E+01  .21203633E+01
   .14000000E+01  .21120818E+01
   .14400000E+01  .21037773E+01
   .14800000E+01  .20954497E+01
   .15200000E+01  .20870986E+01
   .15600000E+01  .20787241E+01
   .16000000E+01  .20703258E+01
   .16400000E+01  .20619037E+01
   .16800000E+01  .20534576E+01
   .17200000E+01  .20449872E+01
   .17600000E+01  .20364925E+01
   .18000000E+01  .20279732E+01
   .18400000E+01  .20194292E+01
   .18800000E+01  .20108602E+01
   .19200000E+01  .20022662E+01
   .19600000E+01  .19936469E+01
   .20000000E+01  .19850021E+01
