Ag : s1 d10                             
   12  47.   .002000 107.86820 125.   .50E-05 .100  400FCA 36.00000
   .7  1.0   0
  1.0   .0   .5-1850.9017 2.0000
  2.0   .0   .5 -272.8775 2.0000
  2.0  1.0  1.5 -245.1710 6.0000
  3.0   .0   .5  -50.0103 2.0000
  3.0  1.0  1.5  -40.8721 6.0000
  3.0  2.0  2.5  -26.363610.0000
  4.0   .0   .5   -6.9627 2.0000
  4.0  1.0  1.5   -4.3025 6.0000
  4.0  2.0  2.5    -.564410.0000
  5.0   .0   .5    -.3455 1.0000
  5.0  1.0   .5    -.1000  .0000
  4.0  3.0  2.5    -.1000  .0000
