Ag : s1 d10                             
  .193792481E-01  .196711816E-01  .199674997E-01  .202682681E-01  .205735533E-01
  .208834228E-01  .211979452E-01  .215171900E-01  .218412277E-01  .221701301E-01
  .225039697E-01  .228428204E-01  .231867569E-01  .235358553E-01  .238901927E-01
  .242498472E-01  .246148983E-01  .249854266E-01  .253615137E-01  .257432428E-01
  .261306979E-01  .265239646E-01  .269231295E-01  .273282806E-01  .277395073E-01
  .281569001E-01  .285805511E-01  .290105535E-01  .294470021E-01  .298899928E-01
  .303396234E-01  .307959927E-01  .312592011E-01  .317293505E-01  .322065444E-01
  .326908877E-01  .331824869E-01  .336814500E-01  .341878868E-01  .347019083E-01
  .352236277E-01  .357531594E-01  .362906197E-01  .368361266E-01  .373897998E-01
  .379517608E-01  .385221328E-01  .391010410E-01  .396886123E-01  .402849754E-01
  .408902610E-01  .415046018E-01  .421281324E-01  .427609891E-01  .434033107E-01
  .440552377E-01  .447169128E-01  .453884806E-01  .460700881E-01  .467618842E-01
  .474640203E-01  .481766497E-01  .488999281E-01  .496340135E-01  .503790661E-01
  .511352487E-01  .519027261E-01  .526816660E-01  .534722380E-01  .542746147E-01
  .550889709E-01  .559154840E-01  .567543342E-01  .576057041E-01  .584697790E-01
  .593467471E-01  .602367992E-01  .611401288E-01  .620569324E-01  .629874092E-01
  .639317616E-01  .648901946E-01  .658629164E-01  .668501382E-01  .678520743E-01
  .688689420E-01  .699009619E-01  .709483578E-01  .720113567E-01  .730901888E-01
  .741850880E-01  .752962913E-01  .764240391E-01  .775685756E-01  .787301483E-01
  .799090083E-01  .811054105E-01  .823196134E-01  .835518791E-01  .848024739E-01
  .860716676E-01  .873597340E-01  .886669509E-01  .899936003E-01  .913399678E-01
  .927063437E-01  .940930221E-01  .955003015E-01  .969284848E-01  .983778790E-01
  .998487959E-01  .101341552E+00  .102856467E+00  .104393866E+00  .105954081E+00
  .107537445E+00  .109144298E+00  .110774984E+00  .112429853E+00  .114109260E+00
  .115813564E+00  .117543129E+00  .119298326E+00  .121079529E+00  .122887121E+00
  .124721485E+00  .126583016E+00  .128472108E+00  .130389167E+00  .132334599E+00
  .134308821E+00  .136312251E+00  .138345318E+00  .140408454E+00  .142502097E+00
  .144626692E+00  .146782691E+00  .148970553E+00  .151190740E+00  .153443725E+00
  .155729985E+00  .158050004E+00  .160404275E+00  .162793295E+00  .165217570E+00
  .167677613E+00  .170173943E+00  .172707089E+00  .175277584E+00  .177885972E+00
  .180532802E+00  .183218633E+00  .185944030E+00  .188709566E+00  .191515825E+00
  .194363396E+00  .197252877E+00  .200184875E+00  .203160007E+00  .206178895E+00
  .209242174E+00  .212350484E+00  .215504477E+00  .218704812E+00  .221952160E+00
  .225247198E+00  .228590615E+00  .231983108E+00  .235425386E+00  .238918166E+00
  .242462176E+00  .246058152E+00  .249706844E+00  .253409010E+00  .257165419E+00
  .260976851E+00  .264844095E+00  .268767955E+00  .272749243E+00  .276788783E+00
  .280887411E+00  .285045973E+00  .289265330E+00  .293546351E+00  .297889919E+00
  .302296930E+00  .306768292E+00  .311304923E+00  .315907757E+00  .320577740E+00
  .325315830E+00  .330122999E+00  .335000232E+00  .339948527E+00  .344968898E+00
  .350062371E+00  .355229986E+00  .360472797E+00  .365791875E+00  .371188302E+00
  .376663176E+00  .382217613E+00  .387852739E+00  .393569700E+00  .399369655E+00
  .405253779E+00  .411223264E+00  .417279318E+00  .423423163E+00  .429656041E+00
  .435979208E+00  .442393940E+00  .448901528E+00  .455503280E+00  .462200522E+00
  .468994600E+00  .475886876E+00  .482878730E+00  .489971561E+00  .497166789E+00
  .504465848E+00  .511870197E+00  .519381310E+00  .527000682E+00  .534729829E+00
  .542570287E+00  .550523610E+00  .558591376E+00  .566775182E+00  .575076646E+00
  .583497408E+00  .592039130E+00  .600703494E+00  .609492208E+00  .618406998E+00
  .627449616E+00  .636621836E+00  .645925454E+00  .655362290E+00  .664934191E+00
  .674643022E+00  .684490678E+00  .694479076E+00  .704610158E+00  .714885891E+00
  .725308269E+00  .735879310E+00  .746601060E+00  .757475588E+00  .768504994E+00
  .779691402E+00  .791036965E+00  .802543861E+00  .814214299E+00  .826050514E+00
  .838054772E+00  .850229364E+00  .862576614E+00  .875098873E+00  .887798524E+00
  .900677977E+00  .913739674E+00  .926986090E+00  .940419728E+00  .954043123E+00
  .967858843E+00  .981869488E+00  .996077688E+00  .101048611E+01  .102509745E+01
  .103991444E+01  .105493985E+01  .107017647E+01  .108562714E+01  .110129473E+01
  .111718214E+01  .113329231E+01  .114962821E+01  .116619287E+01  .118298933E+01
  .120002066E+01  .121729001E+01  .123480052E+01  .125255541E+01  .127055789E+01
  .128881126E+01  .130731883E+01  .132608394E+01  .134511001E+01  .136440047E+01
  .138395878E+01  .140378848E+01  .142389311E+01  .144427629E+01  .146494165E+01
  .148589288E+01  .150713371E+01  .152866792E+01  .155049932E+01  .157263178E+01
  .159506919E+01  .161781551E+01  .164087474E+01  .166425091E+01  .168794812E+01
  .171197050E+01  .173632223E+01  .176100755E+01  .178603072E+01  .181139607E+01
  .183710798E+01  .186317087E+01  .188958920E+01  .191636751E+01  .194351036E+01
  .197102236E+01  .199890820E+01  .202717260E+01  .205582033E+01  .208485621E+01
  .211428513E+01  .214411201E+01  .217434184E+01  .220497966E+01  .223603055E+01
  .226749967E+01  .229939220E+01  .233171341E+01  .236446859E+01  .239766312E+01
  .243130242E+01  .246539195E+01  .249993725E+01  .253494391E+01  .257041757E+01
  .260636393E+01  .264278876E+01  .267969787E+01  .271709713E+01  .275499247E+01
  .279338990E+01  .283229545E+01  .287171525E+01  .291165545E+01  .295212229E+01
  .299312205E+01  .303466108E+01  .307674579E+01  .311938266E+01  .316257820E+01
  .320633900E+01  .325067173E+01  .329558308E+01  .334107984E+01  .338716883E+01
  .343385696E+01  .348115117E+01  .352905850E+01  .357758601E+01  .362674085E+01
  .367653022E+01  .372696140E+01  .377804170E+01  .382977852E+01  .388217931E+01
  .393525158E+01  .398900290E+01  .404344092E+01  .409857333E+01  .415440789E+01
  .421095242E+01  .426821480E+01  .432620298E+01  .438492496E+01  .444438881E+01
  .450460264E+01  .456557466E+01  .462731309E+01  .468982625E+01  .475312250E+01
  .481721027E+01  .488209803E+01  .494779433E+01  .501430776E+01  .508164697E+01
  .514982069E+01  .521883768E+01  .528870675E+01  .535943680E+01  .543103675E+01
  .550351559E+01  .557688236E+01  .565114615E+01  .572631611E+01  .580240144E+01
  .587941138E+01  .595735523E+01  .603624232E+01  .611608205E+01  .619688387E+01
  .627865725E+01  .636141171E+01  .644515684E+01  .652990225E+01  .661565758E+01
  .670243254E+01  .679023686E+01  .687908031E+01  .696897270E+01  .705992386E+01
  .715194368E+01  .724504206E+01  .733922893E+01  .743451427E+01  .753090806E+01
  .762842032E+01  .772706109E+01  .782684043E+01  .792776843E+01  .802985518E+01
  .813311080E+01  .823754542E+01  .834316919E+01  .844999224E+01  .855802474E+01
  .866727685E+01  .877775873E+01  .888948056E+01  .900245249E+01  .911668469E+01
  .923218730E+01  .934897047E+01  .946704431E+01  .958641896E+01  .970710449E+01
  .982911098E+01  .995244848E+01  .100771270E+02  .102031566E+02  .103305471E+02
  .104593085E+02  .105894506E+02  .107209834E+02  .108539165E+02  .109882598E+02
  .111240228E+02  .112612152E+02  .113998466E+02  .115399264E+02  .116814641E+02
  .118244690E+02  .119689503E+02  .121149173E+02  .122623789E+02  .124113443E+02
  .125618222E+02  .127138216E+02  .128673510E+02  .130224191E+02  .131790343E+02
  .133372050E+02  .134969392E+02  .136582452E+02  .138211309E+02  .139856040E+02
  .141516722E+02  .143193429E+02  .144886236E+02  .146595213E+02  .148320431E+02
  .150061957E+02  .151819858E+02  .153594199E+02  .155385040E+02  .157192444E+02
  .159016468E+02  .160857168E+02  .162714598E+02  .164588810E+02  .166479852E+02
  .168387771E+02  .170312613E+02  .172254417E+02  .174213223E+02  .176189068E+02
  .178181985E+02  .180192003E+02  .182219152E+02  .184263455E+02  .186324934E+02
  .188403606E+02  .190499488E+02  .192612590E+02  .194742921E+02  .196890484E+02
  .199055282E+02  .201237312E+02  .203436566E+02  .205653036E+02  .207886705E+02
  .210137557E+02  .212405568E+02  .214690712E+02  .216992959E+02  .219312272E+02
  .221648612E+02  .224001934E+02  .226372190E+02  .228759325E+02  .231163281E+02
  .233583994E+02  .236021396E+02  .238475413E+02  .240945965E+02  .243432969E+02
  .245936335E+02  .248455967E+02  .250991765E+02  .253543621E+02  .256111425E+02
  .258695057E+02  .261294394E+02  .263909304E+02  .266539653E+02  .269185296E+02
  .271846086E+02  .274521866E+02  .277212475E+02  .279917744E+02  .282637497E+02
  .285371553E+02  .288119723E+02  .290881810E+02  .293657612E+02  .296446918E+02
  .299249511E+02  .302065166E+02  .304893651E+02  .307734726E+02  .310588144E+02
  .313453650E+02  .316330981E+02  .319219868E+02  .322120031E+02  .325031186E+02
  .327953036E+02  .330885281E+02  .333827610E+02  .336779704E+02  .339741237E+02
  .342711873E+02  .345691269E+02  .348679073E+02  .351674925E+02  .354678455E+02
  .357689287E+02  .360707034E+02  .363731303E+02  .366761689E+02  .369797781E+02
  .372839159E+02  .375885393E+02  .378936045E+02  .381990669E+02  .385048809E+02
  .388110001E+02  .391173773E+02  .394239642E+02  .397307120E+02  .400375706E+02
  .403444894E+02  .406514167E+02  .409583000E+02  .412650862E+02  .415717209E+02
  .418781492E+02  .421843153E+02  .424901625E+02  .427956333E+02  .431006694E+02
  .434052117E+02  .437092004E+02  .440125748E+02  .443152734E+02  .446172340E+02
  .449183938E+02  .452186890E+02  .455180553E+02  .458164276E+02  .461137401E+02
  .464099264E+02  .467049194E+02  .469986514E+02  .472910541E+02  .475820586E+02
  .478715954E+02  .481595945E+02  .484459853E+02  .487306969E+02  .490136578E+02
  .492947959E+02  .495740390E+02  .498513143E+02  .501265487E+02  .503996688E+02
  .506706009E+02  .509392710E+02  .512056049E+02  .514695283E+02  .517309665E+02
  .519898450E+02  .522460889E+02  .524996236E+02  .527503741E+02  .529982659E+02
  .532432242E+02  .534851746E+02  .537240427E+02  .539597544E+02  .541922358E+02
  .544214134E+02  .546472140E+02  .548695649E+02  .550883939E+02  .553036290E+02
  .555151993E+02  .557230340E+02  .559270634E+02  .561272183E+02  .563234303E+02
  .565156321E+02  .567037569E+02  .568877394E+02  .570675148E+02  .572430199E+02
  .574141922E+02  .575809708E+02  .577432959E+02  .579011091E+02  .580543535E+02
  .582029734E+02  .583469151E+02  .584861262E+02  .586205562E+02  .587501560E+02
  .588748789E+02  .589946795E+02  .591095149E+02  .592193438E+02  .593241274E+02
  .594238288E+02  .595184134E+02  .596078491E+02  .596921060E+02  .597711568E+02
  .598449766E+02  .599135432E+02  .599768371E+02  .600348415E+02  .600875424E+02
  .601349288E+02  .601769925E+02  .602137283E+02  .602451344E+02  .602712117E+02
  .602919647E+02  .603074009E+02  .603175314E+02  .603223705E+02  .603219360E+02
  .603162494E+02  .603053355E+02  .602892230E+02  .602679441E+02  .602415348E+02
  .602100349E+02  .601734880E+02  .601319417E+02  .600854473E+02  .600340603E+02
  .599778400E+02  .599168499E+02  .598511576E+02  .597808345E+02  .597059564E+02
  .596266032E+02  .595428589E+02  .594548116E+02  .593625540E+02  .592661824E+02
  .591657978E+02  .590615052E+02  .589534137E+02  .588416370E+02  .587262925E+02
  .586075021E+02  .584853918E+02  .583600916E+02  .582317358E+02  .581004626E+02
  .579664142E+02  .578297371E+02  .576905814E+02  .575491012E+02  .574054544E+02
  .572598029E+02  .571123118E+02  .569631503E+02  .568124910E+02  .566605097E+02
  .565073859E+02  .563533022E+02  .561984444E+02  .560430013E+02  .558871647E+02
  .557311292E+02  .555750920E+02  .554192531E+02  .552638145E+02  .551089809E+02
  .549549589E+02  .548019572E+02  .546501860E+02  .544998576E+02  .543511853E+02
  .542043841E+02  .540596697E+02  .539172591E+02  .537773696E+02  .536402194E+02
  .535060267E+02  .533750100E+02  .532473874E+02  .531233771E+02  .530031962E+02
  .528870614E+02  .527751880E+02  .526677904E+02  .525650810E+02  .524672709E+02
  .523745687E+02  .522871811E+02  .522053120E+02  .521291624E+02  .520589305E+02
  .519948110E+02  .519369948E+02  .518856692E+02  .518410170E+02  .518032169E+02
  .517724426E+02  .517488629E+02  .517326411E+02  .517239353E+02  .517228975E+02
  .517296736E+02  .517444031E+02  .517672189E+02  .517982468E+02  .518376055E+02
  .518854062E+02  .519417523E+02  .520067391E+02  .520804539E+02  .521629750E+02
  .522543724E+02  .523547069E+02  .524640298E+02  .525823833E+02  .527097997E+02
  .528463014E+02  .529919005E+02  .531465990E+02  .533103883E+02  .534832491E+02
  .536651510E+02  .538560530E+02  .540559024E+02  .542646356E+02  .544821772E+02
  .547084405E+02  .549433269E+02  .551867262E+02  .554385162E+02  .556985629E+02
  .559667204E+02  .562428305E+02  .565267235E+02  .568182172E+02  .571171178E+02
  .574232193E+02  .577363038E+02  .580561417E+02  .583824916E+02  .587151004E+02
  .590537033E+02  .593980245E+02  .597477767E+02  .601026614E+02  .604623695E+02
  .608265811E+02  .611949660E+02  .615671836E+02  .619428836E+02  .623217060E+02
  .627032815E+02  .630872320E+02  .634731705E+02  .638607021E+02  .642494237E+02
  .646389249E+02  .650287884E+02  .654185902E+02  .658079003E+02  .661962829E+02
  .665832973E+02  .669684981E+02  .673514357E+02  .677316574E+02  .681087070E+02
  .684821265E+02  .688514558E+02  .692162338E+02  .695759988E+02  .699302894E+02
  .702786447E+02  .706206056E+02  .709557148E+02  .712835181E+02  .716035647E+02
  .719154079E+02  .722186060E+02  .725127231E+02  .727973294E+02  .730720022E+02
  .733363269E+02  .735898971E+02  .738323159E+02  .740631963E+02  .742821619E+02
  .744888479E+02  .746829017E+02  .748639834E+02  .750317668E+02  .751859399E+02
  .753262057E+02  .754522827E+02  .755639060E+02  .756608272E+02  .757428158E+02
  .758096592E+02  .758611638E+02  .758971551E+02  .759174786E+02  .759220003E+02
  .759106069E+02  .758832066E+02  .758397293E+02  .757801273E+02  .757043754E+02
  .756124714E+02  .755044365E+02  .753803153E+02  .752401765E+02  .750841125E+02
  .749122402E+02  .747247008E+02  .745216598E+02  .743033073E+02  .740698581E+02
  .738215511E+02  .735586499E+02  .732814423E+02  .729902401E+02  .726853790E+02
  .723672186E+02  .720361414E+02  .716925532E+02  .713368821E+02  .709695784E+02
  .705911140E+02  .702019819E+02  .698026954E+02  .693937876E+02  .689758107E+02
  .685493354E+02  .681149496E+02  .676732582E+02  .672248820E+02  .667704562E+02
  .663106306E+02  .658460674E+02  .653774409E+02  .649054361E+02  .644307475E+02
  .639540783E+02  .634761389E+02  .629976455E+02  .625193193E+02  .620418847E+02
  .615660686E+02  .610925982E+02  .606222006E+02  .601556005E+02  .596935194E+02
  .592366740E+02  .587857747E+02  .583415243E+02  .579046163E+02  .574757338E+02
  .570555478E+02  .566447158E+02  .562438804E+02  .558536680E+02  .554746872E+02
  .551075273E+02  .547527574E+02  .544109244E+02  .540825524E+02  .537681407E+02
  .534681631E+02  .531830665E+02  .529132695E+02  .526591616E+02  .524211019E+02
  .521994182E+02  .519944061E+02  .518063276E+02  .516354110E+02  .514818494E+02
  .513458004E+02  .512273852E+02  .511266883E+02  .510437567E+02  .509785994E+02
  .509311874E+02  .509014531E+02  .508892904E+02  .508945541E+02  .509170604E+02
  .509565866E+02  .510128714E+02  .510856151E+02  .511744798E+02  .512790900E+02
  .513990330E+02  .515338594E+02  .516830840E+02  .518461862E+02  .520226113E+02
  .522117709E+02  .524130445E+02  .526257802E+02  .528492960E+02  .530828809E+02
  .533257966E+02  .535772785E+02  .538365377E+02  .541027618E+02  .543751173E+02
  .546527509E+02  .549347911E+02  .552203503E+02  .555085266E+02  .557984054E+02
  .560890618E+02  .563795621E+02  .566689663E+02  .569563296E+02  .572407050E+02
  .575211448E+02  .577967034E+02  .580664387E+02  .583294147E+02  .585847033E+02
  .588313866E+02  .590685588E+02  .592953287E+02  .595108209E+02  .597141789E+02
  .599045659E+02  .600811679E+02  .602431946E+02  .603898822E+02  .605204942E+02
  .606343240E+02  .607306958E+02  .608089671E+02  .608685294E+02  .609088100E+02
  .609292734E+02  .609294228E+02  .609088007E+02  .608669906E+02  .608036175E+02
  .607183497E+02  .606108984E+02  .604810194E+02  .603285134E+02  .601532263E+02
  .599550500E+02  .597339221E+02  .594898269E+02  .592227949E+02  .589329028E+02
  .586202737E+02  .582850764E+02  .579275254E+02  .575478802E+02  .571464450E+02
  .567235677E+02  .562796392E+02  .558150927E+02  .553304025E+02  .548260832E+02
  .543026879E+02  .537608077E+02  .532010699E+02  .526241366E+02  .520307032E+02
  .514214971E+02  .507972752E+02  .501588232E+02  .495069529E+02  .488425013E+02
  .481663273E+02  .474793113E+02  .467823517E+02  .460763643E+02  .453622786E+02
  .446410374E+02  .439135930E+02  .431809065E+02  .424439444E+02  .417036773E+02
  .409610770E+02  .402171153E+02  .394727604E+02  .387289764E+02  .379867194E+02
  .372469372E+02  .365105656E+02  .357785278E+02  .350517306E+02  .343310649E+02
  .336174011E+02  .329115896E+02  .322144571E+02  .315268069E+02  .308494148E+02
  .301830301E+02  .295283719E+02  .288861295E+02  .282569595E+02  .276414860E+02
  .270402980E+02  .264539500E+02  .258829594E+02  .253278071E+02  .247889354E+02
  .242667488E+02  .237616119E+02  .232738506E+02  .228037501E+02  .223515562E+02
  .219174740E+02  .215016689E+02  .211042654E+02  .207253488E+02  .203649642E+02
  .200231179E+02  .196997769E+02  .193948705E+02  .191082901E+02  .188398906E+02
  .185894909E+02  .183568749E+02  .181417926E+02  .179439612E+02  .177630660E+02
  .175987622E+02  .174506755E+02  .173184040E+02  .172015192E+02  .170995679E+02
  .170120732E+02  .169385365E+02  .168784389E+02  .168312425E+02  .167963927E+02
  .167733192E+02  .167614381E+02  .167601535E+02  .167688588E+02  .167869390E+02
  .168137721E+02  .168487303E+02  .168911828E+02  .169404961E+02  .169960368E+02
  .170571722E+02  .171232726E+02  .171937124E+02  .172678718E+02  .173451379E+02
  .174249068E+02  .175065839E+02  .175895862E+02  .176733428E+02  .177572966E+02
  .178409047E+02  .179236405E+02  .180049935E+02  .180844713E+02  .181615989E+02
  .182359219E+02  .183070047E+02  .183744328E+02  .184378121E+02  .184967707E+02
  .185509580E+02  .186000456E+02  .186437281E+02  .186817228E+02  .187137691E+02
  .187396299E+02  .187590904E+02  .187719591E+02  .187780663E+02  .187772655E+02
  .187694316E+02  .187544617E+02  .187322741E+02  .187028082E+02  .186660235E+02
  .186219002E+02  .185704370E+02  .185116522E+02  .184455815E+02  .183722788E+02
  .182918142E+02  .182042743E+02  .181097605E+02  .180083893E+02  .179002904E+02
  .177856069E+02  .176644937E+02  .175371174E+02  .174036545E+02  .172642919E+02
  .171192248E+02  .169686568E+02  .168127984E+02  .166518670E+02  .164860851E+02
  .163156806E+02  .161408851E+02  .159619339E+02  .157790648E+02  .155925174E+02
  .154025328E+02  .152093528E+02  .150132188E+02  .148143719E+02  .146130519E+02
  .144094969E+02  .142039425E+02  .139966219E+02  .137877647E+02  .135775971E+02
  .133663409E+02  .131542138E+02  .129414284E+02  .127281922E+02  .125147075E+02
  .123011706E+02  .120877720E+02  .118746960E+02  .116621208E+02  .114502177E+02
  .112391518E+02  .110290811E+02  .108201572E+02  .106125245E+02  .104063205E+02
  .102016760E+02  .999871471E+01  .979755338E+01  .959830207E+01  .940106384E+01
  .920593517E+01  .901300571E+01  .882235871E+01  .863407081E+01  .844821249E+01
  .826484788E+01  .808403520E+01  .790582665E+01  .773026883E+01  .755740261E+01
  .738726366E+01  .721988224E+01  .705528374E+01  .689348843E+01  .673451206E+01
  .657836614E+01  .642505695E+01  .627458854E+01  .612695877E+01  .598216423E+01
  .584019564E+01  .570104287E+01  .556469019E+01  .543112148E+01  .530031534E+01
  .517225043E+01  .504690038E+01  .492423929E+01  .480423656E+01  .468686216E+01
  .457208214E+01  .445986352E+01  .435016908E+01  .424296321E+01  .413820629E+01
  .403586062E+01  .393588471E+01  .383823932E+01  .374288157E+01  .364977110E+01
  .355886414E+01  .347011927E+01  .338349257E+01  .329894268E+01  .321642513E+01
  .313589860E+01  .305731875E+01  .298064461E+01  .290583226E+01  .283284134E+01
  .276162858E+01  .269215441E+01  .262437646E+01  .255825615E+01  .249375213E+01
  .243082695E+01  .236944047E+01  .230955650E+01  .225113615E+01  .219414460E+01
  .213854434E+01  .208430197E+01  .203138140E+01  .197975070E+01  .192937524E+01
  .188022460E+01  .183226564E+01  .178546942E+01  .173980424E+01  .169524275E+01
  .165175476E+01  .160931434E+01  .156789278E+01  .152746560E+01  .148800549E+01
  .144948940E+01  .141189141E+01  .137518986E+01  .133936015E+01  .130438194E+01
  .127023193E+01  .123689105E+01  .120433722E+01  .117255258E+01  .114151626E+01
  .111121154E+01  .108161864E+01  .105272195E+01  .102450276E+01  .996946489E+00
  .970035412E+00  .943755923E+00  .918091254E+00  .893028711E+00  .868552392E+00
  .844650464E+00  .821307868E+00  .798513065E+00  .776253134E+00  .754516053E+00
  .733289989E+00  .712563617E+00  .692325775E+00  .672565790E+00  .653273124E+00
  .634437707E+00  .616049580E+00  .598099234E+00  .580577251E+00  .563474639E+00
  .546782475E+00  .530492253E+00  .514595511E+00  .499084185E+00  .483950239E+00
  .469186023E+00  .454783895E+00  .440736583E+00  .427036807E+00  .413677647E+00
  .400652160E+00  .387953748E+00  .375575776E+00  .363511944E+00  .351755905E+00
  .340301605E+00  .329143032E+00  .318274318E+00  .307689715E+00  .297383587E+00
  .287350409E+00  .277584761E+00  .268081322E+00  .258834870E+00  .249840275E+00
  .241092498E+00  .232586585E+00  .224317663E+00  .216280942E+00  .208471706E+00
  .200885316E+00  .193517200E+00  .186362859E+00  .179417857E+00  .172677825E+00
  .166138454E+00  .159795496E+00  .153644762E+00  .147682119E+00  .141903490E+00
  .136304851E+00  .130882190E+00  .125631630E+00  .120549299E+00  .115631376E+00
  .110874088E+00  .106273707E+00  .101826556E+00  .975290016E-01  .933774558E-01
  .893683771E-01  .854982684E-01  .817636772E-01  .781611954E-01  .746874591E-01
  .713391485E-01  .681129878E-01  .650057455E-01  .620142340E-01  .591353102E-01
  .563658751E-01  .537028744E-01  .511432988E-01  .486841837E-01  .463226098E-01
  .440557034E-01  .418806367E-01  .397946279E-01  .377949417E-01  .358788894E-01
  .340438295E-01  .322871359E-01  .306062955E-01  .289988083E-01  .274622227E-01
  .259941355E-01  .245921919E-01  .232540860E-01  .219775609E-01  .207604087E-01
  .196004706E-01  .184956371E-01  .174438479E-01  .164430920E-01  .154914076E-01
  .145868821E-01  .137276518E-01  .129119021E-01  .121378669E-01  .114038287E-01
  .107081180E-01  .100491135E-01  .942524104E-02  .883497399E-02  .827683222E-02
  .774938193E-02  .725123506E-02  .678104878E-02  .633752489E-02  .591940924E-02
  .552549107E-02  .515460237E-02  .480561712E-02  .447745064E-02  .416905878E-02
  .387943716E-02  .360762039E-02  .335268120E-02  .311372965E-02  .288991226E-02
  .268041111E-02  .248444301E-02  .230125855E-02  .213014125E-02  .197040659E-02
  .182140116E-02  .168250168E-02  .155311414E-02  .143267282E-02  .132063942E-02
  .121650213E-02  .111977470E-02  .102999559E-02  .946727015E-03  .869554118E-03
  .798084059E-03  .731945175E-03  .670786127E-03  .614275071E-03  .562098838E-03
  .513962141E-03  .469586786E-03  .428710913E-03  .391088245E-03  .356487368E-03
  .324691019E-03  .295495401E-03  .268709520E-03  .244154534E-03  .221663134E-03
  .201078939E-03  .182255913E-03  .165057803E-03  .149357603E-03  .135037032E-03
  .121986034E-03  .110102307E-03  .992908368E-04  .894634674E-04  .805384782E-04
  .724401873E-04  .650985714E-04  .584489046E-04  .524314150E-04  .469909585E-04
  .420767100E-04  .376418704E-04  .336433902E-04  .300417079E-04  .268005034E-04
  .238864658E-04  .212690741E-04  .189203924E-04  .168148763E-04  .149291923E-04
  .132420479E-04  .117340333E-04  .103874735E-04  .918628943E-05  .811586970E-05
  .716295036E-05  .631550353E-05  .556263379E-05  .489448219E-05  .430213726E-05
  .377755275E-05  .331347154E-05  .290335548E-05  .254132070E-05  .222207799E-05
  .194087815E-05  .169346158E-05  .147601224E-05  .128511537E-05  .111771887E-05
  .971097939E-06  .842822931E-06  .730729953E-06  .632894177E-06  .547605576E-06
  .473346906E-06  .408773769E-06  .352696588E-06  .304064337E-06  .261949886E-06
  .225536860E-06  .193566936E-06  .165975551E-06  .142192588E-06  .121718058E-06
  .104114035E-06  .889974348E-07  .760335881E-07  .649305000E-07  .554337489E-07
  .473219511E-07  .404027365E-07  .345091834E-07  .294966634E-07  .252400563E-07
  .216312927E-07  .185771929E-07  .159975678E-07  .138235561E-07  .119961707E-07
  .104650346E-07  .918728422E-08  .812662484E-08  .725252373E-08  .653952783E-08
  .596669709E-08  .551714571E-08  .517768653E-08  .493857675E-08  .479336190E-08
  .473883742E-08  .477510947E-08  .391795026E-08  .320955658E-08  .262504119E-08
  .214351521E-08  .174747400E-08  .142227275E-08  .115567926E-08  .937493432E-09
  .759223764E-09  .613813053E-09  .495406028E-09  .399152930E-09  .321043738E-09
  .257768511E-09  .206599937E-09  .165294729E-09  .132010996E-09  .105239126E-09
  .837440702E-10  .665172432E-10  .527365056E-10  .417329346E-10  .329632823E-10
  .259871922E-10  .204483858E-10  .160591588E-10  .125876286E-10  .984726520E-11
  .768831378E-11  .599078080E-11  .465871005E-11  .361552074E-11  .280021839E-11
  .216432118E-11  .166937194E-11  .128492825E-11  .986942235E-12  .756457162E-12
  .578561184E-12  .441549238E-12  .336253150E-12  .255507340E-12  .193723613E-12
  .146553502E-12  .110620735E-12  .833097365E-13  .625987951E-13  .469287766E-13
  .351000330E-13  .261916449E-13  .194983041E-13  .144810989E-13  .107292295E-13
  .793029891E-14  .584731075E-14  .430090568E-14  .315567485E-14  .230964141E-14
  .168619644E-14  .122793204E-14  .891937105E-15  .646217898E-15  .466981444E-15
  .336579086E-15  .241953766E-15  .173470738E-15  .124039327E-15  .884550395E-16
  .629080713E-16  .446170955E-16  .315571522E-16  .222580069E-16  .156551414E-16
  .109799456E-16  .767902343E-17  .535506160E-17  .372362212E-17  .258166142E-17
  .178465939E-17  .123005210E-17  .845266074E-18  .579101521E-18  .395545819E-18
  .269345125E-18  .182844116E-18  .123737586E-18  .834757283E-19  .561365581E-19
  .376311338E-19  .251451174E-19  .167476419E-19  .111182390E-19  .735680586E-20
  .485179071E-20  .318906026E-20  .208910193E-20  .136389526E-20  .887391038E-21
  .575373348E-21  .371768924E-21  .239371770E-21  .153580841E-21  .981867941E-22
  .625473069E-22  .397000552E-22  .251066017E-22  .158192666E-22  .993055471E-23
  .621064179E-23  .386956564E-23  .240180402E-23  .148507804E-23  .914711160E-24
  .561213623E-24  .342979671E-24  .208780923E-24  .126584844E-24  .764411409E-25
  .459740905E-25  .275375651E-25  .164266908E-25  .975826095E-26  .577268810E-26
  .340057603E-26  .199471524E-26  .116506061E-26  .677548482E-27  .392320875E-27
  .226170758E-27  .129810605E-27  .741732224E-28  .421921657E-28  .238917799E-28
  .134673268E-28  .755639359E-29  .422018952E-29  .234594248E-29  .129793955E-29
  .714705003E-30  .391667776E-30  .213604702E-30  .115928141E-30  .626087514E-31
  .336459037E-31  .179913220E-31  .957216730E-32  .506706259E-32  .266859926E-32
  .139821428E-32  .728801779E-33  .377896022E-33  .194914509E-33  .100001512E-33
  .510318088E-34  .259017233E-34  .130752743E-34  .656429984E-35  .327734612E-35
  .162717103E-35  .803344130E-36  .394373713E-36  .192500752E-36  .934232784E-37
  .450770912E-37  .216229286E-37  .103112325E-37  .488791328E-38  .230320454E-38
  .107873982E-38  .502174916E-39  .232341171E-39  .106833821E-39  .488181349E-40
  .221677529E-40  .100024936E-40  .448455029E-41  .199770437E-41  .884143528E-42
  .388750444E-42  .169805894E-42  .736792734E-43  .317559723E-43  .135946994E-43
  .578035263E-44  .244093278E-44  .102364673E-44  .426297743E-45  .176286989E-45
  .723847769E-46  .295100016E-46  .119443164E-46  .479952542E-47  .191449786E-47
  .758063388E-48  .297937009E-48  .116221298E-48  .449948869E-49  .172874287E-49
  .659114475E-50  .000000000E+00  .000000000E+00  .000000000E+00  .000000000E+00
  .000000000E+00  .000000000E+00  .000000000E+00  .000000000E+00  .000000000E+00
  .000000000E+00  .000000000E+00  .000000000E+00  .000000000E+00  .000000000E+00
  .000000000E+00  .000000000E+00  .000000000E+00  .000000000E+00  .000000000E+00
  .000000000E+00  .000000000E+00  .000000000E+00  .000000000E+00  .000000000E+00
  .000000000E+00  .000000000E+00  .000000000E+00  .000000000E+00  .000000000E+00
  .000000000E+00  .000000000E+00  .000000000E+00  .000000000E+00  .000000000E+00
  .000000000E+00  .000000000E+00  .000000000E+00  .000000000E+00  .000000000E+00
  .000000000E+00  .000000000E+00  .000000000E+00  .000000000E+00  .000000000E+00
  .000000000E+00  .000000000E+00  .000000000E+00  .000000000E+00  .000000000E+00
  .000000000E+00  .000000000E+00  .000000000E+00  .000000000E+00  .000000000E+00
  .000000000E+00  .000000000E+00  .000000000E+00  .000000000E+00  .000000000E+00
  .000000000E+00  .000000000E+00  .000000000E+00  .000000000E+00  .000000000E+00
  .000000000E+00  .000000000E+00  .000000000E+00  .000000000E+00  .000000000E+00
  .000000000E+00  .000000000E+00  .000000000E+00  .000000000E+00  .000000000E+00
  .000000000E+00  .000000000E+00  .000000000E+00  .000000000E+00  .000000000E+00
  .000000000E+00  .000000000E+00  .000000000E+00  .000000000E+00  .000000000E+00
  .000000000E+00  .000000000E+00  .000000000E+00  .000000000E+00  .000000000E+00
  .000000000E+00  .000000000E+00  .000000000E+00  .000000000E+00  .000000000E+00
  .000000000E+00  .000000000E+00  .000000000E+00  .000000000E+00  .000000000E+00
  .000000000E+00  .000000000E+00  .000000000E+00  .000000000E+00  .000000000E+00
  .000000000E+00  .000000000E+00  .000000000E+00  .000000000E+00  .000000000E+00
  .000000000E+00  .000000000E+00  .000000000E+00  .000000000E+00  .000000000E+00
  .000000000E+00  .000000000E+00  .000000000E+00  .000000000E+00  .000000000E+00
  .000000000E+00  .000000000E+00  .000000000E+00  .000000000E+00  .000000000E+00
  .000000000E+00  .000000000E+00  .000000000E+00  .000000000E+00  .000000000E+00
  .000000000E+00  .000000000E+00  .000000000E+00  .000000000E+00  .000000000E+00
  .000000000E+00  .000000000E+00  .000000000E+00  .000000000E+00  .000000000E+00
  .000000000E+00  .000000000E+00  .000000000E+00  .000000000E+00  .000000000E+00
  .000000000E+00  .000000000E+00  .000000000E+00  .000000000E+00  .000000000E+00
  .000000000E+00  .000000000E+00  .000000000E+00  .000000000E+00  .000000000E+00
  .000000000E+00  .000000000E+00  .000000000E+00  .000000000E+00  .000000000E+00
  .000000000E+00  .000000000E+00  .000000000E+00  .000000000E+00  .000000000E+00
  .000000000E+00  .000000000E+00  .000000000E+00  .000000000E+00  .000000000E+00
  .000000000E+00  .000000000E+00  .000000000E+00  .000000000E+00  .000000000E+00
  .000000000E+00  .000000000E+00  .000000000E+00  .000000000E+00  .000000000E+00
  .000000000E+00  .000000000E+00  .000000000E+00  .000000000E+00  .000000000E+00
  .000000000E+00  .000000000E+00  .000000000E+00  .000000000E+00  .000000000E+00
  .000000000E+00  .000000000E+00  .000000000E+00  .000000000E+00  .000000000E+00
  .000000000E+00  .000000000E+00  .000000000E+00  .000000000E+00  .000000000E+00
  .000000000E+00  .000000000E+00  .000000000E+00  .000000000E+00  .000000000E+00
  .000000000E+00  .000000000E+00  .000000000E+00  .000000000E+00  .000000000E+00
  .000000000E+00  .000000000E+00  .000000000E+00  .000000000E+00  .000000000E+00
  .000000000E+00  .000000000E+00  .000000000E+00  .000000000E+00  .000000000E+00
  .000000000E+00  .000000000E+00  .000000000E+00  .000000000E+00  .000000000E+00
  .000000000E+00  .000000000E+00  .000000000E+00  .000000000E+00  .000000000E+00
  .000000000E+00  .000000000E+00  .000000000E+00  .000000000E+00  .000000000E+00
  .000000000E+00  .000000000E+00  .000000000E+00  .000000000E+00  .000000000E+00
  .000000000E+00  .000000000E+00  .000000000E+00  .000000000E+00  .000000000E+00
  .000000000E+00  .000000000E+00  .000000000E+00  .000000000E+00  .000000000E+00
  .000000000E+00  .000000000E+00  .000000000E+00  .000000000E+00  .000000000E+00
  .000000000E+00  .000000000E+00  .000000000E+00  .000000000E+00  .000000000E+00
  .000000000E+00  .000000000E+00  .000000000E+00  .000000000E+00  .000000000E+00
  .000000000E+00  .000000000E+00  .000000000E+00  .000000000E+00  .000000000E+00
  .000000000E+00  .000000000E+00  .000000000E+00  .000000000E+00  .000000000E+00
