Ce : [core=Xe4] s2d1f1                  
   1458.00   .002000 140.11500 125.   .10E-05 .050  800F91 48.00000
   .7  1.0   0
  1.0   .0   .5-2943.7352 2.0000
  2.0   .0   .5 -471.4719 2.0000
  2.0  1.0  1.5 -422.6649 6.0000
  3.0   .0   .5 -101.1433 2.0000
  3.0  1.0  1.5  -85.5680 6.0000
  3.0  2.0  2.5  -63.370510.0000
  4.0   .0   .5  -20.0720 2.0000
  4.0  1.0  1.5  -14.9884 6.0000
  4.0  2.0  2.5   -7.656410.0000
  5.0   .0   .5   -2.7512 2.0000
  6.0   .0   .5    -.2535 2.0000
  5.0  1.0  1.5   -1.5280 6.0000
  5.0  2.0  2.5    -.1590  .0001
  4.0  3.0  2.5    -.0575 1.9999
