Ce : [core=Xe4] s2d1f1                  
  .601590342E-01  .610309562E-01  .619154600E-01  .628127261E-01  .637229372E-01
  .646462789E-01  .655829393E-01  .665331090E-01  .674969817E-01  .684747534E-01
  .694666232E-01  .704727929E-01  .714934671E-01  .725288534E-01  .735791622E-01
  .746446071E-01  .757254046E-01  .768217741E-01  .779339383E-01  .790621230E-01
  .802065573E-01  .813674733E-01  .825451065E-01  .837396957E-01  .849514831E-01
  .861807144E-01  .874276386E-01  .886925082E-01  .899755795E-01  .912771121E-01
  .925973695E-01  .939366187E-01  .952951307E-01  .966731802E-01  .980710456E-01
  .994890096E-01  .100927358E+00  .102386383E+00  .103866377E+00  .105367639E+00
  .106890473E+00  .108435186E+00  .110002089E+00  .111591498E+00  .113203732E+00
  .114839118E+00  .116497983E+00  .118180663E+00  .119887495E+00  .121618822E+00
  .123374994E+00  .125156363E+00  .126963286E+00  .128796127E+00  .130655254E+00
  .132541039E+00  .134453862E+00  .136394106E+00  .138362159E+00  .140358416E+00
  .142383277E+00  .144437148E+00  .146520440E+00  .148633568E+00  .150776957E+00
  .152951034E+00  .155156235E+00  .157392998E+00  .159661772E+00  .161963010E+00
  .164297169E+00  .166664716E+00  .169066122E+00  .171501867E+00  .173972434E+00
  .176478317E+00  .179020014E+00  .181598030E+00  .184212878E+00  .186865077E+00
  .189555155E+00  .192283646E+00  .195051090E+00  .197858038E+00  .200705045E+00
  .203592675E+00  .206521502E+00  .209492104E+00  .212505070E+00  .215560995E+00
  .218660484E+00  .221804149E+00  .224992610E+00  .228226498E+00  .231506451E+00
  .234833115E+00  .238207145E+00  .241629207E+00  .245099975E+00  .248620130E+00
  .252190367E+00  .255811385E+00  .259483898E+00  .263208625E+00  .266986298E+00
  .270817658E+00  .274703456E+00  .278644453E+00  .282641421E+00  .286695142E+00
  .290806408E+00  .294976024E+00  .299204803E+00  .303493572E+00  .307843167E+00
  .312254436E+00  .316728238E+00  .321265446E+00  .325866942E+00  .330533620E+00
  .335266389E+00  .340066167E+00  .344933886E+00  .349870490E+00  .354876937E+00
  .359954196E+00  .365103251E+00  .370325097E+00  .375620744E+00  .380991216E+00
  .386437549E+00  .391960794E+00  .397562015E+00  .403242293E+00  .409002721E+00
  .414844406E+00  .420768473E+00  .426776058E+00  .432868316E+00  .439046414E+00
  .445311537E+00  .451664885E+00  .458107674E+00  .464641136E+00  .471266518E+00
  .477985087E+00  .484798123E+00  .491706926E+00  .498712811E+00  .505817112E+00
  .513021179E+00  .520326381E+00  .527734106E+00  .535245756E+00  .542862758E+00
  .550586552E+00  .558418599E+00  .566360381E+00  .574413396E+00  .582579165E+00
  .590859226E+00  .599255138E+00  .607768483E+00  .616400859E+00  .625153888E+00
  .634029212E+00  .643028496E+00  .652153423E+00  .661405703E+00  .670787063E+00
  .680299255E+00  .689944054E+00  .699723257E+00  .709638684E+00  .719692180E+00
  .729885611E+00  .740220870E+00  .750699873E+00  .761324560E+00  .772096897E+00
  .783018873E+00  .794092506E+00  .805319837E+00  .816702934E+00  .828243891E+00
  .839944828E+00  .851807894E+00  .863835264E+00  .876029139E+00  .888391752E+00
  .900925359E+00  .913632248E+00  .926514736E+00  .939575167E+00  .952815916E+00
  .966239387E+00  .979848015E+00  .993644265E+00  .100763063E+01  .102180964E+01
  .103618386E+01  .105075587E+01  .106552829E+01  .108050378E+01  .109568503E+01
  .111107476E+01  .112667573E+01  .114249072E+01  .115852255E+01  .117477408E+01
  .119124821E+01  .120794786E+01  .122487600E+01  .124203563E+01  .125942978E+01
  .127706153E+01  .129493398E+01  .131305029E+01  .133141365E+01  .135002726E+01
  .136889441E+01  .138801840E+01  .140740256E+01  .142705027E+01  .144696497E+01
  .146715012E+01  .148760921E+01  .150834580E+01  .152936348E+01  .155066588E+01
  .157225666E+01  .159413956E+01  .161631832E+01  .163879676E+01  .166157872E+01
  .168466810E+01  .170806884E+01  .173178492E+01  .175582038E+01  .178017929E+01
  .180486579E+01  .182988404E+01  .185523826E+01  .188093273E+01  .190697175E+01
  .193335971E+01  .196010102E+01  .198720013E+01  .201466158E+01  .204248993E+01
  .207068980E+01  .209926586E+01  .212822283E+01  .215756549E+01  .218729868E+01
  .221742727E+01  .224795620E+01  .227889046E+01  .231023510E+01  .234199523E+01
  .237417599E+01  .240678260E+01  .243982033E+01  .247329451E+01  .250721052E+01
  .254157381E+01  .257638987E+01  .261166426E+01  .264740261E+01  .268361058E+01
  .272029392E+01  .275745842E+01  .279510994E+01  .283325441E+01  .287189780E+01
  .291104615E+01  .295070557E+01  .299088223E+01  .303158236E+01  .307281225E+01
  .311457826E+01  .315688681E+01  .319974439E+01  .324315755E+01  .328713291E+01
  .333167715E+01  .337679701E+01  .342249932E+01  .346879096E+01  .351567886E+01
  .356317005E+01  .361127161E+01  .365999069E+01  .370933450E+01  .375931034E+01
  .380992557E+01  .386118760E+01  .391310392E+01  .396568211E+01  .401892979E+01
  .407285467E+01  .412746452E+01  .418276718E+01  .423877056E+01  .429548265E+01
  .435291150E+01  .441106525E+01  .446995207E+01  .452958025E+01  .458995811E+01
  .465109408E+01  .471299663E+01  .477567431E+01  .483913574E+01  .490338963E+01
  .496844474E+01  .503430991E+01  .510099405E+01  .516850614E+01  .523685523E+01
  .530605045E+01  .537610098E+01  .544701611E+01  .551880516E+01  .559147754E+01
  .566504273E+01  .573951028E+01  .581488981E+01  .589119100E+01  .596842360E+01
  .604659746E+01  .612572245E+01  .620580855E+01  .628686579E+01  .636890425E+01
  .645193412E+01  .653596561E+01  .662100904E+01  .670707475E+01  .679417319E+01
  .688231484E+01  .697151025E+01  .706177005E+01  .715310491E+01  .724552558E+01
  .733904286E+01  .743366762E+01  .752941076E+01  .762628328E+01  .772429620E+01
  .782346061E+01  .792378767E+01  .802528857E+01  .812797457E+01  .823185696E+01
  .833694710E+01  .844325640E+01  .855079630E+01  .865957829E+01  .876961393E+01
  .888091480E+01  .899349251E+01  .910735873E+01  .922252518E+01  .933900359E+01
  .945680574E+01  .957594343E+01  .969642851E+01  .981827285E+01  .994148834E+01
  .100660869E+02  .101920805E+02  .103194811E+02  .104483007E+02  .105785513E+02
  .107102448E+02  .108433934E+02  .109780091E+02  .111141039E+02  .112516898E+02
  .113907790E+02  .115313834E+02  .116735152E+02  .118171863E+02  .119624088E+02
  .121091947E+02  .122575559E+02  .124075046E+02  .125590526E+02  .127122118E+02
  .128669942E+02  .130234117E+02  .131814760E+02  .133411989E+02  .135025923E+02
  .136656677E+02  .138304369E+02  .139969114E+02  .141651027E+02  .143350223E+02
  .145066816E+02  .146800919E+02  .148552645E+02  .150322105E+02  .152109409E+02
  .153914668E+02  .155737990E+02  .157579483E+02  .159439253E+02  .161317407E+02
  .163214048E+02  .165129279E+02  .167063203E+02  .169015919E+02  .170987527E+02
  .172978124E+02  .174987807E+02  .177016669E+02  .179064804E+02  .181132302E+02
  .183219253E+02  .185325744E+02  .187451861E+02  .189597687E+02  .191763304E+02
  .193948792E+02  .196154226E+02  .198379682E+02  .200625234E+02  .202890950E+02
  .205176899E+02  .207483145E+02  .209809752E+02  .212156779E+02  .214524282E+02
  .216912317E+02  .219320933E+02  .221750180E+02  .224200102E+02  .226670741E+02
  .229162135E+02  .231674319E+02  .234207325E+02  .236761181E+02  .239335912E+02
  .241931537E+02  .244548074E+02  .247185536E+02  .249843931E+02  .252523264E+02
  .255223535E+02  .257944741E+02  .260686874E+02  .263449920E+02  .266233863E+02
  .269038679E+02  .271864343E+02  .274710823E+02  .277578081E+02  .280466076E+02
  .283374761E+02  .286304082E+02  .289253983E+02  .292224400E+02  .295215263E+02
  .298226497E+02  .301258023E+02  .304309753E+02  .307381595E+02  .310473448E+02
  .313585210E+02  .316716767E+02  .319868001E+02  .323038788E+02  .326228996E+02
  .329438487E+02  .332667115E+02  .335914729E+02  .339181168E+02  .342466267E+02
  .345769850E+02  .349091736E+02  .352431736E+02  .355789652E+02  .359165281E+02
  .362558410E+02  .365968818E+02  .369396275E+02  .372840546E+02  .376301385E+02
  .379778538E+02  .383271743E+02  .386780729E+02  .390305217E+02  .393844918E+02
  .397399534E+02  .400968761E+02  .404552282E+02  .408149773E+02  .411760901E+02
  .415385322E+02  .419022684E+02  .422672625E+02  .426334774E+02  .430008749E+02
  .433694160E+02  .437390607E+02  .441097679E+02  .444814956E+02  .448542008E+02
  .452278394E+02  .456023665E+02  .459777361E+02  .463539011E+02  .467308134E+02
  .471084241E+02  .474866830E+02  .478655390E+02  .482449400E+02  .486248329E+02
  .490051635E+02  .493858765E+02  .497669157E+02  .501482239E+02  .505297429E+02
  .509114132E+02  .512931746E+02  .516749658E+02  .520567245E+02  .524383872E+02
  .528198897E+02  .532011665E+02  .535821515E+02  .539627773E+02  .543429756E+02
  .547226772E+02  .551018120E+02  .554803088E+02  .558580955E+02  .562350993E+02
  .566112463E+02  .569864617E+02  .573606699E+02  .577337945E+02  .581057581E+02
  .584764827E+02  .588458893E+02  .592138983E+02  .595804292E+02  .599454008E+02
  .603087312E+02  .606703378E+02  .610301374E+02  .613880462E+02  .617439797E+02
  .620978527E+02  .624495798E+02  .627990747E+02  .631462510E+02  .634910215E+02
  .638332988E+02  .641729952E+02  .645100223E+02  .648442918E+02  .651757150E+02
  .655042028E+02  .658296662E+02  .661520159E+02  .664711626E+02  .667870169E+02
  .670994894E+02  .674084909E+02  .677139321E+02  .680157239E+02  .683137776E+02
  .686080046E+02  .688983166E+02  .691846257E+02  .694668445E+02  .697448861E+02
  .700186641E+02  .702880927E+02  .705530869E+02  .708135623E+02  .710694353E+02
  .713206234E+02  .715670448E+02  .718086188E+02  .720452658E+02  .722769074E+02
  .725034664E+02  .727248667E+02  .729410340E+02  .731518951E+02  .733573783E+02
  .735574139E+02  .737519334E+02  .739408704E+02  .741241602E+02  .743017401E+02
  .744735492E+02  .746395290E+02  .747996229E+02  .749537767E+02  .751019385E+02
  .752440588E+02  .753800906E+02  .755099895E+02  .756337137E+02  .757512244E+02
  .758624853E+02  .759674632E+02  .760661280E+02  .761584525E+02  .762444128E+02
  .763239883E+02  .763971616E+02  .764639189E+02  .765242497E+02  .765781473E+02
  .766256086E+02  .766666343E+02  .767012287E+02  .767294004E+02  .767511617E+02
  .767665290E+02  .767755229E+02  .767781682E+02  .767744940E+02  .767645336E+02
  .767483250E+02  .767259103E+02  .766973365E+02  .766626550E+02  .766219218E+02
  .765751979E+02  .765225486E+02  .764640445E+02  .763997608E+02  .763297775E+02
  .762541798E+02  .761730577E+02  .760865063E+02  .759946257E+02  .758975210E+02
  .757953024E+02  .756880853E+02  .755759902E+02  .754591425E+02  .753376729E+02
  .752117172E+02  .750814164E+02  .749469164E+02  .748083683E+02  .746659283E+02
  .745197574E+02  .743700220E+02  .742168931E+02  .740605467E+02  .739011638E+02
  .737389301E+02  .735740360E+02  .734066767E+02  .732370519E+02  .730653659E+02
  .728918272E+02  .727166490E+02  .725400484E+02  .723622469E+02  .721834697E+02
  .720039461E+02  .718239091E+02  .716435954E+02  .714632448E+02  .712831009E+02
  .711034101E+02  .709244220E+02  .707463889E+02  .705695659E+02  .703942102E+02
  .702205816E+02  .700489418E+02  .698795543E+02  .697126843E+02  .695485984E+02
  .693875642E+02  .692298504E+02  .690757264E+02  .689254619E+02  .687793268E+02
  .686375908E+02  .685005235E+02  .683683937E+02  .682414691E+02  .681200165E+02
  .680043008E+02  .678945855E+02  .677911317E+02  .676941980E+02  .676040404E+02
  .675209119E+02  .674450618E+02  .673767360E+02  .673161760E+02  .672636192E+02
  .672192981E+02  .671834401E+02  .671562672E+02  .671379958E+02  .671288358E+02
  .671289910E+02  .671386581E+02  .671580270E+02  .671872796E+02  .672265903E+02
  .672761251E+02  .673360417E+02  .674064885E+02  .674876050E+02  .675795210E+02
  .676823564E+02  .677962209E+02  .679212135E+02  .680574224E+02  .682049249E+02
  .683637863E+02  .685340604E+02  .687157889E+02  .689090012E+02  .691137139E+02
  .693299309E+02  .695576427E+02  .697968266E+02  .700474464E+02  .703094518E+02
  .705827787E+02  .708673486E+02  .711630687E+02  .714698318E+02  .717875157E+02
  .721159836E+02  .724550838E+02  .728046493E+02  .731644984E+02  .735344339E+02
  .739142437E+02  .743037003E+02  .747025611E+02  .751105682E+02  .755274489E+02
  .759529150E+02  .763866638E+02  .768283774E+02  .772777233E+02  .777343546E+02
  .781979100E+02  .786680139E+02  .791442769E+02  .796262960E+02  .801136548E+02
  .806059240E+02  .811026613E+02  .816034124E+02  .821077108E+02  .826150786E+02
  .831250268E+02  .836370557E+02  .841506556E+02  .846653070E+02  .851804816E+02
  .856956424E+02  .862102446E+02  .867237360E+02  .872355578E+02  .877451453E+02
  .882519285E+02  .887553327E+02  .892547796E+02  .897496875E+02  .902394725E+02
  .907235494E+02  .912013321E+02  .916722346E+02  .921356720E+02  .925910613E+02
  .930378219E+02  .934753773E+02  .939031553E+02  .943205891E+02  .947271183E+02
  .951221901E+02  .955052596E+02  .958757914E+02  .962332602E+02  .965771518E+02
  .969069642E+02  .972222085E+02  .975224097E+02  .978071079E+02  .980758590E+02
  .983282360E+02  .985638297E+02  .987822493E+02  .989831240E+02  .991661035E+02
  .993308587E+02  .994770831E+02  .996044930E+02  .997128288E+02  .998018557E+02
  .998713640E+02  .999211706E+02  .999511192E+02  .999610809E+02  .999509553E+02
  .999206705E+02  .998701840E+02  .997994835E+02  .997085865E+02  .995975416E+02
  .994664284E+02  .993153581E+02  .991444734E+02  .989539490E+02  .987439920E+02
  .985148413E+02  .982667683E+02  .980000767E+02  .977151024E+02  .974122132E+02
  .970918091E+02  .967543214E+02  .964002129E+02  .960299773E+02  .956441389E+02
  .952432517E+02  .948278992E+02  .943986937E+02  .939562753E+02  .935013115E+02
  .930344960E+02  .925565480E+02  .920682110E+02  .915702520E+02  .910634602E+02
  .905486457E+02  .900266386E+02  .894982872E+02  .889644571E+02  .884260294E+02
  .878838995E+02  .873389752E+02  .867921753E+02  .862444281E+02  .856966694E+02
  .851498406E+02  .846048876E+02  .840627582E+02  .835244007E+02  .829907616E+02
  .824627843E+02  .819414064E+02  .814275581E+02  .809221601E+02  .804261217E+02
  .799403387E+02  .794656912E+02  .790030419E+02  .785532338E+02  .781170880E+02
  .776954023E+02  .772889487E+02  .768984714E+02  .765246853E+02  .761682737E+02
  .758298863E+02  .755101380E+02  .752096064E+02  .749288306E+02  .746683091E+02
  .744284987E+02  .742098123E+02  .740126180E+02  .738372375E+02  .736839449E+02
  .735529650E+02  .734444728E+02  .733585923E+02  .732953952E+02  .732549006E+02
  .732370738E+02  .732418259E+02  .732690135E+02  .733184380E+02  .733898454E+02
  .734829264E+02  .735973161E+02  .737325943E+02  .738882860E+02  .740638611E+02
  .742587358E+02  .744722727E+02  .747037820E+02  .749525224E+02  .752177021E+02
  .754984804E+02  .757939689E+02  .761032332E+02  .764252945E+02  .767591315E+02
  .771036823E+02  .774578469E+02  .778204884E+02  .781904365E+02  .785664889E+02
  .789474144E+02  .793319555E+02  .797188306E+02  .801067374E+02  .804943556E+02
  .808803494E+02  .812633715E+02  .816420650E+02  .820150677E+02  .823810145E+02
  .827385413E+02  .830862875E+02  .834229002E+02  .837470367E+02  .840573688E+02
  .843525850E+02  .846313950E+02  .848925322E+02  .851347576E+02  .853568624E+02
  .855576721E+02  .857360490E+02  .858908958E+02  .860211583E+02  .861258287E+02
  .862039483E+02  .862546103E+02  .862769626E+02  .862702103E+02  .862336180E+02
  .861665125E+02  .860682843E+02  .859383903E+02  .857763549E+02  .855817724E+02
  .853543079E+02  .850936990E+02  .847997567E+02  .844723666E+02  .841114892E+02
  .837171612E+02  .832894952E+02  .828286801E+02  .823349815E+02  .818087406E+02
  .812503746E+02  .806603757E+02  .800393103E+02  .793878180E+02  .787066103E+02
  .779964693E+02  .772582460E+02  .764928583E+02  .757012895E+02  .748845851E+02
  .740438519E+02  .731802537E+02  .722950104E+02  .713893932E+02  .704647234E+02
  .695223675E+02  .685637356E+02  .675902760E+02  .666034737E+02  .656048444E+02
  .645959332E+02  .635783082E+02  .625535588E+02  .615232897E+02  .604891183E+02
  .594526695E+02  .584155723E+02  .573794548E+02  .563459410E+02  .553166452E+02
  .542931695E+02  .532770979E+02  .522699938E+02  .512733944E+02  .502888080E+02
  .493177090E+02  .483615354E+02  .474216831E+02  .464995047E+02  .455963038E+02
  .447133334E+02  .438517911E+02  .430128180E+02  .421974937E+02  .414068357E+02
  .406417949E+02  .399032553E+02  .391920300E+02  .385088612E+02  .378544165E+02
  .372292895E+02  .366339968E+02  .360689785E+02  .355345959E+02  .350311324E+02
  .345587920E+02  .341176999E+02  .337079022E+02  .333293667E+02  .329819825E+02
  .326655618E+02  .323798399E+02  .321244772E+02  .318990595E+02  .317031004E+02
  .315360422E+02  .313972583E+02  .312860549E+02  .312016734E+02  .311432924E+02
  .311100308E+02  .311009498E+02  .311150562E+02  .311513050E+02  .312086028E+02
  .312858113E+02  .313817516E+02  .314952084E+02  .316249354E+02  .317696600E+02
  .319280887E+02  .320989115E+02  .322808058E+02  .324724408E+02  .326724798E+02
  .328795853E+02  .330924208E+02  .333096556E+02  .335299675E+02  .337520476E+02
  .339746025E+02  .341963596E+02  .344160695E+02  .346325101E+02  .348444893E+02
  .350508487E+02  .352504659E+02  .354422576E+02  .356251815E+02  .357982395E+02
  .359604784E+02  .361109937E+02  .362489295E+02  .363734821E+02  .364839001E+02
  .365794872E+02  .366596024E+02  .367236625E+02  .367711416E+02  .368015735E+02
  .368145508E+02  .368097263E+02  .367868123E+02  .367455811E+02  .366858640E+02
  .366075512E+02  .365105902E+02  .363949858E+02  .362607978E+02  .361081409E+02
  .359371817E+02  .357481385E+02  .355412784E+02  .353169165E+02  .350754125E+02
  .348171702E+02  .345426339E+02  .342522870E+02  .339466493E+02  .336262747E+02
  .332917486E+02  .329436857E+02  .325827270E+02  .322095374E+02  .318248035E+02
  .314292303E+02  .310235393E+02  .306084652E+02  .301847541E+02  .297531603E+02
  .293144444E+02  .288693702E+02  .284187031E+02  .279632066E+02  .275036415E+02
  .270407624E+02  .265753164E+02  .261080404E+02  .256396600E+02  .251708864E+02
  .247024163E+02  .242349282E+02  .237690828E+02  .233055199E+02  .228448586E+02
  .223876943E+02  .219345993E+02  .214861201E+02  .210427781E+02  .206050673E+02
  .201734549E+02  .197483795E+02  .193302518E+02  .189194529E+02  .185163354E+02
  .181212220E+02  .177344065E+02  .173561527E+02  .169866956E+02  .166262407E+02
  .162749651E+02  .159330171E+02  .156005172E+02  .152775582E+02  .149642064E+02
  .146605013E+02  .143664577E+02  .140820648E+02  .138072885E+02  .135420714E+02
  .132863341E+02  .130399760E+02  .128028764E+02  .125748952E+02  .123558746E+02
  .121456394E+02  .119439987E+02  .117507464E+02  .115656631E+02  .113885163E+02
  .112190621E+02  .110570463E+02  .109022051E+02  .107542667E+02  .106129520E+02
  .104779758E+02  .103490481E+02  .102258746E+02  .101081584E+02  .999560037E+01
  .988790063E+01  .978475915E+01  .968587690E+01  .959095661E+01  .949970368E+01
  .941182703E+01  .932703973E+01  .924506002E+01  .916561168E+01  .908842505E+01
  .901323728E+01  .893979325E+01  .886784576E+01  .879715637E+01  .872749546E+01
  .865864303E+01  .859038859E+01  .852253197E+01  .845488305E+01  .838726249E+01
  .831950144E+01  .825144212E+01  .818293743E+01  .811385153E+01  .804405932E+01
  .797344695E+01  .790191127E+01  .782936018E+01  .775571212E+01  .768089630E+01
  .760485213E+01  .752752941E+01  .744888770E+01  .736889644E+01  .728753419E+01
  .720478885E+01  .712065711E+01  .703514375E+01  .694826260E+01  .686003382E+01
  .677048658E+01  .667965544E+01  .658758307E+01  .649431692E+01  .639991156E+01
  .630442566E+01  .620792413E+01  .611047510E+01  .601215221E+01  .591303141E+01
  .581319342E+01  .571272037E+01  .561169841E+01  .551021431E+01  .540835808E+01
  .530621956E+01  .520389115E+01  .510146430E+01  .499903238E+01  .489668714E+01
  .479452140E+01  .469262610E+01  .459109239E+01  .449000901E+01  .438946447E+01
  .428954424E+01  .419033315E+01  .409191252E+01  .399436263E+01  .389775983E+01
  .380217909E+01  .370769111E+01  .361436493E+01  .352226504E+01  .343145406E+01
  .334198979E+01  .325392804E+01  .316731965E+01  .308221331E+01  .299865265E+01
  .291667912E+01  .283632904E+01  .275763653E+01  .268063060E+01  .260533806E+01
  .253178069E+01  .245997816E+01  .238994516E+01  .232169439E+01  .225523388E+01
  .219056920E+01  .212770228E+01  .206663221E+01  .200735479E+01  .194986316E+01
  .189414737E+01  .184019507E+01  .178799103E+01  .173751786E+01  .168875556E+01
  .164168220E+01  .159627350E+01  .155250351E+01  .151034419E+01  .146976609E+01
  .143073793E+01  .139322727E+01  .135720010E+01  .132262150E+01  .128945520E+01
  .125766430E+01  .122721075E+01  .119805610E+01  .117016096E+01  .114348577E+01
  .111799022E+01  .109363399E+01  .107037623E+01  .104817624E+01  .102699295E+01
  .100678563E+01  .987513296E+00  .969135461E+00  .951611536E+00  .934901563E+00
  .918965614E+00  .903764525E+00  .889259288E+00  .875411785E+00  .862184174E+00
  .849539623E+00  .837441690E+00  .825855054E+00  .814744888E+00  .804077585E+00
  .793820122E+00  .783940783E+00  .774408511E+00  .765193627E+00  .756267167E+00
  .747601595E+00  .739170135E+00  .730947469E+00  .722909064E+00  .715031862E+00
  .707293599E+00  .699673489E+00  .692151531E+00  .684709199E+00  .677328731E+00
  .669993820E+00  .662688899E+00  .655399829E+00  .648113175E+00  .640816898E+00
  .633499623E+00  .626151332E+00  .618762627E+00  .611325426E+00  .603832217E+00
  .596276760E+00  .588653334E+00  .580957445E+00  .573185063E+00  .565333340E+00
  .557399836E+00  .549383244E+00  .541282610E+00  .533098065E+00  .524830038E+00
  .516479991E+00  .508049628E+00  .499541636E+00  .490958890E+00  .482305192E+00
  .473584474E+00  .464801548E+00  .455961291E+00  .447069404E+00  .438131598E+00
  .429154344E+00  .420144062E+00  .411107867E+00  .402052762E+00  .392986375E+00
  .383916154E+00  .374850101E+00  .365795965E+00  .356761987E+00  .347756060E+00
  .338786513E+00  .329861250E+00  .320988519E+00  .312176104E+00  .303432017E+00
  .294763761E+00  .286179049E+00  .277684907E+00  .269288595E+00  .260996612E+00
  .252815634E+00  .244751535E+00  .236810319E+00  .228997155E+00  .221317311E+00
  .213775196E+00  .206375296E+00  .199121228E+00  .192016670E+00  .185064438E+00
  .178267400E+00  .171627574E+00  .165147035E+00  .158827027E+00  .152668863E+00
  .146673048E+00  .140840178E+00  .135170069E+00  .129662650E+00  .124317106E+00
  .119132760E+00  .114108229E+00  .109242295E+00  .104533072E+00  .999788710E-01
  .955773697E-01  .913264741E-01  .872234965E-01  .832660048E-01  .794510112E-01
  .757758107E-01  .722371787E-01  .688321995E-01  .655574715E-01  .624099255E-01
  .593860386E-01  .564826416E-01  .536961404E-01  .510233141E-01  .484605437E-01
  .460045991E-01  .436518769E-01  .413991764E-01  .392429453E-01  .371800457E-01
  .352070076E-01  .333207847E-01  .315180165E-01  .297957741E-01  .281508300E-01
  .265803951E-01  .250813970E-01  .236512068E-01  .222869271E-01  .209861089E-01
  .197460493E-01  .185644976E-01  .174389628E-01  .163674089E-01  .153475704E-01
  .143776351E-01  .134555667E-01  .125797730E-01  .117484340E-01  .109601530E-01
  .102132910E-01  .950660129E-02  .883857303E-02  .820805055E-02  .761359125E-02
  .705407489E-02  .652807780E-02  .603447686E-02  .557183871E-02  .513901979E-02
  .473457708E-02  .435731392E-02  .400589433E-02  .367901888E-02  .337540311E-02
  .309378011E-02  .283290654E-02  .259156803E-02  .236858376E-02  .216281052E-02
  .197314598E-02  .179853126E-02  .163795290E-02  .149044409E-02  .135508542E-02
  .123100508E-02  .111737864E-02  .101342845E-02  .918422703E-03  .831674286E-03
  .752539368E-03  .680415863E-03  .614741765E-03  .554993389E-03  .500683572E-03
  .451359836E-03  .406602547E-03  .366023094E-03  .329262090E-03  .295987612E-03
  .265893497E-03  .238697692E-03  .214140666E-03  .191983892E-03  .172008394E-03
  .154013372E-03  .137814892E-03  .123244649E-03  .110148801E-03  .983868742E-04
  .878307305E-04  .783636020E-04  .698791895E-04  .622808185E-04  .554806546E-04
  .493989723E-04  .439634763E-04  .391086713E-04  .347752792E-04  .309096994E-04
  .274635102E-04  .243930095E-04  .216587908E-04  .192253540E-04  .170607468E-04
  .151362367E-04  .134260089E-04  .119068915E-04  .105581022E-04  .936101897E-05
  .829896900E-05  .735703781E-05  .652189467E-05  .578163425E-05  .512563270E-05
  .454441720E-05  .402954769E-05  .357350996E-05  .316961887E-05  .281193114E-05
  .249516655E-05  .221463705E-05  .196618293E-05  .174611547E-05  .155116544E-05
  .137843692E-05  .122536592E-05  .108968323E-05  .969380670E-06  .862688073E-06
  .768018415E-06  .684031373E-06  .609428762E-06  .543186831E-06  .484280035E-06
  .431875379E-06  .385236351E-06  .343711730E-06  .306725655E-06  .273768829E-06
  .244390738E-06  .218192758E-06  .194822070E-06  .173966278E-06  .155348668E-06
  .138724013E-06  .123874884E-06  .110608392E-06  .987533177E-07  .881575871E-07
  .786860437E-07  .702184888E-07  .626479557E-07  .558791890E-07  .498273065E-07
  .444166192E-07  .395795923E-07  .352559288E-07  .313917614E-07  .279389390E-07
  .248543976E-07  .220996026E-07  .196400574E-07  .174448671E-07  .154863526E-07
  .137397079E-07  .121826963E-07  .107953800E-07  .955987980E-08  .846016083E-08
  .748184192E-08  .661202507E-08  .583914328E-08  .515282443E-08  .454376941E-08
  .400364298E-08  .352497587E-08  .310107690E-08  .272595411E-08  .239424386E-08
  .210114707E-08  .184237187E-08  .161408203E-08  .141285047E-08  .123561744E-08
  .107965288E-08  .942522457E-09  .822057032E-09  .716325143E-09  .623608232E-09
  .542378338E-09  .471278030E-09  .409102349E-09  .354782565E-09  .307371583E-09
  .266030830E-09  .230018475E-09  .198678861E-09  .171433035E-09  .147770246E-09
  .127240344E-09  .109446974E-09  .940414885E-10  .807175107E-10  .692060826E-10
  .592713356E-10  .507066345E-10  .433311440E-10  .369867754E-10  .315354740E-10
  .268568110E-10  .228458487E-10  .194112492E-10  .164736010E-10  .139639401E-10
  .118224441E-10  .999728019E-11  .844359092E-11  .712260098E-11  .600083261E-11
  .504941653E-11  .424348781E-11  .356165665E-11  .298554547E-11  .249938444E-11
  .208965847E-11  .174479959E-11  .145491912E-11  .121157485E-11  .100756888E-11
  .836772292E-12  .693973381E-12  .574746306E-12  .475337700E-12  .392568844E-12
  .323751400E-12  .266614925E-12  .219244606E-12  .180027840E-12  .147608481E-12
  .120847701E-12  .987905554E-13  .806374678E-13  .657199433E-13  .534799144E-13
  .434522019E-13  .352496435E-13  .285505036E-13  .230878303E-13  .186404733E-13
  .150255135E-13  .120918946E-13  .971507248E-14  .779252799E-14  .624000959E-14
  .498839208E-14  .398105497E-14  .317169793E-14  .252252366E-14  .200272882E-14
  .158725298E-14  .125574323E-14  .991698743E-15  .781765304E-15  .615154444E-15
  .483166111E-15  .378797081E-15  .296420283E-15  .231522697E-15  .180491505E-15
  .140439933E-15  .109065697E-15  .845361529E-16  .653952900E-16  .504885678E-16
  .389022813E-16  .299147458E-16  .229570735E-16  .175817205E-16  .134373144E-16
  .102485495E-16  .780016251E-17  .592418576E-17  .448982938E-17  .339546679E-17
  .256229944E-17  .192935981E-17  .144957825E-17  .108669403E-17  .812834429E-18
  .606621858E-18  .451696856E-18  .335568324E-18  .248720450E-18  .183920601E-18
  .135684190E-18  .998618637E-19  .733218050E-19  .537057921E-19  .392423468E-19
  .286039485E-19  .207981837E-19  .150849682E-19  .109137514E-19  .787599451E-20
  .566929948E-20  .407039845E-20  .291486732E-20  .208192816E-20  .148309318E-20
  .105370120E-20  .746626457E-21  .527614325E-21  .371832593E-21  .261328213E-21
  .183156917E-21  .128011407E-21  .892179826E-22  .620046832E-22  .429689614E-22
  .296915802E-22  .204573608E-22  .140537879E-22  .962618634E-23  .657387910E-23
  .447594925E-23  .303832286E-23  .205616168E-23  .138721678E-23  .933005536E-24
  .625555589E-24  .418098204E-24  .278554524E-24  .184990905E-24  .122458073E-24
  .807997283E-25  .531381301E-25  .348309156E-25  .227548534E-25  .148156906E-25
  .961383263E-26  .621707349E-26  .400661978E-26  .257312419E-26  .164672681E-26
  .105014233E-26  .667310686E-27  .422521404E-27  .266561471E-27  .167556499E-27
  .104936730E-27  .654761486E-28  .407019280E-28  .252063459E-28  .155508649E-28
  .955730719E-29  .585112480E-29  .356822615E-29  .216750868E-29  .131144759E-29
  .790330423E-30  .474373116E-30  .283576912E-30  .168828909E-30  .100099869E-30
  .591039399E-31  .347520925E-31  .203475604E-31  .118630327E-31  .688677865E-32
  .398069074E-32  .229090695E-32  .131264661E-32  .748796991E-33  .425246427E-33
  .240415168E-33  .135304372E-33  .758009438E-34  .422701833E-34  .234624939E-34
  .129621904E-34  .712738692E-35  .390043809E-35  .212427543E-35  .115134581E-35
  .620985221E-36  .333288352E-36  .177993905E-36  .945842550E-37  .500084900E-37
  .263064433E-37  .137675355E-37  .716816499E-38  .371278153E-38  .191298765E-38
  .980455565E-39  .499836664E-39  .253451033E-39  .127822396E-39  .641132511E-40
  .319814003E-40  .158648768E-40  .782611193E-41  .383889247E-41  .187239143E-41
  .908025946E-42  .437815101E-42  .209871699E-42  .100015501E-42  .473816882E-43
  .223132502E-43  .104448783E-43  .485971914E-44  .224732053E-44  .103286507E-44
  .471764632E-45  .214135520E-45  .965854587E-46  .432884933E-46  .192774107E-46
  .852939207E-47  .374936806E-47  .163736683E-47  .710327998E-48  .306107418E-48
  .131029027E-48  .557078631E-49  .235232439E-49  .986474522E-50  .410826569E-50
  .169899076E-50  .697684415E-51  .284471015E-51  .115160440E-51  .462839063E-52
  .184668580E-52  .731420378E-53  .287558809E-53  .112213785E-53  .434610089E-54
  .167055742E-54  .637242561E-55  .241214525E-55  .906005435E-56  .337644722E-56
  .124842907E-56  .457947041E-57  .166642848E-57  .601520430E-58  .215366776E-58
  .764796043E-59  .269354662E-59  .940800860E-60  .325906740E-60  .111986508E-60
  .381944971E-61  .129783472E-61  .441207453E-62  .154262734E-62  .582114900E-63
  .275006789E-63  .207581978E-63  .000000000E+00  .000000000E+00  .000000000E+00
  .000000000E+00  .000000000E+00  .000000000E+00  .000000000E+00  .000000000E+00
  .000000000E+00  .000000000E+00  .000000000E+00  .000000000E+00  .000000000E+00
  .000000000E+00  .000000000E+00  .000000000E+00  .000000000E+00  .000000000E+00
  .000000000E+00  .000000000E+00  .000000000E+00  .000000000E+00  .000000000E+00
  .000000000E+00  .000000000E+00  .000000000E+00  .000000000E+00  .000000000E+00
  .000000000E+00  .000000000E+00  .000000000E+00  .000000000E+00  .000000000E+00
  .000000000E+00  .000000000E+00  .000000000E+00  .000000000E+00  .000000000E+00
  .000000000E+00  .000000000E+00  .000000000E+00  .000000000E+00  .000000000E+00
  .000000000E+00  .000000000E+00  .000000000E+00  .000000000E+00  .000000000E+00
  .000000000E+00  .000000000E+00  .000000000E+00  .000000000E+00  .000000000E+00
  .000000000E+00  .000000000E+00  .000000000E+00  .000000000E+00  .000000000E+00
  .000000000E+00  .000000000E+00  .000000000E+00  .000000000E+00  .000000000E+00
  .000000000E+00  .000000000E+00  .000000000E+00  .000000000E+00  .000000000E+00
  .000000000E+00  .000000000E+00  .000000000E+00  .000000000E+00  .000000000E+00
  .000000000E+00  .000000000E+00  .000000000E+00  .000000000E+00  .000000000E+00
  .000000000E+00  .000000000E+00  .000000000E+00  .000000000E+00  .000000000E+00
  .000000000E+00  .000000000E+00  .000000000E+00  .000000000E+00  .000000000E+00
  .000000000E+00  .000000000E+00  .000000000E+00  .000000000E+00  .000000000E+00
  .000000000E+00  .000000000E+00  .000000000E+00  .000000000E+00  .000000000E+00
  .000000000E+00  .000000000E+00  .000000000E+00  .000000000E+00  .000000000E+00
  .000000000E+00  .000000000E+00  .000000000E+00  .000000000E+00  .000000000E+00
  .000000000E+00  .000000000E+00  .000000000E+00  .000000000E+00  .000000000E+00
  .000000000E+00  .000000000E+00  .000000000E+00  .000000000E+00  .000000000E+00
  .000000000E+00  .000000000E+00  .000000000E+00  .000000000E+00  .000000000E+00
  .000000000E+00  .000000000E+00  .000000000E+00  .000000000E+00  .000000000E+00
  .000000000E+00  .000000000E+00  .000000000E+00  .000000000E+00  .000000000E+00
  .000000000E+00  .000000000E+00  .000000000E+00  .000000000E+00  .000000000E+00
  .000000000E+00  .000000000E+00  .000000000E+00  .000000000E+00  .000000000E+00
  .000000000E+00  .000000000E+00  .000000000E+00  .000000000E+00  .000000000E+00
  .000000000E+00  .000000000E+00  .000000000E+00  .000000000E+00  .000000000E+00
