  PAW K                                  
 100
Core Pot   L  =         .00000   -.17881
  -.20000000E+01  .12770980E+01
  -.19600000E+01  .12608080E+01
  -.19200000E+01  .12443439E+01
  -.18800000E+01  .12276919E+01
  -.18400000E+01  .12108387E+01
  -.18000000E+01  .11937718E+01
  -.17600000E+01  .11764783E+01
  -.17200000E+01  .11589457E+01
  -.16800000E+01  .11411609E+01
  -.16400000E+01  .11231106E+01
  -.16000000E+01  .11047808E+01
  -.15600000E+01  .10861567E+01
  -.15200000E+01  .10672231E+01
  -.14800000E+01  .10479633E+01
  -.14400000E+01  .10283598E+01
  -.14000000E+01  .10083940E+01
  -.13600000E+01  .98804556E+00
  -.13200000E+01  .96729283E+00
  -.12800000E+01  .94611228E+00
  -.12400000E+01  .92447844E+00
  -.12000000E+01  .90236358E+00
  -.11600000E+01  .87973749E+00
  -.11200000E+01  .85656711E+00
  -.10800000E+01  .83281620E+00
  -.10400000E+01  .80844489E+00
  -.10000000E+01  .78340922E+00
  -.96000000E+00  .75766052E+00
  -.92000000E+00  .73114476E+00
  -.88000000E+00  .70380180E+00
  -.84000000E+00  .67556437E+00
  -.80000000E+00  .64635704E+00
  -.76000000E+00  .61609486E+00
  -.72000000E+00  .58468175E+00
  -.68000000E+00  .55200863E+00
  -.64000000E+00  .51795099E+00
  -.60000000E+00  .48236613E+00
  -.56000000E+00  .44508952E+00
  -.52000000E+00  .40593047E+00
  -.48000000E+00  .36466660E+00
  -.44000000E+00  .32103688E+00
  -.40000000E+00  .27473272E+00
  -.36000000E+00  .22538651E+00
  -.32000000E+00  .17255666E+00
  -.28000000E+00  .11570778E+00
  -.24000000E+00  .54184195E-01
  -.20000000E+00 -.12826078E-01
  -.16000000E+00 -.86341202E-01
  -.12000000E+00 -.16765575E+00
  -.80000000E-01 -.25844179E+00
  -.40000000E-01 -.36089784E+00
   .12351231E-14 -.47797451E+00
   .40000000E-01 -.61372703E+00
   .80000000E-01 -.77388674E+00
   .12000000E+00 -.96682841E+00
   .16000000E+00 -.12052950E+01
   .20000000E+00 -.15096759E+01
   .24000000E+00 -.19147582E+01
   .28000000E+00 -.24851682E+01
   .32000000E+00 -.33561098E+01
   .36000000E+00 -.48659193E+01
   .40000000E+00 -.81671070E+01
   .44000000E+00 -.21374023E+02
   .48000000E+00  .43478020E+02
   .52000000E+00  .11344497E+02
   .56000000E+00  .66813810E+01
   .60000000E+00  .47981805E+01
   .64000000E+00  .37720424E+01
   .68000000E+00  .31210291E+01
   .72000000E+00  .26673579E+01
   .76000000E+00  .23301485E+01
   .80000000E+00  .20673125E+01
   .84000000E+00  .18547809E+01
   .88000000E+00  .16777886E+01
   .92000000E+00  .15267701E+01
   .96000000E+00  .13952523E+01
   .10000000E+01  .12786939E+01
   .10400000E+01  .11738115E+01
   .10800000E+01  .10781684E+01
   .11200000E+01  .98991489E+00
   .11600000E+01  .90761827E+00
   .12000000E+01  .83014801E+00
   .12400000E+01  .75659690E+00
   .12800000E+01  .68622512E+00
   .13200000E+01  .61842002E+00
   .13600000E+01  .55266655E+00
   .14000000E+01  .48852515E+00
   .14400000E+01  .42561501E+00
   .14800000E+01  .36360103E+00
   .15200000E+01  .30218369E+00
   .15600000E+01  .24109087E+00
   .16000000E+01  .18007122E+00
   .16400000E+01  .11888863E+00
   .16800000E+01  .57317494E-01
   .17200000E+01 -.48613968E-02
   .17600000E+01 -.67864588E-01
   .18000000E+01 -.13190943E+00
   .18400000E+01 -.19721743E+00
   .18800000E+01 -.26401755E+00
   .19200000E+01 -.33254967E+00
   .19600000E+01 -.40306816E+00
   .20000000E+01 -.47584592E+00
Potential  L  =         .00000   -.17881
  -.20000000E+01  .12482952E+01
  -.19600000E+01  .12317763E+01
  -.19200000E+01  .12150346E+01
  -.18800000E+01  .11980616E+01
  -.18400000E+01  .11808481E+01
  -.18000000E+01  .11633845E+01
  -.17600000E+01  .11456606E+01
  -.17200000E+01  .11276654E+01
  -.16800000E+01  .11093872E+01
  -.16400000E+01  .10908135E+01
  -.16000000E+01  .10719311E+01
  -.15600000E+01  .10527255E+01
  -.15200000E+01  .10331815E+01
  -.14800000E+01  .10132825E+01
  -.14400000E+01  .99301065E+00
  -.14000000E+01  .97234675E+00
  -.13600000E+01  .95127000E+00
  -.13200000E+01  .92975781E+00
  -.12800000E+01  .90778564E+00
  -.12400000E+01  .88532676E+00
  -.12000000E+01  .86235192E+00
  -.11600000E+01  .83882905E+00
  -.11200000E+01  .81472291E+00
  -.10800000E+01  .78999459E+00
  -.10400000E+01  .76460094E+00
  -.10000000E+01  .73849385E+00
  -.96000000E+00  .71161946E+00
  -.92000000E+00  .68391708E+00
  -.88000000E+00  .65531775E+00
  -.84000000E+00  .62574246E+00
  -.80000000E+00  .59509971E+00
  -.76000000E+00  .56328185E+00
  -.72000000E+00  .53016008E+00
  -.68000000E+00  .49557642E+00
  -.64000000E+00  .45933089E+00
  -.60000000E+00  .42115826E+00
  -.56000000E+00  .38068517E+00
  -.52000000E+00  .33733763E+00
  -.48000000E+00  .29011816E+00
  -.44000000E+00  .23695758E+00
  -.40000000E+00  .17222341E+00
  -.36000000E+00  .70603078E-01
  -.32000000E+00 -.11516562E+01
  -.28000000E+00  .20749996E+00
  -.24000000E+00  .77797782E-01
  -.20000000E+00 -.83003617E-02
  -.16000000E+00 -.88663956E-01
  -.12000000E+00 -.17109382E+00
  -.80000000E-01 -.25899801E+00
  -.40000000E-01 -.35483121E+00
   .12351231E-14 -.46102547E+00
   .40000000E-01 -.58043246E+00
   .80000000E-01 -.71669713E+00
   .12000000E+00 -.87473075E+00
   .16000000E+00 -.10614212E+01
   .20000000E+00 -.12868208E+01
   .24000000E+00 -.15662560E+01
   .28000000E+00 -.19243589E+01
   .32000000E+00 -.24034384E+01
   .36000000E+00 -.30828504E+01
   .40000000E+00 -.41309720E+01
   .44000000E+00 -.59787789E+01
   .48000000E+00 -.10159112E+02
   .52000000E+00 -.29067499E+02
   .56000000E+00  .38734336E+02
   .60000000E+00  .12041147E+02
   .64000000E+00  .72463204E+01
   .68000000E+00  .52273710E+01
   .72000000E+00  .41064779E+01
   .76000000E+00  .33876792E+01
   .80000000E+00  .28832583E+01
   .84000000E+00  .25064658E+01
   .88000000E+00  .22116725E+01
   .92000000E+00  .19725777E+01
   .96000000E+00  .17729482E+01
   .10000000E+01  .16022142E+01
   .10400000E+01  .14531920E+01
   .10800000E+01  .13208221E+01
   .11200000E+01  .12014326E+01
   .11600000E+01  .10922878E+01
   .12000000E+01  .99130282E+00
   .12400000E+01  .89685500E+00
   .12800000E+01  .80765696E+00
   .13200000E+01  .72266888E+00
   .13600000E+01  .64103602E+00
   .14000000E+01  .56204361E+00
   .14400000E+01  .48508347E+00
   .14800000E+01  .40962911E+00
   .15200000E+01  .33521630E+00
   .15600000E+01  .26142796E+00
   .16000000E+01  .18788260E+00
   .16400000E+01  .11422384E+00
   .16800000E+01  .40112051E-01
   .17200000E+01 -.34782411E-01
   .17600000E+01 -.11078602E+00
   .18000000E+01 -.18822831E+00
   .18400000E+01 -.26744760E+00
   .18800000E+01 -.34879736E+00
   .19200000E+01 -.43265234E+00
   .19600000E+01 -.51941570E+00
   .20000000E+01 -.60952669E+00
Core Pot   L  =        1.00000  -1.38467
  -.20000000E+01  .13121492E+01
  -.19600000E+01  .12957374E+01
  -.19200000E+01  .12789505E+01
  -.18800000E+01  .12617331E+01
  -.18400000E+01  .12440122E+01
  -.18000000E+01  .12256886E+01
  -.17600000E+01  .12066241E+01
  -.17200000E+01  .11866178E+01
  -.16800000E+01  .11653656E+01
  -.16400000E+01  .11423806E+01
  -.16000000E+01  .11168289E+01
  -.15600000E+01  .10871465E+01
  -.15200000E+01  .10500063E+01
  -.14800000E+01  .99683531E+00
  -.14400000E+01  .89668040E+00
  -.14000000E+01  .48533040E+00
  -.13600000E+01  .17501241E+01
  -.13200000E+01  .12683156E+01
  -.12800000E+01  .11614681E+01
  -.12400000E+01  .11050774E+01
  -.12000000E+01  .10650519E+01
  -.11600000E+01  .10322210E+01
  -.11200000E+01  .10030740E+01
  -.10800000E+01  .97596989E+00
  -.10400000E+01  .95003333E+00
  -.10000000E+01  .92474908E+00
  -.96000000E+00  .89978936E+00
  -.92000000E+00  .87493117E+00
  -.88000000E+00  .85001338E+00
  -.84000000E+00  .82491276E+00
  -.80000000E+00  .79952991E+00
  -.76000000E+00  .77378043E+00
  -.72000000E+00  .74758919E+00
  -.68000000E+00  .72088641E+00
  -.64000000E+00  .69360482E+00
  -.60000000E+00  .66567752E+00
  -.56000000E+00  .63703618E+00
  -.52000000E+00  .60760952E+00
  -.48000000E+00  .57732189E+00
  -.44000000E+00  .54609186E+00
  -.40000000E+00  .51383072E+00
  -.36000000E+00  .48044093E+00
  -.32000000E+00  .44581429E+00
  -.28000000E+00  .40982989E+00
  -.24000000E+00  .37235165E+00
  -.20000000E+00  .33322547E+00
  -.16000000E+00  .29227572E+00
  -.12000000E+00  .24930098E+00
  -.80000000E-01  .20406875E+00
  -.40000000E-01  .15630899E+00
   .12351231E-14  .10570578E+00
   .40000000E-01  .51886979E-01
   .80000000E-01 -.55892780E-02
   .12000000E+00 -.67251961E-01
   .16000000E+00 -.13374007E+00
   .20000000E+00 -.20583317E+00
   .24000000E+00 -.28449262E+00
   .28000000E+00 -.37091835E+00
   .32000000E+00 -.46662815E+00
   .36000000E+00 -.57357101E+00
   .40000000E+00 -.69429255E+00
   .44000000E+00 -.83218301E+00
   .48000000E+00 -.99186028E+00
   .52000000E+00 -.11797820E+01
   .56000000E+00 -.14052646E+01
   .60000000E+00 -.16822645E+01
   .64000000E+00 -.20326799E+01
   .68000000E+00 -.24929412E+01
   .72000000E+00 -.31284698E+01
   .76000000E+00 -.40696889E+01
   .80000000E+00 -.56194550E+01
   .84000000E+00 -.86787646E+01
   .88000000E+00 -.17663794E+02
   .92000000E+00 -.73653808E+03
   .96000000E+00  .19535649E+02
   .10000000E+01  .98440795E+01
   .10400000E+01  .66524280E+01
   .10800000E+01  .50544828E+01
   .11200000E+01  .40889114E+01
   .11600000E+01  .34379671E+01
   .12000000E+01  .29661194E+01
   .12400000E+01  .26058079E+01
   .12800000E+01  .23195739E+01
   .13200000E+01  .20849712E+01
   .13600000E+01  .18877254E+01
   .14000000E+01  .17183217E+01
   .14400000E+01  .15701697E+01
   .14800000E+01  .14385565E+01
   .15200000E+01  .13200192E+01
   .15600000E+01  .12119527E+01
   .16000000E+01  .11123566E+01
   .16400000E+01  .10196661E+01
   .16800000E+01  .93263621E+00
   .17200000E+01  .85026115E+00
   .17600000E+01  .77171615E+00
   .18000000E+01  .69631538E+00
   .18400000E+01  .62348066E+00
   .18800000E+01  .55271789E+00
   .19200000E+01  .48359897E+00
   .19600000E+01  .41574777E+00
   .20000000E+01  .34882912E+00
Potential  L  =        1.00000  -1.38467
  -.20000000E+01  .12965525E+01
  -.19600000E+01  .12783645E+01
  -.19200000E+01  .12595038E+01
  -.18800000E+01  .12398427E+01
  -.18400000E+01  .12192117E+01
  -.18000000E+01  .11973796E+01
  -.17600000E+01  .11740220E+01
  -.17200000E+01  .11486689E+01
  -.16800000E+01  .11206103E+01
  -.16400000E+01  .10887196E+01
  -.16000000E+01  .10510922E+01
  -.15600000E+01  .10042298E+01
  -.15200000E+01  .94092488E+00
  -.14800000E+01  .84355599E+00
  -.14400000E+01  .65460465E+00
  -.14000000E+01  .16233607E-01
  -.13600000E+01  .46874063E+01
  -.13200000E+01  .17593951E+01
  -.12800000E+01  .14366905E+01
  -.12400000E+01  .13022520E+01
  -.12000000E+01  .12224888E+01
  -.11600000E+01  .11658962E+01
  -.11200000E+01  .11211771E+01
  -.10800000E+01  .10832709E+01
  -.10400000E+01  .10495736E+01
  -.10000000E+01  .10185980E+01
  -.96000000E+00  .98943363E+00
  -.92000000E+00  .96148739E+00
  -.88000000E+00  .93435357E+00
  -.84000000E+00  .90774252E+00
  -.80000000E+00  .88143929E+00
  -.76000000E+00  .85527855E+00
  -.72000000E+00  .82912861E+00
  -.68000000E+00  .80288102E+00
  -.64000000E+00  .77644349E+00
  -.60000000E+00  .74973487E+00
  -.56000000E+00  .72268160E+00
  -.52000000E+00  .69521502E+00
  -.48000000E+00  .66726923E+00
  -.44000000E+00  .63877950E+00
  -.40000000E+00  .60968077E+00
  -.36000000E+00  .57990642E+00
  -.32000000E+00  .54938710E+00
  -.28000000E+00  .51804960E+00
  -.24000000E+00  .48581567E+00
  -.20000000E+00  .45260082E+00
  -.16000000E+00  .41831294E+00
  -.12000000E+00  .38285086E+00
  -.80000000E-01  .34610257E+00
  -.40000000E-01  .30794328E+00
   .12351231E-14  .26823307E+00
   .40000000E-01  .22681409E+00
   .80000000E-01  .18350713E+00
   .12000000E+00  .13810769E+00
   .16000000E+00  .90380835E-01
   .20000000E+00  .40055023E-01
   .24000000E+00 -.13185620E-01
   .28000000E+00 -.69711080E-01
   .32000000E+00 -.12995789E+00
   .36000000E+00 -.19444511E+00
   .40000000E+00 -.26379522E+00
   .44000000E+00 -.33876148E+00
   .48000000E+00 -.42026471E+00
   .52000000E+00 -.50944297E+00
   .56000000E+00 -.60772017E+00
   .60000000E+00 -.71690237E+00
   .64000000E+00 -.83931588E+00
   .68000000E+00 -.97800978E+00
   .72000000E+00 -.11370613E+01
   .76000000E+00 -.13220503E+01
   .80000000E+00 -.15408227E+01
   .84000000E+00 -.18047730E+01
   .88000000E+00 -.21311090E+01
   .92000000E+00 -.25471035E+01
   .96000000E+00 -.30987194E+01
   .10000000E+01 -.38699369E+01
   .10400000E+01 -.50323202E+01
   .10800000E+01 -.69994877E+01
   .11200000E+01 -.11086674E+02
   .11600000E+01 -.24909921E+02
   .12000000E+01  .12849586E+03
   .12400000E+01  .18513516E+02
   .12800000E+01  .10106984E+02
   .13200000E+01  .69968437E+01
   .13600000E+01  .53678982E+01
   .14000000E+01  .43595624E+01
   .14400000E+01  .36696056E+01
   .14800000E+01  .31645100E+01
   .15200000E+01  .27761568E+01
   .15600000E+01  .24661463E+01
   .16000000E+01  .22111795E+01
   .16400000E+01  .19962949E+01
   .16800000E+01  .18114405E+01
   .17200000E+01  .16496087E+01
   .17600000E+01  .15057613E+01
   .18000000E+01  .13761786E+01
   .18400000E+01  .12580515E+01
   .18800000E+01  .11492150E+01
   .19200000E+01  .10479702E+01
   .19600000E+01  .95296174E+00
   .20000000E+01  .86309158E+00
Core Pot   L  =        2.00000   -.00057
  -.20000000E+01  .14152030E+01
  -.19600000E+01  .14010312E+01
  -.19200000E+01  .13867147E+01
  -.18800000E+01  .13722489E+01
  -.18400000E+01  .13576291E+01
  -.18000000E+01  .13428502E+01
  -.17600000E+01  .13279066E+01
  -.17200000E+01  .13127929E+01
  -.16800000E+01  .12975029E+01
  -.16400000E+01  .12820302E+01
  -.16000000E+01  .12663680E+01
  -.15600000E+01  .12505091E+01
  -.15200000E+01  .12344458E+01
  -.14800000E+01  .12181697E+01
  -.14400000E+01  .12016721E+01
  -.14000000E+01  .11849434E+01
  -.13600000E+01  .11679735E+01
  -.13200000E+01  .11507514E+01
  -.12800000E+01  .11332653E+01
  -.12400000E+01  .11155023E+01
  -.12000000E+01  .10974486E+01
  -.11600000E+01  .10790889E+01
  -.11200000E+01  .10604069E+01
  -.10800000E+01  .10413844E+01
  -.10400000E+01  .10220016E+01
  -.10000000E+01  .10022367E+01
  -.96000000E+00  .98206545E+00
  -.92000000E+00  .96146110E+00
  -.88000000E+00  .94039369E+00
  -.84000000E+00  .91882972E+00
  -.80000000E+00  .89673145E+00
  -.76000000E+00  .87405615E+00
  -.72000000E+00  .85075521E+00
  -.68000000E+00  .82677295E+00
  -.64000000E+00  .80204516E+00
  -.60000000E+00  .77649726E+00
  -.56000000E+00  .75004195E+00
  -.52000000E+00  .72257614E+00
  -.48000000E+00  .69397699E+00
  -.44000000E+00  .66409650E+00
  -.40000000E+00  .63275444E+00
  -.36000000E+00  .59972845E+00
  -.32000000E+00  .56474035E+00
  -.28000000E+00  .52743658E+00
  -.24000000E+00  .48735973E+00
  -.20000000E+00  .44390591E+00
  -.16000000E+00  .39625912E+00
  -.12000000E+00  .34328646E+00
  -.80000000E-01  .28336423E+00
  -.40000000E-01  .21407452E+00
   .12351231E-14  .13164440E+00
   .40000000E-01  .29830252E-01
   .80000000E-01 -.10251971E+00
   .12000000E+00 -.28750189E+00
   .16000000E+00 -.57601735E+00
   .20000000E+00 -.11175720E+01
   .24000000E+00 -.26240157E+01
   .28000000E+00 -.50926336E+02
   .32000000E+00  .38157540E+01
   .36000000E+00  .19982979E+01
   .40000000E+00  .13949486E+01
   .44000000E+00  .10795727E+01
   .48000000E+00  .87632959E+00
   .52000000E+00  .72777094E+00
   .56000000E+00  .60949475E+00
   .60000000E+00  .50931578E+00
   .64000000E+00  .42041836E+00
   .68000000E+00  .33864134E+00
   .72000000E+00  .26124982E+00
   .76000000E+00  .18632119E+00
   .80000000E+00  .11241231E+00
   .84000000E+00  .38365635E-01
   .88000000E+00 -.36812108E-01
   .92000000E+00 -.11403202E+00
   .96000000E+00 -.19418423E+00
   .10000000E+01 -.27818896E+00
   .10400000E+01 -.36704489E+00
   .10800000E+01 -.46188050E+00
   .11200000E+01 -.56401451E+00
   .11600000E+01 -.67503202E+00
   .12000000E+01 -.79688612E+00
   .12400000E+01 -.93203881E+00
   .12800000E+01 -.10836634E+01
   .13200000E+01 -.12559446E+01
   .13600000E+01 -.14545382E+01
   .14000000E+01 -.16873017E+01
   .14400000E+01 -.19655012E+01
   .14800000E+01 -.23059078E+01
   .15200000E+01 -.27346515E+01
   .15600000E+01 -.32948349E+01
   .16000000E+01 -.40630186E+01
   .16400000E+01 -.51895486E+01
   .16800000E+01 -.70157275E+01
   .17200000E+01 -.10518174E+02
   .17600000E+01 -.20074222E+02
   .18000000E+01 -.15781826E+03
   .18400000E+01  .27980486E+02
   .18800000E+01  .13028956E+02
   .19200000E+01  .85457508E+01
   .19600000E+01  .63762232E+01
   .20000000E+01  .50893697E+01
Potential  L  =        2.00000   -.00057
  -.20000000E+01  .14140701E+01
  -.19600000E+01  .13998338E+01
  -.19200000E+01  .13854484E+01
  -.18800000E+01  .13709093E+01
  -.18400000E+01  .13562112E+01
  -.18000000E+01  .13413486E+01
  -.17600000E+01  .13263157E+01
  -.17200000E+01  .13111065E+01
  -.16800000E+01  .12957143E+01
  -.16400000E+01  .12801323E+01
  -.16000000E+01  .12643530E+01
  -.15600000E+01  .12483686E+01
  -.15200000E+01  .12321707E+01
  -.14800000E+01  .12157502E+01
  -.14400000E+01  .11990974E+01
  -.14000000E+01  .11822021E+01
  -.13600000E+01  .11650530E+01
  -.13200000E+01  .11476380E+01
  -.12800000E+01  .11299443E+01
  -.12400000E+01  .11119575E+01
  -.12000000E+01  .10936626E+01
  -.11600000E+01  .10750427E+01
  -.11200000E+01  .10560798E+01
  -.10800000E+01  .10367539E+01
  -.10400000E+01  .10170434E+01
  -.10000000E+01  .99692405E+00
  -.96000000E+00  .97636955E+00
  -.92000000E+00  .95535054E+00
  -.88000000E+00  .93383443E+00
  -.84000000E+00  .91178492E+00
  -.80000000E+00  .88916129E+00
  -.76000000E+00  .86591780E+00
  -.72000000E+00  .84200275E+00
  -.68000000E+00  .81735749E+00
  -.64000000E+00  .79191514E+00
  -.60000000E+00  .76559897E+00
  -.56000000E+00  .73832045E+00
  -.52000000E+00  .70997692E+00
  -.48000000E+00  .68044829E+00
  -.44000000E+00  .64959330E+00
  -.40000000E+00  .61724438E+00
  -.36000000E+00  .58320093E+00
  -.32000000E+00  .54722070E+00
  -.28000000E+00  .50900815E+00
  -.24000000E+00  .46819835E+00
  -.20000000E+00  .42433508E+00
  -.16000000E+00  .37684047E+00
  -.12000000E+00  .32496966E+00
  -.80000000E-01  .26774615E+00
  -.40000000E-01  .20386270E+00
   .12351231E-14  .13152738E+00
   .40000000E-01  .48213673E-01
   .80000000E-01 -.49760509E-01
   .12000000E+00 -.16798225E+00
   .16000000E+00 -.31536332E+00
   .20000000E+00 -.50705216E+00
   .24000000E+00 -.77105753E+00
   .28000000E+00 -.11655922E+01
   .32000000E+00 -.18348546E+01
   .36000000E+00 -.32608502E+01
   .40000000E+00 -.86515556E+01
   .44000000E+00  .22617102E+02
   .48000000E+00  .54709531E+01
   .52000000E+00  .32587271E+01
   .56000000E+00  .23737066E+01
   .60000000E+00  .18879385E+01
   .64000000E+00  .15747454E+01
   .68000000E+00  .13515156E+01
   .72000000E+00  .11809278E+01
   .76000000E+00  .10436416E+01
   .80000000E+00  .92862152E+00
   .84000000E+00  .82910031E+00
   .88000000E+00  .74068732E+00
   .92000000E+00  .66039977E+00
   .96000000E+00  .58613101E+00
   .10000000E+01  .51634172E+00
   .10400000E+01  .44987183E+00
   .10800000E+01  .38582218E+00
   .11200000E+01  .32347523E+00
   .11600000E+01  .26224294E+00
   .12000000E+01  .20162963E+00
   .12400000E+01  .14120531E+00
   .12800000E+01  .80586772E-01
   .13200000E+01  .19420975E-01
   .13600000E+01 -.42625379E-01
   .14000000E+01 -.10587656E+00
   .14400000E+01 -.17065636E+00
   .14800000E+01 -.23729611E+00
   .15200000E+01 -.30614237E+00
   .15600000E+01 -.37756496E+00
   .16000000E+01 -.45196553E+00
   .16400000E+01 -.52978698E+00
   .16800000E+01 -.61152485E+00
   .17200000E+01 -.69774013E+00
   .17600000E+01 -.78907558E+00
   .18000000E+01 -.88627549E+00
   .18400000E+01 -.99021063E+00
   .18800000E+01 -.11019103E+01
   .19200000E+01 -.12226039E+01
   .19600000E+01 -.13537749E+01
   .20000000E+01 -.14972342E+01
Core Pot   L  =        3.00000    .00000
  -.20000000E+01  .15444060E+01
  -.19600000E+01  .15316410E+01
  -.19200000E+01  .15187750E+01
  -.18800000E+01  .15058059E+01
  -.18400000E+01  .14927311E+01
  -.18000000E+01  .14795482E+01
  -.17600000E+01  .14662546E+01
  -.17200000E+01  .14528477E+01
  -.16800000E+01  .14393246E+01
  -.16400000E+01  .14256823E+01
  -.16000000E+01  .14119180E+01
  -.15600000E+01  .13980284E+01
  -.15200000E+01  .13840103E+01
  -.14800000E+01  .13698603E+01
  -.14400000E+01  .13555747E+01
  -.14000000E+01  .13411498E+01
  -.13600000E+01  .13265819E+01
  -.13200000E+01  .13118668E+01
  -.12800000E+01  .12970002E+01
  -.12400000E+01  .12819778E+01
  -.12000000E+01  .12667949E+01
  -.11600000E+01  .12514466E+01
  -.11200000E+01  .12359278E+01
  -.10800000E+01  .12202332E+01
  -.10400000E+01  .12043571E+01
  -.10000000E+01  .11882937E+01
  -.96000000E+00  .11720367E+01
  -.92000000E+00  .11555795E+01
  -.88000000E+00  .11389153E+01
  -.84000000E+00  .11220368E+01
  -.80000000E+00  .11049364E+01
  -.76000000E+00  .10876058E+01
  -.72000000E+00  .10700366E+01
  -.68000000E+00  .10522195E+01
  -.64000000E+00  .10341452E+01
  -.60000000E+00  .10158032E+01
  -.56000000E+00  .99718271E+00
  -.52000000E+00  .97827226E+00
  -.48000000E+00  .95905952E+00
  -.44000000E+00  .93953138E+00
  -.40000000E+00  .91967386E+00
  -.36000000E+00  .89947200E+00
  -.32000000E+00  .87890980E+00
  -.28000000E+00  .85797009E+00
  -.24000000E+00  .83663445E+00
  -.20000000E+00  .81488306E+00
  -.16000000E+00  .79269459E+00
  -.12000000E+00  .77004601E+00
  -.80000000E-01  .74691243E+00
  -.40000000E-01  .72326690E+00
   .12351231E-14  .69908019E+00
   .40000000E-01  .67432051E+00
   .80000000E-01  .64895325E+00
   .12000000E+00  .62294059E+00
   .16000000E+00  .59624119E+00
   .20000000E+00  .56880968E+00
   .24000000E+00  .54059617E+00
   .28000000E+00  .51154566E+00
   .32000000E+00  .48159734E+00
   .36000000E+00  .45068380E+00
   .40000000E+00  .41873004E+00
   .44000000E+00  .38565240E+00
   .48000000E+00  .35135718E+00
   .52000000E+00  .31573911E+00
   .56000000E+00  .27867943E+00
   .60000000E+00  .24004363E+00
   .64000000E+00  .19967869E+00
   .68000000E+00  .15740973E+00
   .72000000E+00  .11303587E+00
   .76000000E+00  .66325194E-01
   .80000000E+00  .17008347E-01
   .84000000E+00 -.35229378E-01
   .88000000E+00 -.90758147E-01
   .92000000E+00 -.15001651E+00
   .96000000E+00 -.21352810E+00
   .10000000E+01 -.28192355E+00
   .10400000E+01 -.35596948E+00
   .10800000E+01 -.43660754E+00
   .11200000E+01 -.52500772E+00
   .11600000E+01 -.62264243E+00
   .12000000E+01 -.73139144E+00
   .12400000E+01 -.85369387E+00
   .12800000E+01 -.99277366E+00
   .13200000E+01 -.11529840E+01
   .13600000E+01 -.13403500E+01
   .14000000E+01 -.15634593E+01
   .14400000E+01 -.18349873E+01
   .14800000E+01 -.21744624E+01
   .15200000E+01 -.26136248E+01
   .15600000E+01 -.32077487E+01
   .16000000E+01 -.40624276E+01
   .16400000E+01 -.54077283E+01
   .16800000E+01 -.78582816E+01
   .17200000E+01 -.13793756E+02
   .17600000E+01 -.49822479E+02
   .18000000E+01  .32751508E+02
   .18400000E+01  .12534415E+02
   .18800000E+01  .78062054E+01
   .19200000E+01  .56845658E+01
   .19600000E+01  .44718265E+01
   .20000000E+01  .36813773E+01
Potential  L  =        3.00000    .00000
  -.20000000E+01  .15445640E+01
  -.19600000E+01  .15318062E+01
  -.19200000E+01  .15189480E+01
  -.18800000E+01  .15059871E+01
  -.18400000E+01  .14929212E+01
  -.18000000E+01  .14797477E+01
  -.17600000E+01  .14664642E+01
  -.17200000E+01  .14530679E+01
  -.16800000E+01  .14395562E+01
  -.16400000E+01  .14259262E+01
  -.16000000E+01  .14121751E+01
  -.15600000E+01  .13982994E+01
  -.15200000E+01  .13842961E+01
  -.14800000E+01  .13701619E+01
  -.14400000E+01  .13558933E+01
  -.14000000E+01  .13414867E+01
  -.13600000E+01  .13269382E+01
  -.13200000E+01  .13122438E+01
  -.12800000E+01  .12973995E+01
  -.12400000E+01  .12824010E+01
  -.12000000E+01  .12672437E+01
  -.11600000E+01  .12519229E+01
  -.11200000E+01  .12364336E+01
  -.10800000E+01  .12207707E+01
  -.10400000E+01  .12049286E+01
  -.10000000E+01  .11889018E+01
  -.96000000E+00  .11726842E+01
  -.92000000E+00  .11562694E+01
  -.88000000E+00  .11396509E+01
  -.84000000E+00  .11228216E+01
  -.80000000E+00  .11057743E+01
  -.76000000E+00  .10885010E+01
  -.72000000E+00  .10709938E+01
  -.68000000E+00  .10532438E+01
  -.64000000E+00  .10352419E+01
  -.60000000E+00  .10169784E+01
  -.56000000E+00  .99844311E+00
  -.52000000E+00  .97962504E+00
  -.48000000E+00  .96051264E+00
  -.44000000E+00  .94109359E+00
  -.40000000E+00  .92135478E+00
  -.36000000E+00  .90128224E+00
  -.32000000E+00  .88086106E+00
  -.28000000E+00  .86007531E+00
  -.24000000E+00  .83890795E+00
  -.20000000E+00  .81734072E+00
  -.16000000E+00  .79535402E+00
  -.12000000E+00  .77292678E+00
  -.80000000E-01  .75003636E+00
  -.40000000E-01  .72665832E+00
   .12351231E-14  .70276627E+00
   .40000000E-01  .67833169E+00
   .80000000E-01  .65332365E+00
   .12000000E+00  .62770859E+00
   .16000000E+00  .60144999E+00
   .20000000E+00  .57450803E+00
   .24000000E+00  .54683925E+00
   .28000000E+00  .51839602E+00
   .32000000E+00  .48912611E+00
   .36000000E+00  .45897204E+00
   .40000000E+00  .42787041E+00
   .44000000E+00  .39575111E+00
   .48000000E+00  .36253638E+00
   .52000000E+00  .32813972E+00
   .56000000E+00  .29246458E+00
   .60000000E+00  .25540286E+00
   .64000000E+00  .21683310E+00
   .68000000E+00  .17661829E+00
   .72000000E+00  .13460331E+00
   .76000000E+00  .90611695E-01
   .80000000E+00  .44441899E-01
   .84000000E+00 -.41374321E-02
   .88000000E+00 -.55393251E-01
   .92000000E+00 -.10963530E+00
   .96000000E+00 -.16722511E+00
   .10000000E+01 -.22858739E+00
   .10400000E+01 -.29422456E+00
   .10800000E+01 -.36473555E+00
   .11200000E+01 -.44084022E+00
   .11600000E+01 -.52341175E+00
   .12000000E+01 -.61351989E+00
   .12400000E+01 -.71248988E+00
   .12800000E+01 -.82198382E+00
   .13200000E+01 -.94411535E+00
   .13600000E+01 -.10816146E+01
   .14000000E+01 -.12380710E+01
   .14400000E+01 -.14183013E+01
   .14800000E+01 -.16289237E+01
   .15200000E+01 -.18792883E+01
   .15600000E+01 -.21830496E+01
   .16000000E+01 -.25609690E+01
   .16400000E+01 -.30462320E+01
   .16800000E+01 -.36953812E+01
   .17200000E+01 -.46132608E+01
   .17600000E+01 -.60186109E+01
   .18000000E+01 -.84564172E+01
   .18400000E+01 -.13767841E+02
   .18800000E+01 -.34595829E+02
   .19200000E+01  .75344990E+02
   .19600000E+01  .18447223E+02
   .20000000E+01  .10617024E+02
Core Pot   L  =        4.00000    .00000
  -.20000000E+01  .16959244E+01
  -.19600000E+01  .16844055E+01
  -.19200000E+01  .16728160E+01
  -.18800000E+01  .16611502E+01
  -.18400000E+01  .16494109E+01
  -.18000000E+01  .16375945E+01
  -.17600000E+01  .16256983E+01
  -.17200000E+01  .16137235E+01
  -.16800000E+01  .16016683E+01
  -.16400000E+01  .15895296E+01
  -.16000000E+01  .15773052E+01
  -.15600000E+01  .15649968E+01
  -.15200000E+01  .15525994E+01
  -.14800000E+01  .15401125E+01
  -.14400000E+01  .15275342E+01
  -.14000000E+01  .15148627E+01
  -.13600000E+01  .15020959E+01
  -.13200000E+01  .14892319E+01
  -.12800000E+01  .14762685E+01
  -.12400000E+01  .14632037E+01
  -.12000000E+01  .14500352E+01
  -.11600000E+01  .14367606E+01
  -.11200000E+01  .14233777E+01
  -.10800000E+01  .14098839E+01
  -.10400000E+01  .13962767E+01
  -.10000000E+01  .13825534E+01
  -.96000000E+00  .13687114E+01
  -.92000000E+00  .13547476E+01
  -.88000000E+00  .13406592E+01
  -.84000000E+00  .13264431E+01
  -.80000000E+00  .13120961E+01
  -.76000000E+00  .12976149E+01
  -.72000000E+00  .12829961E+01
  -.68000000E+00  .12682360E+01
  -.64000000E+00  .12533309E+01
  -.60000000E+00  .12382769E+01
  -.56000000E+00  .12230700E+01
  -.52000000E+00  .12077060E+01
  -.48000000E+00  .11921804E+01
  -.44000000E+00  .11764887E+01
  -.40000000E+00  .11606260E+01
  -.36000000E+00  .11445874E+01
  -.32000000E+00  .11283675E+01
  -.28000000E+00  .11119610E+01
  -.24000000E+00  .10953620E+01
  -.20000000E+00  .10785645E+01
  -.16000000E+00  .10615622E+01
  -.12000000E+00  .10443486E+01
  -.80000000E-01  .10269167E+01
  -.40000000E-01  .10092591E+01
   .12351231E-14  .99136814E+00
   .40000000E-01  .97323585E+00
   .80000000E-01  .95485368E+00
   .12000000E+00  .93621267E+00
   .16000000E+00  .91730337E+00
   .20000000E+00  .89811580E+00
   .24000000E+00  .87863944E+00
   .28000000E+00  .85886312E+00
   .32000000E+00  .83877505E+00
   .36000000E+00  .81836274E+00
   .40000000E+00  .79761292E+00
   .44000000E+00  .77651151E+00
   .48000000E+00  .75504354E+00
   .52000000E+00  .73319310E+00
   .56000000E+00  .71094322E+00
   .60000000E+00  .68827580E+00
   .64000000E+00  .66517153E+00
   .68000000E+00  .64160974E+00
   .72000000E+00  .61756833E+00
   .76000000E+00  .59302358E+00
   .80000000E+00  .56795005E+00
   .84000000E+00  .54232036E+00
   .88000000E+00  .51610505E+00
   .92000000E+00  .48927236E+00
   .96000000E+00  .46178795E+00
   .10000000E+01  .43361469E+00
   .10400000E+01  .40471234E+00
   .10800000E+01  .37503718E+00
   .11200000E+01  .34454167E+00
   .11600000E+01  .31317396E+00
   .12000000E+01  .28087743E+00
   .12400000E+01  .24759008E+00
   .12800000E+01  .21324389E+00
   .13200000E+01  .17776405E+00
   .13600000E+01  .14106805E+00
   .14000000E+01  .10306471E+00
   .14400000E+01  .63652897E-01
   .14800000E+01  .22720222E-01
   .15200000E+01 -.19858679E-01
   .15600000E+01 -.64224058E-01
   .16000000E+01 -.11053337E+00
   .16400000E+01 -.15896403E+00
   .16800000E+01 -.20971668E+00
   .17200000E+01 -.26301921E+00
   .17600000E+01 -.31913155E+00
   .18000000E+01 -.37835156E+00
   .18400000E+01 -.44102227E+00
   .18800000E+01 -.50754083E+00
   .19200000E+01 -.57836972E+00
   .19600000E+01 -.65405083E+00
   .20000000E+01 -.73522330E+00
Potential  L  =        4.00000    .00000
  -.20000000E+01  .16959728E+01
  -.19600000E+01  .16844577E+01
  -.19200000E+01  .16728676E+01
  -.18800000E+01  .16612056E+01
  -.18400000E+01  .16494671E+01
  -.18000000E+01  .16376513E+01
  -.17600000E+01  .16257588E+01
  -.17200000E+01  .16137853E+01
  -.16800000E+01  .16017321E+01
  -.16400000E+01  .15895946E+01
  -.16000000E+01  .15773739E+01
  -.15600000E+01  .15650678E+01
  -.15200000E+01  .15526726E+01
  -.14800000E+01  .15401895E+01
  -.14400000E+01  .15276137E+01
  -.14000000E+01  .15149464E+01
  -.13600000E+01  .15021822E+01
  -.13200000E+01  .14893229E+01
  -.12800000E+01  .14763634E+01
  -.12400000E+01  .14633021E+01
  -.12000000E+01  .14501389E+01
  -.11600000E+01  .14368685E+01
  -.11200000E+01  .14234904E+01
  -.10800000E+01  .14100027E+01
  -.10400000E+01  .13964003E+01
  -.10000000E+01  .13826839E+01
  -.96000000E+00  .13688482E+01
  -.92000000E+00  .13548911E+01
  -.88000000E+00  .13408097E+01
  -.84000000E+00  .13266006E+01
  -.80000000E+00  .13122617E+01
  -.76000000E+00  .12977891E+01
  -.72000000E+00  .12831793E+01
  -.68000000E+00  .12684285E+01
  -.64000000E+00  .12535337E+01
  -.60000000E+00  .12384914E+01
  -.56000000E+00  .12232954E+01
  -.52000000E+00  .12079437E+01
  -.48000000E+00  .11924318E+01
  -.44000000E+00  .11767535E+01
  -.40000000E+00  .11609057E+01
  -.36000000E+00  .11448830E+01
  -.32000000E+00  .11286800E+01
  -.28000000E+00  .11122913E+01
  -.24000000E+00  .10957116E+01
  -.20000000E+00  .10789351E+01
  -.16000000E+00  .10619541E+01
  -.12000000E+00  .10447639E+01
  -.80000000E-01  .10273570E+01
  -.40000000E-01  .10097261E+01
   .12351231E-14  .99186374E+00
   .40000000E-01  .97376208E+00
   .80000000E-01  .95541275E+00
   .12000000E+00  .93680692E+00
   .16000000E+00  .91793534E+00
   .20000000E+00  .89878831E+00
   .24000000E+00  .87935548E+00
   .28000000E+00  .85962591E+00
   .32000000E+00  .83958817E+00
   .36000000E+00  .81923002E+00
   .40000000E+00  .79853852E+00
   .44000000E+00  .77750001E+00
   .48000000E+00  .75609993E+00
   .52000000E+00  .73432279E+00
   .56000000E+00  .71215212E+00
   .60000000E+00  .68957043E+00
   .64000000E+00  .66655900E+00
   .68000000E+00  .64309785E+00
   .72000000E+00  .61916563E+00
   .76000000E+00  .59473948E+00
   .80000000E+00  .56979493E+00
   .84000000E+00  .54430565E+00
   .88000000E+00  .51824335E+00
   .92000000E+00  .49157764E+00
   .96000000E+00  .46427566E+00
   .10000000E+01  .43630200E+00
   .10400000E+01  .40761828E+00
   .10800000E+01  .37818296E+00
   .11200000E+01  .34795094E+00
   .11600000E+01  .31687314E+00
   .12000000E+01  .28489600E+00
   .12400000E+01  .25196130E+00
   .12800000E+01  .21800505E+00
   .13200000E+01  .18295717E+00
   .13600000E+01  .14674070E+00
   .14000000E+01  .10927051E+00
   .14400000E+01  .70452889E-01
   .14800000E+01  .30183817E-01
   .15200000E+01 -.11652201E-01
   .15600000E+01 -.55183906E-01
   .16000000E+01 -.10055524E+00
   .16400000E+01 -.14792764E+00
   .16800000E+01 -.19748289E+00
   .17200000E+01 -.24942635E+00
   .17600000E+01 -.30399104E+00
   .18000000E+01 -.36144244E+00
   .18400000E+01 -.42208441E+00
   .18800000E+01 -.48626643E+00
   .19200000E+01 -.55439252E+00
   .19600000E+01 -.62693239E+00
   .20000000E+01 -.70443553E+00
KBPotential  L  =      1.00000  -2.76933
  -.20000000E+01  .13121564E+01
  -.19600000E+01  .12957440E+01
  -.19200000E+01  .12789558E+01
  -.18800000E+01  .12617371E+01
  -.18400000E+01  .12440147E+01
  -.18000000E+01  .12256896E+01
  -.17600000E+01  .12066236E+01
  -.17200000E+01  .11866157E+01
  -.16800000E+01  .11653621E+01
  -.16400000E+01  .11423752E+01
  -.16000000E+01  .11168211E+01
  -.15600000E+01  .10871359E+01
  -.15200000E+01  .10499925E+01
  -.14800000E+01  .99681596E+00
  -.14400000E+01  .89664973E+00
  -.14000000E+01  .48523277E+00
  -.13600000E+01  .17502062E+01
  -.13200000E+01  .12683398E+01
  -.12800000E+01  .11614823E+01
  -.12400000E+01  .11050878E+01
  -.12000000E+01  .10650607E+01
  -.11600000E+01  .10322295E+01
  -.11200000E+01  .10030830E+01
  -.10800000E+01  .97598041E+00
  -.10400000E+01  .95004616E+00
  -.10000000E+01  .92476512E+00
  -.96000000E+00  .89980957E+00
  -.92000000E+00  .87495675E+00
  -.88000000E+00  .85004555E+00
  -.84000000E+00  .82495316E+00
  -.80000000E+00  .79958033E+00
  -.76000000E+00  .77384291E+00
  -.72000000E+00  .74766616E+00
  -.68000000E+00  .72098078E+00
  -.64000000E+00  .69371999E+00
  -.60000000E+00  .66581745E+00
  -.56000000E+00  .63720558E+00
  -.52000000E+00  .60781396E+00
  -.48000000E+00  .57756792E+00
  -.44000000E+00  .54638729E+00
  -.40000000E+00  .51418492E+00
  -.36000000E+00  .48086510E+00
  -.32000000E+00  .44632192E+00
  -.28000000E+00  .41043673E+00
  -.24000000E+00  .37307697E+00
  -.20000000E+00  .33409261E+00
  -.16000000E+00  .29331287E+00
  -.12000000E+00  .25054244E+00
  -.80000000E-01  .20555650E+00
  -.40000000E-01  .15809461E+00
   .12351231E-14  .10785305E+00
   .40000000E-01  .54475105E-01
   .80000000E-01 -.24611413E-02
   .12000000E+00 -.63458927E-01
   .16000000E+00 -.12912327E+00
   .20000000E+00 -.20018900E+00
   .24000000E+00 -.27755742E+00
   .28000000E+00 -.36234678E+00
   .32000000E+00 -.45596212E+00
   .36000000E+00 -.56019405E+00
   .40000000E+00 -.67736084E+00
   .44000000E+00 -.81052031E+00
   .48000000E+00 -.96378903E+00
   .52000000E+00 -.11428459E+01
   .56000000E+00 -.13557525E+01
   .60000000E+00 -.16143508E+01
   .64000000E+00 -.19367747E+01
   .68000000E+00 -.23522722E+01
   .72000000E+00 -.29112656E+01
   .76000000E+00 -.37087543E+01
   .80000000E+00 -.49475628E+01
   .84000000E+00 -.71519543E+01
   .88000000E+00 -.12222306E+02
   .92000000E+00 -.36569313E+02
   .96000000E+00  .41262632E+02
   .10000000E+01  .13610857E+02
   .10400000E+01  .82754928E+01
   .10800000E+01  .59965547E+01
   .11200000E+01  .47253199E+01
   .11600000E+01  .39095281E+01
   .12000000E+01  .33380150E+01
   .12400000E+01  .29125900E+01
   .12800000E+01  .25813912E+01
   .13200000E+01  .23144417E+01
   .13600000E+01  .20932030E+01
   .14000000E+01  .19055916E+01
   .14400000E+01  .17433915E+01
   .14800000E+01  .16008183E+01
   .15200000E+01  .14736797E+01
   .15600000E+01  .13588600E+01
   .16000000E+01  .12539932E+01
   .16400000E+01  .11572479E+01
   .16800000E+01  .10671822E+01
   .17200000E+01  .98264305E+00
   .17600000E+01  .90269534E+00
   .18000000E+01  .82657042E+00
   .18400000E+01  .75362847E+00
   .18800000E+01  .68333052E+00
   .19200000E+01  .61521693E+00
   .19600000E+01  .54889130E+00
   .20000000E+01  .48400760E+00
KBPotential  L  =       .00000   -.35761
  -.20000000E+01  .12719835E+01
  -.19600000E+01  .12559872E+01
  -.19200000E+01  .12397831E+01
  -.18800000E+01  .12233633E+01
  -.18400000E+01  .12067192E+01
  -.18000000E+01  .11898418E+01
  -.17600000E+01  .11727216E+01
  -.17200000E+01  .11553483E+01
  -.16800000E+01  .11377108E+01
  -.16400000E+01  .11197976E+01
  -.16000000E+01  .11015961E+01
  -.15600000E+01  .10830929E+01
  -.15200000E+01  .10642735E+01
  -.14800000E+01  .10451224E+01
  -.14400000E+01  .10256228E+01
  -.14000000E+01  .10057568E+01
  -.13600000E+01  .98550471E+00
  -.13200000E+01  .96484538E+00
  -.12800000E+01  .94375581E+00
  -.12400000E+01  .92221098E+00
  -.12000000E+01  .90018359E+00
  -.11600000E+01  .87764378E+00
  -.11200000E+01  .85455886E+00
  -.10800000E+01  .83089292E+00
  -.10400000E+01  .80660639E+00
  -.10000000E+01  .78165558E+00
  -.96000000E+00  .75599208E+00
  -.92000000E+00  .72956211E+00
  -.88000000E+00  .70230574E+00
  -.84000000E+00  .67415589E+00
  -.80000000E+00  .64503730E+00
  -.76000000E+00  .61486517E+00
  -.72000000E+00  .58354350E+00
  -.68000000E+00  .55096323E+00
  -.64000000E+00  .51699985E+00
  -.60000000E+00  .48151052E+00
  -.56000000E+00  .44433049E+00
  -.52000000E+00  .40526867E+00
  -.48000000E+00  .36410209E+00
  -.44000000E+00  .32056880E+00
  -.40000000E+00  .27435894E+00
  -.36000000E+00  .22510309E+00
  -.32000000E+00  .17235707E+00
  -.28000000E+00  .11558185E+00
  -.24000000E+00  .54116629E-01
  -.20000000E+00 -.12857931E-01
  -.16000000E+00 -.86370545E-01
  -.12000000E+00 -.16773116E+00
  -.80000000E-01 -.25863462E+00
  -.40000000E-01 -.36131378E+00
   .12351231E-14 -.47877230E+00
   .40000000E-01 -.61514965E+00
   .80000000E-01 -.77631561E+00
   .12000000E+00 -.97088183E+00
   .16000000E+00 -.12120179E+01
   .20000000E+00 -.15209317E+01
   .24000000E+00 -.19341160E+01
   .28000000E+00 -.25201638E+01
   .32000000E+00 -.34250572E+01
   .36000000E+00 -.50243232E+01
   .40000000E+00 -.86670631E+01
   .44000000E+00 -.25652252E+02
   .48000000E+00  .31451426E+02
   .52000000E+00  .10164414E+02
   .56000000E+00  .61632802E+01
   .60000000E+00  .44312000E+01
   .64000000E+00  .33675222E+01
   .68000000E+00 -.42709532E+02
   .72000000E+00  .28179991E+01
   .76000000E+00  .23767262E+01
   .80000000E+00  .20861002E+01
   .84000000E+00  .18628328E+01
   .88000000E+00  .16810802E+01
   .92000000E+00  .15278897E+01
   .96000000E+00  .13954759E+01
   .10000000E+01  .12787121E+01
   .10400000E+01  .11740277E+01
   .10800000E+01  .10788359E+01
   .11200000E+01  .99120519E+00
   .11600000E+01  .90965751E+00
   .12000000E+01  .83303718E+00
   .12400000E+01  .76042428E+00
   .12800000E+01  .69107338E+00
   .13200000E+01  .62437136E+00
   .13600000E+01  .55980547E+00
   .14000000E+01  .49694242E+00
   .14400000E+01  .43540837E+00
   .14800000E+01  .37487733E+00
   .15200000E+01  .31506058E+00
   .15600000E+01  .25569858E+00
   .16000000E+01  .19655438E+00
   .16400000E+01  .13740816E+00
   .16800000E+01  .78052898E-01
   .17200000E+01  .18290346E-01
   .17600000E+01 -.42072199E-01
   .18000000E+01 -.10322496E+00
   .18400000E+01 -.16535839E+00
   .18800000E+01 -.22866604E+00
   .19200000E+01 -.29334707E+00
   .19600000E+01 -.35960906E+00
   .20000000E+01 -.42767066E+00
KBPotential  L  =      2.00000   -.00113
  -.20000000E+01  .14159212E+01
  -.19600000E+01  .14017753E+01
  -.19200000E+01  .13874857E+01
  -.18800000E+01  .13730479E+01
  -.18400000E+01  .13584569E+01
  -.18000000E+01  .13437079E+01
  -.17600000E+01  .13287953E+01
  -.17200000E+01  .13137135E+01
  -.16800000E+01  .12984564E+01
  -.16400000E+01  .12830178E+01
  -.16000000E+01  .12673907E+01
  -.15600000E+01  .12515678E+01
  -.15200000E+01  .12355415E+01
  -.14800000E+01  .12193034E+01
  -.14400000E+01  .12028445E+01
  -.14000000E+01  .11861555E+01
  -.13600000E+01  .11692259E+01
  -.13200000E+01  .11520447E+01
  -.12800000E+01  .11345998E+01
  -.12400000E+01  .11168784E+01
  -.12000000E+01  .10988662E+01
  -.11600000E+01  .10805478E+01
  -.11200000E+01  .10619065E+01
  -.10800000E+01  .10429238E+01
  -.10400000E+01  .10235794E+01
  -.10000000E+01  .10038509E+01
  -.96000000E+00  .98371347E+00
  -.92000000E+00  .96313956E+00
  -.88000000E+00  .94209833E+00
  -.84000000E+00  .92055520E+00
  -.80000000E+00  .89847119E+00
  -.76000000E+00  .87580212E+00
  -.72000000E+00  .85249767E+00
  -.68000000E+00  .82850017E+00
  -.64000000E+00  .80374308E+00
  -.60000000E+00  .77814917E+00
  -.56000000E+00  .75162806E+00
  -.52000000E+00  .72407319E+00
  -.48000000E+00  .69535782E+00
  -.44000000E+00  .66532973E+00
  -.40000000E+00  .63380424E+00
  -.36000000E+00  .60055465E+00
  -.32000000E+00  .56529920E+00
  -.28000000E+00  .52768266E+00
  -.24000000E+00  .48725005E+00
  -.20000000E+00  .44340808E+00
  -.16000000E+00  .39536719E+00
  -.12000000E+00  .34205161E+00
  -.80000000E-01  .28195470E+00
  -.40000000E-01  .21289671E+00
   .12351231E-14  .13159787E+00
   .40000000E-01  .32878705E-01
   .80000000E-01 -.91954936E-01
   .12000000E+00 -.25871717E+00
   .16000000E+00 -.49952777E+00
   .20000000E+00 -.89117285E+00
   .24000000E+00 -.16742330E+01
   .28000000E+00 -.41894818E+01
   .32000000E+00  .32988531E+02
   .36000000E+00  .40473085E+01
   .40000000E+00  .23130598E+01
   .44000000E+00  .16697756E+01
   .48000000E+00  .13235543E+01
   .52000000E+00  .11000421E+01
   .56000000E+00  .93871039E+00
   .60000000E+00  .81297977E+00
   .64000000E+00  .70932645E+00
   .68000000E+00  .62012609E+00
   .72000000E+00  .54073772E+00
   .76000000E+00  .46815964E+00
   .80000000E+00  .40035057E+00
   .84000000E+00  .33586024E+00
   .88000000E+00  .27361654E+00
   .92000000E+00  .21279690E+00
   .96000000E+00  .15274586E+00
   .10000000E+01  .92922768E-01
   .10400000E+01  .32863888E-01
   .10800000E+01 -.27844079E-01
   .11200000E+01 -.89578398E-01
   .11600000E+01 -.15270298E+00
   .12000000E+01 -.21757517E+00
   .12400000E+01 -.28455759E+00
   .12800000E+01 -.35402858E+00
   .13200000E+01 -.42639096E+00
   .13600000E+01 -.50208302E+00
   .14000000E+01 -.58158876E+00
   .14400000E+01 -.66545218E+00
   .14800000E+01 -.75429047E+00
   .15200000E+01 -.84881450E+00
   .15600000E+01 -.94985008E+00
   .16000000E+01 -.10583677E+01
   .16400000E+01 -.11755193E+01
   .16800000E+01 -.13026873E+01
   .17200000E+01 -.14415466E+01
   .17600000E+01 -.15941527E+01
   .18000000E+01 -.17630565E+01
   .18400000E+01 -.19514682E+01
   .18800000E+01 -.21634867E+01
   .19200000E+01 -.24044347E+01
   .19600000E+01 -.26813534E+01
   .20000000E+01 -.30037612E+01
KBPotential  L  =      3.00000    .00000
  -.20000000E+01  .15445640E+01
  -.19600000E+01  .15318062E+01
  -.19200000E+01  .15189480E+01
  -.18800000E+01  .15059871E+01
  -.18400000E+01  .14929212E+01
  -.18000000E+01  .14797477E+01
  -.17600000E+01  .14664642E+01
  -.17200000E+01  .14530679E+01
  -.16800000E+01  .14395562E+01
  -.16400000E+01  .14259262E+01
  -.16000000E+01  .14121751E+01
  -.15600000E+01  .13982994E+01
  -.15200000E+01  .13842961E+01
  -.14800000E+01  .13701619E+01
  -.14400000E+01  .13558933E+01
  -.14000000E+01  .13414867E+01
  -.13600000E+01  .13269382E+01
  -.13200000E+01  .13122438E+01
  -.12800000E+01  .12973995E+01
  -.12400000E+01  .12824010E+01
  -.12000000E+01  .12672437E+01
  -.11600000E+01  .12519229E+01
  -.11200000E+01  .12364336E+01
  -.10800000E+01  .12207707E+01
  -.10400000E+01  .12049286E+01
  -.10000000E+01  .11889018E+01
  -.96000000E+00  .11726842E+01
  -.92000000E+00  .11562694E+01
  -.88000000E+00  .11396509E+01
  -.84000000E+00  .11228216E+01
  -.80000000E+00  .11057743E+01
  -.76000000E+00  .10885010E+01
  -.72000000E+00  .10709938E+01
  -.68000000E+00  .10532438E+01
  -.64000000E+00  .10352419E+01
  -.60000000E+00  .10169784E+01
  -.56000000E+00  .99844311E+00
  -.52000000E+00  .97962504E+00
  -.48000000E+00  .96051264E+00
  -.44000000E+00  .94109359E+00
  -.40000000E+00  .92135478E+00
  -.36000000E+00  .90128224E+00
  -.32000000E+00  .88086106E+00
  -.28000000E+00  .86007531E+00
  -.24000000E+00  .83890795E+00
  -.20000000E+00  .81734072E+00
  -.16000000E+00  .79535402E+00
  -.12000000E+00  .77292678E+00
  -.80000000E-01  .75003636E+00
  -.40000000E-01  .72665832E+00
   .12351231E-14  .70276627E+00
   .40000000E-01  .67833169E+00
   .80000000E-01  .65332365E+00
   .12000000E+00  .62770859E+00
   .16000000E+00  .60144999E+00
   .20000000E+00  .57450803E+00
   .24000000E+00  .54683925E+00
   .28000000E+00  .51839602E+00
   .32000000E+00  .48912611E+00
   .36000000E+00  .45897204E+00
   .40000000E+00  .42787041E+00
   .44000000E+00  .39575111E+00
   .48000000E+00  .36253638E+00
   .52000000E+00  .32813972E+00
   .56000000E+00  .29246458E+00
   .60000000E+00  .25540286E+00
   .64000000E+00  .21683310E+00
   .68000000E+00  .17661829E+00
   .72000000E+00  .13460331E+00
   .76000000E+00  .90611695E-01
   .80000000E+00  .44441899E-01
   .84000000E+00 -.41374321E-02
   .88000000E+00 -.55393251E-01
   .92000000E+00 -.10963530E+00
   .96000000E+00 -.16722511E+00
   .10000000E+01 -.22858739E+00
   .10400000E+01 -.29422456E+00
   .10800000E+01 -.36473555E+00
   .11200000E+01 -.44084022E+00
   .11600000E+01 -.52341175E+00
   .12000000E+01 -.61351989E+00
   .12400000E+01 -.71248988E+00
   .12800000E+01 -.82198382E+00
   .13200000E+01 -.94411535E+00
   .13600000E+01 -.10816146E+01
   .14000000E+01 -.12380710E+01
   .14400000E+01 -.14183013E+01
   .14800000E+01 -.16289237E+01
   .15200000E+01 -.18792883E+01
   .15600000E+01 -.21830496E+01
   .16000000E+01 -.25609690E+01
   .16400000E+01 -.30462320E+01
   .16800000E+01 -.36953812E+01
   .17200000E+01 -.46132608E+01
   .17600000E+01 -.60186109E+01
   .18000000E+01 -.84564172E+01
   .18400000E+01 -.13767841E+02
   .18800000E+01 -.34595829E+02
   .19200000E+01  .75344990E+02
   .19600000E+01  .18447223E+02
   .20000000E+01  .10617024E+02
KBPotential  L  =      4.00000    .00000
  -.20000000E+01  .16959728E+01
  -.19600000E+01  .16844577E+01
  -.19200000E+01  .16728676E+01
  -.18800000E+01  .16612056E+01
  -.18400000E+01  .16494671E+01
  -.18000000E+01  .16376513E+01
  -.17600000E+01  .16257588E+01
  -.17200000E+01  .16137853E+01
  -.16800000E+01  .16017321E+01
  -.16400000E+01  .15895946E+01
  -.16000000E+01  .15773739E+01
  -.15600000E+01  .15650678E+01
  -.15200000E+01  .15526726E+01
  -.14800000E+01  .15401895E+01
  -.14400000E+01  .15276137E+01
  -.14000000E+01  .15149464E+01
  -.13600000E+01  .15021822E+01
  -.13200000E+01  .14893229E+01
  -.12800000E+01  .14763634E+01
  -.12400000E+01  .14633021E+01
  -.12000000E+01  .14501389E+01
  -.11600000E+01  .14368685E+01
  -.11200000E+01  .14234904E+01
  -.10800000E+01  .14100027E+01
  -.10400000E+01  .13964003E+01
  -.10000000E+01  .13826839E+01
  -.96000000E+00  .13688482E+01
  -.92000000E+00  .13548911E+01
  -.88000000E+00  .13408097E+01
  -.84000000E+00  .13266006E+01
  -.80000000E+00  .13122617E+01
  -.76000000E+00  .12977891E+01
  -.72000000E+00  .12831793E+01
  -.68000000E+00  .12684285E+01
  -.64000000E+00  .12535337E+01
  -.60000000E+00  .12384914E+01
  -.56000000E+00  .12232954E+01
  -.52000000E+00  .12079437E+01
  -.48000000E+00  .11924318E+01
  -.44000000E+00  .11767535E+01
  -.40000000E+00  .11609057E+01
  -.36000000E+00  .11448830E+01
  -.32000000E+00  .11286800E+01
  -.28000000E+00  .11122913E+01
  -.24000000E+00  .10957116E+01
  -.20000000E+00  .10789351E+01
  -.16000000E+00  .10619541E+01
  -.12000000E+00  .10447639E+01
  -.80000000E-01  .10273570E+01
  -.40000000E-01  .10097261E+01
   .12351231E-14  .99186374E+00
   .40000000E-01  .97376208E+00
   .80000000E-01  .95541275E+00
   .12000000E+00  .93680692E+00
   .16000000E+00  .91793534E+00
   .20000000E+00  .89878831E+00
   .24000000E+00  .87935548E+00
   .28000000E+00  .85962591E+00
   .32000000E+00  .83958817E+00
   .36000000E+00  .81923002E+00
   .40000000E+00  .79853852E+00
   .44000000E+00  .77750001E+00
   .48000000E+00  .75609993E+00
   .52000000E+00  .73432279E+00
   .56000000E+00  .71215212E+00
   .60000000E+00  .68957043E+00
   .64000000E+00  .66655900E+00
   .68000000E+00  .64309785E+00
   .72000000E+00  .61916563E+00
   .76000000E+00  .59473948E+00
   .80000000E+00  .56979493E+00
   .84000000E+00  .54430565E+00
   .88000000E+00  .51824335E+00
   .92000000E+00  .49157764E+00
   .96000000E+00  .46427566E+00
   .10000000E+01  .43630200E+00
   .10400000E+01  .40761828E+00
   .10800000E+01  .37818296E+00
   .11200000E+01  .34795094E+00
   .11600000E+01  .31687314E+00
   .12000000E+01  .28489600E+00
   .12400000E+01  .25196130E+00
   .12800000E+01  .21800505E+00
   .13200000E+01  .18295717E+00
   .13600000E+01  .14674070E+00
   .14000000E+01  .10927051E+00
   .14400000E+01  .70452889E-01
   .14800000E+01  .30183817E-01
   .15200000E+01 -.11652201E-01
   .15600000E+01 -.55183906E-01
   .16000000E+01 -.10055524E+00
   .16400000E+01 -.14792764E+00
   .16800000E+01 -.19748289E+00
   .17200000E+01 -.24942635E+00
   .17600000E+01 -.30399104E+00
   .18000000E+01 -.36144244E+00
   .18400000E+01 -.42208441E+00
   .18800000E+01 -.48626643E+00
   .19200000E+01 -.55439252E+00
   .19600000E+01 -.62693239E+00
   .20000000E+01 -.70443553E+00
