Ga: s2p1                                
  .288964874E-02  .292730957E-02  .296546049E-02  .300410784E-02  .304325807E-02
  .308291772E-02  .312309338E-02  .316379177E-02  .320501966E-02  .324678393E-02
  .328909154E-02  .333194953E-02  .337536506E-02  .341934535E-02  .346389774E-02
  .350902964E-02  .355474858E-02  .360106217E-02  .364797812E-02  .369550426E-02
  .374364848E-02  .379241882E-02  .384182339E-02  .389187042E-02  .394256824E-02
  .399392528E-02  .404595011E-02  .409865137E-02  .415203784E-02  .420611840E-02
  .426090205E-02  .431639790E-02  .437261519E-02  .442956328E-02  .448725162E-02
  .454568982E-02  .460488759E-02  .466485478E-02  .472560137E-02  .478713744E-02
  .484947323E-02  .491261910E-02  .497658554E-02  .504138319E-02  .510702282E-02
  .517351533E-02  .524087176E-02  .530910331E-02  .537822132E-02  .544823725E-02
  .551916275E-02  .559100958E-02  .566378968E-02  .573751513E-02  .581219817E-02
  .588785119E-02  .596448676E-02  .604211758E-02  .612075655E-02  .620041671E-02
  .628111126E-02  .636285362E-02  .644565731E-02  .652953609E-02  .661450386E-02
  .670057471E-02  .678776291E-02  .687608290E-02  .696554934E-02  .705617704E-02
  .714798103E-02  .724097651E-02  .733517890E-02  .743060380E-02  .752726701E-02
  .762518454E-02  .772437261E-02  .782484763E-02  .792662625E-02  .802972531E-02
  .813416188E-02  .823995323E-02  .834711687E-02  .845567054E-02  .856563219E-02
  .867702000E-02  .878985241E-02  .890414806E-02  .901992586E-02  .913720495E-02
  .925600470E-02  .937634476E-02  .949824502E-02  .962172560E-02  .974680692E-02
  .987350963E-02  .100018547E-01  .101318632E-01  .102635567E-01  .103969570E-01
  .105320860E-01  .106689660E-01  .108076197E-01  .109480698E-01  .110903397E-01
  .112344527E-01  .113804326E-01  .115283035E-01  .116780897E-01  .118298160E-01
  .119835074E-01  .121391891E-01  .122968869E-01  .124566267E-01  .126184349E-01
  .127823380E-01  .129483631E-01  .131165375E-01  .132868889E-01  .134594453E-01
  .136342351E-01  .138112871E-01  .139906304E-01  .141722945E-01  .143563092E-01
  .145427049E-01  .147315122E-01  .149227621E-01  .151164860E-01  .153127157E-01
  .155114836E-01  .157128222E-01  .159167646E-01  .161233443E-01  .163325953E-01
  .165445517E-01  .167592485E-01  .169767209E-01  .171970045E-01  .174201354E-01
  .176461503E-01  .178750862E-01  .181069806E-01  .183418715E-01  .185797975E-01
  .188207974E-01  .190649109E-01  .193121777E-01  .195626385E-01  .198163342E-01
  .200733063E-01  .203335970E-01  .205972487E-01  .208643045E-01  .211348083E-01
  .214088041E-01  .216863368E-01  .219674517E-01  .222521948E-01  .225406125E-01
  .228327520E-01  .231286609E-01  .234283876E-01  .237319810E-01  .240394907E-01
  .243509667E-01  .246664599E-01  .249860217E-01  .253097043E-01  .256375604E-01
  .259696433E-01  .263060073E-01  .266467071E-01  .269917981E-01  .273413365E-01
  .276953793E-01  .280539841E-01  .284172091E-01  .287851135E-01  .291577570E-01
  .295352003E-01  .299175047E-01  .303047323E-01  .306969459E-01  .310942094E-01
  .314965871E-01  .319041445E-01  .323169476E-01  .327350633E-01  .331585596E-01
  .335875050E-01  .340219692E-01  .344620224E-01  .349077360E-01  .353591822E-01
  .358164341E-01  .362795657E-01  .367486519E-01  .372237686E-01  .377049927E-01
  .381924020E-01  .386860753E-01  .391860923E-01  .396925338E-01  .402054817E-01
  .407250187E-01  .412512286E-01  .417841965E-01  .423240082E-01  .428707508E-01
  .434245125E-01  .439853825E-01  .445534512E-01  .451288100E-01  .457115516E-01
  .463017698E-01  .468995596E-01  .475050171E-01  .481182397E-01  .487393260E-01
  .493683758E-01  .500054900E-01  .506507711E-01  .513043227E-01  .519662496E-01
  .526366580E-01  .533156554E-01  .540033507E-01  .546998542E-01  .554052773E-01
  .561197332E-01  .568433360E-01  .575762018E-01  .583184476E-01  .590701922E-01
  .598315559E-01  .606026602E-01  .613836283E-01  .621745851E-01  .629756566E-01
  .637869708E-01  .646086570E-01  .654408464E-01  .662836714E-01  .671372665E-01
  .680017675E-01  .688773121E-01  .697640396E-01  .706620910E-01  .715716093E-01
  .724927388E-01  .734256261E-01  .743704192E-01  .753272681E-01  .762963247E-01
  .772777427E-01  .782716777E-01  .792782872E-01  .802977306E-01  .813301695E-01
  .823757672E-01  .834346891E-01  .845071027E-01  .855931776E-01  .866930853E-01
  .878069995E-01  .889350960E-01  .900775530E-01  .912345505E-01  .924062709E-01
  .935928989E-01  .947946214E-01  .960116275E-01  .972441087E-01  .984922589E-01
  .997562743E-01  .101036353E+00  .102332697E+00  .103645509E+00  .104974996E+00
  .106321365E+00  .107684828E+00  .109065598E+00  .110463891E+00  .111879927E+00
  .113313927E+00  .114766114E+00  .116236716E+00  .117725963E+00  .119234087E+00
  .120761323E+00  .122307909E+00  .123874087E+00  .125460100E+00  .127066195E+00
  .128692621E+00  .130339633E+00  .132007485E+00  .133696437E+00  .135406751E+00
  .137138693E+00  .138892530E+00  .140668534E+00  .142466981E+00  .144288149E+00
  .146132319E+00  .147999777E+00  .149890811E+00  .151805713E+00  .153744779E+00
  .155708307E+00  .157696600E+00  .159709964E+00  .161748709E+00  .163813149E+00
  .165903601E+00  .168020387E+00  .170163830E+00  .172334260E+00  .174532010E+00
  .176757417E+00  .179010820E+00  .181292565E+00  .183603001E+00  .185942480E+00
  .188311361E+00  .190710004E+00  .193138775E+00  .195598044E+00  .198088186E+00
  .200609579E+00  .203162607E+00  .205747657E+00  .208365123E+00  .211015401E+00
  .213698892E+00  .216416005E+00  .219167148E+00  .221952740E+00  .224773200E+00
  .227628956E+00  .230520436E+00  .233448078E+00  .236412323E+00  .239413617E+00
  .242452411E+00  .245529163E+00  .248644333E+00  .251798390E+00  .254991807E+00
  .258225061E+00  .261498637E+00  .264813025E+00  .268168719E+00  .271566221E+00
  .275006037E+00  .278488680E+00  .282014669E+00  .285584529E+00  .289198789E+00
  .292857987E+00  .296562666E+00  .300313374E+00  .304110668E+00  .307955110E+00
  .311847267E+00  .315787714E+00  .319777034E+00  .323815813E+00  .327904647E+00
  .332044138E+00  .336234894E+00  .340477530E+00  .344772669E+00  .349120940E+00
  .353522979E+00  .357979432E+00  .362490948E+00  .367058187E+00  .371681815E+00
  .376362504E+00  .381100936E+00  .385897799E+00  .390753791E+00  .395669615E+00
  .400645984E+00  .405683619E+00  .410783246E+00  .415945603E+00  .421171435E+00
  .426461494E+00  .431816541E+00  .437237348E+00  .442724691E+00  .448279359E+00
  .453902146E+00  .459593858E+00  .465355308E+00  .471187318E+00  .477090720E+00
  .483066355E+00  .489115072E+00  .495237732E+00  .501435202E+00  .507708361E+00
  .514058096E+00  .520485306E+00  .526990896E+00  .533575786E+00  .540240902E+00
  .546987180E+00  .553815569E+00  .560727026E+00  .567722519E+00  .574803027E+00
  .581969538E+00  .589223052E+00  .596564579E+00  .603995141E+00  .611515770E+00
  .619127508E+00  .626831410E+00  .634628542E+00  .642519980E+00  .650506813E+00
  .658590140E+00  .666771072E+00  .675050733E+00  .683430259E+00  .691910794E+00
  .700493500E+00  .709179546E+00  .717970116E+00  .726866405E+00  .735869622E+00
  .744980988E+00  .754201736E+00  .763533112E+00  .772976374E+00  .782532796E+00
  .792203662E+00  .801990270E+00  .811893933E+00  .821915974E+00  .832057734E+00
  .842320563E+00  .852705828E+00  .863214909E+00  .873849199E+00  .884610107E+00
  .895499054E+00  .906517476E+00  .917666825E+00  .928948566E+00  .940364178E+00
  .951915156E+00  .963603010E+00  .975429264E+00  .987395457E+00  .999503144E+00
  .101175389E+01  .102414929E+01  .103669094E+01  .104938046E+01  .106221948E+01
  .107520964E+01  .108835261E+01  .110165007E+01  .111510372E+01  .112871527E+01
  .114248645E+01  .115641900E+01  .117051469E+01  .118477529E+01  .119920259E+01
  .121379842E+01  .122856460E+01  .124350298E+01  .125861542E+01  .127390381E+01
  .128937003E+01  .130501601E+01  .132084368E+01  .133685499E+01  .135305192E+01
  .136943644E+01  .138601057E+01  .140277632E+01  .141973575E+01  .143689090E+01
  .145424387E+01  .147179673E+01  .148955162E+01  .150751067E+01  .152567602E+01
  .154404986E+01  .156263436E+01  .158143175E+01  .160044426E+01  .161967412E+01
  .163912361E+01  .165879502E+01  .167869065E+01  .169881283E+01  .171916391E+01
  .173974625E+01  .176056224E+01  .178161428E+01  .180290480E+01  .182443624E+01
  .184621107E+01  .186823178E+01  .189050087E+01  .191302087E+01  .193579432E+01
  .195882379E+01  .198211188E+01  .200566117E+01  .202947431E+01  .205355394E+01
  .207790274E+01  .210252338E+01  .212741859E+01  .215259109E+01  .217804363E+01
  .220377900E+01  .222979997E+01  .225610937E+01  .228271002E+01  .230960479E+01
  .233679656E+01  .236428821E+01  .239208266E+01  .242018286E+01  .244859177E+01
  .247731236E+01  .250634763E+01  .253570061E+01  .256537434E+01  .259537188E+01
  .262569631E+01  .265635074E+01  .268733829E+01  .271866211E+01  .275032537E+01
  .278233124E+01  .281468293E+01  .284738367E+01  .288043671E+01  .291384531E+01
  .294761276E+01  .298174235E+01  .301623743E+01  .305110133E+01  .308633741E+01
  .312194906E+01  .315793969E+01  .319431271E+01  .323107157E+01  .326821972E+01
  .330576064E+01  .334369783E+01  .338203481E+01  .342077510E+01  .345992226E+01
  .349947986E+01  .353945147E+01  .357984071E+01  .362065120E+01  .366188656E+01
  .370355046E+01  .374564656E+01  .378817855E+01  .383115013E+01  .387456501E+01
  .391842693E+01  .396273964E+01  .400750688E+01  .405273246E+01  .409842014E+01
  .414457373E+01  .419119705E+01  .423829392E+01  .428586820E+01  .433392372E+01
  .438246436E+01  .443149399E+01  .448101650E+01  .453103579E+01  .458155576E+01
  .463258032E+01  .468411341E+01  .473615896E+01  .478872091E+01  .484180321E+01
  .489540981E+01  .494954469E+01  .500421180E+01  .505941512E+01  .511515864E+01
  .517144632E+01  .522828217E+01  .528567016E+01  .534361429E+01  .540211856E+01
  .546118695E+01  .552082346E+01  .558103209E+01  .564181682E+01  .570318165E+01
  .576513056E+01  .582766754E+01  .589079657E+01  .595452163E+01  .601884667E+01
  .608377567E+01  .614931258E+01  .621546134E+01  .628222590E+01  .634961017E+01
  .641761808E+01  .648625352E+01  .655552039E+01  .662542257E+01  .669596391E+01
  .676714825E+01  .683897944E+01  .691146126E+01  .698459753E+01  .705839200E+01
  .713284842E+01  .720797052E+01  .728376200E+01  .736022654E+01  .743736779E+01
  .751518936E+01  .759369486E+01  .767288784E+01  .775277185E+01  .783335037E+01
  .791462688E+01  .799660481E+01  .807928755E+01  .816267845E+01  .824678084E+01
  .833159799E+01  .841713313E+01  .850338945E+01  .859037010E+01  .867807816E+01
  .876651670E+01  .885568870E+01  .894559712E+01  .903624484E+01  .912763471E+01
  .921976950E+01  .931265194E+01  .940628468E+01  .950067034E+01  .959581144E+01
  .969171047E+01  .978836981E+01  .988579182E+01  .998397874E+01  .100829328E+02
  .101826560E+02  .102831506E+02  .103844183E+02  .104864612E+02  .105892810E+02
  .106928794E+02  .107972580E+02  .109024185E+02  .110083621E+02  .111150904E+02
  .112226044E+02  .113309055E+02  .114399947E+02  .115498728E+02  .116605409E+02
  .117719995E+02  .118842495E+02  .119972912E+02  .121111251E+02  .122257516E+02
  .123411707E+02  .124573826E+02  .125743872E+02  .126921844E+02  .128107737E+02
  .129301548E+02  .130503271E+02  .131712899E+02  .132930423E+02  .134155834E+02
  .135389120E+02  .136630269E+02  .137879266E+02  .139136095E+02  .140400740E+02
  .141673182E+02  .142953400E+02  .144241373E+02  .145537076E+02  .146840485E+02
  .148151573E+02  .149470311E+02  .150796669E+02  .152130614E+02  .153472113E+02
  .154821130E+02  .156177628E+02  .157541567E+02  .158912905E+02  .160291601E+02
  .161677607E+02  .163070878E+02  .164471364E+02  .165879014E+02  .167293775E+02
  .168715591E+02  .170144405E+02  .171580158E+02  .173022788E+02  .174472230E+02
  .175928419E+02  .177391288E+02  .178860763E+02  .180336775E+02  .181819246E+02
  .183308099E+02  .184803256E+02  .186304632E+02  .187812144E+02  .189325705E+02
  .190845226E+02  .192370613E+02  .193901773E+02  .195438608E+02  .196981019E+02
  .198528905E+02  .200082159E+02  .201640675E+02  .203204343E+02  .204773050E+02
  .206346682E+02  .207925119E+02  .209508241E+02  .211095926E+02  .212688046E+02
  .214284473E+02  .215885075E+02  .217489719E+02  .219098266E+02  .220710576E+02
  .222326507E+02  .223945913E+02  .225568646E+02  .227194554E+02  .228823482E+02
  .230455274E+02  .232089769E+02  .233726805E+02  .235366216E+02  .237007833E+02
  .238651484E+02  .240296995E+02  .241944188E+02  .243592883E+02  .245242897E+02
  .246894043E+02  .248546133E+02  .250198974E+02  .251852371E+02  .253506127E+02
  .255160040E+02  .256813908E+02  .258467524E+02  .260120678E+02  .261773159E+02
  .263424752E+02  .265075238E+02  .266724398E+02  .268372007E+02  .270017840E+02
  .271661669E+02  .273303261E+02  .274942382E+02  .276578797E+02  .278212264E+02
  .279842543E+02  .281469388E+02  .283092554E+02  .284711789E+02  .286326842E+02
  .287937459E+02  .289543382E+02  .291144354E+02  .292740112E+02  .294330392E+02
  .295914931E+02  .297493458E+02  .299065705E+02  .300631399E+02  .302190267E+02
  .303742033E+02  .305286419E+02  .306823146E+02  .308351933E+02  .309872498E+02
  .311384556E+02  .312887822E+02  .314382009E+02  .315866828E+02  .317341989E+02
  .318807203E+02  .320262178E+02  .321706620E+02  .323140237E+02  .324562733E+02
  .325973815E+02  .327373185E+02  .328760549E+02  .330135610E+02  .331498070E+02
  .332847634E+02  .334184004E+02  .335506883E+02  .336815975E+02  .338110983E+02
  .339391612E+02  .340657565E+02  .341908549E+02  .343144269E+02  .344364432E+02
  .345568747E+02  .346756923E+02  .347928670E+02  .349083700E+02  .350221728E+02
  .351342469E+02  .352445641E+02  .353530962E+02  .354598155E+02  .355646944E+02
  .356677055E+02  .357688219E+02  .358680167E+02  .359652635E+02  .360605361E+02
  .361538088E+02  .362450559E+02  .363342526E+02  .364213740E+02  .365063959E+02
  .365892944E+02  .366700460E+02  .367486278E+02  .368250174E+02  .368991925E+02
  .369711319E+02  .370408145E+02  .371082200E+02  .371733284E+02  .372361205E+02
  .372965777E+02  .373546820E+02  .374104160E+02  .374637629E+02  .375147067E+02
  .375632321E+02  .376093245E+02  .376529700E+02  .376941554E+02  .377328686E+02
  .377690978E+02  .378028324E+02  .378340624E+02  .378627789E+02  .378889737E+02
  .379126395E+02  .379337699E+02  .379523595E+02  .379684038E+02  .379818992E+02
  .379928432E+02  .380012343E+02  .380070719E+02  .380103565E+02  .380110896E+02
  .380092739E+02  .380049130E+02  .379980118E+02  .379885762E+02  .379766132E+02
  .379621309E+02  .379451388E+02  .379256474E+02  .379036683E+02  .378792145E+02
  .378523001E+02  .378229404E+02  .377911522E+02  .377569530E+02  .377203622E+02
  .376814000E+02  .376400881E+02  .375964494E+02  .375505083E+02  .375022901E+02
  .374518218E+02  .373991316E+02  .373442490E+02  .372872047E+02  .372280310E+02
  .371667613E+02  .371034305E+02  .370380748E+02  .369707318E+02  .369014401E+02
  .368302402E+02  .367571735E+02  .366822829E+02  .366056126E+02  .365272083E+02
  .364471167E+02  .363653861E+02  .362820659E+02  .361972070E+02  .361108614E+02
  .360230827E+02  .359339252E+02  .358434451E+02  .357516994E+02  .356587465E+02
  .355646460E+02  .354694586E+02  .353732464E+02  .352760724E+02  .351780009E+02
  .350790973E+02  .349794279E+02  .348790603E+02  .347780631E+02  .346765058E+02
  .345744589E+02  .344719941E+02  .343691837E+02  .342661010E+02  .341628202E+02
  .340594165E+02  .339559653E+02  .338525436E+02  .337492283E+02  .336460976E+02
  .335432299E+02  .334407046E+02  .333386011E+02  .332369999E+02  .331359816E+02
  .330356273E+02  .329360185E+02  .328372370E+02  .327393648E+02  .326424842E+02
  .325466776E+02  .324520277E+02  .323586170E+02  .322665281E+02  .321758436E+02
  .320866459E+02  .319990173E+02  .319130399E+02  .318287953E+02  .317463651E+02
  .316658302E+02  .315872711E+02  .315107678E+02  .314363997E+02  .313642454E+02
  .312943831E+02  .312268897E+02  .311618417E+02  .310993143E+02  .310393822E+02
  .309821183E+02  .309275951E+02  .308758834E+02  .308270529E+02  .307811721E+02
  .307383077E+02  .306985253E+02  .306618888E+02  .306284604E+02  .305983008E+02
  .305714688E+02  .305480213E+02  .305280136E+02  .305114987E+02  .304985277E+02
  .304891496E+02  .304834114E+02  .304813576E+02  .304830304E+02  .304884700E+02
  .304977137E+02  .305107966E+02  .305277511E+02  .305486072E+02  .305733920E+02
  .306021300E+02  .306348427E+02  .306715492E+02  .307122651E+02  .307570035E+02
  .308057744E+02  .308585847E+02  .309154380E+02  .309763351E+02  .310412734E+02
  .311102471E+02  .311832471E+02  .312602611E+02  .313412732E+02  .314262644E+02
  .315152120E+02  .316080902E+02  .317048693E+02  .318055165E+02  .319099953E+02
  .320182655E+02  .321302837E+02  .322460026E+02  .323653716E+02  .324883364E+02
  .326148390E+02  .327448179E+02  .328782082E+02  .330149411E+02  .331549444E+02
  .332981425E+02  .334444559E+02  .335938018E+02  .337460940E+02  .339012426E+02
  .340591544E+02  .342197328E+02  .343828777E+02  .345484859E+02  .347164507E+02
  .348866622E+02  .350590075E+02  .352333705E+02  .354096318E+02  .355876694E+02
  .357673580E+02  .359485697E+02  .361311737E+02  .363150365E+02  .365000220E+02
  .366859916E+02  .368728041E+02  .370603162E+02  .372483820E+02  .374368538E+02
  .376255816E+02  .378144135E+02  .380031959E+02  .381917732E+02  .383799885E+02
  .385676831E+02  .387546973E+02  .389408697E+02  .391260383E+02  .393100397E+02
  .394927099E+02  .396738840E+02  .398533967E+02  .400310823E+02  .402067745E+02
  .403803072E+02  .405515143E+02  .407202296E+02  .408862875E+02  .410495227E+02
  .412097705E+02  .413668671E+02  .415206497E+02  .416709564E+02  .418176267E+02
  .419605014E+02  .420994231E+02  .422342360E+02  .423647862E+02  .424909220E+02
  .426124938E+02  .427293544E+02  .428413594E+02  .429483669E+02  .430502379E+02
  .431468365E+02  .432380302E+02  .433236895E+02  .434036888E+02  .434779058E+02
  .435462225E+02  .436085244E+02  .436647015E+02  .437146480E+02  .437582624E+02
  .437954480E+02  .438261125E+02  .438501688E+02  .438675344E+02  .438781322E+02
  .438818903E+02  .438787420E+02  .438686262E+02  .438514872E+02  .438272753E+02
  .437959462E+02  .437574618E+02  .437117899E+02  .436589042E+02  .435987847E+02
  .435314176E+02  .434567954E+02  .433749169E+02  .432857873E+02  .431894185E+02
  .430858285E+02  .429750423E+02  .428570911E+02  .427320128E+02  .425998522E+02
  .424606604E+02  .423144952E+02  .421614213E+02  .420015096E+02  .418348380E+02
  .416614907E+02  .414815587E+02  .412951393E+02  .411023363E+02  .409032601E+02
  .406980270E+02  .404867601E+02  .402695884E+02  .400466469E+02  .398180769E+02
  .395840253E+02  .393446450E+02  .391000945E+02  .388505379E+02  .385961446E+02
  .383370893E+02  .380735519E+02  .378057172E+02  .375337748E+02  .372579190E+02
  .369783485E+02  .366952662E+02  .364088791E+02  .361193983E+02  .358270382E+02
  .355320170E+02  .352345559E+02  .349348794E+02  .346332144E+02  .343297907E+02
  .340248404E+02  .337185976E+02  .334112981E+02  .331031795E+02  .327944808E+02
  .324854418E+02  .321763033E+02  .318673065E+02  .315586931E+02  .312507047E+02
  .309435825E+02  .306375674E+02  .303328993E+02  .300298170E+02  .297285582E+02
  .294293587E+02  .291324525E+02  .288380712E+02  .285464444E+02  .282577983E+02
  .279723568E+02  .276903400E+02  .274119646E+02  .271374436E+02  .268669858E+02
  .266007958E+02  .263390734E+02  .260820139E+02  .258298072E+02  .255826381E+02
  .253406859E+02  .251041239E+02  .248731197E+02  .246478345E+02  .244284232E+02
  .242150341E+02  .240078086E+02  .238068813E+02  .236123797E+02  .234244236E+02
  .232431258E+02  .230685912E+02  .229009171E+02  .227401928E+02  .225864997E+02
  .224399109E+02  .223004917E+02  .221682985E+02  .220433798E+02  .219257755E+02
  .218155169E+02  .217126268E+02  .216171194E+02  .215290002E+02  .214482661E+02
  .213749054E+02  .213088977E+02  .212502138E+02  .211988160E+02  .211546582E+02
  .211176853E+02  .210878341E+02  .210650328E+02  .210492013E+02  .210402513E+02
  .210380861E+02  .210426012E+02  .210536841E+02  .210712146E+02  .210950646E+02
  .211250989E+02  .211611746E+02  .212031419E+02  .212508440E+02  .213041173E+02
  .213627919E+02  .214266912E+02  .214956330E+02  .215694290E+02  .216478855E+02
  .217308035E+02  .218179793E+02  .219092043E+02  .220042660E+02  .221029474E+02
  .222050285E+02  .223102855E+02  .224184920E+02  .225294186E+02  .226428339E+02
  .227585042E+02  .228761943E+02  .229956674E+02  .231166859E+02  .232390109E+02
  .233624035E+02  .234866243E+02  .236114341E+02  .237365942E+02  .238618666E+02
  .239870140E+02  .241118009E+02  .242359929E+02  .243593580E+02  .244816658E+02
  .246026890E+02  .247222024E+02  .248399843E+02  .249558160E+02  .250694825E+02
  .251807723E+02  .252894783E+02  .253953974E+02  .254983313E+02  .255980862E+02
  .256944732E+02  .257873089E+02  .258764152E+02  .259616193E+02  .260427544E+02
  .261196598E+02  .261921808E+02  .262601688E+02  .263234820E+02  .263819848E+02
  .264355488E+02  .264840519E+02  .265273793E+02  .265654230E+02  .265980823E+02
  .266252635E+02  .266468801E+02  .266628531E+02  .266731106E+02  .266775879E+02
  .266762279E+02  .266689807E+02  .266558035E+02  .266366612E+02  .266115254E+02
  .265803754E+02  .265431972E+02  .264999841E+02  .264507364E+02  .263954611E+02
  .263341721E+02  .262668901E+02  .261936422E+02  .261144622E+02  .260293898E+02
  .259384714E+02  .258417592E+02  .257393112E+02  .256311914E+02  .255174692E+02
  .253982195E+02  .252735225E+02  .251434633E+02  .250081320E+02  .248676234E+02
  .247220369E+02  .245714760E+02  .244160486E+02  .242558661E+02  .240910442E+02
  .239217016E+02  .237479606E+02  .235699466E+02  .233877879E+02  .232016152E+02
  .230115622E+02  .228177645E+02  .226203600E+02  .224194883E+02  .222152908E+02
  .220079104E+02  .217974910E+02  .215841780E+02  .213681173E+02  .211494556E+02
  .209283403E+02  .207049188E+02  .204793387E+02  .202517478E+02  .200222932E+02
  .197911221E+02  .195583807E+02  .193242147E+02  .190887688E+02  .188521867E+02
  .186146110E+02  .183761826E+02  .181370414E+02  .178973252E+02  .176571704E+02
  .174167114E+02  .171760805E+02  .169354081E+02  .166948221E+02  .164544484E+02
  .162144102E+02  .159748284E+02  .157358212E+02  .154975041E+02  .152599899E+02
  .150233886E+02  .147878072E+02  .145533498E+02  .143201176E+02  .140882086E+02
  .138577179E+02  .136287372E+02  .134013553E+02  .131756575E+02  .129517264E+02
  .127296407E+02  .125094765E+02  .122913061E+02  .120751990E+02  .118612210E+02
  .116494352E+02  .114399008E+02  .112326743E+02  .110278087E+02  .108253538E+02
  .106253565E+02  .104278603E+02  .102329056E+02  .100405299E+02  .985076750E+01
  .966364972E+01  .947920492E+01  .929745863E+01  .911843338E+01  .894214905E+01
  .876862259E+01  .859786840E+01  .842989808E+01  .826472081E+01  .810234306E+01
  .794276901E+01  .778600027E+01  .763203627E+01  .748087402E+01  .733250848E+01
  .718693230E+01  .704413624E+01  .690410888E+01  .676683706E+01  .663230557E+01
  .650049760E+01  .637139443E+01  .624497590E+01  .612122006E+01  .600010366E+01
  .588160182E+01  .576568847E+01  .565233610E+01  .554151611E+01  .543319858E+01
  .532735269E+01  .522394640E+01  .512294690E+01  .502432032E+01  .492803211E+01
  .483404679E+01  .474232832E+01  .465283988E+01  .456554418E+01  .448040324E+01
  .439737894E+01  .431643229E+01  .423752444E+01  .416061575E+01  .408566683E+01
  .401263759E+01  .394148826E+01  .387217850E+01  .380466840E+01  .373891752E+01
  .367488595E+01  .361253337E+01  .355182004E+01  .349270587E+01  .343515146E+01
  .337911711E+01  .332456387E+01  .327145258E+01  .321974489E+01  .316940226E+01
  .312038705E+01  .307266149E+01  .302618874E+01  .298093187E+01  .293685494E+01
  .289392197E+01  .285209800E+01  .281134806E+01  .277163823E+01  .273293463E+01
  .269520446E+01  .265841496E+01  .262253451E+01  .258753152E+01  .255337557E+01
  .252003632E+01  .248748458E+01  .245569126E+01  .242462843E+01  .239426829E+01
  .236458421E+01  .233554966E+01  .230713931E+01  .227932795E+01  .225209156E+01
  .222540622E+01  .219924922E+01  .217359796E+01  .214843102E+01  .212372710E+01
  .209946606E+01  .207562789E+01  .205219375E+01  .202914486E+01  .200646365E+01
  .198413259E+01  .196213534E+01  .194045559E+01  .191907820E+01  .189798806E+01
  .187717120E+01  .185661366E+01  .183630263E+01  .181622506E+01  .179636934E+01
  .177672395E+01  .175727798E+01  .173802102E+01  .171894317E+01  .170003499E+01
  .168128761E+01  .166269253E+01  .164424185E+01  .162592796E+01  .160774388E+01
  .158968288E+01  .157173882E+01  .155390583E+01  .153617855E+01  .151855192E+01
  .150102135E+01  .148358249E+01  .146623151E+01  .144896475E+01  .143177904E+01
  .141467139E+01  .139763925E+01  .138068025E+01  .136379242E+01  .134697395E+01
  .133022343E+01  .131353957E+01  .129692145E+01  .128036825E+01  .126387953E+01
  .124745491E+01  .123109436E+01  .121479789E+01  .119856586E+01  .118239864E+01
  .116629693E+01  .115026140E+01  .113429307E+01  .111839290E+01  .110256216E+01
  .108680206E+01  .107111412E+01  .105549974E+01  .103996064E+01  .102449843E+01
  .100911496E+01  .993811992E+00  .978591533E+00  .963455455E+00  .948405869E+00
  .933444741E+00  .918574256E+00  .903796451E+00  .889113524E+00  .874527622E+00
  .860040937E+00  .845655633E+00  .831373906E+00  .817197910E+00  .803129834E+00
  .789171796E+00  .775325953E+00  .761594378E+00  .747979171E+00  .734482345E+00
  .721105926E+00  .707851848E+00  .694722051E+00  .681718376E+00  .668842663E+00
  .656096643E+00  .643482046E+00  .631000485E+00  .618653565E+00  .606442769E+00
  .594369571E+00  .582435316E+00  .570641335E+00  .558988831E+00  .547478985E+00
  .536112847E+00  .524891448E+00  .513815680E+00  .502886415E+00  .492104387E+00
  .481470306E+00  .470984745E+00  .460648252E+00  .450461236E+00  .440424080E+00
  .430537031E+00  .420800312E+00  .411214004E+00  .401778169E+00  .392492732E+00
  .383357594E+00  .374372521E+00  .365537263E+00  .356851432E+00  .348314627E+00
  .339926313E+00  .331685944E+00  .323592842E+00  .315646323E+00  .307845574E+00
  .300189778E+00  .292677995E+00  .285309282E+00  .278082580E+00  .270996828E+00
  .264050854E+00  .257243491E+00  .250573462E+00  .244039500E+00  .237640233E+00
  .231374304E+00  .225240255E+00  .219236649E+00  .213361949E+00  .207614645E+00
  .201993136E+00  .196495848E+00  .191121120E+00  .185867324E+00  .180732752E+00
  .175715730E+00  .170814509E+00  .166027380E+00  .161352561E+00  .156788315E+00
  .152332839E+00  .147984375E+00  .143741103E+00  .139601254E+00  .135563003E+00
  .131624560E+00  .127784124E+00  .124039896E+00  .120390081E+00  .116832887E+00
  .113366531E+00  .109989237E+00  .106699238E+00  .103494778E+00  .100374112E+00
  .973355095E-01  .943772518E-01  .914976367E-01  .886949773E-01  .859676040E-01
  .833138645E-01  .807321250E-01  .782207711E-01  .757782078E-01  .734028609E-01
  .710931770E-01  .688476242E-01  .666646925E-01  .645428943E-01  .624807646E-01
  .604768614E-01  .585297658E-01  .566380826E-01  .548004401E-01  .530154903E-01
  .512819092E-01  .495983968E-01  .479636768E-01  .463764973E-01  .448356300E-01
  .433398707E-01  .418880391E-01  .404789786E-01  .391115560E-01  .377846619E-01
  .364972102E-01  .352481376E-01  .340364042E-01  .328609925E-01  .317209078E-01
  .306151776E-01  .295428514E-01  .285030007E-01  .274947183E-01  .265171188E-01
  .255693374E-01  .246505305E-01  .237598750E-01  .228965680E-01  .220598268E-01
  .212488889E-01  .204630110E-01  .197014695E-01  .189635602E-01  .182485978E-01
  .175559162E-01  .168848680E-01  .162348246E-01  .156051759E-01  .149953305E-01
  .144047158E-01  .138327773E-01  .132789793E-01  .127428045E-01  .122237544E-01
  .117213488E-01  .112351261E-01  .107646432E-01  .103094752E-01  .986921562E-02
  .944347557E-02  .903188365E-02  .863408529E-02  .824974204E-02  .787853067E-02
  .752014211E-02  .717428024E-02  .684066058E-02  .651900877E-02  .620905912E-02
  .591055304E-02  .562323750E-02  .534686358E-02  .508118515E-02  .482595762E-02
  .458093692E-02  .434587865E-02  .412053742E-02  .390466642E-02  .369801713E-02
  .350033922E-02  .331138066E-02  .313088787E-02  .295860608E-02  .279427973E-02
  .263765294E-02  .248847003E-02  .234647608E-02  .221141752E-02  .208304264E-02
  .196110221E-02  .184534994E-02  .173554305E-02  .163144268E-02  .153281431E-02
  .143942820E-02  .135105965E-02  .126748936E-02  .118850363E-02  .111389461E-02
  .104346043E-02  .977005370E-03  .914339912E-03  .855280838E-03  .799651242E-03
  .747280536E-03  .698004429E-03  .651664881E-03  .608110035E-03  .567194139E-03
  .528777441E-03  .492726079E-03  .458911956E-03  .427212604E-03  .397511044E-03
  .369695637E-03  .343659928E-03  .319302485E-03  .296526746E-03  .275240847E-03
  .255357466E-03  .236793654E-03  .219470673E-03  .203313836E-03  .188252344E-03
  .174219133E-03  .161150713E-03  .148987020E-03  .137671269E-03  .127149802E-03
  .117371956E-03  .108289917E-03  .998585953E-04  .920354885E-04  .847805620E-04
  .780561262E-04  .718267207E-04  .660590020E-04  .607216357E-04  .557851925E-04
  .512220489E-04  .470062910E-04  .431136237E-04  .395212823E-04  .362079487E-04
  .331536714E-04  .303397887E-04  .277488556E-04  .253645740E-04  .231717267E-04
  .211561136E-04  .193044922E-04  .176045200E-04  .160447005E-04  .146143313E-04
  .133034560E-04  .121028171E-04  .110038128E-04  .999845520E-05  .907933099E-05
  .823956475E-05  .747278367E-05  .677308461E-05  .613500298E-05  .555348335E-05
  .502385186E-05  .454179019E-05  .410331115E-05  .370473566E-05  .334267118E-05
  .301399153E-05  .271581786E-05  .244550078E-05  .220060404E-05  .197888832E-05
  .177829738E-05  .159694394E-05  .143309714E-05  .128517099E-05  .115171283E-05
  .103139322E-05  .922996343E-06  .825410673E-06  .737624110E-06  .658701770E-06
  .587822941E-06  .524181567E-06  .467106965E-06  .415927033E-06  .370068456E-06
  .329009924E-06  .292277788E-06  .259442051E-06  .230112658E-06  .203936074E-06
  .180592125E-06  .159791091E-06  .141271020E-06  .124795267E-06  .110150228E-06
  .971432540E-07  .856007467E-07  .753664042E-07  .662996188E-07  .582740097E-07
  .511760813E-07  .449039980E-07  .393664663E-07  .344817151E-07  .301765673E-07
  .263855946E-07  .230503495E-07  .201186675E-07  .175440333E-07  .152850075E-07
  .133047059E-07  .115703292E-07  .100527379E-07  .872606768E-08  .756738299E-08
  .655636466E-08  .567502845E-08  .490747197E-08  .423964725E-08  .365915641E-08
  .315506860E-08  .271775576E-08  .233874576E-08  .201059100E-08  .172675106E-08
  .148148795E-08  .126977278E-08  .108720258E-08  .929926382E-09  .794579451E-09
  .678224964E-09  .578302256E-09  .492580988E-09  .419120591E-09  .356234412E-09
  .302458062E-09  .256521498E-09  .217324423E-09  .183914643E-09  .155469035E-09
  .131276839E-09  .110725002E-09  .932853440E-10  .785033139E-10  .659881751E-10
  .554044285E-10  .464643353E-10  .389214039E-10  .325647233E-10  .272140387E-10
  .227154778E-10  .189378452E-10  .157694145E-10  .131151536E-10  .108943286E-10
  .903843562E-11  .748942016E-11  .619814369E-11  .512306620E-11  .422911524E-11
  .348671629E-11  .287096258E-11  .236090520E-11  .193894683E-11  .159032468E-11
  .130267006E-11  .106563375E-11  .870567665E-12  .710254908E-12  .578680945E-12
  .470840057E-12  .382571787E-12  .310422929E-12  .251531243E-12  .203527606E-12
  .164453786E-12  .132693449E-12  .106914353E-12  .860199733E-13  .691090884E-13
  .554420625E-13  .444127532E-13  .355251438E-13  .283739315E-13  .226284276E-13
  .180192231E-13  .143271623E-13  .113742378E-13  .901608459E-14  .713580076E-14
  .563886890E-14  .444898838E-14  .350466047E-14  .275639474E-14  .216442728E-14
  .169686000E-14  .132814567E-14  .103785650E-14  .809684785E-15  .630633185E-15
  .490359827E-15  .380649391E-15  .294986726E-15  .228213675E-15  .176253344E-15
  .135888926E-15  .104586602E-15  .803539740E-16  .616270929E-16  .471804719E-16
  .360555271E-16  .275037763E-16  .209418311E-16  .159157985E-16  .120731748E-16
  .914069535E-17  .690691092E-17  .520850573E-17  .391957483E-17  .294323578E-17
  .220507890E-17  .164806284E-17  .122854399E-17  .913193866E-18  .676610567E-18
  .499471474E-18  .367107528E-18  .268404988E-18  .194961209E-18  .140437060E-18
  .100061281E-18  .702520654E-19  .483289529E-19  .322942581E-19  .206680630E-19
  .123645138E-19  .660046850E-20  .282896047E-20  .693595518E-21  .667176889E-25
