  PAW Ru                                 
 100
Core Pot   L  =         .00000   -.33084
  -.30000000E+01  .14398817E+01
  -.29500000E+01  .14222282E+01
  -.29000000E+01  .14044116E+01
  -.28500000E+01  .13864262E+01
  -.28000000E+01  .13682662E+01
  -.27500000E+01  .13499258E+01
  -.27000000E+01  .13313989E+01
  -.26500000E+01  .13126793E+01
  -.26000000E+01  .12937606E+01
  -.25500000E+01  .12746361E+01
  -.25000000E+01  .12552991E+01
  -.24500000E+01  .12357425E+01
  -.24000000E+01  .12159589E+01
  -.23500000E+01  .11959408E+01
  -.23000000E+01  .11756802E+01
  -.22500000E+01  .11551690E+01
  -.22000000E+01  .11343985E+01
  -.21500000E+01  .11133600E+01
  -.21000000E+01  .10920441E+01
  -.20500000E+01  .10704411E+01
  -.20000000E+01  .10485409E+01
  -.19500000E+01  .10263329E+01
  -.19000000E+01  .10038059E+01
  -.18500000E+01  .98094852E+00
  -.18000000E+01  .95774839E+00
  -.17500000E+01  .93419276E+00
  -.17000000E+01  .91026820E+00
  -.16500000E+01  .88596056E+00
  -.16000000E+01  .86125497E+00
  -.15500000E+01  .83613577E+00
  -.15000000E+01  .81058644E+00
  -.14500000E+01  .78458954E+00
  -.14000000E+01  .75812666E+00
  -.13500000E+01  .73117835E+00
  -.13000000E+01  .70372399E+00
  -.12500000E+01  .67574179E+00
  -.12000000E+01  .64720860E+00
  -.11500000E+01  .61809989E+00
  -.11000000E+01  .58838957E+00
  -.10500000E+01  .55804990E+00
  -.10000000E+01  .52705138E+00
  -.95000000E+00  .49536252E+00
  -.90000000E+00  .46294976E+00
  -.85000000E+00  .42977723E+00
  -.80000000E+00  .39580656E+00
  -.75000000E+00  .36099669E+00
  -.70000000E+00  .32530358E+00
  -.65000000E+00  .28867994E+00
  -.60000000E+00  .25107494E+00
  -.55000000E+00  .21243387E+00
  -.50000000E+00  .17269772E+00
  -.45000000E+00  .13180280E+00
  -.40000000E+00  .89680210E-01
  -.35000000E+00  .46255331E-01
  -.30000000E+00  .14471925E-02
  -.25000000E+00 -.44832214E-01
  -.20000000E+00 -.92678725E-01
  -.15000000E+00 -.14219690E+00
  -.10000000E+00 -.19350105E+00
  -.50000000E-01 -.24671638E+00
  -.22898350E-14 -.30198036E+00
   .50000000E-01 -.35944427E+00
   .10000000E+00 -.41927495E+00
   .15000000E+00 -.48165690E+00
   .20000000E+00 -.54679466E+00
   .25000000E+00 -.61491563E+00
   .30000000E+00 -.68627339E+00
   .35000000E+00 -.76115153E+00
   .40000000E+00 -.83986829E+00
   .45000000E+00 -.92278201E+00
   .50000000E+00 -.10102977E+01
   .55000000E+00 -.11028747E+01
   .60000000E+00 -.12010366E+01
   .65000000E+00 -.13053824E+01
   .70000000E+00 -.14166007E+01
   .75000000E+00 -.15354876E+01
   .80000000E+00 -.16629678E+01
   .85000000E+00 -.18001223E+01
   .90000000E+00 -.19482226E+01
   .95000000E+00 -.21087747E+01
   .10000000E+01 -.22835760E+01
   .10500000E+01 -.24747889E+01
   .11000000E+01 -.26850390E+01
   .11500000E+01 -.29175462E+01
   .12000000E+01 -.31763022E+01
   .12500000E+01 -.34663178E+01
   .13000000E+01 -.37939693E+01
   .13500000E+01 -.41674982E+01
   .14000000E+01 -.45977473E+01
   .14500000E+01 -.50992749E+01
   .15000000E+01 -.56920957E+01
   .15500000E+01 -.64045010E+01
   .16000000E+01 -.72778316E+01
   .16500000E+01 -.83749828E+01
   .17000000E+01 -.97965560E+01
   .17500000E+01 -.11714100E+02
   .18000000E+01 -.14446043E+02
   .18500000E+01 -.18657696E+02
   .19000000E+01 -.26010404E+02
   .19500000E+01 -.42140408E+02
   .20000000E+01 -.10624108E+03
Potential  L  =         .00000   -.33084
  -.30000000E+01  .14465988E+01
  -.29500000E+01  .14297971E+01
  -.29000000E+01  .14128215E+01
  -.28500000E+01  .13956668E+01
  -.28000000E+01  .13783280E+01
  -.27500000E+01  .13607998E+01
  -.27000000E+01  .13430764E+01
  -.26500000E+01  .13251520E+01
  -.26000000E+01  .13070204E+01
  -.25500000E+01  .12886752E+01
  -.25000000E+01  .12701096E+01
  -.24500000E+01  .12513165E+01
  -.24000000E+01  .12322884E+01
  -.23500000E+01  .12130175E+01
  -.23000000E+01  .11934957E+01
  -.22500000E+01  .11737141E+01
  -.22000000E+01  .11536637E+01
  -.21500000E+01  .11333350E+01
  -.21000000E+01  .11127177E+01
  -.20500000E+01  .10918011E+01
  -.20000000E+01  .10705741E+01
  -.19500000E+01  .10490246E+01
  -.19000000E+01  .10271399E+01
  -.18500000E+01  .10049067E+01
  -.18000000E+01  .98231082E+00
  -.17500000E+01  .95933709E+00
  -.17000000E+01  .93596950E+00
  -.16500000E+01  .91219101E+00
  -.16000000E+01  .88798343E+00
  -.15500000E+01  .86332739E+00
  -.15000000E+01  .83820221E+00
  -.14500000E+01  .81258578E+00
  -.14000000E+01  .78645441E+00
  -.13500000E+01  .75978274E+00
  -.13000000E+01  .73254354E+00
  -.12500000E+01  .70470754E+00
  -.12000000E+01  .67624323E+00
  -.11500000E+01  .64711664E+00
  -.11000000E+01  .61729108E+00
  -.10500000E+01  .58672688E+00
  -.10000000E+01  .55538104E+00
  -.95000000E+00  .52320689E+00
  -.90000000E+00  .49015367E+00
  -.85000000E+00  .45616608E+00
  -.80000000E+00  .42118372E+00
  -.75000000E+00  .38514047E+00
  -.70000000E+00  .34796388E+00
  -.65000000E+00  .30957424E+00
  -.60000000E+00  .26988375E+00
  -.55000000E+00  .22879536E+00
  -.50000000E+00  .18620158E+00
  -.45000000E+00  .14198296E+00
  -.40000000E+00  .96006415E-01
  -.35000000E+00  .48123112E-01
  -.30000000E+00 -.18338558E-02
  -.25000000E+00 -.54052421E-01
  -.20000000E+00 -.10874491E+00
  -.15000000E+00 -.16615224E+00
  -.10000000E+00 -.22654887E+00
  -.50000000E-01 -.29024898E+00
  -.22898350E-14 -.35761390E+00
   .50000000E-01 -.42906141E+00
   .10000000E+00 -.50507724E+00
   .15000000E+00 -.58622961E+00
   .20000000E+00 -.67318750E+00
   .25000000E+00 -.76674424E+00
   .30000000E+00 -.86784785E+00
   .35000000E+00 -.97764082E+00
   .40000000E+00 -.10975129E+01
   .45000000E+00 -.12291718E+01
   .50000000E+00 -.13747402E+01
   .55000000E+00 -.15368899E+01
   .60000000E+00 -.17190320E+01
   .65000000E+00 -.19255924E+01
   .70000000E+00 -.21624194E+01
   .75000000E+00 -.24374060E+01
   .80000000E+00 -.27614697E+01
   .85000000E+00 -.31501557E+01
   .90000000E+00 -.36263807E+01
   .95000000E+00 -.42253921E+01
   .10000000E+01 -.50043523E+01
   .10500000E+01 -.60625094E+01
   .11000000E+01 -.75886726E+01
   .11500000E+01 -.99916758E+01
   .12000000E+01 -.14352662E+02
   .12500000E+01 -.24771909E+02
   .13000000E+01 -.83281995E+02
   .13500000E+01  .64285499E+02
   .14000000E+01  .23553904E+02
   .14500000E+01  .14530791E+02
   .15000000E+01  .10552344E+02
   .15500000E+01  .83050208E+01
   .16000000E+01  .68558504E+01
   .16500000E+01  .58400810E+01
   .17000000E+01  .50857472E+01
   .17500000E+01  .45011675E+01
   .18000000E+01  .40329830E+01
   .18500000E+01  .36480266E+01
   .19000000E+01  .33245952E+01
   .19500000E+01  .30478882E+01
   .20000000E+01  .28074636E+01
Core Pot   L  =        1.00000  -3.41345
  -.30000000E+01  .19929742E+01
  -.29500000E+01  .19290666E+01
  -.29000000E+01  .18754476E+01
  -.28500000E+01  .18291075E+01
  -.28000000E+01  .17880934E+01
  -.27500000E+01  .17510822E+01
  -.27000000E+01  .17171454E+01
  -.26500000E+01  .16856116E+01
  -.26000000E+01  .16559834E+01
  -.25500000E+01  .16278840E+01
  -.25000000E+01  .16010224E+01
  -.24500000E+01  .15751701E+01
  -.24000000E+01  .15501451E+01
  -.23500000E+01  .15258004E+01
  -.23000000E+01  .15020155E+01
  -.22500000E+01  .14786909E+01
  -.22000000E+01  .14557433E+01
  -.21500000E+01  .14331022E+01
  -.21000000E+01  .14107075E+01
  -.20500000E+01  .13885076E+01
  -.20000000E+01  .13664574E+01
  -.19500000E+01  .13445175E+01
  -.19000000E+01  .13226532E+01
  -.18500000E+01  .13008333E+01
  -.18000000E+01  .12790301E+01
  -.17500000E+01  .12572180E+01
  -.17000000E+01  .12353742E+01
  -.16500000E+01  .12134773E+01
  -.16000000E+01  .11915076E+01
  -.15500000E+01  .11694466E+01
  -.15000000E+01  .11472770E+01
  -.14500000E+01  .11249821E+01
  -.14000000E+01  .11025463E+01
  -.13500000E+01  .10799542E+01
  -.13000000E+01  .10571911E+01
  -.12500000E+01  .10342426E+01
  -.12000000E+01  .10110945E+01
  -.11500000E+01  .98773272E+00
  -.11000000E+01  .96414344E+00
  -.10500000E+01  .94031270E+00
  -.10000000E+01  .91622654E+00
  -.95000000E+00  .89187086E+00
  -.90000000E+00  .86723138E+00
  -.85000000E+00  .84229359E+00
  -.80000000E+00  .81704264E+00
  -.75000000E+00  .79146335E+00
  -.70000000E+00  .76554012E+00
  -.65000000E+00  .73925686E+00
  -.60000000E+00  .71259694E+00
  -.55000000E+00  .68554313E+00
  -.50000000E+00  .65807756E+00
  -.45000000E+00  .63018161E+00
  -.40000000E+00  .60183585E+00
  -.35000000E+00  .57302002E+00
  -.30000000E+00  .54371285E+00
  -.25000000E+00  .51389210E+00
  -.20000000E+00  .48353436E+00
  -.15000000E+00  .45261502E+00
  -.10000000E+00  .42110816E+00
  -.50000000E-01  .38898642E+00
  -.22898350E-14  .35622087E+00
   .50000000E-01  .32278092E+00
   .10000000E+00  .28863416E+00
   .15000000E+00  .25374616E+00
   .20000000E+00  .21808037E+00
   .25000000E+00  .18159790E+00
   .30000000E+00  .14425728E+00
   .35000000E+00  .10601430E+00
   .40000000E+00  .66821717E-01
   .45000000E+00  .26628969E-01
   .50000000E+00 -.14618103E-01
   .55000000E+00 -.56977612E-01
   .60000000E+00 -.10051201E+00
   .65000000E+00 -.14528849E+00
   .70000000E+00 -.19137950E+00
   .75000000E+00 -.23886325E+00
   .80000000E+00 -.28782428E+00
   .85000000E+00 -.33835421E+00
   .90000000E+00 -.39055243E+00
   .95000000E+00 -.44452698E+00
   .10000000E+01 -.50039554E+00
   .10500000E+01 -.55828654E+00
   .11000000E+01 -.61834039E+00
   .11500000E+01 -.68071097E+00
   .12000000E+01 -.74556729E+00
   .12500000E+01 -.81309538E+00
   .13000000E+01 -.88350054E+00
   .13500000E+01 -.95700988E+00
   .14000000E+01 -.10338754E+01
   .14500000E+01 -.11143772E+01
   .15000000E+01 -.11988282E+01
   .15500000E+01 -.12875782E+01
   .16000000E+01 -.13810203E+01
   .16500000E+01 -.14795973E+01
   .17000000E+01 -.15838102E+01
   .17500000E+01 -.16942279E+01
   .18000000E+01 -.18114989E+01
   .18500000E+01 -.19363664E+01
   .19000000E+01 -.20696856E+01
   .19500000E+01 -.22124463E+01
   .20000000E+01 -.23657996E+01
Potential  L  =        1.00000  -3.41345
  -.30000000E+01  .35842589E+01
  -.29500000E+01  .32531437E+01
  -.29000000E+01  .30089902E+01
  -.28500000E+01  .28201433E+01
  -.28000000E+01  .26686285E+01
  -.27500000E+01  .25434817E+01
  -.27000000E+01  .24376342E+01
  -.26500000E+01  .23463238E+01
  -.26000000E+01  .22662239E+01
  -.25500000E+01  .21949407E+01
  -.25000000E+01  .21307068E+01
  -.24500000E+01  .20721889E+01
  -.24000000E+01  .20183616E+01
  -.23500000E+01  .19684233E+01
  -.23000000E+01  .19217379E+01
  -.22500000E+01  .18777938E+01
  -.22000000E+01  .18361748E+01
  -.21500000E+01  .17965386E+01
  -.21000000E+01  .17586005E+01
  -.20500000E+01  .17221221E+01
  -.20000000E+01  .16869015E+01
  -.19500000E+01  .16527665E+01
  -.19000000E+01  .16195693E+01
  -.18500000E+01  .15871819E+01
  -.18000000E+01  .15554926E+01
  -.17500000E+01  .15244036E+01
  -.17000000E+01  .14938283E+01
  -.16500000E+01  .14636897E+01
  -.16000000E+01  .14339192E+01
  -.15500000E+01  .14044545E+01
  -.15000000E+01  .13752396E+01
  -.14500000E+01  .13462231E+01
  -.14000000E+01  .13173580E+01
  -.13500000E+01  .12886007E+01
  -.13000000E+01  .12599108E+01
  -.12500000E+01  .12312505E+01
  -.12000000E+01  .12025839E+01
  -.11500000E+01  .11738773E+01
  -.11000000E+01  .11450983E+01
  -.10500000E+01  .11162158E+01
  -.10000000E+01  .10871996E+01
  -.95000000E+00  .10580206E+01
  -.90000000E+00  .10286500E+01
  -.85000000E+00  .99905947E+00
  -.80000000E+00  .96922088E+00
  -.75000000E+00  .93910621E+00
  -.70000000E+00  .90868732E+00
  -.65000000E+00  .87793581E+00
  -.60000000E+00  .84682290E+00
  -.55000000E+00  .81531924E+00
  -.50000000E+00  .78339478E+00
  -.45000000E+00  .75101865E+00
  -.40000000E+00  .71815896E+00
  -.35000000E+00  .68478265E+00
  -.30000000E+00  .65085534E+00
  -.25000000E+00  .61634114E+00
  -.20000000E+00  .58120248E+00
  -.15000000E+00  .54539988E+00
  -.10000000E+00  .50889175E+00
  -.50000000E-01  .47163415E+00
  -.22898350E-14  .43358056E+00
   .50000000E-01  .39468154E+00
   .10000000E+00  .35488445E+00
   .15000000E+00  .31413332E+00
   .20000000E+00  .27236794E+00
   .25000000E+00  .22952403E+00
   .30000000E+00  .18553244E+00
   .35000000E+00  .14031875E+00
   .40000000E+00  .93802625E-01
   .45000000E+00  .45897204E-01
   .50000000E+00 -.34916607E-02
   .55000000E+00 -.54466240E-01
   .60000000E+00 -.10713788E+00
   .65000000E+00 -.16162808E+00
   .70000000E+00 -.21806976E+00
   .75000000E+00 -.27660865E+00
   .80000000E+00 -.33740496E+00
   .85000000E+00 -.40063526E+00
   .90000000E+00 -.46649468E+00
   .95000000E+00 -.53519947E+00
   .10000000E+01 -.60698999E+00
   .10500000E+01 -.68213421E+00
   .11000000E+01 -.76093187E+00
   .11500000E+01 -.84371933E+00
   .12000000E+01 -.93087549E+00
   .12500000E+01 -.10228287E+01
   .13000000E+01 -.11200651E+01
   .13500000E+01 -.12231392E+01
   .14000000E+01 -.13326854E+01
   .14500000E+01 -.14494344E+01
   .15000000E+01 -.15742310E+01
   .15500000E+01 -.17080578E+01
   .16000000E+01 -.18520650E+01
   .16500000E+01 -.20076069E+01
   .17000000E+01 -.21762902E+01
   .17500000E+01 -.23600354E+01
   .18000000E+01 -.25611572E+01
   .18500000E+01 -.27824718E+01
   .19000000E+01 -.30274401E+01
   .19500000E+01 -.33003636E+01
   .20000000E+01 -.36066565E+01
Core Pot   L  =        2.00000   -.39810
  -.30000000E+01  .16823464E+01
  -.29500000E+01  .16665083E+01
  -.29000000E+01  .16504814E+01
  -.28500000E+01  .16342583E+01
  -.28000000E+01  .16178308E+01
  -.27500000E+01  .16011904E+01
  -.27000000E+01  .15843280E+01
  -.26500000E+01  .15672336E+01
  -.26000000E+01  .15498969E+01
  -.25500000E+01  .15323063E+01
  -.25000000E+01  .15144499E+01
  -.24500000E+01  .14963143E+01
  -.24000000E+01  .14778854E+01
  -.23500000E+01  .14591479E+01
  -.23000000E+01  .14400850E+01
  -.22500000E+01  .14206787E+01
  -.22000000E+01  .14009093E+01
  -.21500000E+01  .13807553E+01
  -.21000000E+01  .13601931E+01
  -.20500000E+01  .13391969E+01
  -.20000000E+01  .13177384E+01
  -.19500000E+01  .12957865E+01
  -.19000000E+01  .12733065E+01
  -.18500000E+01  .12502602E+01
  -.18000000E+01  .12266052E+01
  -.17500000E+01  .12022940E+01
  -.17000000E+01  .11772735E+01
  -.16500000E+01  .11514842E+01
  -.16000000E+01  .11248589E+01
  -.15500000E+01  .10973216E+01
  -.15000000E+01  .10687860E+01
  -.14500000E+01  .10391533E+01
  -.14000000E+01  .10083103E+01
  -.13500000E+01  .97612663E+00
  -.13000000E+01  .94245070E+00
  -.12500000E+01  .90710590E+00
  -.12000000E+01  .86988474E+00
  -.11500000E+01  .83054185E+00
  -.11000000E+01  .78878484E+00
  -.10500000E+01  .74426238E+00
  -.10000000E+01  .69654846E+00
  -.95000000E+00  .64512131E+00
  -.90000000E+00  .58933479E+00
  -.85000000E+00  .52837883E+00
  -.80000000E+00  .46122365E+00
  -.75000000E+00  .38653977E+00
  -.70000000E+00  .30257990E+00
  -.65000000E+00  .20700093E+00
  -.60000000E+00  .96585351E-01
  -.55000000E+00 -.33208851E-01
  -.50000000E+00 -.18900869E+00
  -.45000000E+00 -.38087863E+00
  -.40000000E+00 -.62488279E+00
  -.35000000E+00 -.94834024E+00
  -.30000000E+00 -.14017785E+01
  -.25000000E+00 -.20902290E+01
  -.20000000E+00 -.32738662E+01
  -.15000000E+00 -.58221993E+01
  -.10000000E+00 -.15517917E+02
  -.50000000E-01  .41042988E+02
  -.22898350E-14  .10025783E+02
   .50000000E-01  .60560467E+01
   .10000000E+00  .44860075E+01
   .15000000E+00  .36382288E+01
   .20000000E+00  .31031488E+01
   .25000000E+00  .27315677E+01
   .30000000E+00  .24561243E+01
   .35000000E+00  .22419484E+01
   .40000000E+00  .20691777E+01
   .45000000E+00  .19256668E+01
   .50000000E+00  .18035699E+01
   .55000000E+00  .16975918E+01
   .60000000E+00  .16040286E+01
   .65000000E+00  .15202104E+01
   .70000000E+00  .14441636E+01
   .75000000E+00  .13743968E+01
   .80000000E+00  .13097614E+01
   .85000000E+00  .12493577E+01
   .90000000E+00  .11924702E+01
   .95000000E+00  .11385224E+01
   .10000000E+01  .10870437E+01
   .10500000E+01  .10376458E+01
   .11000000E+01  .99000452E+00
   .11500000E+01  .94384702E+00
   .12000000E+01  .89894110E+00
   .12500000E+01  .85508749E+00
   .13000000E+01  .81211367E+00
   .13500000E+01  .76986900E+00
   .14000000E+01  .72822081E+00
   .14500000E+01  .68705131E+00
   .15000000E+01  .64625505E+00
   .15500000E+01  .60573681E+00
   .16000000E+01  .56540993E+00
   .16500000E+01  .52519485E+00
   .17000000E+01  .48501792E+00
   .17500000E+01  .44481038E+00
   .18000000E+01  .40450751E+00
   .18500000E+01  .36404783E+00
   .19000000E+01  .32337251E+00
   .19500000E+01  .28242475E+00
   .20000000E+01  .24114927E+00
Potential  L  =        2.00000   -.39810
  -.30000000E+01  .15977453E+01
  -.29500000E+01  .15799227E+01
  -.29000000E+01  .15618455E+01
  -.28500000E+01  .15435035E+01
  -.28000000E+01  .15248856E+01
  -.27500000E+01  .15059803E+01
  -.27000000E+01  .14867752E+01
  -.26500000E+01  .14672571E+01
  -.26000000E+01  .14474120E+01
  -.25500000E+01  .14272249E+01
  -.25000000E+01  .14066799E+01
  -.24500000E+01  .13857596E+01
  -.24000000E+01  .13644459E+01
  -.23500000E+01  .13427190E+01
  -.23000000E+01  .13205578E+01
  -.22500000E+01  .12979395E+01
  -.22000000E+01  .12748395E+01
  -.21500000E+01  .12512315E+01
  -.21000000E+01  .12270867E+01
  -.20500000E+01  .12023742E+01
  -.20000000E+01  .11770605E+01
  -.19500000E+01  .11511090E+01
  -.19000000E+01  .11244800E+01
  -.18500000E+01  .10971302E+01
  -.18000000E+01  .10690122E+01
  -.17500000E+01  .10400741E+01
  -.17000000E+01  .10102590E+01
  -.16500000E+01  .97950421E+00
  -.16000000E+01  .94774071E+00
  -.15500000E+01  .91489204E+00
  -.15000000E+01  .88087349E+00
  -.14500000E+01  .84559089E+00
  -.14000000E+01  .80893910E+00
  -.13500000E+01  .77080059E+00
  -.13000000E+01  .73104339E+00
  -.12500000E+01  .68951884E+00
  -.12000000E+01  .64605883E+00
  -.11500000E+01  .60047249E+00
  -.11000000E+01  .55254220E+00
  -.10500000E+01  .50201882E+00
  -.10000000E+01  .44861525E+00
  -.95000000E+00  .39199972E+00
  -.90000000E+00  .33178609E+00
  -.85000000E+00  .26752237E+00
  -.80000000E+00  .19867598E+00
  -.75000000E+00  .12461520E+00
  -.70000000E+00  .44584446E-01
  -.65000000E+00 -.42327411E-01
  -.60000000E+00 -.13722935E+00
  -.55000000E+00 -.24148508E+00
  -.50000000E+00 -.35679068E+00
  -.45000000E+00 -.48528259E+00
  -.40000000E+00 -.62969057E+00
  -.35000000E+00 -.79355911E+00
  -.30000000E+00 -.98157614E+00
  -.25000000E+00 -.12000748E+01
  -.20000000E+00 -.14578247E+01
  -.15000000E+00 -.17673288E+01
  -.10000000E+00 -.21470473E+01
  -.50000000E-01 -.26254257E+01
  -.22898350E-14 -.32487027E+01
   .50000000E-01 -.40974036E+01
   .10000000E+00 -.53253534E+01
   .15000000E+00 -.72676545E+01
   .20000000E+00 -.10819265E+02
   .25000000E+00 -.19442803E+02
   .30000000E+00 -.71736975E+02
   .35000000E+00  .48558431E+02
   .40000000E+00  .19007556E+02
   .45000000E+00  .12124629E+02
   .50000000E+00  .90499908E+01
   .55000000E+00  .73030147E+01
   .60000000E+00  .61731119E+01
   .65000000E+00  .53799762E+01
   .70000000E+00  .47907132E+01
   .75000000E+00  .43341988E+01
   .80000000E+00  .39689244E+01
   .85000000E+00  .36690350E+01
   .90000000E+00  .34175856E+01
   .95000000E+00  .32030068E+01
   .10000000E+01  .30171295E+01
   .10500000E+01  .28540207E+01
   .11000000E+01  .27092673E+01
   .11500000E+01  .25795179E+01
   .12000000E+01  .24621817E+01
   .12500000E+01  .23552240E+01
   .13000000E+01  .22570240E+01
   .13500000E+01  .21662748E+01
   .14000000E+01  .20819104E+01
   .14500000E+01  .20030525E+01
   .15000000E+01  .19289707E+01
   .15500000E+01  .18590524E+01
   .16000000E+01  .17927797E+01
   .16500000E+01  .17297116E+01
   .17000000E+01  .16694700E+01
   .17500000E+01  .16117289E+01
   .18000000E+01  .15562052E+01
   .18500000E+01  .15026518E+01
   .19000000E+01  .14508519E+01
   .19500000E+01  .14006143E+01
   .20000000E+01  .13517696E+01
Core Pot   L  =        3.00000    .00000
  -.30000000E+01  .19896013E+01
  -.29500000E+01  .19772383E+01
  -.29000000E+01  .19648019E+01
  -.28500000E+01  .19522910E+01
  -.28000000E+01  .19397042E+01
  -.27500000E+01  .19270402E+01
  -.27000000E+01  .19142975E+01
  -.26500000E+01  .19014748E+01
  -.26000000E+01  .18885707E+01
  -.25500000E+01  .18755835E+01
  -.25000000E+01  .18625118E+01
  -.24500000E+01  .18493540E+01
  -.24000000E+01  .18361084E+01
  -.23500000E+01  .18227734E+01
  -.23000000E+01  .18093472E+01
  -.22500000E+01  .17958279E+01
  -.22000000E+01  .17822138E+01
  -.21500000E+01  .17685030E+01
  -.21000000E+01  .17546933E+01
  -.20500000E+01  .17407829E+01
  -.20000000E+01  .17267696E+01
  -.19500000E+01  .17126511E+01
  -.19000000E+01  .16984253E+01
  -.18500000E+01  .16840898E+01
  -.18000000E+01  .16696422E+01
  -.17500000E+01  .16550800E+01
  -.17000000E+01  .16404006E+01
  -.16500000E+01  .16256013E+01
  -.16000000E+01  .16106793E+01
  -.15500000E+01  .15956317E+01
  -.15000000E+01  .15804556E+01
  -.14500000E+01  .15651477E+01
  -.14000000E+01  .15497050E+01
  -.13500000E+01  .15341240E+01
  -.13000000E+01  .15184013E+01
  -.12500000E+01  .15025331E+01
  -.12000000E+01  .14865158E+01
  -.11500000E+01  .14703454E+01
  -.11000000E+01  .14540178E+01
  -.10500000E+01  .14375288E+01
  -.10000000E+01  .14208738E+01
  -.95000000E+00  .14040482E+01
  -.90000000E+00  .13870472E+01
  -.85000000E+00  .13698657E+01
  -.80000000E+00  .13524984E+01
  -.75000000E+00  .13349398E+01
  -.70000000E+00  .13171840E+01
  -.65000000E+00  .12992250E+01
  -.60000000E+00  .12810564E+01
  -.55000000E+00  .12626715E+01
  -.50000000E+00  .12440633E+01
  -.45000000E+00  .12252244E+01
  -.40000000E+00  .12061471E+01
  -.35000000E+00  .11868232E+01
  -.30000000E+00  .11672442E+01
  -.25000000E+00  .11474010E+01
  -.20000000E+00  .11272840E+01
  -.15000000E+00  .11068832E+01
  -.10000000E+00  .10861879E+01
  -.50000000E-01  .10651869E+01
  -.22898350E-14  .10438683E+01
   .50000000E-01  .10222194E+01
   .10000000E+00  .10002269E+01
   .15000000E+00  .97787647E+00
   .20000000E+00  .95515307E+00
   .25000000E+00  .93204058E+00
   .30000000E+00  .90852188E+00
   .35000000E+00  .88457868E+00
   .40000000E+00  .86019145E+00
   .45000000E+00  .83533932E+00
   .50000000E+00  .80999993E+00
   .55000000E+00  .78414931E+00
   .60000000E+00  .75776172E+00
   .65000000E+00  .73080948E+00
   .70000000E+00  .70326278E+00
   .75000000E+00  .67508947E+00
   .80000000E+00  .64625482E+00
   .85000000E+00  .61672122E+00
   .90000000E+00  .58644792E+00
   .95000000E+00  .55539064E+00
   .10000000E+01  .52350120E+00
   .10500000E+01  .49072704E+00
   .11000000E+01  .45701076E+00
   .11500000E+01  .42228947E+00
   .12000000E+01  .38649415E+00
   .12500000E+01  .34954884E+00
   .13000000E+01  .31136976E+00
   .13500000E+01  .27186425E+00
   .14000000E+01  .23092954E+00
   .14500000E+01  .18845131E+00
   .15000000E+01  .14430200E+00
   .15500000E+01  .98338823E-01
   .16000000E+01  .50401394E-01
   .16500000E+01  .30888273E-03
   .17000000E+01 -.52143364E-01
   .17500000E+01 -.10718792E+00
   .18000000E+01 -.16509027E+00
   .18500000E+01 -.22615483E+00
   .19000000E+01 -.29073252E+00
   .19500000E+01 -.35922992E+00
   .20000000E+01 -.43212096E+00
Potential  L  =        3.00000    .00000
  -.30000000E+01  .19926921E+01
  -.29500000E+01  .19804271E+01
  -.29000000E+01  .19680925E+01
  -.28500000E+01  .19556872E+01
  -.28000000E+01  .19432100E+01
  -.27500000E+01  .19306598E+01
  -.27000000E+01  .19180354E+01
  -.26500000E+01  .19053356E+01
  -.26000000E+01  .18925591E+01
  -.25500000E+01  .18797047E+01
  -.25000000E+01  .18667710E+01
  -.24500000E+01  .18537566E+01
  -.24000000E+01  .18406603E+01
  -.23500000E+01  .18274805E+01
  -.23000000E+01  .18142158E+01
  -.22500000E+01  .18008646E+01
  -.22000000E+01  .17874256E+01
  -.21500000E+01  .17738969E+01
  -.21000000E+01  .17602771E+01
  -.20500000E+01  .17465644E+01
  -.20000000E+01  .17327571E+01
  -.19500000E+01  .17188535E+01
  -.19000000E+01  .17048516E+01
  -.18500000E+01  .16907497E+01
  -.18000000E+01  .16765457E+01
  -.17500000E+01  .16622377E+01
  -.17000000E+01  .16478237E+01
  -.16500000E+01  .16333014E+01
  -.16000000E+01  .16186687E+01
  -.15500000E+01  .16039235E+01
  -.15000000E+01  .15890632E+01
  -.14500000E+01  .15740856E+01
  -.14000000E+01  .15589881E+01
  -.13500000E+01  .15437683E+01
  -.13000000E+01  .15284234E+01
  -.12500000E+01  .15129508E+01
  -.12000000E+01  .14973476E+01
  -.11500000E+01  .14816110E+01
  -.11000000E+01  .14657379E+01
  -.10500000E+01  .14497251E+01
  -.10000000E+01  .14335696E+01
  -.95000000E+00  .14172680E+01
  -.90000000E+00  .14008167E+01
  -.85000000E+00  .13842123E+01
  -.80000000E+00  .13674511E+01
  -.75000000E+00  .13505292E+01
  -.70000000E+00  .13334426E+01
  -.65000000E+00  .13161872E+01
  -.60000000E+00  .12987587E+01
  -.55000000E+00  .12811528E+01
  -.50000000E+00  .12633647E+01
  -.45000000E+00  .12453897E+01
  -.40000000E+00  .12272228E+01
  -.35000000E+00  .12088588E+01
  -.30000000E+00  .11902923E+01
  -.25000000E+00  .11715178E+01
  -.20000000E+00  .11525294E+01
  -.15000000E+00  .11333209E+01
  -.10000000E+00  .11138861E+01
  -.50000000E-01  .10942183E+01
  -.22898350E-14  .10743107E+01
   .50000000E-01  .10541560E+01
   .10000000E+00  .10337467E+01
   .15000000E+00  .10130750E+01
   .20000000E+00  .99213262E+00
   .25000000E+00  .97091096E+00
   .30000000E+00  .94940104E+00
   .35000000E+00  .92759342E+00
   .40000000E+00  .90547824E+00
   .45000000E+00  .88304512E+00
   .50000000E+00  .86028321E+00
   .55000000E+00  .83718109E+00
   .60000000E+00  .81372676E+00
   .65000000E+00  .78990763E+00
   .70000000E+00  .76571042E+00
   .75000000E+00  .74112118E+00
   .80000000E+00  .71612519E+00
   .85000000E+00  .69070693E+00
   .90000000E+00  .66485003E+00
   .95000000E+00  .63853719E+00
   .10000000E+01  .61175016E+00
   .10500000E+01  .58446938E+00
   .11000000E+01  .55667478E+00
   .11500000E+01  .52834449E+00
   .12000000E+01  .49945550E+00
   .12500000E+01  .46998337E+00
   .13000000E+01  .43990215E+00
   .13500000E+01  .40918422E+00
   .14000000E+01  .37780020E+00
   .14500000E+01  .34571874E+00
   .15000000E+01  .31290638E+00
   .15500000E+01  .27932739E+00
   .16000000E+01  .24494356E+00
   .16500000E+01  .20971395E+00
   .17000000E+01  .17359467E+00
   .17500000E+01  .13653862E+00
   .18000000E+01  .98495117E-01
   .18500000E+01  .59409901E-01
   .19000000E+01  .19223644E-01
   .19500000E+01 -.22126883E-01
   .20000000E+01 -.64710314E-01
Core Pot   L  =        4.00000    .00000
  -.30000000E+01  .23012979E+01
  -.29500000E+01  .22908051E+01
  -.29000000E+01  .22802693E+01
  -.28500000E+01  .22696900E+01
  -.28000000E+01  .22590666E+01
  -.27500000E+01  .22483986E+01
  -.27000000E+01  .22376854E+01
  -.26500000E+01  .22269267E+01
  -.26000000E+01  .22161218E+01
  -.25500000E+01  .22052701E+01
  -.25000000E+01  .21943711E+01
  -.24500000E+01  .21834243E+01
  -.24000000E+01  .21724290E+01
  -.23500000E+01  .21613847E+01
  -.23000000E+01  .21502907E+01
  -.22500000E+01  .21391465E+01
  -.22000000E+01  .21279513E+01
  -.21500000E+01  .21167046E+01
  -.21000000E+01  .21054057E+01
  -.20500000E+01  .20940539E+01
  -.20000000E+01  .20826486E+01
  -.19500000E+01  .20711890E+01
  -.19000000E+01  .20596745E+01
  -.18500000E+01  .20481043E+01
  -.18000000E+01  .20364776E+01
  -.17500000E+01  .20247938E+01
  -.17000000E+01  .20130520E+01
  -.16500000E+01  .20012515E+01
  -.16000000E+01  .19893915E+01
  -.15500000E+01  .19774710E+01
  -.15000000E+01  .19654894E+01
  -.14500000E+01  .19534457E+01
  -.14000000E+01  .19413391E+01
  -.13500000E+01  .19291687E+01
  -.13000000E+01  .19169335E+01
  -.12500000E+01  .19046326E+01
  -.12000000E+01  .18922651E+01
  -.11500000E+01  .18798299E+01
  -.11000000E+01  .18673262E+01
  -.10500000E+01  .18547528E+01
  -.10000000E+01  .18421087E+01
  -.95000000E+00  .18293928E+01
  -.90000000E+00  .18166042E+01
  -.85000000E+00  .18037415E+01
  -.80000000E+00  .17908037E+01
  -.75000000E+00  .17777896E+01
  -.70000000E+00  .17646980E+01
  -.65000000E+00  .17515276E+01
  -.60000000E+00  .17382772E+01
  -.55000000E+00  .17249456E+01
  -.50000000E+00  .17115313E+01
  -.45000000E+00  .16980330E+01
  -.40000000E+00  .16844493E+01
  -.35000000E+00  .16707788E+01
  -.30000000E+00  .16570200E+01
  -.25000000E+00  .16431714E+01
  -.20000000E+00  .16292314E+01
  -.15000000E+00  .16151985E+01
  -.10000000E+00  .16010711E+01
  -.50000000E-01  .15868474E+01
  -.22898350E-14  .15725258E+01
   .50000000E-01  .15581044E+01
   .10000000E+00  .15435815E+01
   .15000000E+00  .15289552E+01
   .20000000E+00  .15142236E+01
   .25000000E+00  .14993847E+01
   .30000000E+00  .14844365E+01
   .35000000E+00  .14693769E+01
   .40000000E+00  .14542037E+01
   .45000000E+00  .14389148E+01
   .50000000E+00  .14235079E+01
   .55000000E+00  .14079806E+01
   .60000000E+00  .13923305E+01
   .65000000E+00  .13765552E+01
   .70000000E+00  .13606521E+01
   .75000000E+00  .13446185E+01
   .80000000E+00  .13284517E+01
   .85000000E+00  .13121490E+01
   .90000000E+00  .12957074E+01
   .95000000E+00  .12791239E+01
   .10000000E+01  .12623955E+01
   .10500000E+01  .12455189E+01
   .11000000E+01  .12284909E+01
   .11500000E+01  .12113081E+01
   .12000000E+01  .11939670E+01
   .12500000E+01  .11764639E+01
   .13000000E+01  .11587950E+01
   .13500000E+01  .11409566E+01
   .14000000E+01  .11229445E+01
   .14500000E+01  .11047547E+01
   .15000000E+01  .10863827E+01
   .15500000E+01  .10678242E+01
   .16000000E+01  .10490744E+01
   .16500000E+01  .10301287E+01
   .17000000E+01  .10109819E+01
   .17500000E+01  .99162904E+00
   .18000000E+01  .97206462E+00
   .18500000E+01  .95228311E+00
   .19000000E+01  .93227872E+00
   .19500000E+01  .91204544E+00
   .20000000E+01  .89157702E+00
Potential  L  =        4.00000    .00000
  -.30000000E+01  .23019291E+01
  -.29500000E+01  .22914489E+01
  -.29000000E+01  .22809285E+01
  -.28500000E+01  .22703624E+01
  -.28000000E+01  .22597545E+01
  -.27500000E+01  .22491021E+01
  -.27000000E+01  .22384046E+01
  -.26500000E+01  .22276629E+01
  -.26000000E+01  .22168747E+01
  -.25500000E+01  .22060408E+01
  -.25000000E+01  .21951593E+01
  -.24500000E+01  .21842323E+01
  -.24000000E+01  .21732549E+01
  -.23500000E+01  .21622304E+01
  -.23000000E+01  .21511574E+01
  -.22500000E+01  .21400323E+01
  -.22000000E+01  .21288585E+01
  -.21500000E+01  .21176342E+01
  -.21000000E+01  .21063589E+01
  -.20500000E+01  .20950291E+01
  -.20000000E+01  .20836492E+01
  -.19500000E+01  .20722134E+01
  -.19000000E+01  .20607241E+01
  -.18500000E+01  .20491799E+01
  -.18000000E+01  .20375799E+01
  -.17500000E+01  .20259239E+01
  -.17000000E+01  .20142109E+01
  -.16500000E+01  .20024402E+01
  -.16000000E+01  .19906102E+01
  -.15500000E+01  .19787211E+01
  -.15000000E+01  .19667726E+01
  -.14500000E+01  .19547613E+01
  -.14000000E+01  .19426899E+01
  -.13500000E+01  .19305536E+01
  -.13000000E+01  .19183550E+01
  -.12500000E+01  .19060914E+01
  -.12000000E+01  .18937629E+01
  -.11500000E+01  .18813677E+01
  -.11000000E+01  .18689049E+01
  -.10500000E+01  .18563743E+01
  -.10000000E+01  .18437737E+01
  -.95000000E+00  .18311032E+01
  -.90000000E+00  .18183612E+01
  -.85000000E+00  .18055467E+01
  -.80000000E+00  .17926586E+01
  -.75000000E+00  .17796959E+01
  -.70000000E+00  .17666572E+01
  -.65000000E+00  .17535415E+01
  -.60000000E+00  .17403476E+01
  -.55000000E+00  .17270742E+01
  -.50000000E+00  .17137202E+01
  -.45000000E+00  .17002843E+01
  -.40000000E+00  .16867649E+01
  -.35000000E+00  .16731608E+01
  -.30000000E+00  .16594707E+01
  -.25000000E+00  .16456931E+01
  -.20000000E+00  .16318265E+01
  -.15000000E+00  .16178696E+01
  -.10000000E+00  .16038207E+01
  -.50000000E-01  .15896782E+01
  -.22898350E-14  .15754406E+01
   .50000000E-01  .15611061E+01
   .10000000E+00  .15466732E+01
   .15000000E+00  .15321399E+01
   .20000000E+00  .15175047E+01
   .25000000E+00  .15027656E+01
   .30000000E+00  .14879208E+01
   .35000000E+00  .14729682E+01
   .40000000E+00  .14579059E+01
   .45000000E+00  .14427319E+01
   .50000000E+00  .14274440E+01
   .55000000E+00  .14120401E+01
   .60000000E+00  .13965180E+01
   .65000000E+00  .13808753E+01
   .70000000E+00  .13651097E+01
   .75000000E+00  .13492188E+01
   .80000000E+00  .13332001E+01
   .85000000E+00  .13170510E+01
   .90000000E+00  .13007688E+01
   .95000000E+00  .12843509E+01
   .10000000E+01  .12677944E+01
   .10500000E+01  .12510963E+01
   .11000000E+01  .12342538E+01
   .11500000E+01  .12172638E+01
   .12000000E+01  .12001230E+01
   .12500000E+01  .11828281E+01
   .13000000E+01  .11653759E+01
   .13500000E+01  .11477627E+01
   .14000000E+01  .11299850E+01
   .14500000E+01  .11120389E+01
   .15000000E+01  .10939208E+01
   .15500000E+01  .10756265E+01
   .16000000E+01  .10571520E+01
   .16500000E+01  .10384929E+01
   .17000000E+01  .10196449E+01
   .17500000E+01  .10006034E+01
   .18000000E+01  .98136366E+00
   .18500000E+01  .96192073E+00
   .19000000E+01  .94226955E+00
   .19500000E+01  .92240486E+00
   .20000000E+01  .90232118E+00
KBPotential  L  =      1.00000  -6.82691
  -.30000000E+01  .20088388E+01
  -.29500000E+01  .19442308E+01
  -.29000000E+01  .18900062E+01
  -.28500000E+01  .18431261E+01
  -.28000000E+01  .18016186E+01
  -.27500000E+01  .17641484E+01
  -.27000000E+01  .17297781E+01
  -.26500000E+01  .16978304E+01
  -.26000000E+01  .16678033E+01
  -.25500000E+01  .16393166E+01
  -.25000000E+01  .16120783E+01
  -.24500000E+01  .15858552E+01
  -.24000000E+01  .15604652E+01
  -.23500000E+01  .15357601E+01
  -.23000000E+01  .15116185E+01
  -.22500000E+01  .14879403E+01
  -.22000000E+01  .14646415E+01
  -.21500000E+01  .14416513E+01
  -.21000000E+01  .14189095E+01
  -.20500000E+01  .13963640E+01
  -.20000000E+01  .13739698E+01
  -.19500000E+01  .13516874E+01
  -.19000000E+01  .13294821E+01
  -.18500000E+01  .13073229E+01
  -.18000000E+01  .12851820E+01
  -.17500000E+01  .12630345E+01
  -.17000000E+01  .12408573E+01
  -.16500000E+01  .12186297E+01
  -.16000000E+01  .11963323E+01
  -.15500000E+01  .11739469E+01
  -.15000000E+01  .11514567E+01
  -.14500000E+01  .11288458E+01
  -.14000000E+01  .11060988E+01
  -.13500000E+01  .10832013E+01
  -.13000000E+01  .10601392E+01
  -.12500000E+01  .10368989E+01
  -.12000000E+01  .10134670E+01
  -.11500000E+01  .98983065E+00
  -.11000000E+01  .96597688E+00
  -.10500000E+01  .94189291E+00
  -.10000000E+01  .91756606E+00
  -.95000000E+00  .89298358E+00
  -.90000000E+00  .86813267E+00
  -.85000000E+00  .84300042E+00
  -.80000000E+00  .81757375E+00
  -.75000000E+00  .79183937E+00
  -.70000000E+00  .76578374E+00
  -.65000000E+00  .73939300E+00
  -.60000000E+00  .71265296E+00
  -.55000000E+00  .68554904E+00
  -.50000000E+00  .65806624E+00
  -.45000000E+00  .63018904E+00
  -.40000000E+00  .60190143E+00
  -.35000000E+00  .57318681E+00
  -.30000000E+00  .54402797E+00
  -.25000000E+00  .51440698E+00
  -.20000000E+00  .48430525E+00
  -.15000000E+00  .45370332E+00
  -.10000000E+00  .42258093E+00
  -.50000000E-01  .39091689E+00
  -.22898350E-14  .35868903E+00
   .50000000E-01  .32587410E+00
   .10000000E+00  .29244774E+00
   .15000000E+00  .25838434E+00
   .20000000E+00  .22365699E+00
   .25000000E+00  .18823737E+00
   .30000000E+00  .15209560E+00
   .35000000E+00  .11520025E+00
   .40000000E+00  .77518046E-01
   .45000000E+00  .39013865E-01
   .50000000E+00 -.34947318E-03
   .55000000E+00 -.40611350E-01
   .60000000E+00 -.81813523E-01
   .65000000E+00 -.12400032E+00
   .70000000E+00 -.16721884E+00
   .75000000E+00 -.21151920E+00
   .80000000E+00 -.25695478E+00
   .85000000E+00 -.30358250E+00
   .90000000E+00 -.35146310E+00
   .95000000E+00 -.40066153E+00
   .10000000E+01 -.45124730E+00
   .10500000E+01 -.50329487E+00
   .11000000E+01 -.55688415E+00
   .11500000E+01 -.61210098E+00
   .12000000E+01 -.66903772E+00
   .12500000E+01 -.72779388E+00
   .13000000E+01 -.78847680E+00
   .13500000E+01 -.85120262E+00
   .14000000E+01 -.91609687E+00
   .14500000E+01 -.98329575E+00
   .15000000E+01 -.10529472E+01
   .15500000E+01 -.11252120E+01
   .16000000E+01 -.12002657E+01
   .16500000E+01 -.12782998E+01
   .17000000E+01 -.13595240E+01
   .17500000E+01 -.14441682E+01
   .18000000E+01 -.15324851E+01
   .18500000E+01 -.16247530E+01
   .19000000E+01 -.17212796E+01
   .19500000E+01 -.18224050E+01
   .20000000E+01 -.19285074E+01
KBPotential  L  =      2.00000   -.79619
  -.30000000E+01  .16829205E+01
  -.29500000E+01  .16670556E+01
  -.29000000E+01  .16510025E+01
  -.28500000E+01  .16347538E+01
  -.28000000E+01  .16183014E+01
  -.27500000E+01  .16016368E+01
  -.27000000E+01  .15847508E+01
  -.26500000E+01  .15676333E+01
  -.26000000E+01  .15502743E+01
  -.25500000E+01  .15326622E+01
  -.25000000E+01  .15147849E+01
  -.24500000E+01  .14966291E+01
  -.24000000E+01  .14781808E+01
  -.23500000E+01  .14594245E+01
  -.23000000E+01  .14403436E+01
  -.22500000E+01  .14209200E+01
  -.22000000E+01  .14011340E+01
  -.21500000E+01  .13809640E+01
  -.21000000E+01  .13603867E+01
  -.20500000E+01  .13393761E+01
  -.20000000E+01  .13179040E+01
  -.19500000E+01  .12959391E+01
  -.19000000E+01  .12734470E+01
  -.18500000E+01  .12503892E+01
  -.18000000E+01  .12267235E+01
  -.17500000E+01  .12024022E+01
  -.17000000E+01  .11773725E+01
  -.16500000E+01  .11515746E+01
  -.16000000E+01  .11249256E+01
  -.15500000E+01  .10973806E+01
  -.15000000E+01  .10688378E+01
  -.14500000E+01  .10391985E+01
  -.14000000E+01  .10083457E+01
  -.13500000E+01  .97615657E+00
  -.13000000E+01  .94247576E+00
  -.12500000E+01  .90712660E+00
  -.12000000E+01  .86990157E+00
  -.11500000E+01  .83055527E+00
  -.11000000E+01  .78879527E+00
  -.10500000E+01  .74426717E+00
  -.10000000E+01  .69655084E+00
  -.95000000E+00  .64512155E+00
  -.90000000E+00  .58933311E+00
  -.85000000E+00  .52837537E+00
  -.80000000E+00  .46121854E+00
  -.75000000E+00  .38653295E+00
  -.70000000E+00  .30257188E+00
  -.65000000E+00  .20699043E+00
  -.60000000E+00  .96572078E-01
  -.55000000E+00 -.33224053E-01
  -.50000000E+00 -.18902075E+00
  -.45000000E+00 -.38101211E+00
  -.40000000E+00 -.62492017E+00
  -.35000000E+00 -.94837419E+00
  -.30000000E+00 -.14018168E+01
  -.25000000E+00 -.20902722E+01
  -.20000000E+00 -.32739160E+01
  -.15000000E+00 -.58222685E+01
  -.10000000E+00 -.15518184E+02
  -.50000000E-01  .41039714E+02
  -.22898350E-14  .10025339E+02
   .50000000E-01  .60557424E+01
   .10000000E+00  .44857266E+01
   .15000000E+00  .36379419E+01
   .20000000E+00  .31028425E+01
   .25000000E+00  .27312332E+01
   .30000000E+00  .24557580E+01
   .35000000E+00  .22416465E+01
   .40000000E+00  .20688074E+01
   .45000000E+00  .19251364E+01
   .50000000E+00  .18029817E+01
   .55000000E+00  .16969365E+01
   .60000000E+00  .16032949E+01
   .65000000E+00  .15193909E+01
   .70000000E+00  .14432514E+01
   .75000000E+00  .13733805E+01
   .80000000E+00  .13086334E+01
   .85000000E+00  .12481030E+01
   .90000000E+00  .11910760E+01
   .95000000E+00  .11369748E+01
   .10000000E+01  .10853276E+01
   .10500000E+01  .10357450E+01
   .11000000E+01  .98790143E+00
   .11500000E+01  .94152258E+00
   .12000000E+01  .89637467E+00
   .12500000E+01  .85225673E+00
   .13000000E+01  .80899440E+00
   .13500000E+01  .76643500E+00
   .14000000E+01  .72444349E+00
   .14500000E+01  .68290014E+00
   .15000000E+01  .64169672E+00
   .15500000E+01  .60073525E+00
   .16000000E+01  .55992602E+00
   .16500000E+01  .51917962E+00
   .17000000E+01  .47843171E+00
   .17500000E+01  .43764289E+00
   .18000000E+01  .39666395E+00
   .18500000E+01  .35546999E+00
   .19000000E+01  .31396749E+00
   .19500000E+01  .27218148E+00
   .20000000E+01  .22996208E+00
KBPotential  L  =       .00000   -.66168
  -.30000000E+01  .14311831E+01
  -.29500000E+01  .14139546E+01
  -.29000000E+01  .13965458E+01
  -.28500000E+01  .13789520E+01
  -.28000000E+01  .13611681E+01
  -.27500000E+01  .13431890E+01
  -.27000000E+01  .13250093E+01
  -.26500000E+01  .13066233E+01
  -.26000000E+01  .12880252E+01
  -.25500000E+01  .12692090E+01
  -.25000000E+01  .12501682E+01
  -.24500000E+01  .12308963E+01
  -.24000000E+01  .12113863E+01
  -.23500000E+01  .11916311E+01
  -.23000000E+01  .11716230E+01
  -.22500000E+01  .11513543E+01
  -.22000000E+01  .11308167E+01
  -.21500000E+01  .11100016E+01
  -.21000000E+01  .10888999E+01
  -.20500000E+01  .10675023E+01
  -.20000000E+01  .10457989E+01
  -.19500000E+01  .10237793E+01
  -.19000000E+01  .10014325E+01
  -.18500000E+01  .97874726E+00
  -.18000000E+01  .95571148E+00
  -.17500000E+01  .93231257E+00
  -.17000000E+01  .90853724E+00
  -.16500000E+01  .88437152E+00
  -.16000000E+01  .85980068E+00
  -.15500000E+01  .83480919E+00
  -.15000000E+01  .80938069E+00
  -.14500000E+01  .78349786E+00
  -.14000000E+01  .75714239E+00
  -.13500000E+01  .73029499E+00
  -.13000000E+01  .70293517E+00
  -.12500000E+01  .67504123E+00
  -.12000000E+01  .64659016E+00
  -.11500000E+01  .61755753E+00
  -.11000000E+01  .58791740E+00
  -.10500000E+01  .55764216E+00
  -.10000000E+01  .52670242E+00
  -.95000000E+00  .49506684E+00
  -.90000000E+00  .46270200E+00
  -.85000000E+00  .42957220E+00
  -.80000000E+00  .39563924E+00
  -.75000000E+00  .36086222E+00
  -.70000000E+00  .32519730E+00
  -.65000000E+00  .28859742E+00
  -.60000000E+00  .25101199E+00
  -.55000000E+00  .21238650E+00
  -.50000000E+00  .17266223E+00
  -.45000000E+00  .13177578E+00
  -.40000000E+00  .89658593E-01
  -.35000000E+00  .46236366E-01
  -.30000000E+00  .14285136E-02
  -.25000000E+00 -.44852563E-01
  -.20000000E+00 -.92702297E-01
  -.15000000E+00 -.14222479E+00
  -.10000000E+00 -.19353387E+00
  -.50000000E-01 -.24675432E+00
  -.22898350E-14 -.30202303E+00
   .50000000E-01 -.35949086E+00
   .10000000E+00 -.41932420E+00
   .15000000E+00 -.48170720E+00
   .20000000E+00 -.54684415E+00
   .25000000E+00 -.61496239E+00
   .30000000E+00 -.68631570E+00
   .35000000E+00 -.76118828E+00
   .40000000E+00 -.83989956E+00
   .45000000E+00 -.92280981E+00
   .50000000E+00 -.10103271E+01
   .55000000E+00 -.11029158E+01
   .60000000E+00 -.12011060E+01
   .65000000E+00 -.13055072E+01
   .70000000E+00 -.14168223E+01
   .75000000E+00 -.15358680E+01
   .80000000E+00 -.16635989E+01
   .85000000E+00 -.18011380E+01
   .90000000E+00 -.19498175E+01
   .95000000E+00 -.21112301E+01
   .10000000E+01 -.22872989E+01
   .10500000E+01 -.24803702E+01
   .11000000E+01 -.26933405E+01
   .11500000E+01 -.29298350E+01
   .12000000E+01 -.31944617E+01
   .12500000E+01 -.34931847E+01
   .13000000E+01 -.38338899E+01
   .13500000E+01 -.42272721E+01
   .14000000E+01 -.46882904E+01
   .14500000E+01 -.52386825E+01
   .15000000E+01 -.59115969E+01
   .15500000E+01 -.67608734E+01
   .16000000E+01 -.78816730E+01
   .16500000E+01 -.94635804E+01
   .17000000E+01 -.11959214E+02
   .17500000E+01 -.16840035E+02
   .18000000E+01 -.33769060E+02
   .18500000E+01  .57086011E+02
   .19000000E+01  .55974172E+01
   .19500000E+01 -.31358194E+01
   .20000000E+01 -.92575237E+01
KBPotential  L  =      3.00000    .00000
  -.30000000E+01  .19926921E+01
  -.29500000E+01  .19804271E+01
  -.29000000E+01  .19680925E+01
  -.28500000E+01  .19556872E+01
  -.28000000E+01  .19432100E+01
  -.27500000E+01  .19306598E+01
  -.27000000E+01  .19180354E+01
  -.26500000E+01  .19053356E+01
  -.26000000E+01  .18925591E+01
  -.25500000E+01  .18797047E+01
  -.25000000E+01  .18667710E+01
  -.24500000E+01  .18537566E+01
  -.24000000E+01  .18406603E+01
  -.23500000E+01  .18274805E+01
  -.23000000E+01  .18142158E+01
  -.22500000E+01  .18008646E+01
  -.22000000E+01  .17874256E+01
  -.21500000E+01  .17738969E+01
  -.21000000E+01  .17602771E+01
  -.20500000E+01  .17465644E+01
  -.20000000E+01  .17327571E+01
  -.19500000E+01  .17188535E+01
  -.19000000E+01  .17048516E+01
  -.18500000E+01  .16907497E+01
  -.18000000E+01  .16765457E+01
  -.17500000E+01  .16622377E+01
  -.17000000E+01  .16478237E+01
  -.16500000E+01  .16333014E+01
  -.16000000E+01  .16186687E+01
  -.15500000E+01  .16039235E+01
  -.15000000E+01  .15890632E+01
  -.14500000E+01  .15740856E+01
  -.14000000E+01  .15589881E+01
  -.13500000E+01  .15437683E+01
  -.13000000E+01  .15284234E+01
  -.12500000E+01  .15129508E+01
  -.12000000E+01  .14973476E+01
  -.11500000E+01  .14816110E+01
  -.11000000E+01  .14657379E+01
  -.10500000E+01  .14497251E+01
  -.10000000E+01  .14335696E+01
  -.95000000E+00  .14172680E+01
  -.90000000E+00  .14008167E+01
  -.85000000E+00  .13842123E+01
  -.80000000E+00  .13674511E+01
  -.75000000E+00  .13505292E+01
  -.70000000E+00  .13334426E+01
  -.65000000E+00  .13161872E+01
  -.60000000E+00  .12987587E+01
  -.55000000E+00  .12811528E+01
  -.50000000E+00  .12633647E+01
  -.45000000E+00  .12453897E+01
  -.40000000E+00  .12272228E+01
  -.35000000E+00  .12088588E+01
  -.30000000E+00  .11902923E+01
  -.25000000E+00  .11715178E+01
  -.20000000E+00  .11525294E+01
  -.15000000E+00  .11333209E+01
  -.10000000E+00  .11138861E+01
  -.50000000E-01  .10942183E+01
  -.22898350E-14  .10743107E+01
   .50000000E-01  .10541560E+01
   .10000000E+00  .10337467E+01
   .15000000E+00  .10130750E+01
   .20000000E+00  .99213262E+00
   .25000000E+00  .97091096E+00
   .30000000E+00  .94940104E+00
   .35000000E+00  .92759342E+00
   .40000000E+00  .90547824E+00
   .45000000E+00  .88304512E+00
   .50000000E+00  .86028321E+00
   .55000000E+00  .83718109E+00
   .60000000E+00  .81372676E+00
   .65000000E+00  .78990763E+00
   .70000000E+00  .76571042E+00
   .75000000E+00  .74112118E+00
   .80000000E+00  .71612519E+00
   .85000000E+00  .69070693E+00
   .90000000E+00  .66485003E+00
   .95000000E+00  .63853719E+00
   .10000000E+01  .61175016E+00
   .10500000E+01  .58446938E+00
   .11000000E+01  .55667478E+00
   .11500000E+01  .52834449E+00
   .12000000E+01  .49945550E+00
   .12500000E+01  .46998337E+00
   .13000000E+01  .43990215E+00
   .13500000E+01  .40918422E+00
   .14000000E+01  .37780020E+00
   .14500000E+01  .34571874E+00
   .15000000E+01  .31290638E+00
   .15500000E+01  .27932739E+00
   .16000000E+01  .24494356E+00
   .16500000E+01  .20971395E+00
   .17000000E+01  .17359467E+00
   .17500000E+01  .13653862E+00
   .18000000E+01  .98495117E-01
   .18500000E+01  .59409901E-01
   .19000000E+01  .19223644E-01
   .19500000E+01 -.22126883E-01
   .20000000E+01 -.64710314E-01
KBPotential  L  =      4.00000    .00000
  -.30000000E+01  .23019291E+01
  -.29500000E+01  .22914489E+01
  -.29000000E+01  .22809285E+01
  -.28500000E+01  .22703624E+01
  -.28000000E+01  .22597545E+01
  -.27500000E+01  .22491021E+01
  -.27000000E+01  .22384046E+01
  -.26500000E+01  .22276629E+01
  -.26000000E+01  .22168747E+01
  -.25500000E+01  .22060408E+01
  -.25000000E+01  .21951593E+01
  -.24500000E+01  .21842323E+01
  -.24000000E+01  .21732549E+01
  -.23500000E+01  .21622304E+01
  -.23000000E+01  .21511574E+01
  -.22500000E+01  .21400323E+01
  -.22000000E+01  .21288585E+01
  -.21500000E+01  .21176342E+01
  -.21000000E+01  .21063589E+01
  -.20500000E+01  .20950291E+01
  -.20000000E+01  .20836492E+01
  -.19500000E+01  .20722134E+01
  -.19000000E+01  .20607241E+01
  -.18500000E+01  .20491799E+01
  -.18000000E+01  .20375799E+01
  -.17500000E+01  .20259239E+01
  -.17000000E+01  .20142109E+01
  -.16500000E+01  .20024402E+01
  -.16000000E+01  .19906102E+01
  -.15500000E+01  .19787211E+01
  -.15000000E+01  .19667726E+01
  -.14500000E+01  .19547613E+01
  -.14000000E+01  .19426899E+01
  -.13500000E+01  .19305536E+01
  -.13000000E+01  .19183550E+01
  -.12500000E+01  .19060914E+01
  -.12000000E+01  .18937629E+01
  -.11500000E+01  .18813677E+01
  -.11000000E+01  .18689049E+01
  -.10500000E+01  .18563743E+01
  -.10000000E+01  .18437737E+01
  -.95000000E+00  .18311032E+01
  -.90000000E+00  .18183612E+01
  -.85000000E+00  .18055467E+01
  -.80000000E+00  .17926586E+01
  -.75000000E+00  .17796959E+01
  -.70000000E+00  .17666572E+01
  -.65000000E+00  .17535415E+01
  -.60000000E+00  .17403476E+01
  -.55000000E+00  .17270742E+01
  -.50000000E+00  .17137202E+01
  -.45000000E+00  .17002843E+01
  -.40000000E+00  .16867649E+01
  -.35000000E+00  .16731608E+01
  -.30000000E+00  .16594707E+01
  -.25000000E+00  .16456931E+01
  -.20000000E+00  .16318265E+01
  -.15000000E+00  .16178696E+01
  -.10000000E+00  .16038207E+01
  -.50000000E-01  .15896782E+01
  -.22898350E-14  .15754406E+01
   .50000000E-01  .15611061E+01
   .10000000E+00  .15466732E+01
   .15000000E+00  .15321399E+01
   .20000000E+00  .15175047E+01
   .25000000E+00  .15027656E+01
   .30000000E+00  .14879208E+01
   .35000000E+00  .14729682E+01
   .40000000E+00  .14579059E+01
   .45000000E+00  .14427319E+01
   .50000000E+00  .14274440E+01
   .55000000E+00  .14120401E+01
   .60000000E+00  .13965180E+01
   .65000000E+00  .13808753E+01
   .70000000E+00  .13651097E+01
   .75000000E+00  .13492188E+01
   .80000000E+00  .13332001E+01
   .85000000E+00  .13170510E+01
   .90000000E+00  .13007688E+01
   .95000000E+00  .12843509E+01
   .10000000E+01  .12677944E+01
   .10500000E+01  .12510963E+01
   .11000000E+01  .12342538E+01
   .11500000E+01  .12172638E+01
   .12000000E+01  .12001230E+01
   .12500000E+01  .11828281E+01
   .13000000E+01  .11653759E+01
   .13500000E+01  .11477627E+01
   .14000000E+01  .11299850E+01
   .14500000E+01  .11120389E+01
   .15000000E+01  .10939208E+01
   .15500000E+01  .10756265E+01
   .16000000E+01  .10571520E+01
   .16500000E+01  .10384929E+01
   .17000000E+01  .10196449E+01
   .17500000E+01  .10006034E+01
   .18000000E+01  .98136366E+00
   .18500000E+01  .96192073E+00
   .19000000E+01  .94226955E+00
   .19500000E+01  .92240486E+00
   .20000000E+01  .90232118E+00
