  PAW Cu                                 
 100
Core Pot   L  =         .00000   -.34232
  -.30000000E+01  .14358262E+01
  -.29500000E+01  .14181769E+01
  -.29000000E+01  .14003265E+01
  -.28500000E+01  .13822690E+01
  -.28000000E+01  .13639980E+01
  -.27500000E+01  .13455071E+01
  -.27000000E+01  .13267894E+01
  -.26500000E+01  .13078376E+01
  -.26000000E+01  .12886443E+01
  -.25500000E+01  .12692016E+01
  -.25000000E+01  .12495013E+01
  -.24500000E+01  .12295346E+01
  -.24000000E+01  .12092925E+01
  -.23500000E+01  .11887655E+01
  -.23000000E+01  .11679434E+01
  -.22500000E+01  .11468159E+01
  -.22000000E+01  .11253716E+01
  -.21500000E+01  .11035991E+01
  -.21000000E+01  .10814858E+01
  -.20500000E+01  .10590189E+01
  -.20000000E+01  .10361846E+01
  -.19500000E+01  .10129684E+01
  -.19000000E+01  .98935492E+00
  -.18500000E+01  .96532795E+00
  -.18000000E+01  .94087030E+00
  -.17500000E+01  .91596374E+00
  -.17000000E+01  .89058890E+00
  -.16500000E+01  .86472524E+00
  -.16000000E+01  .83835090E+00
  -.15500000E+01  .81144260E+00
  -.15000000E+01  .78397557E+00
  -.14500000E+01  .75592336E+00
  -.14000000E+01  .72725772E+00
  -.13500000E+01  .69794846E+00
  -.13000000E+01  .66796327E+00
  -.12500000E+01  .63726751E+00
  -.12000000E+01  .60582399E+00
  -.11500000E+01  .57359279E+00
  -.11000000E+01  .54053092E+00
  -.10500000E+01  .50659206E+00
  -.10000000E+01  .47172624E+00
  -.95000000E+00  .43587942E+00
  -.90000000E+00  .39899311E+00
  -.85000000E+00  .36100393E+00
  -.80000000E+00  .32184295E+00
  -.75000000E+00  .28143521E+00
  -.70000000E+00  .23969899E+00
  -.65000000E+00  .19654499E+00
  -.60000000E+00  .15187548E+00
  -.55000000E+00  .10558323E+00
  -.50000000E+00  .57550375E-01
  -.45000000E+00  .76469830E-02
  -.40000000E+00 -.44270468E-01
  -.35000000E+00 -.98360963E-01
  -.30000000E+00 -.15480107E+00
  -.25000000E+00 -.21378747E+00
  -.20000000E+00 -.27553993E+00
  -.15000000E+00 -.34030474E+00
  -.10000000E+00 -.40835894E+00
  -.50000000E-01 -.48001519E+00
  -.22898350E-14 -.55562779E+00
   .50000000E-01 -.63559979E+00
   .10000000E+00 -.72039173E+00
   .15000000E+00 -.81053230E+00
   .20000000E+00 -.90663141E+00
   .25000000E+00 -.10093965E+01
   .30000000E+00 -.11196527E+01
   .35000000E+00 -.12383686E+01
   .40000000E+00 -.13666890E+01
   .45000000E+00 -.15059763E+01
   .50000000E+00 -.16578656E+01
   .55000000E+00 -.18243361E+01
   .60000000E+00 -.20078067E+01
   .65000000E+00 -.22112658E+01
   .70000000E+00 -.24384486E+01
   .75000000E+00 -.26940871E+01
   .80000000E+00 -.29842654E+01
   .85000000E+00 -.33169408E+01
   .90000000E+00 -.37027246E+01
   .95000000E+00 -.41560891E+01
   .10000000E+01 -.46973001E+01
   .10500000E+01 -.53556386E+01
   .11000000E+01 -.61750409E+01
   .11500000E+01 -.72245802E+01
   .12000000E+01 -.86194432E+01
   .12500000E+01 -.10567124E+02
   .13000000E+01 -.13483054E+02
   .13500000E+01 -.18338164E+02
   .14000000E+01 -.28053608E+02
   .14500000E+01 -.57336334E+02
   .15000000E+01  .67320571E+04
   .15500000E+01  .58203998E+02
   .16000000E+01  .29665043E+02
   .16500000E+01  .20086845E+02
   .17000000E+01  .15279204E+02
   .17500000E+01  .12384622E+02
   .18000000E+01  .10447877E+02
   .18500000E+01  .90589188E+01
   .19000000E+01  .80125005E+01
   .19500000E+01  .71945090E+01
   .20000000E+01  .65364362E+01
Potential  L  =         .00000   -.34232
  -.30000000E+01  .14755441E+01
  -.29500000E+01  .14585871E+01
  -.29000000E+01  .14414405E+01
  -.28500000E+01  .14240981E+01
  -.28000000E+01  .14065536E+01
  -.27500000E+01  .13888004E+01
  -.27000000E+01  .13708314E+01
  -.26500000E+01  .13526392E+01
  -.26000000E+01  .13342160E+01
  -.25500000E+01  .13155536E+01
  -.25000000E+01  .12966433E+01
  -.24500000E+01  .12774758E+01
  -.24000000E+01  .12580416E+01
  -.23500000E+01  .12383302E+01
  -.23000000E+01  .12183308E+01
  -.22500000E+01  .11980318E+01
  -.22000000E+01  .11774210E+01
  -.21500000E+01  .11564852E+01
  -.21000000E+01  .11352105E+01
  -.20500000E+01  .11135821E+01
  -.20000000E+01  .10915841E+01
  -.19500000E+01  .10691997E+01
  -.19000000E+01  .10464106E+01
  -.18500000E+01  .10231976E+01
  -.18000000E+01  .99953967E+00
  -.17500000E+01  .97541454E+00
  -.17000000E+01  .95079807E+00
  -.16500000E+01  .92566431E+00
  -.16000000E+01  .89998518E+00
  -.15500000E+01  .87373036E+00
  -.15000000E+01  .84686696E+00
  -.14500000E+01  .81935928E+00
  -.14000000E+01  .79116848E+00
  -.13500000E+01  .76225226E+00
  -.13000000E+01  .73256436E+00
  -.12500000E+01  .70205419E+00
  -.12000000E+01  .67066623E+00
  -.11500000E+01  .63833940E+00
  -.11000000E+01  .60500635E+00
  -.10500000E+01  .57059263E+00
  -.10000000E+01  .53501569E+00
  -.95000000E+00  .49818376E+00
  -.90000000E+00  .45999445E+00
  -.85000000E+00  .42033319E+00
  -.80000000E+00  .37907133E+00
  -.75000000E+00  .33606387E+00
  -.70000000E+00  .29114672E+00
  -.65000000E+00  .24413349E+00
  -.60000000E+00  .19481146E+00
  -.55000000E+00  .14293672E+00
  -.50000000E+00  .88228237E-01
  -.45000000E+00  .30360379E-01
  -.40000000E+00 -.31046302E-01
  -.35000000E+00 -.96436772E-01
  -.30000000E+00 -.16633637E+00
  -.25000000E+00 -.24136994E+00
  -.20000000E+00 -.32228661E+00
  -.15000000E+00 -.40999255E+00
  -.10000000E+00 -.50559445E+00
  -.50000000E-01 -.61045849E+00
  -.22898350E-14 -.72629131E+00
   .50000000E-01 -.85525342E+00
   .10000000E+00 -.10001211E+01
   .15000000E+00 -.11645230E+01
   .20000000E+00 -.13532950E+01
   .25000000E+00 -.15730282E+01
   .30000000E+00 -.18329460E+01
   .35000000E+00 -.21463642E+01
   .40000000E+00 -.25332459E+01
   .45000000E+00 -.30249423E+01
   .50000000E+00 -.36736671E+01
   .55000000E+00 -.45733168E+01
   .60000000E+00 -.59114436E+01
   .65000000E+00 -.81248276E+01
   .70000000E+00 -.12519435E+02
   .75000000E+00 -.25573176E+02
   .80000000E+00 -.26360892E+04
   .85000000E+00  .27301540E+02
   .90000000E+00  .13848699E+02
   .95000000E+00  .93789526E+01
   .10000000E+01  .71378057E+01
   .10500000E+01  .57852181E+01
   .11000000E+01  .48760001E+01
   .11500000E+01  .42197168E+01
   .12000000E+01  .37212620E+01
   .12500000E+01  .33278432E+01
   .13000000E+01  .30078007E+01
   .13500000E+01  .27409934E+01
   .14000000E+01  .25139949E+01
   .14500000E+01  .23175090E+01
   .15000000E+01  .21448931E+01
   .15500000E+01  .19912726E+01
   .16000000E+01  .18529885E+01
   .16500000E+01  .17272387E+01
   .17000000E+01  .16118400E+01
   .17500000E+01  .15050646E+01
   .18000000E+01  .14055263E+01
   .18500000E+01  .13120985E+01
   .19000000E+01  .12238551E+01
   .19500000E+01  .11400264E+01
   .20000000E+01  .10599665E+01
Core Pot   L  =        1.00000   -.20000
  -.30000000E+01  .16088565E+01
  -.29500000E+01  .15932059E+01
  -.29000000E+01  .15774328E+01
  -.28500000E+01  .15615334E+01
  -.28000000E+01  .15455041E+01
  -.27500000E+01  .15293408E+01
  -.27000000E+01  .15130397E+01
  -.26500000E+01  .14965969E+01
  -.26000000E+01  .14800081E+01
  -.25500000E+01  .14632692E+01
  -.25000000E+01  .14463758E+01
  -.24500000E+01  .14293236E+01
  -.24000000E+01  .14121080E+01
  -.23500000E+01  .13947242E+01
  -.23000000E+01  .13771673E+01
  -.22500000E+01  .13594325E+01
  -.22000000E+01  .13415144E+01
  -.21500000E+01  .13234076E+01
  -.21000000E+01  .13051067E+01
  -.20500000E+01  .12866058E+01
  -.20000000E+01  .12678989E+01
  -.19500000E+01  .12489798E+01
  -.19000000E+01  .12298420E+01
  -.18500000E+01  .12104787E+01
  -.18000000E+01  .11908829E+01
  -.17500000E+01  .11710474E+01
  -.17000000E+01  .11509643E+01
  -.16500000E+01  .11306259E+01
  -.16000000E+01  .11100236E+01
  -.15500000E+01  .10891489E+01
  -.15000000E+01  .10679926E+01
  -.14500000E+01  .10465452E+01
  -.14000000E+01  .10247967E+01
  -.13500000E+01  .10027366E+01
  -.13000000E+01  .98035396E+00
  -.12500000E+01  .95763721E+00
  -.12000000E+01  .93457425E+00
  -.11500000E+01  .91115233E+00
  -.11000000E+01  .88735806E+00
  -.10500000E+01  .86317731E+00
  -.10000000E+01  .83859521E+00
  -.95000000E+00  .81359608E+00
  -.90000000E+00  .78816333E+00
  -.85000000E+00  .76227948E+00
  -.80000000E+00  .73592602E+00
  -.75000000E+00  .70908337E+00
  -.70000000E+00  .68173077E+00
  -.65000000E+00  .65384623E+00
  -.60000000E+00  .62540639E+00
  -.55000000E+00  .59638646E+00
  -.50000000E+00  .56676006E+00
  -.45000000E+00  .53649910E+00
  -.40000000E+00  .50557365E+00
  -.35000000E+00  .47395180E+00
  -.30000000E+00  .44159945E+00
  -.25000000E+00  .40848010E+00
  -.20000000E+00  .37455477E+00
  -.15000000E+00  .33978157E+00
  -.10000000E+00  .30411559E+00
  -.50000000E-01  .26750855E+00
  -.22898350E-14  .22990850E+00
   .50000000E-01  .19125943E+00
   .10000000E+00  .15150089E+00
   .15000000E+00  .11056753E+00
   .20000000E+00  .68388579E-01
   .25000000E+00  .24887284E-01
   .30000000E+00 -.20019756E-01
   .35000000E+00 -.66423316E-01
   .40000000E+00 -.11442240E+00
   .45000000E+00 -.16412518E+00
   .50000000E+00 -.21565011E+00
   .55000000E+00 -.26912717E+00
   .60000000E+00 -.32469932E+00
   .65000000E+00 -.38252411E+00
   .70000000E+00 -.44277572E+00
   .75000000E+00 -.50564711E+00
   .80000000E+00 -.57135268E+00
   .85000000E+00 -.64013134E+00
   .90000000E+00 -.71225009E+00
   .95000000E+00 -.78800835E+00
   .10000000E+01 -.86774297E+00
   .10500000E+01 -.95183437E+00
   .11000000E+01 -.10407137E+01
   .11500000E+01 -.11348719E+01
   .12000000E+01 -.12348698E+01
   .12500000E+01 -.13413521E+01
   .13000000E+01 -.14550625E+01
   .13500000E+01 -.15768643E+01
   .14000000E+01 -.17077653E+01
   .14500000E+01 -.18489490E+01
   .15000000E+01 -.20018153E+01
   .15500000E+01 -.21680317E+01
   .16000000E+01 -.23496013E+01
   .16500000E+01 -.25489508E+01
   .17000000E+01 -.27690495E+01
   .17500000E+01 -.30135696E+01
   .18000000E+01 -.32871079E+01
   .18500000E+01 -.35954956E+01
   .19000000E+01 -.39462433E+01
   .19500000E+01 -.43491919E+01
   .20000000E+01 -.48174937E+01
Potential  L  =        1.00000   -.20000
  -.30000000E+01  .16105026E+01
  -.29500000E+01  .15952709E+01
  -.29000000E+01  .15799068E+01
  -.28500000E+01  .15644071E+01
  -.28000000E+01  .15487685E+01
  -.27500000E+01  .15329876E+01
  -.27000000E+01  .15170609E+01
  -.26500000E+01  .15009846E+01
  -.26000000E+01  .14847549E+01
  -.25500000E+01  .14683678E+01
  -.25000000E+01  .14518192E+01
  -.24500000E+01  .14351048E+01
  -.24000000E+01  .14182199E+01
  -.23500000E+01  .14011600E+01
  -.23000000E+01  .13839202E+01
  -.22500000E+01  .13664954E+01
  -.22000000E+01  .13488802E+01
  -.21500000E+01  .13310691E+01
  -.21000000E+01  .13130563E+01
  -.20500000E+01  .12948357E+01
  -.20000000E+01  .12764010E+01
  -.19500000E+01  .12577456E+01
  -.19000000E+01  .12388626E+01
  -.18500000E+01  .12197446E+01
  -.18000000E+01  .12003839E+01
  -.17500000E+01  .11807728E+01
  -.17000000E+01  .11609026E+01
  -.16500000E+01  .11407646E+01
  -.16000000E+01  .11203494E+01
  -.15500000E+01  .10996475E+01
  -.15000000E+01  .10786483E+01
  -.14500000E+01  .10573412E+01
  -.14000000E+01  .10357147E+01
  -.13500000E+01  .10137566E+01
  -.13000000E+01  .99145439E+00
  -.12500000E+01  .96879447E+00
  -.12000000E+01  .94576260E+00
  -.11500000E+01  .92234370E+00
  -.11000000E+01  .89852175E+00
  -.10500000E+01  .87427978E+00
  -.10000000E+01  .84959975E+00
  -.95000000E+00  .82446246E+00
  -.90000000E+00  .79884750E+00
  -.85000000E+00  .77273311E+00
  -.80000000E+00  .74609607E+00
  -.75000000E+00  .71891158E+00
  -.70000000E+00  .69115313E+00
  -.65000000E+00  .66279231E+00
  -.60000000E+00  .63379870E+00
  -.55000000E+00  .60413962E+00
  -.50000000E+00  .57377991E+00
  -.45000000E+00  .54268177E+00
  -.40000000E+00  .51080442E+00
  -.35000000E+00  .47810381E+00
  -.30000000E+00  .44453233E+00
  -.25000000E+00  .41003835E+00
  -.20000000E+00  .37456589E+00
  -.15000000E+00  .33805405E+00
  -.10000000E+00  .30043650E+00
  -.50000000E-01  .26164084E+00
  -.22898350E-14  .22158790E+00
   .50000000E-01  .18019090E+00
   .10000000E+00  .13735448E+00
   .15000000E+00  .92973697E-01
   .20000000E+00  .46932647E-01
   .25000000E+00 -.89690306E-03
   .30000000E+00 -.50657268E-01
   .35000000E+00 -.10250684E+00
   .40000000E+00 -.15662242E+00
   .45000000E+00 -.21320201E+00
   .50000000E+00 -.27246813E+00
   .55000000E+00 -.33467168E+00
   .60000000E+00 -.40009670E+00
   .65000000E+00 -.46906606E+00
   .70000000E+00 -.54194829E+00
   .75000000E+00 -.61916607E+00
   .80000000E+00 -.70120651E+00
   .85000000E+00 -.78863400E+00
   .90000000E+00 -.88210618E+00
   .95000000E+00 -.98239413E+00
   .10000000E+01 -.10904079E+01
   .10500000E+01 -.12072295E+01
   .11000000E+01 -.13341555E+01
   .11500000E+01 -.14727529E+01
   .12000000E+01 -.16249341E+01
   .12500000E+01 -.17930572E+01
   .13000000E+01 -.19800645E+01
   .13500000E+01 -.21896750E+01
   .14000000E+01 -.24266593E+01
   .14500000E+01 -.26972399E+01
   .15000000E+01 -.30096889E+01
   .15500000E+01 -.33752486E+01
   .16000000E+01 -.38095957E+01
   .16500000E+01 -.43352680E+01
   .17000000E+01 -.49858799E+01
   .17500000E+01 -.58138807E+01
   .18000000E+01 -.69058976E+01
   .18500000E+01 -.84159951E+01
   .19000000E+01 -.10647159E+02
   .19500000E+01 -.14288578E+02
   .20000000E+01 -.21318803E+02
Core Pot   L  =        2.00000   -.37683
  -.30000000E+01  .18029310E+01
  -.29500000E+01  .17887834E+01
  -.29000000E+01  .17745066E+01
  -.28500000E+01  .17600962E+01
  -.28000000E+01  .17455477E+01
  -.27500000E+01  .17308560E+01
  -.27000000E+01  .17160160E+01
  -.26500000E+01  .17010219E+01
  -.26000000E+01  .16858678E+01
  -.25500000E+01  .16705471E+01
  -.25000000E+01  .16550529E+01
  -.24500000E+01  .16393776E+01
  -.24000000E+01  .16235131E+01
  -.23500000E+01  .16074506E+01
  -.23000000E+01  .15911806E+01
  -.22500000E+01  .15746927E+01
  -.22000000E+01  .15579754E+01
  -.21500000E+01  .15410164E+01
  -.21000000E+01  .15238021E+01
  -.20500000E+01  .15063174E+01
  -.20000000E+01  .14885457E+01
  -.19500000E+01  .14704688E+01
  -.19000000E+01  .14520661E+01
  -.18500000E+01  .14333148E+01
  -.18000000E+01  .14141894E+01
  -.17500000E+01  .13946611E+01
  -.17000000E+01  .13746974E+01
  -.16500000E+01  .13542612E+01
  -.16000000E+01  .13333103E+01
  -.15500000E+01  .13117964E+01
  -.15000000E+01  .12896633E+01
  -.14500000E+01  .12668460E+01
  -.14000000E+01  .12432686E+01
  -.13500000E+01  .12188414E+01
  -.13000000E+01  .11934580E+01
  -.12500000E+01  .11669909E+01
  -.12000000E+01  .11392864E+01
  -.11500000E+01  .11101563E+01
  -.11000000E+01  .10793688E+01
  -.10500000E+01  .10466338E+01
  -.10000000E+01  .10115839E+01
  -.95000000E+00  .97374614E+00
  -.90000000E+00  .93250087E+00
  -.85000000E+00  .88701992E+00
  -.80000000E+00  .83617012E+00
  -.75000000E+00  .77835806E+00
  -.70000000E+00  .71126923E+00
  -.65000000E+00  .63140683E+00
  -.60000000E+00  .53322491E+00
  -.55000000E+00  .40736726E+00
  -.50000000E+00  .23671317E+00
  -.45000000E+00 -.13791332E-01
  -.40000000E+00 -.42895616E+00
  -.35000000E+00 -.12802114E+01
  -.30000000E+00 -.41667433E+01
  -.25000000E+00  .24400151E+02
  -.20000000E+00  .46095147E+01
  -.15000000E+00  .29377784E+01
  -.10000000E+00  .23037977E+01
  -.50000000E-01  .19630029E+01
  -.22898350E-14  .17455203E+01
   .50000000E-01  .15913807E+01
   .10000000E+00  .14740087E+01
   .15000000E+00  .13798165E+01
   .20000000E+00  .13011314E+01
   .25000000E+00  .12332910E+01
   .30000000E+00  .11732973E+01
   .35000000E+00  .11191330E+01
   .40000000E+00  .10693896E+01
   .45000000E+00  .10230525E+01
   .50000000E+00  .97937101E+00
   .55000000E+00  .93777678E+00
   .60000000E+00  .89783040E+00
   .65000000E+00  .85918583E+00
   .70000000E+00  .82156584E+00
   .75000000E+00  .78474474E+00
   .80000000E+00  .74853606E+00
   .85000000E+00  .71278342E+00
   .90000000E+00  .67735387E+00
   .95000000E+00  .64213282E+00
   .10000000E+01  .60702011E+00
   .10500000E+01  .57192702E+00
   .11000000E+01  .53677393E+00
   .11500000E+01  .50148840E+00
   .12000000E+01  .46600364E+00
   .12500000E+01  .43025732E+00
   .13000000E+01  .39419047E+00
   .13500000E+01  .35774665E+00
   .14000000E+01  .32087122E+00
   .14500000E+01  .28351064E+00
   .15000000E+01  .24561198E+00
   .15500000E+01  .20712230E+00
   .16000000E+01  .16798826E+00
   .16500000E+01  .12815565E+00
   .17000000E+01  .87568927E-01
   .17500000E+01  .46170819E-01
   .18000000E+01  .39019013E-02
   .18500000E+01 -.39299838E-01
   .19000000E+01 -.83499446E-01
   .19500000E+01 -.12876547E+00
   .20000000E+01 -.17517045E+00
Potential  L  =        2.00000   -.37683
  -.30000000E+01  .16498915E+01
  -.29500000E+01  .16319793E+01
  -.29000000E+01  .16138014E+01
  -.28500000E+01  .15953468E+01
  -.28000000E+01  .15766038E+01
  -.27500000E+01  .15575602E+01
  -.27000000E+01  .15382026E+01
  -.26500000E+01  .15185170E+01
  -.26000000E+01  .14984886E+01
  -.25500000E+01  .14781012E+01
  -.25000000E+01  .14573379E+01
  -.24500000E+01  .14361803E+01
  -.24000000E+01  .14146087E+01
  -.23500000E+01  .13926023E+01
  -.23000000E+01  .13701383E+01
  -.22500000E+01  .13471925E+01
  -.22000000E+01  .13237387E+01
  -.21500000E+01  .12997485E+01
  -.21000000E+01  .12751914E+01
  -.20500000E+01  .12500343E+01
  -.20000000E+01  .12242413E+01
  -.19500000E+01  .11977734E+01
  -.19000000E+01  .11705881E+01
  -.18500000E+01  .11426390E+01
  -.18000000E+01  .11138757E+01
  -.17500000E+01  .10842426E+01
  -.17000000E+01  .10536789E+01
  -.16500000E+01  .10221177E+01
  -.16000000E+01  .98948514E+00
  -.15500000E+01  .95569973E+00
  -.15000000E+01  .92067099E+00
  -.14500000E+01  .88429842E+00
  -.14000000E+01  .84646989E+00
  -.13500000E+01  .80706009E+00
  -.13000000E+01  .76592838E+00
  -.12500000E+01  .72291644E+00
  -.12000000E+01  .67784527E+00
  -.11500000E+01  .63051185E+00
  -.11000000E+01  .58068486E+00
  -.10500000E+01  .52809956E+00
  -.10000000E+01  .47245151E+00
  -.95000000E+00  .41338896E+00
  -.90000000E+00  .35050279E+00
  -.85000000E+00  .28331491E+00
  -.80000000E+00  .21126299E+00
  -.75000000E+00  .13368038E+00
  -.70000000E+00  .49771368E-01
  -.65000000E+00 -.41421955E-01
  -.60000000E+00 -.14106323E+00
  -.55000000E+00 -.25058025E+00
  -.50000000E+00 -.37174451E+00
  -.45000000E+00 -.50678133E+00
  -.40000000E+00 -.65852516E+00
  -.35000000E+00 -.83064348E+00
  -.30000000E+00 -.10279672E+01
  -.25000000E+00 -.12569918E+01
  -.20000000E+00 -.15266623E+01
  -.15000000E+00 -.18496479E+01
  -.10000000E+00 -.22445065E+01
  -.50000000E-01 -.27395551E+01
  -.22898350E-14 -.33802573E+01
   .50000000E-01 -.42445178E+01
   .10000000E+00 -.54779011E+01
   .15000000E+00 -.73874586E+01
   .20000000E+00 -.10751617E+02
   .25000000E+00 -.18288112E+02
   .30000000E+00 -.50666263E+02
   .35000000E+00  .81056689E+02
   .40000000E+00  .23830641E+02
   .45000000E+00  .14391149E+02
   .50000000E+00  .10504322E+02
   .55000000E+00  .83793785E+01
   .60000000E+00  .70364225E+01
   .65000000E+00  .61085248E+01
   .70000000E+00  .54272464E+01
   .75000000E+00  .49044038E+01
   .80000000E+00  .44893687E+01
   .85000000E+00  .41509877E+01
   .90000000E+00  .38690459E+01
   .95000000E+00  .36298510E+01
   .10000000E+01  .34237989E+01
   .10500000E+01  .32439537E+01
   .11000000E+01  .30851811E+01
   .11500000E+01  .29435987E+01
   .12000000E+01  .28162164E+01
   .12500000E+01  .27006937E+01
   .13000000E+01  .25951721E+01
   .13500000E+01  .24981570E+01
   .14000000E+01  .24084329E+01
   .14500000E+01  .23250006E+01
   .15000000E+01  .22470312E+01
   .15500000E+01  .21738313E+01
   .16000000E+01  .21048159E+01
   .16500000E+01  .20394883E+01
   .17000000E+01  .19774237E+01
   .17500000E+01  .19182565E+01
   .18000000E+01  .18616704E+01
   .18500000E+01  .18073901E+01
   .19000000E+01  .17551747E+01
   .19500000E+01  .17048128E+01
   .20000000E+01  .16561173E+01
Core Pot   L  =        3.00000    .00000
  -.30000000E+01  .21168710E+01
  -.29500000E+01  .21054623E+01
  -.29000000E+01  .20939985E+01
  -.28500000E+01  .20824787E+01
  -.28000000E+01  .20709022E+01
  -.27500000E+01  .20592681E+01
  -.27000000E+01  .20475758E+01
  -.26500000E+01  .20358243E+01
  -.26000000E+01  .20240129E+01
  -.25500000E+01  .20121407E+01
  -.25000000E+01  .20002069E+01
  -.24500000E+01  .19882105E+01
  -.24000000E+01  .19761507E+01
  -.23500000E+01  .19640265E+01
  -.23000000E+01  .19518370E+01
  -.22500000E+01  .19395812E+01
  -.22000000E+01  .19272581E+01
  -.21500000E+01  .19148668E+01
  -.21000000E+01  .19024061E+01
  -.20500000E+01  .18898750E+01
  -.20000000E+01  .18772724E+01
  -.19500000E+01  .18645973E+01
  -.19000000E+01  .18518484E+01
  -.18500000E+01  .18390246E+01
  -.18000000E+01  .18261247E+01
  -.17500000E+01  .18131475E+01
  -.17000000E+01  .18000917E+01
  -.16500000E+01  .17869561E+01
  -.16000000E+01  .17737392E+01
  -.15500000E+01  .17604397E+01
  -.15000000E+01  .17470564E+01
  -.14500000E+01  .17335876E+01
  -.14000000E+01  .17200320E+01
  -.13500000E+01  .17063880E+01
  -.13000000E+01  .16926541E+01
  -.12500000E+01  .16788288E+01
  -.12000000E+01  .16649103E+01
  -.11500000E+01  .16508971E+01
  -.11000000E+01  .16367873E+01
  -.10500000E+01  .16225793E+01
  -.10000000E+01  .16082711E+01
  -.95000000E+00  .15938610E+01
  -.90000000E+00  .15793470E+01
  -.85000000E+00  .15647271E+01
  -.80000000E+00  .15499992E+01
  -.75000000E+00  .15351614E+01
  -.70000000E+00  .15202114E+01
  -.65000000E+00  .15051470E+01
  -.60000000E+00  .14899658E+01
  -.55000000E+00  .14746657E+01
  -.50000000E+00  .14592440E+01
  -.45000000E+00  .14436983E+01
  -.40000000E+00  .14280260E+01
  -.35000000E+00  .14122244E+01
  -.30000000E+00  .13962908E+01
  -.25000000E+00  .13802223E+01
  -.20000000E+00  .13640160E+01
  -.15000000E+00  .13476688E+01
  -.10000000E+00  .13311776E+01
  -.50000000E-01  .13145391E+01
  -.22898350E-14  .12977501E+01
   .50000000E-01  .12808069E+01
   .10000000E+00  .12637061E+01
   .15000000E+00  .12464439E+01
   .20000000E+00  .12290165E+01
   .25000000E+00  .12114198E+01
   .30000000E+00  .11936498E+01
   .35000000E+00  .11757021E+01
   .40000000E+00  .11575723E+01
   .45000000E+00  .11392559E+01
   .50000000E+00  .11207479E+01
   .55000000E+00  .11020435E+01
   .60000000E+00  .10831376E+01
   .65000000E+00  .10640246E+01
   .70000000E+00  .10446992E+01
   .75000000E+00  .10251554E+01
   .80000000E+00  .10053873E+01
   .85000000E+00  .98538854E+00
   .90000000E+00  .96515266E+00
   .95000000E+00  .94467283E+00
   .10000000E+01  .92394194E+00
   .10500000E+01  .90295262E+00
   .11000000E+01  .88169712E+00
   .11500000E+01  .86016740E+00
   .12000000E+01  .83835504E+00
   .12500000E+01  .81625124E+00
   .13000000E+01  .79384680E+00
   .13500000E+01  .77113210E+00
   .14000000E+01  .74809707E+00
   .14500000E+01  .72473114E+00
   .15000000E+01  .70102326E+00
   .15500000E+01  .67696183E+00
   .16000000E+01  .65253468E+00
   .16500000E+01  .62772903E+00
   .17000000E+01  .60253145E+00
   .17500000E+01  .57692780E+00
   .18000000E+01  .55090325E+00
   .18500000E+01  .52444212E+00
   .19000000E+01  .49752795E+00
   .19500000E+01  .47014334E+00
   .20000000E+01  .44226994E+00
Potential  L  =        3.00000    .00000
  -.30000000E+01  .21182418E+01
  -.29500000E+01  .21068668E+01
  -.29000000E+01  .20954377E+01
  -.28500000E+01  .20839536E+01
  -.28000000E+01  .20724139E+01
  -.27500000E+01  .20608178E+01
  -.27000000E+01  .20491645E+01
  -.26500000E+01  .20374534E+01
  -.26000000E+01  .20256835E+01
  -.25500000E+01  .20138543E+01
  -.25000000E+01  .20019646E+01
  -.24500000E+01  .19900137E+01
  -.24000000E+01  .19780008E+01
  -.23500000E+01  .19659251E+01
  -.23000000E+01  .19537855E+01
  -.22500000E+01  .19415812E+01
  -.22000000E+01  .19293113E+01
  -.21500000E+01  .19169748E+01
  -.21000000E+01  .19045707E+01
  -.20500000E+01  .18920981E+01
  -.20000000E+01  .18795558E+01
  -.19500000E+01  .18669429E+01
  -.19000000E+01  .18542583E+01
  -.18500000E+01  .18415009E+01
  -.18000000E+01  .18286696E+01
  -.17500000E+01  .18157632E+01
  -.17000000E+01  .18027806E+01
  -.16500000E+01  .17897205E+01
  -.16000000E+01  .17765817E+01
  -.15500000E+01  .17633630E+01
  -.15000000E+01  .17500631E+01
  -.14500000E+01  .17366806E+01
  -.14000000E+01  .17232142E+01
  -.13500000E+01  .17096625E+01
  -.13000000E+01  .16960240E+01
  -.12500000E+01  .16822974E+01
  -.12000000E+01  .16684811E+01
  -.11500000E+01  .16545735E+01
  -.11000000E+01  .16405731E+01
  -.10500000E+01  .16264783E+01
  -.10000000E+01  .16122874E+01
  -.95000000E+00  .15979987E+01
  -.90000000E+00  .15836104E+01
  -.85000000E+00  .15691207E+01
  -.80000000E+00  .15545279E+01
  -.75000000E+00  .15398299E+01
  -.70000000E+00  .15250248E+01
  -.65000000E+00  .15101107E+01
  -.60000000E+00  .14950854E+01
  -.55000000E+00  .14799468E+01
  -.50000000E+00  .14646928E+01
  -.45000000E+00  .14493210E+01
  -.40000000E+00  .14338292E+01
  -.35000000E+00  .14182150E+01
  -.30000000E+00  .14024759E+01
  -.25000000E+00  .13866094E+01
  -.20000000E+00  .13706128E+01
  -.15000000E+00  .13544836E+01
  -.10000000E+00  .13382188E+01
  -.50000000E-01  .13218158E+01
  -.22898350E-14  .13052714E+01
   .50000000E-01  .12885827E+01
   .10000000E+00  .12717466E+01
   .15000000E+00  .12547597E+01
   .20000000E+00  .12376188E+01
   .25000000E+00  .12203204E+01
   .30000000E+00  .12028609E+01
   .35000000E+00  .11852367E+01
   .40000000E+00  .11674438E+01
   .45000000E+00  .11494785E+01
   .50000000E+00  .11313365E+01
   .55000000E+00  .11130136E+01
   .60000000E+00  .10945056E+01
   .65000000E+00  .10758078E+01
   .70000000E+00  .10569155E+01
   .75000000E+00  .10378240E+01
   .80000000E+00  .10185281E+01
   .85000000E+00  .99902259E+00
   .90000000E+00  .97930210E+00
   .95000000E+00  .95936096E+00
   .10000000E+01  .93919333E+00
   .10500000E+01  .91879313E+00
   .11000000E+01  .89815405E+00
   .11500000E+01  .87726953E+00
   .12000000E+01  .85613274E+00
   .12500000E+01  .83473658E+00
   .13000000E+01  .81307365E+00
   .13500000E+01  .79113626E+00
   .14000000E+01  .76891639E+00
   .14500000E+01  .74640568E+00
   .15000000E+01  .72359541E+00
   .15500000E+01  .70047648E+00
   .16000000E+01  .67703939E+00
   .16500000E+01  .65327424E+00
   .17000000E+01  .62917065E+00
   .17500000E+01  .60471780E+00
   .18000000E+01  .57990435E+00
   .18500000E+01  .55471845E+00
   .19000000E+01  .52914753E+00
   .19500000E+01  .50317885E+00
   .20000000E+01  .47679862E+00
Core Pot   L  =        4.00000    .00000
  -.30000000E+01  .24455987E+01
  -.29500000E+01  .24358132E+01
  -.29000000E+01  .24259935E+01
  -.28500000E+01  .24161392E+01
  -.28000000E+01  .24062493E+01
  -.27500000E+01  .23963260E+01
  -.27000000E+01  .23863639E+01
  -.26500000E+01  .23763669E+01
  -.26000000E+01  .23663341E+01
  -.25500000E+01  .23562657E+01
  -.25000000E+01  .23461573E+01
  -.24500000E+01  .23360123E+01
  -.24000000E+01  .23258301E+01
  -.23500000E+01  .23156094E+01
  -.23000000E+01  .23053495E+01
  -.22500000E+01  .22950511E+01
  -.22000000E+01  .22847127E+01
  -.21500000E+01  .22743363E+01
  -.21000000E+01  .22639176E+01
  -.20500000E+01  .22534572E+01
  -.20000000E+01  .22429571E+01
  -.19500000E+01  .22324158E+01
  -.19000000E+01  .22218307E+01
  -.18500000E+01  .22112054E+01
  -.18000000E+01  .22005347E+01
  -.17500000E+01  .21898223E+01
  -.17000000E+01  .21790644E+01
  -.16500000E+01  .21682630E+01
  -.16000000E+01  .21574158E+01
  -.15500000E+01  .21465245E+01
  -.15000000E+01  .21355874E+01
  -.14500000E+01  .21246016E+01
  -.14000000E+01  .21135705E+01
  -.13500000E+01  .21024918E+01
  -.13000000E+01  .20913646E+01
  -.12500000E+01  .20801898E+01
  -.12000000E+01  .20689636E+01
  -.11500000E+01  .20576888E+01
  -.11000000E+01  .20463637E+01
  -.10500000E+01  .20349874E+01
  -.10000000E+01  .20235609E+01
  -.95000000E+00  .20120795E+01
  -.90000000E+00  .20005464E+01
  -.85000000E+00  .19889610E+01
  -.80000000E+00  .19773193E+01
  -.75000000E+00  .19656236E+01
  -.70000000E+00  .19538734E+01
  -.65000000E+00  .19420651E+01
  -.60000000E+00  .19302006E+01
  -.55000000E+00  .19182786E+01
  -.50000000E+00  .19062982E+01
  -.45000000E+00  .18942594E+01
  -.40000000E+00  .18821588E+01
  -.35000000E+00  .18699993E+01
  -.30000000E+00  .18577764E+01
  -.25000000E+00  .18454929E+01
  -.20000000E+00  .18331444E+01
  -.15000000E+00  .18207339E+01
  -.10000000E+00  .18082564E+01
  -.50000000E-01  .17957151E+01
  -.22898350E-14  .17831050E+01
   .50000000E-01  .17704293E+01
   .10000000E+00  .17576832E+01
   .15000000E+00  .17448684E+01
   .20000000E+00  .17319834E+01
   .25000000E+00  .17190264E+01
   .30000000E+00  .17059970E+01
   .35000000E+00  .16928941E+01
   .40000000E+00  .16797165E+01
   .45000000E+00  .16664631E+01
   .50000000E+00  .16531329E+01
   .55000000E+00  .16397246E+01
   .60000000E+00  .16262372E+01
   .65000000E+00  .16126693E+01
   .70000000E+00  .15990198E+01
   .75000000E+00  .15852874E+01
   .80000000E+00  .15714709E+01
   .85000000E+00  .15575689E+01
   .90000000E+00  .15435801E+01
   .95000000E+00  .15295031E+01
   .10000000E+01  .15153365E+01
   .10500000E+01  .15010790E+01
   .11000000E+01  .14867289E+01
   .11500000E+01  .14722848E+01
   .12000000E+01  .14577452E+01
   .12500000E+01  .14431084E+01
   .13000000E+01  .14283728E+01
   .13500000E+01  .14135368E+01
   .14000000E+01  .13985987E+01
   .14500000E+01  .13835567E+01
   .15000000E+01  .13684090E+01
   .15500000E+01  .13531538E+01
   .16000000E+01  .13377891E+01
   .16500000E+01  .13223131E+01
   .17000000E+01  .13067238E+01
   .17500000E+01  .12910191E+01
   .18000000E+01  .12751969E+01
   .18500000E+01  .12592551E+01
   .19000000E+01  .12431914E+01
   .19500000E+01  .12270036E+01
   .20000000E+01  .12106894E+01
Potential  L  =        4.00000    .00000
  -.30000000E+01  .24459504E+01
  -.29500000E+01  .24361708E+01
  -.29000000E+01  .24263569E+01
  -.28500000E+01  .24165087E+01
  -.28000000E+01  .24066256E+01
  -.27500000E+01  .23967071E+01
  -.27000000E+01  .23867534E+01
  -.26500000E+01  .23767624E+01
  -.26000000E+01  .23667375E+01
  -.25500000E+01  .23566751E+01
  -.25000000E+01  .23465747E+01
  -.24500000E+01  .23364388E+01
  -.24000000E+01  .23262639E+01
  -.23500000E+01  .23160514E+01
  -.23000000E+01  .23058001E+01
  -.22500000E+01  .22955100E+01
  -.22000000E+01  .22851806E+01
  -.21500000E+01  .22748099E+01
  -.21000000E+01  .22644022E+01
  -.20500000E+01  .22539524E+01
  -.20000000E+01  .22434603E+01
  -.19500000E+01  .22329296E+01
  -.19000000E+01  .22223558E+01
  -.18500000E+01  .22117395E+01
  -.18000000E+01  .22010805E+01
  -.17500000E+01  .21903783E+01
  -.17000000E+01  .21796324E+01
  -.16500000E+01  .21688413E+01
  -.16000000E+01  .21580069E+01
  -.15500000E+01  .21471283E+01
  -.15000000E+01  .21362028E+01
  -.14500000E+01  .21252312E+01
  -.14000000E+01  .21142118E+01
  -.13500000E+01  .21031477E+01
  -.13000000E+01  .20920344E+01
  -.12500000E+01  .20808715E+01
  -.12000000E+01  .20696611E+01
  -.11500000E+01  .20584013E+01
  -.11000000E+01  .20470915E+01
  -.10500000E+01  .20357310E+01
  -.10000000E+01  .20243207E+01
  -.95000000E+00  .20128568E+01
  -.90000000E+00  .20013412E+01
  -.85000000E+00  .19897708E+01
  -.80000000E+00  .19781493E+01
  -.75000000E+00  .19664722E+01
  -.70000000E+00  .19547399E+01
  -.65000000E+00  .19429518E+01
  -.60000000E+00  .19311075E+01
  -.55000000E+00  .19192058E+01
  -.50000000E+00  .19072455E+01
  -.45000000E+00  .18952285E+01
  -.40000000E+00  .18831508E+01
  -.35000000E+00  .18710132E+01
  -.30000000E+00  .18588148E+01
  -.25000000E+00  .18465546E+01
  -.20000000E+00  .18342309E+01
  -.15000000E+00  .18218457E+01
  -.10000000E+00  .18093954E+01
  -.50000000E-01  .17968799E+01
  -.22898350E-14  .17842976E+01
   .50000000E-01  .17716503E+01
   .10000000E+00  .17589343E+01
   .15000000E+00  .17461495E+01
   .20000000E+00  .17332952E+01
   .25000000E+00  .17203700E+01
   .30000000E+00  .17073733E+01
   .35000000E+00  .16943039E+01
   .40000000E+00  .16811608E+01
   .45000000E+00  .16679429E+01
   .50000000E+00  .16546491E+01
   .55000000E+00  .16412784E+01
   .60000000E+00  .16278295E+01
   .65000000E+00  .16143014E+01
   .70000000E+00  .16006928E+01
   .75000000E+00  .15870025E+01
   .80000000E+00  .15732294E+01
   .85000000E+00  .15593720E+01
   .90000000E+00  .15454292E+01
   .95000000E+00  .15313995E+01
   .10000000E+01  .15172817E+01
   .10500000E+01  .15030743E+01
   .11000000E+01  .14887759E+01
   .11500000E+01  .14743851E+01
   .12000000E+01  .14599004E+01
   .12500000E+01  .14453201E+01
   .13000000E+01  .14306429E+01
   .13500000E+01  .14158670E+01
   .14000000E+01  .14009908E+01
   .14500000E+01  .13860127E+01
   .15000000E+01  .13709309E+01
   .15500000E+01  .13557437E+01
   .16000000E+01  .13404491E+01
   .16500000E+01  .13250455E+01
   .17000000E+01  .13095308E+01
   .17500000E+01  .12939030E+01
   .18000000E+01  .12781603E+01
   .18500000E+01  .12623005E+01
   .19000000E+01  .12463216E+01
   .19500000E+01  .12302213E+01
   .20000000E+01  .12139974E+01
KBPotential  L  =      2.00000   -.75366
  -.30000000E+01  .18040668E+01
  -.29500000E+01  .17898997E+01
  -.29000000E+01  .17756028E+01
  -.28500000E+01  .17611719E+01
  -.28000000E+01  .17466023E+01
  -.27500000E+01  .17318891E+01
  -.27000000E+01  .17170271E+01
  -.26500000E+01  .17020105E+01
  -.26000000E+01  .16868333E+01
  -.25500000E+01  .16714891E+01
  -.25000000E+01  .16559709E+01
  -.24500000E+01  .16402712E+01
  -.24000000E+01  .16243818E+01
  -.23500000E+01  .16082941E+01
  -.23000000E+01  .15919984E+01
  -.22500000E+01  .15754843E+01
  -.22000000E+01  .15587405E+01
  -.21500000E+01  .15417547E+01
  -.21000000E+01  .15245132E+01
  -.20500000E+01  .15070010E+01
  -.20000000E+01  .14892016E+01
  -.19500000E+01  .14710966E+01
  -.19000000E+01  .14526657E+01
  -.18500000E+01  .14338861E+01
  -.18000000E+01  .14147322E+01
  -.17500000E+01  .13951754E+01
  -.17000000E+01  .13751831E+01
  -.16500000E+01  .13547183E+01
  -.16000000E+01  .13337390E+01
  -.15500000E+01  .13121967E+01
  -.15000000E+01  .12900355E+01
  -.14500000E+01  .12671905E+01
  -.14000000E+01  .12435856E+01
  -.13500000E+01  .12191314E+01
  -.13000000E+01  .11937214E+01
  -.12500000E+01  .11672286E+01
  -.12000000E+01  .11394991E+01
  -.11500000E+01  .11103450E+01
  -.11000000E+01  .10795343E+01
  -.10500000E+01  .10467774E+01
  -.10000000E+01  .10117068E+01
  -.95000000E+00  .97384970E+00
  -.90000000E+00  .93258666E+00
  -.85000000E+00  .88708962E+00
  -.80000000E+00  .83622555E+00
  -.75000000E+00  .77840115E+00
  -.70000000E+00  .71130201E+00
  -.65000000E+00  .63143162E+00
  -.60000000E+00  .53324343E+00
  -.55000000E+00  .40738124E+00
  -.50000000E+00  .23672372E+00
  -.45000000E+00 -.13784552E-01
  -.40000000E+00 -.42895641E+00
  -.35000000E+00 -.12802268E+01
  -.30000000E+00 -.41667359E+01
  -.25000000E+00  .24408725E+02
  -.20000000E+00  .46101741E+01
  -.15000000E+00  .29382675E+01
  -.10000000E+00  .23042811E+01
  -.50000000E-01  .19635075E+01
  -.22898350E-14  .17460729E+01
   .50000000E-01  .15919996E+01
   .10000000E+00  .14747092E+01
   .15000000E+00  .13806129E+01
   .20000000E+00  .13020380E+01
   .25000000E+00  .12343226E+01
   .30000000E+00  .11744693E+01
   .35000000E+00  .11204591E+01
   .40000000E+00  .10708914E+01
   .45000000E+00  .10247509E+01
   .50000000E+00  .98128282E+00
   .55000000E+00  .93992492E+00
   .60000000E+00  .90023711E+00
   .65000000E+00  .86187632E+00
   .70000000E+00  .82456798E+00
   .75000000E+00  .78808587E+00
   .80000000E+00  .75221940E+00
   .85000000E+00  .71690627E+00
   .90000000E+00  .68192142E+00
   .95000000E+00  .64718406E+00
   .10000000E+01  .61260033E+00
   .10500000E+01  .57808326E+00
   .11000000E+01  .54355731E+00
   .11500000E+01  .50895429E+00
   .12000000E+01  .47421214E+00
   .12500000E+01  .43927334E+00
   .13000000E+01  .40408468E+00
   .13500000E+01  .36859548E+00
   .14000000E+01  .33275822E+00
   .14500000E+01  .29652524E+00
   .15000000E+01  .25985268E+00
   .15500000E+01  .22269537E+00
   .16000000E+01  .18501037E+00
   .16500000E+01  .14675345E+00
   .17000000E+01  .10787851E+00
   .17500000E+01  .68343528E-01
   .18000000E+01  .28100846E-01
   .18500000E+01 -.12895451E-01
   .19000000E+01 -.54694091E-01
   .19500000E+01 -.97345228E-01
   .20000000E+01 -.14090106E+00
KBPotential  L  =       .00000   -.68465
  -.30000000E+01  .14350710E+01
  -.29500000E+01  .14174495E+01
  -.29000000E+01  .13996264E+01
  -.28500000E+01  .13815958E+01
  -.28000000E+01  .13633514E+01
  -.27500000E+01  .13448866E+01
  -.27000000E+01  .13261946E+01
  -.26500000E+01  .13072681E+01
  -.26000000E+01  .12880996E+01
  -.25500000E+01  .12686813E+01
  -.25000000E+01  .12490049E+01
  -.24500000E+01  .12290617E+01
  -.24000000E+01  .12088427E+01
  -.23500000E+01  .11883382E+01
  -.23000000E+01  .11675382E+01
  -.22500000E+01  .11464323E+01
  -.22000000E+01  .11250092E+01
  -.21500000E+01  .11032572E+01
  -.21000000E+01  .10811641E+01
  -.20500000E+01  .10587168E+01
  -.20000000E+01  .10359015E+01
  -.19500000E+01  .10127037E+01
  -.19000000E+01  .98910824E+00
  -.18500000E+01  .96509868E+00
  -.18000000E+01  .94065787E+00
  -.17500000E+01  .91576761E+00
  -.17000000E+01  .89040849E+00
  -.16500000E+01  .86455991E+00
  -.16000000E+01  .83820004E+00
  -.15500000E+01  .81130560E+00
  -.15000000E+01  .78385179E+00
  -.14500000E+01  .75581216E+00
  -.14000000E+01  .72715845E+00
  -.13500000E+01  .69786051E+00
  -.13000000E+01  .66788598E+00
  -.12500000E+01  .63720018E+00
  -.12000000E+01  .60576604E+00
  -.11500000E+01  .57354353E+00
  -.11000000E+01  .54048968E+00
  -.10500000E+01  .50655818E+00
  -.10000000E+01  .47169906E+00
  -.95000000E+00  .43585830E+00
  -.90000000E+00  .39897742E+00
  -.85000000E+00  .36099301E+00
  -.80000000E+00  .32183621E+00
  -.75000000E+00  .28143207E+00
  -.70000000E+00  .23969887E+00
  -.65000000E+00  .19654733E+00
  -.60000000E+00  .15187975E+00
  -.55000000E+00  .10558896E+00
  -.50000000E+00  .57557119E-01
  -.45000000E+00  .76543445E-02
  -.40000000E+00 -.44262842E-01
  -.35000000E+00 -.98353353E-01
  -.30000000E+00 -.15479371E+00
  -.25000000E+00 -.21378053E+00
  -.20000000E+00 -.27553351E+00
  -.15000000E+00 -.34029889E+00
  -.10000000E+00 -.40835365E+00
  -.50000000E-01 -.48001040E+00
  -.22898350E-14 -.55562338E+00
   .50000000E-01 -.63559563E+00
   .10000000E+00 -.72038771E+00
   .15000000E+00 -.81052837E+00
   .20000000E+00 -.90662765E+00
   .25000000E+00 -.10093932E+01
   .30000000E+00 -.11196507E+01
   .35000000E+00 -.12383692E+01
   .40000000E+00 -.13666944E+01
   .45000000E+00 -.15059903E+01
   .50000000E+00 -.16578938E+01
   .55000000E+00 -.18243870E+01
   .60000000E+00 -.20078933E+01
   .65000000E+00 -.22114068E+01
   .70000000E+00 -.24386724E+01
   .75000000E+00 -.26944352E+01
   .80000000E+00 -.29847998E+01
   .85000000E+00 -.33177543E+01
   .90000000E+00 -.37039573E+01
   .95000000E+00 -.41579572E+01
   .10000000E+01 -.47001437E+01
   .10500000E+01 -.53600078E+01
   .11000000E+01 -.61818577E+01
   .11500000E+01 -.72354631E+01
   .12000000E+01 -.86374123E+01
   .12500000E+01 -.10598303E+02
   .13000000E+01 -.13541423E+02
   .13500000E+01 -.18461946E+02
   .14000000E+01 -.28385364E+02
   .14500000E+01 -.58935172E+02
   .15000000E+01  .14613590E+04
   .15500000E+01  .56224182E+02
   .16000000E+01  .29077201E+02
   .16500000E+01  .19782482E+02
   .17000000E+01  .15081240E+02
   .17500000E+01  .12238836E+02
   .18000000E+01  .10331837E+02
   .18500000E+01  .89615306E+01
   .19000000E+01  .79275825E+01
   .19500000E+01  .71183066E+01
   .20000000E+01  .64665144E+01
KBPotential  L  =      1.00000   -.40000
  -.30000000E+01  .16039738E+01
  -.29500000E+01  .15885735E+01
  -.29000000E+01  .15730393E+01
  -.28500000E+01  .15573681E+01
  -.28000000E+01  .15415566E+01
  -.27500000E+01  .15256016E+01
  -.27000000E+01  .15094996E+01
  -.26500000E+01  .14932471E+01
  -.26000000E+01  .14768404E+01
  -.25500000E+01  .14602758E+01
  -.25000000E+01  .14435492E+01
  -.24500000E+01  .14266566E+01
  -.24000000E+01  .14095936E+01
  -.23500000E+01  .13923560E+01
  -.23000000E+01  .13749390E+01
  -.22500000E+01  .13573380E+01
  -.22000000E+01  .13395479E+01
  -.21500000E+01  .13215637E+01
  -.21000000E+01  .13033799E+01
  -.20500000E+01  .12849909E+01
  -.20000000E+01  .12663910E+01
  -.19500000E+01  .12475740E+01
  -.19000000E+01  .12285336E+01
  -.18500000E+01  .12092633E+01
  -.18000000E+01  .11897561E+01
  -.17500000E+01  .11700049E+01
  -.17000000E+01  .11500021E+01
  -.16500000E+01  .11297399E+01
  -.16000000E+01  .11092101E+01
  -.15500000E+01  .10884040E+01
  -.15000000E+01  .10673127E+01
  -.14500000E+01  .10459266E+01
  -.14000000E+01  .10242361E+01
  -.13500000E+01  .10022306E+01
  -.13000000E+01  .97989918E+00
  -.12500000E+01  .95723052E+00
  -.12000000E+01  .93421253E+00
  -.11500000E+01  .91083256E+00
  -.11000000E+01  .88707729E+00
  -.10500000E+01  .86293267E+00
  -.10000000E+01  .83838391E+00
  -.95000000E+00  .81341533E+00
  -.90000000E+00  .78801058E+00
  -.85000000E+00  .76215218E+00
  -.80000000E+00  .73582170E+00
  -.75000000E+00  .70899963E+00
  -.70000000E+00  .68166532E+00
  -.65000000E+00  .65379684E+00
  -.60000000E+00  .62537095E+00
  -.55000000E+00  .59636291E+00
  -.50000000E+00  .56674646E+00
  -.45000000E+00  .53649369E+00
  -.40000000E+00  .50557462E+00
  -.35000000E+00  .47395750E+00
  -.30000000E+00  .44160834E+00
  -.25000000E+00  .40849080E+00
  -.20000000E+00  .37456597E+00
  -.15000000E+00  .33979211E+00
  -.10000000E+00  .30412446E+00
  -.50000000E-01  .26751486E+00
  -.22898350E-14  .22991152E+00
   .50000000E-01  .19125857E+00
   .10000000E+00  .15149573E+00
   .15000000E+00  .11055778E+00
   .20000000E+00  .68374171E-01
   .25000000E+00  .24868302E-01
   .30000000E+00 -.20043054E-01
   .35000000E+00 -.66450501E-01
   .40000000E+00 -.11445286E+00
   .45000000E+00 -.16415817E+00
   .50000000E+00 -.21568468E+00
   .55000000E+00 -.26916226E+00
   .60000000E+00 -.32473374E+00
   .65000000E+00 -.38255653E+00
   .70000000E+00 -.44280493E+00
   .75000000E+00 -.50567187E+00
   .80000000E+00 -.57137188E+00
   .85000000E+00 -.64014409E+00
   .90000000E+00 -.71225603E+00
   .95000000E+00 -.78800731E+00
   .10000000E+01 -.86773612E+00
   .10500000E+01 -.95182387E+00
   .11000000E+01 -.10407034E+01
   .11500000E+01 -.11348678E+01
   .12000000E+01 -.12348811E+01
   .12500000E+01 -.13413916E+01
   .13000000E+01 -.14551487E+01
   .13500000E+01 -.15770225E+01
   .14000000E+01 -.17080301E+01
   .14500000E+01 -.18493676E+01
   .15000000E+01 -.20024512E+01
   .15500000E+01 -.21689709E+01
   .16000000E+01 -.23509594E+01
   .16500000E+01 -.25508844E+01
   .17000000E+01 -.27717710E+01
   .17500000E+01 -.30173690E+01
   .18000000E+01 -.32923835E+01
   .18500000E+01 -.36028007E+01
   .19000000E+01 -.39563551E+01
   .19500000E+01 -.43632188E+01
   .20000000E+01 -.48370437E+01
KBPotential  L  =      3.00000    .00000
  -.30000000E+01  .21182418E+01
  -.29500000E+01  .21068668E+01
  -.29000000E+01  .20954377E+01
  -.28500000E+01  .20839536E+01
  -.28000000E+01  .20724139E+01
  -.27500000E+01  .20608178E+01
  -.27000000E+01  .20491645E+01
  -.26500000E+01  .20374534E+01
  -.26000000E+01  .20256835E+01
  -.25500000E+01  .20138543E+01
  -.25000000E+01  .20019646E+01
  -.24500000E+01  .19900137E+01
  -.24000000E+01  .19780008E+01
  -.23500000E+01  .19659251E+01
  -.23000000E+01  .19537855E+01
  -.22500000E+01  .19415812E+01
  -.22000000E+01  .19293113E+01
  -.21500000E+01  .19169748E+01
  -.21000000E+01  .19045707E+01
  -.20500000E+01  .18920981E+01
  -.20000000E+01  .18795558E+01
  -.19500000E+01  .18669429E+01
  -.19000000E+01  .18542583E+01
  -.18500000E+01  .18415009E+01
  -.18000000E+01  .18286696E+01
  -.17500000E+01  .18157632E+01
  -.17000000E+01  .18027806E+01
  -.16500000E+01  .17897205E+01
  -.16000000E+01  .17765817E+01
  -.15500000E+01  .17633630E+01
  -.15000000E+01  .17500631E+01
  -.14500000E+01  .17366806E+01
  -.14000000E+01  .17232142E+01
  -.13500000E+01  .17096625E+01
  -.13000000E+01  .16960240E+01
  -.12500000E+01  .16822974E+01
  -.12000000E+01  .16684811E+01
  -.11500000E+01  .16545735E+01
  -.11000000E+01  .16405731E+01
  -.10500000E+01  .16264783E+01
  -.10000000E+01  .16122874E+01
  -.95000000E+00  .15979987E+01
  -.90000000E+00  .15836104E+01
  -.85000000E+00  .15691207E+01
  -.80000000E+00  .15545279E+01
  -.75000000E+00  .15398299E+01
  -.70000000E+00  .15250248E+01
  -.65000000E+00  .15101107E+01
  -.60000000E+00  .14950854E+01
  -.55000000E+00  .14799468E+01
  -.50000000E+00  .14646928E+01
  -.45000000E+00  .14493210E+01
  -.40000000E+00  .14338292E+01
  -.35000000E+00  .14182150E+01
  -.30000000E+00  .14024759E+01
  -.25000000E+00  .13866094E+01
  -.20000000E+00  .13706128E+01
  -.15000000E+00  .13544836E+01
  -.10000000E+00  .13382188E+01
  -.50000000E-01  .13218158E+01
  -.22898350E-14  .13052714E+01
   .50000000E-01  .12885827E+01
   .10000000E+00  .12717466E+01
   .15000000E+00  .12547597E+01
   .20000000E+00  .12376188E+01
   .25000000E+00  .12203204E+01
   .30000000E+00  .12028609E+01
   .35000000E+00  .11852367E+01
   .40000000E+00  .11674438E+01
   .45000000E+00  .11494785E+01
   .50000000E+00  .11313365E+01
   .55000000E+00  .11130136E+01
   .60000000E+00  .10945056E+01
   .65000000E+00  .10758078E+01
   .70000000E+00  .10569155E+01
   .75000000E+00  .10378240E+01
   .80000000E+00  .10185281E+01
   .85000000E+00  .99902259E+00
   .90000000E+00  .97930210E+00
   .95000000E+00  .95936096E+00
   .10000000E+01  .93919333E+00
   .10500000E+01  .91879313E+00
   .11000000E+01  .89815405E+00
   .11500000E+01  .87726953E+00
   .12000000E+01  .85613274E+00
   .12500000E+01  .83473658E+00
   .13000000E+01  .81307365E+00
   .13500000E+01  .79113626E+00
   .14000000E+01  .76891639E+00
   .14500000E+01  .74640568E+00
   .15000000E+01  .72359541E+00
   .15500000E+01  .70047648E+00
   .16000000E+01  .67703939E+00
   .16500000E+01  .65327424E+00
   .17000000E+01  .62917065E+00
   .17500000E+01  .60471780E+00
   .18000000E+01  .57990435E+00
   .18500000E+01  .55471845E+00
   .19000000E+01  .52914753E+00
   .19500000E+01  .50317885E+00
   .20000000E+01  .47679862E+00
KBPotential  L  =      4.00000    .00000
  -.30000000E+01  .24459504E+01
  -.29500000E+01  .24361708E+01
  -.29000000E+01  .24263569E+01
  -.28500000E+01  .24165087E+01
  -.28000000E+01  .24066256E+01
  -.27500000E+01  .23967071E+01
  -.27000000E+01  .23867534E+01
  -.26500000E+01  .23767624E+01
  -.26000000E+01  .23667375E+01
  -.25500000E+01  .23566751E+01
  -.25000000E+01  .23465747E+01
  -.24500000E+01  .23364388E+01
  -.24000000E+01  .23262639E+01
  -.23500000E+01  .23160514E+01
  -.23000000E+01  .23058001E+01
  -.22500000E+01  .22955100E+01
  -.22000000E+01  .22851806E+01
  -.21500000E+01  .22748099E+01
  -.21000000E+01  .22644022E+01
  -.20500000E+01  .22539524E+01
  -.20000000E+01  .22434603E+01
  -.19500000E+01  .22329296E+01
  -.19000000E+01  .22223558E+01
  -.18500000E+01  .22117395E+01
  -.18000000E+01  .22010805E+01
  -.17500000E+01  .21903783E+01
  -.17000000E+01  .21796324E+01
  -.16500000E+01  .21688413E+01
  -.16000000E+01  .21580069E+01
  -.15500000E+01  .21471283E+01
  -.15000000E+01  .21362028E+01
  -.14500000E+01  .21252312E+01
  -.14000000E+01  .21142118E+01
  -.13500000E+01  .21031477E+01
  -.13000000E+01  .20920344E+01
  -.12500000E+01  .20808715E+01
  -.12000000E+01  .20696611E+01
  -.11500000E+01  .20584013E+01
  -.11000000E+01  .20470915E+01
  -.10500000E+01  .20357310E+01
  -.10000000E+01  .20243207E+01
  -.95000000E+00  .20128568E+01
  -.90000000E+00  .20013412E+01
  -.85000000E+00  .19897708E+01
  -.80000000E+00  .19781493E+01
  -.75000000E+00  .19664722E+01
  -.70000000E+00  .19547399E+01
  -.65000000E+00  .19429518E+01
  -.60000000E+00  .19311075E+01
  -.55000000E+00  .19192058E+01
  -.50000000E+00  .19072455E+01
  -.45000000E+00  .18952285E+01
  -.40000000E+00  .18831508E+01
  -.35000000E+00  .18710132E+01
  -.30000000E+00  .18588148E+01
  -.25000000E+00  .18465546E+01
  -.20000000E+00  .18342309E+01
  -.15000000E+00  .18218457E+01
  -.10000000E+00  .18093954E+01
  -.50000000E-01  .17968799E+01
  -.22898350E-14  .17842976E+01
   .50000000E-01  .17716503E+01
   .10000000E+00  .17589343E+01
   .15000000E+00  .17461495E+01
   .20000000E+00  .17332952E+01
   .25000000E+00  .17203700E+01
   .30000000E+00  .17073733E+01
   .35000000E+00  .16943039E+01
   .40000000E+00  .16811608E+01
   .45000000E+00  .16679429E+01
   .50000000E+00  .16546491E+01
   .55000000E+00  .16412784E+01
   .60000000E+00  .16278295E+01
   .65000000E+00  .16143014E+01
   .70000000E+00  .16006928E+01
   .75000000E+00  .15870025E+01
   .80000000E+00  .15732294E+01
   .85000000E+00  .15593720E+01
   .90000000E+00  .15454292E+01
   .95000000E+00  .15313995E+01
   .10000000E+01  .15172817E+01
   .10500000E+01  .15030743E+01
   .11000000E+01  .14887759E+01
   .11500000E+01  .14743851E+01
   .12000000E+01  .14599004E+01
   .12500000E+01  .14453201E+01
   .13000000E+01  .14306429E+01
   .13500000E+01  .14158670E+01
   .14000000E+01  .14009908E+01
   .14500000E+01  .13860127E+01
   .15000000E+01  .13709309E+01
   .15500000E+01  .13557437E+01
   .16000000E+01  .13404491E+01
   .16500000E+01  .13250455E+01
   .17000000E+01  .13095308E+01
   .17500000E+01  .12939030E+01
   .18000000E+01  .12781603E+01
   .18500000E+01  .12623005E+01
   .19000000E+01  .12463216E+01
   .19500000E+01  .12302213E+01
   .20000000E+01  .12139974E+01
