O: s2p4                                 
  .123701170E-04  .125691917E-04  .127714694E-04  .129770016E-04  .131858407E-04
  .133980399E-04  .136136532E-04  .138327354E-04  .140553425E-04  .142815311E-04
  .145113588E-04  .147448841E-04  .149821665E-04  .152232664E-04  .154682453E-04
  .157171654E-04  .159700902E-04  .162270841E-04  .164882125E-04  .167535419E-04
  .170231399E-04  .172970751E-04  .175754173E-04  .178582373E-04  .181456071E-04
  .184375999E-04  .187342901E-04  .190357532E-04  .193420659E-04  .196533062E-04
  .199695534E-04  .202908879E-04  .206173915E-04  .209491475E-04  .212862402E-04
  .216287554E-04  .219767804E-04  .223304037E-04  .226897153E-04  .230548067E-04
  .234257709E-04  .238027021E-04  .241856965E-04  .245748515E-04  .249702660E-04
  .253720408E-04  .257802782E-04  .261950819E-04  .266165576E-04  .270448125E-04
  .274799557E-04  .279220978E-04  .283713514E-04  .288278309E-04  .292916522E-04
  .297629336E-04  .302417948E-04  .307283578E-04  .312227464E-04  .317250863E-04
  .322355054E-04  .327541336E-04  .332811027E-04  .338165469E-04  .343606023E-04
  .349134075E-04  .354751030E-04  .360458317E-04  .366257388E-04  .372149719E-04
  .378136808E-04  .384220178E-04  .390401377E-04  .396681976E-04  .403063574E-04
  .409547794E-04  .416136285E-04  .422830722E-04  .429632808E-04  .436544273E-04
  .443566875E-04  .450702400E-04  .457952662E-04  .465319505E-04  .472804803E-04
  .480410458E-04  .488138405E-04  .495990609E-04  .503969067E-04  .512075806E-04
  .520312889E-04  .528682409E-04  .537186494E-04  .545827307E-04  .554607043E-04
  .563527935E-04  .572592251E-04  .581802296E-04  .591160409E-04  .600668969E-04
  .610330395E-04  .620147141E-04  .630121702E-04  .640256614E-04  .650554453E-04
  .661017835E-04  .671649419E-04  .682451908E-04  .693428046E-04  .704580623E-04
  .715912473E-04  .727426474E-04  .739125553E-04  .751012683E-04  .763090882E-04
  .775363220E-04  .787832814E-04  .800502833E-04  .813376496E-04  .826457071E-04
  .839747883E-04  .853252306E-04  .866973772E-04  .880915766E-04  .895081827E-04
  .909475555E-04  .924100605E-04  .938960690E-04  .954059585E-04  .969401124E-04
  .984989202E-04  .100082778E-03  .101692087E-03  .103327257E-03  .104988703E-03
  .106676846E-03  .108392115E-03  .110134945E-03  .111905780E-03  .113705067E-03
  .115533265E-03  .117390837E-03  .119278255E-03  .121195997E-03  .123144550E-03
  .125124410E-03  .127136077E-03  .129180063E-03  .131256887E-03  .133367075E-03
  .135511162E-03  .137689693E-03  .139903221E-03  .142152306E-03  .144437520E-03
  .146759442E-03  .149118661E-03  .151515776E-03  .153951394E-03  .156426133E-03
  .158940621E-03  .161495495E-03  .164091404E-03  .166729005E-03  .169408968E-03
  .172131971E-03  .174898706E-03  .177709873E-03  .180566185E-03  .183468367E-03
  .186417153E-03  .189413292E-03  .192457543E-03  .195550676E-03  .198693477E-03
  .201886742E-03  .205131279E-03  .208427911E-03  .211777473E-03  .215180814E-03
  .218638796E-03  .222152294E-03  .225722200E-03  .229349417E-03  .233034864E-03
  .236779474E-03  .240584196E-03  .244449993E-03  .248377844E-03  .252368744E-03
  .256423704E-03  .260543748E-03  .264729922E-03  .268983284E-03  .273304912E-03
  .277695898E-03  .282157355E-03  .286690412E-03  .291296215E-03  .295975931E-03
  .300730743E-03  .305561854E-03  .310470487E-03  .315457884E-03  .320525306E-03
  .325674034E-03  .330905372E-03  .336220643E-03  .341621189E-03  .347108378E-03
  .352683597E-03  .358348255E-03  .364103784E-03  .369951640E-03  .375893301E-03
  .381930268E-03  .388064068E-03  .394296251E-03  .400628392E-03  .407062090E-03
  .413598971E-03  .420240687E-03  .426988917E-03  .433845363E-03  .440811759E-03
  .447889865E-03  .455081466E-03  .462388381E-03  .469812453E-03  .477355557E-03
  .485019598E-03  .492806510E-03  .500718259E-03  .508756842E-03  .516924288E-03
  .525222658E-03  .533654046E-03  .542220579E-03  .550924419E-03  .559767761E-03
  .568752836E-03  .577881911E-03  .587157287E-03  .596581303E-03  .606156337E-03
  .615884802E-03  .625769151E-03  .635811875E-03  .646015507E-03  .656382616E-03
  .666915817E-03  .677617763E-03  .688491151E-03  .699538720E-03  .710763253E-03
  .722167578E-03  .733754566E-03  .745527136E-03  .757488251E-03  .769640924E-03
  .781988215E-03  .794533230E-03  .807279128E-03  .820229116E-03  .833386453E-03
  .846754450E-03  .860336470E-03  .874135929E-03  .888156298E-03  .902401104E-03
  .916873929E-03  .931578412E-03  .946518249E-03  .961697196E-03  .977119069E-03
  .992787743E-03  .100870716E-02  .102488131E-02  .104131426E-02  .105801014E-02
  .107497315E-02  .109220754E-02  .110971764E-02  .112750785E-02  .114558263E-02
  .116394652E-02  .118260413E-02  .120156014E-02  .122081931E-02  .124038647E-02
  .126026652E-02  .128046446E-02  .130098534E-02  .132183432E-02  .134301662E-02
  .136453754E-02  .138640249E-02  .140861694E-02  .143118646E-02  .145411670E-02
  .147741341E-02  .150108242E-02  .152512966E-02  .154956114E-02  .157438299E-02
  .159960141E-02  .162522272E-02  .165125333E-02  .167769975E-02  .170456860E-02
  .173186659E-02  .175960055E-02  .178777742E-02  .181640424E-02  .184548816E-02
  .187503645E-02  .190505650E-02  .193555580E-02  .196654197E-02  .199802274E-02
  .203000599E-02  .206249969E-02  .209551195E-02  .212905101E-02  .216312525E-02
  .219774315E-02  .223291335E-02  .226864463E-02  .230494588E-02  .234182617E-02
  .237929468E-02  .241736075E-02  .245603386E-02  .249532364E-02  .253523988E-02
  .257579252E-02  .261699165E-02  .265884752E-02  .270137056E-02  .274457134E-02
  .278846060E-02  .283304926E-02  .287834841E-02  .292436931E-02  .297112339E-02
  .301862227E-02  .306687775E-02  .311590181E-02  .316570664E-02  .321630459E-02
  .326770822E-02  .331993029E-02  .337298375E-02  .342688177E-02  .348163770E-02
  .353726512E-02  .359377783E-02  .365118982E-02  .370951533E-02  .376876878E-02
  .382896487E-02  .389011848E-02  .395224477E-02  .401535909E-02  .407947706E-02
  .414461455E-02  .421078765E-02  .427801273E-02  .434630639E-02  .441568552E-02
  .448616724E-02  .455776897E-02  .463050837E-02  .470440341E-02  .477947231E-02
  .485573360E-02  .493320607E-02  .501190883E-02  .509186128E-02  .517308312E-02
  .525559435E-02  .533941529E-02  .542456658E-02  .551106918E-02  .559894437E-02
  .568821376E-02  .577889931E-02  .587102330E-02  .596460839E-02  .605967755E-02
  .615625414E-02  .625436187E-02  .635402483E-02  .645526745E-02  .655811459E-02
  .666259145E-02  .676872365E-02  .687653719E-02  .698605849E-02  .709731437E-02
  .721033206E-02  .732513923E-02  .744176395E-02  .756023476E-02  .768058061E-02
  .780283091E-02  .792701553E-02  .805316480E-02  .818130952E-02  .831148095E-02
  .844371086E-02  .857803148E-02  .871447557E-02  .885307636E-02  .899386763E-02
  .913688366E-02  .928215925E-02  .942972975E-02  .957963105E-02  .973189961E-02
  .988657241E-02  .100436870E-01  .102032817E-01  .103653950E-01  .105300664E-01
  .106973357E-01  .108672436E-01  .110398312E-01  .112151404E-01  .113932135E-01
  .115740936E-01  .117578246E-01  .119444509E-01  .121340174E-01  .123265702E-01
  .125221556E-01  .127208208E-01  .129226139E-01  .131275834E-01  .133357787E-01
  .135472501E-01  .137620485E-01  .139802255E-01  .142018336E-01  .144269262E-01
  .146555573E-01  .148877819E-01  .151236557E-01  .153632353E-01  .156065782E-01
  .158537428E-01  .161047882E-01  .163597747E-01  .166187631E-01  .168818156E-01
  .171489950E-01  .174203651E-01  .176959909E-01  .179759380E-01  .182602733E-01
  .185490646E-01  .188423807E-01  .191402916E-01  .194428680E-01  .197501821E-01
  .200623069E-01  .203793165E-01  .207012864E-01  .210282928E-01  .213604134E-01
  .216977270E-01  .220403134E-01  .223882538E-01  .227416305E-01  .231005272E-01
  .234650286E-01  .238352208E-01  .242111913E-01  .245930287E-01  .249808231E-01
  .253746658E-01  .257746495E-01  .261808684E-01  .265934179E-01  .270123951E-01
  .274378983E-01  .278700273E-01  .283088835E-01  .287545697E-01  .292071902E-01
  .296668510E-01  .301336596E-01  .306077250E-01  .310891579E-01  .315780705E-01
  .320745770E-01  .325787930E-01  .330908358E-01  .336108245E-01  .341388800E-01
  .346751249E-01  .352196837E-01  .357726826E-01  .363342498E-01  .369045152E-01
  .374836107E-01  .380716703E-01  .386688296E-01  .392752265E-01  .398910008E-01
  .405162943E-01  .411512510E-01  .417960167E-01  .424507397E-01  .431155703E-01
  .437906609E-01  .444761661E-01  .451722430E-01  .458790507E-01  .465967508E-01
  .473255071E-01  .480654857E-01  .488168553E-01  .495797871E-01  .503544543E-01
  .511410332E-01  .519397021E-01  .527506423E-01  .535740374E-01  .544100737E-01
  .552589403E-01  .561208289E-01  .569959338E-01  .578844524E-01  .587865847E-01
  .597025336E-01  .606325048E-01  .615767070E-01  .625353519E-01  .635086542E-01
  .644968315E-01  .655001046E-01  .665186975E-01  .675528372E-01  .686027539E-01
  .696686811E-01  .707508557E-01  .718495177E-01  .729649106E-01  .740972814E-01
  .752468802E-01  .764139610E-01  .775987812E-01  .788016016E-01  .800226869E-01
  .812623055E-01  .825207291E-01  .837982337E-01  .850950987E-01  .864116077E-01
  .877480479E-01  .891047107E-01  .904818913E-01  .918798893E-01  .932990079E-01
  .947395548E-01  .962018420E-01  .976861854E-01  .991929054E-01  .100722327E+00
  .102274779E+00  .103850595E+00  .105450114E+00  .107073677E+00  .108721634E+00
  .110394334E+00  .112092136E+00  .113815400E+00  .115564494E+00  .117339788E+00
  .119141659E+00  .120970487E+00  .122826660E+00  .124710569E+00  .126622610E+00
  .128563185E+00  .130532702E+00  .132531572E+00  .134560215E+00  .136619053E+00
  .138708516E+00  .140829038E+00  .142981059E+00  .145165026E+00  .147381390E+00
  .149630609E+00  .151913146E+00  .154229472E+00  .156580061E+00  .158965395E+00
  .161385963E+00  .163842258E+00  .166334781E+00  .168864039E+00  .171430544E+00
  .174034817E+00  .176677383E+00  .179358776E+00  .182079536E+00  .184840208E+00
  .187641346E+00  .190483509E+00  .193367266E+00  .196293189E+00  .199261860E+00
  .202273868E+00  .205329808E+00  .208430282E+00  .211575901E+00  .214767283E+00
  .218005053E+00  .221289843E+00  .224622294E+00  .228003053E+00  .231432778E+00
  .234912130E+00  .238441783E+00  .242022415E+00  .245654714E+00  .249339375E+00
  .253077103E+00  .256868610E+00  .260714616E+00  .264615849E+00  .268573048E+00
  .272586958E+00  .276658333E+00  .280787936E+00  .284976538E+00  .289224921E+00
  .293533874E+00  .297904194E+00  .302336689E+00  .306832175E+00  .311391477E+00
  .316015430E+00  .320704876E+00  .325460669E+00  .330283672E+00  .335174754E+00
  .340134798E+00  .345164694E+00  .350265342E+00  .355437651E+00  .360682540E+00
  .366000939E+00  .371393787E+00  .376862030E+00  .382406629E+00  .388028551E+00
  .393728774E+00  .399508286E+00  .405368086E+00  .411309182E+00  .417332592E+00
  .423439344E+00  .429630478E+00  .435907042E+00  .442270095E+00  .448720706E+00
  .455259956E+00  .461888934E+00  .468608741E+00  .475420487E+00  .482325294E+00
  .489324292E+00  .496418625E+00  .503609444E+00  .510897913E+00  .518285204E+00
  .525772501E+00  .533360999E+00  .541051902E+00  .548846425E+00  .556745795E+00
  .564751245E+00  .572864024E+00  .581085388E+00  .589416604E+00  .597858950E+00
  .606413713E+00  .615082191E+00  .623865693E+00  .632765537E+00  .641783053E+00
  .650919578E+00  .660176461E+00  .669555062E+00  .679056749E+00  .688682900E+00
  .698434905E+00  .708314161E+00  .718322076E+00  .728460067E+00  .738729561E+00
  .749131994E+00  .759668811E+00  .770341467E+00  .781151425E+00  .792100158E+00
  .803189145E+00  .814419878E+00  .825793854E+00  .837312580E+00  .848977571E+00
  .860790348E+00  .872752443E+00  .884865393E+00  .897130745E+00  .909550051E+00
  .922124872E+00  .934856773E+00  .947747329E+00  .960798120E+00  .974010732E+00
  .987386757E+00  .100092779E+01  .101463544E+01  .102851132E+01  .104255703E+01
  .105677419E+01  .107116443E+01  .108572938E+01  .110047065E+01  .111538990E+01
  .113048875E+01  .114576884E+01  .116123181E+01  .117687932E+01  .119271300E+01
  .120873449E+01  .122494546E+01  .124134754E+01  .125794239E+01  .127473164E+01
  .129171695E+01  .130889996E+01  .132628232E+01  .134386566E+01  .136165163E+01
  .137964185E+01  .139783797E+01  .141624160E+01  .143485436E+01  .145367788E+01
  .147271377E+01  .149196362E+01  .151142903E+01  .153111160E+01  .155101289E+01
  .157113449E+01  .159147795E+01  .161204482E+01  .163283664E+01  .165385494E+01
  .167510123E+01  .169657701E+01  .171828377E+01  .174022299E+01  .176239611E+01
  .178480458E+01  .180744982E+01  .183033324E+01  .185345621E+01  .187682011E+01
  .190042628E+01  .192427604E+01  .194837069E+01  .197271151E+01  .199729975E+01
  .202213663E+01  .204722337E+01  .207256112E+01  .209815104E+01  .212399424E+01
  .215009180E+01  .217644478E+01  .220305419E+01  .222992102E+01  .225704622E+01
  .228443071E+01  .231207537E+01  .233998102E+01  .236814848E+01  .239657850E+01
  .242527179E+01  .245422903E+01  .248345085E+01  .251293783E+01  .254269049E+01
  .257270934E+01  .260299480E+01  .263354727E+01  .266436706E+01  .269545447E+01
  .272680971E+01  .275843295E+01  .279032430E+01  .282248381E+01  .285491146E+01
  .288760717E+01  .292057082E+01  .295380219E+01  .298730100E+01  .302106693E+01
  .305509956E+01  .308939840E+01  .312396290E+01  .315879242E+01  .319388627E+01
  .322924365E+01  .326486370E+01  .330074547E+01  .333688793E+01  .337328997E+01
  .340995039E+01  .344686790E+01  .348404113E+01  .352146860E+01  .355914875E+01
  .359707992E+01  .363526038E+01  .367368826E+01  .371236161E+01  .375127840E+01
  .379043646E+01  .382983354E+01  .386946727E+01  .390933519E+01  .394943471E+01
  .398976315E+01  .403031769E+01  .407109543E+01  .411209333E+01  .415330824E+01
  .419473689E+01  .423637589E+01  .427822172E+01  .432027075E+01  .436251922E+01
  .440496325E+01  .444759881E+01  .449042176E+01  .453342782E+01  .457661259E+01
  .461997152E+01  .466349993E+01  .470719302E+01  .475104582E+01  .479505325E+01
  .483921007E+01  .488351092E+01  .492795027E+01  .497252247E+01  .501722172E+01
  .506204207E+01  .510697741E+01  .515202152E+01  .519716799E+01  .524241028E+01
  .528774172E+01  .533315544E+01  .537864448E+01  .542420167E+01  .546981972E+01
  .551549119E+01  .556120847E+01  .560696381E+01  .565274930E+01  .569855688E+01
  .574437833E+01  .579020528E+01  .583602921E+01  .588184145E+01  .592763317E+01
  .597339538E+01  .601911895E+01  .606479459E+01  .611041288E+01  .615596421E+01
  .620143887E+01  .624682696E+01  .629211844E+01  .633730316E+01  .638237078E+01
  .642731083E+01  .647211272E+01  .651676569E+01  .656125886E+01  .660558121E+01
  .664972158E+01  .669366868E+01  .673741110E+01  .678093729E+01  .682423558E+01
  .686729418E+01  .691010117E+01  .695264454E+01  .699491212E+01  .703689169E+01
  .707857087E+01  .711993720E+01  .716097813E+01  .720168100E+01  .724203307E+01
  .728202149E+01  .732163335E+01  .736085565E+01  .739967533E+01  .743807925E+01
  .747605420E+01  .751358692E+01  .755066409E+01  .758727235E+01  .762339830E+01
  .765902850E+01  .769414945E+01  .772874768E+01  .776280965E+01  .779632184E+01
  .782927072E+01  .786164274E+01  .789342438E+01  .792460213E+01  .795516249E+01
  .798509201E+01  .801437726E+01  .804300486E+01  .807096148E+01  .809823386E+01
  .812480879E+01  .815067316E+01  .817581393E+01  .820021815E+01  .822387298E+01
  .824676569E+01  .826888367E+01  .829021444E+01  .831074565E+01  .833046510E+01
  .834936075E+01  .836742072E+01  .838463333E+01  .840098704E+01  .841647054E+01
  .843107272E+01  .844478267E+01  .845758972E+01  .846948342E+01  .848045358E+01
  .849049024E+01  .849958375E+01  .850772468E+01  .851490392E+01  .852111265E+01
  .852634235E+01  .853058482E+01  .853383219E+01  .853607690E+01  .853731178E+01
  .853752999E+01  .853672505E+01  .853489087E+01  .853202176E+01  .852811239E+01
  .852315787E+01  .851715371E+01  .851009586E+01  .850198067E+01  .849280499E+01
  .848256607E+01  .847126165E+01  .845888995E+01  .844544966E+01  .843093994E+01
  .841536048E+01  .839871145E+01  .838099355E+01  .836220800E+01  .834235653E+01
  .832144143E+01  .829946552E+01  .827643216E+01  .825234528E+01  .822720936E+01
  .820102947E+01  .817381121E+01  .814556079E+01  .811628499E+01  .808599117E+01
  .805468730E+01  .802238191E+01  .798908416E+01  .795480377E+01  .791955109E+01
  .788333706E+01  .784617322E+01  .780807172E+01  .776904531E+01  .772910734E+01
  .768827176E+01  .764655312E+01  .760396659E+01  .756052791E+01  .751625342E+01
  .747116006E+01  .742526535E+01  .737858738E+01  .733114484E+01  .728295696E+01
  .723404357E+01  .718442502E+01  .713412224E+01  .708315667E+01  .703155033E+01
  .697932570E+01  .692650584E+01  .687311426E+01  .681917499E+01  .676471252E+01
  .670975184E+01  .665431835E+01  .659843794E+01  .654213689E+01  .648544190E+01
  .642838009E+01  .637097892E+01  .631326625E+01  .625527027E+01  .619701951E+01
  .613854281E+01  .607986929E+01  .602102836E+01  .596204968E+01  .590296314E+01
  .584379885E+01  .578458711E+01  .572535839E+01  .566614331E+01  .560697262E+01
  .554787716E+01  .548888788E+01  .543003574E+01  .537135178E+01  .531286703E+01
  .525461251E+01  .519661918E+01  .513891795E+01  .508153966E+01  .502451499E+01
  .496787453E+01  .491164865E+01  .485586757E+01  .480056128E+01  .474575951E+01
  .469149175E+01  .463778716E+01  .458467460E+01  .453218259E+01  .448033927E+01
  .442917236E+01  .437870918E+01  .432897662E+01  .428000105E+01  .423180838E+01
  .418442398E+01  .413787269E+01  .409217877E+01  .404736589E+01  .400345711E+01
  .396047484E+01  .391844086E+01  .387737624E+01  .383730137E+01  .379823591E+01
  .376019880E+01  .372320819E+01  .368728149E+01  .365243530E+01  .361868540E+01
  .358604676E+01  .355453351E+01  .352415891E+01  .349493538E+01  .346687442E+01
  .343998667E+01  .341428184E+01  .338976874E+01  .336645525E+01  .334434830E+01
  .332345390E+01  .330377709E+01  .328532196E+01  .326809164E+01  .325208827E+01
  .323731305E+01  .322376616E+01  .321144683E+01  .320035330E+01  .319048280E+01
  .318183159E+01  .317439495E+01  .316816714E+01  .316314147E+01  .315931022E+01
  .315666471E+01  .315519527E+01  .315489124E+01  .315574098E+01  .315773190E+01
  .316085040E+01  .316508195E+01  .317041106E+01  .317682127E+01  .318429520E+01
  .319281453E+01  .320236004E+01  .321291160E+01  .322444818E+01  .323694790E+01
  .325038801E+01  .326474494E+01  .327999432E+01  .329611097E+01  .331306898E+01
  .333084168E+01  .334940170E+01  .336872101E+01  .338877092E+01  .340952212E+01
  .343094474E+01  .345300833E+01  .347568194E+01  .349893412E+01  .352273298E+01
  .354704620E+01  .357184107E+01  .359708453E+01  .362274321E+01  .364878342E+01
  .367517125E+01  .370187255E+01  .372885299E+01  .375607806E+01  .378351315E+01
  .381112355E+01  .383887450E+01  .386673119E+01  .389465883E+01  .392262266E+01
  .395058800E+01  .397852026E+01  .400638498E+01  .403414788E+01  .406177484E+01
  .408923200E+01  .411648575E+01  .414350275E+01  .417025001E+01  .419669487E+01
  .422280504E+01  .424854866E+01  .427389430E+01  .429881101E+01  .432326831E+01
  .434723627E+01  .437068550E+01  .439358717E+01  .441591309E+01  .443763567E+01
  .445872798E+01  .447916377E+01  .449891748E+01  .451796429E+01  .453628009E+01
  .455384156E+01  .457062614E+01  .458661209E+01  .460177847E+01  .461610519E+01
  .462957298E+01  .464216347E+01  .465385913E+01  .466464334E+01  .467450037E+01
  .468341542E+01  .469137458E+01  .469836489E+01  .470437432E+01  .470939176E+01
  .471340709E+01  .471641109E+01  .471839552E+01  .471935310E+01  .471927748E+01
  .471816329E+01  .471600611E+01  .471280244E+01  .470854976E+01  .470324649E+01
  .469689197E+01  .468948648E+01  .468103123E+01  .467152833E+01  .466098081E+01
  .464939258E+01  .463676844E+01  .462311406E+01  .460843597E+01  .459274155E+01
  .457603900E+01  .455833733E+01  .453964636E+01  .451997667E+01  .449933964E+01
  .447774735E+01  .445521263E+01  .443174902E+01  .440737072E+01  .438209262E+01
  .435593023E+01  .432889969E+01  .430101776E+01  .427230172E+01  .424276945E+01
  .421243934E+01  .418133029E+01  .414946166E+01  .411685329E+01  .408352542E+01
  .404949873E+01  .401479425E+01  .397943337E+01  .394343782E+01  .390682961E+01
  .386963099E+01  .383186456E+01  .379355298E+01  .375471924E+01  .371538651E+01
  .367557799E+01  .363531716E+01  .359462744E+01  .355353250E+01  .351205590E+01
  .347022134E+01  .342805245E+01  .338557292E+01  .334280628E+01  .329977615E+01
  .325650589E+01  .321301892E+01  .316933838E+01  .312548738E+01  .308148876E+01
  .303736528E+01  .299313934E+01  .294883329E+01  .290446904E+01  .286006843E+01
  .281565285E+01  .277124353E+01  .272686126E+01  .268252662E+01  .263825975E+01
  .259408052E+01  .255000834E+01  .250606234E+01  .246226115E+01  .241862310E+01
  .237516601E+01  .233190736E+01  .228886412E+01  .224605290E+01  .220348977E+01
  .216119045E+01  .211917007E+01  .207744343E+01  .203602473E+01  .199492781E+01
  .195416590E+01  .191375189E+01  .187369804E+01  .183401625E+01  .179471782E+01
  .175581365E+01  .171731407E+01  .167922900E+01  .164156778E+01  .160433936E+01
  .156755211E+01  .153121399E+01  .149533242E+01  .145991440E+01  .142496638E+01
  .139049445E+01  .135650410E+01  .132300050E+01  .128998823E+01  .125747155E+01
  .122545415E+01  .119393940E+01  .116293014E+01  .113242888E+01  .110243762E+01
  .107295805E+01  .104399136E+01  .101553845E+01  .987599732E+00  .960175346E+00
  .933264961E+00  .906867983E+00  .880983415E+00  .855609932E+00  .830745881E+00
  .806389289E+00  .782537870E+00  .759189038E+00  .736339915E+00  .713987343E+00
  .692127891E+00  .670757867E+00  .649873328E+00  .629470089E+00  .609543736E+00
  .590089632E+00  .571102930E+00  .552578585E+00  .534511358E+00  .516895832E+00
  .499726421E+00  .482997378E+00  .466702806E+00  .450836670E+00  .435392803E+00
  .420364918E+00  .405746620E+00  .391531410E+00  .377712699E+00  .364283816E+00
  .351238015E+00  .338568489E+00  .326268372E+00  .314330754E+00  .302748685E+00
  .291515186E+00  .280623255E+00  .270065877E+00  .259836029E+00  .249926689E+00
  .240330844E+00  .231041495E+00  .222051664E+00  .213354401E+00  .204942790E+00
  .196809957E+00  .188949071E+00  .181353354E+00  .174016084E+00  .166930600E+00
  .160090307E+00  .153488682E+00  .147119275E+00  .140975715E+00  .135051715E+00
  .129341074E+00  .123837677E+00  .118535506E+00  .113428636E+00  .108511239E+00
  .103777589E+00  .992220620E-01  .948391374E-01  .906234019E-01  .865695496E-01
  .826723840E-01  .789268189E-01  .753278798E-01  .718707043E-01  .685505435E-01
  .653627620E-01  .623028385E-01  .593663663E-01  .565490532E-01  .538467217E-01
  .512553086E-01  .487708653E-01  .463895570E-01  .441076626E-01  .419215737E-01
  .398277944E-01  .378229402E-01  .359037372E-01  .340670207E-01  .323097345E-01
  .306289286E-01  .290217584E-01  .274854822E-01  .260174593E-01  .246151474E-01
  .232760996E-01  .219979620E-01  .207784693E-01  .196154420E-01  .185067817E-01
  .174504671E-01  .164445495E-01  .154871484E-01  .145764468E-01  .137106867E-01
  .128881647E-01  .121072284E-01  .113662722E-01  .106637341E-01  .999809305E-02
  .936786641E-02  .877160808E-02  .820790702E-02  .767538621E-02  .717270204E-02
  .669854394E-02  .625163432E-02  .583072870E-02  .543461604E-02  .506211906E-02
  .471209474E-02  .438343470E-02  .407506564E-02  .378594963E-02  .351508445E-02
  .326150367E-02  .302427678E-02  .280250908E-02  .259534156E-02  .240195056E-02
  .222154746E-02  .205337812E-02  .189672238E-02  .175089330E-02  .161523653E-02
  .148912944E-02  .137198026E-02  .126322723E-02  .116233764E-02  .106880683E-02
  .982157249E-03  .901937429E-03  .827720985E-03  .759105607E-03  .695712049E-03
  .637183138E-03  .583182790E-03  .533395042E-03  .487523104E-03  .445288431E-03
  .406429826E-03  .370702557E-03  .337877509E-03  .307740363E-03  .280090801E-03
  .254741739E-03  .231518597E-03  .210258587E-03  .190810039E-03  .173031754E-03
  .156792380E-03  .141969830E-03  .128450707E-03  .116129780E-03  .104909462E-03
  .946993364E-04  .854156904E-04  .769810823E-04  .693239292E-04  .623781167E-04
  .560826309E-04  .503812112E-04  .452220219E-04  .405573443E-04  .363432860E-04
  .325395081E-04  .291089686E-04  .260176819E-04  .232344936E-04  .207308689E-04
  .184806955E-04  .164600986E-04  .146472687E-04  .130223005E-04  .115670431E-04
  .102649603E-04  .910100077E-05  .806147749E-05  .713395536E-05  .630714745E-05
  .557081865E-05  .491569647E-05  .433338861E-05  .381630674E-05  .335759621E-05
  .295107120E-05  .259115497E-05  .227282516E-05  .199156268E-05  .174330630E-05
  .152440904E-05  .133160016E-05  .116194893E-05  .101283215E-05  .881904423E-06
  .767070933E-06  .666462732E-06  .578414186E-06  .501442497E-06  .434229095E-06
  .375602746E-06  .324524211E-06  .280072961E-06  .241432195E-06  .207885078E-06
  .178788722E-06  .153586590E-06  .131778194E-06  .112929324E-06  .966581840E-07
  .826294834E-07  .705491330E-07  .601595059E-07  .512352004E-07  .435792590E-07
  .370197989E-07  .314070126E-07  .266105024E-07  .225169139E-07  .190278377E-07
  .160579531E-07  .135333859E-07  .113902589E-07  .957341433E-08  .803528856E-08
  .673492341E-08  .563709772E-08  .471156623E-08  .393239328E-08  .327737044E-08
  .272750812E-08  .226659254E-08  .188080013E-08  .155836252E-08  .128927576E-08
  .106504852E-08  .878484212E-09  .723492792E-09  .594928514E-09  .488450200E-09
  .400401124E-09  .327705919E-09  .267782230E-09  .218465124E-09  .177942523E-09
  .144700147E-09  .117474629E-09  .952136710E-10  .770422302E-10  .622338733E-10
  .501865521E-10  .404021501E-10  .324692442E-10  .260486017E-10  .208609981E-10
  .166770040E-10  .133084372E-10  .106012217E-10  .842943175E-11  .669033482E-11
  .530027221E-11  .419124267E-11  .330807419E-11  .260608703E-11  .204916634E-11
  .160817560E-11  .125965309E-11  .984743003E-12  .768320600E-12  .598277668E-12
  .464939994E-12  .360593440E-12  .279099131E-12  .215581646E-12  .166176862E-12
  .127828462E-12  .981240661E-13  .751635227E-13  .574532938E-13  .438219292E-13
  .333525688E-13  .253291572E-13  .191936779E-13  .145122241E-13  .109481387E-13
  .824079907E-14  .618889601E-14  .463728641E-14  .346667805E-14  .258555557E-14
  .192387510E-14  .142815152E-14  .105763993E-14  .781374424E-15  .575877261E-15
  .423390957E-15  .310517148E-15  .227171240E-15  .165781542E-15  .120677224E-15
  .876217540E-16  .634581153E-16  .458397276E-16  .330268751E-16  .237330976E-16
  .170095833E-16  .121583872E-16  .866746284E-17  .616215081E-17  .436905482E-17
  .308921366E-17  .217823157E-17  .153160259E-17  .107390110E-17  .750842371E-18
  .523467354E-18  .363895556E-18  .252231963E-18  .174320924E-18  .120119823E-18
  .825249490E-19  .565263353E-19  .386012054E-19  .262799645E-19  .178365916E-19
  .120684468E-19  .814015079E-20  .547323556E-20  .366838929E-20  .245084114E-20
  .163212031E-20  .108336584E-20  .716758223E-21  .472643103E-21  .310631498E-21
  .203468656E-21  .132824334E-21  .864119945E-22  .560240780E-22  .361965910E-22
  .233045515E-22  .149513951E-22  .955824688E-23  .608860632E-23  .386445397E-23
  .244386011E-23  .153981936E-23  .966619612E-24  .604534212E-24  .376662669E-24
  .233796251E-24  .144564788E-24  .890459488E-25  .546360136E-25  .333920798E-25
  .203279638E-25  .123258377E-25  .744384405E-26  .447736328E-26  .268211579E-26
  .160010543E-26  .950651221E-27  .562446081E-27  .331369911E-27  .194403036E-27
  .113562775E-27  .660536774E-28  .382534845E-28  .220568164E-28  .126618506E-28
  .723633497E-29  .411710286E-29  .233185042E-29  .131470946E-29  .737841546E-30
  .412177801E-30  .229180730E-30  .126831553E-30  .698579445E-31  .382936728E-31
  .208902808E-31  .113409842E-31  .612674027E-32  .329354316E-32  .176171310E-32
  .937621547E-33  .496504334E-33  .261579638E-33  .137104740E-33  .714908933E-34
  .370834928E-34  .191348026E-34  .982115192E-35  .501392073E-35  .254595335E-35
  .128576788E-35  .645795342E-36  .322573257E-36  .160229944E-36  .791446344E-37
  .388724754E-37  .189839307E-37  .921793075E-38  .445004177E-38  .213578684E-38
  .101904781E-38  .483340913E-39  .227884217E-39  .106796202E-39  .497458963E-40
  .230301867E-40  .105963207E-40  .484516628E-41  .220159073E-41  .994070044E-42
  .445992847E-42  .198814086E-42  .880546767E-43  .387454954E-43  .169367799E-43
  .735458968E-44  .317234926E-44  .135917468E-44  .578386159E-45  .244447316E-45
  .102601489E-45  .427660484E-46  .177009889E-46  .727485883E-47  .296862781E-47
  .120272514E-47  .483761840E-48  .193164069E-48  .765641289E-49  .301233427E-49
  .117634349E-49  .455924031E-50  .175368715E-50  .669401729E-51  .253553836E-51
  .952961934E-52  .355366184E-52  .131475481E-52  .482563320E-53  .175702238E-53
  .634579430E-54  .227327904E-54  .807702764E-55  .284613718E-55  .994598923E-56
  .344711851E-56  .118504589E-56  .404363081E-57  .137463189E-57  .467526616E-58
  .163538551E-58  .617411435E-59  .291810044E-59  .220309370E-59  .000000000E+00
  .000000000E+00  .000000000E+00  .000000000E+00  .000000000E+00  .000000000E+00
  .000000000E+00  .000000000E+00  .000000000E+00  .000000000E+00  .000000000E+00
  .000000000E+00  .000000000E+00  .000000000E+00  .000000000E+00  .000000000E+00
  .000000000E+00  .000000000E+00  .000000000E+00  .000000000E+00  .000000000E+00
  .000000000E+00  .000000000E+00  .000000000E+00  .000000000E+00  .000000000E+00
  .000000000E+00  .000000000E+00  .000000000E+00  .000000000E+00  .000000000E+00
  .000000000E+00  .000000000E+00  .000000000E+00  .000000000E+00  .000000000E+00
  .000000000E+00  .000000000E+00  .000000000E+00  .000000000E+00  .000000000E+00
  .000000000E+00  .000000000E+00  .000000000E+00  .000000000E+00  .000000000E+00
  .000000000E+00  .000000000E+00  .000000000E+00  .000000000E+00  .000000000E+00
  .000000000E+00  .000000000E+00  .000000000E+00  .000000000E+00  .000000000E+00
  .000000000E+00  .000000000E+00  .000000000E+00  .000000000E+00  .000000000E+00
  .000000000E+00  .000000000E+00  .000000000E+00  .000000000E+00  .000000000E+00
  .000000000E+00  .000000000E+00  .000000000E+00  .000000000E+00  .000000000E+00
  .000000000E+00  .000000000E+00  .000000000E+00  .000000000E+00  .000000000E+00
  .000000000E+00  .000000000E+00  .000000000E+00  .000000000E+00  .000000000E+00
  .000000000E+00  .000000000E+00  .000000000E+00  .000000000E+00  .000000000E+00
  .000000000E+00  .000000000E+00  .000000000E+00  .000000000E+00  .000000000E+00
  .000000000E+00  .000000000E+00  .000000000E+00  .000000000E+00  .000000000E+00
  .000000000E+00  .000000000E+00  .000000000E+00  .000000000E+00  .000000000E+00
  .000000000E+00  .000000000E+00  .000000000E+00  .000000000E+00  .000000000E+00
  .000000000E+00  .000000000E+00  .000000000E+00  .000000000E+00  .000000000E+00
  .000000000E+00  .000000000E+00  .000000000E+00  .000000000E+00  .000000000E+00
  .000000000E+00  .000000000E+00  .000000000E+00  .000000000E+00  .000000000E+00
  .000000000E+00  .000000000E+00  .000000000E+00  .000000000E+00  .000000000E+00
  .000000000E+00  .000000000E+00  .000000000E+00  .000000000E+00  .000000000E+00
  .000000000E+00  .000000000E+00  .000000000E+00  .000000000E+00  .000000000E+00
  .000000000E+00  .000000000E+00  .000000000E+00  .000000000E+00  .000000000E+00
  .000000000E+00  .000000000E+00  .000000000E+00  .000000000E+00  .000000000E+00
  .000000000E+00  .000000000E+00  .000000000E+00  .000000000E+00  .000000000E+00
  .000000000E+00  .000000000E+00  .000000000E+00  .000000000E+00  .000000000E+00
  .000000000E+00  .000000000E+00  .000000000E+00  .000000000E+00  .000000000E+00
  .000000000E+00  .000000000E+00  .000000000E+00  .000000000E+00  .000000000E+00
  .000000000E+00  .000000000E+00  .000000000E+00  .000000000E+00  .000000000E+00
  .000000000E+00  .000000000E+00  .000000000E+00  .000000000E+00  .000000000E+00
  .000000000E+00  .000000000E+00  .000000000E+00  .000000000E+00  .000000000E+00
  .000000000E+00  .000000000E+00  .000000000E+00  .000000000E+00  .000000000E+00
  .000000000E+00  .000000000E+00  .000000000E+00  .000000000E+00  .000000000E+00
  .000000000E+00  .000000000E+00  .000000000E+00  .000000000E+00  .000000000E+00
  .000000000E+00  .000000000E+00  .000000000E+00  .000000000E+00  .000000000E+00
  .000000000E+00  .000000000E+00  .000000000E+00  .000000000E+00  .000000000E+00
  .000000000E+00  .000000000E+00  .000000000E+00  .000000000E+00  .000000000E+00
  .000000000E+00  .000000000E+00  .000000000E+00  .000000000E+00  .000000000E+00
