  PAW Ge_h 21Jan2003                     
 100
Core Pot   L  =         .00000   -.87655
  -.20000000E+01  .55161632E+00
  -.19600000E+01  .52995561E+00
  -.19200000E+01  .50802584E+00
  -.18800000E+01  .48582012E+00
  -.18400000E+01  .46333128E+00
  -.18000000E+01  .44055195E+00
  -.17600000E+01  .41747443E+00
  -.17200000E+01  .39409080E+00
  -.16800000E+01  .37039279E+00
  -.16400000E+01  .34637186E+00
  -.16000000E+01  .32201912E+00
  -.15600000E+01  .29732537E+00
  -.15200000E+01  .27228103E+00
  -.14800000E+01  .24687614E+00
  -.14400000E+01  .22110039E+00
  -.14000000E+01  .19494302E+00
  -.13600000E+01  .16839286E+00
  -.13200000E+01  .14143826E+00
  -.12800000E+01  .11406713E+00
  -.12400000E+01  .86266858E-01
  -.12000000E+01  .58024303E-01
  -.11600000E+01  .29325773E-01
  -.11200000E+01  .15698820E-03
  -.10800000E+01 -.29496947E-01
  -.10400000E+01 -.59651582E-01
  -.10000000E+01 -.90323152E-01
  -.96000000E+00 -.12152862E+00
  -.92000000E+00 -.15328571E+00
  -.88000000E+00 -.18561297E+00
  -.84000000E+00 -.21852980E+00
  -.80000000E+00 -.25205650E+00
  -.76000000E+00 -.28621435E+00
  -.72000000E+00 -.32102564E+00
  -.68000000E+00 -.35651375E+00
  -.64000000E+00 -.39270321E+00
  -.60000000E+00 -.42961975E+00
  -.56000000E+00 -.46729043E+00
  -.52000000E+00 -.50574369E+00
  -.48000000E+00 -.54500942E+00
  -.44000000E+00 -.58511909E+00
  -.40000000E+00 -.62610585E+00
  -.36000000E+00 -.66800463E+00
  -.32000000E+00 -.71085228E+00
  -.28000000E+00 -.75468767E+00
  -.24000000E+00 -.79955187E+00
  -.20000000E+00 -.84548829E+00
  -.16000000E+00 -.89254284E+00
  -.12000000E+00 -.94076414E+00
  -.80000000E-01 -.99020370E+00
  -.40000000E-01 -.10409161E+01
   .12351231E-14 -.10929594E+01
   .40000000E-01 -.11463952E+01
   .80000000E-01 -.12012889E+01
   .12000000E+00 -.12577103E+01
   .16000000E+00 -.13157336E+01
   .20000000E+00 -.13754381E+01
   .24000000E+00 -.14369084E+01
   .28000000E+00 -.15002348E+01
   .32000000E+00 -.15655142E+01
   .36000000E+00 -.16328501E+01
   .40000000E+00 -.17023537E+01
   .44000000E+00 -.17741445E+01
   .48000000E+00 -.18483508E+01
   .52000000E+00 -.19251109E+01
   .56000000E+00 -.20045739E+01
   .60000000E+00 -.20869008E+01
   .64000000E+00 -.21722657E+01
   .68000000E+00 -.22608572E+01
   .72000000E+00 -.23528800E+01
   .76000000E+00 -.24485566E+01
   .80000000E+00 -.25481291E+01
   .84000000E+00 -.26518618E+01
   .88000000E+00 -.27600433E+01
   .92000000E+00 -.28729899E+01
   .96000000E+00 -.29910487E+01
   .10000000E+01 -.31146012E+01
   .10400000E+01 -.32440685E+01
   .10800000E+01 -.33799154E+01
   .11200000E+01 -.35226574E+01
   .11600000E+01 -.36728669E+01
   .12000000E+01 -.38311819E+01
   .12400000E+01 -.39983151E+01
   .12800000E+01 -.41750659E+01
   .13200000E+01 -.43623332E+01
   .13600000E+01 -.45611319E+01
   .14000000E+01 -.47726121E+01
   .14400000E+01 -.49980825E+01
   .14800000E+01 -.52390383E+01
   .15200000E+01 -.54971962E+01
   .15600000E+01 -.57745369E+01
   .16000000E+01 -.60733573E+01
   .16400000E+01 -.63963370E+01
   .16800000E+01 -.67466211E+01
   .17200000E+01 -.71279256E+01
   .17600000E+01 -.75446742E+01
   .18000000E+01 -.80021735E+01
   .18400000E+01 -.85068463E+01
   .18800000E+01 -.90665407E+01
   .19200000E+01 -.96909488E+01
   .19600000E+01 -.10392182E+02
   .20000000E+01 -.11185577E+02
Potential  L  =         .00000   -.87655
  -.20000000E+01  .61134878E+00
  -.19600000E+01  .58922918E+00
  -.19200000E+01  .56677671E+00
  -.18800000E+01  .54398033E+00
  -.18400000E+01  .52082842E+00
  -.18000000E+01  .49730887E+00
  -.17600000E+01  .47340891E+00
  -.17200000E+01  .44911516E+00
  -.16800000E+01  .42441361E+00
  -.16400000E+01  .39928948E+00
  -.16000000E+01  .37372729E+00
  -.15600000E+01  .34771070E+00
  -.15200000E+01  .32122254E+00
  -.14800000E+01  .29424470E+00
  -.14400000E+01  .26675811E+00
  -.14000000E+01  .23874263E+00
  -.13600000E+01  .21017699E+00
  -.13200000E+01  .18103874E+00
  -.12800000E+01  .15130410E+00
  -.12400000E+01  .12094793E+00
  -.12000000E+01  .89943576E-01
  -.11600000E+01  .58262794E-01
  -.11200000E+01  .25875597E-01
  -.10800000E+01 -.72498640E-02
  -.10400000E+01 -.41147454E-01
  -.10000000E+01 -.75853217E-01
  -.96000000E+00 -.11140555E+00
  -.92000000E+00 -.14784542E+00
  -.88000000E+00 -.18521654E+00
  -.84000000E+00 -.22356566E+00
  -.80000000E+00 -.26294279E+00
  -.76000000E+00 -.30340153E+00
  -.72000000E+00 -.34499935E+00
  -.68000000E+00 -.38779801E+00
  -.64000000E+00 -.43186392E+00
  -.60000000E+00 -.47726861E+00
  -.56000000E+00 -.52408922E+00
  -.52000000E+00 -.57240909E+00
  -.48000000E+00 -.62231836E+00
  -.44000000E+00 -.67391473E+00
  -.40000000E+00 -.72730422E+00
  -.36000000E+00 -.78260211E+00
  -.32000000E+00 -.83993399E+00
  -.28000000E+00 -.89943687E+00
  -.24000000E+00 -.96126062E+00
  -.20000000E+00 -.10255694E+01
  -.16000000E+00 -.10925436E+01
  -.12000000E+00 -.11623816E+01
  -.80000000E-01 -.12353023E+01
  -.40000000E-01 -.13115479E+01
   .12351231E-14 -.13913868E+01
   .40000000E-01 -.14751177E+01
   .80000000E-01 -.15630734E+01
   .12000000E+00 -.16556265E+01
   .16000000E+00 -.17531948E+01
   .20000000E+00 -.18562492E+01
   .24000000E+00 -.19653217E+01
   .28000000E+00 -.20810161E+01
   .32000000E+00 -.22040202E+01
   .36000000E+00 -.23351213E+01
   .40000000E+00 -.24752248E+01
   .44000000E+00 -.26253768E+01
   .48000000E+00 -.27867932E+01
   .52000000E+00 -.29608953E+01
   .56000000E+00 -.31493550E+01
   .60000000E+00 -.33541527E+01
   .64000000E+00 -.35776521E+01
   .68000000E+00 -.38226973E+01
   .72000000E+00 -.40927420E+01
   .76000000E+00 -.43920213E+01
   .80000000E+00 -.47257868E+01
   .84000000E+00 -.51006305E+01
   .88000000E+00 -.55249420E+01
   .92000000E+00 -.60095659E+01
   .96000000E+00 -.65687711E+01
   .10000000E+01 -.72217176E+01
   .10400000E+01 -.79947499E+01
   .10800000E+01 -.89251118E+01
   .11200000E+01 -.10067234E+02
   .11600000E+01 -.11503943E+02
   .12000000E+01 -.13367749E+02
   .12400000E+01 -.15884686E+02
   .12800000E+01 -.19474484E+02
   .13200000E+01 -.25014628E+02
   .13600000E+01 -.34698310E+02
   .14000000E+01 -.55979065E+02
   .14400000E+01 -.14096119E+03
   .14800000E+01  .28548131E+03
   .15200000E+01  .71734619E+02
   .15600000E+01  .41270131E+02
   .16000000E+01  .29081737E+02
   .16400000E+01  .22513629E+02
   .16800000E+01  .18403727E+02
   .17200000E+01  .15587384E+02
   .17600000E+01  .13535305E+02
   .18000000E+01  .11972289E+02
   .18400000E+01  .10741091E+02
   .18800000E+01  .97453400E+01
   .19200000E+01  .89226821E+01
   .19600000E+01  .82309869E+01
   .20000000E+01  .76407638E+01
Core Pot   L  =        1.00000   -.29794
  -.20000000E+01  .10283194E+01
  -.19600000E+01  .10125358E+01
  -.19200000E+01  .99662579E+00
  -.18800000E+01  .98058705E+00
  -.18400000E+01  .96441712E+00
  -.18000000E+01  .94811351E+00
  -.17600000E+01  .93167368E+00
  -.17200000E+01  .91509499E+00
  -.16800000E+01  .89837478E+00
  -.16400000E+01  .88151026E+00
  -.16000000E+01  .86449862E+00
  -.15600000E+01  .84733695E+00
  -.15200000E+01  .83002225E+00
  -.14800000E+01  .81255145E+00
  -.14400000E+01  .79492141E+00
  -.14000000E+01  .77712888E+00
  -.13600000E+01  .75917052E+00
  -.13200000E+01  .74104291E+00
  -.12800000E+01  .72274254E+00
  -.12400000E+01  .70426576E+00
  -.12000000E+01  .68560885E+00
  -.11600000E+01  .66676797E+00
  -.11200000E+01  .64773916E+00
  -.10800000E+01  .62851836E+00
  -.10400000E+01  .60910138E+00
  -.10000000E+01  .58948390E+00
  -.96000000E+00  .56966146E+00
  -.92000000E+00  .54962948E+00
  -.88000000E+00  .52938323E+00
  -.84000000E+00  .50891785E+00
  -.80000000E+00  .48822829E+00
  -.76000000E+00  .46730937E+00
  -.72000000E+00  .44615573E+00
  -.68000000E+00  .42476184E+00
  -.64000000E+00  .40312200E+00
  -.60000000E+00  .38123031E+00
  -.56000000E+00  .35908068E+00
  -.52000000E+00  .33666681E+00
  -.48000000E+00  .31398220E+00
  -.44000000E+00  .29102011E+00
  -.40000000E+00  .26777358E+00
  -.36000000E+00  .24423541E+00
  -.32000000E+00  .22039815E+00
  -.28000000E+00  .19625408E+00
  -.24000000E+00  .17179520E+00
  -.20000000E+00  .14701324E+00
  -.16000000E+00  .12189960E+00
  -.12000000E+00  .96445397E-01
  -.80000000E-01  .70641398E-01
  -.40000000E-01  .44478032E-01
   .12351231E-14  .17945365E-01
   .40000000E-01 -.89669157E-02
   .80000000E-01 -.36269521E-01
   .12000000E+00 -.63973577E-01
   .16000000E+00 -.92090651E-01
   .20000000E+00 -.12063276E+00
   .24000000E+00 -.14961242E+00
   .28000000E+00 -.17904265E+00
   .32000000E+00 -.20893699E+00
   .36000000E+00 -.23930953E+00
   .40000000E+00 -.27017499E+00
   .44000000E+00 -.30154869E+00
   .48000000E+00 -.33344659E+00
   .52000000E+00 -.36588537E+00
   .56000000E+00 -.39888242E+00
   .60000000E+00 -.43245592E+00
   .64000000E+00 -.46662482E+00
   .68000000E+00 -.50140898E+00
   .72000000E+00 -.53682914E+00
   .76000000E+00 -.57290699E+00
   .80000000E+00 -.60966527E+00
   .84000000E+00 -.64712778E+00
   .88000000E+00 -.68531945E+00
   .92000000E+00 -.72426644E+00
   .96000000E+00 -.76399619E+00
   .10000000E+01 -.80453753E+00
   .10400000E+01 -.84592070E+00
   .10800000E+01 -.88817751E+00
   .11200000E+01 -.93134143E+00
   .11600000E+01 -.97544768E+00
   .12000000E+01 -.10205333E+01
   .12400000E+01 -.10666375E+01
   .12800000E+01 -.11138014E+01
   .13200000E+01 -.11620685E+01
   .13600000E+01 -.12114848E+01
   .14000000E+01 -.12620988E+01
   .14400000E+01 -.13139620E+01
   .14800000E+01 -.13671288E+01
   .15200000E+01 -.14216567E+01
   .15600000E+01 -.14776070E+01
   .16000000E+01 -.15350444E+01
   .16400000E+01 -.15940380E+01
   .16800000E+01 -.16546611E+01
   .17200000E+01 -.17169916E+01
   .17600000E+01 -.17811128E+01
   .18000000E+01 -.18471132E+01
   .18400000E+01 -.19150876E+01
   .18800000E+01 -.19851371E+01
   .19200000E+01 -.20573701E+01
   .19600000E+01 -.21319026E+01
   .20000000E+01 -.22088589E+01
Potential  L  =        1.00000   -.29794
  -.20000000E+01  .10691497E+01
  -.19600000E+01  .10532875E+01
  -.19200000E+01  .10372777E+01
  -.18800000E+01  .10211169E+01
  -.18400000E+01  .10048018E+01
  -.18000000E+01  .98832907E+00
  -.17600000E+01  .97169498E+00
  -.17200000E+01  .95489592E+00
  -.16800000E+01  .93792808E+00
  -.16400000E+01  .92078752E+00
  -.16000000E+01  .90347018E+00
  -.15600000E+01  .88597187E+00
  -.15200000E+01  .86828825E+00
  -.14800000E+01  .85041481E+00
  -.14400000E+01  .83234691E+00
  -.14000000E+01  .81407973E+00
  -.13600000E+01  .79560829E+00
  -.13200000E+01  .77692744E+00
  -.12800000E+01  .75803180E+00
  -.12400000E+01  .73891586E+00
  -.12000000E+01  .71957384E+00
  -.11600000E+01  .69999979E+00
  -.11200000E+01  .68018752E+00
  -.10800000E+01  .66013060E+00
  -.10400000E+01  .63982237E+00
  -.10000000E+01  .61925589E+00
  -.96000000E+00  .59842395E+00
  -.92000000E+00  .57731908E+00
  -.88000000E+00  .55593344E+00
  -.84000000E+00  .53425901E+00
  -.80000000E+00  .51228732E+00
  -.76000000E+00  .49000958E+00
  -.72000000E+00  .46741668E+00
  -.68000000E+00  .44449900E+00
  -.64000000E+00  .42124664E+00
  -.60000000E+00  .39764921E+00
  -.56000000E+00  .37369590E+00
  -.52000000E+00  .34937539E+00
  -.48000000E+00  .32467587E+00
  -.44000000E+00  .29958498E+00
  -.40000000E+00  .27408981E+00
  -.36000000E+00  .24817684E+00
  -.32000000E+00  .22183192E+00
  -.28000000E+00  .19504023E+00
  -.24000000E+00  .16778623E+00
  -.20000000E+00  .14005363E+00
  -.16000000E+00  .11182533E+00
  -.12000000E+00  .83083370E-01
  -.80000000E-01  .53808896E-01
  -.40000000E-01  .23982075E-01
   .12351231E-14 -.64179554E-02
   .40000000E-01 -.37413156E-01
   .80000000E-01 -.69026661E-01
   .12000000E+00 -.10128286E+00
   .16000000E+00 -.13420748E+00
   .20000000E+00 -.16782768E+00
   .24000000E+00 -.20217217E+00
   .28000000E+00 -.23727128E+00
   .32000000E+00 -.27315713E+00
   .36000000E+00 -.30986373E+00
   .40000000E+00 -.34742711E+00
   .44000000E+00 -.38588554E+00
   .48000000E+00 -.42527962E+00
   .52000000E+00 -.46565251E+00
   .56000000E+00 -.50705016E+00
   .60000000E+00 -.54952145E+00
   .64000000E+00 -.59311854E+00
   .68000000E+00 -.63789706E+00
   .72000000E+00 -.68391647E+00
   .76000000E+00 -.73124033E+00
   .80000000E+00 -.77993674E+00
   .84000000E+00 -.83007868E+00
   .88000000E+00 -.88174450E+00
   .92000000E+00 -.93501841E+00
   .96000000E+00 -.98999104E+00
   .10000000E+01 -.10467601E+01
   .10400000E+01 -.11054309E+01
   .10800000E+01 -.11661176E+01
   .11200000E+01 -.12289434E+01
   .11600000E+01 -.12940421E+01
   .12000000E+01 -.13615591E+01
   .12400000E+01 -.14316525E+01
   .12800000E+01 -.15044946E+01
   .13200000E+01 -.15802738E+01
   .13600000E+01 -.16591959E+01
   .14000000E+01 -.17414871E+01
   .14400000E+01 -.18273956E+01
   .14800000E+01 -.19171950E+01
   .15200000E+01 -.20111875E+01
   .15600000E+01 -.21097074E+01
   .16000000E+01 -.22131261E+01
   .16400000E+01 -.23218569E+01
   .16800000E+01 -.24363611E+01
   .17200000E+01 -.25571555E+01
   .17600000E+01 -.26848209E+01
   .18000000E+01 -.28200121E+01
   .18400000E+01 -.29634701E+01
   .18800000E+01 -.31160374E+01
   .19200000E+01 -.32786749E+01
   .19600000E+01 -.34524847E+01
   .20000000E+01 -.36387358E+01
Core Pot   L  =        2.00000  -2.17511
  -.20000000E+01  .13298045E+02
  -.19600000E+01  .71888833E+01
  -.19200000E+01  .52582206E+01
  -.18800000E+01  .43071929E+01
  -.18400000E+01  .37382809E+01
  -.18000000E+01  .33577769E+01
  -.17600000E+01  .30839622E+01
  -.17200000E+01  .28763964E+01
  -.16800000E+01  .27127757E+01
  -.16400000E+01  .25797907E+01
  -.16000000E+01  .24690075E+01
  -.15600000E+01  .23748224E+01
  -.15200000E+01  .22933665E+01
  -.14800000E+01  .22218825E+01
  -.14400000E+01  .21583523E+01
  -.14000000E+01  .21012645E+01
  -.13600000E+01  .20494650E+01
  -.13200000E+01  .20020570E+01
  -.12800000E+01  .19583332E+01
  -.12400000E+01  .19177281E+01
  -.12000000E+01  .18797843E+01
  -.11600000E+01  .18441275E+01
  -.11200000E+01  .18104487E+01
  -.10800000E+01  .17784903E+01
  -.10400000E+01  .17480360E+01
  -.10000000E+01  .17189027E+01
  -.96000000E+00  .16909342E+01
  -.92000000E+00  .16639967E+01
  -.88000000E+00  .16379746E+01
  -.84000000E+00  .16127678E+01
  -.80000000E+00  .15882889E+01
  -.76000000E+00  .15644611E+01
  -.72000000E+00  .15412172E+01
  -.68000000E+00  .15184974E+01
  -.64000000E+00  .14962487E+01
  -.60000000E+00  .14744240E+01
  -.56000000E+00  .14529810E+01
  -.52000000E+00  .14318817E+01
  -.48000000E+00  .14110920E+01
  -.44000000E+00  .13905809E+01
  -.40000000E+00  .13703204E+01
  -.36000000E+00  .13502850E+01
  -.32000000E+00  .13304514E+01
  -.28000000E+00  .13107983E+01
  -.24000000E+00  .12913061E+01
  -.20000000E+00  .12719567E+01
  -.16000000E+00  .12527336E+01
  -.12000000E+00  .12336213E+01
  -.80000000E-01  .12146056E+01
  -.40000000E-01  .11956730E+01
   .12351231E-14  .11768113E+01
   .40000000E-01  .11580088E+01
   .80000000E-01  .11392545E+01
   .12000000E+00  .11205382E+01
   .16000000E+00  .11018502E+01
   .20000000E+00  .10831814E+01
   .24000000E+00  .10645231E+01
   .28000000E+00  .10458671E+01
   .32000000E+00  .10272054E+01
   .36000000E+00  .10085306E+01
   .40000000E+00  .98983541E+00
   .44000000E+00  .97111304E+00
   .48000000E+00  .95235678E+00
   .52000000E+00  .93356021E+00
   .56000000E+00  .91471712E+00
   .60000000E+00  .89582149E+00
   .64000000E+00  .87686745E+00
   .68000000E+00  .85784929E+00
   .72000000E+00  .83876145E+00
   .76000000E+00  .81959844E+00
   .80000000E+00  .80035491E+00
   .84000000E+00  .78102559E+00
   .88000000E+00  .76160526E+00
   .92000000E+00  .74208880E+00
   .96000000E+00  .72247111E+00
   .10000000E+01  .70274715E+00
   .10400000E+01  .68291189E+00
   .10800000E+01  .66296035E+00
   .11200000E+01  .64288753E+00
   .11600000E+01  .62268844E+00
   .12000000E+01  .60235810E+00
   .12400000E+01  .58189150E+00
   .12800000E+01  .56128360E+00
   .13200000E+01  .54052935E+00
   .13600000E+01  .51962364E+00
   .14000000E+01  .49856134E+00
   .14400000E+01  .47733722E+00
   .14800000E+01  .45594604E+00
   .15200000E+01  .43438245E+00
   .15600000E+01  .41264105E+00
   .16000000E+01  .39071634E+00
   .16400000E+01  .36860275E+00
   .16800000E+01  .34629458E+00
   .17200000E+01  .32378604E+00
   .17600000E+01  .30107122E+00
   .18000000E+01  .27814411E+00
   .18400000E+01  .25499853E+00
   .18800000E+01  .23162818E+00
   .19200000E+01  .20802663E+00
   .19600000E+01  .18418727E+00
   .20000000E+01  .16010333E+00
Potential  L  =        2.00000  -2.17511
  -.20000000E+01 -.21347843E+01
  -.19600000E+01 -.23216568E+01
  -.19200000E+01 -.25245538E+01
  -.18800000E+01 -.27457290E+01
  -.18400000E+01 -.29878799E+01
  -.18000000E+01 -.32542628E+01
  -.17600000E+01 -.35488461E+01
  -.17200000E+01 -.38765151E+01
  -.16800000E+01 -.42433540E+01
  -.16400000E+01 -.46570373E+01
  -.16000000E+01 -.51273857E+01
  -.15600000E+01 -.56671733E+01
  -.15200000E+01 -.62933270E+01
  -.14800000E+01 -.70287648E+01
  -.14400000E+01 -.79053022E+01
  -.14000000E+01 -.89684359E+01
  -.13600000E+01 -.10285582E+02
  -.13200000E+01 -.11961086E+02
  -.12800000E+01 -.14165518E+02
  -.12400000E+01 -.17198127E+02
  -.12000000E+01 -.21636381E+02
  -.11600000E+01 -.28757218E+02
  -.11200000E+01 -.42056106E+02
  -.10800000E+01 -.75764683E+02
  -.10400000E+01 -.33241680E+03
  -.10000000E+01  .14662983E+03
  -.96000000E+00  .61313024E+02
  -.92000000E+00  .39241305E+02
  -.88000000E+00  .29102748E+02
  -.84000000E+00  .23276667E+02
  -.80000000E+00  .19492402E+02
  -.76000000E+00  .16835377E+02
  -.72000000E+00  .14866263E+02
  -.68000000E+00  .13347777E+02
  -.64000000E+00  .12140506E+02
  -.60000000E+00  .11157165E+02
  -.56000000E+00  .10340318E+02
  -.52000000E+00  .96506202E+01
  -.48000000E+00  .90602171E+01
  -.44000000E+00  .85488346E+01
  -.40000000E+00  .81013647E+01
  -.36000000E+00  .77063186E+01
  -.32000000E+00  .73548039E+01
  -.28000000E+00  .70398307E+01
  -.24000000E+00  .67558285E+01
  -.20000000E+00  .64983030E+01
  -.16000000E+00  .62635887E+01
  -.12000000E+00  .60486659E+01
  -.80000000E-01  .58510246E+01
  -.40000000E-01  .56685610E+01
   .12351231E-14  .54994991E+01
   .40000000E-01  .53423288E+01
   .80000000E-01  .51957579E+01
   .12000000E+00  .50586744E+01
   .16000000E+00  .49301161E+01
   .20000000E+00  .48092460E+01
   .24000000E+00  .46953328E+01
   .28000000E+00  .45877344E+01
   .32000000E+00  .44858851E+01
   .36000000E+00  .43892843E+01
   .40000000E+00  .42974874E+01
   .44000000E+00  .42100984E+01
   .48000000E+00  .41267631E+01
   .52000000E+00  .40471638E+01
   .56000000E+00  .39710151E+01
   .60000000E+00  .38980593E+01
   .64000000E+00  .38280634E+01
   .68000000E+00  .37608165E+01
   .72000000E+00  .36961266E+01
   .76000000E+00  .36338191E+01
   .80000000E+00  .35737344E+01
   .84000000E+00  .35157268E+01
   .88000000E+00  .34596626E+01
   .92000000E+00  .34054192E+01
   .96000000E+00  .33528836E+01
   .10000000E+01  .33019519E+01
   .10400000E+01  .32525281E+01
   .10800000E+01  .32045234E+01
   .11200000E+01  .31578558E+01
   .11600000E+01  .31124489E+01
   .12000000E+01  .30682322E+01
   .12400000E+01  .30251397E+01
   .12800000E+01  .29831103E+01
   .13200000E+01  .29420867E+01
   .13600000E+01  .29020157E+01
   .14000000E+01  .28628473E+01
   .14400000E+01  .28245350E+01
   .14800000E+01  .27870350E+01
   .15200000E+01  .27503063E+01
   .15600000E+01  .27143104E+01
   .16000000E+01  .26790110E+01
   .16400000E+01  .26443741E+01
   .16800000E+01  .26103677E+01
   .17200000E+01  .25769615E+01
   .17600000E+01  .25441268E+01
   .18000000E+01  .25118367E+01
   .18400000E+01  .24800658E+01
   .18800000E+01  .24487898E+01
   .19200000E+01  .24179859E+01
   .19600000E+01  .23876324E+01
   .20000000E+01  .23577087E+01
Core Pot   L  =        3.00000   -.10000
  -.20000000E+01  .20186377E+01
  -.19600000E+01  .20093896E+01
  -.19200000E+01  .20001072E+01
  -.18800000E+01  .19907898E+01
  -.18400000E+01  .19814374E+01
  -.18000000E+01  .19720494E+01
  -.17600000E+01  .19626255E+01
  -.17200000E+01  .19531654E+01
  -.16800000E+01  .19436687E+01
  -.16400000E+01  .19341351E+01
  -.16000000E+01  .19245641E+01
  -.15600000E+01  .19149554E+01
  -.15200000E+01  .19053085E+01
  -.14800000E+01  .18956232E+01
  -.14400000E+01  .18858990E+01
  -.14000000E+01  .18761354E+01
  -.13600000E+01  .18663321E+01
  -.13200000E+01  .18564887E+01
  -.12800000E+01  .18466046E+01
  -.12400000E+01  .18366796E+01
  -.12000000E+01  .18267131E+01
  -.11600000E+01  .18167047E+01
  -.11200000E+01  .18066540E+01
  -.10800000E+01  .17965604E+01
  -.10400000E+01  .17864236E+01
  -.10000000E+01  .17762429E+01
  -.96000000E+00  .17660181E+01
  -.92000000E+00  .17557484E+01
  -.88000000E+00  .17454335E+01
  -.84000000E+00  .17350729E+01
  -.80000000E+00  .17246660E+01
  -.76000000E+00  .17142122E+01
  -.72000000E+00  .17037111E+01
  -.68000000E+00  .16931621E+01
  -.64000000E+00  .16825647E+01
  -.60000000E+00  .16719182E+01
  -.56000000E+00  .16612221E+01
  -.52000000E+00  .16504758E+01
  -.48000000E+00  .16396788E+01
  -.44000000E+00  .16288304E+01
  -.40000000E+00  .16179299E+01
  -.36000000E+00  .16069768E+01
  -.32000000E+00  .15959705E+01
  -.28000000E+00  .15849102E+01
  -.24000000E+00  .15737953E+01
  -.20000000E+00  .15626251E+01
  -.16000000E+00  .15513990E+01
  -.12000000E+00  .15401162E+01
  -.80000000E-01  .15287760E+01
  -.40000000E-01  .15173777E+01
   .12351231E-14  .15059206E+01
   .40000000E-01  .14944039E+01
   .80000000E-01  .14828267E+01
   .12000000E+00  .14711884E+01
   .16000000E+00  .14594882E+01
   .20000000E+00  .14477251E+01
   .24000000E+00  .14358985E+01
   .28000000E+00  .14240074E+01
   .32000000E+00  .14120509E+01
   .36000000E+00  .14000282E+01
   .40000000E+00  .13879384E+01
   .44000000E+00  .13757806E+01
   .48000000E+00  .13635538E+01
   .52000000E+00  .13512571E+01
   .56000000E+00  .13388895E+01
   .60000000E+00  .13264500E+01
   .64000000E+00  .13139376E+01
   .68000000E+00  .13013512E+01
   .72000000E+00  .12886898E+01
   .76000000E+00  .12759523E+01
   .80000000E+00  .12631376E+01
   .84000000E+00  .12502446E+01
   .88000000E+00  .12372722E+01
   .92000000E+00  .12242190E+01
   .96000000E+00  .12110840E+01
   .10000000E+01  .11978659E+01
   .10400000E+01  .11845635E+01
   .10800000E+01  .11711755E+01
   .11200000E+01  .11577005E+01
   .11600000E+01  .11441372E+01
   .12000000E+01  .11304843E+01
   .12400000E+01  .11167403E+01
   .12800000E+01  .11029038E+01
   .13200000E+01  .10889734E+01
   .13600000E+01  .10749475E+01
   .14000000E+01  .10608246E+01
   .14400000E+01  .10466031E+01
   .14800000E+01  .10322815E+01
   .15200000E+01  .10178580E+01
   .15600000E+01  .10033310E+01
   .16000000E+01  .98869881E+00
   .16400000E+01  .97395957E+00
   .16800000E+01  .95911150E+00
   .17200000E+01  .94415275E+00
   .17600000E+01  .92908141E+00
   .18000000E+01  .91389553E+00
   .18400000E+01  .89859311E+00
   .18800000E+01  .88317210E+00
   .19200000E+01  .86763041E+00
   .19600000E+01  .85196587E+00
   .20000000E+01  .83617627E+00
Potential  L  =        3.00000   -.10000
  -.20000000E+01  .20231587E+01
  -.19600000E+01  .20138392E+01
  -.19200000E+01  .20044844E+01
  -.18800000E+01  .19950939E+01
  -.18400000E+01  .19856674E+01
  -.18000000E+01  .19762044E+01
  -.17600000E+01  .19667047E+01
  -.17200000E+01  .19571678E+01
  -.16800000E+01  .19475934E+01
  -.16400000E+01  .19379812E+01
  -.16000000E+01  .19283306E+01
  -.15600000E+01  .19186413E+01
  -.15200000E+01  .19089130E+01
  -.14800000E+01  .18991452E+01
  -.14400000E+01  .18893375E+01
  -.14000000E+01  .18794895E+01
  -.13600000E+01  .18696007E+01
  -.13200000E+01  .18596708E+01
  -.12800000E+01  .18496992E+01
  -.12400000E+01  .18396856E+01
  -.12000000E+01  .18296295E+01
  -.11600000E+01  .18195304E+01
  -.11200000E+01  .18093879E+01
  -.10800000E+01  .17992015E+01
  -.10400000E+01  .17889707E+01
  -.10000000E+01  .17786950E+01
  -.96000000E+00  .17683739E+01
  -.92000000E+00  .17580069E+01
  -.88000000E+00  .17475935E+01
  -.84000000E+00  .17371332E+01
  -.80000000E+00  .17266254E+01
  -.76000000E+00  .17160697E+01
  -.72000000E+00  .17054653E+01
  -.68000000E+00  .16948119E+01
  -.64000000E+00  .16841088E+01
  -.60000000E+00  .16733554E+01
  -.56000000E+00  .16625512E+01
  -.52000000E+00  .16516955E+01
  -.48000000E+00  .16407877E+01
  -.44000000E+00  .16298273E+01
  -.40000000E+00  .16188135E+01
  -.36000000E+00  .16077458E+01
  -.32000000E+00  .15966235E+01
  -.28000000E+00  .15854459E+01
  -.24000000E+00  .15742124E+01
  -.20000000E+00  .15629222E+01
  -.16000000E+00  .15515747E+01
  -.12000000E+00  .15401691E+01
  -.80000000E-01  .15287047E+01
  -.40000000E-01  .15171808E+01
   .12351231E-14  .15055966E+01
   .40000000E-01  .14939513E+01
   .80000000E-01  .14822442E+01
   .12000000E+00  .14704744E+01
   .16000000E+00  .14586412E+01
   .20000000E+00  .14467437E+01
   .24000000E+00  .14347811E+01
   .28000000E+00  .14227525E+01
   .32000000E+00  .14106570E+01
   .36000000E+00  .13984937E+01
   .40000000E+00  .13862618E+01
   .44000000E+00  .13739603E+01
   .48000000E+00  .13615882E+01
   .52000000E+00  .13491445E+01
   .56000000E+00  .13366284E+01
   .60000000E+00  .13240387E+01
   .64000000E+00  .13113745E+01
   .68000000E+00  .12986347E+01
   .72000000E+00  .12858182E+01
   .76000000E+00  .12729240E+01
   .80000000E+00  .12599509E+01
   .84000000E+00  .12468978E+01
   .88000000E+00  .12337635E+01
   .92000000E+00  .12205469E+01
   .96000000E+00  .12072467E+01
   .10000000E+01  .11938617E+01
   .10400000E+01  .11803906E+01
   .10800000E+01  .11668322E+01
   .11200000E+01  .11531851E+01
   .11600000E+01  .11394480E+01
   .12000000E+01  .11256195E+01
   .12400000E+01  .11116982E+01
   .12800000E+01  .10976826E+01
   .13200000E+01  .10835714E+01
   .13600000E+01  .10693629E+01
   .14000000E+01  .10550557E+01
   .14400000E+01  .10406482E+01
   .14800000E+01  .10261388E+01
   .15200000E+01  .10115257E+01
   .15600000E+01  .99680749E+00
   .16000000E+01  .98198226E+00
   .16400000E+01  .96704831E+00
   .16800000E+01  .95200382E+00
   .17200000E+01  .93684695E+00
   .17600000E+01  .92157582E+00
   .18000000E+01  .90618848E+00
   .18400000E+01  .89068296E+00
   .18800000E+01  .87505723E+00
   .19200000E+01  .85930920E+00
   .19600000E+01  .84343675E+00
   .20000000E+01  .82743770E+00
Core Pot   L  =        4.00000    .00000
  -.20000000E+01  .25860799E+01
  -.19600000E+01  .25788784E+01
  -.19200000E+01  .25716607E+01
  -.18800000E+01  .25644264E+01
  -.18400000E+01  .25571757E+01
  -.18000000E+01  .25499083E+01
  -.17600000E+01  .25426242E+01
  -.17200000E+01  .25353233E+01
  -.16800000E+01  .25280054E+01
  -.16400000E+01  .25206705E+01
  -.16000000E+01  .25133185E+01
  -.15600000E+01  .25059492E+01
  -.15200000E+01  .24985625E+01
  -.14800000E+01  .24911584E+01
  -.14400000E+01  .24837367E+01
  -.14000000E+01  .24762973E+01
  -.13600000E+01  .24688402E+01
  -.13200000E+01  .24613651E+01
  -.12800000E+01  .24538720E+01
  -.12400000E+01  .24463607E+01
  -.12000000E+01  .24388313E+01
  -.11600000E+01  .24312834E+01
  -.11200000E+01  .24237171E+01
  -.10800000E+01  .24161321E+01
  -.10400000E+01  .24085285E+01
  -.10000000E+01  .24009060E+01
  -.96000000E+00  .23932645E+01
  -.92000000E+00  .23856040E+01
  -.88000000E+00  .23779242E+01
  -.84000000E+00  .23702251E+01
  -.80000000E+00  .23625065E+01
  -.76000000E+00  .23547683E+01
  -.72000000E+00  .23470104E+01
  -.68000000E+00  .23392326E+01
  -.64000000E+00  .23314349E+01
  -.60000000E+00  .23236170E+01
  -.56000000E+00  .23157789E+01
  -.52000000E+00  .23079204E+01
  -.48000000E+00  .23000413E+01
  -.44000000E+00  .22921416E+01
  -.40000000E+00  .22842210E+01
  -.36000000E+00  .22762795E+01
  -.32000000E+00  .22683169E+01
  -.28000000E+00  .22603331E+01
  -.24000000E+00  .22523279E+01
  -.20000000E+00  .22443011E+01
  -.16000000E+00  .22362526E+01
  -.12000000E+00  .22281823E+01
  -.80000000E-01  .22200901E+01
  -.40000000E-01  .22119756E+01
   .12351231E-14  .22038389E+01
   .40000000E-01  .21956797E+01
   .80000000E-01  .21874978E+01
   .12000000E+00  .21792932E+01
   .16000000E+00  .21710657E+01
   .20000000E+00  .21628150E+01
   .24000000E+00  .21545411E+01
   .28000000E+00  .21462437E+01
   .32000000E+00  .21379227E+01
   .36000000E+00  .21295779E+01
   .40000000E+00  .21212091E+01
   .44000000E+00  .21128162E+01
   .48000000E+00  .21043990E+01
   .52000000E+00  .20959573E+01
   .56000000E+00  .20874909E+01
   .60000000E+00  .20789997E+01
   .64000000E+00  .20704834E+01
   .68000000E+00  .20619419E+01
   .72000000E+00  .20533749E+01
   .76000000E+00  .20447824E+01
   .80000000E+00  .20361640E+01
   .84000000E+00  .20275196E+01
   .88000000E+00  .20188490E+01
   .92000000E+00  .20101520E+01
   .96000000E+00  .20014284E+01
   .10000000E+01  .19926780E+01
   .10400000E+01  .19839005E+01
   .10800000E+01  .19750959E+01
   .11200000E+01  .19662637E+01
   .11600000E+01  .19574039E+01
   .12000000E+01  .19485162E+01
   .12400000E+01  .19396004E+01
   .12800000E+01  .19306563E+01
   .13200000E+01  .19216837E+01
   .13600000E+01  .19126822E+01
   .14000000E+01  .19036518E+01
   .14400000E+01  .18945920E+01
   .14800000E+01  .18855029E+01
   .15200000E+01  .18763839E+01
   .15600000E+01  .18672351E+01
   .16000000E+01  .18580560E+01
   .16400000E+01  .18488464E+01
   .16800000E+01  .18396061E+01
   .17200000E+01  .18303349E+01
   .17600000E+01  .18210324E+01
   .18000000E+01  .18116985E+01
   .18400000E+01  .18023328E+01
   .18800000E+01  .17929351E+01
   .19200000E+01  .17835051E+01
   .19600000E+01  .17740425E+01
   .20000000E+01  .17645471E+01
Potential  L  =        4.00000    .00000
  -.20000000E+01  .25948994E+01
  -.19600000E+01  .25876757E+01
  -.19200000E+01  .25804354E+01
  -.18800000E+01  .25731783E+01
  -.18400000E+01  .25659044E+01
  -.18000000E+01  .25586135E+01
  -.17600000E+01  .25513055E+01
  -.17200000E+01  .25439804E+01
  -.16800000E+01  .25366379E+01
  -.16400000E+01  .25292781E+01
  -.16000000E+01  .25219008E+01
  -.15600000E+01  .25145059E+01
  -.15200000E+01  .25070932E+01
  -.14800000E+01  .24996627E+01
  -.14400000E+01  .24922143E+01
  -.14000000E+01  .24847478E+01
  -.13600000E+01  .24772631E+01
  -.13200000E+01  .24697601E+01
  -.12800000E+01  .24622387E+01
  -.12400000E+01  .24546987E+01
  -.12000000E+01  .24471401E+01
  -.11600000E+01  .24395628E+01
  -.11200000E+01  .24319665E+01
  -.10800000E+01  .24243512E+01
  -.10400000E+01  .24167168E+01
  -.10000000E+01  .24090631E+01
  -.96000000E+00  .24013899E+01
  -.92000000E+00  .23936973E+01
  -.88000000E+00  .23859850E+01
  -.84000000E+00  .23782529E+01
  -.80000000E+00  .23705008E+01
  -.76000000E+00  .23627287E+01
  -.72000000E+00  .23549364E+01
  -.68000000E+00  .23471238E+01
  -.64000000E+00  .23392907E+01
  -.60000000E+00  .23314369E+01
  -.56000000E+00  .23235625E+01
  -.52000000E+00  .23156671E+01
  -.48000000E+00  .23077506E+01
  -.44000000E+00  .22998130E+01
  -.40000000E+00  .22918541E+01
  -.36000000E+00  .22838736E+01
  -.32000000E+00  .22758715E+01
  -.28000000E+00  .22678477E+01
  -.24000000E+00  .22598018E+01
  -.20000000E+00  .22517339E+01
  -.16000000E+00  .22436437E+01
  -.12000000E+00  .22355311E+01
  -.80000000E-01  .22273960E+01
  -.40000000E-01  .22192381E+01
   .12351231E-14  .22110573E+01
   .40000000E-01  .22028534E+01
   .80000000E-01  .21946262E+01
   .12000000E+00  .21863757E+01
   .16000000E+00  .21781016E+01
   .20000000E+00  .21698038E+01
   .24000000E+00  .21614820E+01
   .28000000E+00  .21531361E+01
   .32000000E+00  .21447659E+01
   .36000000E+00  .21363713E+01
   .40000000E+00  .21279520E+01
   .44000000E+00  .21195079E+01
   .48000000E+00  .21110387E+01
   .52000000E+00  .21025444E+01
   .56000000E+00  .20940246E+01
   .60000000E+00  .20854793E+01
   .64000000E+00  .20769081E+01
   .68000000E+00  .20683110E+01
   .72000000E+00  .20596877E+01
   .76000000E+00  .20510379E+01
   .80000000E+00  .20423616E+01
   .84000000E+00  .20336585E+01
   .88000000E+00  .20249284E+01
   .92000000E+00  .20161710E+01
   .96000000E+00  .20073862E+01
   .10000000E+01  .19985737E+01
   .10400000E+01  .19897333E+01
   .10800000E+01  .19808649E+01
   .11200000E+01  .19719681E+01
   .11600000E+01  .19630427E+01
   .12000000E+01  .19540886E+01
   .12400000E+01  .19451054E+01
   .12800000E+01  .19360930E+01
   .13200000E+01  .19270510E+01
   .13600000E+01  .19179794E+01
   .14000000E+01  .19088777E+01
   .14400000E+01  .18997458E+01
   .14800000E+01  .18905834E+01
   .15200000E+01  .18813903E+01
   .15600000E+01  .18721662E+01
   .16000000E+01  .18629108E+01
   .16400000E+01  .18536239E+01
   .16800000E+01  .18443052E+01
   .17200000E+01  .18349544E+01
   .17600000E+01  .18255713E+01
   .18000000E+01  .18161556E+01
   .18400000E+01  .18067070E+01
   .18800000E+01  .17972252E+01
   .19200000E+01  .17877100E+01
   .19600000E+01  .17781609E+01
   .20000000E+01  .17685779E+01
KBPotential  L  =      2.00000  -4.35022
  -.20000000E+01  .13841442E+02
  -.19600000E+01  .73717825E+01
  -.19200000E+01  .53673301E+01
  -.18800000E+01  .43867969E+01
  -.18400000E+01  .38023199E+01
  -.18000000E+01  .34122351E+01
  -.17600000E+01  .31319092E+01
  -.17200000E+01  .29196008E+01
  -.16800000E+01  .27523438E+01
  -.16400000E+01  .26164580E+01
  -.16000000E+01  .25032864E+01
  -.15600000E+01  .24070838E+01
  -.15200000E+01  .23238871E+01
  -.14800000E+01  .22508739E+01
  -.14400000E+01  .21859800E+01
  -.14000000E+01  .21276603E+01
  -.13600000E+01  .20747354E+01
  -.13200000E+01  .20262897E+01
  -.12800000E+01  .19816008E+01
  -.12400000E+01  .19400918E+01
  -.12000000E+01  .19012960E+01
  -.11600000E+01  .18648316E+01
  -.11200000E+01  .18303838E+01
  -.10800000E+01  .17976898E+01
  -.10400000E+01  .17665295E+01
  -.10000000E+01  .17367161E+01
  -.96000000E+00  .17080909E+01
  -.92000000E+00  .16805175E+01
  -.88000000E+00  .16538785E+01
  -.84000000E+00  .16280719E+01
  -.80000000E+00  .16030090E+01
  -.76000000E+00  .15786117E+01
  -.72000000E+00  .15548117E+01
  -.68000000E+00  .15315485E+01
  -.64000000E+00  .15087683E+01
  -.60000000E+00  .14864232E+01
  -.56000000E+00  .14644706E+01
  -.52000000E+00  .14428719E+01
  -.48000000E+00  .14215927E+01
  -.44000000E+00  .14006017E+01
  -.40000000E+00  .13798707E+01
  -.36000000E+00  .13593740E+01
  -.32000000E+00  .13390881E+01
  -.28000000E+00  .13189918E+01
  -.24000000E+00  .12990652E+01
  -.20000000E+00  .12792905E+01
  -.16000000E+00  .12596511E+01
  -.12000000E+00  .12401315E+01
  -.80000000E-01  .12207177E+01
  -.40000000E-01  .12013964E+01
   .12351231E-14  .11821554E+01
   .40000000E-01  .11629833E+01
   .80000000E-01  .11438693E+01
   .12000000E+00  .11248036E+01
   .16000000E+00  .11057765E+01
   .20000000E+00  .10867794E+01
   .24000000E+00  .10678039E+01
   .28000000E+00  .10488420E+01
   .32000000E+00  .10298863E+01
   .36000000E+00  .10109297E+01
   .40000000E+00  .99196540E+00
   .44000000E+00  .97298696E+00
   .48000000E+00  .95398823E+00
   .52000000E+00  .93496328E+00
   .56000000E+00  .91590643E+00
   .60000000E+00  .89681224E+00
   .64000000E+00  .87767543E+00
   .68000000E+00  .85849092E+00
   .72000000E+00  .83925378E+00
   .76000000E+00  .81995924E+00
   .80000000E+00  .80060264E+00
   .84000000E+00  .78117946E+00
   .88000000E+00  .76168528E+00
   .92000000E+00  .74211579E+00
   .96000000E+00  .72246674E+00
   .10000000E+01  .70273400E+00
   .10400000E+01  .68291347E+00
   .10800000E+01  .66300112E+00
   .11200000E+01  .64299300E+00
   .11600000E+01  .62288518E+00
   .12000000E+01  .60267377E+00
   .12400000E+01  .58235491E+00
   .12800000E+01  .56192480E+00
   .13200000E+01  .54137961E+00
   .13600000E+01  .52071557E+00
   .14000000E+01  .49992890E+00
   .14400000E+01  .47901581E+00
   .14800000E+01  .45797254E+00
   .15200000E+01  .43679530E+00
   .15600000E+01  .41548031E+00
   .16000000E+01  .39402378E+00
   .16400000E+01  .37242186E+00
   .16800000E+01  .35067074E+00
   .17200000E+01  .32876653E+00
   .17600000E+01  .30670534E+00
   .18000000E+01  .28448323E+00
   .18400000E+01  .26209624E+00
   .18800000E+01  .23954036E+00
   .19200000E+01  .21681151E+00
   .19600000E+01  .19390560E+00
   .20000000E+01  .17081846E+00
KBPotential  L  =       .00000  -1.75311
  -.20000000E+01  .55143943E+00
  -.19600000E+01  .52978676E+00
  -.19200000E+01  .50786457E+00
  -.18800000E+01  .48566598E+00
  -.18400000E+01  .46318385E+00
  -.18000000E+01  .44041078E+00
  -.17600000E+01  .41733913E+00
  -.17200000E+01  .39396094E+00
  -.16800000E+01  .37026797E+00
  -.16400000E+01  .34625168E+00
  -.16000000E+01  .32190321E+00
  -.15600000E+01  .29721334E+00
  -.15200000E+01  .27217252E+00
  -.14800000E+01  .24677081E+00
  -.14400000E+01  .22099788E+00
  -.14000000E+01  .19484300E+00
  -.13600000E+01  .16829500E+00
  -.13200000E+01  .14134227E+00
  -.12800000E+01  .11397271E+00
  -.12400000E+01  .86173720E-01
  -.12000000E+01  .57932178E-01
  -.11600000E+01  .29234404E-01
  -.11200000E+01  .66133572E-04
  -.10800000E+01 -.29587516E-01
  -.10400000E+01 -.59742079E-01
  -.10000000E+01 -.90413777E-01
  -.96000000E+00 -.12161956E+00
  -.92000000E+00 -.15337714E+00
  -.88000000E+00 -.18570504E+00
  -.84000000E+00 -.21862265E+00
  -.80000000E+00 -.25215027E+00
  -.76000000E+00 -.28630915E+00
  -.72000000E+00 -.32112158E+00
  -.68000000E+00 -.35661092E+00
  -.64000000E+00 -.39280168E+00
  -.60000000E+00 -.42971962E+00
  -.56000000E+00 -.46739177E+00
  -.52000000E+00 -.50584655E+00
  -.48000000E+00 -.54511387E+00
  -.44000000E+00 -.58522521E+00
  -.40000000E+00 -.62621370E+00
  -.36000000E+00 -.66811431E+00
  -.32000000E+00 -.71096388E+00
  -.28000000E+00 -.75480132E+00
  -.24000000E+00 -.79966773E+00
  -.20000000E+00 -.84560654E+00
  -.16000000E+00 -.89266374E+00
  -.12000000E+00 -.94088798E+00
  -.80000000E-01 -.99033087E+00
  -.40000000E-01 -.10410471E+01
   .12351231E-14 -.10930948E+01
   .40000000E-01 -.11465356E+01
   .80000000E-01 -.12014352E+01
   .12000000E+00 -.12578635E+01
   .16000000E+00 -.13158950E+01
   .20000000E+00 -.13756091E+01
   .24000000E+00 -.14370908E+01
   .28000000E+00 -.15004308E+01
   .32000000E+00 -.15657261E+01
   .36000000E+00 -.16330810E+01
   .40000000E+00 -.17026070E+01
   .44000000E+00 -.17744243E+01
   .48000000E+00 -.18486618E+01
   .52000000E+00 -.19254588E+01
   .56000000E+00 -.20049651E+01
   .60000000E+00 -.20873431E+01
   .64000000E+00 -.21727680E+01
   .68000000E+00 -.22614299E+01
   .72000000E+00 -.23535353E+01
   .76000000E+00 -.24493087E+01
   .80000000E+00 -.25489944E+01
   .84000000E+00 -.26528596E+01
   .88000000E+00 -.27611960E+01
   .92000000E+00 -.28743236E+01
   .96000000E+00 -.29925937E+01
   .10000000E+01 -.31163933E+01
   .10400000E+01 -.32461490E+01
   .10800000E+01 -.33823330E+01
   .11200000E+01 -.35254690E+01
   .11600000E+01 -.36761391E+01
   .12000000E+01 -.38349930E+01
   .12400000E+01 -.40027574E+01
   .12800000E+01 -.41802481E+01
   .13200000E+01 -.43683838E+01
   .13600000E+01 -.45682033E+01
   .14000000E+01 -.47808855E+01
   .14400000E+01 -.50077738E+01
   .14800000E+01 -.52504062E+01
   .15200000E+01 -.55105515E+01
   .15600000E+01 -.57902543E+01
   .16000000E+01 -.60918912E+01
   .16400000E+01 -.64182413E+01
   .16800000E+01 -.67725743E+01
   .17200000E+01 -.71587647E+01
   .17600000E+01 -.75814379E+01
   .18000000E+01 -.80461620E+01
   .18400000E+01 -.85597000E+01
   .18800000E+01 -.91303495E+01
   .19200000E+01 -.97684036E+01
   .19600000E+01 -.10486789E+02
   .20000000E+01 -.11301968E+02
KBPotential  L  =      1.00000   -.59588
  -.20000000E+01  .10273543E+01
  -.19600000E+01  .10116258E+01
  -.19200000E+01  .99576874E+00
  -.18800000E+01  .97978094E+00
  -.18400000E+01  .96365998E+00
  -.18000000E+01  .94740339E+00
  -.17600000E+01  .93100866E+00
  -.17200000E+01  .91447321E+00
  -.16800000E+01  .89779438E+00
  -.16400000E+01  .88096945E+00
  -.16000000E+01  .86399562E+00
  -.15600000E+01  .84687005E+00
  -.15200000E+01  .82958973E+00
  -.14800000E+01  .81215164E+00
  -.14400000E+01  .79455269E+00
  -.14000000E+01  .77678964E+00
  -.13600000E+01  .75885922E+00
  -.13200000E+01  .74075803E+00
  -.12800000E+01  .72248256E+00
  -.12400000E+01  .70402927E+00
  -.12000000E+01  .68539442E+00
  -.11600000E+01  .66657422E+00
  -.11200000E+01  .64756476E+00
  -.10800000E+01  .62836200E+00
  -.10400000E+01  .60896179E+00
  -.10000000E+01  .58935985E+00
  -.96000000E+00  .56955177E+00
  -.92000000E+00  .54953300E+00
  -.88000000E+00  .52929885E+00
  -.84000000E+00  .50884448E+00
  -.80000000E+00  .48816491E+00
  -.76000000E+00  .46725498E+00
  -.72000000E+00  .44610938E+00
  -.68000000E+00  .42472263E+00
  -.64000000E+00  .40308905E+00
  -.60000000E+00  .38120280E+00
  -.56000000E+00  .35905782E+00
  -.52000000E+00  .33664786E+00
  -.48000000E+00  .31396646E+00
  -.44000000E+00  .29100692E+00
  -.40000000E+00  .26776234E+00
  -.36000000E+00  .24422556E+00
  -.32000000E+00  .22038912E+00
  -.28000000E+00  .19624543E+00
  -.24000000E+00  .17178650E+00
  -.20000000E+00  .14700410E+00
  -.16000000E+00  .12188969E+00
  -.12000000E+00  .96434467E-01
  -.80000000E-01  .70629154E-01
  -.40000000E-01  .44464272E-01
   .12351231E-14  .17929931E-01
   .40000000E-01 -.89841372E-02
   .80000000E-01 -.36288599E-01
   .12000000E+00 -.63994538E-01
   .16000000E+00 -.92113477E-01
   .20000000E+00 -.12065740E+00
   .24000000E+00 -.14963877E+00
   .28000000E+00 -.17907057E+00
   .32000000E+00 -.20896630E+00
   .36000000E+00 -.23934005E+00
   .40000000E+00 -.27020648E+00
   .44000000E+00 -.30158087E+00
   .48000000E+00 -.33347920E+00
   .52000000E+00 -.36591810E+00
   .56000000E+00 -.39891495E+00
   .60000000E+00 -.43248792E+00
   .64000000E+00 -.46665598E+00
   .68000000E+00 -.50143896E+00
   .72000000E+00 -.53685764E+00
   .76000000E+00 -.57293373E+00
   .80000000E+00 -.60968999E+00
   .84000000E+00 -.64715028E+00
   .88000000E+00 -.68533959E+00
   .92000000E+00 -.72428415E+00
   .96000000E+00 -.76401151E+00
   .10000000E+01 -.80455057E+00
   .10400000E+01 -.84593174E+00
   .10800000E+01 -.88818699E+00
   .11200000E+01 -.93134996E+00
   .11600000E+01 -.97545609E+00
   .12000000E+01 -.10205427E+01
   .12400000E+01 -.10666492E+01
   .12800000E+01 -.11138171E+01
   .13200000E+01 -.11620903E+01
   .13600000E+01 -.12115153E+01
   .14000000E+01 -.12621410E+01
   .14400000E+01 -.13140195E+01
   .14800000E+01 -.13672057E+01
   .15200000E+01 -.14217581E+01
   .15600000E+01 -.14777386E+01
   .16000000E+01 -.15352131E+01
   .16400000E+01 -.15942515E+01
   .16800000E+01 -.16549284E+01
   .17200000E+01 -.17173231E+01
   .17600000E+01 -.17815203E+01
   .18000000E+01 -.18476105E+01
   .18400000E+01 -.19156903E+01
   .18800000E+01 -.19858630E+01
   .19200000E+01 -.20582397E+01
   .19600000E+01 -.21329391E+01
   .20000000E+01 -.22100888E+01
KBPotential  L  =      3.00000    .00000
  -.20000000E+01  .20231587E+01
  -.19600000E+01  .20138392E+01
  -.19200000E+01  .20044844E+01
  -.18800000E+01  .19950939E+01
  -.18400000E+01  .19856674E+01
  -.18000000E+01  .19762044E+01
  -.17600000E+01  .19667047E+01
  -.17200000E+01  .19571678E+01
  -.16800000E+01  .19475934E+01
  -.16400000E+01  .19379812E+01
  -.16000000E+01  .19283306E+01
  -.15600000E+01  .19186413E+01
  -.15200000E+01  .19089130E+01
  -.14800000E+01  .18991452E+01
  -.14400000E+01  .18893375E+01
  -.14000000E+01  .18794895E+01
  -.13600000E+01  .18696007E+01
  -.13200000E+01  .18596708E+01
  -.12800000E+01  .18496992E+01
  -.12400000E+01  .18396856E+01
  -.12000000E+01  .18296295E+01
  -.11600000E+01  .18195304E+01
  -.11200000E+01  .18093879E+01
  -.10800000E+01  .17992015E+01
  -.10400000E+01  .17889707E+01
  -.10000000E+01  .17786950E+01
  -.96000000E+00  .17683739E+01
  -.92000000E+00  .17580069E+01
  -.88000000E+00  .17475935E+01
  -.84000000E+00  .17371332E+01
  -.80000000E+00  .17266254E+01
  -.76000000E+00  .17160697E+01
  -.72000000E+00  .17054653E+01
  -.68000000E+00  .16948119E+01
  -.64000000E+00  .16841088E+01
  -.60000000E+00  .16733554E+01
  -.56000000E+00  .16625512E+01
  -.52000000E+00  .16516955E+01
  -.48000000E+00  .16407877E+01
  -.44000000E+00  .16298273E+01
  -.40000000E+00  .16188135E+01
  -.36000000E+00  .16077458E+01
  -.32000000E+00  .15966235E+01
  -.28000000E+00  .15854459E+01
  -.24000000E+00  .15742124E+01
  -.20000000E+00  .15629222E+01
  -.16000000E+00  .15515747E+01
  -.12000000E+00  .15401691E+01
  -.80000000E-01  .15287047E+01
  -.40000000E-01  .15171808E+01
   .12351231E-14  .15055966E+01
   .40000000E-01  .14939513E+01
   .80000000E-01  .14822442E+01
   .12000000E+00  .14704744E+01
   .16000000E+00  .14586412E+01
   .20000000E+00  .14467437E+01
   .24000000E+00  .14347811E+01
   .28000000E+00  .14227525E+01
   .32000000E+00  .14106570E+01
   .36000000E+00  .13984937E+01
   .40000000E+00  .13862618E+01
   .44000000E+00  .13739603E+01
   .48000000E+00  .13615882E+01
   .52000000E+00  .13491445E+01
   .56000000E+00  .13366284E+01
   .60000000E+00  .13240387E+01
   .64000000E+00  .13113745E+01
   .68000000E+00  .12986347E+01
   .72000000E+00  .12858182E+01
   .76000000E+00  .12729240E+01
   .80000000E+00  .12599509E+01
   .84000000E+00  .12468978E+01
   .88000000E+00  .12337635E+01
   .92000000E+00  .12205469E+01
   .96000000E+00  .12072467E+01
   .10000000E+01  .11938617E+01
   .10400000E+01  .11803906E+01
   .10800000E+01  .11668322E+01
   .11200000E+01  .11531851E+01
   .11600000E+01  .11394480E+01
   .12000000E+01  .11256195E+01
   .12400000E+01  .11116982E+01
   .12800000E+01  .10976826E+01
   .13200000E+01  .10835714E+01
   .13600000E+01  .10693629E+01
   .14000000E+01  .10550557E+01
   .14400000E+01  .10406482E+01
   .14800000E+01  .10261388E+01
   .15200000E+01  .10115257E+01
   .15600000E+01  .99680749E+00
   .16000000E+01  .98198226E+00
   .16400000E+01  .96704831E+00
   .16800000E+01  .95200382E+00
   .17200000E+01  .93684695E+00
   .17600000E+01  .92157582E+00
   .18000000E+01  .90618848E+00
   .18400000E+01  .89068296E+00
   .18800000E+01  .87505723E+00
   .19200000E+01  .85930920E+00
   .19600000E+01  .84343675E+00
   .20000000E+01  .82743770E+00
KBPotential  L  =      4.00000    .00000
  -.20000000E+01  .25948994E+01
  -.19600000E+01  .25876757E+01
  -.19200000E+01  .25804354E+01
  -.18800000E+01  .25731783E+01
  -.18400000E+01  .25659044E+01
  -.18000000E+01  .25586135E+01
  -.17600000E+01  .25513055E+01
  -.17200000E+01  .25439804E+01
  -.16800000E+01  .25366379E+01
  -.16400000E+01  .25292781E+01
  -.16000000E+01  .25219008E+01
  -.15600000E+01  .25145059E+01
  -.15200000E+01  .25070932E+01
  -.14800000E+01  .24996627E+01
  -.14400000E+01  .24922143E+01
  -.14000000E+01  .24847478E+01
  -.13600000E+01  .24772631E+01
  -.13200000E+01  .24697601E+01
  -.12800000E+01  .24622387E+01
  -.12400000E+01  .24546987E+01
  -.12000000E+01  .24471401E+01
  -.11600000E+01  .24395628E+01
  -.11200000E+01  .24319665E+01
  -.10800000E+01  .24243512E+01
  -.10400000E+01  .24167168E+01
  -.10000000E+01  .24090631E+01
  -.96000000E+00  .24013899E+01
  -.92000000E+00  .23936973E+01
  -.88000000E+00  .23859850E+01
  -.84000000E+00  .23782529E+01
  -.80000000E+00  .23705008E+01
  -.76000000E+00  .23627287E+01
  -.72000000E+00  .23549364E+01
  -.68000000E+00  .23471238E+01
  -.64000000E+00  .23392907E+01
  -.60000000E+00  .23314369E+01
  -.56000000E+00  .23235625E+01
  -.52000000E+00  .23156671E+01
  -.48000000E+00  .23077506E+01
  -.44000000E+00  .22998130E+01
  -.40000000E+00  .22918541E+01
  -.36000000E+00  .22838736E+01
  -.32000000E+00  .22758715E+01
  -.28000000E+00  .22678477E+01
  -.24000000E+00  .22598018E+01
  -.20000000E+00  .22517339E+01
  -.16000000E+00  .22436437E+01
  -.12000000E+00  .22355311E+01
  -.80000000E-01  .22273960E+01
  -.40000000E-01  .22192381E+01
   .12351231E-14  .22110573E+01
   .40000000E-01  .22028534E+01
   .80000000E-01  .21946262E+01
   .12000000E+00  .21863757E+01
   .16000000E+00  .21781016E+01
   .20000000E+00  .21698038E+01
   .24000000E+00  .21614820E+01
   .28000000E+00  .21531361E+01
   .32000000E+00  .21447659E+01
   .36000000E+00  .21363713E+01
   .40000000E+00  .21279520E+01
   .44000000E+00  .21195079E+01
   .48000000E+00  .21110387E+01
   .52000000E+00  .21025444E+01
   .56000000E+00  .20940246E+01
   .60000000E+00  .20854793E+01
   .64000000E+00  .20769081E+01
   .68000000E+00  .20683110E+01
   .72000000E+00  .20596877E+01
   .76000000E+00  .20510379E+01
   .80000000E+00  .20423616E+01
   .84000000E+00  .20336585E+01
   .88000000E+00  .20249284E+01
   .92000000E+00  .20161710E+01
   .96000000E+00  .20073862E+01
   .10000000E+01  .19985737E+01
   .10400000E+01  .19897333E+01
   .10800000E+01  .19808649E+01
   .11200000E+01  .19719681E+01
   .11600000E+01  .19630427E+01
   .12000000E+01  .19540886E+01
   .12400000E+01  .19451054E+01
   .12800000E+01  .19360930E+01
   .13200000E+01  .19270510E+01
   .13600000E+01  .19179794E+01
   .14000000E+01  .19088777E+01
   .14400000E+01  .18997458E+01
   .14800000E+01  .18905834E+01
   .15200000E+01  .18813903E+01
   .15600000E+01  .18721662E+01
   .16000000E+01  .18629108E+01
   .16400000E+01  .18536239E+01
   .16800000E+01  .18443052E+01
   .17200000E+01  .18349544E+01
   .17600000E+01  .18255713E+01
   .18000000E+01  .18161556E+01
   .18400000E+01  .18067070E+01
   .18800000E+01  .17972252E+01
   .19200000E+01  .17877100E+01
   .19600000E+01  .17781609E+01
   .20000000E+01  .17685779E+01
