Cd : s2 d10                             
   12  48.   .002000 112.41100 125.   .50E-05 .100  200F91 36.00000
   .7  1.0   0
  1.0   .0   .5-1940.7429 2.0000
  2.0   .0   .5 -288.4449 2.0000
  2.0  1.0  1.5 -259.1012 6.0000
  3.0   .0   .5  -53.7801 2.0000
  3.0  1.0  1.5  -44.1150 6.0000
  3.0  2.0  2.5  -28.929010.0000
  4.0   .0   .5   -7.7618 2.0000
  4.0  1.0  1.5   -4.9161 6.0000
  4.0  2.0  2.5    -.868510.0000
  5.0   .0   .5    -.4202 2.0000
  5.0  1.0   .5    -.1000  .0000
  4.0  3.0  2.5    -.1000  .0000
