Tm : [core=Xe4]                         
  .168054562E+00  .170371034E+00  .172719236E+00  .175099600E+00  .177512561E+00
  .179958561E+00  .182438048E+00  .184951477E+00  .187499306E+00  .190082002E+00
  .192700037E+00  .195353890E+00  .198044046E+00  .200770995E+00  .203535237E+00
  .206337275E+00  .209177620E+00  .212056791E+00  .214975313E+00  .217933717E+00
  .220932542E+00  .223972335E+00  .227053649E+00  .230177044E+00  .233343089E+00
  .236552359E+00  .239805437E+00  .243102916E+00  .246445392E+00  .249833474E+00
  .253267775E+00  .256748919E+00  .260277537E+00  .263854268E+00  .267479761E+00
  .271154671E+00  .274879663E+00  .278655412E+00  .282482601E+00  .286361920E+00
  .290294071E+00  .294279764E+00  .298319719E+00  .302414663E+00  .306565336E+00
  .310772486E+00  .315036870E+00  .319359257E+00  .323740425E+00  .328181160E+00
  .332682263E+00  .337244542E+00  .341868817E+00  .346555917E+00  .351306684E+00
  .356121969E+00  .361002637E+00  .365949561E+00  .370963628E+00  .376045735E+00
  .381196790E+00  .386417715E+00  .391709443E+00  .397072918E+00  .402509099E+00
  .408018955E+00  .413603467E+00  .419263633E+00  .425000458E+00  .430814965E+00
  .436708188E+00  .442681174E+00  .448734984E+00  .454870695E+00  .461089393E+00
  .467392183E+00  .473780181E+00  .480254520E+00  .486816344E+00  .493466815E+00
  .500207109E+00  .507038417E+00  .513961944E+00  .520978913E+00  .528090561E+00
  .535298141E+00  .542602922E+00  .550006190E+00  .557509247E+00  .565113412E+00
  .572820020E+00  .580630423E+00  .588545992E+00  .596568113E+00  .604698192E+00
  .612937651E+00  .621287932E+00  .629750493E+00  .638326812E+00  .647018385E+00
  .655826728E+00  .664753376E+00  .673799883E+00  .682967821E+00  .692258786E+00
  .701674390E+00  .711216267E+00  .720886072E+00  .730685481E+00  .740616190E+00
  .750679917E+00  .760878400E+00  .771213402E+00  .781686706E+00  .792300116E+00
  .803055462E+00  .813954595E+00  .824999387E+00  .836191737E+00  .847533567E+00
  .859026820E+00  .870673466E+00  .882475499E+00  .894434938E+00  .906553824E+00
  .918834228E+00  .931278244E+00  .943887991E+00  .956665616E+00  .969613292E+00
  .982733217E+00  .996027620E+00  .100949875E+01  .102314890E+01  .103698037E+01
  .105099549E+01  .106519665E+01  .107958622E+01  .109416664E+01  .110894036E+01
  .112390986E+01  .113907767E+01  .115444631E+01  .117001837E+01  .118579646E+01
  .120178321E+01  .121798129E+01  .123439341E+01  .125102230E+01  .126787072E+01
  .128494149E+01  .130223743E+01  .131976140E+01  .133751633E+01  .135550513E+01
  .137373079E+01  .139219631E+01  .141090474E+01  .142985915E+01  .144906266E+01
  .146851843E+01  .148822964E+01  .150819952E+01  .152843135E+01  .154892842E+01
  .156969407E+01  .159073169E+01  .161204471E+01  .163363658E+01  .165551080E+01
  .167767093E+01  .170012054E+01  .172286325E+01  .174590275E+01  .176924273E+01
  .179288695E+01  .181683921E+01  .184110335E+01  .186568325E+01  .189058284E+01
  .191580610E+01  .194135703E+01  .196723972E+01  .199345826E+01  .202001682E+01
  .204691960E+01  .207417086E+01  .210177488E+01  .212973603E+01  .215805869E+01
  .218674732E+01  .221580641E+01  .224524050E+01  .227505420E+01  .230525215E+01
  .233583906E+01  .236681966E+01  .239819876E+01  .242998123E+01  .246217197E+01
  .249477595E+01  .252779817E+01  .256124372E+01  .259511772E+01  .262942535E+01
  .266417185E+01  .269936252E+01  .273500271E+01  .277109783E+01  .280765334E+01
  .284467477E+01  .288216770E+01  .292013779E+01  .295859072E+01  .299753226E+01
  .303696823E+01  .307690453E+01  .311734709E+01  .315830192E+01  .319977509E+01
  .324177274E+01  .328430105E+01  .332736629E+01  .337097478E+01  .341513291E+01
  .345984712E+01  .350512395E+01  .355096996E+01  .359739181E+01  .364439622E+01
  .369198997E+01  .374017990E+01  .378897294E+01  .383837607E+01  .388839635E+01
  .393904090E+01  .399031691E+01  .404223165E+01  .409479245E+01  .414800671E+01
  .420188191E+01  .425642560E+01  .431164538E+01  .436754895E+01  .442414407E+01
  .448143857E+01  .453944036E+01  .459815742E+01  .465759781E+01  .471776964E+01
  .477868113E+01  .484034054E+01  .490275622E+01  .496593661E+01  .502989021E+01
  .509462557E+01  .516015137E+01  .522647632E+01  .529360923E+01  .536155898E+01
  .543033452E+01  .549994489E+01  .557039919E+01  .564170661E+01  .571387641E+01
  .578691793E+01  .586084059E+01  .593565389E+01  .601136739E+01  .608799074E+01
  .616553366E+01  .624400597E+01  .632341755E+01  .640377834E+01  .648509839E+01
  .656738781E+01  .665065678E+01  .673491558E+01  .682017455E+01  .690644411E+01
  .699373475E+01  .708205705E+01  .717142166E+01  .726183930E+01  .735332078E+01
  .744587696E+01  .753951881E+01  .763425734E+01  .773010366E+01  .782706894E+01
  .792516443E+01  .802440144E+01  .812479137E+01  .822634569E+01  .832907593E+01
  .843299369E+01  .853811066E+01  .864443858E+01  .875198927E+01  .886077460E+01
  .897080653E+01  .908209707E+01  .919465831E+01  .930850239E+01  .942364153E+01
  .954008800E+01  .965785413E+01  .977695232E+01  .989739503E+01  .100191948E+02
  .101423641E+02  .102669157E+02  .103928622E+02  .105202163E+02  .106489909E+02
  .107791987E+02  .109108528E+02  .110439659E+02  .111785511E+02  .113146214E+02
  .114521899E+02  .115912697E+02  .117318740E+02  .118740159E+02  .120177086E+02
  .121629655E+02  .123097998E+02  .124582247E+02  .126082538E+02  .127599003E+02
  .129131776E+02  .130680992E+02  .132246784E+02  .133829288E+02  .135428638E+02
  .137044968E+02  .138678413E+02  .140329109E+02  .141997189E+02  .143682790E+02
  .145386045E+02  .147107090E+02  .148846058E+02  .150603085E+02  .152378305E+02
  .154171852E+02  .155983860E+02  .157814462E+02  .159663792E+02  .161531983E+02
  .163419167E+02  .165325476E+02  .167251043E+02  .169195998E+02  .171160472E+02
  .173144595E+02  .175148496E+02  .177172305E+02  .179216149E+02  .181280155E+02
  .183364450E+02  .185469159E+02  .187594408E+02  .189740319E+02  .191907015E+02
  .194094619E+02  .196303250E+02  .198533027E+02  .200784069E+02  .203056493E+02
  .205350413E+02  .207665944E+02  .210003199E+02  .212362288E+02  .214743320E+02
  .217146404E+02  .219571645E+02  .222019148E+02  .224489014E+02  .226981345E+02
  .229496239E+02  .232033792E+02  .234594098E+02  .237177250E+02  .239783337E+02
  .242412446E+02  .245064663E+02  .247740069E+02  .250438745E+02  .253160769E+02
  .255906213E+02  .258675150E+02  .261467649E+02  .264283775E+02  .267123591E+02
  .269987156E+02  .272874526E+02  .275785754E+02  .278720890E+02  .281679979E+02
  .284663064E+02  .287670182E+02  .290701369E+02  .293756656E+02  .296836068E+02
  .299939629E+02  .303067357E+02  .306219267E+02  .309395367E+02  .312595663E+02
  .315820156E+02  .319068842E+02  .322341711E+02  .325638750E+02  .328959940E+02
  .332305257E+02  .335674671E+02  .339068148E+02  .342485647E+02  .345927124E+02
  .349392526E+02  .352881796E+02  .356394872E+02  .359931684E+02  .363492156E+02
  .367076207E+02  .370683749E+02  .374314688E+02  .377968923E+02  .381646345E+02
  .385346840E+02  .389070286E+02  .392816555E+02  .396585511E+02  .400377010E+02
  .404190902E+02  .408027029E+02  .411885224E+02  .415765314E+02  .419667117E+02
  .423590444E+02  .427535096E+02  .431500868E+02  .435487546E+02  .439494906E+02
  .443522716E+02  .447570737E+02  .451638719E+02  .455726405E+02  .459833527E+02
  .463959808E+02  .468104964E+02  .472268699E+02  .476450709E+02  .480650680E+02
  .484868287E+02  .489103197E+02  .493355067E+02  .497623544E+02  .501908263E+02
  .506208851E+02  .510524923E+02  .514856085E+02  .519201932E+02  .523562050E+02
  .527936010E+02  .532323377E+02  .536723703E+02  .541136530E+02  .545561387E+02
  .549997795E+02  .554445262E+02  .558903286E+02  .563371353E+02  .567848938E+02
  .572335504E+02  .576830505E+02  .581333381E+02  .585843562E+02  .590360467E+02
  .594883503E+02  .599412065E+02  .603945538E+02  .608483294E+02  .613024695E+02
  .617569090E+02  .622115818E+02  .626664206E+02  .631213569E+02  .635763213E+02
  .640312430E+02  .644860503E+02  .649406701E+02  .653950284E+02  .658490502E+02
  .663026591E+02  .667557778E+02  .672083279E+02  .676602299E+02  .681114033E+02
  .685617665E+02  .690112370E+02  .694597310E+02  .699071639E+02  .703534502E+02
  .707985032E+02  .712422355E+02  .716845585E+02  .721253829E+02  .725646184E+02
  .730021739E+02  .734379574E+02  .738718761E+02  .743038364E+02  .747337441E+02
  .751615039E+02  .755870201E+02  .760101962E+02  .764309351E+02  .768491391E+02
  .772647099E+02  .776775485E+02  .780875557E+02  .784946316E+02  .788986760E+02
  .792995883E+02  .796972673E+02  .800916120E+02  .804825207E+02  .808698917E+02
  .812536232E+02  .816336130E+02  .820097592E+02  .823819596E+02  .827501123E+02
  .831141153E+02  .834738668E+02  .838292653E+02  .841802096E+02  .845265986E+02
  .848683319E+02  .852053094E+02  .855374315E+02  .858645993E+02  .861867145E+02
  .865036796E+02  .868153978E+02  .871217732E+02  .874227109E+02  .877181170E+02
  .880078987E+02  .882919644E+02  .885702237E+02  .888425875E+02  .891089683E+02
  .893692800E+02  .896234379E+02  .898713592E+02  .901129629E+02  .903481696E+02
  .905769019E+02  .907990846E+02  .910146445E+02  .912235104E+02  .914256136E+02
  .916208878E+02  .918092691E+02  .919906962E+02  .921651103E+02  .923324556E+02
  .924926789E+02  .926457302E+02  .927915624E+02  .929301315E+02  .930613969E+02
  .931853210E+02  .933018699E+02  .934110133E+02  .935127241E+02  .936069794E+02
  .936937598E+02  .937730498E+02  .938448380E+02  .939091171E+02  .939658839E+02
  .940151394E+02  .940568893E+02  .940911432E+02  .941179158E+02  .941372260E+02
  .941490976E+02  .941535593E+02  .941506443E+02  .941403911E+02  .941228432E+02
  .940980490E+02  .940660622E+02  .940269418E+02  .939807521E+02  .939275626E+02
  .938674485E+02  .938004902E+02  .937267741E+02  .936463918E+02  .935594407E+02
  .934660239E+02  .933662502E+02  .932602344E+02  .931480968E+02  .930299637E+02
  .929059673E+02  .927762455E+02  .926409424E+02  .925002077E+02  .923541972E+02
  .922030725E+02  .920470012E+02  .918861567E+02  .917207184E+02  .915508714E+02
  .913768068E+02  .911987211E+02  .910168171E+02  .908313027E+02  .906423920E+02
  .904503041E+02  .902552641E+02  .900575022E+02  .898572540E+02  .896547604E+02
  .894502674E+02  .892440260E+02  .890362922E+02  .888273268E+02  .886173951E+02
  .884067670E+02  .881957170E+02  .879845235E+02  .877734691E+02  .875628402E+02
  .873529271E+02  .871440234E+02  .869364261E+02  .867304354E+02  .865263542E+02
  .863244882E+02  .861251456E+02  .859286365E+02  .857352735E+02  .855453703E+02
  .853592424E+02  .851772063E+02  .849995796E+02  .848266802E+02  .846588264E+02
  .844963365E+02  .843395285E+02  .841887198E+02  .840442266E+02  .839063641E+02
  .837754456E+02  .836517825E+02  .835356838E+02  .834274559E+02  .833274020E+02
  .832358220E+02  .831530117E+02  .830792629E+02  .830148628E+02  .829600935E+02
  .829152318E+02  .828805487E+02  .828563090E+02  .828427708E+02  .828401854E+02
  .828487966E+02  .828688403E+02  .829005443E+02  .829441277E+02  .829998005E+02
  .830677633E+02  .831482070E+02  .832413118E+02  .833472475E+02  .834661729E+02
  .835982352E+02  .837435696E+02  .839022993E+02  .840745347E+02  .842603732E+02
  .844598988E+02  .846731818E+02  .849002785E+02  .851412306E+02  .853960650E+02
  .856647938E+02  .859474133E+02  .862439044E+02  .865542319E+02  .868783445E+02
  .872161741E+02  .875676361E+02  .879326289E+02  .883110336E+02  .887027141E+02
  .891075167E+02  .895252698E+02  .899557845E+02  .903988534E+02  .908542515E+02
  .913217355E+02  .918010441E+02  .922918978E+02  .927939990E+02  .933070319E+02
  .938306627E+02  .943645398E+02  .949082936E+02  .954615367E+02  .960238643E+02
  .965948542E+02  .971740670E+02  .977610466E+02  .983553201E+02  .989563984E+02
  .995637765E+02  .100176934E+03  .100795335E+03  .101418428E+03  .102045650E+03
  .102676422E+03  .103310152E+03  .103946235E+03  .104584056E+03  .105222986E+03
  .105862386E+03  .106501608E+03  .107139994E+03  .107776877E+03  .108411581E+03
  .109043426E+03  .109671723E+03  .110295779E+03  .110914895E+03  .111528371E+03
  .112135503E+03  .112735583E+03  .113327907E+03  .113911768E+03  .114486462E+03
  .115051285E+03  .115605539E+03  .116148530E+03  .116679569E+03  .117197975E+03
  .117703073E+03  .118194200E+03  .118670700E+03  .119131930E+03  .119577260E+03
  .120006073E+03  .120417768E+03  .120811758E+03  .121187475E+03  .121544369E+03
  .121881911E+03  .122199589E+03  .122496917E+03  .122773429E+03  .123028686E+03
  .123262272E+03  .123473798E+03  .123662902E+03  .123829253E+03  .123972545E+03
  .124092505E+03  .124188892E+03  .124261496E+03  .124310140E+03  .124334681E+03
  .124335012E+03  .124311059E+03  .124262786E+03  .124190193E+03  .124093318E+03
  .123972235E+03  .123827059E+03  .123657940E+03  .123465072E+03  .123248683E+03
  .123009044E+03  .122746464E+03  .122461293E+03  .122153919E+03  .121824771E+03
  .121474316E+03  .121103061E+03  .120711551E+03  .120300372E+03  .119870145E+03
  .119421528E+03  .118955219E+03  .118471948E+03  .117972483E+03  .117457625E+03
  .116928208E+03  .116385098E+03  .115829192E+03  .115261417E+03  .114682728E+03
  .114094108E+03  .113496562E+03  .112891122E+03  .112278842E+03  .111660793E+03
  .111038068E+03  .110411774E+03  .109783036E+03  .109152987E+03  .108522774E+03
  .107893551E+03  .107266477E+03  .106642717E+03  .106023436E+03  .105409797E+03
  .104802961E+03  .104204083E+03  .103614311E+03  .103034778E+03  .102466608E+03
  .101910906E+03  .101368760E+03  .100841236E+03  .100329378E+03  .998341999E+02
  .993566904E+02  .988978052E+02  .984584659E+02  .980395582E+02  .976419283E+02
  .972663815E+02  .969136790E+02  .965845364E+02  .962796208E+02  .959995490E+02
  .957448851E+02  .955161390E+02  .953137639E+02  .951381551E+02  .949896475E+02
  .948685149E+02  .947749678E+02  .947091524E+02  .946711492E+02  .946609721E+02
  .946785672E+02  .947238122E+02  .947965155E+02  .948964159E+02  .950231822E+02
  .951764129E+02  .953556364E+02  .955603109E+02  .957898249E+02  .960434977E+02
  .963205803E+02  .966202559E+02  .969416412E+02  .972837880E+02  .976456843E+02
  .980262559E+02  .984243687E+02  .988388303E+02  .992683925E+02  .997117534E+02
  .100167560E+03  .100634412E+03  .101110862E+03  .101595421E+03  .102086562E+03
  .102582719E+03  .103082296E+03  .103583667E+03  .104085182E+03  .104585168E+03
  .105081935E+03  .105573779E+03  .106058989E+03  .106535845E+03  .107002631E+03
  .107457629E+03  .107899134E+03  .108325449E+03  .108734896E+03  .109125817E+03
  .109496582E+03  .109845587E+03  .110171266E+03  .110472090E+03  .110746574E+03
  .110993280E+03  .111210822E+03  .111397869E+03  .111553152E+03  .111675463E+03
  .111763664E+03  .111816686E+03  .111833536E+03  .111813299E+03  .111755141E+03
  .111658312E+03  .111522148E+03  .111346076E+03  .111129612E+03  .110872368E+03
  .110574051E+03  .110234465E+03  .109853510E+03  .109431190E+03  .108967605E+03
  .108462957E+03  .107917550E+03  .107331787E+03  .106706174E+03  .106041315E+03
  .105337912E+03  .104596769E+03  .103818781E+03  .103004943E+03  .102156338E+03
  .101274142E+03  .100359617E+03  .994141116E+02  .984390548E+02  .974359543E+02
  .964063920E+02  .953520212E+02  .942745613E+02  .931757946E+02  .920575605E+02
  .909217524E+02  .897703109E+02  .886052204E+02  .874285027E+02  .862422124E+02
  .850484307E+02  .838492606E+02  .826468202E+02  .814432381E+02  .802406464E+02
  .790411758E+02  .778469489E+02  .766600752E+02  .754826443E+02  .743167209E+02
  .731643382E+02  .720274932E+02  .709081401E+02  .698081856E+02  .687294828E+02
  .676738270E+02  .666429493E+02  .656385133E+02  .646621090E+02  .637152496E+02
  .627993660E+02  .619158044E+02  .610658206E+02  .602505790E+02  .594711469E+02
  .587284939E+02  .580234874E+02  .573568919E+02  .567293660E+02  .561414613E+02
  .555936208E+02  .550861783E+02  .546193569E+02  .541932700E+02  .538079197E+02
  .534631984E+02  .531588886E+02  .528946644E+02  .526700921E+02  .524846325E+02
  .523376420E+02  .522283750E+02  .521559867E+02  .521195347E+02  .521179830E+02
  .521502041E+02  .522149834E+02  .523110230E+02  .524369464E+02  .525913037E+02
  .527725778E+02  .529791897E+02  .532095058E+02  .534618427E+02  .537344739E+02
  .540256345E+02  .543335273E+02  .546563267E+02  .549921851E+02  .553392375E+02
  .556956072E+02  .560594109E+02  .564287652E+02  .568017914E+02  .571766221E+02
  .575514061E+02  .579243150E+02  .582935471E+02  .586573348E+02  .590139473E+02
  .593616976E+02  .596989450E+02  .600241014E+02  .603356332E+02  .606320670E+02
  .609119912E+02  .611740609E+02  .614169991E+02  .616396010E+02  .618407349E+02
  .620193460E+02  .621744567E+02  .623051702E+02  .624106702E+02  .624902240E+02
  .625431817E+02  .625689789E+02  .625671350E+02  .625372554E+02  .624790296E+02
  .623922321E+02  .622767203E+02  .621324346E+02  .619593960E+02  .617577054E+02
  .615275407E+02  .612691557E+02  .609828767E+02  .606691009E+02  .603282933E+02
  .599609834E+02  .595677631E+02  .591492826E+02  .587062479E+02  .582394168E+02
  .577495959E+02  .572376367E+02  .567044327E+02  .561509144E+02  .555780476E+02
  .549868275E+02  .543782771E+02  .537534417E+02  .531133869E+02  .524591934E+02
  .517919550E+02  .511127733E+02  .504227561E+02  .497230124E+02  .490146505E+02
  .482987733E+02  .475764772E+02  .468488465E+02  .461169535E+02  .453818528E+02
  .446445817E+02  .439061545E+02  .431675635E+02  .424297737E+02  .416937238E+02
  .409603210E+02  .402304428E+02  .395049320E+02  .387845985E+02  .380702148E+02
  .373625183E+02  .366622067E+02  .359699409E+02  .352863408E+02  .346119879E+02
  .339474221E+02  .332931444E+02  .326496135E+02  .320172492E+02  .313964295E+02
  .307874936E+02  .301907398E+02  .296064282E+02  .290347794E+02  .284759771E+02
  .279301667E+02  .273974589E+02  .268779276E+02  .263716140E+02  .258785251E+02
  .253986371E+02  .249318944E+02  .244782135E+02  .240374815E+02  .236095603E+02
  .231942852E+02  .227914692E+02  .224009017E+02  .220223525E+02  .216555710E+02
  .213002897E+02  .209562239E+02  .206230750E+02  .203005300E+02  .199882650E+02
  .196859447E+02  .193932258E+02  .191097563E+02  .188351788E+02  .185691304E+02
  .183112451E+02  .180611539E+02  .178184873E+02  .175828757E+02  .173539505E+02
  .171313457E+02  .169146985E+02  .167036503E+02  .164978481E+02  .162969446E+02
  .161006000E+02  .159084820E+02  .157202668E+02  .155356398E+02  .153542962E+02
  .151759416E+02  .150002924E+02  .148270760E+02  .146560320E+02  .144869115E+02
  .143194782E+02  .141535083E+02  .139887905E+02  .138251265E+02  .136623310E+02
  .135002313E+02  .133386682E+02  .131774948E+02  .130165776E+02  .128557954E+02
  .126950396E+02  .125342140E+02  .123732345E+02  .122120287E+02  .120505360E+02
  .118887067E+02  .117265023E+02  .115638945E+02  .114008656E+02  .112374072E+02
  .110735203E+02  .109092151E+02  .107445100E+02  .105794313E+02  .104140131E+02
  .102482964E+02  .100823289E+02  .991616438E+01  .974986236E+01  .958348742E+01
  .941710899E+01  .925080061E+01  .908463976E+01  .891870711E+01  .875308635E+01
  .858786348E+01  .842312667E+01  .825896553E+01  .809547103E+01  .793273477E+01
  .777084894E+01  .760990559E+01  .744999673E+01  .729121345E+01  .713364612E+01
  .697738348E+01  .682251300E+01  .666912034E+01  .651728831E+01  .636709916E+01
  .621863024E+01  .607195868E+01  .592715626E+01  .578429401E+01  .564343742E+01
  .550465082E+01  .536799286E+01  .523352077E+01  .510128580E+01  .497133774E+01
  .484372021E+01  .471847528E+01  .459563873E+01  .447524479E+01  .435732133E+01
  .424189472E+01  .412898494E+01  .401861056E+01  .391078380E+01  .380551560E+01
  .370281061E+01  .360267237E+01  .350509828E+01  .341008444E+01  .331762222E+01
  .322770021E+01  .314030350E+01  .305541441E+01  .297301190E+01  .289307254E+01
  .281556967E+01  .274047455E+01  .266775547E+01  .259737888E+01  .252930856E+01
  .246350673E+01  .239993315E+01  .233854639E+01  .227930276E+01  .222215768E+01
  .216706459E+01  .211397629E+01  .206284387E+01  .201361807E+01  .196624812E+01
  .192068318E+01  .187687114E+01  .183476006E+01  .179429695E+01  .175542921E+01
  .171810341E+01  .168226671E+01  .164786564E+01  .161484753E+01  .158315922E+01
  .155274855E+01  .152356304E+01  .149555138E+01  .146866207E+01  .144284495E+01
  .141804979E+01  .139422785E+01  .137133043E+01  .134931047E+01  .132812103E+01
  .130771696E+01  .128805330E+01  .126908698E+01  .125077521E+01  .123307719E+01
  .121595245E+01  .119936259E+01  .118326961E+01  .116763761E+01  .115243114E+01
  .113761693E+01  .112316212E+01  .110903610E+01  .109520868E+01  .108165194E+01
  .106833835E+01  .105524267E+01  .104234005E+01  .102960789E+01  .101702404E+01
  .100456830E+01  .992221335E+00  .979965357E+00  .967783580E+00  .955660695E+00
  .943582264E+00  .931535436E+00  .919507998E+00  .907489411E+00  .895469666E+00
  .883440333E+00  .871393547E+00  .859322849E+00  .847222362E+00  .835087525E+00
  .822914263E+00  .810699822E+00  .798441782E+00  .786139045E+00  .773790743E+00
  .761397264E+00  .748959185E+00  .736478225E+00  .723956267E+00  .711396248E+00
  .698801190E+00  .686175136E+00  .673522104E+00  .660847105E+00  .648155035E+00
  .635451719E+00  .622742815E+00  .610034832E+00  .597334054E+00  .584647550E+00
  .571982097E+00  .559345206E+00  .546744016E+00  .534186353E+00  .521679601E+00
  .509231771E+00  .496850376E+00  .484543491E+00  .472318632E+00  .460183828E+00
  .448146482E+00  .436214457E+00  .424394939E+00  .412695492E+00  .401123019E+00
  .389684687E+00  .378386976E+00  .367236586E+00  .356239483E+00  .345401820E+00
  .334728972E+00  .324226474E+00  .313899051E+00  .303751560E+00  .293788025E+00
  .284012587E+00  .274428538E+00  .265039274E+00  .255847334E+00  .246855358E+00
  .238065132E+00  .229478545E+00  .221096634E+00  .212920555E+00  .204950624E+00
  .197187287E+00  .189630174E+00  .182279064E+00  .175132940E+00  .168190960E+00
  .161451515E+00  .154913193E+00  .148573849E+00  .142431560E+00  .136483703E+00
  .130727907E+00  .125161131E+00  .119780622E+00  .114583025E+00  .109565107E+00
  .104723407E+00  .100054351E+00  .955542519E-01  .912193300E-01  .870457234E-01
  .830295033E-01  .791666867E-01  .754532485E-01  .718851337E-01  .684582691E-01
  .651685736E-01  .620119688E-01  .589843887E-01  .560817888E-01  .533001545E-01
  .506355093E-01  .480839221E-01  .456415139E-01  .433044647E-01  .410690186E-01
  .389314897E-01  .368882668E-01  .349358181E-01  .330706950E-01  .312895363E-01
  .295890710E-01  .279661225E-01  .264176103E-01  .249405538E-01  .235320741E-01
  .221893966E-01  .209098528E-01  .196908821E-01  .185300328E-01  .174249630E-01
  .163734402E-01  .153733403E-01  .144226455E-01  .135194402E-01  .126619062E-01
  .118483159E-01  .110770242E-01  .103464592E-01  .965511227E-02  .900152812E-02
  .838429449E-02  .780203333E-02  .725339296E-02  .673704186E-02  .625166416E-02
  .579595695E-02  .536862912E-02  .496840173E-02  .459400941E-02  .424420276E-02
  .391775118E-02  .361344620E-02  .333010471E-02  .306657230E-02  .282172625E-02
  .259447828E-02  .238377683E-02  .218860904E-02  .200800223E-02  .184102492E-02
  .168678758E-02  .154444284E-02  .141318552E-02  .129225225E-02  .118092084E-02
  .107850950E-02  .984375795E-03  .897915460E-03  .818561128E-03  .745780932E-03
  .679077052E-03  .617984217E-03  .562068178E-03  .510924175E-03  .464175410E-03
  .421471536E-03  .382487177E-03  .346920480E-03  .314491712E-03  .284941905E-03
  .258031550E-03  .233539347E-03  .211261005E-03  .191008111E-03  .172607037E-03
  .155897925E-03  .140733709E-03  .126979201E-03  .114510232E-03  .103212839E-03
  .929825064E-04  .837234501E-04  .753479546E-04  .677757488E-04  .609334254E-04
  .547539004E-04  .491759091E-04  .441435387E-04  .396057941E-04  .355161952E-04
  .318324042E-04  .285158804E-04  .255315613E-04  .228475686E-04  .204349357E-04
  .182673584E-04  .163209635E-04  .145740970E-04  .130071292E-04  .116022757E-04
  .103434327E-04  .921602677E-05  .820687637E-05  .730406577E-05  .649682929E-05
  .577544557E-05  .513114106E-05  .455600187E-05  .404289335E-05  .358538681E-05
  .317769279E-05  .281460023E-05  .249142122E-05  .220394072E-05  .194837091E-05
  .172130967E-05  .151970300E-05  .134081087E-05  .118217627E-05  .104159714E-05
  .917100425E-06  .806924307E-06  .709475064E-06  .623376393E-06  .547309192E-06
  .480191798E-06  .420964962E-06  .368741028E-06  .322727746E-06  .282218487E-06
  .246583417E-06  .215261529E-06  .187753475E-06  .163615101E-06  .142451629E-06
  .123912426E-06  .107686299E-06  .934972676E-07  .811007688E-07  .702802503E-07
  .608441154E-07  .526229854E-07  .454672472E-07  .392448582E-07  .338393829E-07
  .291482382E-07  .250811256E-07  .215586322E-07  .185109829E-07  .158769281E-07
  .136027535E-07  .116413984E-07  .995167260E-08  .849755988E-08  .724760041E-08
  .617434265E-08  .525385786E-08  .446531028E-08  .379057697E-08  .321391196E-08
  .272164973E-08  .230194374E-08  .194453611E-08  .164055488E-08  .138233583E-08
  .116326595E-08  .977646195E-09  .820571145E-09  .687823763E-09  .575783327E-09
  .481345066E-09  .401850063E-09  .335024188E-09  .278924980E-09  .231895480E-09
  .192524174E-09  .159610270E-09  .132133648E-09  .109228879E-09  .901628005E-10
  .743151846E-10  .611620937E-10  .502615733E-10  .412413695E-10  .337884002E-10
  .276397422E-10  .225749286E-10  .184093740E-10  .149887723E-10  .121843298E-10
  .988871531E-11  .801262500E-11  .648187290E-11  .523493089E-11  .422085181E-11
  .339751897E-11  .273017318E-11  .219017525E-11  .175396817E-11  .140220814E-11
  .111903822E-11  .891482230E-12  .708939925E-12  .562767155E-12  .445927401E-12
  .352703027E-12  .278456448E-12  .219432949E-12  .172598186E-12  .135504511E-12
  .106181211E-12  .830445632E-13  .648242500E-13  .505032898E-13  .392690836E-13
  .304736023E-13  .236010707E-13  .182417876E-13  .140709591E-13  .108316199E-13
  .832088003E-14  .637887244E-14  .487988966E-14  .372528990E-14  .283783171E-14
  .215715888E-14  .163620964E-14  .123836710E-14  .935202746E-15  .704693479E-15
  .529815901E-15  .397440445E-15  .297463366E-15  .222126937E-15  .165488253E-15
  .123005107E-15  .912138769E-16  .674795503E-16  .498022050E-16  .366675301E-16
  .269316485E-16  .197325787E-16  .144223403E-16  .105150157E-16  .764711501E-17
  .554740650E-17  .401400695E-17  .289703021E-17  .208547817E-17  .149736220E-17
  .107227820E-17  .765840292E-18  .545518799E-18  .387536477E-18  .274560029E-18
  .193987760E-18  .136682837E-18  .960387636E-19  .672918168E-19  .470165963E-19
  .327569455E-19  .227566775E-19  .157636737E-19  .108877703E-19  .749795993E-20
  .514824931E-20  .352434060E-20  .240540106E-20  .163673298E-20  .111029450E-20
  .750857945E-21  .506204201E-21  .340197510E-21  .227909746E-21  .152198341E-21
  .101312021E-21  .672209690E-22  .444559503E-22  .293038632E-22  .192521011E-22
  .126060200E-22  .822645431E-23  .535020437E-23  .346768058E-23  .223978735E-23
  .144165496E-23  .924677902E-24  .590992397E-24  .376377055E-24  .238837041E-24
  .151009715E-24  .951305526E-25  .597082362E-25  .373365871E-25  .232599137E-25
  .144358229E-25  .892527701E-26  .549711999E-26  .337262940E-26  .206114406E-26
  .125470236E-26  .760767480E-27  .459439277E-27  .276347315E-27  .165546196E-27
  .987656122E-28  .586814130E-28  .347207545E-28  .204577073E-28  .120029856E-28
  .701247500E-29  .407932353E-29  .236278778E-29  .136259206E-29  .782341346E-30
  .447198759E-30  .254485619E-30  .144167908E-30  .813019312E-31  .456398426E-31
  .255024787E-31  .141840244E-31  .785197812E-32  .432618221E-32  .237224808E-32
  .129457820E-32  .703060267E-33  .379958316E-33  .204334363E-33  .109343180E-33
  .582196353E-34  .308430457E-34  .162568877E-34  .852495612E-35  .444737337E-35
  .230809495E-35  .119158272E-35  .611923079E-36  .312574175E-36  .158808721E-36
  .802494053E-37  .403307770E-37  .201576348E-37  .100191655E-37  .495214258E-38
  .243391167E-38  .118945191E-38  .577962312E-39  .279217553E-39  .134108505E-39
  .640353852E-40  .303957845E-40  .143421969E-40  .672676419E-41  .313591272E-41
  .145300748E-41  .669108527E-42  .306216548E-42  .139265166E-42  .629384891E-43
  .282636422E-43  .126111825E-43  .559083996E-44  .246246121E-44  .107748236E-44
  .468356490E-45  .202229969E-45  .867349039E-46  .369486297E-46  .156327462E-46
  .656872367E-47  .274101604E-47  .113580280E-47  .467337671E-48  .190928461E-48
  .774458112E-49  .311880145E-49  .124685234E-49  .494828386E-50  .194931062E-50
  .762199662E-51  .295795736E-51  .113926439E-51  .435452108E-52  .165163142E-52
  .621607351E-53  .232125374E-53  .860014041E-54  .316109609E-54  .115263474E-54
  .416907648E-55  .149573471E-55  .532242919E-56  .187836213E-56  .657423961E-57
  .228211238E-57  .785796153E-58  .268567493E-58  .914514663E-59  .311580128E-59
  .109188272E-59  .413054208E-60  .195600181E-60  .147802635E-60  .000000000E+00
  .000000000E+00  .000000000E+00  .000000000E+00  .000000000E+00  .000000000E+00
  .000000000E+00  .000000000E+00  .000000000E+00  .000000000E+00  .000000000E+00
  .000000000E+00  .000000000E+00  .000000000E+00  .000000000E+00  .000000000E+00
  .000000000E+00  .000000000E+00  .000000000E+00  .000000000E+00  .000000000E+00
  .000000000E+00  .000000000E+00  .000000000E+00  .000000000E+00  .000000000E+00
  .000000000E+00  .000000000E+00  .000000000E+00  .000000000E+00  .000000000E+00
  .000000000E+00  .000000000E+00  .000000000E+00  .000000000E+00  .000000000E+00
  .000000000E+00  .000000000E+00  .000000000E+00  .000000000E+00  .000000000E+00
  .000000000E+00  .000000000E+00  .000000000E+00  .000000000E+00  .000000000E+00
  .000000000E+00  .000000000E+00  .000000000E+00  .000000000E+00  .000000000E+00
  .000000000E+00  .000000000E+00  .000000000E+00  .000000000E+00  .000000000E+00
  .000000000E+00  .000000000E+00  .000000000E+00  .000000000E+00  .000000000E+00
  .000000000E+00  .000000000E+00  .000000000E+00  .000000000E+00  .000000000E+00
  .000000000E+00  .000000000E+00  .000000000E+00  .000000000E+00  .000000000E+00
  .000000000E+00  .000000000E+00  .000000000E+00  .000000000E+00  .000000000E+00
  .000000000E+00  .000000000E+00  .000000000E+00  .000000000E+00  .000000000E+00
  .000000000E+00  .000000000E+00  .000000000E+00  .000000000E+00  .000000000E+00
  .000000000E+00  .000000000E+00  .000000000E+00  .000000000E+00  .000000000E+00
  .000000000E+00  .000000000E+00  .000000000E+00  .000000000E+00  .000000000E+00
  .000000000E+00  .000000000E+00  .000000000E+00  .000000000E+00  .000000000E+00
  .000000000E+00  .000000000E+00  .000000000E+00  .000000000E+00  .000000000E+00
  .000000000E+00  .000000000E+00  .000000000E+00  .000000000E+00  .000000000E+00
  .000000000E+00  .000000000E+00  .000000000E+00  .000000000E+00  .000000000E+00
  .000000000E+00  .000000000E+00  .000000000E+00  .000000000E+00  .000000000E+00
  .000000000E+00  .000000000E+00  .000000000E+00  .000000000E+00  .000000000E+00
  .000000000E+00  .000000000E+00  .000000000E+00  .000000000E+00  .000000000E+00
  .000000000E+00  .000000000E+00  .000000000E+00  .000000000E+00  .000000000E+00
  .000000000E+00  .000000000E+00  .000000000E+00  .000000000E+00  .000000000E+00
  .000000000E+00  .000000000E+00  .000000000E+00  .000000000E+00  .000000000E+00
  .000000000E+00  .000000000E+00  .000000000E+00  .000000000E+00  .000000000E+00
  .000000000E+00  .000000000E+00  .000000000E+00  .000000000E+00  .000000000E+00
  .000000000E+00  .000000000E+00  .000000000E+00  .000000000E+00  .000000000E+00
  .000000000E+00  .000000000E+00  .000000000E+00  .000000000E+00  .000000000E+00
  .000000000E+00  .000000000E+00  .000000000E+00  .000000000E+00  .000000000E+00
  .000000000E+00  .000000000E+00  .000000000E+00  .000000000E+00  .000000000E+00
  .000000000E+00  .000000000E+00  .000000000E+00  .000000000E+00  .000000000E+00
  .000000000E+00  .000000000E+00  .000000000E+00  .000000000E+00  .000000000E+00
  .000000000E+00  .000000000E+00  .000000000E+00  .000000000E+00  .000000000E+00
  .000000000E+00  .000000000E+00  .000000000E+00  .000000000E+00  .000000000E+00
  .000000000E+00  .000000000E+00  .000000000E+00  .000000000E+00  .000000000E+00
  .000000000E+00  .000000000E+00  .000000000E+00  .000000000E+00  .000000000E+00
  .000000000E+00  .000000000E+00  .000000000E+00  .000000000E+00  .000000000E+00
  .000000000E+00  .000000000E+00  .000000000E+00  .000000000E+00  .000000000E+00
  .000000000E+00  .000000000E+00  .000000000E+00  .000000000E+00  .000000000E+00
