Cs: s1                                  
   14  55.  0.002000 132.90000 125.  0.50E-040.200  400FCA 54.00000
  0.7  1.0   0
  1.0  0.0  0.5-2607.4378 2.0000
  2.0  0.0  0.5 -409.7813 2.0000
  2.0  1.0  1.5 -368.3172 6.0000
  3.0  0.0  0.5  -85.2407 2.0000
  3.0  1.0  1.5  -71.8281 6.0000
  3.0  2.0  2.5  -52.002210.0000
  4.0  0.0  0.5  -16.0702 2.0000
  4.0  1.0  1.5  -11.7620 6.0000
  4.0  2.0  2.5   -5.464710.0000
  5.0  0.0  0.5   -1.9688 2.0000
  5.0  1.0  1.5   -0.9995 6.0000
  6.0  0.0  0.5   -0.1634 0.9990
  5.0  2.0  2.5   -0.0363 0.0010
  6.0  1.0  1.5   -0.1000 0.0000
