  PAW Al                                 
 100
Core Pot   L  =         .00000   -.57558
  -.20000000E+01  .95147858E+00
  -.19600000E+01  .93020633E+00
  -.19200000E+01  .90853789E+00
  -.18800000E+01  .88645556E+00
  -.18400000E+01  .86394049E+00
  -.18000000E+01  .84097259E+00
  -.17600000E+01  .81753042E+00
  -.17200000E+01  .79359106E+00
  -.16800000E+01  .76913001E+00
  -.16400000E+01  .74412102E+00
  -.16000000E+01  .71853595E+00
  -.15600000E+01  .69234458E+00
  -.15200000E+01  .66551440E+00
  -.14800000E+01  .63801043E+00
  -.14400000E+01  .60979495E+00
  -.14000000E+01  .58082720E+00
  -.13600000E+01  .55106311E+00
  -.13200000E+01  .52045495E+00
  -.12800000E+01  .48895087E+00
  -.12400000E+01  .45649456E+00
  -.12000000E+01  .42302463E+00
  -.11600000E+01  .38847412E+00
  -.11200000E+01  .35276980E+00
  -.10800000E+01  .31583143E+00
  -.10400000E+01  .27757086E+00
  -.10000000E+01  .23789109E+00
  -.96000000E+00  .19668506E+00
  -.92000000E+00  .15383436E+00
  -.88000000E+00  .10920763E+00
  -.84000000E+00  .62658761E-01
  -.80000000E+00  .14024745E-01
  -.76000000E+00 -.36876843E-01
  -.72000000E+00 -.90250838E-01
  -.68000000E+00 -.14632805E+00
  -.64000000E+00 -.20536951E+00
  -.60000000E+00 -.26767163E+00
  -.56000000E+00 -.33357241E+00
  -.52000000E+00 -.40345898E+00
  -.48000000E+00 -.47777693E+00
  -.44000000E+00 -.55704176E+00
  -.40000000E+00 -.64185321E+00
  -.36000000E+00 -.73291319E+00
  -.32000000E+00 -.83104854E+00
  -.28000000E+00 -.93724017E+00
  -.24000000E+00 -.10526607E+01
  -.20000000E+00 -.11787238E+01
  -.16000000E+00 -.13171496E+01
  -.12000000E+00 -.14700520E+01
  -.80000000E-01 -.16400594E+01
  -.40000000E-01 -.18304800E+01
   .12351231E-14 -.20455382E+01
   .40000000E-01 -.22907145E+01
   .80000000E-01 -.25732504E+01
   .12000000E+00 -.29029176E+01
   .16000000E+00 -.32932292E+01
   .20000000E+00 -.37634197E+01
   .24000000E+00 -.43418319E+01
   .28000000E+00 -.50720333E+01
   .32000000E+00 -.60246242E+01
   .36000000E+00 -.73220551E+01
   .40000000E+00 -.91969328E+01
   .44000000E+00 -.12151835E+02
   .48000000E+00 -.17511085E+02
   .52000000E+00 -.30261452E+02
   .56000000E+00 -.10007588E+03
   .60000000E+00  .82269004E+02
   .64000000E+00  .29859551E+02
   .68000000E+00  .18485824E+02
   .72000000E+00  .13504973E+02
   .76000000E+00  .10705196E+02
   .80000000E+00  .89082431E+01
   .84000000E+00  .76550097E+01
   .88000000E+00  .67295071E+01
   .92000000E+00  .60167504E+01
   .96000000E+00  .54498969E+01
   .10000000E+01  .49874376E+01
   .10400000E+01  .46022338E+01
   .10800000E+01  .42757933E+01
   .11200000E+01  .39950808E+01
   .11600000E+01  .37506431E+01
   .12000000E+01  .35354574E+01
   .12400000E+01  .33441974E+01
   .12800000E+01  .31727500E+01
   .13200000E+01  .30178882E+01
   .13600000E+01  .28770446E+01
   .14000000E+01  .27481510E+01
   .14400000E+01  .26295223E+01
   .14800000E+01  .25197720E+01
   .15200000E+01  .24177483E+01
   .15600000E+01  .23224867E+01
   .16000000E+01  .22331732E+01
   .16400000E+01  .21491157E+01
   .16800000E+01  .20697222E+01
   .17200000E+01  .19944831E+01
   .17600000E+01  .19229575E+01
   .18000000E+01  .18547612E+01
   .18400000E+01  .17895587E+01
   .18800000E+01  .17270550E+01
   .19200000E+01  .16669898E+01
   .19600000E+01  .16091323E+01
   .20000000E+01  .15532773E+01
Potential  L  =         .00000   -.57558
  -.20000000E+01  .96345679E+00
  -.19600000E+01  .94252250E+00
  -.19200000E+01  .92119742E+00
  -.18800000E+01  .89946341E+00
  -.18400000E+01  .87730106E+00
  -.18000000E+01  .85468959E+00
  -.17600000E+01  .83160678E+00
  -.17200000E+01  .80802873E+00
  -.16800000E+01  .78392981E+00
  -.16400000E+01  .75928240E+00
  -.16000000E+01  .73405679E+00
  -.15600000E+01  .70822086E+00
  -.15200000E+01  .68173994E+00
  -.14800000E+01  .65457645E+00
  -.14400000E+01  .62668965E+00
  -.14000000E+01  .59803526E+00
  -.13600000E+01  .56856509E+00
  -.13200000E+01  .53822655E+00
  -.12800000E+01  .50696218E+00
  -.12400000E+01  .47470903E+00
  -.12000000E+01  .44139797E+00
  -.11600000E+01  .40695295E+00
  -.11200000E+01  .37129010E+00
  -.10800000E+01  .33431654E+00
  -.10400000E+01  .29592943E+00
  -.10000000E+01  .25601427E+00
  -.96000000E+00  .21444338E+00
  -.92000000E+00  .17107384E+00
  -.88000000E+00  .12574518E+00
  -.84000000E+00  .78276571E-01
  -.80000000E+00  .28463436E-01
  -.76000000E+00 -.23926557E-01
  -.72000000E+00 -.79158430E-01
  -.68000000E+00 -.13753586E+00
  -.64000000E+00 -.19940852E+00
  -.60000000E+00 -.26518120E+00
  -.56000000E+00 -.33532514E+00
  -.52000000E+00 -.41039225E+00
  -.48000000E+00 -.49103328E+00
  -.44000000E+00 -.57802098E+00
  -.40000000E+00 -.67228016E+00
  -.36000000E+00 -.77492719E+00
  -.32000000E+00 -.88732229E+00
  -.28000000E+00 -.10111401E+01
  -.24000000E+00 -.11484664E+01
  -.20000000E+00 -.13019323E+01
  -.16000000E+00 -.14749055E+01
  -.12000000E+00 -.16717674E+01
  -.80000000E-01 -.18983260E+01
  -.40000000E-01 -.21624483E+01
   .12351231E-14 -.24750615E+01
   .40000000E-01 -.28518027E+01
   .80000000E-01 -.33158624E+01
   .12000000E+00 -.39031737E+01
   .16000000E+00 -.46725595E+01
   .20000000E+00 -.57274120E+01
   .24000000E+00 -.72677742E+01
   .28000000E+00 -.97377213E+01
   .32000000E+00 -.14360780E+02
   .36000000E+00 -.26187278E+02
   .40000000E+00 -.12270007E+03
   .44000000E+00  .48420520E+02
   .48000000E+00  .20670628E+02
   .52000000E+00  .13303680E+02
   .56000000E+00  .98865343E+01
   .60000000E+00  .79091883E+01
   .64000000E+00  .66165437E+01
   .68000000E+00  .57028886E+01
   .72000000E+00  .50208860E+01
   .76000000E+00  .44907737E+01
   .80000000E+00  .40656074E+01
   .84000000E+00  .37159553E+01
   .88000000E+00  .34224275E+01
   .92000000E+00  .31717290E+01
   .96000000E+00  .29544387E+01
   .10000000E+01  .27636933E+01
   .10400000E+01  .25943739E+01
   .10800000E+01  .24425843E+01
   .11200000E+01  .23053058E+01
   .11600000E+01  .21801630E+01
   .12000000E+01  .20652603E+01
   .12400000E+01  .19590661E+01
   .12800000E+01  .18603292E+01
   .13200000E+01  .17680167E+01
   .13600000E+01  .16812678E+01
   .14000000E+01  .15993594E+01
   .14400000E+01  .15216786E+01
   .14800000E+01  .14477024E+01
   .15200000E+01  .13769814E+01
   .15600000E+01  .13091264E+01
   .16000000E+01  .12437987E+01
   .16400000E+01  .11807016E+01
   .16800000E+01  .11195733E+01
   .17200000E+01  .10601822E+01
   .17600000E+01  .10023213E+01
   .18000000E+01  .94580535E+00
   .18400000E+01  .89046734E+00
   .18800000E+01  .83615579E+00
   .19200000E+01  .78273261E+00
   .19600000E+01  .73007120E+00
   .20000000E+01  .67805484E+00
Core Pot   L  =        1.00000   -.20507
  -.20000000E+01  .11652547E+01
  -.19600000E+01  .11482360E+01
  -.19200000E+01  .11310026E+01
  -.18800000E+01  .11135475E+01
  -.18400000E+01  .10958633E+01
  -.18000000E+01  .10779424E+01
  -.17600000E+01  .10597765E+01
  -.17200000E+01  .10413572E+01
  -.16800000E+01  .10226756E+01
  -.16400000E+01  .10037222E+01
  -.16000000E+01  .98448722E+00
  -.15600000E+01  .96496013E+00
  -.15200000E+01  .94512999E+00
  -.14800000E+01  .92498521E+00
  -.14400000E+01  .90451356E+00
  -.14000000E+01  .88370212E+00
  -.13600000E+01  .86253721E+00
  -.13200000E+01  .84100438E+00
  -.12800000E+01  .81908831E+00
  -.12400000E+01  .79677275E+00
  -.12000000E+01  .77404046E+00
  -.11600000E+01  .75087311E+00
  -.11200000E+01  .72725123E+00
  -.10800000E+01  .70315408E+00
  -.10400000E+01  .67855955E+00
  -.10000000E+01  .65344407E+00
  -.96000000E+00  .62778244E+00
  -.92000000E+00  .60154773E+00
  -.88000000E+00  .57471111E+00
  -.84000000E+00  .54724165E+00
  -.80000000E+00  .51910616E+00
  -.76000000E+00  .49026898E+00
  -.72000000E+00  .46069170E+00
  -.68000000E+00  .43033294E+00
  -.64000000E+00  .39914799E+00
  -.60000000E+00  .36708855E+00
  -.56000000E+00  .33410228E+00
  -.52000000E+00  .30013241E+00
  -.48000000E+00  .26511724E+00
  -.44000000E+00  .22898959E+00
  -.40000000E+00  .19167617E+00
  -.36000000E+00  .15309690E+00
  -.32000000E+00  .11316404E+00
  -.28000000E+00  .71781272E-01
  -.24000000E+00  .28842647E-01
  -.20000000E+00 -.15768695E-01
  -.16000000E+00 -.62181957E-01
  -.12000000E+00 -.11054037E+00
  -.80000000E-01 -.16100315E+00
  -.40000000E-01 -.21374783E+00
   .12351231E-14 -.26897293E+00
   .40000000E-01 -.32690122E+00
   .80000000E-01 -.38778351E+00
   .12000000E+00 -.45190324E+00
   .16000000E+00 -.51958198E+00
   .20000000E+00 -.59118608E+00
   .24000000E+00 -.66713472E+00
   .28000000E+00 -.74790990E+00
   .32000000E+00 -.83406860E+00
   .36000000E+00 -.92625802E+00
   .40000000E+00 -.10252346E+01
   .44000000E+00 -.11318883E+01
   .48000000E+00 -.12472731E+01
   .52000000E+00 -.13726469E+01
   .56000000E+00 -.15095234E+01
   .60000000E+00 -.16597406E+01
   .64000000E+00 -.18255528E+01
   .68000000E+00 -.20097549E+01
   .72000000E+00 -.22158559E+01
   .76000000E+00 -.24483219E+01
   .80000000E+00 -.27129267E+01
   .84000000E+00 -.30172683E+01
   .88000000E+00 -.33715510E+01
   .92000000E+00 -.37898086E+01
   .96000000E+00 -.42918867E+01
   .10000000E+01 -.49067985E+01
   .10400000E+01 -.56787114E+01
   .10800000E+01 -.66783263E+01
   .11200000E+01 -.80263260E+01
   .11600000E+01 -.99470256E+01
   .12000000E+01 -.12910023E+02
   .12400000E+01 -.18091598E+02
   .12800000E+01 -.29505779E+02
   .13200000E+01 -.75566458E+02
   .13600000E+01  .14767870E+03
   .14000000E+01  .38185999E+02
   .14400000E+01  .22185502E+02
   .14800000E+01  .15751294E+02
   .15200000E+01  .12273636E+02
   .15600000E+01  .10092087E+02
   .16000000E+01  .85934792E+01
   .16400000E+01  .74987049E+01
   .16800000E+01  .66624889E+01
   .17200000E+01  .60017582E+01
   .17600000E+01  .54655694E+01
   .18000000E+01  .50209446E+01
   .18400000E+01  .46455933E+01
   .18800000E+01  .43239068E+01
   .19200000E+01  .40446291E+01
   .19600000E+01  .37994382E+01
   .20000000E+01  .35820484E+01
Potential  L  =        1.00000   -.20507
  -.20000000E+01  .11609360E+01
  -.19600000E+01  .11439895E+01
  -.19200000E+01  .11268292E+01
  -.18800000E+01  .11094481E+01
  -.18400000E+01  .10918389E+01
  -.18000000E+01  .10739941E+01
  -.17600000E+01  .10559055E+01
  -.17200000E+01  .10375648E+01
  -.16800000E+01  .10189631E+01
  -.16400000E+01  .10000910E+01
  -.16000000E+01  .98093890E+00
  -.15600000E+01  .96149628E+00
  -.15200000E+01  .94175228E+00
  -.14800000E+01  .92169540E+00
  -.14400000E+01  .90131346E+00
  -.14000000E+01  .88059363E+00
  -.13600000E+01  .85952228E+00
  -.13200000E+01  .83808502E+00
  -.12800000E+01  .81626657E+00
  -.12400000E+01  .79405073E+00
  -.12000000E+01  .77142029E+00
  -.11600000E+01  .74835694E+00
  -.11200000E+01  .72484122E+00
  -.10800000E+01  .70085236E+00
  -.10400000E+01  .67636825E+00
  -.10000000E+01  .65136525E+00
  -.96000000E+00  .62581810E+00
  -.92000000E+00  .59969974E+00
  -.88000000E+00  .57298120E+00
  -.84000000E+00  .54563138E+00
  -.80000000E+00  .51761686E+00
  -.76000000E+00  .48890166E+00
  -.72000000E+00  .45944704E+00
  -.68000000E+00  .42921117E+00
  -.64000000E+00  .39814882E+00
  -.60000000E+00  .36621106E+00
  -.56000000E+00  .33334476E+00
  -.52000000E+00  .29949227E+00
  -.48000000E+00  .26459079E+00
  -.44000000E+00  .22857185E+00
  -.40000000E+00  .19136062E+00
  -.36000000E+00  .15287520E+00
  -.32000000E+00  .11302566E+00
  -.28000000E+00  .71713135E-01
  -.24000000E+00  .28828591E-01
  -.20000000E+00 -.15748472E-01
  -.16000000E+00 -.62151600E-01
  -.12000000E+00 -.11052920E+00
  -.80000000E-01 -.16104668E+00
  -.40000000E-01 -.21388899E+00
   .12351231E-14 -.26926355E+00
   .40000000E-01 -.32740386E+00
   .80000000E-01 -.38857366E+00
   .12000000E+00 -.45307213E+00
   .16000000E+00 -.52123992E+00
   .20000000E+00 -.59346673E+00
   .24000000E+00 -.67020043E+00
   .28000000E+00 -.75195841E+00
   .32000000E+00 -.83934159E+00
   .36000000E+00 -.93305205E+00
   .40000000E+00 -.10339153E+01
   .44000000E+00 -.11429087E+01
   .48000000E+00 -.12611979E+01
   .52000000E+00 -.13901852E+01
   .56000000E+00 -.15315717E+01
   .60000000E+00 -.16874428E+01
   .64000000E+00 -.18603822E+01
   .68000000E+00 -.20536309E+01
   .72000000E+00 -.22713104E+01
   .76000000E+00 -.25187437E+01
   .80000000E+00 -.28029273E+01
   .84000000E+00 -.31332459E+01
   .88000000E+00 -.35225861E+01
   .92000000E+00 -.39891384E+01
   .96000000E+00 -.45594395E+01
   .10000000E+01 -.52737798E+01
   .10400000E+01 -.61964409E+01
   .10800000E+01 -.74366773E+01
   .11200000E+01 -.91963854E+01
   .11600000E+01 -.11894717E+02
   .12000000E+01 -.16567852E+02
   .12400000E+01 -.26665631E+02
   .12800000E+01 -.64878593E+02
   .13200000E+01  .16703873E+03
   .13600000E+01  .37352314E+02
   .14000000E+01  .21271849E+02
   .14400000E+01  .14978091E+02
   .14800000E+01  .11615593E+02
   .15200000E+01  .95196651E+01
   .15600000E+01  .80854590E+01
   .16000000E+01  .70403272E+01
   .16400000E+01  .62432915E+01
   .16800000E+01  .56141201E+01
   .17200000E+01  .51037895E+01
   .17600000E+01  .46806556E+01
   .18000000E+01  .43233778E+01
   .18400000E+01  .40170411E+01
   .18800000E+01  .37509063E+01
   .19200000E+01  .35170439E+01
   .19600000E+01  .33094716E+01
   .20000000E+01  .31235903E+01
Core Pot   L  =        2.00000   -.20000
  -.20000000E+01  .14390933E+01
  -.19600000E+01  .14254802E+01
  -.19200000E+01  .14117493E+01
  -.18800000E+01  .13978976E+01
  -.18400000E+01  .13839223E+01
  -.18000000E+01  .13698203E+01
  -.17600000E+01  .13555885E+01
  -.17200000E+01  .13412236E+01
  -.16800000E+01  .13267223E+01
  -.16400000E+01  .13120810E+01
  -.16000000E+01  .12972961E+01
  -.15600000E+01  .12823637E+01
  -.15200000E+01  .12672799E+01
  -.14800000E+01  .12520405E+01
  -.14400000E+01  .12366413E+01
  -.14000000E+01  .12210778E+01
  -.13600000E+01  .12053453E+01
  -.13200000E+01  .11894389E+01
  -.12800000E+01  .11733536E+01
  -.12400000E+01  .11570839E+01
  -.12000000E+01  .11406244E+01
  -.11600000E+01  .11239692E+01
  -.11200000E+01  .11071123E+01
  -.10800000E+01  .10900472E+01
  -.10400000E+01  .10727673E+01
  -.10000000E+01  .10552657E+01
  -.96000000E+00  .10375349E+01
  -.92000000E+00  .10195672E+01
  -.88000000E+00  .10013546E+01
  -.84000000E+00  .98288850E+00
  -.80000000E+00  .96416000E+00
  -.76000000E+00  .94515964E+00
  -.72000000E+00  .92587751E+00
  -.68000000E+00  .90630310E+00
  -.64000000E+00  .88642538E+00
  -.60000000E+00  .86623266E+00
  -.56000000E+00  .84571260E+00
  -.52000000E+00  .82485213E+00
  -.48000000E+00  .80363743E+00
  -.44000000E+00  .78205383E+00
  -.40000000E+00  .76008577E+00
  -.36000000E+00  .73771674E+00
  -.32000000E+00  .71492918E+00
  -.28000000E+00  .69170438E+00
  -.24000000E+00  .66802244E+00
  -.20000000E+00  .64386212E+00
  -.16000000E+00  .61920074E+00
  -.12000000E+00  .59401404E+00
  -.80000000E-01  .56827609E+00
  -.40000000E-01  .54195905E+00
   .12351231E-14  .51503308E+00
   .40000000E-01  .48746611E+00
   .80000000E-01  .45922360E+00
   .12000000E+00  .43026836E+00
   .16000000E+00  .40056022E+00
   .20000000E+00  .37005578E+00
   .24000000E+00  .33870800E+00
   .28000000E+00  .30646592E+00
   .32000000E+00  .27327409E+00
   .36000000E+00  .23907222E+00
   .40000000E+00  .20379448E+00
   .44000000E+00  .16736896E+00
   .48000000E+00  .12971689E+00
   .52000000E+00  .90751807E-01
   .56000000E+00  .50378568E-01
   .60000000E+00  .84922535E-02
   .64000000E+00 -.35023152E-01
   .68000000E+00 -.80296273E-01
   .72000000E+00 -.12747011E+00
   .76000000E+00 -.17670412E+00
   .80000000E+00 -.22817669E+00
   .84000000E+00 -.28208798E+00
   .88000000E+00 -.33866346E+00
   .92000000E+00 -.39815799E+00
   .96000000E+00 -.46086082E+00
   .10000000E+01 -.52710158E+00
   .10400000E+01 -.59725768E+00
   .10800000E+01 -.67176323E+00
   .11200000E+01 -.75112021E+00
   .11600000E+01 -.83591225E+00
   .12000000E+01 -.92682201E+00
   .12400000E+01 -.10246532E+01
   .12800000E+01 -.11303584E+01
   .13200000E+01 -.12450761E+01
   .13600000E+01 -.13701771E+01
   .14000000E+01 -.15073283E+01
   .14400000E+01 -.16585768E+01
   .14800000E+01 -.18264645E+01
   .15200000E+01 -.20141882E+01
   .15600000E+01 -.22258247E+01
   .16000000E+01 -.24666560E+01
   .16400000E+01 -.27436506E+01
   .16800000E+01 -.30661955E+01
   .17200000E+01 -.34472451E+01
   .17600000E+01 -.39051940E+01
   .18000000E+01 -.44670689E+01
   .18400000E+01 -.51742653E+01
   .18800000E+01 -.60935613E+01
   .19200000E+01 -.73400965E+01
   .19600000E+01 -.91308324E+01
   .20000000E+01 -.11929059E+02
Potential  L  =        2.00000   -.20000
  -.20000000E+01  .14393729E+01
  -.19600000E+01  .14257572E+01
  -.19200000E+01  .14120235E+01
  -.18800000E+01  .13981688E+01
  -.18400000E+01  .13841904E+01
  -.18000000E+01  .13700851E+01
  -.17600000E+01  .13558497E+01
  -.17200000E+01  .13414812E+01
  -.16800000E+01  .13269759E+01
  -.16400000E+01  .13123305E+01
  -.16000000E+01  .12975412E+01
  -.15600000E+01  .12826043E+01
  -.15200000E+01  .12675158E+01
  -.14800000E+01  .12522714E+01
  -.14400000E+01  .12368670E+01
  -.14000000E+01  .12212981E+01
  -.13600000E+01  .12055599E+01
  -.13200000E+01  .11896476E+01
  -.12800000E+01  .11735562E+01
  -.12400000E+01  .11572802E+01
  -.12000000E+01  .11408141E+01
  -.11600000E+01  .11241521E+01
  -.11200000E+01  .11072882E+01
  -.10800000E+01  .10902160E+01
  -.10400000E+01  .10729287E+01
  -.10000000E+01  .10554195E+01
  -.96000000E+00  .10376809E+01
  -.92000000E+00  .10197053E+01
  -.88000000E+00  .10014847E+01
  -.84000000E+00  .98301047E+00
  -.80000000E+00  .96427376E+00
  -.76000000E+00  .94526515E+00
  -.72000000E+00  .92597475E+00
  -.68000000E+00  .90639213E+00
  -.64000000E+00  .88650629E+00
  -.60000000E+00  .86630560E+00
  -.56000000E+00  .84577780E+00
  -.52000000E+00  .82490991E+00
  -.48000000E+00  .80368819E+00
  -.44000000E+00  .78209808E+00
  -.40000000E+00  .76012414E+00
  -.36000000E+00  .73775000E+00
  -.32000000E+00  .71495825E+00
  -.28000000E+00  .69173037E+00
  -.24000000E+00  .66804667E+00
  -.20000000E+00  .64388612E+00
  -.16000000E+00  .61922632E+00
  -.12000000E+00  .59404333E+00
  -.80000000E-01  .56831153E+00
  -.40000000E-01  .54200351E+00
   .12351231E-14  .51508985E+00
   .40000000E-01  .48753899E+00
   .80000000E-01  .45931699E+00
   .12000000E+00  .43038731E+00
   .16000000E+00  .40071055E+00
   .20000000E+00  .37024417E+00
   .24000000E+00  .33894216E+00
   .28000000E+00  .30675465E+00
   .32000000E+00  .27362756E+00
   .36000000E+00  .23950207E+00
   .40000000E+00  .20431411E+00
   .44000000E+00  .16799379E+00
   .48000000E+00  .13046465E+00
   .52000000E+00  .91642930E-01
   .56000000E+00  .51436615E-01
   .60000000E+00  .97444291E-02
   .64000000E+00 -.33545392E-01
   .68000000E+00 -.78556497E-01
   .72000000E+00 -.12542605E+00
   .76000000E+00 -.17430664E+00
   .80000000E+00 -.22536853E+00
   .84000000E+00 -.27880228E+00
   .88000000E+00 -.33482193E+00
   .92000000E+00 -.39366867E+00
   .96000000E+00 -.45561537E+00
   .10000000E+01 -.52097193E+00
   .10400000E+01 -.59009186E+00
   .10800000E+01 -.66338018E+00
   .11200000E+01 -.74130321E+00
   .11600000E+01 -.82440068E+00
   .12000000E+01 -.91330074E+00
   .12400000E+01 -.10087389E+01
   .12800000E+01 -.11115822E+01
   .13200000E+01 -.12228596E+01
   .13600000E+01 -.13438021E+01
   .14000000E+01 -.14758948E+01
   .14400000E+01 -.16209460E+01
   .14800000E+01 -.17811804E+01
   .15200000E+01 -.19593665E+01
   .15600000E+01 -.21589930E+01
   .16000000E+01 -.23845204E+01
   .16400000E+01 -.26417440E+01
   .16800000E+01 -.29383342E+01
   .17200000E+01 -.32846619E+01
   .17600000E+01 -.36951016E+01
   .18000000E+01 -.41901698E+01
   .18400000E+01 -.48001993E+01
   .18800000E+01 -.55720075E+01
   .19200000E+01 -.65818562E+01
   .19600000E+01 -.79629192E+01
   .20000000E+01 -.99705526E+01
Core Pot   L  =        3.00000    .00000
  -.20000000E+01  .17726817E+01
  -.19600000E+01  .17619474E+01
  -.19200000E+01  .17511575E+01
  -.18800000E+01  .17403112E+01
  -.18400000E+01  .17294076E+01
  -.18000000E+01  .17184460E+01
  -.17600000E+01  .17074256E+01
  -.17200000E+01  .16963454E+01
  -.16800000E+01  .16852047E+01
  -.16400000E+01  .16740025E+01
  -.16000000E+01  .16627380E+01
  -.15600000E+01  .16514101E+01
  -.15200000E+01  .16400180E+01
  -.14800000E+01  .16285607E+01
  -.14400000E+01  .16170372E+01
  -.14000000E+01  .16054464E+01
  -.13600000E+01  .15937873E+01
  -.13200000E+01  .15820590E+01
  -.12800000E+01  .15702601E+01
  -.12400000E+01  .15583898E+01
  -.12000000E+01  .15464467E+01
  -.11600000E+01  .15344297E+01
  -.11200000E+01  .15223377E+01
  -.10800000E+01  .15101694E+01
  -.10400000E+01  .14979235E+01
  -.10000000E+01  .14855988E+01
  -.96000000E+00  .14731938E+01
  -.92000000E+00  .14607073E+01
  -.88000000E+00  .14481379E+01
  -.84000000E+00  .14354840E+01
  -.80000000E+00  .14227444E+01
  -.76000000E+00  .14099173E+01
  -.72000000E+00  .13970014E+01
  -.68000000E+00  .13839949E+01
  -.64000000E+00  .13708963E+01
  -.60000000E+00  .13577039E+01
  -.56000000E+00  .13444159E+01
  -.52000000E+00  .13310307E+01
  -.48000000E+00  .13175463E+01
  -.44000000E+00  .13039609E+01
  -.40000000E+00  .12902725E+01
  -.36000000E+00  .12764793E+01
  -.32000000E+00  .12625790E+01
  -.28000000E+00  .12485698E+01
  -.24000000E+00  .12344493E+01
  -.20000000E+00  .12202153E+01
  -.16000000E+00  .12058657E+01
  -.12000000E+00  .11913979E+01
  -.80000000E-01  .11768096E+01
  -.40000000E-01  .11620983E+01
   .12351231E-14  .11472614E+01
   .40000000E-01  .11322962E+01
   .80000000E-01  .11172000E+01
   .12000000E+00  .11019699E+01
   .16000000E+00  .10866030E+01
   .20000000E+00  .10710963E+01
   .24000000E+00  .10554466E+01
   .28000000E+00  .10396508E+01
   .32000000E+00  .10237055E+01
   .36000000E+00  .10076073E+01
   .40000000E+00  .99135251E+00
   .44000000E+00  .97493756E+00
   .48000000E+00  .95835862E+00
   .52000000E+00  .94161172E+00
   .56000000E+00  .92469280E+00
   .60000000E+00  .90759761E+00
   .64000000E+00  .89032177E+00
   .68000000E+00  .87286073E+00
   .72000000E+00  .85520979E+00
   .76000000E+00  .83736406E+00
   .80000000E+00  .81931846E+00
   .84000000E+00  .80106774E+00
   .88000000E+00  .78260643E+00
   .92000000E+00  .76392884E+00
   .96000000E+00  .74502908E+00
   .10000000E+01  .72590101E+00
   .10400000E+01  .70653826E+00
   .10800000E+01  .68693417E+00
   .11200000E+01  .66708184E+00
   .11600000E+01  .64697407E+00
   .12000000E+01  .62660335E+00
   .12400000E+01  .60596186E+00
   .12800000E+01  .58504146E+00
   .13200000E+01  .56383362E+00
   .13600000E+01  .54232946E+00
   .14000000E+01  .52051970E+00
   .14400000E+01  .49839464E+00
   .14800000E+01  .47594415E+00
   .15200000E+01  .45315760E+00
   .15600000E+01  .43002389E+00
   .16000000E+01  .40653140E+00
   .16400000E+01  .38266793E+00
   .16800000E+01  .35842069E+00
   .17200000E+01  .33377629E+00
   .17600000E+01  .30872063E+00
   .18000000E+01  .28323892E+00
   .18400000E+01  .25731562E+00
   .18800000E+01  .23093437E+00
   .19200000E+01  .20407795E+00
   .19600000E+01  .17672821E+00
   .20000000E+01  .14886604E+00
Potential  L  =        3.00000    .00000
  -.20000000E+01  .17730362E+01
  -.19600000E+01  .17623043E+01
  -.19200000E+01  .17515168E+01
  -.18800000E+01  .17406729E+01
  -.18400000E+01  .17297717E+01
  -.18000000E+01  .17188126E+01
  -.17600000E+01  .17077945E+01
  -.17200000E+01  .16967168E+01
  -.16800000E+01  .16855784E+01
  -.16400000E+01  .16743786E+01
  -.16000000E+01  .16631163E+01
  -.15600000E+01  .16517908E+01
  -.15200000E+01  .16404009E+01
  -.14800000E+01  .16289459E+01
  -.14400000E+01  .16174245E+01
  -.14000000E+01  .16058359E+01
  -.13600000E+01  .15941790E+01
  -.13200000E+01  .15824526E+01
  -.12800000E+01  .15706558E+01
  -.12400000E+01  .15587874E+01
  -.12000000E+01  .15468462E+01
  -.11600000E+01  .15348311E+01
  -.11200000E+01  .15227409E+01
  -.10800000E+01  .15105742E+01
  -.10400000E+01  .14983299E+01
  -.10000000E+01  .14860067E+01
  -.96000000E+00  .14736031E+01
  -.92000000E+00  .14611179E+01
  -.88000000E+00  .14485497E+01
  -.84000000E+00  .14358969E+01
  -.80000000E+00  .14231582E+01
  -.76000000E+00  .14103319E+01
  -.72000000E+00  .13974166E+01
  -.68000000E+00  .13844107E+01
  -.64000000E+00  .13713124E+01
  -.60000000E+00  .13581201E+01
  -.56000000E+00  .13448321E+01
  -.52000000E+00  .13314466E+01
  -.48000000E+00  .13179618E+01
  -.44000000E+00  .13043757E+01
  -.40000000E+00  .12906864E+01
  -.36000000E+00  .12768920E+01
  -.32000000E+00  .12629903E+01
  -.28000000E+00  .12489793E+01
  -.24000000E+00  .12348567E+01
  -.20000000E+00  .12206204E+01
  -.16000000E+00  .12062680E+01
  -.12000000E+00  .11917972E+01
  -.80000000E-01  .11772054E+01
  -.40000000E-01  .11624902E+01
   .12351231E-14  .11476490E+01
   .40000000E-01  .11326790E+01
   .80000000E-01  .11175775E+01
   .12000000E+00  .11023416E+01
   .16000000E+00  .10869684E+01
   .20000000E+00  .10714547E+01
   .24000000E+00  .10557976E+01
   .28000000E+00  .10399935E+01
   .32000000E+00  .10240394E+01
   .36000000E+00  .10079315E+01
   .40000000E+00  .99166635E+00
   .44000000E+00  .97524020E+00
   .48000000E+00  .95864918E+00
   .52000000E+00  .94188929E+00
   .56000000E+00  .92495640E+00
   .60000000E+00  .90784621E+00
   .64000000E+00  .89055427E+00
   .68000000E+00  .87307599E+00
   .72000000E+00  .85540657E+00
   .76000000E+00  .83754106E+00
   .80000000E+00  .81947431E+00
   .84000000E+00  .80120097E+00
   .88000000E+00  .78271549E+00
   .92000000E+00  .76401209E+00
   .96000000E+00  .74508478E+00
   .10000000E+01  .72592731E+00
   .10400000E+01  .70653318E+00
   .10800000E+01  .68689565E+00
   .11200000E+01  .66700766E+00
   .11600000E+01  .64686188E+00
   .12000000E+01  .62645066E+00
   .12400000E+01  .60576602E+00
   .12800000E+01  .58479964E+00
   .13200000E+01  .56354284E+00
   .13600000E+01  .54198652E+00
   .14000000E+01  .52012122E+00
   .14400000E+01  .49793700E+00
   .14800000E+01  .47542351E+00
   .15200000E+01  .45256986E+00
   .15600000E+01  .42936467E+00
   .16000000E+01  .40579607E+00
   .16400000E+01  .38185152E+00
   .16800000E+01  .35751792E+00
   .17200000E+01  .33278148E+00
   .17600000E+01  .30762776E+00
   .18000000E+01  .28204158E+00
   .18400000E+01  .25600687E+00
   .18800000E+01  .22950682E+00
   .19200000E+01  .20252371E+00
   .19600000E+01  .17503881E+00
   .20000000E+01  .14703241E+00
Core Pot   L  =        4.00000    .00000
  -.20000000E+01  .21117008E+01
  -.19600000E+01  .21027342E+01
  -.19200000E+01  .20937351E+01
  -.18800000E+01  .20847035E+01
  -.18400000E+01  .20756388E+01
  -.18000000E+01  .20665408E+01
  -.17600000E+01  .20574092E+01
  -.17200000E+01  .20482435E+01
  -.16800000E+01  .20390436E+01
  -.16400000E+01  .20298090E+01
  -.16000000E+01  .20205393E+01
  -.15600000E+01  .20112343E+01
  -.15200000E+01  .20018935E+01
  -.14800000E+01  .19925166E+01
  -.14400000E+01  .19831032E+01
  -.14000000E+01  .19736530E+01
  -.13600000E+01  .19641655E+01
  -.13200000E+01  .19546403E+01
  -.12800000E+01  .19450771E+01
  -.12400000E+01  .19354755E+01
  -.12000000E+01  .19258350E+01
  -.11600000E+01  .19161551E+01
  -.11200000E+01  .19064356E+01
  -.10800000E+01  .18966760E+01
  -.10400000E+01  .18868757E+01
  -.10000000E+01  .18770344E+01
  -.96000000E+00  .18671516E+01
  -.92000000E+00  .18572269E+01
  -.88000000E+00  .18472597E+01
  -.84000000E+00  .18372497E+01
  -.80000000E+00  .18271962E+01
  -.76000000E+00  .18170989E+01
  -.72000000E+00  .18069572E+01
  -.68000000E+00  .17967705E+01
  -.64000000E+00  .17865384E+01
  -.60000000E+00  .17762604E+01
  -.56000000E+00  .17659359E+01
  -.52000000E+00  .17555643E+01
  -.48000000E+00  .17451451E+01
  -.44000000E+00  .17346777E+01
  -.40000000E+00  .17241615E+01
  -.36000000E+00  .17135960E+01
  -.32000000E+00  .17029805E+01
  -.28000000E+00  .16923144E+01
  -.24000000E+00  .16815971E+01
  -.20000000E+00  .16708280E+01
  -.16000000E+00  .16600064E+01
  -.12000000E+00  .16491316E+01
  -.80000000E-01  .16382030E+01
  -.40000000E-01  .16272199E+01
   .12351231E-14  .16161815E+01
   .40000000E-01  .16050872E+01
   .80000000E-01  .15939362E+01
   .12000000E+00  .15827279E+01
   .16000000E+00  .15714613E+01
   .20000000E+00  .15601358E+01
   .24000000E+00  .15487506E+01
   .28000000E+00  .15373049E+01
   .32000000E+00  .15257977E+01
   .36000000E+00  .15142284E+01
   .40000000E+00  .15025961E+01
   .44000000E+00  .14908998E+01
   .48000000E+00  .14791387E+01
   .52000000E+00  .14673119E+01
   .56000000E+00  .14554184E+01
   .60000000E+00  .14434573E+01
   .64000000E+00  .14314277E+01
   .68000000E+00  .14193285E+01
   .72000000E+00  .14071587E+01
   .76000000E+00  .13949173E+01
   .80000000E+00  .13826033E+01
   .84000000E+00  .13702155E+01
   .88000000E+00  .13577529E+01
   .92000000E+00  .13452144E+01
   .96000000E+00  .13325987E+01
   .10000000E+01  .13199047E+01
   .10400000E+01  .13071312E+01
   .10800000E+01  .12942770E+01
   .11200000E+01  .12813407E+01
   .11600000E+01  .12683212E+01
   .12000000E+01  .12552171E+01
   .12400000E+01  .12420270E+01
   .12800000E+01  .12287496E+01
   .13200000E+01  .12153834E+01
   .13600000E+01  .12019270E+01
   .14000000E+01  .11883790E+01
   .14400000E+01  .11747376E+01
   .14800000E+01  .11610016E+01
   .15200000E+01  .11471691E+01
   .15600000E+01  .11332386E+01
   .16000000E+01  .11192084E+01
   .16400000E+01  .11050769E+01
   .16800000E+01  .10908421E+01
   .17200000E+01  .10765023E+01
   .17600000E+01  .10620557E+01
   .18000000E+01  .10475004E+01
   .18400000E+01  .10328343E+01
   .18800000E+01  .10180555E+01
   .19200000E+01  .10031620E+01
   .19600000E+01  .98815155E+00
   .20000000E+01  .97302205E+00
Potential  L  =        4.00000    .00000
  -.20000000E+01  .21119650E+01
  -.19600000E+01  .21030010E+01
  -.19200000E+01  .20940048E+01
  -.18800000E+01  .20849759E+01
  -.18400000E+01  .20759141E+01
  -.18000000E+01  .20668189E+01
  -.17600000E+01  .20576902E+01
  -.17200000E+01  .20485276E+01
  -.16800000E+01  .20393307E+01
  -.16400000E+01  .20300991E+01
  -.16000000E+01  .20208326E+01
  -.15600000E+01  .20115307E+01
  -.15200000E+01  .20021932E+01
  -.14800000E+01  .19928196E+01
  -.14400000E+01  .19834096E+01
  -.14000000E+01  .19739627E+01
  -.13600000E+01  .19644787E+01
  -.13200000E+01  .19549570E+01
  -.12800000E+01  .19453974E+01
  -.12400000E+01  .19357994E+01
  -.12000000E+01  .19261626E+01
  -.11600000E+01  .19164865E+01
  -.11200000E+01  .19067708E+01
  -.10800000E+01  .18970150E+01
  -.10400000E+01  .18872187E+01
  -.10000000E+01  .18773814E+01
  -.96000000E+00  .18675027E+01
  -.92000000E+00  .18575821E+01
  -.88000000E+00  .18476192E+01
  -.84000000E+00  .18376134E+01
  -.80000000E+00  .18275643E+01
  -.76000000E+00  .18174713E+01
  -.72000000E+00  .18073341E+01
  -.68000000E+00  .17971520E+01
  -.64000000E+00  .17869245E+01
  -.60000000E+00  .17766512E+01
  -.56000000E+00  .17663314E+01
  -.52000000E+00  .17559647E+01
  -.48000000E+00  .17455504E+01
  -.44000000E+00  .17350880E+01
  -.40000000E+00  .17245769E+01
  -.36000000E+00  .17140166E+01
  -.32000000E+00  .17034063E+01
  -.28000000E+00  .16927456E+01
  -.24000000E+00  .16820337E+01
  -.20000000E+00  .16712701E+01
  -.16000000E+00  .16604541E+01
  -.12000000E+00  .16495850E+01
  -.80000000E-01  .16386621E+01
  -.40000000E-01  .16276849E+01
   .12351231E-14  .16166524E+01
   .40000000E-01  .16055642E+01
   .80000000E-01  .15944194E+01
   .12000000E+00  .15832172E+01
   .16000000E+00  .15719570E+01
   .20000000E+00  .15606380E+01
   .24000000E+00  .15492593E+01
   .28000000E+00  .15378201E+01
   .32000000E+00  .15263198E+01
   .36000000E+00  .15147573E+01
   .40000000E+00  .15031319E+01
   .44000000E+00  .14914426E+01
   .48000000E+00  .14796887E+01
   .52000000E+00  .14678692E+01
   .56000000E+00  .14559831E+01
   .60000000E+00  .14440295E+01
   .64000000E+00  .14320075E+01
   .68000000E+00  .14199160E+01
   .72000000E+00  .14077541E+01
   .76000000E+00  .13955207E+01
   .80000000E+00  .13832147E+01
   .84000000E+00  .13708352E+01
   .88000000E+00  .13583809E+01
   .92000000E+00  .13458508E+01
   .96000000E+00  .13332437E+01
   .10000000E+01  .13205584E+01
   .10400000E+01  .13077938E+01
   .10800000E+01  .12949485E+01
   .11200000E+01  .12820214E+01
   .11600000E+01  .12690112E+01
   .12000000E+01  .12559165E+01
   .12400000E+01  .12427359E+01
   .12800000E+01  .12294682E+01
   .13200000E+01  .12161118E+01
   .13600000E+01  .12026654E+01
   .14000000E+01  .11891274E+01
   .14400000E+01  .11754963E+01
   .14800000E+01  .11617707E+01
   .15200000E+01  .11479488E+01
   .15600000E+01  .11340290E+01
   .16000000E+01  .11200097E+01
   .16400000E+01  .11058892E+01
   .16800000E+01  .10916656E+01
   .17200000E+01  .10773372E+01
   .17600000E+01  .10629021E+01
   .18000000E+01  .10483584E+01
   .18400000E+01  .10337042E+01
   .18800000E+01  .10189374E+01
   .19200000E+01  .10040560E+01
   .19600000E+01  .98905796E+00
   .20000000E+01  .97394097E+00
KBPotential  L  =       .00000  -1.15115
  -.20000000E+01  .95132918E+00
  -.19600000E+01  .93006561E+00
  -.19200000E+01  .90840569E+00
  -.18800000E+01  .88633171E+00
  -.18400000E+01  .86382481E+00
  -.18000000E+01  .84086490E+00
  -.17600000E+01  .81743050E+00
  -.17200000E+01  .79349873E+00
  -.16800000E+01  .76904504E+00
  -.16400000E+01  .74404318E+00
  -.16000000E+01  .71846501E+00
  -.15600000E+01  .69228029E+00
  -.15200000E+01  .66545651E+00
  -.14800000E+01  .63795868E+00
  -.14400000E+01  .60974906E+00
  -.14000000E+01  .58078690E+00
  -.13600000E+01  .55102811E+00
  -.13200000E+01  .52042493E+00
  -.12800000E+01  .48892554E+00
  -.12400000E+01  .45647358E+00
  -.12000000E+01  .42300769E+00
  -.11600000E+01  .38846089E+00
  -.11200000E+01  .35275993E+00
  -.10800000E+01  .31582461E+00
  -.10400000E+01  .27756667E+00
  -.10000000E+01  .23788921E+00
  -.96000000E+00  .19668514E+00
  -.92000000E+00  .15383604E+00
  -.88000000E+00  .10921054E+00
  -.84000000E+00  .62662548E-01
  -.80000000E+00  .14029054E-01
  -.76000000E+00 -.36872362E-01
  -.72000000E+00 -.90246530E-01
  -.68000000E+00 -.14632425E+00
  -.64000000E+00 -.20536655E+00
  -.60000000E+00 -.26766985E+00
  -.56000000E+00 -.33357214E+00
  -.52000000E+00 -.40346055E+00
  -.48000000E+00 -.47778067E+00
  -.44000000E+00 -.55704808E+00
  -.40000000E+00 -.64186254E+00
  -.36000000E+00 -.73292604E+00
  -.32000000E+00 -.83106558E+00
  -.28000000E+00 -.93726229E+00
  -.24000000E+00 -.10526892E+01
  -.20000000E+00 -.11787604E+01
  -.16000000E+00 -.13171967E+01
  -.12000000E+00 -.14701135E+01
  -.80000000E-01 -.16401406E+01
  -.40000000E-01 -.18305890E+01
   .12351231E-14 -.20456871E+01
   .40000000E-01 -.22909215E+01
   .80000000E-01 -.25735433E+01
   .12000000E+00 -.29033397E+01
   .16000000E+00 -.32938489E+01
   .20000000E+00 -.37643479E+01
   .24000000E+00 -.43432541E+01
   .28000000E+00 -.50742722E+01
   .32000000E+00 -.60282722E+01
   .36000000E+00 -.73282791E+01
   .40000000E+00 -.92082703E+01
   .44000000E+00 -.12174671E+02
   .48000000E+00 -.17565752E+02
   .52000000E+00 -.30449710E+02
   .56000000E+00 -.10248054E+03
   .60000000E+00  .80490332E+02
   .64000000E+00  .29588169E+02
   .68000000E+00  .18366769E+02
   .72000000E+00  .13432482E+02
   .76000000E+00  .10653343E+02
   .80000000E+00  .88674443E+01
   .84000000E+00  .76208312E+01
   .88000000E+00  .66995848E+01
   .92000000E+00  .59896892E+01
   .96000000E+00  .54248087E+01
   .10000000E+01  .49637216E+01
   .10400000E+01  .45794624E+01
   .10800000E+01  .42536487E+01
   .11200000E+01  .39733172E+01
   .11600000E+01  .37290635E+01
   .12000000E+01  .35138987E+01
   .12400000E+01  .33225203E+01
   .12800000E+01  .31508313E+01
   .13200000E+01  .29956173E+01
   .13600000E+01  .28543185E+01
   .14000000E+01  .27248721E+01
   .14400000E+01  .26055961E+01
   .14800000E+01  .24951054E+01
   .15200000E+01  .23922483E+01
   .15600000E+01  .22960588E+01
   .16000000E+01  .22057204E+01
   .16400000E+01  .21205376E+01
   .16800000E+01  .20399139E+01
   .17200000E+01  .19633343E+01
   .17600000E+01  .18903513E+01
   .18000000E+01  .18205733E+01
   .18400000E+01  .17536561E+01
   .18800000E+01  .16892948E+01
   .19200000E+01  .16272182E+01
   .19600000E+01  .15671827E+01
   .20000000E+01  .15089688E+01
KBPotential  L  =      1.00000   -.41013
  -.20000000E+01  .11637875E+01
  -.19600000E+01  .11468273E+01
  -.19200000E+01  .11296515E+01
  -.18800000E+01  .11122531E+01
  -.18400000E+01  .10946247E+01
  -.18000000E+01  .10767586E+01
  -.17600000E+01  .10586468E+01
  -.17200000E+01  .10402806E+01
  -.16800000E+01  .10216513E+01
  -.16400000E+01  .10027493E+01
  -.16000000E+01  .98356482E+00
  -.15600000E+01  .96408740E+00
  -.15200000E+01  .94430605E+00
  -.14800000E+01  .92420918E+00
  -.14400000E+01  .90378455E+00
  -.14000000E+01  .88301922E+00
  -.13600000E+01  .86189951E+00
  -.13200000E+01  .84041097E+00
  -.12800000E+01  .81853822E+00
  -.12400000E+01  .79626500E+00
  -.12000000E+01  .77357407E+00
  -.11600000E+01  .75044707E+00
  -.11200000E+01  .72686450E+00
  -.10800000E+01  .70280558E+00
  -.10400000E+01  .67824819E+00
  -.10000000E+01  .65316870E+00
  -.96000000E+00  .62754190E+00
  -.92000000E+00  .60134081E+00
  -.88000000E+00  .57453656E+00
  -.84000000E+00  .54709818E+00
  -.80000000E+00  .51899243E+00
  -.76000000E+00  .49018361E+00
  -.72000000E+00  .46063327E+00
  -.68000000E+00  .43029995E+00
  -.64000000E+00  .39913893E+00
  -.60000000E+00  .36710182E+00
  -.56000000E+00  .33413625E+00
  -.52000000E+00  .30018538E+00
  -.48000000E+00  .26518746E+00
  -.44000000E+00  .22907525E+00
  -.40000000E+00  .19177542E+00
  -.36000000E+00  .15320780E+00
  -.32000000E+00  .11328462E+00
  -.28000000E+00  .71909508E-01
  -.24000000E+00  .28976457E-01
  -.20000000E+00 -.15631439E-01
  -.16000000E+00 -.62043422E-01
  -.12000000E+00 -.11040276E+00
  -.80000000E-01 -.16086870E+00
  -.40000000E-01 -.21361878E+00
   .12351231E-14 -.26885155E+00
   .40000000E-01 -.32678974E+00
   .80000000E-01 -.38768415E+00
   .12000000E+00 -.45181816E+00
   .16000000E+00 -.51951328E+00
   .20000000E+00 -.59113573E+00
   .24000000E+00 -.66710457E+00
   .28000000E+00 -.74790158E+00
   .32000000E+00 -.83408351E+00
   .36000000E+00 -.92629724E+00
   .40000000E+00 -.10252990E+01
   .44000000E+00 -.11319779E+01
   .48000000E+00 -.12473876E+01
   .52000000E+00 -.13727857E+01
   .56000000E+00 -.15096848E+01
   .60000000E+00 -.16599220E+01
   .64000000E+00 -.18257506E+01
   .68000000E+00 -.20099645E+01
   .72000000E+00 -.22160718E+01
   .76000000E+00 -.24485374E+01
   .80000000E+00 -.27131349E+01
   .84000000E+00 -.30174626E+01
   .88000000E+00 -.33717274E+01
   .92000000E+00 -.37899700E+01
   .96000000E+00 -.42920506E+01
   .10000000E+01 -.49070147E+01
   .10400000E+01 -.56790969E+01
   .10800000E+01 -.66791453E+01
   .11200000E+01 -.80281806E+01
   .11600000E+01 -.99513678E+01
   .12000000E+01 -.12920755E+02
   .12400000E+01 -.18121428E+02
   .12800000E+01 -.29614763E+02
   .13200000E+01 -.76529577E+02
   .13600000E+01  .14308131E+03
   .14000000E+01  .37783322E+02
   .14400000E+01  .22013332E+02
   .14800000E+01  .15642999E+02
   .15200000E+01  .12192548E+02
   .15600000E+01  .10025145E+02
   .16000000E+01  .85347137E+01
   .16400000E+01  .74449261E+01
   .16800000E+01  .66117910E+01
   .17200000E+01  .59529014E+01
   .17600000E+01  .54176888E+01
   .18000000E+01  .49733988E+01
   .18400000E+01  .45978806E+01
   .18800000E+01  .42756151E+01
   .19200000E+01  .39954046E+01
   .19600000E+01  .37489652E+01
   .20000000E+01  .35300336E+01
KBPotential  L  =      2.00000    .00000
  -.20000000E+01  .14393729E+01
  -.19600000E+01  .14257572E+01
  -.19200000E+01  .14120235E+01
  -.18800000E+01  .13981688E+01
  -.18400000E+01  .13841904E+01
  -.18000000E+01  .13700851E+01
  -.17600000E+01  .13558497E+01
  -.17200000E+01  .13414812E+01
  -.16800000E+01  .13269759E+01
  -.16400000E+01  .13123305E+01
  -.16000000E+01  .12975412E+01
  -.15600000E+01  .12826043E+01
  -.15200000E+01  .12675158E+01
  -.14800000E+01  .12522714E+01
  -.14400000E+01  .12368670E+01
  -.14000000E+01  .12212981E+01
  -.13600000E+01  .12055599E+01
  -.13200000E+01  .11896476E+01
  -.12800000E+01  .11735562E+01
  -.12400000E+01  .11572802E+01
  -.12000000E+01  .11408141E+01
  -.11600000E+01  .11241521E+01
  -.11200000E+01  .11072882E+01
  -.10800000E+01  .10902160E+01
  -.10400000E+01  .10729287E+01
  -.10000000E+01  .10554195E+01
  -.96000000E+00  .10376809E+01
  -.92000000E+00  .10197053E+01
  -.88000000E+00  .10014847E+01
  -.84000000E+00  .98301047E+00
  -.80000000E+00  .96427376E+00
  -.76000000E+00  .94526515E+00
  -.72000000E+00  .92597475E+00
  -.68000000E+00  .90639213E+00
  -.64000000E+00  .88650629E+00
  -.60000000E+00  .86630560E+00
  -.56000000E+00  .84577780E+00
  -.52000000E+00  .82490991E+00
  -.48000000E+00  .80368819E+00
  -.44000000E+00  .78209808E+00
  -.40000000E+00  .76012414E+00
  -.36000000E+00  .73775000E+00
  -.32000000E+00  .71495825E+00
  -.28000000E+00  .69173037E+00
  -.24000000E+00  .66804667E+00
  -.20000000E+00  .64388612E+00
  -.16000000E+00  .61922632E+00
  -.12000000E+00  .59404333E+00
  -.80000000E-01  .56831153E+00
  -.40000000E-01  .54200351E+00
   .12351231E-14  .51508985E+00
   .40000000E-01  .48753899E+00
   .80000000E-01  .45931699E+00
   .12000000E+00  .43038731E+00
   .16000000E+00  .40071055E+00
   .20000000E+00  .37024417E+00
   .24000000E+00  .33894216E+00
   .28000000E+00  .30675465E+00
   .32000000E+00  .27362756E+00
   .36000000E+00  .23950207E+00
   .40000000E+00  .20431411E+00
   .44000000E+00  .16799379E+00
   .48000000E+00  .13046465E+00
   .52000000E+00  .91642930E-01
   .56000000E+00  .51436615E-01
   .60000000E+00  .97444291E-02
   .64000000E+00 -.33545392E-01
   .68000000E+00 -.78556497E-01
   .72000000E+00 -.12542605E+00
   .76000000E+00 -.17430664E+00
   .80000000E+00 -.22536853E+00
   .84000000E+00 -.27880228E+00
   .88000000E+00 -.33482193E+00
   .92000000E+00 -.39366867E+00
   .96000000E+00 -.45561537E+00
   .10000000E+01 -.52097193E+00
   .10400000E+01 -.59009186E+00
   .10800000E+01 -.66338018E+00
   .11200000E+01 -.74130321E+00
   .11600000E+01 -.82440068E+00
   .12000000E+01 -.91330074E+00
   .12400000E+01 -.10087389E+01
   .12800000E+01 -.11115822E+01
   .13200000E+01 -.12228596E+01
   .13600000E+01 -.13438021E+01
   .14000000E+01 -.14758948E+01
   .14400000E+01 -.16209460E+01
   .14800000E+01 -.17811804E+01
   .15200000E+01 -.19593665E+01
   .15600000E+01 -.21589930E+01
   .16000000E+01 -.23845204E+01
   .16400000E+01 -.26417440E+01
   .16800000E+01 -.29383342E+01
   .17200000E+01 -.32846619E+01
   .17600000E+01 -.36951016E+01
   .18000000E+01 -.41901698E+01
   .18400000E+01 -.48001993E+01
   .18800000E+01 -.55720075E+01
   .19200000E+01 -.65818562E+01
   .19600000E+01 -.79629192E+01
   .20000000E+01 -.99705526E+01
KBPotential  L  =      3.00000    .00000
  -.20000000E+01  .17730362E+01
  -.19600000E+01  .17623043E+01
  -.19200000E+01  .17515168E+01
  -.18800000E+01  .17406729E+01
  -.18400000E+01  .17297717E+01
  -.18000000E+01  .17188126E+01
  -.17600000E+01  .17077945E+01
  -.17200000E+01  .16967168E+01
  -.16800000E+01  .16855784E+01
  -.16400000E+01  .16743786E+01
  -.16000000E+01  .16631163E+01
  -.15600000E+01  .16517908E+01
  -.15200000E+01  .16404009E+01
  -.14800000E+01  .16289459E+01
  -.14400000E+01  .16174245E+01
  -.14000000E+01  .16058359E+01
  -.13600000E+01  .15941790E+01
  -.13200000E+01  .15824526E+01
  -.12800000E+01  .15706558E+01
  -.12400000E+01  .15587874E+01
  -.12000000E+01  .15468462E+01
  -.11600000E+01  .15348311E+01
  -.11200000E+01  .15227409E+01
  -.10800000E+01  .15105742E+01
  -.10400000E+01  .14983299E+01
  -.10000000E+01  .14860067E+01
  -.96000000E+00  .14736031E+01
  -.92000000E+00  .14611179E+01
  -.88000000E+00  .14485497E+01
  -.84000000E+00  .14358969E+01
  -.80000000E+00  .14231582E+01
  -.76000000E+00  .14103319E+01
  -.72000000E+00  .13974166E+01
  -.68000000E+00  .13844107E+01
  -.64000000E+00  .13713124E+01
  -.60000000E+00  .13581201E+01
  -.56000000E+00  .13448321E+01
  -.52000000E+00  .13314466E+01
  -.48000000E+00  .13179618E+01
  -.44000000E+00  .13043757E+01
  -.40000000E+00  .12906864E+01
  -.36000000E+00  .12768920E+01
  -.32000000E+00  .12629903E+01
  -.28000000E+00  .12489793E+01
  -.24000000E+00  .12348567E+01
  -.20000000E+00  .12206204E+01
  -.16000000E+00  .12062680E+01
  -.12000000E+00  .11917972E+01
  -.80000000E-01  .11772054E+01
  -.40000000E-01  .11624902E+01
   .12351231E-14  .11476490E+01
   .40000000E-01  .11326790E+01
   .80000000E-01  .11175775E+01
   .12000000E+00  .11023416E+01
   .16000000E+00  .10869684E+01
   .20000000E+00  .10714547E+01
   .24000000E+00  .10557976E+01
   .28000000E+00  .10399935E+01
   .32000000E+00  .10240394E+01
   .36000000E+00  .10079315E+01
   .40000000E+00  .99166635E+00
   .44000000E+00  .97524020E+00
   .48000000E+00  .95864918E+00
   .52000000E+00  .94188929E+00
   .56000000E+00  .92495640E+00
   .60000000E+00  .90784621E+00
   .64000000E+00  .89055427E+00
   .68000000E+00  .87307599E+00
   .72000000E+00  .85540657E+00
   .76000000E+00  .83754106E+00
   .80000000E+00  .81947431E+00
   .84000000E+00  .80120097E+00
   .88000000E+00  .78271549E+00
   .92000000E+00  .76401209E+00
   .96000000E+00  .74508478E+00
   .10000000E+01  .72592731E+00
   .10400000E+01  .70653318E+00
   .10800000E+01  .68689565E+00
   .11200000E+01  .66700766E+00
   .11600000E+01  .64686188E+00
   .12000000E+01  .62645066E+00
   .12400000E+01  .60576602E+00
   .12800000E+01  .58479964E+00
   .13200000E+01  .56354284E+00
   .13600000E+01  .54198652E+00
   .14000000E+01  .52012122E+00
   .14400000E+01  .49793700E+00
   .14800000E+01  .47542351E+00
   .15200000E+01  .45256986E+00
   .15600000E+01  .42936467E+00
   .16000000E+01  .40579607E+00
   .16400000E+01  .38185152E+00
   .16800000E+01  .35751792E+00
   .17200000E+01  .33278148E+00
   .17600000E+01  .30762776E+00
   .18000000E+01  .28204158E+00
   .18400000E+01  .25600687E+00
   .18800000E+01  .22950682E+00
   .19200000E+01  .20252371E+00
   .19600000E+01  .17503881E+00
   .20000000E+01  .14703241E+00
KBPotential  L  =      4.00000    .00000
  -.20000000E+01  .21119650E+01
  -.19600000E+01  .21030010E+01
  -.19200000E+01  .20940048E+01
  -.18800000E+01  .20849759E+01
  -.18400000E+01  .20759141E+01
  -.18000000E+01  .20668189E+01
  -.17600000E+01  .20576902E+01
  -.17200000E+01  .20485276E+01
  -.16800000E+01  .20393307E+01
  -.16400000E+01  .20300991E+01
  -.16000000E+01  .20208326E+01
  -.15600000E+01  .20115307E+01
  -.15200000E+01  .20021932E+01
  -.14800000E+01  .19928196E+01
  -.14400000E+01  .19834096E+01
  -.14000000E+01  .19739627E+01
  -.13600000E+01  .19644787E+01
  -.13200000E+01  .19549570E+01
  -.12800000E+01  .19453974E+01
  -.12400000E+01  .19357994E+01
  -.12000000E+01  .19261626E+01
  -.11600000E+01  .19164865E+01
  -.11200000E+01  .19067708E+01
  -.10800000E+01  .18970150E+01
  -.10400000E+01  .18872187E+01
  -.10000000E+01  .18773814E+01
  -.96000000E+00  .18675027E+01
  -.92000000E+00  .18575821E+01
  -.88000000E+00  .18476192E+01
  -.84000000E+00  .18376134E+01
  -.80000000E+00  .18275643E+01
  -.76000000E+00  .18174713E+01
  -.72000000E+00  .18073341E+01
  -.68000000E+00  .17971520E+01
  -.64000000E+00  .17869245E+01
  -.60000000E+00  .17766512E+01
  -.56000000E+00  .17663314E+01
  -.52000000E+00  .17559647E+01
  -.48000000E+00  .17455504E+01
  -.44000000E+00  .17350880E+01
  -.40000000E+00  .17245769E+01
  -.36000000E+00  .17140166E+01
  -.32000000E+00  .17034063E+01
  -.28000000E+00  .16927456E+01
  -.24000000E+00  .16820337E+01
  -.20000000E+00  .16712701E+01
  -.16000000E+00  .16604541E+01
  -.12000000E+00  .16495850E+01
  -.80000000E-01  .16386621E+01
  -.40000000E-01  .16276849E+01
   .12351231E-14  .16166524E+01
   .40000000E-01  .16055642E+01
   .80000000E-01  .15944194E+01
   .12000000E+00  .15832172E+01
   .16000000E+00  .15719570E+01
   .20000000E+00  .15606380E+01
   .24000000E+00  .15492593E+01
   .28000000E+00  .15378201E+01
   .32000000E+00  .15263198E+01
   .36000000E+00  .15147573E+01
   .40000000E+00  .15031319E+01
   .44000000E+00  .14914426E+01
   .48000000E+00  .14796887E+01
   .52000000E+00  .14678692E+01
   .56000000E+00  .14559831E+01
   .60000000E+00  .14440295E+01
   .64000000E+00  .14320075E+01
   .68000000E+00  .14199160E+01
   .72000000E+00  .14077541E+01
   .76000000E+00  .13955207E+01
   .80000000E+00  .13832147E+01
   .84000000E+00  .13708352E+01
   .88000000E+00  .13583809E+01
   .92000000E+00  .13458508E+01
   .96000000E+00  .13332437E+01
   .10000000E+01  .13205584E+01
   .10400000E+01  .13077938E+01
   .10800000E+01  .12949485E+01
   .11200000E+01  .12820214E+01
   .11600000E+01  .12690112E+01
   .12000000E+01  .12559165E+01
   .12400000E+01  .12427359E+01
   .12800000E+01  .12294682E+01
   .13200000E+01  .12161118E+01
   .13600000E+01  .12026654E+01
   .14000000E+01  .11891274E+01
   .14400000E+01  .11754963E+01
   .14800000E+01  .11617707E+01
   .15200000E+01  .11479488E+01
   .15600000E+01  .11340290E+01
   .16000000E+01  .11200097E+01
   .16400000E+01  .11058892E+01
   .16800000E+01  .10916656E+01
   .17200000E+01  .10773372E+01
   .17600000E+01  .10629021E+01
   .18000000E+01  .10483584E+01
   .18400000E+01  .10337042E+01
   .18800000E+01  .10189374E+01
   .19200000E+01  .10040560E+01
   .19600000E+01  .98905796E+00
   .20000000E+01  .97394097E+00
