Rh: s1 d8                               
   12  45.   .002000 102.90550 125.   .50E-05 .100  200FCA 36.00000
   .7  1.0   0
  1.0   .0   .5-1683.6389 2.0000
  2.0   .0   .5 -244.4058 2.0000
  2.0  1.0  1.5 -219.4064 6.0000
  3.0   .0   .5  -43.6527 2.0000
  3.0  1.0  1.5  -35.3998 6.0000
  3.0  2.0  2.5  -22.113510.0000
  4.0   .0   .5   -6.0470 2.0000
  4.0  1.0   .5   -3.7067 6.0000
  4.0  2.0  2.5    -.4529 8.0000
  5.0   .0   .5    -.3363 1.0000
  5.0  1.0  1.5    -.1000  .0000
  4.0  3.0  2.5    -.1000  .0000
