  PAW P                                  
 100
Core Pot   L  =         .00000  -1.02961
  -.20000000E+01  .60342350E+00
  -.19600000E+01  .57245298E+00
  -.19200000E+01  .54058741E+00
  -.18800000E+01  .50777291E+00
  -.18400000E+01  .47395107E+00
  -.18000000E+01  .43905842E+00
  -.17600000E+01  .40302590E+00
  -.17200000E+01  .36577818E+00
  -.16800000E+01  .32723296E+00
  -.16400000E+01  .28730018E+00
  -.16000000E+01  .24588097E+00
  -.15600000E+01  .20286669E+00
  -.15200000E+01  .15813754E+00
  -.14800000E+01  .11156120E+00
  -.14400000E+01  .62991081E-01
  -.14000000E+01  .12264370E-01
  -.13600000E+01 -.40800294E-01
  -.13200000E+01 -.96405535E-01
  -.12800000E+01 -.15477847E+00
  -.12400000E+01 -.21617452E+00
  -.12000000E+01 -.28088196E+00
  -.11600000E+01 -.34922744E+00
  -.11200000E+01 -.42158250E+00
  -.10800000E+01 -.49837166E+00
  -.10400000E+01 -.58008218E+00
  -.10000000E+01 -.66727611E+00
  -.96000000E+00 -.76060522E+00
  -.92000000E+00 -.86082968E+00
  -.88000000E+00 -.96884159E+00
  -.84000000E+00 -.10856949E+01
  -.80000000E+00 -.12126438E+01
  -.76000000E+00 -.13511929E+01
  -.72000000E+00 -.15031628E+01
  -.68000000E+00 -.16707779E+01
  -.64000000E+00 -.18567846E+01
  -.60000000E+00 -.20646144E+01
  -.56000000E+00 -.22986115E+01
  -.52000000E+00 -.25643580E+01
  -.48000000E+00 -.28691491E+01
  -.44000000E+00 -.32227042E+01
  -.40000000E+00 -.36382655E+01
  -.36000000E+00 -.41343538E+01
  -.32000000E+00 -.47376888E+01
  -.28000000E+00 -.54882922E+01
  -.24000000E+00 -.64489409E+01
  -.20000000E+00 -.77240209E+01
  -.16000000E+00 -.95008470E+01
  -.12000000E+00 -.12152428E+02
  -.80000000E-01 -.16543396E+02
  -.40000000E-01 -.25237980E+02
   .12351231E-14 -.50711346E+02
   .40000000E-01 -.15349063E+04
   .80000000E-01  .56633066E+02
   .12000000E+00  .28347558E+02
   .16000000E+00  .19132475E+02
   .20000000E+00  .14559024E+02
   .24000000E+00  .11822603E+02
   .28000000E+00  .99992854E+01
   .32000000E+00  .86957483E+01
   .36000000E+00  .77161917E+01
   .40000000E+00  .69521764E+01
   .44000000E+00  .63387904E+01
   .48000000E+00  .58348006E+01
   .52000000E+00  .54127583E+01
   .56000000E+00  .50536829E+01
   .60000000E+00  .47440299E+01
   .64000000E+00  .44738750E+01
   .68000000E+00  .42357800E+01
   .72000000E+00  .40240602E+01
   .76000000E+00  .38342964E+01
   .80000000E+00  .36630013E+01
   .84000000E+00  .35073857E+01
   .88000000E+00  .33651926E+01
   .92000000E+00  .32345758E+01
   .96000000E+00  .31140102E+01
   .10000000E+01  .30022252E+01
   .10400000E+01  .28981535E+01
   .10800000E+01  .28008920E+01
   .11200000E+01  .27096713E+01
   .11600000E+01  .26238319E+01
   .12000000E+01  .25428050E+01
   .12400000E+01  .24660978E+01
   .12800000E+01  .23932807E+01
   .13200000E+01  .23239777E+01
   .13600000E+01  .22578582E+01
   .14000000E+01  .21946304E+01
   .14400000E+01  .21340356E+01
   .14800000E+01  .20758436E+01
   .15200000E+01  .20198491E+01
   .15600000E+01  .19658680E+01
   .16000000E+01  .19137349E+01
   .16400000E+01  .18633010E+01
   .16800000E+01  .18144315E+01
   .17200000E+01  .17670043E+01
   .17600000E+01  .17209086E+01
   .18000000E+01  .16760434E+01
   .18400000E+01  .16323164E+01
   .18800000E+01  .15896431E+01
   .19200000E+01  .15479461E+01
   .19600000E+01  .15071541E+01
   .20000000E+01  .14672015E+01
Potential  L  =         .00000  -1.02961
  -.20000000E+01  .69637860E+00
  -.19600000E+01  .66690958E+00
  -.19200000E+01  .63649472E+00
  -.18800000E+01  .60506519E+00
  -.18400000E+01  .57254494E+00
  -.18000000E+01  .53884974E+00
  -.17600000E+01  .50388604E+00
  -.17200000E+01  .46754964E+00
  -.16800000E+01  .42972414E+00
  -.16400000E+01  .39027880E+00
  -.16000000E+01  .34906693E+00
  -.15600000E+01  .30592263E+00
  -.15200000E+01  .26065789E+00
  -.14800000E+01  .21305873E+00
  -.14400000E+01  .16288048E+00
  -.14000000E+01  .10984210E+00
  -.13600000E+01  .53619070E-01
  -.13200000E+01 -.61653456E-02
  -.12800000E+01 -.69951072E-01
  -.12400000E+01 -.13825511E+00
  -.12000000E+01 -.21168921E+00
  -.11600000E+01 -.29098271E+00
  -.11200000E+01 -.37701222E+00
  -.10800000E+01 -.47084090E+00
  -.10400000E+01 -.57377088E+00
  -.10000000E+01 -.68741453E+00
  -.96000000E+00 -.81379283E+00
  -.92000000E+00 -.95547364E+00
  -.88000000E+00 -.11157703E+01
  -.84000000E+00 -.12990334E+01
  -.80000000E+00 -.15110916E+01
  -.76000000E+00 -.17599376E+01
  -.72000000E+00 -.20568357E+01
  -.68000000E+00 -.24181869E+01
  -.64000000E+00 -.28688342E+01
  -.60000000E+00 -.34482979E+01
  -.56000000E+00 -.42234932E+01
  -.52000000E+00 -.53174456E+01
  -.48000000E+00 -.69837063E+01
  -.44000000E+00 -.98419490E+01
  -.40000000E+00 -.15912157E+02
  -.36000000E+00 -.37706396E+02
  -.32000000E+00  .12995663E+03
  -.28000000E+00  .24949066E+02
  -.24000000E+00  .14108186E+02
  -.20000000E+00  .99698991E+01
  -.16000000E+00  .77803797E+01
  -.12000000E+00  .64216799E+01
  -.80000000E-01  .54936451E+01
  -.40000000E-01  .48175071E+01
   .12351231E-14  .43013835E+01
   .40000000E-01  .38932098E+01
   .80000000E-01  .35612777E+01
   .12000000E+00  .32851720E+01
   .16000000E+00  .30511531E+01
   .20000000E+00  .28496344E+01
   .24000000E+00  .26737228E+01
   .28000000E+00  .25183347E+01
   .32000000E+00  .23796379E+01
   .36000000E+00  .22546890E+01
   .40000000E+00  .21411901E+01
   .44000000E+00  .20373164E+01
   .48000000E+00  .19416080E+01
   .52000000E+00  .18528786E+01
   .56000000E+00  .17701494E+01
   .60000000E+00  .16926132E+01
   .64000000E+00  .16195940E+01
   .68000000E+00  .15505218E+01
   .72000000E+00  .14849126E+01
   .76000000E+00  .14223521E+01
   .80000000E+00  .13624840E+01
   .84000000E+00  .13049995E+01
   .88000000E+00  .12496294E+01
   .92000000E+00  .11961380E+01
   .96000000E+00  .11443178E+01
   .10000000E+01  .10939849E+01
   .10400000E+01  .10449759E+01
   .10800000E+01  .99714451E+00
   .11200000E+01  .95035959E+00
   .11600000E+01  .90450270E+00
   .12000000E+01  .85946655E+00
   .12400000E+01  .81515344E+00
   .12800000E+01  .77147404E+00
   .13200000E+01  .72834630E+00
   .13600000E+01  .68569451E+00
   .14000000E+01  .64344849E+00
   .14400000E+01  .60154289E+00
   .14800000E+01  .55991648E+00
   .15200000E+01  .51851200E+00
   .15600000E+01  .47727508E+00
   .16000000E+01  .43615424E+00
   .16400000E+01  .39510038E+00
   .16800000E+01  .35406647E+00
   .17200000E+01  .31300720E+00
   .17600000E+01  .27187877E+00
   .18000000E+01  .23063857E+00
   .18400000E+01  .18924511E+00
   .18800000E+01  .14765718E+00
   .19200000E+01  .10583463E+00
   .19600000E+01  .63737481E-01
   .20000000E+01  .21325938E-01
Core Pot   L  =        1.00000   -.41186
  -.20000000E+01  .10004920E+01
  -.19600000E+01  .98049147E+00
  -.19200000E+01  .96016946E+00
  -.18800000E+01  .93951374E+00
  -.18400000E+01  .91851140E+00
  -.18000000E+01  .89714882E+00
  -.17600000E+01  .87541163E+00
  -.17200000E+01  .85328459E+00
  -.16800000E+01  .83075161E+00
  -.16400000E+01  .80779564E+00
  -.16000000E+01  .78439859E+00
  -.15600000E+01  .76054127E+00
  -.15200000E+01  .73620331E+00
  -.14800000E+01  .71136303E+00
  -.14400000E+01  .68599739E+00
  -.14000000E+01  .66008180E+00
  -.13600000E+01  .63359009E+00
  -.13200000E+01  .60649427E+00
  -.12800000E+01  .57876446E+00
  -.12400000E+01  .55036865E+00
  -.12000000E+01  .52127258E+00
  -.11600000E+01  .49143948E+00
  -.11200000E+01  .46082986E+00
  -.10800000E+01  .42940123E+00
  -.10400000E+01  .39710784E+00
  -.10000000E+01  .36390035E+00
  -.96000000E+00  .32972543E+00
  -.92000000E+00  .29452542E+00
  -.88000000E+00  .25823780E+00
  -.84000000E+00  .22079471E+00
  -.80000000E+00  .18212238E+00
  -.76000000E+00  .14214040E+00
  -.72000000E+00  .10076103E+00
  -.68000000E+00  .57888315E-01
  -.64000000E+00  .13417059E-01
  -.60000000E+00 -.32768262E-01
  -.56000000E+00 -.80794837E-01
  -.52000000E+00 -.13080302E+00
  -.48000000E+00 -.18294811E+00
  -.44000000E+00 -.23740235E+00
  -.40000000E+00 -.29435737E+00
  -.36000000E+00 -.35402693E+00
  -.32000000E+00 -.41665030E+00
  -.28000000E+00 -.48249611E+00
  -.24000000E+00 -.55186705E+00
  -.20000000E+00 -.62510545E+00
  -.16000000E+00 -.70259998E+00
  -.12000000E+00 -.78479379E+00
  -.80000000E-01 -.87219441E+00
  -.40000000E-01 -.96538591E+00
   .12351231E-14 -.10650439E+01
   .40000000E-01 -.11719541E+01
   .80000000E-01 -.12870360E+01
   .12000000E+00 -.14113724E+01
   .16000000E+00 -.15462475E+01
   .20000000E+00 -.16931957E+01
   .24000000E+00 -.18540664E+01
   .28000000E+00 -.20311082E+01
   .32000000E+00 -.22270841E+01
   .36000000E+00 -.24454261E+01
   .40000000E+00 -.26904522E+01
   .44000000E+00 -.29676708E+01
   .48000000E+00 -.32842224E+01
   .52000000E+00 -.36495320E+01
   .56000000E+00 -.40763020E+01
   .60000000E+00 -.45820734E+01
   .64000000E+00 -.51917712E+01
   .68000000E+00 -.59420482E+01
   .72000000E+00 -.68891018E+01
   .76000000E+00 -.81237055E+01
   .80000000E+00 -.98026351E+01
   .84000000E+00 -.12221986E+02
   .88000000E+00 -.16016132E+02
   .92000000E+00 -.22833966E+02
   .96000000E+00 -.38717975E+02
   .10000000E+01 -.11793679E+03
   .10400000E+01  .12041632E+03
   .10800000E+01  .40697650E+02
   .11200000E+01  .24773367E+02
   .11600000E+01  .17944072E+02
   .12000000E+01  .14144798E+02
   .12400000E+01  .11722409E+02
   .12800000E+01  .10041266E+02
   .13200000E+01  .88047918E+01
   .13600000E+01  .78559921E+01
   .14000000E+01  .71039843E+01
   .14400000E+01  .64925107E+01
   .14800000E+01  .59848833E+01
   .15200000E+01  .55561549E+01
   .15600000E+01  .51887703E+01
   .16000000E+01  .48700170E+01
   .16400000E+01  .45904634E+01
   .16800000E+01  .43429638E+01
   .17200000E+01  .41220058E+01
   .17600000E+01  .39232686E+01
   .18000000E+01  .37433175E+01
   .18400000E+01  .35793875E+01
   .18800000E+01  .34292280E+01
   .19200000E+01  .32909881E+01
   .19600000E+01  .31631317E+01
   .20000000E+01  .30443734E+01
Potential  L  =        1.00000   -.41186
  -.20000000E+01  .10202806E+01
  -.19600000E+01  .10005597E+01
  -.19200000E+01  .98051615E+00
  -.18800000E+01  .96013697E+00
  -.18400000E+01  .93940853E+00
  -.18000000E+01  .91831639E+00
  -.17600000E+01  .89684523E+00
  -.17200000E+01  .87497880E+00
  -.16800000E+01  .85269982E+00
  -.16400000E+01  .82998993E+00
  -.16000000E+01  .80682958E+00
  -.15600000E+01  .78319796E+00
  -.15200000E+01  .75907285E+00
  -.14800000E+01  .73443052E+00
  -.14400000E+01  .70924562E+00
  -.14000000E+01  .68349100E+00
  -.13600000E+01  .65713758E+00
  -.13200000E+01  .63015412E+00
  -.12800000E+01  .60250709E+00
  -.12400000E+01  .57416040E+00
  -.12000000E+01  .54507515E+00
  -.11600000E+01  .51520937E+00
  -.11200000E+01  .48451769E+00
  -.10800000E+01  .45295101E+00
  -.10400000E+01  .42045612E+00
  -.10000000E+01  .38697507E+00
  -.96000000E+00  .35244503E+00
  -.92000000E+00  .31679733E+00
  -.88000000E+00  .27995703E+00
  -.84000000E+00  .24184207E+00
  -.80000000E+00  .20236244E+00
  -.76000000E+00  .16141918E+00
  -.72000000E+00  .11890325E+00
  -.68000000E+00  .74694166E-01
  -.64000000E+00  .28658479E-01
  -.60000000E+00 -.19352018E-01
  -.56000000E+00 -.69502412E-01
  -.52000000E+00 -.12197714E+00
  -.48000000E+00 -.17698294E+00
  -.44000000E+00 -.23475229E+00
  -.40000000E+00 -.29554762E+00
  -.36000000E+00 -.35966625E+00
  -.32000000E+00 -.42744643E+00
  -.28000000E+00 -.49927466E+00
  -.24000000E+00 -.57559457E+00
  -.20000000E+00 -.65691798E+00
  -.16000000E+00 -.74383848E+00
  -.12000000E+00 -.83704851E+00
  -.80000000E-01 -.93736080E+00
  -.40000000E-01 -.10457358E+01
   .12351231E-14 -.11633167E+01
   .40000000E-01 -.12914752E+01
   .80000000E-01 -.14318719E+01
   .12000000E+00 -.15865362E+01
   .16000000E+00 -.17579748E+01
   .20000000E+00 -.19493212E+01
   .24000000E+00 -.21645446E+01
   .28000000E+00 -.24087482E+01
   .32000000E+00 -.26886059E+01
   .36000000E+00 -.30130168E+01
   .40000000E+00 -.33941170E+01
   .44000000E+00 -.38488995E+01
   .48000000E+00 -.44019129E+01
   .52000000E+00 -.50899879E+01
   .56000000E+00 -.59710157E+01
   .60000000E+00 -.71415134E+01
   .64000000E+00 -.87752895E+01
   .68000000E+00 -.11220180E+02
   .72000000E+00 -.15288588E+02
   .76000000E+00 -.23421850E+02
   .80000000E+00 -.47876439E+02
   .84000000E+00  .95619079E+04
   .88000000E+00  .49116547E+02
   .92000000E+00  .25030863E+02
   .96000000E+00  .16965495E+02
   .10000000E+01  .12920353E+02
   .10400000E+01  .10485684E+02
   .10800000E+01  .88568811E+01
   .11200000E+01  .76887773E+01
   .11600000E+01  .68086792E+01
   .12000000E+01  .61206022E+01
   .12400000E+01  .55669352E+01
   .12800000E+01  .51110063E+01
   .13200000E+01  .47283617E+01
   .13600000E+01  .44020684E+01
   .14000000E+01  .41200289E+01
   .14400000E+01  .38733703E+01
   .14800000E+01  .36554364E+01
   .15200000E+01  .34611363E+01
   .15600000E+01  .32865097E+01
   .16000000E+01  .31284290E+01
   .16400000E+01  .29843919E+01
   .16800000E+01  .28523718E+01
   .17200000E+01  .27307101E+01
   .17600000E+01  .26180361E+01
   .18000000E+01  .25132071E+01
   .18400000E+01  .24152628E+01
   .18800000E+01  .23233899E+01
   .19200000E+01  .22368954E+01
   .19600000E+01  .21551847E+01
   .20000000E+01  .20777446E+01
Core Pot   L  =        2.00000   -.50000
  -.20000000E+01  .14236171E+01
  -.19600000E+01  .14097161E+01
  -.19200000E+01  .13956898E+01
  -.18800000E+01  .13815354E+01
  -.18400000E+01  .13672495E+01
  -.18000000E+01  .13528290E+01
  -.17600000E+01  .13382703E+01
  -.17200000E+01  .13235701E+01
  -.16800000E+01  .13087245E+01
  -.16400000E+01  .12937298E+01
  -.16000000E+01  .12785821E+01
  -.15600000E+01  .12632771E+01
  -.15200000E+01  .12478105E+01
  -.14800000E+01  .12321780E+01
  -.14400000E+01  .12163748E+01
  -.14000000E+01  .12003961E+01
  -.13600000E+01  .11842368E+01
  -.13200000E+01  .11678915E+01
  -.12800000E+01  .11513549E+01
  -.12400000E+01  .11346210E+01
  -.12000000E+01  .11176839E+01
  -.11600000E+01  .11005373E+01
  -.11200000E+01  .10831746E+01
  -.10800000E+01  .10655888E+01
  -.10400000E+01  .10477728E+01
  -.10000000E+01  .10297189E+01
  -.96000000E+00  .10114192E+01
  -.92000000E+00  .99286541E+00
  -.88000000E+00  .97404867E+00
  -.84000000E+00  .95495981E+00
  -.80000000E+00  .93558914E+00
  -.76000000E+00  .91592648E+00
  -.72000000E+00  .89596108E+00
  -.68000000E+00  .87568163E+00
  -.64000000E+00  .85507620E+00
  -.60000000E+00  .83413221E+00
  -.56000000E+00  .81283634E+00
  -.52000000E+00  .79117452E+00
  -.48000000E+00  .76913188E+00
  -.44000000E+00  .74669265E+00
  -.40000000E+00  .72384012E+00
  -.36000000E+00  .70055655E+00
  -.32000000E+00  .67682312E+00
  -.28000000E+00  .65261980E+00
  -.24000000E+00  .62792528E+00
  -.20000000E+00  .60271687E+00
  -.16000000E+00  .57697036E+00
  -.12000000E+00  .55065990E+00
  -.80000000E-01  .52375787E+00
  -.40000000E-01  .49623470E+00
   .12351231E-14  .46805870E+00
   .40000000E-01  .43919589E+00
   .80000000E-01  .40960976E+00
   .12000000E+00  .37926102E+00
   .16000000E+00  .34810735E+00
   .20000000E+00  .31610310E+00
   .24000000E+00  .28319894E+00
   .28000000E+00  .24934146E+00
   .32000000E+00  .21447279E+00
   .36000000E+00  .17853008E+00
   .40000000E+00  .14144494E+00
   .44000000E+00  .10314285E+00
   .48000000E+00  .63542424E-01
   .52000000E+00  .22554607E-01
   .56000000E+00 -.19918260E-01
   .60000000E+00 -.63983515E-01
   .64000000E+00 -.10975940E+00
   .68000000E+00 -.15737648E+00
   .72000000E+00 -.20697933E+00
   .76000000E+00 -.25872846E+00
   .80000000E+00 -.31280256E+00
   .84000000E+00 -.36940117E+00
   .88000000E+00 -.42874785E+00
   .92000000E+00 -.49109387E+00
   .96000000E+00 -.55672270E+00
   .10000000E+01 -.62595532E+00
   .10400000E+01 -.69915666E+00
   .10800000E+01 -.77674340E+00
   .11200000E+01 -.85919352E+00
   .11600000E+01 -.94705798E+00
   .12000000E+01 -.10409753E+01
   .12400000E+01 -.11416896E+01
   .12800000E+01 -.12500734E+01
   .13200000E+01 -.13671569E+01
   .13600000E+01 -.14941646E+01
   .14000000E+01 -.16325644E+01
   .14400000E+01 -.17841304E+01
   .14800000E+01 -.19510277E+01
   .15200000E+01 -.21359263E+01
   .15600000E+01 -.23421573E+01
   .16000000E+01 -.25739314E+01
   .16400000E+01 -.28366499E+01
   .16800000E+01 -.31373573E+01
   .17200000E+01 -.34854175E+01
   .17600000E+01 -.38935553E+01
   .18000000E+01 -.43795119E+01
   .18400000E+01 -.49687881E+01
   .18800000E+01 -.56994076E+01
   .19200000E+01 -.66306803E+01
   .19600000E+01 -.78605228E+01
   .20000000E+01 -.95629773E+01
Potential  L  =        2.00000   -.50000
  -.20000000E+01  .14245404E+01
  -.19600000E+01  .14106179E+01
  -.19200000E+01  .13965697E+01
  -.18800000E+01  .13823927E+01
  -.18400000E+01  .13680836E+01
  -.18000000E+01  .13536393E+01
  -.17600000E+01  .13390564E+01
  -.17200000E+01  .13243312E+01
  -.16800000E+01  .13094602E+01
  -.16400000E+01  .12944395E+01
  -.16000000E+01  .12792653E+01
  -.15600000E+01  .12639333E+01
  -.15200000E+01  .12484393E+01
  -.14800000E+01  .12327789E+01
  -.14400000E+01  .12169474E+01
  -.14000000E+01  .12009400E+01
  -.13600000E+01  .11847517E+01
  -.13200000E+01  .11683772E+01
  -.12800000E+01  .11518111E+01
  -.12400000E+01  .11350477E+01
  -.12000000E+01  .11180810E+01
  -.11600000E+01  .11009048E+01
  -.11200000E+01  .10835126E+01
  -.10800000E+01  .10658977E+01
  -.10400000E+01  .10480528E+01
  -.10000000E+01  .10299705E+01
  -.96000000E+00  .10116431E+01
  -.92000000E+00  .99306241E+00
  -.88000000E+00  .97421978E+00
  -.84000000E+00  .95510624E+00
  -.80000000E+00  .93571235E+00
  -.76000000E+00  .91602816E+00
  -.72000000E+00  .89604324E+00
  -.68000000E+00  .87574659E+00
  -.64000000E+00  .85512663E+00
  -.60000000E+00  .83417119E+00
  -.56000000E+00  .81286736E+00
  -.52000000E+00  .79120159E+00
  -.48000000E+00  .76915953E+00
  -.44000000E+00  .74672602E+00
  -.40000000E+00  .72388501E+00
  -.36000000E+00  .70061953E+00
  -.32000000E+00  .67691157E+00
  -.28000000E+00  .65274203E+00
  -.24000000E+00  .62809062E+00
  -.20000000E+00  .60293580E+00
  -.16000000E+00  .57725464E+00
  -.12000000E+00  .55102271E+00
  -.80000000E-01  .52421397E+00
  -.40000000E-01  .49680064E+00
   .12351231E-14  .46875302E+00
   .40000000E-01  .44003937E+00
   .80000000E-01  .41062565E+00
   .12000000E+00  .38047537E+00
   .16000000E+00  .34954939E+00
   .20000000E+00  .31780559E+00
   .24000000E+00  .28519862E+00
   .28000000E+00  .25167960E+00
   .32000000E+00  .21719573E+00
   .36000000E+00  .18168994E+00
   .40000000E+00  .14510037E+00
   .44000000E+00  .10735994E+00
   .48000000E+00  .68395706E-01
   .52000000E+00  .28128254E-01
   .56000000E+00 -.13529049E-01
   .60000000E+00 -.56670920E-01
   .64000000E+00 -.10140109E+00
   .68000000E+00 -.14783345E+00
   .72000000E+00 -.19609330E+00
   .76000000E+00 -.24631881E+00
   .80000000E+00 -.29866278E+00
   .84000000E+00 -.35329456E+00
   .88000000E+00 -.41040241E+00
   .92000000E+00 -.47019621E+00
   .96000000E+00 -.53291063E+00
   .10000000E+01 -.59880898E+00
   .10400000E+01 -.66818764E+00
   .10800000E+01 -.74138153E+00
   .11200000E+01 -.81877046E+00
   .11600000E+01 -.90078708E+00
   .12000000E+01 -.98792628E+00
   .12400000E+01 -.10807569E+01
   .12800000E+01 -.11799360E+01
   .13200000E+01 -.12862268E+01
   .13600000E+01 -.14005210E+01
   .14000000E+01 -.15238670E+01
   .14400000E+01 -.16575056E+01
   .14800000E+01 -.18029171E+01
   .15200000E+01 -.19618814E+01
   .15600000E+01 -.21365577E+01
   .16000000E+01 -.23295920E+01
   .16400000E+01 -.25442619E+01
   .16800000E+01 -.27846774E+01
   .17200000E+01 -.30560629E+01
   .17600000E+01 -.33651625E+01
   .18000000E+01 -.37208364E+01
   .18400000E+01 -.41349608E+01
   .18800000E+01 -.46238314E+01
   .19200000E+01 -.52104299E+01
   .19600000E+01 -.59282453E+01
   .20000000E+01 -.68280541E+01
Core Pot   L  =        3.00000    .00000
  -.20000000E+01  .18634905E+01
  -.19600000E+01  .18533396E+01
  -.19200000E+01  .18431423E+01
  -.18800000E+01  .18328979E+01
  -.18400000E+01  .18226059E+01
  -.18000000E+01  .18122658E+01
  -.17600000E+01  .18018768E+01
  -.17200000E+01  .17914384E+01
  -.16800000E+01  .17809500E+01
  -.16400000E+01  .17704109E+01
  -.16000000E+01  .17598205E+01
  -.15600000E+01  .17491781E+01
  -.15200000E+01  .17384830E+01
  -.14800000E+01  .17277346E+01
  -.14400000E+01  .17169321E+01
  -.14000000E+01  .17060749E+01
  -.13600000E+01  .16951622E+01
  -.13200000E+01  .16841932E+01
  -.12800000E+01  .16731673E+01
  -.12400000E+01  .16620835E+01
  -.12000000E+01  .16509412E+01
  -.11600000E+01  .16397396E+01
  -.11200000E+01  .16284777E+01
  -.10800000E+01  .16171548E+01
  -.10400000E+01  .16057700E+01
  -.10000000E+01  .15943225E+01
  -.96000000E+00  .15828112E+01
  -.92000000E+00  .15712354E+01
  -.88000000E+00  .15595940E+01
  -.84000000E+00  .15478862E+01
  -.80000000E+00  .15361109E+01
  -.76000000E+00  .15242671E+01
  -.72000000E+00  .15123538E+01
  -.68000000E+00  .15003701E+01
  -.64000000E+00  .14883147E+01
  -.60000000E+00  .14761866E+01
  -.56000000E+00  .14639848E+01
  -.52000000E+00  .14517079E+01
  -.48000000E+00  .14393550E+01
  -.44000000E+00  .14269247E+01
  -.40000000E+00  .14144159E+01
  -.36000000E+00  .14018273E+01
  -.32000000E+00  .13891576E+01
  -.28000000E+00  .13764055E+01
  -.24000000E+00  .13635697E+01
  -.20000000E+00  .13506487E+01
  -.16000000E+00  .13376412E+01
  -.12000000E+00  .13245457E+01
  -.80000000E-01  .13113607E+01
  -.40000000E-01  .12980847E+01
   .12351231E-14  .12847162E+01
   .40000000E-01  .12712534E+01
   .80000000E-01  .12576949E+01
   .12000000E+00  .12440389E+01
   .16000000E+00  .12302837E+01
   .20000000E+00  .12164274E+01
   .24000000E+00  .12024684E+01
   .28000000E+00  .11884046E+01
   .32000000E+00  .11742343E+01
   .36000000E+00  .11599554E+01
   .40000000E+00  .11455658E+01
   .44000000E+00  .11310636E+01
   .48000000E+00  .11164466E+01
   .52000000E+00  .11017125E+01
   .56000000E+00  .10868592E+01
   .60000000E+00  .10718842E+01
   .64000000E+00  .10567853E+01
   .68000000E+00  .10415598E+01
   .72000000E+00  .10262054E+01
   .76000000E+00  .10107194E+01
   .80000000E+00  .99509913E+00
   .84000000E+00  .97934180E+00
   .88000000E+00  .96344457E+00
   .92000000E+00  .94740452E+00
   .96000000E+00  .93121863E+00
   .10000000E+01  .91488377E+00
   .10400000E+01  .89839675E+00
   .10800000E+01  .88175424E+00
   .11200000E+01  .86495283E+00
   .11600000E+01  .84798899E+00
   .12000000E+01  .83085908E+00
   .12400000E+01  .81355935E+00
   .12800000E+01  .79608591E+00
   .13200000E+01  .77843475E+00
   .13600000E+01  .76060174E+00
   .14000000E+01  .74258258E+00
   .14400000E+01  .72437285E+00
   .14800000E+01  .70596797E+00
   .15200000E+01  .68736320E+00
   .15600000E+01  .66855363E+00
   .16000000E+01  .64953418E+00
   .16400000E+01  .63029961E+00
   .16800000E+01  .61084445E+00
   .17200000E+01  .59116307E+00
   .17600000E+01  .57124961E+00
   .18000000E+01  .55109799E+00
   .18400000E+01  .53070193E+00
   .18800000E+01  .51005489E+00
   .19200000E+01  .48915007E+00
   .19600000E+01  .46798044E+00
   .20000000E+01  .44653867E+00
Potential  L  =        3.00000    .00000
  -.20000000E+01  .18652054E+01
  -.19600000E+01  .18550577E+01
  -.19200000E+01  .18448634E+01
  -.18800000E+01  .18346218E+01
  -.18400000E+01  .18243324E+01
  -.18000000E+01  .18139946E+01
  -.17600000E+01  .18036077E+01
  -.17200000E+01  .17931712E+01
  -.16800000E+01  .17826844E+01
  -.16400000E+01  .17721466E+01
  -.16000000E+01  .17615573E+01
  -.15600000E+01  .17509157E+01
  -.15200000E+01  .17402211E+01
  -.14800000E+01  .17294728E+01
  -.14400000E+01  .17186702E+01
  -.14000000E+01  .17078124E+01
  -.13600000E+01  .16968988E+01
  -.13200000E+01  .16859286E+01
  -.12800000E+01  .16749010E+01
  -.12400000E+01  .16638153E+01
  -.12000000E+01  .16526705E+01
  -.11600000E+01  .16414660E+01
  -.11200000E+01  .16302008E+01
  -.10800000E+01  .16188740E+01
  -.10400000E+01  .16074849E+01
  -.10000000E+01  .15960325E+01
  -.96000000E+00  .15845159E+01
  -.92000000E+00  .15729341E+01
  -.88000000E+00  .15612863E+01
  -.84000000E+00  .15495713E+01
  -.80000000E+00  .15377883E+01
  -.76000000E+00  .15259361E+01
  -.72000000E+00  .15140138E+01
  -.68000000E+00  .15020203E+01
  -.64000000E+00  .14899544E+01
  -.60000000E+00  .14778151E+01
  -.56000000E+00  .14656012E+01
  -.52000000E+00  .14533115E+01
  -.48000000E+00  .14409448E+01
  -.44000000E+00  .14284999E+01
  -.40000000E+00  .14159755E+01
  -.36000000E+00  .14033704E+01
  -.32000000E+00  .13906832E+01
  -.28000000E+00  .13779125E+01
  -.24000000E+00  .13650570E+01
  -.20000000E+00  .13521152E+01
  -.16000000E+00  .13390858E+01
  -.12000000E+00  .13259671E+01
  -.80000000E-01  .13127576E+01
  -.40000000E-01  .12994558E+01
   .12351231E-14  .12860601E+01
   .40000000E-01  .12725688E+01
   .80000000E-01  .12589802E+01
   .12000000E+00  .12452925E+01
   .16000000E+00  .12315040E+01
   .20000000E+00  .12176128E+01
   .24000000E+00  .12036171E+01
   .28000000E+00  .11895148E+01
   .32000000E+00  .11753040E+01
   .36000000E+00  .11609827E+01
   .40000000E+00  .11465487E+01
   .44000000E+00  .11319999E+01
   .48000000E+00  .11173340E+01
   .52000000E+00  .11025488E+01
   .56000000E+00  .10876418E+01
   .60000000E+00  .10726107E+01
   .64000000E+00  .10574530E+01
   .68000000E+00  .10421661E+01
   .72000000E+00  .10267473E+01
   .76000000E+00  .10111939E+01
   .80000000E+00  .99550314E+00
   .84000000E+00  .97967208E+00
   .88000000E+00  .96369774E+00
   .92000000E+00  .94757705E+00
   .96000000E+00  .93130683E+00
   .10000000E+01  .91488379E+00
   .10400000E+01  .89830457E+00
   .10800000E+01  .88156567E+00
   .11200000E+01  .86466348E+00
   .11600000E+01  .84759430E+00
   .12000000E+01  .83035427E+00
   .12400000E+01  .81293941E+00
   .12800000E+01  .79534564E+00
   .13200000E+01  .77756869E+00
   .13600000E+01  .75960417E+00
   .14000000E+01  .74144755E+00
   .14400000E+01  .72309411E+00
   .14800000E+01  .70453900E+00
   .15200000E+01  .68577715E+00
   .15600000E+01  .66680336E+00
   .16000000E+01  .64761220E+00
   .16400000E+01  .62819806E+00
   .16800000E+01  .60855512E+00
   .17200000E+01  .58867734E+00
   .17600000E+01  .56855844E+00
   .18000000E+01  .54819192E+00
   .18400000E+01  .52757102E+00
   .18800000E+01  .50668871E+00
   .19200000E+01  .48553765E+00
   .19600000E+01  .46411031E+00
   .20000000E+01  .44239878E+00
Core Pot   L  =        4.00000    .00000
  -.20000000E+01  .22795083E+01
  -.19600000E+01  .22712471E+01
  -.19200000E+01  .22629608E+01
  -.18800000E+01  .22546493E+01
  -.18400000E+01  .22463122E+01
  -.18000000E+01  .22379495E+01
  -.17600000E+01  .22295609E+01
  -.17200000E+01  .22211462E+01
  -.16800000E+01  .22127052E+01
  -.16400000E+01  .22042376E+01
  -.16000000E+01  .21957432E+01
  -.15600000E+01  .21872219E+01
  -.15200000E+01  .21786733E+01
  -.14800000E+01  .21700972E+01
  -.14400000E+01  .21614935E+01
  -.14000000E+01  .21528618E+01
  -.13600000E+01  .21442019E+01
  -.13200000E+01  .21355136E+01
  -.12800000E+01  .21267967E+01
  -.12400000E+01  .21180508E+01
  -.12000000E+01  .21092757E+01
  -.11600000E+01  .21004713E+01
  -.11200000E+01  .20916371E+01
  -.10800000E+01  .20827730E+01
  -.10400000E+01  .20738786E+01
  -.10000000E+01  .20649538E+01
  -.96000000E+00  .20559981E+01
  -.92000000E+00  .20470114E+01
  -.88000000E+00  .20379934E+01
  -.84000000E+00  .20289438E+01
  -.80000000E+00  .20198622E+01
  -.76000000E+00  .20107484E+01
  -.72000000E+00  .20016022E+01
  -.68000000E+00  .19924230E+01
  -.64000000E+00  .19832108E+01
  -.60000000E+00  .19739651E+01
  -.56000000E+00  .19646857E+01
  -.52000000E+00  .19553722E+01
  -.48000000E+00  .19460243E+01
  -.44000000E+00  .19366417E+01
  -.40000000E+00  .19272239E+01
  -.36000000E+00  .19177708E+01
  -.32000000E+00  .19082819E+01
  -.28000000E+00  .18987569E+01
  -.24000000E+00  .18891954E+01
  -.20000000E+00  .18795971E+01
  -.16000000E+00  .18699617E+01
  -.12000000E+00  .18602886E+01
  -.80000000E-01  .18505776E+01
  -.40000000E-01  .18408282E+01
   .12351231E-14  .18310401E+01
   .40000000E-01  .18212129E+01
   .80000000E-01  .18113462E+01
   .12000000E+00  .18014396E+01
   .16000000E+00  .17914926E+01
   .20000000E+00  .17815048E+01
   .24000000E+00  .17714759E+01
   .28000000E+00  .17614053E+01
   .32000000E+00  .17512926E+01
   .36000000E+00  .17411374E+01
   .40000000E+00  .17309392E+01
   .44000000E+00  .17206976E+01
   .48000000E+00  .17104121E+01
   .52000000E+00  .17000822E+01
   .56000000E+00  .16897074E+01
   .60000000E+00  .16792872E+01
   .64000000E+00  .16688212E+01
   .68000000E+00  .16583088E+01
   .72000000E+00  .16477494E+01
   .76000000E+00  .16371427E+01
   .80000000E+00  .16264879E+01
   .84000000E+00  .16157847E+01
   .88000000E+00  .16050323E+01
   .92000000E+00  .15942303E+01
   .96000000E+00  .15833781E+01
   .10000000E+01  .15724751E+01
   .10400000E+01  .15615208E+01
   .10800000E+01  .15505144E+01
   .11200000E+01  .15394554E+01
   .11600000E+01  .15283431E+01
   .12000000E+01  .15171770E+01
   .12400000E+01  .15059563E+01
   .12800000E+01  .14946805E+01
   .13200000E+01  .14833487E+01
   .13600000E+01  .14719605E+01
   .14000000E+01  .14605150E+01
   .14400000E+01  .14490115E+01
   .14800000E+01  .14374493E+01
   .15200000E+01  .14258277E+01
   .15600000E+01  .14141460E+01
   .16000000E+01  .14024033E+01
   .16400000E+01  .13905989E+01
   .16800000E+01  .13787320E+01
   .17200000E+01  .13668017E+01
   .17600000E+01  .13548074E+01
   .18000000E+01  .13427480E+01
   .18400000E+01  .13306228E+01
   .18800000E+01  .13184309E+01
   .19200000E+01  .13061714E+01
   .19600000E+01  .12938434E+01
   .20000000E+01  .12814459E+01
Potential  L  =        4.00000    .00000
  -.20000000E+01  .22810503E+01
  -.19600000E+01  .22727990E+01
  -.19200000E+01  .22645227E+01
  -.18800000E+01  .22562212E+01
  -.18400000E+01  .22478943E+01
  -.18000000E+01  .22395418E+01
  -.17600000E+01  .22311636E+01
  -.17200000E+01  .22227593E+01
  -.16800000E+01  .22143287E+01
  -.16400000E+01  .22058717E+01
  -.16000000E+01  .21973879E+01
  -.15600000E+01  .21888773E+01
  -.15200000E+01  .21803394E+01
  -.14800000E+01  .21717743E+01
  -.14400000E+01  .21631815E+01
  -.14000000E+01  .21545609E+01
  -.13600000E+01  .21459121E+01
  -.13200000E+01  .21372350E+01
  -.12800000E+01  .21285294E+01
  -.12400000E+01  .21197950E+01
  -.12000000E+01  .21110314E+01
  -.11600000E+01  .21022385E+01
  -.11200000E+01  .20934160E+01
  -.10800000E+01  .20845636E+01
  -.10400000E+01  .20756811E+01
  -.10000000E+01  .20667681E+01
  -.96000000E+00  .20578246E+01
  -.92000000E+00  .20488499E+01
  -.88000000E+00  .20398442E+01
  -.84000000E+00  .20308067E+01
  -.80000000E+00  .20217376E+01
  -.76000000E+00  .20126363E+01
  -.72000000E+00  .20035025E+01
  -.68000000E+00  .19943361E+01
  -.64000000E+00  .19851365E+01
  -.60000000E+00  .19759037E+01
  -.56000000E+00  .19666372E+01
  -.52000000E+00  .19573367E+01
  -.48000000E+00  .19480019E+01
  -.44000000E+00  .19386324E+01
  -.40000000E+00  .19292280E+01
  -.36000000E+00  .19197883E+01
  -.32000000E+00  .19103128E+01
  -.28000000E+00  .19008013E+01
  -.24000000E+00  .18912536E+01
  -.20000000E+00  .18816690E+01
  -.16000000E+00  .18720473E+01
  -.12000000E+00  .18623881E+01
  -.80000000E-01  .18526912E+01
  -.40000000E-01  .18429559E+01
   .12351231E-14  .18331820E+01
   .40000000E-01  .18233691E+01
   .80000000E-01  .18135168E+01
   .12000000E+00  .18036245E+01
   .16000000E+00  .17936921E+01
   .20000000E+00  .17837190E+01
   .24000000E+00  .17737047E+01
   .28000000E+00  .17636490E+01
   .32000000E+00  .17535512E+01
   .36000000E+00  .17434110E+01
   .40000000E+00  .17332279E+01
   .44000000E+00  .17230014E+01
   .48000000E+00  .17127312E+01
   .52000000E+00  .17024166E+01
   .56000000E+00  .16920572E+01
   .60000000E+00  .16816525E+01
   .64000000E+00  .16712020E+01
   .68000000E+00  .16607052E+01
   .72000000E+00  .16501616E+01
   .76000000E+00  .16395706E+01
   .80000000E+00  .16289317E+01
   .84000000E+00  .16182444E+01
   .88000000E+00  .16075080E+01
   .92000000E+00  .15967222E+01
   .96000000E+00  .15858861E+01
   .10000000E+01  .15749994E+01
   .10400000E+01  .15640613E+01
   .10800000E+01  .15530712E+01
   .11200000E+01  .15420286E+01
   .11600000E+01  .15309328E+01
   .12000000E+01  .15197832E+01
   .12400000E+01  .15085791E+01
   .12800000E+01  .14973199E+01
   .13200000E+01  .14860048E+01
   .13600000E+01  .14746332E+01
   .14000000E+01  .14632045E+01
   .14400000E+01  .14517178E+01
   .14800000E+01  .14401725E+01
   .15200000E+01  .14285677E+01
   .15600000E+01  .14169029E+01
   .16000000E+01  .14051771E+01
   .16400000E+01  .13933896E+01
   .16800000E+01  .13815396E+01
   .17200000E+01  .13696263E+01
   .17600000E+01  .13576489E+01
   .18000000E+01  .13456065E+01
   .18400000E+01  .13334983E+01
   .18800000E+01  .13213233E+01
   .19200000E+01  .13090808E+01
   .19600000E+01  .12967697E+01
   .20000000E+01  .12843891E+01
KBPotential  L  =       .00000  -2.05921
  -.20000000E+01  .60341929E+00
  -.19600000E+01  .57245002E+00
  -.19200000E+01  .54058560E+00
  -.18800000E+01  .50777216E+00
  -.18400000E+01  .47395130E+00
  -.18000000E+01  .43905953E+00
  -.17600000E+01  .40302778E+00
  -.17200000E+01  .36578073E+00
  -.16800000E+01  .32723607E+00
  -.16400000E+01  .28730372E+00
  -.16000000E+01  .24588483E+00
  -.15600000E+01  .20287074E+00
  -.15200000E+01  .15814175E+00
  -.14800000E+01  .11156523E+00
  -.14400000E+01  .62994899E-01
  -.14000000E+01  .12267803E-01
  -.13600000E+01 -.40797414E-01
  -.13200000E+01 -.96403395E-01
  -.12800000E+01 -.15477726E+00
  -.12400000E+01 -.21617446E+00
  -.12000000E+01 -.28088330E+00
  -.11600000E+01 -.34923041E+00
  -.11200000E+01 -.42158741E+00
  -.10800000E+01 -.49837885E+00
  -.10400000E+01 -.58009204E+00
  -.10000000E+01 -.66728908E+00
  -.96000000E+00 -.76062184E+00
  -.92000000E+00 -.86085058E+00
  -.88000000E+00 -.96886753E+00
  -.84000000E+00 -.10857268E+01
  -.80000000E+00 -.12126829E+01
  -.76000000E+00 -.13512407E+01
  -.72000000E+00 -.15032212E+01
  -.68000000E+00 -.16708493E+01
  -.64000000E+00 -.18568722E+01
  -.60000000E+00 -.20647225E+01
  -.56000000E+00 -.22987460E+01
  -.52000000E+00 -.25645269E+01
  -.48000000E+00 -.28693635E+01
  -.44000000E+00 -.32229801E+01
  -.40000000E+00 -.36386262E+01
  -.36000000E+00 -.41348343E+01
  -.32000000E+00 -.47383437E+01
  -.28000000E+00 -.54892092E+01
  -.24000000E+00 -.64502690E+01
  -.20000000E+00 -.77260293E+01
  -.16000000E+00 -.95040654E+01
  -.12000000E+00 -.12158029E+02
  -.80000000E-01 -.16554481E+02
  -.40000000E-01 -.25265633E+02
   .12351231E-14 -.50831487E+02
   .40000000E-01 -.16631204E+04
   .80000000E-01  .56459606E+02
   .12000000E+00  .28300457E+02
   .16000000E+00  .19109206E+02
   .20000000E+00  .14544394E+02
   .24000000E+00  .11812117E+02
   .28000000E+00  .99911255E+01
   .32000000E+00  .86890303E+01
   .36000000E+00  .77104302E+01
   .40000000E+00  .69470802E+01
   .44000000E+00  .63341728E+01
   .48000000E+00  .58305356E+01
   .52000000E+00  .54087569E+01
   .56000000E+00  .50498801E+01
   .60000000E+00  .47403767E+01
   .64000000E+00  .44703333E+01
   .68000000E+00  .42323198E+01
   .72000000E+00  .40206569E+01
   .76000000E+00  .38309297E+01
   .80000000E+00  .36596539E+01
   .84000000E+00  .35040430E+01
   .88000000E+00  .33618420E+01
   .92000000E+00  .32312053E+01
   .96000000E+00  .31106095E+01
   .10000000E+01  .29987847E+01
   .10400000E+01  .28946644E+01
   .10800000E+01  .27973460E+01
   .11200000E+01  .27060605E+01
   .11600000E+01  .26201487E+01
   .12000000E+01  .25390421E+01
   .12400000E+01  .24622479E+01
   .12800000E+01  .23893365E+01
   .13200000E+01  .23199324E+01
   .13600000E+01  .22537048E+01
   .14000000E+01  .21903618E+01
   .14400000E+01  .21296447E+01
   .14800000E+01  .20713232E+01
   .15200000E+01  .20151918E+01
   .15600000E+01  .19610664E+01
   .16000000E+01  .19087815E+01
   .16400000E+01  .18581878E+01
   .16800000E+01  .18091505E+01
   .17200000E+01  .17615472E+01
   .17600000E+01  .17152670E+01
   .18000000E+01  .16702084E+01
   .18400000E+01  .16262790E+01
   .18800000E+01  .15833939E+01
   .19200000E+01  .15414753E+01
   .19600000E+01  .15004516E+01
   .20000000E+01  .14602568E+01
KBPotential  L  =      1.00000   -.82372
  -.20000000E+01  .10004348E+01
  -.19600000E+01  .98043831E+00
  -.19200000E+01  .96012023E+00
  -.18800000E+01  .93946832E+00
  -.18400000E+01  .91846969E+00
  -.18000000E+01  .89711070E+00
  -.17600000E+01  .87537698E+00
  -.17200000E+01  .85325330E+00
  -.16800000E+01  .83072356E+00
  -.16400000E+01  .80777071E+00
  -.16000000E+01  .78437666E+00
  -.15600000E+01  .76052222E+00
  -.15200000E+01  .73618702E+00
  -.14800000E+01  .71134937E+00
  -.14400000E+01  .68598623E+00
  -.14000000E+01  .66007303E+00
  -.13600000E+01  .63358357E+00
  -.13200000E+01  .60648988E+00
  -.12800000E+01  .57876204E+00
  -.12400000E+01  .55036809E+00
  -.12000000E+01  .52127375E+00
  -.11600000E+01  .49144223E+00
  -.11200000E+01  .46083406E+00
  -.10800000E+01  .42940675E+00
  -.10400000E+01  .39711455E+00
  -.10000000E+01  .36390811E+00
  -.96000000E+00  .32973411E+00
  -.92000000E+00  .29453488E+00
  -.88000000E+00  .25824791E+00
  -.84000000E+00  .22080534E+00
  -.80000000E+00  .18213338E+00
  -.76000000E+00  .14215165E+00
  -.72000000E+00  .10077234E+00
  -.68000000E+00  .57899774E-01
  -.64000000E+00  .13428462E-01
  -.60000000E+00 -.32757312E-01
  -.56000000E+00 -.80784286E-01
  -.52000000E+00 -.13079300E+00
  -.48000000E+00 -.18293874E+00
  -.44000000E+00 -.23739377E+00
  -.40000000E+00 -.29434971E+00
  -.36000000E+00 -.35402033E+00
  -.32000000E+00 -.41664491E+00
  -.28000000E+00 -.48249209E+00
  -.24000000E+00 -.55186457E+00
  -.20000000E+00 -.62510472E+00
  -.16000000E+00 -.70260123E+00
  -.12000000E+00 -.78479729E+00
  -.80000000E-01 -.87220051E+00
  -.40000000E-01 -.96539500E+00
   .12351231E-14 -.10650565E+01
   .40000000E-01 -.11719709E+01
   .80000000E-01 -.12870579E+01
   .12000000E+00 -.14114005E+01
   .16000000E+00 -.15462833E+01
   .20000000E+00 -.16932411E+01
   .24000000E+00 -.18541240E+01
   .28000000E+00 -.20311816E+01
   .32000000E+00 -.22271780E+01
   .36000000E+00 -.24455471E+01
   .40000000E+00 -.26906093E+01
   .44000000E+00 -.29678766E+01
   .48000000E+00 -.32844948E+01
   .52000000E+00 -.36498966E+01
   .56000000E+00 -.40767966E+01
   .60000000E+00 -.45827546E+01
   .64000000E+00 -.51927266E+01
   .68000000E+00 -.59434177E+01
   .72000000E+00 -.68911188E+01
   .76000000E+00 -.81267817E+01
   .80000000E+00 -.98075511E+01
   .84000000E+00 -.12230377E+02
   .88000000E+00 -.16031959E+02
   .92000000E+00 -.22869308E+02
   .96000000E+00 -.38829674E+02
   .10000000E+01 -.11908187E+03
   .10400000E+01  .11913325E+03
   .10800000E+01  .40535875E+02
   .11200000E+01  .24707595E+02
   .11600000E+01  .17906261E+02
   .12000000E+01  .14119077E+02
   .12400000E+01  .11703085E+02
   .12800000E+01  .10025767E+02
   .13200000E+01  .87917739E+01
   .13600000E+01  .78446794E+01
   .14000000E+01  .70938929E+01
   .14400000E+01  .64833215E+01
   .14800000E+01  .59763758E+01
   .15200000E+01  .55481707E+01
   .15600000E+01  .51811923E+01
   .16000000E+01  .48627559E+01
   .16400000E+01  .45834497E+01
   .16800000E+01  .43361419E+01
   .17200000E+01  .41153306E+01
   .17600000E+01  .39167028E+01
   .18000000E+01  .37368297E+01
   .18400000E+01  .35729510E+01
   .18800000E+01  .34228197E+01
   .19200000E+01  .32845877E+01
   .19600000E+01  .31567211E+01
   .20000000E+01  .30379363E+01
KBPotential  L  =      2.00000    .00000
  -.20000000E+01  .14245404E+01
  -.19600000E+01  .14106179E+01
  -.19200000E+01  .13965697E+01
  -.18800000E+01  .13823927E+01
  -.18400000E+01  .13680836E+01
  -.18000000E+01  .13536393E+01
  -.17600000E+01  .13390564E+01
  -.17200000E+01  .13243312E+01
  -.16800000E+01  .13094602E+01
  -.16400000E+01  .12944395E+01
  -.16000000E+01  .12792653E+01
  -.15600000E+01  .12639333E+01
  -.15200000E+01  .12484393E+01
  -.14800000E+01  .12327789E+01
  -.14400000E+01  .12169474E+01
  -.14000000E+01  .12009400E+01
  -.13600000E+01  .11847517E+01
  -.13200000E+01  .11683772E+01
  -.12800000E+01  .11518111E+01
  -.12400000E+01  .11350477E+01
  -.12000000E+01  .11180810E+01
  -.11600000E+01  .11009048E+01
  -.11200000E+01  .10835126E+01
  -.10800000E+01  .10658977E+01
  -.10400000E+01  .10480528E+01
  -.10000000E+01  .10299705E+01
  -.96000000E+00  .10116431E+01
  -.92000000E+00  .99306241E+00
  -.88000000E+00  .97421978E+00
  -.84000000E+00  .95510624E+00
  -.80000000E+00  .93571235E+00
  -.76000000E+00  .91602816E+00
  -.72000000E+00  .89604324E+00
  -.68000000E+00  .87574659E+00
  -.64000000E+00  .85512663E+00
  -.60000000E+00  .83417119E+00
  -.56000000E+00  .81286736E+00
  -.52000000E+00  .79120159E+00
  -.48000000E+00  .76915953E+00
  -.44000000E+00  .74672602E+00
  -.40000000E+00  .72388501E+00
  -.36000000E+00  .70061953E+00
  -.32000000E+00  .67691157E+00
  -.28000000E+00  .65274203E+00
  -.24000000E+00  .62809062E+00
  -.20000000E+00  .60293580E+00
  -.16000000E+00  .57725464E+00
  -.12000000E+00  .55102271E+00
  -.80000000E-01  .52421397E+00
  -.40000000E-01  .49680064E+00
   .12351231E-14  .46875302E+00
   .40000000E-01  .44003937E+00
   .80000000E-01  .41062565E+00
   .12000000E+00  .38047537E+00
   .16000000E+00  .34954939E+00
   .20000000E+00  .31780559E+00
   .24000000E+00  .28519862E+00
   .28000000E+00  .25167960E+00
   .32000000E+00  .21719573E+00
   .36000000E+00  .18168994E+00
   .40000000E+00  .14510037E+00
   .44000000E+00  .10735994E+00
   .48000000E+00  .68395706E-01
   .52000000E+00  .28128254E-01
   .56000000E+00 -.13529049E-01
   .60000000E+00 -.56670920E-01
   .64000000E+00 -.10140109E+00
   .68000000E+00 -.14783345E+00
   .72000000E+00 -.19609330E+00
   .76000000E+00 -.24631881E+00
   .80000000E+00 -.29866278E+00
   .84000000E+00 -.35329456E+00
   .88000000E+00 -.41040241E+00
   .92000000E+00 -.47019621E+00
   .96000000E+00 -.53291063E+00
   .10000000E+01 -.59880898E+00
   .10400000E+01 -.66818764E+00
   .10800000E+01 -.74138153E+00
   .11200000E+01 -.81877046E+00
   .11600000E+01 -.90078708E+00
   .12000000E+01 -.98792628E+00
   .12400000E+01 -.10807569E+01
   .12800000E+01 -.11799360E+01
   .13200000E+01 -.12862268E+01
   .13600000E+01 -.14005210E+01
   .14000000E+01 -.15238670E+01
   .14400000E+01 -.16575056E+01
   .14800000E+01 -.18029171E+01
   .15200000E+01 -.19618814E+01
   .15600000E+01 -.21365577E+01
   .16000000E+01 -.23295920E+01
   .16400000E+01 -.25442619E+01
   .16800000E+01 -.27846774E+01
   .17200000E+01 -.30560629E+01
   .17600000E+01 -.33651625E+01
   .18000000E+01 -.37208364E+01
   .18400000E+01 -.41349608E+01
   .18800000E+01 -.46238314E+01
   .19200000E+01 -.52104299E+01
   .19600000E+01 -.59282453E+01
   .20000000E+01 -.68280541E+01
KBPotential  L  =      3.00000    .00000
  -.20000000E+01  .18652054E+01
  -.19600000E+01  .18550577E+01
  -.19200000E+01  .18448634E+01
  -.18800000E+01  .18346218E+01
  -.18400000E+01  .18243324E+01
  -.18000000E+01  .18139946E+01
  -.17600000E+01  .18036077E+01
  -.17200000E+01  .17931712E+01
  -.16800000E+01  .17826844E+01
  -.16400000E+01  .17721466E+01
  -.16000000E+01  .17615573E+01
  -.15600000E+01  .17509157E+01
  -.15200000E+01  .17402211E+01
  -.14800000E+01  .17294728E+01
  -.14400000E+01  .17186702E+01
  -.14000000E+01  .17078124E+01
  -.13600000E+01  .16968988E+01
  -.13200000E+01  .16859286E+01
  -.12800000E+01  .16749010E+01
  -.12400000E+01  .16638153E+01
  -.12000000E+01  .16526705E+01
  -.11600000E+01  .16414660E+01
  -.11200000E+01  .16302008E+01
  -.10800000E+01  .16188740E+01
  -.10400000E+01  .16074849E+01
  -.10000000E+01  .15960325E+01
  -.96000000E+00  .15845159E+01
  -.92000000E+00  .15729341E+01
  -.88000000E+00  .15612863E+01
  -.84000000E+00  .15495713E+01
  -.80000000E+00  .15377883E+01
  -.76000000E+00  .15259361E+01
  -.72000000E+00  .15140138E+01
  -.68000000E+00  .15020203E+01
  -.64000000E+00  .14899544E+01
  -.60000000E+00  .14778151E+01
  -.56000000E+00  .14656012E+01
  -.52000000E+00  .14533115E+01
  -.48000000E+00  .14409448E+01
  -.44000000E+00  .14284999E+01
  -.40000000E+00  .14159755E+01
  -.36000000E+00  .14033704E+01
  -.32000000E+00  .13906832E+01
  -.28000000E+00  .13779125E+01
  -.24000000E+00  .13650570E+01
  -.20000000E+00  .13521152E+01
  -.16000000E+00  .13390858E+01
  -.12000000E+00  .13259671E+01
  -.80000000E-01  .13127576E+01
  -.40000000E-01  .12994558E+01
   .12351231E-14  .12860601E+01
   .40000000E-01  .12725688E+01
   .80000000E-01  .12589802E+01
   .12000000E+00  .12452925E+01
   .16000000E+00  .12315040E+01
   .20000000E+00  .12176128E+01
   .24000000E+00  .12036171E+01
   .28000000E+00  .11895148E+01
   .32000000E+00  .11753040E+01
   .36000000E+00  .11609827E+01
   .40000000E+00  .11465487E+01
   .44000000E+00  .11319999E+01
   .48000000E+00  .11173340E+01
   .52000000E+00  .11025488E+01
   .56000000E+00  .10876418E+01
   .60000000E+00  .10726107E+01
   .64000000E+00  .10574530E+01
   .68000000E+00  .10421661E+01
   .72000000E+00  .10267473E+01
   .76000000E+00  .10111939E+01
   .80000000E+00  .99550314E+00
   .84000000E+00  .97967208E+00
   .88000000E+00  .96369774E+00
   .92000000E+00  .94757705E+00
   .96000000E+00  .93130683E+00
   .10000000E+01  .91488379E+00
   .10400000E+01  .89830457E+00
   .10800000E+01  .88156567E+00
   .11200000E+01  .86466348E+00
   .11600000E+01  .84759430E+00
   .12000000E+01  .83035427E+00
   .12400000E+01  .81293941E+00
   .12800000E+01  .79534564E+00
   .13200000E+01  .77756869E+00
   .13600000E+01  .75960417E+00
   .14000000E+01  .74144755E+00
   .14400000E+01  .72309411E+00
   .14800000E+01  .70453900E+00
   .15200000E+01  .68577715E+00
   .15600000E+01  .66680336E+00
   .16000000E+01  .64761220E+00
   .16400000E+01  .62819806E+00
   .16800000E+01  .60855512E+00
   .17200000E+01  .58867734E+00
   .17600000E+01  .56855844E+00
   .18000000E+01  .54819192E+00
   .18400000E+01  .52757102E+00
   .18800000E+01  .50668871E+00
   .19200000E+01  .48553765E+00
   .19600000E+01  .46411031E+00
   .20000000E+01  .44239878E+00
KBPotential  L  =      4.00000    .00000
  -.20000000E+01  .22810503E+01
  -.19600000E+01  .22727990E+01
  -.19200000E+01  .22645227E+01
  -.18800000E+01  .22562212E+01
  -.18400000E+01  .22478943E+01
  -.18000000E+01  .22395418E+01
  -.17600000E+01  .22311636E+01
  -.17200000E+01  .22227593E+01
  -.16800000E+01  .22143287E+01
  -.16400000E+01  .22058717E+01
  -.16000000E+01  .21973879E+01
  -.15600000E+01  .21888773E+01
  -.15200000E+01  .21803394E+01
  -.14800000E+01  .21717743E+01
  -.14400000E+01  .21631815E+01
  -.14000000E+01  .21545609E+01
  -.13600000E+01  .21459121E+01
  -.13200000E+01  .21372350E+01
  -.12800000E+01  .21285294E+01
  -.12400000E+01  .21197950E+01
  -.12000000E+01  .21110314E+01
  -.11600000E+01  .21022385E+01
  -.11200000E+01  .20934160E+01
  -.10800000E+01  .20845636E+01
  -.10400000E+01  .20756811E+01
  -.10000000E+01  .20667681E+01
  -.96000000E+00  .20578246E+01
  -.92000000E+00  .20488499E+01
  -.88000000E+00  .20398442E+01
  -.84000000E+00  .20308067E+01
  -.80000000E+00  .20217376E+01
  -.76000000E+00  .20126363E+01
  -.72000000E+00  .20035025E+01
  -.68000000E+00  .19943361E+01
  -.64000000E+00  .19851365E+01
  -.60000000E+00  .19759037E+01
  -.56000000E+00  .19666372E+01
  -.52000000E+00  .19573367E+01
  -.48000000E+00  .19480019E+01
  -.44000000E+00  .19386324E+01
  -.40000000E+00  .19292280E+01
  -.36000000E+00  .19197883E+01
  -.32000000E+00  .19103128E+01
  -.28000000E+00  .19008013E+01
  -.24000000E+00  .18912536E+01
  -.20000000E+00  .18816690E+01
  -.16000000E+00  .18720473E+01
  -.12000000E+00  .18623881E+01
  -.80000000E-01  .18526912E+01
  -.40000000E-01  .18429559E+01
   .12351231E-14  .18331820E+01
   .40000000E-01  .18233691E+01
   .80000000E-01  .18135168E+01
   .12000000E+00  .18036245E+01
   .16000000E+00  .17936921E+01
   .20000000E+00  .17837190E+01
   .24000000E+00  .17737047E+01
   .28000000E+00  .17636490E+01
   .32000000E+00  .17535512E+01
   .36000000E+00  .17434110E+01
   .40000000E+00  .17332279E+01
   .44000000E+00  .17230014E+01
   .48000000E+00  .17127312E+01
   .52000000E+00  .17024166E+01
   .56000000E+00  .16920572E+01
   .60000000E+00  .16816525E+01
   .64000000E+00  .16712020E+01
   .68000000E+00  .16607052E+01
   .72000000E+00  .16501616E+01
   .76000000E+00  .16395706E+01
   .80000000E+00  .16289317E+01
   .84000000E+00  .16182444E+01
   .88000000E+00  .16075080E+01
   .92000000E+00  .15967222E+01
   .96000000E+00  .15858861E+01
   .10000000E+01  .15749994E+01
   .10400000E+01  .15640613E+01
   .10800000E+01  .15530712E+01
   .11200000E+01  .15420286E+01
   .11600000E+01  .15309328E+01
   .12000000E+01  .15197832E+01
   .12400000E+01  .15085791E+01
   .12800000E+01  .14973199E+01
   .13200000E+01  .14860048E+01
   .13600000E+01  .14746332E+01
   .14000000E+01  .14632045E+01
   .14400000E+01  .14517178E+01
   .14800000E+01  .14401725E+01
   .15200000E+01  .14285677E+01
   .15600000E+01  .14169029E+01
   .16000000E+01  .14051771E+01
   .16400000E+01  .13933896E+01
   .16800000E+01  .13815396E+01
   .17200000E+01  .13696263E+01
   .17600000E+01  .13576489E+01
   .18000000E+01  .13456065E+01
   .18400000E+01  .13334983E+01
   .18800000E+01  .13213233E+01
   .19200000E+01  .13090808E+01
   .19600000E+01  .12967697E+01
   .20000000E+01  .12843891E+01
