Fe:  d7 s1                              
  .132558701E-02  .134571506E-02  .136614838E-02  .138689159E-02  .140794938E-02
  .142932652E-02  .145102783E-02  .147305823E-02  .149542270E-02  .151812629E-02
  .154117413E-02  .156457144E-02  .158832350E-02  .161243568E-02  .163691344E-02
  .166176229E-02  .168698787E-02  .171259586E-02  .173859206E-02  .176498233E-02
  .179177264E-02  .181896904E-02  .184657768E-02  .187460478E-02  .190305668E-02
  .193193980E-02  .196126067E-02  .199102590E-02  .202124221E-02  .205191643E-02
  .208305548E-02  .211466639E-02  .214675628E-02  .217933241E-02  .221240213E-02
  .224597289E-02  .228005227E-02  .231464796E-02  .234976776E-02  .238541960E-02
  .242161151E-02  .245835165E-02  .249564832E-02  .253350991E-02  .257194497E-02
  .261096216E-02  .265057028E-02  .269077825E-02  .273159514E-02  .277303014E-02
  .281509258E-02  .285779196E-02  .290113788E-02  .294514011E-02  .298980856E-02
  .303515329E-02  .308118452E-02  .312791261E-02  .317534807E-02  .322350159E-02
  .327238401E-02  .332200633E-02  .337237972E-02  .342351551E-02  .347542522E-02
  .352812051E-02  .358161325E-02  .363591546E-02  .369103937E-02  .374699736E-02
  .380380202E-02  .386146613E-02  .392000264E-02  .397942471E-02  .403974571E-02
  .410097918E-02  .416313889E-02  .422623880E-02  .429029309E-02  .435531615E-02
  .442132259E-02  .448832721E-02  .455634509E-02  .462539147E-02  .469548187E-02
  .476663202E-02  .483885788E-02  .491217567E-02  .498660184E-02  .506215308E-02
  .513884634E-02  .521669883E-02  .529572800E-02  .537595158E-02  .545738755E-02
  .554005417E-02  .562396997E-02  .570915375E-02  .579562461E-02  .588340191E-02
  .597250533E-02  .606295482E-02  .615477063E-02  .624797333E-02  .634258379E-02
  .643862318E-02  .653611300E-02  .663507508E-02  .673553155E-02  .683750488E-02
  .694101790E-02  .704609375E-02  .715275592E-02  .726102828E-02  .737093502E-02
  .748250071E-02  .759575029E-02  .771070906E-02  .782740270E-02  .794585728E-02
  .806609925E-02  .818815548E-02  .831205321E-02  .843782009E-02  .856548420E-02
  .869507403E-02  .882661848E-02  .896014692E-02  .909568911E-02  .923327528E-02
  .937293612E-02  .951470275E-02  .965860677E-02  .980468025E-02  .995295573E-02
  .101034663E-01  .102562453E-01  .104113270E-01  .105687457E-01  .107285366E-01
  .108907352E-01  .110553776E-01  .112225004E-01  .113921409E-01  .115643366E-01
  .117391259E-01  .119165477E-01  .120966414E-01  .122794470E-01  .124650051E-01
  .126533569E-01  .128445443E-01  .130386096E-01  .132355961E-01  .134355473E-01
  .136385077E-01  .138445223E-01  .140536367E-01  .142658974E-01  .144813513E-01
  .147000463E-01  .149220307E-01  .151473538E-01  .153760655E-01  .156082164E-01
  .158438579E-01  .160830421E-01  .163258221E-01  .165722514E-01  .168223846E-01
  .170762769E-01  .173339846E-01  .175955646E-01  .178610746E-01  .181305733E-01
  .184041202E-01  .186817758E-01  .189636013E-01  .192496588E-01  .195400115E-01
  .198347235E-01  .201338597E-01  .204374860E-01  .207456694E-01  .210584777E-01
  .213759799E-01  .216982458E-01  .220253465E-01  .223573538E-01  .226943408E-01
  .230363817E-01  .233835517E-01  .237359270E-01  .240935851E-01  .244566046E-01
  .248250652E-01  .251990478E-01  .255786345E-01  .259639086E-01  .263549545E-01
  .267518581E-01  .271547063E-01  .275635875E-01  .279785912E-01  .283998083E-01
  .288273310E-01  .292612529E-01  .297016690E-01  .301486755E-01  .306023703E-01
  .310628524E-01  .315302225E-01  .320045828E-01  .324860367E-01  .329746894E-01
  .334706475E-01  .339740192E-01  .344849142E-01  .350034440E-01  .355297215E-01
  .360638613E-01  .366059797E-01  .371561948E-01  .377146263E-01  .382813956E-01
  .388566259E-01  .394404423E-01  .400329716E-01  .406343425E-01  .412446855E-01
  .418641332E-01  .424928197E-01  .431308815E-01  .437784569E-01  .444356861E-01
  .451027115E-01  .457796775E-01  .464667306E-01  .471640193E-01  .478716945E-01
  .485899091E-01  .493188182E-01  .500585792E-01  .508093517E-01  .515712978E-01
  .523445818E-01  .531293703E-01  .539258325E-01  .547341397E-01  .555544661E-01
  .563869882E-01  .572318849E-01  .580893379E-01  .589595313E-01  .598426522E-01
  .607388900E-01  .616484370E-01  .625714883E-01  .635082417E-01  .644588979E-01
  .654236605E-01  .664027358E-01  .673963334E-01  .684046656E-01  .694279480E-01
  .704663991E-01  .715202404E-01  .725896970E-01  .736749968E-01  .747763711E-01
  .758940546E-01  .770282851E-01  .781793039E-01  .793473560E-01  .805326894E-01
  .817355561E-01  .829562112E-01  .841949139E-01  .854519268E-01  .867275163E-01
  .880219525E-01  .893355095E-01  .906684651E-01  .920211012E-01  .933937035E-01
  .947865618E-01  .961999702E-01  .976342267E-01  .990896335E-01  .100566497E+00
  .102065129E+00  .103585844E+00  .105128961E+00  .106694806E+00  .108283706E+00
  .109895995E+00  .111532011E+00  .113192097E+00  .114876601E+00  .116585875E+00
  .118320276E+00  .120080167E+00  .121865915E+00  .123677892E+00  .125516478E+00
  .127382054E+00  .129275009E+00  .131195737E+00  .133144638E+00  .135122115E+00
  .137128580E+00  .139164449E+00  .141230143E+00  .143326091E+00  .145452726E+00
  .147610488E+00  .149799823E+00  .152021183E+00  .154275026E+00  .156561816E+00
  .158882024E+00  .161236129E+00  .163624613E+00  .166047968E+00  .168506691E+00
  .171001287E+00  .173532265E+00  .176100145E+00  .178705452E+00  .181348718E+00
  .184030483E+00  .186751293E+00  .189511705E+00  .192312278E+00  .195153584E+00
  .198036200E+00  .200960710E+00  .203927709E+00  .206937798E+00  .209991586E+00
  .213089690E+00  .216232737E+00  .219421362E+00  .222656207E+00  .225937924E+00
  .229267174E+00  .232644626E+00  .236070958E+00  .239546858E+00  .243073022E+00
  .246650157E+00  .250278978E+00  .253960210E+00  .257694588E+00  .261482856E+00
  .265325768E+00  .269224089E+00  .273178593E+00  .277190066E+00  .281259302E+00
  .285387107E+00  .289574298E+00  .293821701E+00  .298130155E+00  .302500509E+00
  .306933623E+00  .311430368E+00  .315991627E+00  .320618296E+00  .325311279E+00
  .330071495E+00  .334899875E+00  .339797359E+00  .344764903E+00  .349803473E+00
  .354914049E+00  .360097622E+00  .365355196E+00  .370687791E+00  .376096435E+00
  .381582175E+00  .387146066E+00  .392789180E+00  .398512602E+00  .404317430E+00
  .410204777E+00  .416175770E+00  .422231549E+00  .428373271E+00  .434602106E+00
  .440919238E+00  .447325868E+00  .453823210E+00  .460412496E+00  .467094972E+00
  .473871897E+00  .480744551E+00  .487714226E+00  .494782232E+00  .501949894E+00
  .509218555E+00  .516589573E+00  .524064324E+00  .531644201E+00  .539330613E+00
  .547124987E+00  .555028769E+00  .563043420E+00  .571170420E+00  .579411269E+00
  .587767481E+00  .596240593E+00  .604832158E+00  .613543747E+00  .622376953E+00
  .631333385E+00  .640414673E+00  .649622467E+00  .658958436E+00  .668424267E+00
  .678021671E+00  .687752375E+00  .697618131E+00  .707620708E+00  .717761896E+00
  .728043510E+00  .738467380E+00  .749035364E+00  .759749336E+00  .770611194E+00
  .781622860E+00  .792786275E+00  .804103403E+00  .815576233E+00  .827206773E+00
  .838997058E+00  .850949142E+00  .863065105E+00  .875347050E+00  .887797103E+00
  .900417416E+00  .913210161E+00  .926177539E+00  .939321772E+00  .952645108E+00
  .966149821E+00  .979838206E+00  .993712589E+00  .100777532E+01  .102202876E+01
  .103647533E+01  .105111744E+01  .106595754E+01  .108099812E+01  .109624168E+01
  .111169075E+01  .112734788E+01  .114321567E+01  .115929672E+01  .117559368E+01
  .119210921E+01  .120884600E+01  .122580679E+01  .124299431E+01  .126041135E+01
  .127806072E+01  .129594525E+01  .131406781E+01  .133243128E+01  .135103859E+01
  .136989269E+01  .138899657E+01  .140835322E+01  .142796569E+01  .144783706E+01
  .146797040E+01  .148836886E+01  .150903560E+01  .152997379E+01  .155118666E+01
  .157267745E+01  .159444946E+01  .161650597E+01  .163885034E+01  .166148593E+01
  .168441615E+01  .170764442E+01  .173117422E+01  .175500902E+01  .177915236E+01
  .180360780E+01  .182837891E+01  .185346932E+01  .187888267E+01  .190462264E+01
  .193069295E+01  .195709734E+01  .198383957E+01  .201092345E+01  .203835282E+01
  .206613154E+01  .209426351E+01  .212275265E+01  .215160293E+01  .218081833E+01
  .221040288E+01  .224036062E+01  .227069563E+01  .230141202E+01  .233251395E+01
  .236400557E+01  .239589108E+01  .242817473E+01  .246086078E+01  .249395350E+01
  .252745722E+01  .256137630E+01  .259571510E+01  .263047803E+01  .266566953E+01
  .270129406E+01  .273735611E+01  .277386020E+01  .281081086E+01  .284821268E+01
  .288607025E+01  .292438820E+01  .296317116E+01  .300242383E+01  .304215090E+01
  .308235709E+01  .312304715E+01  .316422585E+01  .320589799E+01  .324806839E+01
  .329074188E+01  .333392333E+01  .337761762E+01  .342182965E+01  .346656434E+01
  .351182663E+01  .355762149E+01  .360395388E+01  .365082881E+01  .369825128E+01
  .374622632E+01  .379475897E+01  .384385429E+01  .389351733E+01  .394375319E+01
  .399456695E+01  .404596371E+01  .409794859E+01  .415052670E+01  .420370317E+01
  .425748313E+01  .431187173E+01  .436687411E+01  .442249541E+01  .447874078E+01
  .453561537E+01  .459312434E+01  .465127282E+01  .471006597E+01  .476950893E+01
  .482960682E+01  .489036479E+01  .495178795E+01  .501388141E+01  .507665027E+01
  .514009963E+01  .520423454E+01  .526906008E+01  .533458127E+01  .540080315E+01
  .546773071E+01  .553536893E+01  .560372277E+01  .567279714E+01  .574259696E+01
  .581312708E+01  .588439235E+01  .595639758E+01  .602914753E+01  .610264692E+01
  .617690046E+01  .625191280E+01  .632768852E+01  .640423221E+01  .648154835E+01
  .655964142E+01  .663851581E+01  .671817588E+01  .679862591E+01  .687987013E+01
  .696191272E+01  .704475778E+01  .712840932E+01  .721287132E+01  .729814766E+01
  .738424215E+01  .747115853E+01  .755890043E+01  .764747143E+01  .773687499E+01
  .782711450E+01  .791819325E+01  .801011443E+01  .810288113E+01  .819649634E+01
  .829096293E+01  .838628367E+01  .848246123E+01  .857949813E+01  .867739681E+01
  .877615954E+01  .887578850E+01  .897628572E+01  .907765311E+01  .917989242E+01
  .928300528E+01  .938699316E+01  .949185739E+01  .959759913E+01  .970421941E+01
  .981171907E+01  .992009881E+01  .100293591E+02  .101395004E+02  .102505228E+02
  .103624263E+02  .104752106E+02  .105888755E+02  .107034203E+02  .108188443E+02
  .109351464E+02  .110523255E+02  .111703801E+02  .112893088E+02  .114091095E+02
  .115297803E+02  .116513189E+02  .117737228E+02  .118969892E+02  .120211150E+02
  .121460971E+02  .122719319E+02  .123986158E+02  .125261446E+02  .126545141E+02
  .127837197E+02  .129137567E+02  .130446198E+02  .131763038E+02  .133088030E+02
  .134421113E+02  .135762226E+02  .137111302E+02  .138468272E+02  .139833066E+02
  .141205607E+02  .142585818E+02  .143973618E+02  .145368921E+02  .146771639E+02
  .148181681E+02  .149598953E+02  .151023355E+02  .152454786E+02  .153893140E+02
  .155338309E+02  .156790180E+02  .158248636E+02  .159713558E+02  .161184822E+02
  .162662299E+02  .164145860E+02  .165635368E+02  .167130685E+02  .168631667E+02
  .170138168E+02  .171650035E+02  .173167115E+02  .174689247E+02  .176216269E+02
  .177748013E+02  .179284309E+02  .180824979E+02  .182369844E+02  .183918720E+02
  .185471418E+02  .187027747E+02  .188587508E+02  .190150501E+02  .191716520E+02
  .193285356E+02  .194856793E+02  .196430614E+02  .198006596E+02  .199584510E+02
  .201164126E+02  .202745208E+02  .204327515E+02  .205910803E+02  .207494822E+02
  .209079319E+02  .210664036E+02  .212248712E+02  .213833079E+02  .215416868E+02
  .216999803E+02  .218581605E+02  .220161992E+02  .221740674E+02  .223317362E+02
  .224891759E+02  .226463565E+02  .228032477E+02  .229598186E+02  .231160382E+02
  .232718749E+02  .234272967E+02  .235822714E+02  .237367662E+02  .238907481E+02
  .240441839E+02  .241970396E+02  .243492813E+02  .245008746E+02  .246517848E+02
  .248019768E+02  .249514154E+02  .251000648E+02  .252478893E+02  .253948527E+02
  .255409186E+02  .256860502E+02  .258302108E+02  .259733632E+02  .261154702E+02
  .262564941E+02  .263963974E+02  .265351423E+02  .266726906E+02  .268090043E+02
  .269440453E+02  .270777750E+02  .272101553E+02  .273411475E+02  .274707132E+02
  .275988138E+02  .277254108E+02  .278504657E+02  .279739400E+02  .280957952E+02
  .282159929E+02  .283344950E+02  .284512632E+02  .285662596E+02  .286794464E+02
  .287907858E+02  .289002404E+02  .290077731E+02  .291133469E+02  .292169252E+02
  .293184716E+02  .294179502E+02  .295153253E+02  .296105618E+02  .297036247E+02
  .297944799E+02  .298830933E+02  .299694317E+02  .300534622E+02  .301351525E+02
  .302144711E+02  .302913867E+02  .303658692E+02  .304378887E+02  .305074163E+02
  .305744238E+02  .306388838E+02  .307007695E+02  .307600553E+02  .308167162E+02
  .308707282E+02  .309220683E+02  .309707143E+02  .310166453E+02  .310598411E+02
  .311002828E+02  .311379525E+02  .311728335E+02  .312049102E+02  .312341684E+02
  .312605948E+02  .312841776E+02  .313049062E+02  .313227714E+02  .313377653E+02
  .313498815E+02  .313591148E+02  .313654617E+02  .313689200E+02  .313694892E+02
  .313671701E+02  .313619652E+02  .313538786E+02  .313429161E+02  .313290849E+02
  .313123942E+02  .312928547E+02  .312704787E+02  .312452807E+02  .312172764E+02
  .311864838E+02  .311529224E+02  .311166136E+02  .310775808E+02  .310358490E+02
  .309914454E+02  .309443988E+02  .308947402E+02  .308425023E+02  .307877199E+02
  .307304296E+02  .306706701E+02  .306084820E+02  .305439080E+02  .304769924E+02
  .304077820E+02  .303363252E+02  .302626726E+02  .301868765E+02  .301089916E+02
  .300290741E+02  .299471824E+02  .298633770E+02  .297777201E+02  .296902757E+02
  .296011102E+02  .295102913E+02  .294178891E+02  .293239751E+02  .292286230E+02
  .291319080E+02  .290339072E+02  .289346994E+02  .288343652E+02  .287329868E+02
  .286306480E+02  .285274341E+02  .284234323E+02  .283187309E+02  .282134198E+02
  .281075904E+02  .280013355E+02  .278947488E+02  .277879257E+02  .276809626E+02
  .275739571E+02  .274670076E+02  .273602138E+02  .272536762E+02  .271474962E+02
  .270417759E+02  .269366181E+02  .268321264E+02  .267284047E+02  .266255575E+02
  .265236898E+02  .264229066E+02  .263233133E+02  .262250155E+02  .261281186E+02
  .260327280E+02  .259389492E+02  .258468869E+02  .257566460E+02  .256683306E+02
  .255820443E+02  .254978901E+02  .254159701E+02  .253363856E+02  .252592369E+02
  .251846231E+02  .251126424E+02  .250433912E+02  .249769649E+02  .249134572E+02
  .248529599E+02  .247955634E+02  .247413561E+02  .246904241E+02  .246428519E+02
  .245987213E+02  .245581120E+02  .245211012E+02  .244877634E+02  .244581707E+02
  .244323920E+02  .244104937E+02  .243925388E+02  .243785873E+02  .243686962E+02
  .243629187E+02  .243613049E+02  .243639012E+02  .243707502E+02  .243818910E+02
  .243973588E+02  .244171845E+02  .244413954E+02  .244700143E+02  .245030600E+02
  .245405469E+02  .245824849E+02  .246288796E+02  .246797320E+02  .247350382E+02
  .247947901E+02  .248589745E+02  .249275733E+02  .250005639E+02  .250779184E+02
  .251596041E+02  .252455834E+02  .253358134E+02  .254302463E+02  .255288291E+02
  .256315037E+02  .257382069E+02  .258488703E+02  .259634203E+02  .260817783E+02
  .262038603E+02  .263295775E+02  .264588357E+02  .265915357E+02  .267275733E+02
  .268668394E+02  .270092196E+02  .271545949E+02  .273028413E+02  .274538302E+02
  .276074280E+02  .277634967E+02  .279218938E+02  .280824722E+02  .282450804E+02
  .284095630E+02  .285757603E+02  .287435084E+02  .289126398E+02  .290829833E+02
  .292543640E+02  .294266036E+02  .295995204E+02  .297729297E+02  .299466440E+02
  .301204727E+02  .302942227E+02  .304676987E+02  .306407029E+02  .308130357E+02
  .309844954E+02  .311548789E+02  .313239816E+02  .314915978E+02  .316575207E+02
  .318215428E+02  .319834561E+02  .321430523E+02  .323001232E+02  .324544605E+02
  .326058567E+02  .327541046E+02  .328989982E+02  .330403328E+02  .331779048E+02
  .333115125E+02  .334409562E+02  .335660383E+02  .336865639E+02  .338023405E+02
  .339131789E+02  .340188930E+02  .341193002E+02  .342142218E+02  .343034831E+02
  .343869135E+02  .344643472E+02  .345356230E+02  .346005848E+02  .346590817E+02
  .347109685E+02  .347561056E+02  .347943594E+02  .348256025E+02  .348497139E+02
  .348665793E+02  .348760913E+02  .348781494E+02  .348726604E+02  .348595387E+02
  .348387060E+02  .348100921E+02  .347736345E+02  .347292791E+02  .346769797E+02
  .346166987E+02  .345484072E+02  .344720845E+02  .343877189E+02  .342953077E+02
  .341948567E+02  .340863812E+02  .339699051E+02  .338454618E+02  .337130936E+02
  .335728521E+02  .334247980E+02  .332690014E+02  .331055414E+02  .329345063E+02
  .327559935E+02  .325701096E+02  .323769701E+02  .321766996E+02  .319694313E+02
  .317553073E+02  .315344782E+02  .313071034E+02  .310733504E+02  .308333948E+02
  .305874204E+02  .303356188E+02  .300781893E+02  .298153385E+02  .295472803E+02
  .292742354E+02  .289964315E+02  .287141025E+02  .284274885E+02  .281368358E+02
  .278423959E+02  .275444258E+02  .272431875E+02  .269389475E+02  .266319767E+02
  .263225500E+02  .260109458E+02  .256974459E+02  .253823347E+02  .250658993E+02
  .247484289E+02  .244302142E+02  .241115475E+02  .237927217E+02  .234740303E+02
  .231557671E+02  .228382252E+02  .225216972E+02  .222064744E+02  .218928466E+02
  .215811014E+02  .212715242E+02  .209643975E+02  .206600004E+02  .203586085E+02
  .200604931E+02  .197659212E+02  .194751549E+02  .191884508E+02  .189060602E+02
  .186282279E+02  .183551927E+02  .180871863E+02  .178244335E+02  .175671514E+02
  .173155497E+02  .170698294E+02  .168301836E+02  .165967964E+02  .163698430E+02
  .161494893E+02  .159358917E+02  .157291969E+02  .155295417E+02  .153370526E+02
  .151518458E+02  .149740271E+02  .148036915E+02  .146409232E+02  .144857958E+02
  .143383714E+02  .141987013E+02  .140668257E+02  .139427735E+02  .138265622E+02
  .137181984E+02  .136176772E+02  .135249825E+02  .134400871E+02  .133629527E+02
  .132935296E+02  .132317575E+02  .131775650E+02  .131308700E+02  .130915795E+02
  .130595903E+02  .130347886E+02  .130170504E+02  .130062419E+02  .130022192E+02
  .130048292E+02  .130139090E+02  .130292870E+02  .130507828E+02  .130782074E+02
  .131113639E+02  .131500476E+02  .131940461E+02  .132431403E+02  .132971045E+02
  .133557066E+02  .134187091E+02  .134858690E+02  .135569387E+02  .136316666E+02
  .137097971E+02  .137910720E+02  .138752302E+02  .139620089E+02  .140511433E+02
  .141423679E+02  .142354164E+02  .143300223E+02  .144259193E+02  .145228418E+02
  .146205249E+02  .147187056E+02  .148171224E+02  .149155161E+02  .150136301E+02
  .151112109E+02  .152080083E+02  .153037759E+02  .153982716E+02  .154912574E+02
  .155825005E+02  .156717732E+02  .157588532E+02  .158435240E+02  .159255754E+02
  .160048036E+02  .160810115E+02  .161540090E+02  .162236132E+02  .162896490E+02
  .163519487E+02  .164103530E+02  .164647103E+02  .165148778E+02  .165607209E+02
  .166021138E+02  .166389394E+02  .166710896E+02  .166984651E+02  .167209755E+02
  .167385396E+02  .167510852E+02  .167585488E+02  .167608764E+02  .167580226E+02
  .167499509E+02  .167366338E+02  .167180522E+02  .166941958E+02  .166650629E+02
  .166306599E+02  .165910014E+02  .165461101E+02  .164960167E+02  .164407591E+02
  .163803831E+02  .163149415E+02  .162444942E+02  .161691077E+02  .160888552E+02
  .160038163E+02  .159140763E+02  .158197266E+02  .157208638E+02  .156175899E+02
  .155100119E+02  .153982412E+02  .152823939E+02  .151625900E+02  .150389533E+02
  .149116111E+02  .147806940E+02  .146463355E+02  .145086717E+02  .143678412E+02
  .142239844E+02  .140772437E+02  .139277630E+02  .137756872E+02  .136211626E+02
  .134643357E+02  .133053538E+02  .131443643E+02  .129815144E+02  .128169512E+02
  .126508209E+02  .124832694E+02  .123144413E+02  .121444800E+02  .119735277E+02
  .118017248E+02  .116292098E+02  .114561196E+02  .112825886E+02  .111087491E+02
  .109347308E+02  .107606609E+02  .105866638E+02  .104128611E+02  .102393712E+02
  .100663097E+02  .989378878E+01  .972191749E+01  .955080134E+01  .938054260E+01
  .921123982E+01  .904298818E+01  .887587907E+01  .871000040E+01  .854543622E+01
  .838226706E+01  .822056952E+01  .806041667E+01  .790187763E+01  .774501800E+01
  .758989947E+01  .743658019E+01  .728511446E+01  .713555313E+01  .698794320E+01
  .684232834E+01  .669874849E+01  .655724026E+01  .641783671E+01  .628056767E+01
  .614545955E+01  .601253566E+01  .588181600E+01  .575331766E+01  .562705456E+01
  .550303783E+01  .538127563E+01  .526177340E+01  .514453385E+01  .502955725E+01
  .491684101E+01  .480638082E+01  .469816921E+01  .459219739E+01  .448845358E+01
  .438692485E+01  .428759547E+01  .419044875E+01  .409546537E+01  .400262530E+01
  .391190598E+01  .382328436E+01  .373673507E+01  .365223241E+01  .356974852E+01
  .348925542E+01  .341072312E+01  .333412168E+01  .325941933E+01  .318658450E+01
  .311558396E+01  .304638483E+01  .297895271E+01  .291325373E+01  .284925259E+01
  .278691472E+01  .272620421E+01  .266708600E+01  .260952386E+01  .255348251E+01
  .249892558E+01  .244581782E+01  .239412293E+01  .234380589E+01  .229483069E+01
  .224716268E+01  .220076634E+01  .215560759E+01  .211165152E+01  .206886476E+01
  .202721315E+01  .198666417E+01  .194718456E+01  .190874271E+01  .187130638E+01
  .183484500E+01  .179932738E+01  .176472410E+01  .173100511E+01  .169814218E+01
  .166610645E+01  .163487094E+01  .160440803E+01  .157469203E+01  .154569659E+01
  .151739731E+01  .148976916E+01  .146278906E+01  .143643326E+01  .141068000E+01
  .138550687E+01  .136089343E+01  .133681853E+01  .131326305E+01  .129020715E+01
  .126763296E+01  .124552192E+01  .122385741E+01  .120262209E+01  .118180061E+01
  .116137679E+01  .114133647E+01  .112166467E+01  .110234834E+01  .108337363E+01
  .106472862E+01  .104640050E+01  .102837844E+01  .101065065E+01  .993207310E+00
  .976037626E+00  .959132728E+00  .942482758E+00  .926079762E+00  .909914769E+00
  .893980693E+00  .878269386E+00  .862774576E+00  .847488906E+00  .832406871E+00
  .817521837E+00  .802829015E+00  .788322464E+00  .773998062E+00  .759850495E+00
  .745876263E+00  .732070649E+00  .718430725E+00  .704952310E+00  .691633009E+00
  .678469145E+00  .665458809E+00  .652598775E+00  .639887577E+00  .627322413E+00
  .614902218E+00  .602624562E+00  .590488744E+00  .578492678E+00  .566635990E+00
  .554916890E+00  .543335293E+00  .531889683E+00  .520580231E+00  .509405647E+00
  .498366323E+00  .487461178E+00  .476690790E+00  .466054244E+00  .455552275E+00
  .445184115E+00  .434950625E+00  .424851142E+00  .414886625E+00  .405056503E+00
  .395361805E+00  .385802011E+00  .376378193E+00  .367089870E+00  .357938132E+00
  .348922503E+00  .340044065E+00  .331302335E+00  .322698367E+00  .314231645E+00
  .305903160E+00  .297712355E+00  .289660152E+00  .281745918E+00  .273970493E+00
  .266333373E+00  .258834707E+00  .251474425E+00  .244252404E+00  .237168461E+00
  .230222353E+00  .223413773E+00  .216742348E+00  .210207640E+00  .203809143E+00
  .197546283E+00  .191418414E+00  .185424825E+00  .179564732E+00  .173837282E+00
  .168241554E+00  .162776558E+00  .157441237E+00  .152234467E+00  .147155060E+00
  .142201762E+00  .137373262E+00  .132668184E+00  .128085097E+00  .123622515E+00
  .119278896E+00  .115052651E+00  .110942139E+00  .106945677E+00  .103061535E+00
  .992879476E-01  .956231092E-01  .920651811E-01  .886122932E-01  .852625474E-01
  .820140201E-01  .788647655E-01  .758128186E-01  .728561982E-01  .699929096E-01
  .672209478E-01  .645383001E-01  .619429493E-01  .594328762E-01  .570060621E-01
  .546604921E-01  .523941569E-01  .502050559E-01  .480911995E-01  .460506110E-01
  .440813295E-01  .421814117E-01  .403489341E-01  .385819951E-01  .368787168E-01
  .352372470E-01  .336557609E-01  .321324630E-01  .306655887E-01  .292534060E-01
  .278942168E-01  .265863591E-01  .253282077E-01  .241181765E-01  .229547195E-01
  .218363321E-01  .207615531E-01  .197289655E-01  .187371979E-01  .177849257E-01
  .168708717E-01  .159938072E-01  .151525522E-01  .143459749E-01  .135729914E-01
  .128325647E-01  .121237022E-01  .114454537E-01  .107969079E-01  .101771887E-01
  .958545069E-02  .902087473E-02  .848266315E-02  .797003510E-02  .748222219E-02
  .701846467E-02  .657800818E-02  .616010121E-02  .576399343E-02  .538893460E-02
  .503417437E-02  .469896258E-02  .438255015E-02  .408419038E-02  .380314058E-02
  .353866384E-02  .329003102E-02  .305652265E-02  .283743088E-02  .263206128E-02
  .243973455E-02  .225978803E-02  .209157702E-02  .193447595E-02  .178787930E-02
  .165120239E-02  .152388190E-02  .140537632E-02  .129516614E-02  .119275394E-02
  .109766433E-02  .100944382E-02  .927660481E-03  .851903630E-03  .781783352E-03
  .716930006E-03  .656993659E-03  .601643476E-03  .550567083E-03  .503469902E-03
  .460074467E-03  .420119732E-03  .383360373E-03  .349566091E-03  .318520918E-03
  .290022535E-03  .263881594E-03  .239921065E-03  .217975590E-03  .197890860E-03
  .179523011E-03  .162738036E-03  .147411226E-03  .133426626E-03  .120676518E-03
  .109060921E-03  .984871156E-04  .888691954E-04  .801276305E-04  .721888594E-04
  .649848994E-04  .584529769E-04  .525351786E-04  .471781201E-04  .423326348E-04
  .379534791E-04  .339990555E-04  .304311517E-04  .272146958E-04  .243175260E-04
  .217101751E-04  .193656687E-04  .172593355E-04  .153686314E-04  .136729743E-04
  .121535899E-04  .107933689E-04  .957673323E-05  .848951207E-05  .751882664E-05
  .665298326E-05  .588137419E-05  .519438586E-05  .458331396E-05  .404028495E-05
  .355818364E-05  .313058622E-05  .275169929E-05  .241630193E-05  .211969545E-05
  .185765347E-05  .162638016E-05  .142246853E-05  .124286449E-05  .108483255E-05
  .945925310E-06  .823955364E-06  .716969489E-06  .623227937E-06  .541171928E-06
  .469438877E-06  .406772547E-06  .352105918E-06  .304445821E-06  .262940941E-06
  .226837253E-06  .195467677E-06  .168242741E-06  .144642161E-06  .124207262E-06
  .106534164E-06  .912676611E-07  .780957286E-07  .667446088E-07  .569744089E-07
  .485751703E-07  .413633601E-07  .351787448E-07  .298816076E-07  .253502750E-07
  .214789210E-07  .181756209E-07  .153606277E-07  .129648488E-07  .109285002E-07
  .919992094E-08  .773452790E-08  .649389769E-08  .544495991E-08  .455928987E-08
  .381248919E-08  .318364420E-08  .265485297E-08  .221081288E-08  .183846150E-08
  .152666443E-08  .126594412E-08  .104824491E-08  .866729544E-09  .715603336E-09
  .589962345E-09  .485662575E-09  .399207400E-09  .327650838E-09  .268514568E-09
  .219716854E-09  .179511751E-09  .146437191E-09  .119270725E-09  .969918443E-10
  .787499629E-10  .638372442E-10  .516655849E-10  .417471460E-10  .336779145E-10
  .271238444E-10  .218091938E-10  .175067251E-10  .140294850E-10  .112239208E-10
  .896412734E-11  .714704397E-11  .568845501E-11  .451966263E-11  .358472517E-11
  .283816847E-11  .224309254E-11  .176960831E-11  .139354892E-11  .109540958E-11
  .859476879E-12  .673114982E-12  .526181682E-12  .410551432E-12  .319726566E-12
  .248520985E-12  .192803292E-12  .149288604E-12  .115370152E-12  .889833139E-13
  .684960718E-13  .526209110E-13  .403441202E-13  .308691639E-13  .235714182E-13
  .179620639E-13  .136593443E-13  .103657306E-13  .784982101E-14  .593202039E-14
  .447323578E-14  .336597124E-14  .252732798E-14  .189351390E-14  .141554644E-14
  .105589681E-14  .785875086E-15  .583597141E-15  .432407525E-15  .319658749E-15
  .235768607E-15  .173493860E-15  .127371909E-15  .932926113E-16  .681706531E-16
  .496954697E-16  .361408000E-16  .262200048E-16  .189764161E-16  .137004356E-16
  .986701034E-17  .708859315E-17  .507983908E-17  .363117704E-17  .258907441E-17
  .184133712E-17  .130618810E-17  .924173904E-18  .652182452E-18  .459032848E-18
  .322232566E-18  .225599336E-18  .157521769E-18  .109690578E-18  .761755497E-19
  .527558819E-19  .364356594E-19  .250942499E-19  .172347490E-19  .118034819E-19
  .806085211E-20  .548919374E-20  .372721161E-20  .252347183E-20  .170350246E-20
  .114658928E-20  .769457523E-21  .514830036E-21  .343428462E-21  .228398129E-21
  .151433949E-21  .100096512E-21  .659583977E-22  .433278478E-22  .283726787E-22
  .185208127E-22  .120513698E-22  .781663075E-23  .505358584E-23  .325661602E-23
  .209175220E-23  .133912318E-23  .854451072E-24  .543375359E-24  .344388278E-24
  .217531420E-24  .136933684E-24  .859018716E-25  .537017308E-25  .334546482E-25
  .207680774E-25  .128468542E-25  .791857275E-26  .486334963E-26  .297612590E-26
  .181460872E-26  .110234909E-26  .667188015E-27  .402307964E-27  .241678827E-27
  .144635976E-27  .862302959E-28  .512126446E-28  .302981538E-28  .178551913E-28
  .104811724E-28  .612829626E-29  .356895915E-29  .207015388E-29  .119594187E-29
  .688099044E-30  .394286767E-30  .224999013E-30  .127862402E-30  .723578217E-31
  .407750875E-31  .228800722E-31  .127837744E-31  .711190641E-32  .393934543E-32
  .217249570E-32  .119282355E-32  .652020645E-33  .354813105E-33  .192210131E-33
  .103651649E-33  .556396431E-34  .297293443E-34  .158111607E-34  .836958638E-35
  .440950965E-35  .231210067E-35  .120652754E-35  .626564185E-36  .323798860E-36
  .166513683E-36  .852064899E-37  .433837082E-37  .219783386E-37  .110779658E-37
  .555526485E-38  .277147871E-38  .137550645E-38  .679110007E-39  .333523148E-39
  .162930337E-39  .791679954E-40  .382604865E-40  .183901695E-40  .879096322E-41
  .417910801E-41  .197564028E-41  .928730826E-42  .434120166E-42  .201766191E-42
  .932363411E-43  .428351527E-43  .195647092E-43  .888349768E-44  .400969624E-44
  .179901602E-44  .802294268E-45  .355620098E-45  .156664838E-45  .685911225E-46
  .298437751E-46  .129034917E-46  .554378490E-47  .236662231E-47  .100381262E-47
  .423014195E-48  .177097790E-48  .736553667E-49  .304302608E-49  .124880256E-49
  .509032311E-50  .206080473E-50  .828599279E-51  .330860254E-51  .131193687E-51
  .516565448E-52  .201956324E-52  .783943391E-53  .302122065E-53  .115591495E-53
  .439026143E-54  .165520801E-54  .619426920E-55  .230084419E-55  .848324904E-56
  .310487953E-56  .112877543E-56  .408209093E-57  .147705078E-57  .548343888E-58
  .179524470E-58  .638863084E-59  .234355380E-59  .932455590E-60  .463133902E-60
  .357451982E-60  .000000000E+00  .000000000E+00  .000000000E+00  .000000000E+00
  .000000000E+00  .000000000E+00  .000000000E+00  .000000000E+00  .000000000E+00
  .000000000E+00  .000000000E+00  .000000000E+00  .000000000E+00  .000000000E+00
  .000000000E+00  .000000000E+00  .000000000E+00  .000000000E+00  .000000000E+00
  .000000000E+00  .000000000E+00  .000000000E+00  .000000000E+00  .000000000E+00
  .000000000E+00  .000000000E+00  .000000000E+00  .000000000E+00  .000000000E+00
  .000000000E+00  .000000000E+00  .000000000E+00  .000000000E+00  .000000000E+00
  .000000000E+00  .000000000E+00  .000000000E+00  .000000000E+00  .000000000E+00
  .000000000E+00  .000000000E+00  .000000000E+00  .000000000E+00  .000000000E+00
  .000000000E+00  .000000000E+00  .000000000E+00  .000000000E+00  .000000000E+00
  .000000000E+00  .000000000E+00  .000000000E+00  .000000000E+00  .000000000E+00
  .000000000E+00  .000000000E+00  .000000000E+00  .000000000E+00  .000000000E+00
  .000000000E+00  .000000000E+00  .000000000E+00  .000000000E+00  .000000000E+00
  .000000000E+00  .000000000E+00  .000000000E+00  .000000000E+00  .000000000E+00
  .000000000E+00  .000000000E+00  .000000000E+00  .000000000E+00  .000000000E+00
  .000000000E+00  .000000000E+00  .000000000E+00  .000000000E+00  .000000000E+00
  .000000000E+00  .000000000E+00  .000000000E+00  .000000000E+00  .000000000E+00
  .000000000E+00  .000000000E+00  .000000000E+00  .000000000E+00  .000000000E+00
  .000000000E+00  .000000000E+00  .000000000E+00  .000000000E+00  .000000000E+00
  .000000000E+00  .000000000E+00  .000000000E+00  .000000000E+00  .000000000E+00
  .000000000E+00  .000000000E+00  .000000000E+00  .000000000E+00  .000000000E+00
  .000000000E+00  .000000000E+00  .000000000E+00  .000000000E+00  .000000000E+00
  .000000000E+00  .000000000E+00  .000000000E+00  .000000000E+00  .000000000E+00
  .000000000E+00  .000000000E+00  .000000000E+00  .000000000E+00  .000000000E+00
  .000000000E+00  .000000000E+00  .000000000E+00  .000000000E+00  .000000000E+00
  .000000000E+00  .000000000E+00  .000000000E+00  .000000000E+00  .000000000E+00
  .000000000E+00  .000000000E+00  .000000000E+00  .000000000E+00  .000000000E+00
  .000000000E+00  .000000000E+00  .000000000E+00  .000000000E+00  .000000000E+00
  .000000000E+00  .000000000E+00  .000000000E+00  .000000000E+00  .000000000E+00
