  PAW Li                                 
 100
Core Pot   L  =         .00000   -.21143
  -.20000000E+01  .12019243E+01
  -.19600000E+01  .11854543E+01
  -.19200000E+01  .11688108E+01
  -.18800000E+01  .11519876E+01
  -.18400000E+01  .11349783E+01
  -.18000000E+01  .11177763E+01
  -.17600000E+01  .11003751E+01
  -.17200000E+01  .10827674E+01
  -.16800000E+01  .10649461E+01
  -.16400000E+01  .10469037E+01
  -.16000000E+01  .10286323E+01
  -.15600000E+01  .10101238E+01
  -.15200000E+01  .99136958E+00
  -.14800000E+01  .97236083E+00
  -.14400000E+01  .95308824E+00
  -.14000000E+01  .93354208E+00
  -.13600000E+01  .91371214E+00
  -.13200000E+01  .89358774E+00
  -.12800000E+01  .87315764E+00
  -.12400000E+01  .85241002E+00
  -.12000000E+01  .83133245E+00
  -.11600000E+01  .80991184E+00
  -.11200000E+01  .78813438E+00
  -.10800000E+01  .76598549E+00
  -.10400000E+01  .74344975E+00
  -.10000000E+01  .72051089E+00
  -.96000000E+00  .69715164E+00
  -.92000000E+00  .67335371E+00
  -.88000000E+00  .64909770E+00
  -.84000000E+00  .62436299E+00
  -.80000000E+00  .59912767E+00
  -.76000000E+00  .57336839E+00
  -.72000000E+00  .54706030E+00
  -.68000000E+00  .52017684E+00
  -.64000000E+00  .49268968E+00
  -.60000000E+00  .46456848E+00
  -.56000000E+00  .43578077E+00
  -.52000000E+00  .40629172E+00
  -.48000000E+00  .37606392E+00
  -.44000000E+00  .34505716E+00
  -.40000000E+00  .31322813E+00
  -.36000000E+00  .28053012E+00
  -.32000000E+00  .24691266E+00
  -.28000000E+00  .21232118E+00
  -.24000000E+00  .17669651E+00
  -.20000000E+00  .13997443E+00
  -.16000000E+00  .10208511E+00
  -.12000000E+00  .62952449E-01
  -.80000000E-01  .22493371E-01
  -.40000000E-01 -.19382995E-01
   .12351231E-14 -.62776271E-01
   .40000000E-01 -.10779591E+00
   .80000000E-01 -.15456245E+00
   .12000000E+00 -.20320896E+00
   .16000000E+00 -.25388271E+00
   .20000000E+00 -.30674715E+00
   .24000000E+00 -.36198419E+00
   .28000000E+00 -.41979688E+00
   .32000000E+00 -.48041261E+00
   .36000000E+00 -.54408687E+00
   .40000000E+00 -.61110775E+00
   .44000000E+00 -.68180131E+00
   .48000000E+00 -.75653806E+00
   .52000000E+00 -.83574087E+00
   .56000000E+00 -.91989452E+00
   .60000000E+00 -.10095575E+01
   .64000000E+00 -.11053766E+01
   .68000000E+00 -.12081051E+01
   .72000000E+00 -.13186258E+01
   .76000000E+00 -.14379797E+01
   .80000000E+00 -.15674037E+01
   .84000000E+00 -.17083788E+01
   .88000000E+00 -.18626932E+01
   .92000000E+00 -.20325267E+01
   .96000000E+00 -.22205642E+01
   .10000000E+01 -.24301506E+01
   .10400000E+01 -.26655077E+01
   .10800000E+01 -.29320412E+01
   .11200000E+01 -.32367876E+01
   .11600000E+01 -.35890788E+01
   .12000000E+01 -.40015622E+01
   .12400000E+01 -.44918162E+01
   .12800000E+01 -.50850138E+01
   .13200000E+01 -.58185208E+01
   .13600000E+01 -.67502950E+01
   .14000000E+01 -.79753395E+01
   .14400000E+01 -.96609307E+01
   .14800000E+01 -.12131487E+02
   .15200000E+01 -.16109741E+02
   .15600000E+01 -.23598770E+02
   .16000000E+01 -.42971165E+02
   .16400000E+01 -.21244925E+03
   .16800000E+01  .74794326E+02
   .17200000E+01  .32250143E+02
   .17600000E+01  .20725167E+02
   .18000000E+01  .15351443E+02
   .18400000E+01  .12237410E+02
   .18800000E+01  .10202409E+02
   .19200000E+01  .87662517E+01
   .19600000E+01  .76968415E+01
   .20000000E+01  .68682776E+01
Potential  L  =         .00000   -.21143
  -.20000000E+01  .11873351E+01
  -.19600000E+01  .11711893E+01
  -.19200000E+01  .11548615E+01
  -.18800000E+01  .11383463E+01
  -.18400000E+01  .11216383E+01
  -.18000000E+01  .11047315E+01
  -.17600000E+01  .10876201E+01
  -.17200000E+01  .10702977E+01
  -.16800000E+01  .10527576E+01
  -.16400000E+01  .10349930E+01
  -.16000000E+01  .10169966E+01
  -.15600000E+01  .99876086E+00
  -.15200000E+01  .98027777E+00
  -.14800000E+01  .96153899E+00
  -.14400000E+01  .94253574E+00
  -.14000000E+01  .92325879E+00
  -.13600000E+01  .90369845E+00
  -.13200000E+01  .88384449E+00
  -.12800000E+01  .86368617E+00
  -.12400000E+01  .84321216E+00
  -.12000000E+01  .82241048E+00
  -.11600000E+01  .80126853E+00
  -.11200000E+01  .77977295E+00
  -.10800000E+01  .75790965E+00
  -.10400000E+01  .73566369E+00
  -.10000000E+01  .71301926E+00
  -.96000000E+00  .68995957E+00
  -.92000000E+00  .66646684E+00
  -.88000000E+00  .64252214E+00
  -.84000000E+00  .61810535E+00
  -.80000000E+00  .59319507E+00
  -.76000000E+00  .56776845E+00
  -.72000000E+00  .54180116E+00
  -.68000000E+00  .51526716E+00
  -.64000000E+00  .48813864E+00
  -.60000000E+00  .46038579E+00
  -.56000000E+00  .43197667E+00
  -.52000000E+00  .40287698E+00
  -.48000000E+00  .37304985E+00
  -.44000000E+00  .34245557E+00
  -.40000000E+00  .31105134E+00
  -.36000000E+00  .27879096E+00
  -.32000000E+00  .24562442E+00
  -.28000000E+00  .21149758E+00
  -.24000000E+00  .17635166E+00
  -.20000000E+00  .14012279E+00
  -.16000000E+00  .10274138E+00
  -.12000000E+00  .64131492E-01
  -.80000000E-01  .24210100E-01
  -.40000000E-01 -.17113788E-01
   .12351231E-14 -.59940097E-01
   .40000000E-01 -.10437882E+00
   .80000000E-01 -.15055135E+00
   .12000000E+00 -.19859197E+00
   .16000000E+00 -.24864964E+00
   .20000000E+00 -.30089008E+00
   .24000000E+00 -.35549819E+00
   .28000000E+00 -.41268091E+00
   .32000000E+00 -.47267070E+00
   .36000000E+00 -.53572948E+00
   .40000000E+00 -.60215357E+00
   .44000000E+00 -.67227953E+00
   .48000000E+00 -.74649126E+00
   .52000000E+00 -.82522862E+00
   .56000000E+00 -.90899807E+00
   .60000000E+00 -.99838577E+00
   .64000000E+00 -.10940740E+01
   .68000000E+00 -.11968616E+01
   .72000000E+00 -.13076904E+01
   .76000000E+00 -.14276780E+01
   .80000000E+00 -.15581618E+01
   .84000000E+00 -.17007553E+01
   .88000000E+00 -.18574231E+01
   .92000000E+00 -.20305828E+01
   .96000000E+00 -.22232430E+01
   .10000000E+01 -.24391957E+01
   .10400000E+01 -.26832897E+01
   .10800000E+01 -.29618264E+01
   .11200000E+01 -.32831474E+01
   .11600000E+01 -.36585341E+01
   .12000000E+01 -.41036275E+01
   .12400000E+01 -.46407603E+01
   .12800000E+01 -.53029639E+01
   .13200000E+01 -.61412495E+01
   .13600000E+01 -.72387666E+01
   .14000000E+01 -.87408483E+01
   .14400000E+01 -.10926512E+02
   .14800000E+01 -.14408076E+02
   .15200000E+01 -.20840768E+02
   .15600000E+01 -.36789679E+02
   .16000000E+01 -.14417426E+03
   .16400000E+01  .78038340E+02
   .16800000E+01  .31127688E+02
   .17200000E+01  .19588085E+02
   .17600000E+01  .14359315E+02
   .18000000E+01  .11371085E+02
   .18400000E+01  .94339549E+01
   .18800000E+01  .80737722E+01
   .19200000E+01  .70642566E+01
   .19600000E+01  .62837458E+01
   .20000000E+01  .56609978E+01
Core Pot   L  =        1.00000   -.21100
  -.20000000E+01  .13109980E+01
  -.19600000E+01  .12958364E+01
  -.19200000E+01  .12805088E+01
  -.18800000E+01  .12650102E+01
  -.18400000E+01  .12493353E+01
  -.18000000E+01  .12334787E+01
  -.17600000E+01  .12174345E+01
  -.17200000E+01  .12011966E+01
  -.16800000E+01  .11847587E+01
  -.16400000E+01  .11681142E+01
  -.16000000E+01  .11512559E+01
  -.15600000E+01  .11341764E+01
  -.15200000E+01  .11168680E+01
  -.14800000E+01  .10993225E+01
  -.14400000E+01  .10815311E+01
  -.14000000E+01  .10634848E+01
  -.13600000E+01  .10451739E+01
  -.13200000E+01  .10265881E+01
  -.12800000E+01  .10077167E+01
  -.12400000E+01  .98854815E+00
  -.12000000E+01  .96907037E+00
  -.11600000E+01  .94927044E+00
  -.11200000E+01  .92913467E+00
  -.10800000E+01  .90864847E+00
  -.10400000E+01  .88779633E+00
  -.10000000E+01  .86656170E+00
  -.96000000E+00  .84492693E+00
  -.92000000E+00  .82287315E+00
  -.88000000E+00  .80038015E+00
  -.84000000E+00  .77742632E+00
  -.80000000E+00  .75398844E+00
  -.76000000E+00  .73004159E+00
  -.72000000E+00  .70555894E+00
  -.68000000E+00  .68051160E+00
  -.64000000E+00  .65486840E+00
  -.60000000E+00  .62859562E+00
  -.56000000E+00  .60165679E+00
  -.52000000E+00  .57401234E+00
  -.48000000E+00  .54561929E+00
  -.44000000E+00  .51643084E+00
  -.40000000E+00  .48639596E+00
  -.36000000E+00  .45545888E+00
  -.32000000E+00  .42355853E+00
  -.28000000E+00  .39062785E+00
  -.24000000E+00  .35659310E+00
  -.20000000E+00  .32137290E+00
  -.16000000E+00  .28487731E+00
  -.12000000E+00  .24700656E+00
  -.80000000E-01  .20764976E+00
  -.40000000E-01  .16668320E+00
   .12351231E-14  .12396848E+00
   .40000000E-01  .79350245E-01
   .80000000E-01  .32653454E-01
   .12000000E+00 -.16319818E-01
   .16000000E+00 -.67794297E-01
   .20000000E+00 -.12202621E+00
   .24000000E+00 -.17930907E+00
   .28000000E+00 -.23998068E+00
   .32000000E+00 -.30443192E+00
   .36000000E+00 -.37311758E+00
   .40000000E+00 -.44657008E+00
   .44000000E+00 -.52541676E+00
   .48000000E+00 -.61040212E+00
   .52000000E+00 -.70241656E+00
   .56000000E+00 -.80253403E+00
   .60000000E+00 -.91206201E+00
   .64000000E+00 -.10326087E+01
   .68000000E+00 -.11661749E+01
   .72000000E+00 -.13152817E+01
   .76000000E+00 -.14831515E+01
   .80000000E+00 -.16739707E+01
   .84000000E+00 -.18932786E+01
   .88000000E+00 -.21485635E+01
   .92000000E+00 -.24502018E+01
   .96000000E+00 -.28130002E+01
   .10000000E+01 -.32588431E+01
   .10400000E+01 -.38214961E+01
   .10800000E+01 -.45559367E+01
   .11200000E+01 -.55581164E+01
   .11600000E+01 -.70118757E+01
   .12000000E+01 -.93194671E+01
   .12400000E+01 -.13562961E+02
   .12800000E+01 -.23991131E+02
   .13200000E+01 -.91185311E+02
   .13600000E+01  .53804707E+02
   .14000000E+01  .21219191E+02
   .14400000E+01  .13369925E+02
   .14800000E+01  .98315510E+01
   .15200000E+01  .78126426E+01
   .15600000E+01  .65038974E+01
   .16000000E+01  .55840423E+01
   .16400000E+01  .49001575E+01
   .16800000E+01  .43701732E+01
   .17200000E+01  .39460956E+01
   .17600000E+01  .35979830E+01
   .18000000E+01  .33061875E+01
   .18400000E+01  .30572802E+01
   .18800000E+01  .28417709E+01
   .19200000E+01  .26527615E+01
   .19600000E+01  .24851177E+01
   .20000000E+01  .23349380E+01
Potential  L  =        1.00000   -.21100
  -.20000000E+01  .13097673E+01
  -.19600000E+01  .12945732E+01
  -.19200000E+01  .12792126E+01
  -.18800000E+01  .12636805E+01
  -.18400000E+01  .12479717E+01
  -.18000000E+01  .12320807E+01
  -.17600000E+01  .12160018E+01
  -.17200000E+01  .11997288E+01
  -.16800000E+01  .11832556E+01
  -.16400000E+01  .11665755E+01
  -.16000000E+01  .11496815E+01
  -.15600000E+01  .11325664E+01
  -.15200000E+01  .11152223E+01
  -.14800000E+01  .10976412E+01
  -.14400000E+01  .10798146E+01
  -.14000000E+01  .10617335E+01
  -.13600000E+01  .10433883E+01
  -.13200000E+01  .10247690E+01
  -.12800000E+01  .10058651E+01
  -.12400000E+01  .98666519E+00
  -.12000000E+01  .96715752E+00
  -.11600000E+01  .94732946E+00
  -.11200000E+01  .92716763E+00
  -.10800000E+01  .90665785E+00
  -.10400000E+01  .88578501E+00
  -.10000000E+01  .86453307E+00
  -.96000000E+00  .84288489E+00
  -.92000000E+00  .82082224E+00
  -.88000000E+00  .79832561E+00
  -.84000000E+00  .77537416E+00
  -.80000000E+00  .75194559E+00
  -.76000000E+00  .72801597E+00
  -.72000000E+00  .70355963E+00
  -.68000000E+00  .67854898E+00
  -.64000000E+00  .65295433E+00
  -.60000000E+00  .62674367E+00
  -.56000000E+00  .59988243E+00
  -.52000000E+00  .57233324E+00
  -.48000000E+00  .54405562E+00
  -.44000000E+00  .51500566E+00
  -.40000000E+00  .48513561E+00
  -.36000000E+00  .45439349E+00
  -.32000000E+00  .42272255E+00
  -.28000000E+00  .39006079E+00
  -.24000000E+00  .35634023E+00
  -.20000000E+00  .32148624E+00
  -.16000000E+00  .28541667E+00
  -.12000000E+00  .24804086E+00
  -.80000000E-01  .20925852E+00
  -.40000000E-01  .16895840E+00
   .12351231E-14  .12701674E+00
   .40000000E-01  .83295431E-01
   .80000000E-01  .37639890E-01
   .12000000E+00 -.10123501E-01
   .16000000E+00 -.60190437E-01
   .20000000E+00 -.11278233E+00
   .24000000E+00 -.16815068E+00
   .28000000E+00 -.22658243E+00
   .32000000E+00 -.28840640E+00
   .36000000E+00 -.35400129E+00
   .40000000E+00 -.42380554E+00
   .44000000E+00 -.49832958E+00
   .48000000E+00 -.57817135E+00
   .52000000E+00 -.66403587E+00
   .56000000E+00 -.75676039E+00
   .60000000E+00 -.85734703E+00
   .64000000E+00 -.96700545E+00
   .68000000E+00 -.10872096E+01
   .72000000E+00 -.12197743E+01
   .76000000E+00 -.13669596E+01
   .80000000E+00 -.15316167E+01
   .84000000E+00 -.17173946E+01
   .88000000E+00 -.19290406E+01
   .92000000E+00 -.21728471E+01
   .96000000E+00 -.24573362E+01
   .10000000E+01 -.27943435E+01
   .10400000E+01 -.32008028E+01
   .10800000E+01 -.37018221E+01
   .11200000E+01 -.43362945E+01
   .11600000E+01 -.51678635E+01
   .12000000E+01 -.63083394E+01
   .12400000E+01 -.79738993E+01
   .12800000E+01 -.10643934E+02
   .13200000E+01 -.15636963E+02
   .13600000E+01 -.28375304E+02
   .14000000E+01 -.13033888E+03
   .14400000E+01  .52931718E+02
   .14800000E+01  .22435243E+02
   .15200000E+01  .14392925E+02
   .15600000E+01  .10671258E+02
   .16000000E+01  .85209560E+01
   .16400000E+01  .71170496E+01
   .16800000E+01  .61259976E+01
   .17200000E+01  .53871923E+01
   .17600000E+01  .48137413E+01
   .18000000E+01  .43545281E+01
   .18400000E+01  .39775171E+01
   .18800000E+01  .36616100E+01
   .19200000E+01  .33923445E+01
   .19600000E+01  .31594752E+01
   .20000000E+01  .29555404E+01
Core Pot   L  =        2.00000   -.10000
  -.20000000E+01  .15833811E+01
  -.19600000E+01  .15713475E+01
  -.19200000E+01  .15592356E+01
  -.18800000E+01  .15470442E+01
  -.18400000E+01  .15347718E+01
  -.18000000E+01  .15224170E+01
  -.17600000E+01  .15099783E+01
  -.17200000E+01  .14974541E+01
  -.16800000E+01  .14848430E+01
  -.16400000E+01  .14721433E+01
  -.16000000E+01  .14593533E+01
  -.15600000E+01  .14464714E+01
  -.15200000E+01  .14334958E+01
  -.14800000E+01  .14204247E+01
  -.14400000E+01  .14072562E+01
  -.14000000E+01  .13939884E+01
  -.13600000E+01  .13806195E+01
  -.13200000E+01  .13671472E+01
  -.12800000E+01  .13535696E+01
  -.12400000E+01  .13398846E+01
  -.12000000E+01  .13260898E+01
  -.11600000E+01  .13121830E+01
  -.11200000E+01  .12981619E+01
  -.10800000E+01  .12840239E+01
  -.10400000E+01  .12697667E+01
  -.10000000E+01  .12553876E+01
  -.96000000E+00  .12408839E+01
  -.92000000E+00  .12262528E+01
  -.88000000E+00  .12114916E+01
  -.84000000E+00  .11965971E+01
  -.80000000E+00  .11815665E+01
  -.76000000E+00  .11663965E+01
  -.72000000E+00  .11510838E+01
  -.68000000E+00  .11356251E+01
  -.64000000E+00  .11200168E+01
  -.60000000E+00  .11042554E+01
  -.56000000E+00  .10883370E+01
  -.52000000E+00  .10722577E+01
  -.48000000E+00  .10560135E+01
  -.44000000E+00  .10396003E+01
  -.40000000E+00  .10230135E+01
  -.36000000E+00  .10062488E+01
  -.32000000E+00  .98930140E+00
  -.28000000E+00  .97216641E+00
  -.24000000E+00  .95483876E+00
  -.20000000E+00  .93731318E+00
  -.16000000E+00  .91958417E+00
  -.12000000E+00  .90164601E+00
  -.80000000E-01  .88349274E+00
  -.40000000E-01  .86511816E+00
   .12351231E-14  .84651580E+00
   .40000000E-01  .82767891E+00
   .80000000E-01  .80860045E+00
   .12000000E+00  .78927308E+00
   .16000000E+00  .76968912E+00
   .20000000E+00  .74984054E+00
   .24000000E+00  .72971897E+00
   .28000000E+00  .70931562E+00
   .32000000E+00  .68862131E+00
   .36000000E+00  .66762643E+00
   .40000000E+00  .64632088E+00
   .44000000E+00  .62469411E+00
   .48000000E+00  .60273501E+00
   .52000000E+00  .58043193E+00
   .56000000E+00  .55777265E+00
   .60000000E+00  .53474429E+00
   .64000000E+00  .51133332E+00
   .68000000E+00  .48752549E+00
   .72000000E+00  .46330578E+00
   .76000000E+00  .43865835E+00
   .80000000E+00  .41356652E+00
   .84000000E+00  .38801263E+00
   .88000000E+00  .36197805E+00
   .92000000E+00  .33544304E+00
   .96000000E+00  .30838676E+00
   .10000000E+01  .28078706E+00
   .10400000E+01  .25262050E+00
   .10800000E+01  .22386218E+00
   .11200000E+01  .19448565E+00
   .11600000E+01  .16446278E+00
   .12000000E+01  .13376360E+00
   .12400000E+01  .10235621E+00
   .12800000E+01  .70206544E-01
   .13200000E+01  .37278234E-01
   .13600000E+01  .35323842E-02
   .14000000E+01 -.31072641E-01
   .14400000E+01 -.66581474E-01
   .14800000E+01 -.10304201E+00
   .15200000E+01 -.14050573E+00
   .15600000E+01 -.17902803E+00
   .16000000E+01 -.21866861E+00
   .16400000E+01 -.25949189E+00
   .16800000E+01 -.30156751E+00
   .17200000E+01 -.34497087E+00
   .17600000E+01 -.38978372E+00
   .18000000E+01 -.43609488E+00
   .18400000E+01 -.48400099E+00
   .18800000E+01 -.53360741E+00
   .19200000E+01 -.58502925E+00
   .19600000E+01 -.63839249E+00
   .20000000E+01 -.69383534E+00
Potential  L  =        2.00000   -.10000
  -.20000000E+01  .15834766E+01
  -.19600000E+01  .15714412E+01
  -.19200000E+01  .15593277E+01
  -.18800000E+01  .15471345E+01
  -.18400000E+01  .15348603E+01
  -.18000000E+01  .15225037E+01
  -.17600000E+01  .15100631E+01
  -.17200000E+01  .14975371E+01
  -.16800000E+01  .14849241E+01
  -.16400000E+01  .14722224E+01
  -.16000000E+01  .14594305E+01
  -.15600000E+01  .14465465E+01
  -.15200000E+01  .14335689E+01
  -.14800000E+01  .14204957E+01
  -.14400000E+01  .14073251E+01
  -.14000000E+01  .13940553E+01
  -.13600000E+01  .13806841E+01
  -.13200000E+01  .13672097E+01
  -.12800000E+01  .13536300E+01
  -.12400000E+01  .13399427E+01
  -.12000000E+01  .13261457E+01
  -.11600000E+01  .13122367E+01
  -.11200000E+01  .12982133E+01
  -.10800000E+01  .12840731E+01
  -.10400000E+01  .12698136E+01
  -.10000000E+01  .12554322E+01
  -.96000000E+00  .12409262E+01
  -.92000000E+00  .12262929E+01
  -.88000000E+00  .12115294E+01
  -.84000000E+00  .11966327E+01
  -.80000000E+00  .11815999E+01
  -.76000000E+00  .11664277E+01
  -.72000000E+00  .11511128E+01
  -.68000000E+00  .11356520E+01
  -.64000000E+00  .11200417E+01
  -.60000000E+00  .11042783E+01
  -.56000000E+00  .10883580E+01
  -.52000000E+00  .10722769E+01
  -.48000000E+00  .10560310E+01
  -.44000000E+00  .10396161E+01
  -.40000000E+00  .10230279E+01
  -.36000000E+00  .10062618E+01
  -.32000000E+00  .98931321E+00
  -.28000000E+00  .97217721E+00
  -.24000000E+00  .95484875E+00
  -.20000000E+00  .93732258E+00
  -.16000000E+00  .91959323E+00
  -.12000000E+00  .90165500E+00
  -.80000000E-01  .88350196E+00
  -.40000000E-01  .86512795E+00
   .12351231E-14  .84652652E+00
   .40000000E-01  .82769097E+00
   .80000000E-01  .80861429E+00
   .12000000E+00  .78928920E+00
   .16000000E+00  .76970805E+00
   .20000000E+00  .74986288E+00
   .24000000E+00  .72974535E+00
   .28000000E+00  .70934677E+00
   .32000000E+00  .68865800E+00
   .36000000E+00  .66766951E+00
   .40000000E+00  .64637129E+00
   .44000000E+00  .62475287E+00
   .48000000E+00  .60280323E+00
   .52000000E+00  .58051084E+00
   .56000000E+00  .55786357E+00
   .60000000E+00  .53484869E+00
   .64000000E+00  .51145280E+00
   .68000000E+00  .48766178E+00
   .72000000E+00  .46346079E+00
   .76000000E+00  .43883418E+00
   .80000000E+00  .41376544E+00
   .84000000E+00  .38823713E+00
   .88000000E+00  .36223087E+00
   .92000000E+00  .33572719E+00
   .96000000E+00  .30870548E+00
   .10000000E+01  .28114394E+00
   .10400000E+01  .25301947E+00
   .10800000E+01  .22430754E+00
   .11200000E+01  .19498212E+00
   .11600000E+01  .16501553E+00
   .12000000E+01  .13437833E+00
   .12400000E+01  .10303915E+00
   .12800000E+01  .70964553E-01
   .13200000E+01  .38118865E-01
   .13600000E+01  .44639509E-02
   .14000000E+01 -.30040985E-01
   .14400000E+01 -.65439630E-01
   .14800000E+01 -.10177884E+00
   .15200000E+01 -.13910892E+00
   .15600000E+01 -.17748396E+00
   .16000000E+01 -.21696222E+00
   .16400000E+01 -.25760647E+00
   .16800000E+01 -.29948453E+00
   .17200000E+01 -.34266973E+00
   .17600000E+01 -.38724151E+00
   .18000000E+01 -.43328608E+00
   .18400000E+01 -.48089711E+00
   .18800000E+01 -.53017663E+00
   .19200000E+01 -.58123594E+00
   .19600000E+01 -.63419669E+00
   .20000000E+01 -.68919218E+00
Core Pot   L  =        3.00000    .00000
  -.20000000E+01  .18882348E+01
  -.19600000E+01  .18782398E+01
  -.19200000E+01  .18682003E+01
  -.18800000E+01  .18581158E+01
  -.18400000E+01  .18479858E+01
  -.18000000E+01  .18378098E+01
  -.17600000E+01  .18275871E+01
  -.17200000E+01  .18173171E+01
  -.16800000E+01  .18069994E+01
  -.16400000E+01  .17966333E+01
  -.16000000E+01  .17862182E+01
  -.15600000E+01  .17757535E+01
  -.15200000E+01  .17652385E+01
  -.14800000E+01  .17546727E+01
  -.14400000E+01  .17440553E+01
  -.14000000E+01  .17333857E+01
  -.13600000E+01  .17226632E+01
  -.13200000E+01  .17118872E+01
  -.12800000E+01  .17010569E+01
  -.12400000E+01  .16901716E+01
  -.12000000E+01  .16792305E+01
  -.11600000E+01  .16682329E+01
  -.11200000E+01  .16571781E+01
  -.10800000E+01  .16460653E+01
  -.10400000E+01  .16348936E+01
  -.10000000E+01  .16236622E+01
  -.96000000E+00  .16123704E+01
  -.92000000E+00  .16010172E+01
  -.88000000E+00  .15896018E+01
  -.84000000E+00  .15781234E+01
  -.80000000E+00  .15665809E+01
  -.76000000E+00  .15549735E+01
  -.72000000E+00  .15433003E+01
  -.68000000E+00  .15315602E+01
  -.64000000E+00  .15197522E+01
  -.60000000E+00  .15078755E+01
  -.56000000E+00  .14959288E+01
  -.52000000E+00  .14839113E+01
  -.48000000E+00  .14718217E+01
  -.44000000E+00  .14596590E+01
  -.40000000E+00  .14474220E+01
  -.36000000E+00  .14351097E+01
  -.32000000E+00  .14227208E+01
  -.28000000E+00  .14102540E+01
  -.24000000E+00  .13977082E+01
  -.20000000E+00  .13850821E+01
  -.16000000E+00  .13723744E+01
  -.12000000E+00  .13595837E+01
  -.80000000E-01  .13467087E+01
  -.40000000E-01  .13337480E+01
   .12351231E-14  .13207001E+01
   .40000000E-01  .13075635E+01
   .80000000E-01  .12943369E+01
   .12000000E+00  .12810185E+01
   .16000000E+00  .12676069E+01
   .20000000E+00  .12541003E+01
   .24000000E+00  .12404972E+01
   .28000000E+00  .12267959E+01
   .32000000E+00  .12129944E+01
   .36000000E+00  .11990911E+01
   .40000000E+00  .11850841E+01
   .44000000E+00  .11709715E+01
   .48000000E+00  .11567514E+01
   .52000000E+00  .11424216E+01
   .56000000E+00  .11279802E+01
   .60000000E+00  .11134251E+01
   .64000000E+00  .10987540E+01
   .68000000E+00  .10839647E+01
   .72000000E+00  .10690549E+01
   .76000000E+00  .10540223E+01
   .80000000E+00  .10388643E+01
   .84000000E+00  .10235785E+01
   .88000000E+00  .10081622E+01
   .92000000E+00  .99261288E+00
   .96000000E+00  .97692770E+00
   .10000000E+01  .96110386E+00
   .10400000E+01  .94513843E+00
   .10800000E+01  .92902841E+00
   .11200000E+01  .91277069E+00
   .11600000E+01  .89636208E+00
   .12000000E+01  .87979929E+00
   .12400000E+01  .86307890E+00
   .12800000E+01  .84619741E+00
   .13200000E+01  .82915118E+00
   .13600000E+01  .81193647E+00
   .14000000E+01  .79454942E+00
   .14400000E+01  .77698601E+00
   .14800000E+01  .75924212E+00
   .15200000E+01  .74131348E+00
   .15600000E+01  .72319565E+00
   .16000000E+01  .70488407E+00
   .16400000E+01  .68637400E+00
   .16800000E+01  .66766053E+00
   .17200000E+01  .64873860E+00
   .17600000E+01  .62960293E+00
   .18000000E+01  .61024809E+00
   .18400000E+01  .59066841E+00
   .18800000E+01  .57085803E+00
   .19200000E+01  .55081087E+00
   .19600000E+01  .53052063E+00
   .20000000E+01  .50998073E+00
Potential  L  =        3.00000    .00000
  -.20000000E+01  .18883667E+01
  -.19600000E+01  .18783711E+01
  -.19200000E+01  .18683310E+01
  -.18800000E+01  .18582459E+01
  -.18400000E+01  .18481153E+01
  -.18000000E+01  .18379385E+01
  -.17600000E+01  .18277150E+01
  -.17200000E+01  .18174444E+01
  -.16800000E+01  .18071258E+01
  -.16400000E+01  .17967589E+01
  -.16000000E+01  .17863429E+01
  -.15600000E+01  .17758773E+01
  -.15200000E+01  .17653614E+01
  -.14800000E+01  .17547946E+01
  -.14400000E+01  .17441762E+01
  -.14000000E+01  .17335055E+01
  -.13600000E+01  .17227820E+01
  -.13200000E+01  .17120048E+01
  -.12800000E+01  .17011733E+01
  -.12400000E+01  .16902867E+01
  -.12000000E+01  .16793443E+01
  -.11600000E+01  .16683454E+01
  -.11200000E+01  .16572892E+01
  -.10800000E+01  .16461748E+01
  -.10400000E+01  .16350016E+01
  -.10000000E+01  .16237687E+01
  -.96000000E+00  .16124752E+01
  -.92000000E+00  .16011203E+01
  -.88000000E+00  .15897031E+01
  -.84000000E+00  .15782227E+01
  -.80000000E+00  .15666783E+01
  -.76000000E+00  .15550689E+01
  -.72000000E+00  .15433935E+01
  -.68000000E+00  .15316512E+01
  -.64000000E+00  .15198410E+01
  -.60000000E+00  .15079618E+01
  -.56000000E+00  .14960127E+01
  -.52000000E+00  .14839925E+01
  -.48000000E+00  .14719003E+01
  -.44000000E+00  .14597348E+01
  -.40000000E+00  .14474949E+01
  -.36000000E+00  .14351795E+01
  -.32000000E+00  .14227875E+01
  -.28000000E+00  .14103174E+01
  -.24000000E+00  .13977682E+01
  -.20000000E+00  .13851386E+01
  -.16000000E+00  .13724272E+01
  -.12000000E+00  .13596326E+01
  -.80000000E-01  .13467536E+01
  -.40000000E-01  .13337888E+01
   .12351231E-14  .13207366E+01
   .40000000E-01  .13075956E+01
   .80000000E-01  .12943642E+01
   .12000000E+00  .12810410E+01
   .16000000E+00  .12676244E+01
   .20000000E+00  .12541126E+01
   .24000000E+00  .12405041E+01
   .28000000E+00  .12267970E+01
   .32000000E+00  .12129897E+01
   .36000000E+00  .11990803E+01
   .40000000E+00  .11850669E+01
   .44000000E+00  .11709477E+01
   .48000000E+00  .11567207E+01
   .52000000E+00  .11423838E+01
   .56000000E+00  .11279350E+01
   .60000000E+00  .11133721E+01
   .64000000E+00  .10986930E+01
   .68000000E+00  .10838954E+01
   .72000000E+00  .10689769E+01
   .76000000E+00  .10539352E+01
   .80000000E+00  .10387679E+01
   .84000000E+00  .10234723E+01
   .88000000E+00  .10080459E+01
   .92000000E+00  .99248602E+00
   .96000000E+00  .97678987E+00
   .10000000E+01  .96095462E+00
   .10400000E+01  .94497732E+00
   .10800000E+01  .92885495E+00
   .11200000E+01  .91258439E+00
   .11600000E+01  .89616242E+00
   .12000000E+01  .87958573E+00
   .12400000E+01  .86285087E+00
   .12800000E+01  .84595433E+00
   .13200000E+01  .82889244E+00
   .13600000E+01  .81166143E+00
   .14000000E+01  .79425740E+00
   .14400000E+01  .77667633E+00
   .14800000E+01  .75891404E+00
   .15200000E+01  .74096624E+00
   .15600000E+01  .72282847E+00
   .16000000E+01  .70449612E+00
   .16400000E+01  .68596440E+00
   .16800000E+01  .66722840E+00
   .17200000E+01  .64828297E+00
   .17600000E+01  .62912283E+00
   .18000000E+01  .60974247E+00
   .18400000E+01  .59013620E+00
   .18800000E+01  .57029809E+00
   .19200000E+01  .55022202E+00
   .19600000E+01  .52990162E+00
   .20000000E+01  .50933027E+00
Core Pot   L  =        4.00000    .00000
  -.20000000E+01  .22147777E+01
  -.19600000E+01  .22062596E+01
  -.19200000E+01  .21977130E+01
  -.18800000E+01  .21891405E+01
  -.18400000E+01  .21805388E+01
  -.18000000E+01  .21719084E+01
  -.17600000E+01  .21632498E+01
  -.17200000E+01  .21545629E+01
  -.16800000E+01  .21458458E+01
  -.16400000E+01  .21370996E+01
  -.16000000E+01  .21283230E+01
  -.15600000E+01  .21195186E+01
  -.15200000E+01  .21106815E+01
  -.14800000E+01  .21018152E+01
  -.14400000E+01  .20929184E+01
  -.14000000E+01  .20839915E+01
  -.13600000E+01  .20750320E+01
  -.13200000E+01  .20660399E+01
  -.12800000E+01  .20570179E+01
  -.12400000E+01  .20479631E+01
  -.12000000E+01  .20388741E+01
  -.11600000E+01  .20297537E+01
  -.11200000E+01  .20206015E+01
  -.10800000E+01  .20114141E+01
  -.10400000E+01  .20021933E+01
  -.10000000E+01  .19929370E+01
  -.96000000E+00  .19836487E+01
  -.92000000E+00  .19743245E+01
  -.88000000E+00  .19649649E+01
  -.84000000E+00  .19555702E+01
  -.80000000E+00  .19461394E+01
  -.76000000E+00  .19366719E+01
  -.72000000E+00  .19271676E+01
  -.68000000E+00  .19176280E+01
  -.64000000E+00  .19080501E+01
  -.60000000E+00  .18984343E+01
  -.56000000E+00  .18887806E+01
  -.52000000E+00  .18790883E+01
  -.48000000E+00  .18693562E+01
  -.44000000E+00  .18595867E+01
  -.40000000E+00  .18497765E+01
  -.36000000E+00  .18399253E+01
  -.32000000E+00  .18300353E+01
  -.28000000E+00  .18201035E+01
  -.24000000E+00  .18101301E+01
  -.20000000E+00  .18001145E+01
  -.16000000E+00  .17900559E+01
  -.12000000E+00  .17799564E+01
  -.80000000E-01  .17698125E+01
  -.40000000E-01  .17596248E+01
   .12351231E-14  .17493929E+01
   .40000000E-01  .17391162E+01
   .80000000E-01  .17287944E+01
   .12000000E+00  .17184263E+01
   .16000000E+00  .17080114E+01
   .20000000E+00  .16975514E+01
   .24000000E+00  .16870429E+01
   .28000000E+00  .16764867E+01
   .32000000E+00  .16658819E+01
   .36000000E+00  .16552279E+01
   .40000000E+00  .16445244E+01
   .44000000E+00  .16337705E+01
   .48000000E+00  .16229658E+01
   .52000000E+00  .16121096E+01
   .56000000E+00  .16012013E+01
   .60000000E+00  .15902404E+01
   .64000000E+00  .15792260E+01
   .68000000E+00  .15681575E+01
   .72000000E+00  .15570344E+01
   .76000000E+00  .15458559E+01
   .80000000E+00  .15346212E+01
   .84000000E+00  .15233298E+01
   .88000000E+00  .15119809E+01
   .92000000E+00  .15005737E+01
   .96000000E+00  .14891074E+01
   .10000000E+01  .14775815E+01
   .10400000E+01  .14659949E+01
   .10800000E+01  .14543470E+01
   .11200000E+01  .14426369E+01
   .11600000E+01  .14308638E+01
   .12000000E+01  .14190269E+01
   .12400000E+01  .14071253E+01
   .12800000E+01  .13951581E+01
   .13200000E+01  .13831244E+01
   .13600000E+01  .13710233E+01
   .14000000E+01  .13588540E+01
   .14400000E+01  .13466153E+01
   .14800000E+01  .13343064E+01
   .15200000E+01  .13219263E+01
   .15600000E+01  .13094739E+01
   .16000000E+01  .12969483E+01
   .16400000E+01  .12843482E+01
   .16800000E+01  .12716728E+01
   .17200000E+01  .12589208E+01
   .17600000E+01  .12460912E+01
   .18000000E+01  .12331828E+01
   .18400000E+01  .12201945E+01
   .18800000E+01  .12071249E+01
   .19200000E+01  .11939730E+01
   .19600000E+01  .11807374E+01
   .20000000E+01  .11674168E+01
Potential  L  =        4.00000    .00000
  -.20000000E+01  .22149178E+01
  -.19600000E+01  .22064002E+01
  -.19200000E+01  .21978549E+01
  -.18800000E+01  .21892818E+01
  -.18400000E+01  .21806806E+01
  -.18000000E+01  .21720511E+01
  -.17600000E+01  .21633929E+01
  -.17200000E+01  .21547060E+01
  -.16800000E+01  .21459899E+01
  -.16400000E+01  .21372444E+01
  -.16000000E+01  .21284693E+01
  -.15600000E+01  .21196643E+01
  -.15200000E+01  .21108291E+01
  -.14800000E+01  .21019634E+01
  -.14400000E+01  .20930671E+01
  -.14000000E+01  .20841396E+01
  -.13600000E+01  .20751808E+01
  -.13200000E+01  .20661905E+01
  -.12800000E+01  .20571682E+01
  -.12400000E+01  .20481138E+01
  -.12000000E+01  .20390268E+01
  -.11600000E+01  .20299069E+01
  -.11200000E+01  .20207540E+01
  -.10800000E+01  .20115675E+01
  -.10400000E+01  .20023473E+01
  -.10000000E+01  .19930930E+01
  -.96000000E+00  .19838042E+01
  -.92000000E+00  .19744805E+01
  -.88000000E+00  .19651218E+01
  -.84000000E+00  .19557276E+01
  -.80000000E+00  .19462975E+01
  -.76000000E+00  .19368312E+01
  -.72000000E+00  .19273283E+01
  -.68000000E+00  .19177885E+01
  -.64000000E+00  .19082114E+01
  -.60000000E+00  .18985965E+01
  -.56000000E+00  .18889435E+01
  -.52000000E+00  .18792520E+01
  -.48000000E+00  .18695216E+01
  -.44000000E+00  .18597520E+01
  -.40000000E+00  .18499425E+01
  -.36000000E+00  .18400930E+01
  -.32000000E+00  .18302028E+01
  -.28000000E+00  .18202717E+01
  -.24000000E+00  .18102991E+01
  -.20000000E+00  .18002845E+01
  -.16000000E+00  .17902276E+01
  -.12000000E+00  .17801278E+01
  -.80000000E-01  .17699848E+01
  -.40000000E-01  .17597979E+01
   .12351231E-14  .17495668E+01
   .40000000E-01  .17392909E+01
   .80000000E-01  .17289697E+01
   .12000000E+00  .17186027E+01
   .16000000E+00  .17081894E+01
   .20000000E+00  .16977292E+01
   .24000000E+00  .16872216E+01
   .28000000E+00  .16766660E+01
   .32000000E+00  .16660620E+01
   .36000000E+00  .16554089E+01
   .40000000E+00  .16447060E+01
   .44000000E+00  .16339530E+01
   .48000000E+00  .16231490E+01
   .52000000E+00  .16122936E+01
   .56000000E+00  .16013861E+01
   .60000000E+00  .15904258E+01
   .64000000E+00  .15794122E+01
   .68000000E+00  .15683445E+01
   .72000000E+00  .15572220E+01
   .76000000E+00  .15460442E+01
   .80000000E+00  .15348103E+01
   .84000000E+00  .15235195E+01
   .88000000E+00  .15121712E+01
   .92000000E+00  .15007647E+01
   .96000000E+00  .14892990E+01
   .10000000E+01  .14777736E+01
   .10400000E+01  .14661877E+01
   .10800000E+01  .14545403E+01
   .11200000E+01  .14428307E+01
   .11600000E+01  .14310582E+01
   .12000000E+01  .14192217E+01
   .12400000E+01  .14073205E+01
   .12800000E+01  .13953538E+01
   .13200000E+01  .13833205E+01
   .13600000E+01  .13712198E+01
   .14000000E+01  .13590507E+01
   .14400000E+01  .13468123E+01
   .14800000E+01  .13345037E+01
   .15200000E+01  .13221237E+01
   .15600000E+01  .13096715E+01
   .16000000E+01  .12971459E+01
   .16400000E+01  .12845460E+01
   .16800000E+01  .12718705E+01
   .17200000E+01  .12591185E+01
   .17600000E+01  .12462888E+01
   .18000000E+01  .12333803E+01
   .18400000E+01  .12203917E+01
   .18800000E+01  .12073218E+01
   .19200000E+01  .11941696E+01
   .19600000E+01  .11809335E+01
   .20000000E+01  .11676125E+01
KBPotential  L  =       .00000   -.42286
  -.20000000E+01  .11949640E+01
  -.19600000E+01  .11788112E+01
  -.19200000E+01  .11624730E+01
  -.18800000E+01  .11459442E+01
  -.18400000E+01  .11292188E+01
  -.18000000E+01  .11122911E+01
  -.17600000E+01  .10951547E+01
  -.17200000E+01  .10778031E+01
  -.16800000E+01  .10602296E+01
  -.16400000E+01  .10424269E+01
  -.16000000E+01  .10243876E+01
  -.15600000E+01  .10061038E+01
  -.15200000E+01  .98756736E+00
  -.14800000E+01  .96876963E+00
  -.14400000E+01  .94970154E+00
  -.14000000E+01  .93035357E+00
  -.13600000E+01  .91071570E+00
  -.13200000E+01  .89077740E+00
  -.12800000E+01  .87052757E+00
  -.12400000E+01  .84995452E+00
  -.12000000E+01  .82904590E+00
  -.11600000E+01  .80778872E+00
  -.11200000E+01  .78616920E+00
  -.10800000E+01  .76417282E+00
  -.10400000E+01  .74178420E+00
  -.10000000E+01  .71898703E+00
  -.96000000E+00  .69576406E+00
  -.92000000E+00  .67209695E+00
  -.88000000E+00  .64796626E+00
  -.84000000E+00  .62335130E+00
  -.80000000E+00  .59823007E+00
  -.76000000E+00  .57257912E+00
  -.72000000E+00  .54637344E+00
  -.68000000E+00  .51958636E+00
  -.64000000E+00  .49218936E+00
  -.60000000E+00  .46415190E+00
  -.56000000E+00  .43544130E+00
  -.52000000E+00  .40602248E+00
  -.48000000E+00  .37585777E+00
  -.44000000E+00  .34490665E+00
  -.40000000E+00  .31312547E+00
  -.36000000E+00  .28046716E+00
  -.32000000E+00  .24688085E+00
  -.28000000E+00  .21231151E+00
  -.24000000E+00  .17669950E+00
  -.20000000E+00  .13998007E+00
  -.16000000E+00  .10208278E+00
  -.12000000E+00  .62930902E-01
  -.80000000E-01  .22440645E-01
  -.40000000E-01 -.19479634E-01
   .12351231E-14 -.62930420E-01
   .40000000E-01 -.10802211E+00
   .80000000E-01 -.15487628E+00
   .12000000E+00 -.20362716E+00
   .16000000E+00 -.25442329E+00
   .20000000E+00 -.30742955E+00
   .24000000E+00 -.36282944E+00
   .28000000E+00 -.42082778E+00
   .32000000E+00 -.48165395E+00
   .36000000E+00 -.54556567E+00
   .40000000E+00 -.61285357E+00
   .44000000E+00 -.68384658E+00
   .48000000E+00 -.75891850E+00
   .52000000E+00 -.83849611E+00
   .56000000E+00 -.92306807E+00
   .60000000E+00 -.10131982E+01
   .64000000E+00 -.11095391E+01
   .68000000E+00 -.12128509E+01
   .72000000E+00 -.13240245E+01
   .76000000E+00 -.14441107E+01
   .80000000E+00 -.15743585E+01
   .84000000E+00 -.17162623E+01
   .88000000E+00 -.18716281E+01
   .92000000E+00 -.20426576E+01
   .96000000E+00 -.22320629E+01
   .10000000E+01 -.24432241E+01
   .10400000E+01 -.26804084E+01
   .10800000E+01 -.29490820E+01
   .11200000E+01 -.32563626E+01
   .11600000E+01 -.36116950E+01
   .12000000E+01 -.40278866E+01
   .12400000E+01 -.45227508E+01
   .12800000E+01 -.51218182E+01
   .13200000E+01 -.58630239E+01
   .13600000E+01 -.68052839E+01
   .14000000E+01 -.80453284E+01
   .14400000E+01 -.97538417E+01
   .14800000E+01 -.12262840E+02
   .15200000E+01 -.16315278E+02
   .15600000E+01 -.23985689E+02
   .16000000E+01 -.44085396E+02
   .16400000E+01 -.23749651E+03
   .16800000E+01  .72574096E+02
   .17200000E+01  .31913771E+02
   .17600000E+01  .20618001E+02
   .18000000E+01  .15308657E+02
   .18400000E+01  .12219174E+02
   .18800000E+01  .10194921E+02
   .19200000E+01  .87636453E+01
   .19600000E+01  .76962610E+01
   .20000000E+01  .68681852E+01
KBPotential  L  =      1.00000   -.42200
  -.20000000E+01  .13112873E+01
  -.19600000E+01  .12961237E+01
  -.19200000E+01  .12807939E+01
  -.18800000E+01  .12652930E+01
  -.18400000E+01  .12496156E+01
  -.18000000E+01  .12337562E+01
  -.17600000E+01  .12177091E+01
  -.17200000E+01  .12014681E+01
  -.16800000E+01  .11850269E+01
  -.16400000E+01  .11683787E+01
  -.16000000E+01  .11515166E+01
  -.15600000E+01  .11344331E+01
  -.15200000E+01  .11171204E+01
  -.14800000E+01  .10995703E+01
  -.14400000E+01  .10817741E+01
  -.14000000E+01  .10637227E+01
  -.13600000E+01  .10454064E+01
  -.13200000E+01  .10268149E+01
  -.12800000E+01  .10079375E+01
  -.12400000E+01  .98876269E+00
  -.12000000E+01  .96927830E+00
  -.11600000E+01  .94947144E+00
  -.11200000E+01  .92932842E+00
  -.10800000E+01  .90883466E+00
  -.10400000E+01  .88797464E+00
  -.10000000E+01  .86673181E+00
  -.96000000E+00  .84508853E+00
  -.92000000E+00  .82302593E+00
  -.88000000E+00  .80052383E+00
  -.84000000E+00  .77756064E+00
  -.80000000E+00  .75411315E+00
  -.76000000E+00  .73015648E+00
  -.72000000E+00  .70566384E+00
  -.68000000E+00  .68060640E+00
  -.64000000E+00  .65495302E+00
  -.60000000E+00  .62867009E+00
  -.56000000E+00  .60172122E+00
  -.52000000E+00  .57406695E+00
  -.48000000E+00  .54566442E+00
  -.44000000E+00  .51646701E+00
  -.40000000E+00  .48642389E+00
  -.36000000E+00  .45547950E+00
  -.32000000E+00  .42357306E+00
  -.28000000E+00  .39063785E+00
  -.24000000E+00  .35660051E+00
  -.20000000E+00  .32138016E+00
  -.16000000E+00  .28488741E+00
  -.12000000E+00  .24702320E+00
  -.80000000E-01  .20767745E+00
  -.40000000E-01  .16672746E+00
   .12351231E-14  .12403602E+00
   .40000000E-01  .79449236E-01
   .80000000E-01  .32793832E-01
   .12000000E+00 -.16125972E-01
   .16000000E+00 -.67532273E-01
   .20000000E+00 -.12167809E+00
   .24000000E+00 -.17885295E+00
   .28000000E+00 -.23938976E+00
   .32000000E+00 -.30367328E+00
   .36000000E+00 -.37215067E+00
   .40000000E+00 -.44534470E+00
   .44000000E+00 -.52387047E+00
   .48000000E+00 -.60845681E+00
   .52000000E+00 -.69997393E+00
   .56000000E+00 -.79946947E+00
   .60000000E+00 -.90821622E+00
   .64000000E+00 -.10277762E+01
   .68000000E+00 -.11600878E+01
   .72000000E+00 -.13075864E+01
   .76000000E+00 -.14733754E+01
   .80000000E+00 -.16614710E+01
   .84000000E+00 -.18771660E+01
   .88000000E+00 -.21275805E+01
   .92000000E+00 -.24225250E+01
   .96000000E+00 -.27759048E+01
   .10000000E+01 -.32081053E+01
   .10400000E+01 -.37502653E+01
   .10800000E+01 -.44524469E+01
   .11200000E+01 -.54005847E+01
   .11600000E+01 -.67556335E+01
   .12000000E+01 -.88582912E+01
   .12400000E+01 -.12577090E+02
   .12800000E+01 -.20976828E+02
   .13200000E+01 -.58192327E+02
   .13600000E+01  .82503069E+02
   .14000000E+01  .24755841E+02
   .14400000E+01  .14755241E+02
   .14800000E+01  .10595688E+02
   .15200000E+01  .83109130E+01
   .15600000E+01  .68627675E+01
   .16000000E+01  .58601076E+01
   .16400000E+01  .51226969E+01
   .16800000E+01  .45559397E+01
   .17200000E+01  .41054145E+01
   .17600000E+01  .37375924E+01
   .18000000E+01  .34306887E+01
   .18400000E+01  .31699342E+01
   .18800000E+01  .29449609E+01
   .19200000E+01  .27482757E+01
   .19600000E+01  .25743280E+01
   .20000000E+01  .24189180E+01
KBPotential  L  =      2.00000    .00000
  -.20000000E+01  .15834766E+01
  -.19600000E+01  .15714412E+01
  -.19200000E+01  .15593277E+01
  -.18800000E+01  .15471345E+01
  -.18400000E+01  .15348603E+01
  -.18000000E+01  .15225037E+01
  -.17600000E+01  .15100631E+01
  -.17200000E+01  .14975371E+01
  -.16800000E+01  .14849241E+01
  -.16400000E+01  .14722224E+01
  -.16000000E+01  .14594305E+01
  -.15600000E+01  .14465465E+01
  -.15200000E+01  .14335689E+01
  -.14800000E+01  .14204957E+01
  -.14400000E+01  .14073251E+01
  -.14000000E+01  .13940553E+01
  -.13600000E+01  .13806841E+01
  -.13200000E+01  .13672097E+01
  -.12800000E+01  .13536300E+01
  -.12400000E+01  .13399427E+01
  -.12000000E+01  .13261457E+01
  -.11600000E+01  .13122367E+01
  -.11200000E+01  .12982133E+01
  -.10800000E+01  .12840731E+01
  -.10400000E+01  .12698136E+01
  -.10000000E+01  .12554322E+01
  -.96000000E+00  .12409262E+01
  -.92000000E+00  .12262929E+01
  -.88000000E+00  .12115294E+01
  -.84000000E+00  .11966327E+01
  -.80000000E+00  .11815999E+01
  -.76000000E+00  .11664277E+01
  -.72000000E+00  .11511128E+01
  -.68000000E+00  .11356520E+01
  -.64000000E+00  .11200417E+01
  -.60000000E+00  .11042783E+01
  -.56000000E+00  .10883580E+01
  -.52000000E+00  .10722769E+01
  -.48000000E+00  .10560310E+01
  -.44000000E+00  .10396161E+01
  -.40000000E+00  .10230279E+01
  -.36000000E+00  .10062618E+01
  -.32000000E+00  .98931321E+00
  -.28000000E+00  .97217721E+00
  -.24000000E+00  .95484875E+00
  -.20000000E+00  .93732258E+00
  -.16000000E+00  .91959323E+00
  -.12000000E+00  .90165500E+00
  -.80000000E-01  .88350196E+00
  -.40000000E-01  .86512795E+00
   .12351231E-14  .84652652E+00
   .40000000E-01  .82769097E+00
   .80000000E-01  .80861429E+00
   .12000000E+00  .78928920E+00
   .16000000E+00  .76970805E+00
   .20000000E+00  .74986288E+00
   .24000000E+00  .72974535E+00
   .28000000E+00  .70934677E+00
   .32000000E+00  .68865800E+00
   .36000000E+00  .66766951E+00
   .40000000E+00  .64637129E+00
   .44000000E+00  .62475287E+00
   .48000000E+00  .60280323E+00
   .52000000E+00  .58051084E+00
   .56000000E+00  .55786357E+00
   .60000000E+00  .53484869E+00
   .64000000E+00  .51145280E+00
   .68000000E+00  .48766178E+00
   .72000000E+00  .46346079E+00
   .76000000E+00  .43883418E+00
   .80000000E+00  .41376544E+00
   .84000000E+00  .38823713E+00
   .88000000E+00  .36223087E+00
   .92000000E+00  .33572719E+00
   .96000000E+00  .30870548E+00
   .10000000E+01  .28114394E+00
   .10400000E+01  .25301947E+00
   .10800000E+01  .22430754E+00
   .11200000E+01  .19498212E+00
   .11600000E+01  .16501553E+00
   .12000000E+01  .13437833E+00
   .12400000E+01  .10303915E+00
   .12800000E+01  .70964553E-01
   .13200000E+01  .38118865E-01
   .13600000E+01  .44639509E-02
   .14000000E+01 -.30040985E-01
   .14400000E+01 -.65439630E-01
   .14800000E+01 -.10177884E+00
   .15200000E+01 -.13910892E+00
   .15600000E+01 -.17748396E+00
   .16000000E+01 -.21696222E+00
   .16400000E+01 -.25760647E+00
   .16800000E+01 -.29948453E+00
   .17200000E+01 -.34266973E+00
   .17600000E+01 -.38724151E+00
   .18000000E+01 -.43328608E+00
   .18400000E+01 -.48089711E+00
   .18800000E+01 -.53017663E+00
   .19200000E+01 -.58123594E+00
   .19600000E+01 -.63419669E+00
   .20000000E+01 -.68919218E+00
KBPotential  L  =      3.00000    .00000
  -.20000000E+01  .18883667E+01
  -.19600000E+01  .18783711E+01
  -.19200000E+01  .18683310E+01
  -.18800000E+01  .18582459E+01
  -.18400000E+01  .18481153E+01
  -.18000000E+01  .18379385E+01
  -.17600000E+01  .18277150E+01
  -.17200000E+01  .18174444E+01
  -.16800000E+01  .18071258E+01
  -.16400000E+01  .17967589E+01
  -.16000000E+01  .17863429E+01
  -.15600000E+01  .17758773E+01
  -.15200000E+01  .17653614E+01
  -.14800000E+01  .17547946E+01
  -.14400000E+01  .17441762E+01
  -.14000000E+01  .17335055E+01
  -.13600000E+01  .17227820E+01
  -.13200000E+01  .17120048E+01
  -.12800000E+01  .17011733E+01
  -.12400000E+01  .16902867E+01
  -.12000000E+01  .16793443E+01
  -.11600000E+01  .16683454E+01
  -.11200000E+01  .16572892E+01
  -.10800000E+01  .16461748E+01
  -.10400000E+01  .16350016E+01
  -.10000000E+01  .16237687E+01
  -.96000000E+00  .16124752E+01
  -.92000000E+00  .16011203E+01
  -.88000000E+00  .15897031E+01
  -.84000000E+00  .15782227E+01
  -.80000000E+00  .15666783E+01
  -.76000000E+00  .15550689E+01
  -.72000000E+00  .15433935E+01
  -.68000000E+00  .15316512E+01
  -.64000000E+00  .15198410E+01
  -.60000000E+00  .15079618E+01
  -.56000000E+00  .14960127E+01
  -.52000000E+00  .14839925E+01
  -.48000000E+00  .14719003E+01
  -.44000000E+00  .14597348E+01
  -.40000000E+00  .14474949E+01
  -.36000000E+00  .14351795E+01
  -.32000000E+00  .14227875E+01
  -.28000000E+00  .14103174E+01
  -.24000000E+00  .13977682E+01
  -.20000000E+00  .13851386E+01
  -.16000000E+00  .13724272E+01
  -.12000000E+00  .13596326E+01
  -.80000000E-01  .13467536E+01
  -.40000000E-01  .13337888E+01
   .12351231E-14  .13207366E+01
   .40000000E-01  .13075956E+01
   .80000000E-01  .12943642E+01
   .12000000E+00  .12810410E+01
   .16000000E+00  .12676244E+01
   .20000000E+00  .12541126E+01
   .24000000E+00  .12405041E+01
   .28000000E+00  .12267970E+01
   .32000000E+00  .12129897E+01
   .36000000E+00  .11990803E+01
   .40000000E+00  .11850669E+01
   .44000000E+00  .11709477E+01
   .48000000E+00  .11567207E+01
   .52000000E+00  .11423838E+01
   .56000000E+00  .11279350E+01
   .60000000E+00  .11133721E+01
   .64000000E+00  .10986930E+01
   .68000000E+00  .10838954E+01
   .72000000E+00  .10689769E+01
   .76000000E+00  .10539352E+01
   .80000000E+00  .10387679E+01
   .84000000E+00  .10234723E+01
   .88000000E+00  .10080459E+01
   .92000000E+00  .99248602E+00
   .96000000E+00  .97678987E+00
   .10000000E+01  .96095462E+00
   .10400000E+01  .94497732E+00
   .10800000E+01  .92885495E+00
   .11200000E+01  .91258439E+00
   .11600000E+01  .89616242E+00
   .12000000E+01  .87958573E+00
   .12400000E+01  .86285087E+00
   .12800000E+01  .84595433E+00
   .13200000E+01  .82889244E+00
   .13600000E+01  .81166143E+00
   .14000000E+01  .79425740E+00
   .14400000E+01  .77667633E+00
   .14800000E+01  .75891404E+00
   .15200000E+01  .74096624E+00
   .15600000E+01  .72282847E+00
   .16000000E+01  .70449612E+00
   .16400000E+01  .68596440E+00
   .16800000E+01  .66722840E+00
   .17200000E+01  .64828297E+00
   .17600000E+01  .62912283E+00
   .18000000E+01  .60974247E+00
   .18400000E+01  .59013620E+00
   .18800000E+01  .57029809E+00
   .19200000E+01  .55022202E+00
   .19600000E+01  .52990162E+00
   .20000000E+01  .50933027E+00
KBPotential  L  =      4.00000    .00000
  -.20000000E+01  .22149178E+01
  -.19600000E+01  .22064002E+01
  -.19200000E+01  .21978549E+01
  -.18800000E+01  .21892818E+01
  -.18400000E+01  .21806806E+01
  -.18000000E+01  .21720511E+01
  -.17600000E+01  .21633929E+01
  -.17200000E+01  .21547060E+01
  -.16800000E+01  .21459899E+01
  -.16400000E+01  .21372444E+01
  -.16000000E+01  .21284693E+01
  -.15600000E+01  .21196643E+01
  -.15200000E+01  .21108291E+01
  -.14800000E+01  .21019634E+01
  -.14400000E+01  .20930671E+01
  -.14000000E+01  .20841396E+01
  -.13600000E+01  .20751808E+01
  -.13200000E+01  .20661905E+01
  -.12800000E+01  .20571682E+01
  -.12400000E+01  .20481138E+01
  -.12000000E+01  .20390268E+01
  -.11600000E+01  .20299069E+01
  -.11200000E+01  .20207540E+01
  -.10800000E+01  .20115675E+01
  -.10400000E+01  .20023473E+01
  -.10000000E+01  .19930930E+01
  -.96000000E+00  .19838042E+01
  -.92000000E+00  .19744805E+01
  -.88000000E+00  .19651218E+01
  -.84000000E+00  .19557276E+01
  -.80000000E+00  .19462975E+01
  -.76000000E+00  .19368312E+01
  -.72000000E+00  .19273283E+01
  -.68000000E+00  .19177885E+01
  -.64000000E+00  .19082114E+01
  -.60000000E+00  .18985965E+01
  -.56000000E+00  .18889435E+01
  -.52000000E+00  .18792520E+01
  -.48000000E+00  .18695216E+01
  -.44000000E+00  .18597520E+01
  -.40000000E+00  .18499425E+01
  -.36000000E+00  .18400930E+01
  -.32000000E+00  .18302028E+01
  -.28000000E+00  .18202717E+01
  -.24000000E+00  .18102991E+01
  -.20000000E+00  .18002845E+01
  -.16000000E+00  .17902276E+01
  -.12000000E+00  .17801278E+01
  -.80000000E-01  .17699848E+01
  -.40000000E-01  .17597979E+01
   .12351231E-14  .17495668E+01
   .40000000E-01  .17392909E+01
   .80000000E-01  .17289697E+01
   .12000000E+00  .17186027E+01
   .16000000E+00  .17081894E+01
   .20000000E+00  .16977292E+01
   .24000000E+00  .16872216E+01
   .28000000E+00  .16766660E+01
   .32000000E+00  .16660620E+01
   .36000000E+00  .16554089E+01
   .40000000E+00  .16447060E+01
   .44000000E+00  .16339530E+01
   .48000000E+00  .16231490E+01
   .52000000E+00  .16122936E+01
   .56000000E+00  .16013861E+01
   .60000000E+00  .15904258E+01
   .64000000E+00  .15794122E+01
   .68000000E+00  .15683445E+01
   .72000000E+00  .15572220E+01
   .76000000E+00  .15460442E+01
   .80000000E+00  .15348103E+01
   .84000000E+00  .15235195E+01
   .88000000E+00  .15121712E+01
   .92000000E+00  .15007647E+01
   .96000000E+00  .14892990E+01
   .10000000E+01  .14777736E+01
   .10400000E+01  .14661877E+01
   .10800000E+01  .14545403E+01
   .11200000E+01  .14428307E+01
   .11600000E+01  .14310582E+01
   .12000000E+01  .14192217E+01
   .12400000E+01  .14073205E+01
   .12800000E+01  .13953538E+01
   .13200000E+01  .13833205E+01
   .13600000E+01  .13712198E+01
   .14000000E+01  .13590507E+01
   .14400000E+01  .13468123E+01
   .14800000E+01  .13345037E+01
   .15200000E+01  .13221237E+01
   .15600000E+01  .13096715E+01
   .16000000E+01  .12971459E+01
   .16400000E+01  .12845460E+01
   .16800000E+01  .12718705E+01
   .17200000E+01  .12591185E+01
   .17600000E+01  .12462888E+01
   .18000000E+01  .12333803E+01
   .18400000E+01  .12203917E+01
   .18800000E+01  .12073218E+01
   .19200000E+01  .11941696E+01
   .19600000E+01  .11809335E+01
   .20000000E+01  .11676125E+01
