Ru: s1 d7                               
  .140624823E-01  .142761742E-01  .144931047E-01  .147133227E-01  .149368778E-01
  .151638204E-01  .153942016E-01  .156280732E-01  .158654879E-01  .161064993E-01
  .163511615E-01  .165995295E-01  .168516594E-01  .171076078E-01  .173674323E-01
  .176311913E-01  .178989442E-01  .181707512E-01  .184466733E-01  .187267726E-01
  .190111120E-01  .192997555E-01  .195927678E-01  .198902148E-01  .201921633E-01
  .204986810E-01  .208098369E-01  .211257007E-01  .214463432E-01  .217718366E-01
  .221022536E-01  .224376686E-01  .227781567E-01  .231237941E-01  .234746585E-01
  .238308284E-01  .241923837E-01  .245594052E-01  .249319754E-01  .253101774E-01
  .256940962E-01  .260838175E-01  .264794286E-01  .268810180E-01  .272886756E-01
  .277024925E-01  .281225612E-01  .285489757E-01  .289818313E-01  .294212247E-01
  .298672540E-01  .303200189E-01  .307796206E-01  .312461615E-01  .317197458E-01
  .322004793E-01  .326884692E-01  .331838243E-01  .336866551E-01  .341970736E-01
  .347151938E-01  .352411309E-01  .357750023E-01  .363169268E-01  .368670250E-01
  .374254195E-01  .379922345E-01  .385675961E-01  .391516324E-01  .397444732E-01
  .403462503E-01  .409570975E-01  .415771505E-01  .422065471E-01  .428454271E-01
  .434939323E-01  .441522067E-01  .448203963E-01  .454986494E-01  .461871165E-01
  .468859502E-01  .475953054E-01  .483153392E-01  .490462113E-01  .497880834E-01
  .505411199E-01  .513054874E-01  .520813551E-01  .528688946E-01  .536682800E-01
  .544796880E-01  .553032981E-01  .561392921E-01  .569878548E-01  .578491734E-01
  .587234381E-01  .596108418E-01  .605115802E-01  .614258521E-01  .623538588E-01
  .632958050E-01  .642518980E-01  .652223486E-01  .662073702E-01  .672071798E-01
  .682219971E-01  .692520454E-01  .702975512E-01  .713587442E-01  .724358575E-01
  .735291276E-01  .746387945E-01  .757651018E-01  .769082965E-01  .780686293E-01
  .792463545E-01  .804417301E-01  .816550180E-01  .828864838E-01  .841363969E-01
  .854050310E-01  .866926633E-01  .879995753E-01  .893260527E-01  .906723851E-01
  .920388664E-01  .934257949E-01  .948334731E-01  .962622080E-01  .977123109E-01
  .991840978E-01  .100677889E+00  .102194010E+00  .103732791E+00  .105294566E+00
  .106879674E+00  .108488461E+00  .110121275E+00  .111778472E+00  .113460410E+00
  .115167454E+00  .116899975E+00  .118658347E+00  .120442953E+00  .122254177E+00
  .124092413E+00  .125958056E+00  .127851512E+00  .129773188E+00  .131723501E+00
  .133702870E+00  .135711722E+00  .137750492E+00  .139819618E+00  .141919545E+00
  .144050727E+00  .146213621E+00  .148408693E+00  .150636414E+00  .152897263E+00
  .155191725E+00  .157520292E+00  .159883465E+00  .162281749E+00  .164715659E+00
  .167185714E+00  .169692444E+00  .172236385E+00  .174818080E+00  .177438081E+00
  .180096947E+00  .182795245E+00  .185533551E+00  .188312447E+00  .191132526E+00
  .193994388E+00  .196898640E+00  .199845901E+00  .202836797E+00  .205871962E+00
  .208952039E+00  .212077683E+00  .215249555E+00  .218468325E+00  .221734677E+00
  .225049298E+00  .228412891E+00  .231826165E+00  .235289840E+00  .238804647E+00
  .242371324E+00  .245990625E+00  .249663309E+00  .253390149E+00  .257171927E+00
  .261009438E+00  .264903486E+00  .268854887E+00  .272864469E+00  .276933070E+00
  .281061542E+00  .285250746E+00  .289501558E+00  .293814863E+00  .298191562E+00
  .302632565E+00  .307138796E+00  .311711193E+00  .316350704E+00  .321058294E+00
  .325834939E+00  .330681627E+00  .335599363E+00  .340589163E+00  .345652060E+00
  .350789097E+00  .356001336E+00  .361289849E+00  .366655727E+00  .372100073E+00
  .377624007E+00  .383228661E+00  .388915187E+00  .394684750E+00  .400538530E+00
  .406477727E+00  .412503552E+00  .418617237E+00  .424820028E+00  .431113190E+00
  .437498002E+00  .443975764E+00  .450547792E+00  .457215418E+00  .463979994E+00
  .470842890E+00  .477805494E+00  .484869213E+00  .492035472E+00  .499305717E+00
  .506681411E+00  .514164038E+00  .521755101E+00  .529456125E+00  .537268653E+00
  .545194249E+00  .553234498E+00  .561391007E+00  .569665403E+00  .578059334E+00
  .586574473E+00  .595212511E+00  .603975164E+00  .612864169E+00  .621881288E+00
  .631028303E+00  .640307021E+00  .649719274E+00  .659266916E+00  .668951826E+00
  .678775906E+00  .688741085E+00  .698849316E+00  .709102578E+00  .719502874E+00
  .730052234E+00  .740752714E+00  .751606397E+00  .762615392E+00  .773781836E+00
  .785107892E+00  .796595753E+00  .808247636E+00  .820065792E+00  .832052495E+00
  .844210051E+00  .856540795E+00  .869047091E+00  .881731334E+00  .894595947E+00
  .907643385E+00  .920876134E+00  .934296710E+00  .947907663E+00  .961711573E+00
  .975711051E+00  .989908743E+00  .100430733E+01  .101890951E+01  .103371804E+01
  .104873570E+01  .106396530E+01  .107940968E+01  .109507172E+01  .111095435E+01
  .112706052E+01  .114339321E+01  .115995546E+01  .117675031E+01  .119378088E+01
  .121105030E+01  .122856174E+01  .124631841E+01  .126432356E+01  .128258049E+01
  .130109252E+01  .131986302E+01  .133889540E+01  .135819311E+01  .137775963E+01
  .139759849E+01  .141771328E+01  .143810759E+01  .145878508E+01  .147974946E+01
  .150100446E+01  .152255387E+01  .154440151E+01  .156655126E+01  .158900702E+01
  .161177277E+01  .163485250E+01  .165825026E+01  .168197016E+01  .170601634E+01
  .173039297E+01  .175510431E+01  .178015463E+01  .180554826E+01  .183128958E+01
  .185738303E+01  .188383306E+01  .191064422E+01  .193782106E+01  .196536822E+01
  .199329037E+01  .202159224E+01  .205027858E+01  .207935425E+01  .210882410E+01
  .213869306E+01  .216896613E+01  .219964832E+01  .223074473E+01  .226226050E+01
  .229420081E+01  .232657091E+01  .235937610E+01  .239262173E+01  .242631322E+01
  .246045601E+01  .249505563E+01  .253011766E+01  .256564771E+01  .260165147E+01
  .263813468E+01  .267510314E+01  .271256269E+01  .275051926E+01  .278897879E+01
  .282794732E+01  .286743092E+01  .290743573E+01  .294796794E+01  .298903381E+01
  .303063965E+01  .307279182E+01  .311549675E+01  .315876092E+01  .320259089E+01
  .324699324E+01  .329197464E+01  .333754181E+01  .338370153E+01  .343046062E+01
  .347782599E+01  .352580459E+01  .357440343E+01  .362362957E+01  .367349016E+01
  .372399237E+01  .377514346E+01  .382695072E+01  .387942153E+01  .393256330E+01
  .398638351E+01  .404088969E+01  .409608945E+01  .415199044E+01  .420860036E+01
  .426592698E+01  .432397812E+01  .438276167E+01  .444228555E+01  .450255777E+01
  .456358636E+01  .462537942E+01  .468794512E+01  .475129165E+01  .481542730E+01
  .488036036E+01  .494609921E+01  .501265228E+01  .508002802E+01  .514823497E+01
  .521728170E+01  .528717682E+01  .535792902E+01  .542954700E+01  .550203953E+01
  .557541543E+01  .564968355E+01  .572485279E+01  .580093209E+01  .587793044E+01
  .595585688E+01  .603472046E+01  .611453030E+01  .619529554E+01  .627702537E+01
  .635972900E+01  .644341568E+01  .652809471E+01  .661377539E+01  .670046708E+01
  .678817915E+01  .687692100E+01  .696670207E+01  .705753180E+01  .714941968E+01
  .724237520E+01  .733640787E+01  .743152722E+01  .752774281E+01  .762506419E+01
  .772350093E+01  .782306262E+01  .792375884E+01  .802559918E+01  .812859325E+01
  .823275063E+01  .833808091E+01  .844459369E+01  .855229855E+01  .866120506E+01
  .877132277E+01  .888266124E+01  .899523000E+01  .910903853E+01  .922409634E+01
  .934041288E+01  .945799757E+01  .957685981E+01  .969700896E+01  .981845434E+01
  .994120522E+01  .100652708E+02  .101906604E+02  .103173830E+02  .104454477E+02
  .105748635E+02  .107056395E+02  .108377843E+02  .109713070E+02  .111062162E+02
  .112425205E+02  .113802285E+02  .115193488E+02  .116598896E+02  .118018594E+02
  .119452661E+02  .120901180E+02  .122364231E+02  .123841891E+02  .125334237E+02
  .126841347E+02  .128363294E+02  .129900152E+02  .131451992E+02  .133018887E+02
  .134600903E+02  .136198108E+02  .137810569E+02  .139438349E+02  .141081510E+02
  .142740113E+02  .144414216E+02  .146103875E+02  .147809146E+02  .149530081E+02
  .151266730E+02  .153019141E+02  .154787360E+02  .156571432E+02  .158371396E+02
  .160187291E+02  .162019155E+02  .163867019E+02  .165730916E+02  .167610873E+02
  .169506916E+02  .171419067E+02  .173347345E+02  .175291767E+02  .177252346E+02
  .179229092E+02  .181222012E+02  .183231109E+02  .185256383E+02  .187297830E+02
  .189355445E+02  .191429214E+02  .193519125E+02  .195625158E+02  .197747291E+02
  .199885497E+02  .202039747E+02  .204210005E+02  .206396232E+02  .208598385E+02
  .210816416E+02  .213050273E+02  .215299899E+02  .217565232E+02  .219846205E+02
  .222142748E+02  .224454783E+02  .226782230E+02  .229125002E+02  .231483006E+02
  .233856147E+02  .236244320E+02  .238647419E+02  .241065328E+02  .243497930E+02
  .245945098E+02  .248406702E+02  .250882605E+02  .253372662E+02  .255876726E+02
  .258394641E+02  .260926245E+02  .263471369E+02  .266029840E+02  .268601475E+02
  .271186088E+02  .273783483E+02  .276393460E+02  .279015809E+02  .281650316E+02
  .284296758E+02  .286954906E+02  .289624523E+02  .292305366E+02  .294997183E+02
  .297699715E+02  .300412697E+02  .303135854E+02  .305868906E+02  .308611564E+02
  .311363530E+02  .314124501E+02  .316894164E+02  .319672199E+02  .322458278E+02
  .325252065E+02  .328053215E+02  .330861378E+02  .333676191E+02  .336497287E+02
  .339324290E+02  .342156814E+02  .344994467E+02  .347836848E+02  .350683547E+02
  .353534146E+02  .356388219E+02  .359245333E+02  .362105045E+02  .364966904E+02
  .367830452E+02  .370695221E+02  .373560736E+02  .376426513E+02  .379292062E+02
  .382156883E+02  .385020467E+02  .387882299E+02  .390741857E+02  .393598607E+02
  .396452012E+02  .399301524E+02  .402146589E+02  .404986645E+02  .407821122E+02
  .410649443E+02  .413471025E+02  .416285277E+02  .419091601E+02  .421889391E+02
  .424678036E+02  .427456918E+02  .430225414E+02  .432982891E+02  .435728714E+02
  .438462240E+02  .441182820E+02  .443889803E+02  .446582528E+02  .449260332E+02
  .451922547E+02  .454568499E+02  .457197512E+02  .459808903E+02  .462401989E+02
  .464976079E+02  .467530484E+02  .470064508E+02  .472577453E+02  .475068622E+02
  .477537312E+02  .479982820E+02  .482404443E+02  .484801475E+02  .487173212E+02
  .489518947E+02  .491837975E+02  .494129592E+02  .496393094E+02  .498627780E+02
  .500832948E+02  .503007903E+02  .505151948E+02  .507264392E+02  .509344548E+02
  .511391733E+02  .513405267E+02  .515384477E+02  .517328696E+02  .519237262E+02
  .521109522E+02  .522944827E+02  .524742539E+02  .526502027E+02  .528222669E+02
  .529903854E+02  .531544980E+02  .533145456E+02  .534704702E+02  .536222151E+02
  .537697248E+02  .539129452E+02  .540518234E+02  .541863082E+02  .543163497E+02
  .544418998E+02  .545629119E+02  .546793410E+02  .547911441E+02  .548982799E+02
  .550007091E+02  .550983944E+02  .551913004E+02  .552793938E+02  .553626437E+02
  .554410212E+02  .555144998E+02  .555830554E+02  .556466664E+02  .557053135E+02
  .557589801E+02  .558076524E+02  .558513189E+02  .558899713E+02  .559236038E+02
  .559522137E+02  .559758011E+02  .559943693E+02  .560079245E+02  .560164761E+02
  .560200368E+02  .560186223E+02  .560122518E+02  .560009477E+02  .559847361E+02
  .559636463E+02  .559377111E+02  .559069669E+02  .558714539E+02  .558312156E+02
  .557862994E+02  .557367563E+02  .556826412E+02  .556240126E+02  .555609330E+02
  .554934687E+02  .554216897E+02  .553456700E+02  .552654877E+02  .551812245E+02
  .550929662E+02  .550008026E+02  .549048273E+02  .548051380E+02  .547018363E+02
  .545950276E+02  .544848215E+02  .543713312E+02  .542546742E+02  .541349716E+02
  .540123482E+02  .538869331E+02  .537588588E+02  .536282617E+02  .534952818E+02
  .533600628E+02  .532227521E+02  .530835004E+02  .529424621E+02  .527997949E+02
  .526556597E+02  .525102210E+02  .523636461E+02  .522161055E+02  .520677726E+02
  .519188239E+02  .517694384E+02  .516197978E+02  .514700865E+02  .513204910E+02
  .511712004E+02  .510224058E+02  .508743002E+02  .507270787E+02  .505809377E+02
  .504360757E+02  .502926921E+02  .501509878E+02  .500111645E+02  .498734251E+02
  .497379728E+02  .496050116E+02  .494747457E+02  .493473793E+02  .492231165E+02
  .491021613E+02  .489847171E+02  .488709863E+02  .487611706E+02  .486554704E+02
  .485540849E+02  .484572113E+02  .483650451E+02  .482777798E+02  .481956062E+02
  .481187128E+02  .480472850E+02  .479815053E+02  .479215527E+02  .478676025E+02
  .478198264E+02  .477783916E+02  .477434612E+02  .477151934E+02  .476937418E+02
  .476792545E+02  .476718743E+02  .476717384E+02  .476789779E+02  .476937178E+02
  .477160765E+02  .477461659E+02  .477840906E+02  .478299485E+02  .478838295E+02
  .479458161E+02  .480159829E+02  .480943962E+02  .481811140E+02  .482761857E+02
  .483796518E+02  .484915439E+02  .486118843E+02  .487406857E+02  .488779516E+02
  .490236754E+02  .491778407E+02  .493404208E+02  .495113789E+02  .496906677E+02
  .498782296E+02  .500739961E+02  .502778879E+02  .504898151E+02  .507096766E+02
  .509373605E+02  .511727438E+02  .514156922E+02  .516660605E+02  .519236921E+02
  .521884196E+02  .524600641E+02  .527384357E+02  .530233336E+02  .533145457E+02
  .536118491E+02  .539150101E+02  .542237842E+02  .545379164E+02  .548571411E+02
  .551811825E+02  .555097546E+02  .558425615E+02  .561792975E+02  .565196477E+02
  .568632878E+02  .572098843E+02  .575590955E+02  .579105709E+02  .582639522E+02
  .586188733E+02  .589749608E+02  .593318343E+02  .596891067E+02  .600463851E+02
  .604032703E+02  .607593583E+02  .611142400E+02  .614675020E+02  .618187270E+02
  .621674944E+02  .625133806E+02  .628559599E+02  .631948048E+02  .635294866E+02
  .638595758E+02  .641846431E+02  .645042597E+02  .648179980E+02  .651254323E+02
  .654261390E+02  .657196979E+02  .660056925E+02  .662837104E+02  .665533445E+02
  .668141933E+02  .670658616E+02  .673079612E+02  .675401116E+02  .677619407E+02
  .679730854E+02  .681731924E+02  .683619184E+02  .685389314E+02  .687039110E+02
  .688565492E+02  .689965508E+02  .691236341E+02  .692375318E+02  .693379913E+02
  .694247755E+02  .694976630E+02  .695564493E+02  .696009466E+02  .696309852E+02
  .696464130E+02  .696470968E+02  .696329226E+02  .696037955E+02  .695596409E+02
  .695004043E+02  .694260521E+02  .693365715E+02  .692319712E+02  .691122814E+02
  .689775542E+02  .688278635E+02  .686633059E+02  .684839998E+02  .682900865E+02
  .680817296E+02  .678591153E+02  .676224522E+02  .673719717E+02  .671079272E+02
  .668305947E+02  .665402719E+02  .662372787E+02  .659219563E+02  .655946674E+02
  .652557955E+02  .649057447E+02  .645449392E+02  .641738227E+02  .637928582E+02
  .634025272E+02  .630033289E+02  .625957800E+02  .621804137E+02  .617577790E+02
  .613284400E+02  .608929751E+02  .604519759E+02  .600060466E+02  .595558030E+02
  .591018714E+02  .586448876E+02  .581854962E+02  .577243490E+02  .572621042E+02
  .567994253E+02  .563369800E+02  .558754387E+02  .554154735E+02  .549577571E+02
  .545029614E+02  .540517562E+02  .536048081E+02  .531627789E+02  .527263248E+02
  .522960947E+02  .518727290E+02  .514568583E+02  .510491022E+02  .506500679E+02
  .502603489E+02  .498805238E+02  .495111550E+02  .491527875E+02  .488059474E+02
  .484711413E+02  .481488545E+02  .478395501E+02  .475436680E+02  .472616237E+02
  .469938070E+02  .467405817E+02  .465022838E+02  .462792214E+02  .460716729E+02
  .458798872E+02  .457040821E+02  .455444443E+02  .454011280E+02  .452742552E+02
  .451639144E+02  .450701604E+02  .449930144E+02  .449324628E+02  .448884576E+02
  .448609163E+02  .448497211E+02  .448547197E+02  .448757249E+02  .449125148E+02
  .449648329E+02  .450323888E+02  .451148579E+02  .452118825E+02  .453230721E+02
  .454480035E+02  .455862223E+02  .457372430E+02  .459005504E+02  .460755996E+02
  .462618181E+02  .464586058E+02  .466653369E+02  .468813605E+02  .471060023E+02
  .473385654E+02  .475783323E+02  .478245655E+02  .480765097E+02  .483333931E+02
  .485944287E+02  .488588160E+02  .491257432E+02  .493943881E+02  .496639201E+02
  .499335023E+02  .502022927E+02  .504694463E+02  .507341171E+02  .509954594E+02
  .512526300E+02  .515047899E+02  .517511063E+02  .519907540E+02  .522229178E+02
  .524467937E+02  .526615910E+02  .528665339E+02  .530608636E+02  .532438391E+02
  .534147399E+02  .535728669E+02  .537175441E+02  .538481204E+02  .539639705E+02
  .540644967E+02  .541491303E+02  .542173325E+02  .542685958E+02  .543024450E+02
  .543184388E+02  .543161697E+02  .542952661E+02  .542553921E+02  .541962491E+02
  .541175756E+02  .540191484E+02  .539007829E+02  .537623331E+02  .536036926E+02
  .534247941E+02  .532256100E+02  .530061523E+02  .527664722E+02  .525066603E+02
  .522268465E+02  .519271990E+02  .516079245E+02  .512692673E+02  .509115091E+02
  .505349677E+02  .501399968E+02  .497269849E+02  .492963544E+02  .488485604E+02
  .483840901E+02  .479034612E+02  .474072208E+02  .468959443E+02  .463702340E+02
  .458307174E+02  .452780463E+02  .447128945E+02  .441359575E+02  .435479495E+02
  .429496030E+02  .423416660E+02  .417249015E+02  .411000848E+02  .404680027E+02
  .398294503E+02  .391852314E+02  .385361543E+02  .378830322E+02  .372266798E+02
  .365679127E+02  .359075447E+02  .352463869E+02  .345852452E+02  .339249196E+02
  .332662010E+02  .326098713E+02  .319567004E+02  .313074456E+02  .306628492E+02
  .300236379E+02  .293905205E+02  .287641874E+02  .281453082E+02  .275345318E+02
  .269324836E+02  .263397660E+02  .257569557E+02  .251846043E+02  .246232358E+02
  .240733472E+02  .235354062E+02  .230098522E+02  .224970938E+02  .219975101E+02
  .215114484E+02  .210392258E+02  .205811266E+02  .201374043E+02  .197082797E+02
  .192939420E+02  .188945480E+02  .185102229E+02  .181410597E+02  .177871202E+02
  .174484345E+02  .171250024E+02  .168167928E+02  .165237452E+02  .162457693E+02
  .159827466E+02  .157345306E+02  .155009478E+02  .152817983E+02  .150768570E+02
  .148858743E+02  .147085772E+02  .145446704E+02  .143938374E+02  .142557414E+02
  .141300265E+02  .140163192E+02  .139142294E+02  .138233512E+02  .137432651E+02
  .136735382E+02  .136137265E+02  .135633753E+02  .135220210E+02  .134891922E+02
  .134644111E+02  .134471947E+02  .134370559E+02  .134335053E+02  .134360516E+02
  .134442038E+02  .134574714E+02  .134753664E+02  .134974039E+02  .135231034E+02
  .135519899E+02  .135835951E+02  .136174579E+02  .136531258E+02  .136901558E+02
  .137281150E+02  .137665816E+02  .138051454E+02  .138434094E+02  .138809896E+02
  .139175155E+02  .139526317E+02  .139859972E+02  .140172867E+02  .140461904E+02
  .140724154E+02  .140956846E+02  .141157384E+02  .141323333E+02  .141452436E+02
  .141542603E+02  .141591920E+02  .141598641E+02  .141561198E+02  .141478188E+02
  .141348380E+02  .141170708E+02  .140944275E+02  .140668342E+02  .140342334E+02
  .139965825E+02  .139538549E+02  .139060380E+02  .138531342E+02  .137951592E+02
  .137321427E+02  .136641265E+02  .135911656E+02  .135133259E+02  .134306852E+02
  .133433314E+02  .132513630E+02  .131548872E+02  .130540207E+02  .129488879E+02
  .128396213E+02  .127263597E+02  .126092489E+02  .124884400E+02  .123640896E+02
  .122363586E+02  .121054119E+02  .119714178E+02  .118345476E+02  .116949745E+02
  .115528738E+02  .114084218E+02  .112617954E+02  .111131720E+02  .109627286E+02
  .108106414E+02  .106570856E+02  .105022347E+02  .103462605E+02  .101893323E+02
  .100316168E+02  .987327777E+01  .971447562E+01  .955536726E+01  .939610578E+01
  .923684020E+01  .907771531E+01  .891887138E+01  .876044410E+01  .860256434E+01
  .844535806E+01  .828894618E+01  .813344451E+01  .797896364E+01  .782560892E+01
  .767348039E+01  .752267277E+01  .737327545E+01  .722537250E+01  .707904269E+01
  .693435946E+01  .679139089E+01  .665020033E+01  .651084510E+01  .637337903E+01
  .623784930E+01  .610430007E+01  .597276906E+01  .584329121E+01  .571589521E+01
  .559060725E+01  .546744754E+01  .534643411E+01  .522757921E+01  .511089326E+01
  .499638118E+01  .488404643E+01  .477388718E+01  .466590050E+01  .456007848E+01
  .445641246E+01  .435488906E+01  .425549447E+01  .415821048E+01  .406301881E+01
  .396989697E+01  .387882279E+01  .378977015E+01  .370271356E+01  .361762356E+01
  .353447216E+01  .345322763E+01  .337385946E+01  .329633391E+01  .322061870E+01
  .314667854E+01  .307447991E+01  .300398638E+01  .293516357E+01  .286797436E+01
  .280238390E+01  .273835472E+01  .267585184E+01  .261483754E+01  .255527729E+01
  .249713392E+01  .244037307E+01  .238495811E+01  .233085539E+01  .227802905E+01
  .222644630E+01  .217607228E+01  .212687525E+01  .207882146E+01  .203188039E+01
  .198601951E+01  .194120963E+01  .189741957E+01  .185462152E+01  .181278572E+01
  .177188584E+01  .173189356E+01  .169278404E+01  .165453047E+01  .161710953E+01
  .158049590E+01  .154466778E+01  .150960135E+01  .147527630E+01  .144167029E+01
  .140876448E+01  .137653798E+01  .134497338E+01  .131405113E+01  .128375525E+01
  .125406760E+01  .122497347E+01  .119645600E+01  .116850174E+01  .114109504E+01
  .111422368E+01  .108787314E+01  .106203231E+01  .103668778E+01  .101182948E+01
  .987445003E+00  .963525255E+00  .940058768E+00  .917037360E+00  .894450412E+00
  .872290565E+00  .850548006E+00  .829216136E+00  .808285849E+00  .787751228E+00
  .767603834E+00  .747838373E+00  .728446981E+00  .709424913E+00  .690764845E+00
  .672462528E+00  .654511091E+00  .636906719E+00  .619642964E+00  .602716392E+00
  .586120904E+00  .569853392E+00  .553908081E+00  .538282148E+00  .522970071E+00
  .507969264E+00  .493274832E+00  .478883309E+00  .464790966E+00  .450994206E+00
  .437489453E+00  .424273244E+00  .411342121E+00  .398692725E+00  .386321693E+00
  .374225744E+00  .362401581E+00  .350845976E+00  .339555694E+00  .328527524E+00
  .317758267E+00  .307244730E+00  .296983729E+00  .286972075E+00  .277206583E+00
  .267684059E+00  .258401305E+00  .249355112E+00  .240542264E+00  .231959528E+00
  .223603661E+00  .215471406E+00  .207559487E+00  .199864617E+00  .192383490E+00
  .185112784E+00  .178049162E+00  .171189270E+00  .164529739E+00  .158067186E+00
  .151798212E+00  .145719407E+00  .139827348E+00  .134118601E+00  .128589722E+00
  .123237260E+00  .118057757E+00  .113047750E+00  .108203737E+00  .103522288E+00
  .989999353E-01  .946332128E-01  .904186595E-01  .863528208E-01  .824322510E-01
  .786535148E-01  .750131898E-01  .715078688E-01  .681341617E-01  .648886975E-01
  .617681270E-01  .587691244E-01  .558883895E-01  .531226502E-01  .504686641E-01
  .479232205E-01  .454831428E-01  .431452900E-01  .409065588E-01  .387638852E-01
  .367142463E-01  .347546622E-01  .328821973E-01  .310939618E-01  .293871133E-01
  .277588583E-01  .262064529E-01  .247272047E-01  .233184403E-01  .219776072E-01
  .207021713E-01  .194896533E-01  .183376295E-01  .172437327E-01  .162056522E-01
  .152211346E-01  .142879837E-01  .134040613E-01  .125672869E-01  .117756378E-01
  .110271492E-01  .103199141E-01  .965208278E-02  .902186301E-02  .842751922E-02
  .786737233E-02  .733979915E-02  .684323182E-02  .637615714E-02  .593711592E-02
  .552470215E-02  .513756221E-02  .477439401E-02  .443394604E-02  .411501644E-02
  .381645195E-02  .353714694E-02  .327604228E-02  .303212424E-02  .280442340E-02
  .259201348E-02  .239401017E-02  .220956996E-02  .203788892E-02  .187820154E-02
  .172977951E-02  .159193047E-02  .146399688E-02  .134535473E-02  .123541242E-02
  .113360952E-02  .103941561E-02  .952329119E-03  .871876157E-03  .797609408E-03
  .729107000E-03  .665971416E-03  .607828424E-03  .554326032E-03  .505133458E-03
  .459940140E-03  .418454762E-03  .380404311E-03  .345533157E-03  .313602174E-03
  .284387873E-03  .257681577E-03  .233288619E-03  .211027569E-03  .190729494E-03
  .172237247E-03  .155404778E-03  .140096481E-03  .126186569E-03  .113558471E-03
  .102104264E-03  .917241220E-04  .823258052E-04  .738241611E-04  .661406584E-04
  .592029430E-04  .529444178E-04  .473038454E-04  .422249725E-04  .376561760E-04
  .335501296E-04  .298634896E-04  .265566002E-04  .235932168E-04  .209402461E-04
  .185675036E-04  .164474863E-04  .145551604E-04  .128677634E-04  .113646203E-04
  .100269712E-04  .883781273E-05  .778174952E-05  .684485741E-05  .601455635E-05
  .527949304E-05  .462943245E-05  .405515786E-05  .354837873E-05  .310164587E-05
  .270827360E-05  .236226822E-05  .205826248E-05  .179145557E-05  .155755831E-05
  .135274297E-05  .117359766E-05  .101708468E-05  .880502658E-06  .761452162E-06
  .657804499E-06  .567673424E-06  .489389553E-06  .421477222E-06  .362633614E-06
  .311709930E-06  .267694447E-06  .229697277E-06  .196936696E-06  .168726871E-06
  .144466886E-06  .123630916E-06  .105759464E-06  .904515457E-07  .773577307E-07
  .661739596E-07  .566360587E-07  .485148817E-07  .416120160E-07  .357559974E-07
  .307989816E-07  .266138271E-07  .230915503E-07  .201391161E-07  .176775368E-07
  .156402546E-07  .136572476E-07  .120111684E-07  .106536716E-07  .954438892E-08
  .864999656E-08  .794345229E-08  .740339192E-08  .701368022E-08  .676310945E-08
  .664526934E-08  .665856187E-08  .546467523E-08  .447777861E-08  .366327655E-08
  .299212726E-08  .243999017E-08  .198649787E-08  .161463529E-08  .131021131E-08
  .106140964E-08  .858407788E-09  .693054401E-09  .558596388E-09  .449448630E-09
  .360999924E-09  .289449758E-09  .231671267E-09  .185096362E-09  .147619622E-09
  .117518034E-09  .933840771E-10  .740700528E-10  .586418352E-10  .463405349E-10
  .365507745E-10  .287744869E-10  .226093154E-10  .177308418E-10  .138779930E-10
  .108410797E-10  .845201209E-11  .657631281E-11  .510660921E-11  .395734181E-11
  .306047047E-11  .236199715E-11  .181915577E-11  .139814590E-11  .107230878E-11
  .820662553E-12  .626728320E-12  .477591373E-12  .363152065E-12  .275529329E-12
  .208586761E-12  .157556924E-12  .118744168E-12  .892900892E-13  .669888411E-13
  .501420304E-13  .374449754E-13  .278977540E-13  .207358001E-13  .153758794E-13
  .113741359E-13  .839359013E-14  .617901909E-14  .453758972E-14  .332396335E-14
  .242886779E-14  .177035125E-14  .128710541E-14  .933381151E-15  .675126609E-15
  .487061378E-15  .350465555E-15  .251513327E-15  .180020283E-15  .128504206E-15
  .914827740E-16  .649498155E-16  .459857842E-16  .324688371E-16  .228611273E-16
  .160511647E-16  .112378599E-16  .784546885E-17  .546138018E-17  .379074045E-17
  .262345521E-17  .181026007E-17  .124541954E-17  .854254637E-18  .584178388E-18
  .398271763E-18  .270694086E-18  .183414003E-18  .123888171E-18  .834180244E-19
  .559901526E-19  .374605367E-19  .249824910E-19  .166067867E-19  .110030283E-19
  .726614636E-20  .478244290E-20  .313716629E-20  .205095269E-20  .133626400E-20
  .867631858E-21  .561401136E-21  .361987471E-21  .232586248E-21  .148912944E-21
  .950006080E-22  .603883720E-22  .382472884E-22  .241354644E-22  .151741906E-22
  .950467691E-23  .593113914E-23  .368718281E-23  .228346209E-23  .140871190E-23
  .865697888E-24  .529923018E-24  .323108069E-24  .196226496E-24  .118693912E-24
  .715066113E-25  .429039041E-25  .256369334E-25  .152559642E-25  .904072219E-26
  .533509198E-26  .313502745E-26  .183436875E-26  .106871742E-26  .619947700E-27
  .358053555E-27  .205885817E-27  .117862318E-27  .671704285E-28  .381083560E-28
  .215221422E-28  .120992396E-28  .677051861E-29  .377103815E-29  .209054140E-29
  .115345077E-29  .633381346E-30  .346131171E-30  .188238560E-30  .101871328E-30
  .548597426E-31  .293965778E-31  .156734155E-31  .831451441E-32  .438832597E-32
  .230426194E-32  .120369893E-32  .625516705E-33  .323352897E-33  .166269681E-33
  .850411914E-34  .432620341E-34  .218890579E-34  .110146524E-34  .551212458E-35
  .274316862E-35  .135753750E-35  .668032299E-36  .326865940E-36  .159018841E-36
  .769155552E-37  .369867575E-37  .176817186E-37  .840288273E-38  .396951151E-38
  .186393136E-38  .869933058E-39  .403537262E-39  .186038138E-39  .852352690E-40
  .388073510E-40  .175575576E-40  .789309986E-41  .352567488E-41  .156468057E-41
  .689882778E-42  .302181823E-42  .131486705E-42  .568319675E-43  .243993112E-43
  .104043023E-43  .440631147E-44  .185327715E-44  .774077460E-45  .321057693E-45
  .132224485E-45  .540687306E-46  .219513428E-46  .884772438E-47  .354023747E-47
  .140617075E-47  .554399609E-48  .216950718E-48  .842609810E-49  .324782697E-49
  .124232068E-49  .471544068E-50  .320379751E-56  .108824390E-56  .366455178E-57
  .122325972E-57  .404752167E-58  .132739947E-58  .431444627E-59  .138972290E-59
  .443587812E-60  .140296712E-60  .000000000E+00  .000000000E+00  .000000000E+00
  .000000000E+00  .000000000E+00  .000000000E+00  .000000000E+00  .000000000E+00
  .000000000E+00  .000000000E+00  .000000000E+00  .000000000E+00  .000000000E+00
  .000000000E+00  .000000000E+00  .000000000E+00  .000000000E+00  .000000000E+00
  .000000000E+00  .000000000E+00  .000000000E+00  .000000000E+00  .000000000E+00
  .000000000E+00  .000000000E+00  .000000000E+00  .000000000E+00  .000000000E+00
  .000000000E+00  .000000000E+00  .000000000E+00  .000000000E+00  .000000000E+00
  .000000000E+00  .000000000E+00  .000000000E+00  .000000000E+00  .000000000E+00
  .000000000E+00  .000000000E+00  .000000000E+00  .000000000E+00  .000000000E+00
  .000000000E+00  .000000000E+00  .000000000E+00  .000000000E+00  .000000000E+00
  .000000000E+00  .000000000E+00  .000000000E+00  .000000000E+00  .000000000E+00
  .000000000E+00  .000000000E+00  .000000000E+00  .000000000E+00  .000000000E+00
  .000000000E+00  .000000000E+00  .000000000E+00  .000000000E+00  .000000000E+00
  .000000000E+00  .000000000E+00  .000000000E+00  .000000000E+00  .000000000E+00
  .000000000E+00  .000000000E+00  .000000000E+00  .000000000E+00  .000000000E+00
  .000000000E+00  .000000000E+00  .000000000E+00  .000000000E+00  .000000000E+00
  .000000000E+00  .000000000E+00  .000000000E+00  .000000000E+00  .000000000E+00
  .000000000E+00  .000000000E+00  .000000000E+00  .000000000E+00  .000000000E+00
  .000000000E+00  .000000000E+00  .000000000E+00  .000000000E+00  .000000000E+00
  .000000000E+00  .000000000E+00  .000000000E+00  .000000000E+00  .000000000E+00
  .000000000E+00  .000000000E+00  .000000000E+00  .000000000E+00  .000000000E+00
  .000000000E+00  .000000000E+00  .000000000E+00  .000000000E+00  .000000000E+00
  .000000000E+00  .000000000E+00  .000000000E+00  .000000000E+00  .000000000E+00
  .000000000E+00  .000000000E+00  .000000000E+00  .000000000E+00  .000000000E+00
  .000000000E+00  .000000000E+00  .000000000E+00  .000000000E+00  .000000000E+00
  .000000000E+00  .000000000E+00  .000000000E+00  .000000000E+00  .000000000E+00
  .000000000E+00  .000000000E+00  .000000000E+00  .000000000E+00  .000000000E+00
  .000000000E+00  .000000000E+00  .000000000E+00  .000000000E+00  .000000000E+00
  .000000000E+00  .000000000E+00  .000000000E+00  .000000000E+00  .000000000E+00
  .000000000E+00  .000000000E+00  .000000000E+00  .000000000E+00  .000000000E+00
  .000000000E+00  .000000000E+00  .000000000E+00  .000000000E+00  .000000000E+00
  .000000000E+00  .000000000E+00  .000000000E+00  .000000000E+00  .000000000E+00
  .000000000E+00  .000000000E+00  .000000000E+00  .000000000E+00  .000000000E+00
  .000000000E+00  .000000000E+00  .000000000E+00  .000000000E+00  .000000000E+00
  .000000000E+00  .000000000E+00  .000000000E+00  .000000000E+00  .000000000E+00
  .000000000E+00  .000000000E+00  .000000000E+00  .000000000E+00  .000000000E+00
  .000000000E+00  .000000000E+00  .000000000E+00  .000000000E+00  .000000000E+00
  .000000000E+00  .000000000E+00  .000000000E+00  .000000000E+00  .000000000E+00
  .000000000E+00  .000000000E+00  .000000000E+00  .000000000E+00  .000000000E+00
  .000000000E+00  .000000000E+00  .000000000E+00  .000000000E+00  .000000000E+00
  .000000000E+00  .000000000E+00  .000000000E+00  .000000000E+00  .000000000E+00
  .000000000E+00  .000000000E+00  .000000000E+00  .000000000E+00  .000000000E+00
  .000000000E+00  .000000000E+00  .000000000E+00  .000000000E+00  .000000000E+00
  .000000000E+00  .000000000E+00  .000000000E+00  .000000000E+00  .000000000E+00
  .000000000E+00  .000000000E+00  .000000000E+00  .000000000E+00  .000000000E+00
  .000000000E+00  .000000000E+00  .000000000E+00  .000000000E+00  .000000000E+00
  .000000000E+00  .000000000E+00  .000000000E+00  .000000000E+00  .000000000E+00
  .000000000E+00  .000000000E+00  .000000000E+00  .000000000E+00  .000000000E+00
  .000000000E+00  .000000000E+00  .000000000E+00  .000000000E+00  .000000000E+00
  .000000000E+00  .000000000E+00  .000000000E+00  .000000000E+00  .000000000E+00
  .000000000E+00  .000000000E+00  .000000000E+00  .000000000E+00  .000000000E+00
  .000000000E+00  .000000000E+00  .000000000E+00  .000000000E+00  .000000000E+00
