B: s2p1                                 
  .217404403E-05  .220907566E-05  .224467171E-05  .228084126E-05  .231759356E-05
  .235493798E-05  .239288408E-05  .243144153E-05  .247062020E-05  .251043008E-05
  .255088134E-05  .259198431E-05  .263374950E-05  .267618757E-05  .271930935E-05
  .276312586E-05  .280764830E-05  .285288802E-05  .289885659E-05  .294556574E-05
  .299302741E-05  .304125371E-05  .309025696E-05  .314004967E-05  .319064457E-05
  .324205456E-05  .329429278E-05  .334737258E-05  .340130749E-05  .345611130E-05
  .351179801E-05  .356838182E-05  .362587720E-05  .368429882E-05  .374366160E-05
  .380398070E-05  .386527152E-05  .392754970E-05  .399083117E-05  .405513206E-05
  .412046881E-05  .418685808E-05  .425431684E-05  .432286231E-05  .439251199E-05
  .446328366E-05  .453519539E-05  .460826555E-05  .468251278E-05  .475795605E-05
  .483461461E-05  .491250805E-05  .499165623E-05  .507207938E-05  .515379802E-05
  .523683301E-05  .532120556E-05  .540693720E-05  .549404982E-05  .558256566E-05
  .567250731E-05  .576389774E-05  .585676027E-05  .595111861E-05  .604699685E-05
  .614441945E-05  .624341130E-05  .634399765E-05  .644620419E-05  .655005699E-05
  .665558258E-05  .676280788E-05  .687176027E-05  .698246755E-05  .709495797E-05
  .720926026E-05  .732540358E-05  .744341758E-05  .756333238E-05  .768517858E-05
  .780898727E-05  .793479007E-05  .806261906E-05  .819250688E-05  .832448667E-05
  .845859212E-05  .859485745E-05  .873331742E-05  .887400738E-05  .901696323E-05
  .916222144E-05  .930981908E-05  .945979382E-05  .961218392E-05  .976702827E-05
  .992436638E-05  .100842384E-04  .102466851E-04  .104117479E-04  .105794691E-04
  .107498912E-04  .109230579E-04  .110990133E-04  .112778023E-04  .114594706E-04
  .116440644E-04  .118316308E-04  .120222178E-04  .122158739E-04  .124126485E-04
  .126125918E-04  .128157549E-04  .130221895E-04  .132319484E-04  .134450849E-04
  .136616536E-04  .138817096E-04  .141053090E-04  .143325089E-04  .145633672E-04
  .147979429E-04  .150362957E-04  .152784864E-04  .155245769E-04  .157746298E-04
  .160287089E-04  .162868790E-04  .165492060E-04  .168157568E-04  .170865993E-04
  .173618026E-04  .176414369E-04  .179255735E-04  .182142848E-04  .185076444E-04
  .188057272E-04  .191086091E-04  .194163674E-04  .197290805E-04  .200468282E-04
  .203696914E-04  .206977526E-04  .210310952E-04  .213698043E-04  .217139663E-04
  .220636689E-04  .224190011E-04  .227800537E-04  .231469186E-04  .235196893E-04
  .238984609E-04  .242833298E-04  .246743943E-04  .250717539E-04  .254755099E-04
  .258857653E-04  .263026245E-04  .267261938E-04  .271565812E-04  .275938964E-04
  .280382507E-04  .284897574E-04  .289485315E-04  .294146900E-04  .298883516E-04
  .303696371E-04  .308586689E-04  .313555718E-04  .318604722E-04  .323734990E-04
  .328947826E-04  .334244560E-04  .339626541E-04  .345095139E-04  .350651748E-04
  .356297783E-04  .362034682E-04  .367863906E-04  .373786940E-04  .379805293E-04
  .385920497E-04  .392134109E-04  .398447712E-04  .404862914E-04  .411381349E-04
  .418004675E-04  .424734581E-04  .431572778E-04  .438521009E-04  .445581043E-04
  .452754676E-04  .460043736E-04  .467450078E-04  .474975587E-04  .482622179E-04
  .490391801E-04  .498286430E-04  .506308076E-04  .514458780E-04  .522740617E-04
  .531155695E-04  .539706156E-04  .548394175E-04  .557221963E-04  .566191768E-04
  .575305870E-04  .584566590E-04  .593976284E-04  .603537346E-04  .613252208E-04
  .623123342E-04  .633153260E-04  .643344512E-04  .653699692E-04  .664221434E-04
  .674912413E-04  .685775349E-04  .696813005E-04  .708028189E-04  .719423752E-04
  .731002592E-04  .742767655E-04  .754721931E-04  .766868461E-04  .779210332E-04
  .791750684E-04  .804492703E-04  .817439631E-04  .830594757E-04  .843961427E-04
  .857543037E-04  .871343041E-04  .885364946E-04  .899612315E-04  .914088771E-04
  .928797991E-04  .943743713E-04  .958929737E-04  .974359920E-04  .990038183E-04
  .100596851E-03  .102215495E-03  .103860161E-03  .105531267E-03  .107229238E-03
  .108954505E-03  .110707506E-03  .112488686E-03  .114298498E-03  .116137401E-03
  .118005863E-03  .119904358E-03  .121833368E-03  .123793382E-03  .125784898E-03
  .127808423E-03  .129864469E-03  .131953558E-03  .134076222E-03  .136232997E-03
  .138424433E-03  .140651085E-03  .142913518E-03  .145212307E-03  .147548034E-03
  .149921292E-03  .152332684E-03  .154782821E-03  .157272324E-03  .159801826E-03
  .162371967E-03  .164983400E-03  .167636787E-03  .170332801E-03  .173072125E-03
  .175855455E-03  .178683495E-03  .181556964E-03  .184476588E-03  .187443109E-03
  .190457278E-03  .193519860E-03  .196631630E-03  .199793378E-03  .203005904E-03
  .206270022E-03  .209586560E-03  .212956357E-03  .216380268E-03  .219859160E-03
  .223393914E-03  .226985425E-03  .230634603E-03  .234342372E-03  .238109671E-03
  .241937454E-03  .245826690E-03  .249778363E-03  .253793474E-03  .257873040E-03
  .262018092E-03  .266229680E-03  .270508870E-03  .274856744E-03  .279274402E-03
  .283762963E-03  .288323562E-03  .292957352E-03  .297665506E-03  .302449213E-03
  .307309685E-03  .312248150E-03  .317265856E-03  .322364073E-03  .327544089E-03
  .332807213E-03  .338154776E-03  .343588130E-03  .349108647E-03  .354717722E-03
  .360416773E-03  .366207239E-03  .372090583E-03  .378068291E-03  .384141874E-03
  .390312864E-03  .396582820E-03  .402953325E-03  .409425988E-03  .416002442E-03
  .422684347E-03  .429473391E-03  .436371285E-03  .443379771E-03  .450500617E-03
  .457735619E-03  .465086602E-03  .472555422E-03  .480143960E-03  .487854131E-03
  .495687879E-03  .503647179E-03  .511734037E-03  .519950492E-03  .528298614E-03
  .536780507E-03  .545398309E-03  .554154190E-03  .563050356E-03  .572089048E-03
  .581272542E-03  .590603152E-03  .600083225E-03  .609715150E-03  .619501350E-03
  .629444289E-03  .639546469E-03  .649810432E-03  .660238760E-03  .670834077E-03
  .681599048E-03  .692536380E-03  .703648824E-03  .714939173E-03  .726410267E-03
  .738064988E-03  .749906266E-03  .761937076E-03  .774160441E-03  .786579433E-03
  .799197170E-03  .812016822E-03  .825041607E-03  .838274797E-03  .851719713E-03
  .865379730E-03  .879258276E-03  .893358834E-03  .907684942E-03  .922240193E-03
  .937028239E-03  .952052787E-03  .967317605E-03  .982826521E-03  .998583420E-03
  .101459225E-02  .103085703E-02  .104738183E-02  .106417079E-02  .108122811E-02
  .109855806E-02  .111616500E-02  .113405331E-02  .115222748E-02  .117069207E-02
  .118945167E-02  .120851100E-02  .122787482E-02  .124754797E-02  .126753536E-02
  .128784200E-02  .130847296E-02  .132943339E-02  .135072854E-02  .137236372E-02
  .139434433E-02  .141667587E-02  .143936391E-02  .146241411E-02  .148583222E-02
  .150962409E-02  .153379566E-02  .155835294E-02  .158330207E-02  .160864927E-02
  .163440084E-02  .166056322E-02  .168714292E-02  .171414655E-02  .174158085E-02
  .176945265E-02  .179776888E-02  .182653659E-02  .185576294E-02  .188545521E-02
  .191562077E-02  .194626713E-02  .197740190E-02  .200903284E-02  .204116778E-02
  .207381473E-02  .210698179E-02  .214067719E-02  .217490930E-02  .220968662E-02
  .224501778E-02  .228091154E-02  .231737680E-02  .235442261E-02  .239205816E-02
  .243029276E-02  .246913589E-02  .250859718E-02  .254868640E-02  .258941347E-02
  .263078848E-02  .267282165E-02  .271552340E-02  .275890428E-02  .280297503E-02
  .284774652E-02  .289322983E-02  .293943620E-02  .298637703E-02  .303406392E-02
  .308250865E-02  .313172315E-02  .318171958E-02  .323251027E-02  .328410773E-02
  .333652470E-02  .338977408E-02  .344386899E-02  .349882276E-02  .355464890E-02
  .361136118E-02  .366897352E-02  .372750012E-02  .378695535E-02  .384735384E-02
  .390871042E-02  .397104016E-02  .403435838E-02  .409868062E-02  .416402265E-02
  .423040052E-02  .429783050E-02  .436632912E-02  .443591317E-02  .450659969E-02
  .457840600E-02  .465134968E-02  .472544858E-02  .480072082E-02  .487718482E-02
  .495485926E-02  .503376313E-02  .511391571E-02  .519533657E-02  .527804557E-02
  .536206291E-02  .544740908E-02  .553410489E-02  .562217146E-02  .571163025E-02
  .580250306E-02  .589481200E-02  .598857953E-02  .608382846E-02  .618058196E-02
  .627886353E-02  .637869706E-02  .648010678E-02  .658311732E-02  .668775367E-02
  .679404120E-02  .690200569E-02  .701167329E-02  .712307056E-02  .723622449E-02
  .735116244E-02  .746791223E-02  .758650207E-02  .770696064E-02  .782931702E-02
  .795360076E-02  .807984185E-02  .820807074E-02  .833831835E-02  .847061606E-02
  .860499575E-02  .874148976E-02  .888013093E-02  .902095261E-02  .916398866E-02
  .930927343E-02  .945684182E-02  .960672924E-02  .975897166E-02  .991360557E-02
  .100706680E-01  .102301966E-01  .103922296E-01  .105568057E-01  .107239643E-01
  .108937453E-01  .110661893E-01  .112413374E-01  .114192314E-01  .115999138E-01
  .117834276E-01  .119698165E-01  .121591248E-01  .123513977E-01  .125466808E-01
  .127450206E-01  .129464640E-01  .131510590E-01  .133588540E-01  .135698984E-01
  .137842420E-01  .140019356E-01  .142230308E-01  .144475798E-01  .146756356E-01
  .149072521E-01  .151424840E-01  .153813867E-01  .156240165E-01  .158704305E-01
  .161206868E-01  .163748441E-01  .166329622E-01  .168951017E-01  .171613242E-01
  .174316920E-01  .177062685E-01  .179851179E-01  .182683056E-01  .185558978E-01
  .188479616E-01  .191445652E-01  .194457778E-01  .197516696E-01  .200623119E-01
  .203777770E-01  .206981381E-01  .210234699E-01  .213538477E-01  .216893483E-01
  .220300493E-01  .223760299E-01  .227273699E-01  .230841506E-01  .234464545E-01
  .238143652E-01  .241879676E-01  .245673477E-01  .249525928E-01  .253437917E-01
  .257410342E-01  .261444116E-01  .265540163E-01  .269699423E-01  .273922847E-01
  .278211404E-01  .282566071E-01  .286987845E-01  .291477733E-01  .296036760E-01
  .300665962E-01  .305366394E-01  .310139123E-01  .314985233E-01  .319905822E-01
  .324902006E-01  .329974916E-01  .335125698E-01  .340355516E-01  .345665549E-01
  .351056995E-01  .356531068E-01  .362088998E-01  .367732034E-01  .373461442E-01
  .379278508E-01  .385184532E-01  .391180837E-01  .397268761E-01  .403449664E-01
  .409724922E-01  .416095933E-01  .422564114E-01  .429130900E-01  .435797750E-01
  .442566139E-01  .449437565E-01  .456413548E-01  .463495627E-01  .470685364E-01
  .477984340E-01  .485394163E-01  .492916458E-01  .500552875E-01  .508305088E-01
  .516174791E-01  .524163705E-01  .532273572E-01  .540506158E-01  .548863255E-01
  .557346679E-01  .565958269E-01  .574699892E-01  .583573438E-01  .592580824E-01
  .601723994E-01  .611004917E-01  .620425588E-01  .629988030E-01  .639694294E-01
  .649546459E-01  .659546629E-01  .669696939E-01  .679999553E-01  .690456661E-01
  .701070486E-01  .711843277E-01  .722777317E-01  .733874916E-01  .745138415E-01
  .756570189E-01  .768172640E-01  .779948205E-01  .791899352E-01  .804028581E-01
  .816338427E-01  .828831453E-01  .841510262E-01  .854377486E-01  .867435795E-01
  .880687889E-01  .894136507E-01  .907784422E-01  .921634443E-01  .935689414E-01
  .949952217E-01  .964425770E-01  .979113029E-01  .994016987E-01  .100914067E+00
  .102448716E+00  .104005956E+00  .105586101E+00  .107189470E+00  .108816387E+00
  .110467177E+00  .112142171E+00  .113841706E+00  .115566119E+00  .117315754E+00
  .119090959E+00  .120892085E+00  .122719488E+00  .124573530E+00  .126454575E+00
  .128362992E+00  .130299155E+00  .132263443E+00  .134256238E+00  .136277928E+00
  .138328905E+00  .140409566E+00  .142520312E+00  .144661551E+00  .146833692E+00
  .149037152E+00  .151272352E+00  .153539718E+00  .155839679E+00  .158172673E+00
  .160539139E+00  .162939524E+00  .165374278E+00  .167843858E+00  .170348725E+00
  .172889345E+00  .175466191E+00  .178079739E+00  .180730471E+00  .183418877E+00
  .186145448E+00  .188910684E+00  .191715089E+00  .194559173E+00  .197443450E+00
  .200368442E+00  .203334675E+00  .206342681E+00  .209392999E+00  .212486171E+00
  .215622747E+00  .218803283E+00  .222028338E+00  .225298480E+00  .228614281E+00
  .231976321E+00  .235385182E+00  .238841457E+00  .242345740E+00  .245898635E+00
  .249500749E+00  .253152698E+00  .256855101E+00  .260608585E+00  .264413783E+00
  .268271334E+00  .272181882E+00  .276146079E+00  .280164582E+00  .284238053E+00
  .288367163E+00  .292552588E+00  .296795009E+00  .301095115E+00  .305453599E+00
  .309871164E+00  .314348514E+00  .318886364E+00  .323485432E+00  .328146444E+00
  .332870132E+00  .337657233E+00  .342508492E+00  .347424659E+00  .352406490E+00
  .357454747E+00  .362570199E+00  .367753621E+00  .373005794E+00  .378327504E+00
  .383719545E+00  .389182715E+00  .394717819E+00  .400325668E+00  .406007078E+00
  .411762872E+00  .417593878E+00  .423500931E+00  .429484869E+00  .435546539E+00
  .441686790E+00  .447906481E+00  .454206472E+00  .460587631E+00  .467050830E+00
  .473596948E+00  .480226868E+00  .486941477E+00  .493741669E+00  .500628342E+00
  .507602399E+00  .514664747E+00  .521816298E+00  .529057970E+00  .536390684E+00
  .543815364E+00  .551332940E+00  .558944347E+00  .566650521E+00  .574452404E+00
  .582350940E+00  .590347078E+00  .598441770E+00  .606635971E+00  .614930639E+00
  .623326734E+00  .631825219E+00  .640427062E+00  .649133229E+00  .657944693E+00
  .666862423E+00  .675887397E+00  .685020587E+00  .694262972E+00  .703615530E+00
  .713079239E+00  .722655079E+00  .732344031E+00  .742147073E+00  .752065186E+00
  .762099350E+00  .772250543E+00  .782519744E+00  .792907930E+00  .803416075E+00
  .814045155E+00  .824796138E+00  .835669997E+00  .846667696E+00  .857790199E+00
  .869038465E+00  .880413452E+00  .891916111E+00  .903547391E+00  .915308233E+00
  .927199576E+00  .939222351E+00  .951377486E+00  .963665900E+00  .976088505E+00
  .988646207E+00  .100133991E+01  .101417049E+01  .102713884E+01  .104024583E+01
  .105349232E+01  .106687917E+01  .108040722E+01  .109407729E+01  .110789022E+01
  .112184680E+01  .113594784E+01  .115019411E+01  .116458639E+01  .117912543E+01
  .119381197E+01  .120864673E+01  .122363043E+01  .123876376E+01  .125404739E+01
  .126948198E+01  .128506817E+01  .130080658E+01  .131669781E+01  .133274245E+01
  .134894105E+01  .136529414E+01  .138180226E+01  .139846588E+01  .141528548E+01
  .143226150E+01  .144939436E+01  .146668446E+01  .148413215E+01  .150173779E+01
  .151950168E+01  .153742411E+01  .155550532E+01  .157374554E+01  .159214496E+01
  .161070373E+01  .162942199E+01  .164829982E+01  .166733728E+01  .168653439E+01
  .170589114E+01  .172540747E+01  .174508329E+01  .176491847E+01  .178491285E+01
  .180506621E+01  .182537829E+01  .184584881E+01  .186647743E+01  .188726376E+01
  .190820737E+01  .192930779E+01  .195056449E+01  .197197691E+01  .199354442E+01
  .201526636E+01  .203714200E+01  .205917057E+01  .208135125E+01  .210368314E+01
  .212616532E+01  .214879680E+01  .217157653E+01  .219450339E+01  .221757622E+01
  .224079380E+01  .226415485E+01  .228765801E+01  .231130186E+01  .233508495E+01
  .235900572E+01  .238306257E+01  .240725383E+01  .243157776E+01  .245603255E+01
  .248061631E+01  .250532711E+01  .253016293E+01  .255512166E+01  .258020115E+01
  .260539915E+01  .263071335E+01  .265614136E+01  .268168072E+01  .270732887E+01
  .273308319E+01  .275894099E+01  .278489947E+01  .281095578E+01  .283710697E+01
  .286335001E+01  .288968180E+01  .291609913E+01  .294259874E+01  .296917726E+01
  .299583124E+01  .302255714E+01  .304935135E+01  .307621015E+01  .310312975E+01
  .313010626E+01  .315713572E+01  .318421405E+01  .321133710E+01  .323850064E+01
  .326570032E+01  .329293174E+01  .332019036E+01  .334747160E+01  .337477075E+01
  .340208303E+01  .342940356E+01  .345672737E+01  .348404940E+01  .351136450E+01
  .353866743E+01  .356595287E+01  .359321537E+01  .362044944E+01  .364764947E+01
  .367480976E+01  .370192454E+01  .372898794E+01  .375599400E+01  .378293668E+01
  .380980984E+01  .383660728E+01  .386332268E+01  .388994967E+01  .391648177E+01
  .394291244E+01  .396923504E+01  .399544288E+01  .402152914E+01  .404748699E+01
  .407330946E+01  .409898956E+01  .412452018E+01  .414989419E+01  .417510432E+01
  .420014332E+01  .422500381E+01  .424967836E+01  .427415950E+01  .429843968E+01
  .432251129E+01  .434636669E+01  .436999816E+01  .439339795E+01  .441655825E+01
  .443947122E+01  .446212894E+01  .448452352E+01  .450664696E+01  .452849128E+01
  .455004843E+01  .457131038E+01  .459226902E+01  .461291627E+01  .463324400E+01
  .465324409E+01  .467290838E+01  .469222875E+01  .471119702E+01  .472980507E+01
  .474804474E+01  .476590792E+01  .478338646E+01  .480047229E+01  .481715731E+01
  .483343348E+01  .484929278E+01  .486472723E+01  .487972887E+01  .489428983E+01
  .490840223E+01  .492205830E+01  .493525029E+01  .494797054E+01  .496021144E+01
  .497196547E+01  .498322518E+01  .499398323E+01  .500423231E+01  .501396528E+01
  .502317504E+01  .503185464E+01  .503999721E+01  .504759603E+01  .505464447E+01
  .506113604E+01  .506706439E+01  .507242331E+01  .507720672E+01  .508140872E+01
  .508502352E+01  .508804556E+01  .509046936E+01  .509228971E+01  .509350149E+01
  .509409984E+01  .509408002E+01  .509343756E+01  .509216812E+01  .509026763E+01
  .508773218E+01  .508455812E+01  .508074199E+01  .507628059E+01  .507117092E+01
  .506541026E+01  .505899609E+01  .505192619E+01  .504419854E+01  .503581144E+01
  .502676338E+01  .501705320E+01  .500667996E+01  .499564302E+01  .498394200E+01
  .497157685E+01  .495854777E+01  .494485529E+01  .493050018E+01  .491548361E+01
  .489980695E+01  .488347196E+01  .486648067E+01  .484883545E+01  .483053896E+01
  .481159422E+01  .479200453E+01  .477177358E+01  .475090530E+01  .472940404E+01
  .470727440E+01  .468452140E+01  .466115031E+01  .463716680E+01  .461257681E+01
  .458738671E+01  .456160310E+01  .453523301E+01  .450828373E+01  .448076295E+01
  .445267864E+01  .442403915E+01  .439485311E+01  .436512955E+01  .433487774E+01
  .430410738E+01  .427282837E+01  .424105106E+01  .420878601E+01  .417604418E+01
  .414283674E+01  .410917529E+01  .407507160E+01  .404053786E+01  .400558643E+01
  .397023008E+01  .393448175E+01  .389835475E+01  .386186255E+01  .382501900E+01
  .378783811E+01  .375033421E+01  .371252178E+01  .367441564E+01  .363603075E+01
  .359738234E+01  .355848578E+01  .351935673E+01  .348001095E+01  .344046447E+01
  .340073336E+01  .336083401E+01  .332078281E+01  .328059640E+01  .324029147E+01
  .319988489E+01  .315939357E+01  .311883460E+01  .307822503E+01  .303758212E+01
  .299692307E+01  .295626522E+01  .291562585E+01  .287502236E+01  .283447206E+01
  .279399236E+01  .275360055E+01  .271331396E+01  .267314986E+01  .263312544E+01
  .259325785E+01  .255356414E+01  .251406126E+01  .247476608E+01  .243569531E+01
  .239686554E+01  .235829322E+01  .231999460E+01  .228198580E+01  .224428273E+01
  .220690108E+01  .216985636E+01  .213316382E+01  .209683849E+01  .206089514E+01
  .202534826E+01  .199021209E+01  .195550057E+01  .192122732E+01  .188740567E+01
  .185404862E+01  .182116884E+01  .178877864E+01  .175689000E+01  .172551451E+01
  .169466340E+01  .166434751E+01  .163457731E+01  .160536284E+01  .157671375E+01
  .154863926E+01  .152114820E+01  .149424894E+01  .146794944E+01  .144225719E+01
  .141717926E+01  .139272228E+01  .136889241E+01  .134569535E+01  .132313636E+01
  .130122023E+01  .127995129E+01  .125933341E+01  .123937000E+01  .122006400E+01
  .120141788E+01  .118343368E+01  .116611296E+01  .114945680E+01  .113346589E+01
  .111814040E+01  .110348011E+01  .108948432E+01  .107615193E+01  .106348137E+01
  .105147068E+01  .104011744E+01  .102941885E+01  .101937168E+01  .100997229E+01
  .100121665E+01  .993100323E+00  .985618473E+00  .978765886E+00  .972536940E+00
  .966925643E+00  .961925594E+00  .957530024E+00  .953731755E+00  .950523239E+00
  .947896513E+00  .945843242E+00  .944354675E+00  .943421681E+00  .943034709E+00
  .943183833E+00  .943858700E+00  .945048586E+00  .946742347E+00  .948928476E+00
  .951595060E+00  .954729840E+00  .958320175E+00  .962353107E+00  .966815329E+00
  .971693254E+00  .976972987E+00  .982640403E+00  .988681111E+00  .995080538E+00
  .100182389E+01  .100889626E+01  .101628252E+01  .102396751E+01  .103193588E+01
  .104017226E+01  .104866116E+01  .105738706E+01  .106633439E+01  .107548755E+01
  .108483090E+01  .109434884E+01  .110402571E+01  .111384593E+01  .112379390E+01
  .113385409E+01  .114401099E+01  .115424916E+01  .116455324E+01  .117490793E+01
  .118529803E+01  .119570845E+01  .120612417E+01  .121653035E+01  .122691221E+01
  .123725519E+01  .124754481E+01  .125776682E+01  .126790708E+01  .127795170E+01
  .128788692E+01  .129769927E+01  .130737541E+01  .131690231E+01  .132626712E+01
  .133545729E+01  .134446046E+01  .135326464E+01  .136185801E+01  .137022913E+01
  .137836680E+01  .138626015E+01  .139389862E+01  .140127198E+01  .140837029E+01
  .141518403E+01  .142170392E+01  .142792114E+01  .143382712E+01  .143941376E+01
  .144467323E+01  .144959816E+01  .145418149E+01  .145841661E+01  .146229721E+01
  .146581748E+01  .146897191E+01  .147175545E+01  .147416340E+01  .147619151E+01
  .147783589E+01  .147909310E+01  .147996004E+01  .148043408E+01  .148051295E+01
  .148019481E+01  .147947820E+01  .147836210E+01  .147684581E+01  .147492913E+01
  .147261215E+01  .146989544E+01  .146677989E+01  .146326682E+01  .145935788E+01
  .145505516E+01  .145036102E+01  .144527830E+01  .143981008E+01  .143395990E+01
  .142773153E+01  .142112919E+01  .141415732E+01  .140682080E+01  .139912469E+01
  .139107448E+01  .138267585E+01  .137393487E+01  .136485778E+01  .135545120E+01
  .134572191E+01  .133567704E+01  .132532384E+01  .131466991E+01  .130372298E+01
  .129249106E+01  .128098228E+01  .126920505E+01  .125716785E+01  .124487945E+01
  .123234865E+01  .121958451E+01  .120659610E+01  .119339273E+01  .117998373E+01
  .116637860E+01  .115258684E+01  .113861815E+01  .112448215E+01  .111018864E+01
  .109574737E+01  .108116820E+01  .106646092E+01  .105163543E+01  .103670154E+01
  .102166912E+01  .100654793E+01  .991347824E+00  .976078466E+00  .960749609E+00
  .945370804E+00  .929951666E+00  .914501599E+00  .899030036E+00  .883546189E+00
  .868059284E+00  .852578299E+00  .837112225E+00  .821669770E+00  .806259647E+00
  .790890273E+00  .775570053E+00  .760307078E+00  .745109419E+00  .729984811E+00
  .714940966E+00  .699985241E+00  .685124958E+00  .670367076E+00  .655718507E+00
  .641185789E+00  .626775403E+00  .612493448E+00  .598345960E+00  .584338583E+00
  .570476889E+00  .556766054E+00  .543211179E+00  .529816959E+00  .516588012E+00
  .503528547E+00  .490642693E+00  .477934166E+00  .465406603E+00  .453063226E+00
  .440907177E+00  .428941188E+00  .417167908E+00  .405589579E+00  .394208367E+00
  .383026031E+00  .372044259E+00  .361264336E+00  .350687487E+00  .340314537E+00
  .330146257E+00  .320183030E+00  .310425192E+00  .300872699E+00  .291525472E+00
  .282383061E+00  .273444992E+00  .264710435E+00  .256178543E+00  .247848129E+00
  .239718000E+00  .231786636E+00  .224052527E+00  .216513867E+00  .209168795E+00
  .202015290E+00  .195051207E+00  .188274278E+00  .181682122E+00  .175272255E+00
  .169042092E+00  .162988956E+00  .157110088E+00  .151402651E+00  .145863737E+00
  .140490377E+00  .135279542E+00  .130228156E+00  .125333099E+00  .120591215E+00
  .115999314E+00  .111554186E+00  .107252598E+00  .103091305E+00  .990670559E-01
  .951765946E-01  .914166687E-01  .877840324E-01  .842754522E-01  .808877104E-01
  .776176096E-01  .744619769E-01  .714176670E-01  .684815662E-01  .656505953E-01
  .629217128E-01  .602919176E-01  .577582519E-01  .553178031E-01  .529677064E-01
  .507051467E-01  .485273600E-01  .464316358E-01  .444153177E-01  .424758053E-01
  .406105548E-01  .388170803E-01  .370929543E-01  .354358087E-01  .338433349E-01
  .323132845E-01  .308434695E-01  .294317624E-01  .280760964E-01  .267744654E-01
  .255249237E-01  .243255861E-01  .231746277E-01  .220702833E-01  .210108474E-01
  .199946734E-01  .190201735E-01  .180858178E-01  .171901337E-01  .163317053E-01
  .155091721E-01  .147212283E-01  .139666215E-01  .132441509E-01  .125526660E-01
  .118910646E-01  .112582907E-01  .106533320E-01  .100752176E-01  .952301486E-02
  .899582684E-02  .849278922E-02  .801306738E-02  .755585347E-02  .712036369E-02
  .670583573E-02  .631152649E-02  .593671010E-02  .558067625E-02  .524272888E-02
  .492218517E-02  .461837491E-02  .433064005E-02  .405833461E-02  .380082472E-02
  .355748889E-02  .332771831E-02  .311091739E-02  .290650418E-02  .271391093E-02
  .253258460E-02  .236198733E-02  .220159691E-02  .205090713E-02  .190942810E-02
  .177668651E-02  .165222578E-02  .153560617E-02  .142640477E-02  .132421550E-02
  .122864896E-02  .113933224E-02  .105590874E-02  .978037861E-03  .905394690E-03
  .837669639E-03  .774568059E-03  .715809825E-03  .661128897E-03  .610272868E-03
  .563002501E-03  .519091247E-03  .478324776E-03  .440500492E-03  .405427053E-03
  .372923897E-03  .342820773E-03  .314957275E-03  .289182394E-03  .265354066E-03
  .243338749E-03  .223010997E-03  .204253055E-03  .186954464E-03  .171011682E-03
  .156327715E-03  .142811767E-03  .130378901E-03  .118949712E-03  .108450019E-03
  .988105650E-04  .899667359E-04  .818582867E-04  .744290852E-04  .676268657E-04
  .614029950E-04  .557122509E-04  .505126111E-04  .457650535E-04  .414333666E-04
  .374839709E-04  .338857484E-04  .306098830E-04  .276297090E-04  .249205681E-04
  .224596749E-04  .202259899E-04  .182001000E-04  .163641060E-04  .147015172E-04
  .131971519E-04  .118370441E-04  .106083564E-04  .949929776E-05  .849904701E-05
  .759768083E-05  .678610677E-05  .605600038E-05  .539974670E-05  .481038560E-05
  .428156083E-05  .380747257E-05  .338283333E-05  .300282683E-05  .266306984E-05
  .235957713E-05  .208872774E-05  .184723586E-05  .163212133E-05  .144068457E-05
  .127048242E-05  .111930536E-05  .985157627E-06  .866237828E-06  .760921775E-06
  .667746440E-06  .585395063E-06  .512685797E-06  .448550017E-06  .392049404E-06
  .342305824E-06  .298573389E-06  .260146075E-06  .226417033E-06  .196844277E-06
  .170944281E-06  .148286163E-06  .128486380E-06  .111203918E-06  .961359238E-07
  .830137413E-07  .715993304E-07  .616820235E-07  .530755982E-07  .456156362E-07
  .391571448E-07  .335724156E-07  .287491016E-07  .245884901E-07  .210039554E-07
  .179195735E-07  .152688835E-07  .129937817E-07  .110435353E-07  .937390449E-08
  .794636100E-08  .672739483E-08  .568789871E-08  .480262322E-08  .404969467E-08
  .341018925E-08  .286775744E-08  .240829310E-08  .201964239E-08  .169134809E-08
  .141442538E-08  .118116535E-08  .984963259E-09  .820168426E-09  .681953428E-09
  .566200138E-09  .469400659E-09  .388571310E-09  .321178068E-09  .265072028E-09
  .218433630E-09  .179724531E-09  .147646137E-09  .121103941E-09  .991768833E-10
  .810910861E-10  .661973651E-10  .539520080E-10  .439003718E-10  .356629089E-10
  .289232818E-10  .234182708E-10  .189292189E-10  .152747915E-10  .123048603E-10
  .989534399E-11  .794386566E-11  .636610198E-11  .509272080E-11  .406681616E-11
  .324176390E-11  .257943215E-11  .204869068E-11  .162417135E-11  .128523942E-11
  .101514126E-11  .800299664E-12  .629732207E-12  .494572141E-12  .387674436E-12
  .303292518E-12  .236813490E-12  .184541704E-12  .143522185E-12  .111396874E-12
  .862877983E-13  .667023453E-13  .514565907E-13  .396133796E-13  .304324213E-13
  .233301496E-13  .178475073E-13  .136241432E-13  .103777912E-13  .788782357E-14
  .598216472E-14  .452689878E-14  .341803652E-14  .257500637E-14  .193552037E-14
  .145153357E-14  .108607128E-14  .810743408E-15  .603801592E-15  .448624126E-15
  .332537241E-15  .245900226E-15  .181397023E-15  .133489013E-15  .979933277E-16
  .717586931E-16  .524168489E-16  .381923996E-16  .277577227E-16  .201225357E-16
  .145500548E-16  .104935054E-16  .754816713E-17  .541524650E-17  .387473075E-17
  .276504437E-17  .196784360E-17  .139668190E-17  .988583486E-18  .697796070E-18
  .491171691E-18  .344760911E-18  .241308578E-18  .168417663E-18  .117206758E-18
  .813313041E-19  .562720496E-19  .388192741E-19  .267000114E-19  .183094140E-19
  .125177398E-19  .853208764E-20  .579764946E-20  .392739986E-20  .265218605E-20
  .178540868E-20  .119810557E-20  .801429347E-21  .534363674E-21  .355139422E-21
  .235255483E-21  .155327409E-21  .102214468E-21  .670379860E-22  .438189663E-22
  .285446069E-22  .185308297E-22  .119884357E-22  .772885077E-23  .496523583E-23
  .317852109E-23  .202748747E-23  .128862522E-23  .816052039E-24  .514895577E-24
  .323681408E-24  .202721930E-24  .126489681E-24  .786262821E-25  .486883942E-25
  .300341202E-25  .184553678E-25  .112962760E-25  .688714213E-26  .418234839E-26
  .252967613E-26  .152390967E-26  .914300655E-27  .546311258E-27  .325086007E-27
  .192641116E-27  .113678346E-27  .667989914E-28  .390850517E-28  .227711633E-28
  .132092597E-28  .762913585E-29  .438692873E-29  .251141685E-29  .143131271E-29
  .812067521E-30  .458644193E-30  .257851665E-30  .144297321E-30  .803757003E-31
  .445608218E-31  .245882239E-31  .135029967E-31  .737981651E-32  .401380796E-32
  .217243272E-32  .117003205E-32  .627037746E-33  .334361913E-33  .177398384E-33
  .936428592E-34  .491783660E-34  .256939027E-34  .133544066E-34  .690461554E-35
  .355104759E-35  .181659087E-35  .924320983E-36  .467772634E-36  .235436741E-36
  .117847957E-36  .586622991E-37  .290379512E-37  .142929949E-37  .699537878E-38
  .340416156E-38  .164702452E-38  .792247407E-39  .378854260E-39  .180099986E-39
  .851068947E-40  .399764861E-40  .186643289E-40  .866097819E-41  .399435877E-41
  .183075968E-41  .833869652E-42  .377420780E-42  .169743181E-42  .758535061E-43
  .336785600E-43  .148560537E-43  .651032825E-44  .283419026E-44  .122562846E-44
  .526464697E-45  .224614053E-45  .951783876E-46  .400543626E-46  .167396934E-46
  .694716022E-47  .286289244E-47  .117142968E-47  .475900628E-48  .191946587E-48
  .768570273E-49  .305492575E-49  .120533079E-49  .472035637E-50  .183476527E-50
  .707778655E-51  .270956444E-51  .102934327E-51  .388019130E-52  .145128083E-52
  .538552725E-53  .198269664E-53  .724116092E-54  .262335138E-54  .942699300E-55
  .335993251E-55  .118768803E-55  .416352937E-56  .144740512E-56  .499016476E-57
  .170642028E-57  .579137382E-58  .195802125E-58  .662139012E-59  .230238978E-59
  .863545284E-60  .405599242E-60  .305348444E-60  .000000000E+00  .000000000E+00
  .000000000E+00  .000000000E+00  .000000000E+00  .000000000E+00  .000000000E+00
  .000000000E+00  .000000000E+00  .000000000E+00  .000000000E+00  .000000000E+00
  .000000000E+00  .000000000E+00  .000000000E+00  .000000000E+00  .000000000E+00
  .000000000E+00  .000000000E+00  .000000000E+00  .000000000E+00  .000000000E+00
  .000000000E+00  .000000000E+00  .000000000E+00  .000000000E+00  .000000000E+00
  .000000000E+00  .000000000E+00  .000000000E+00  .000000000E+00  .000000000E+00
  .000000000E+00  .000000000E+00  .000000000E+00  .000000000E+00  .000000000E+00
  .000000000E+00  .000000000E+00  .000000000E+00  .000000000E+00  .000000000E+00
  .000000000E+00  .000000000E+00  .000000000E+00  .000000000E+00  .000000000E+00
  .000000000E+00  .000000000E+00  .000000000E+00  .000000000E+00  .000000000E+00
  .000000000E+00  .000000000E+00  .000000000E+00  .000000000E+00  .000000000E+00
  .000000000E+00  .000000000E+00  .000000000E+00  .000000000E+00  .000000000E+00
  .000000000E+00  .000000000E+00  .000000000E+00  .000000000E+00  .000000000E+00
  .000000000E+00  .000000000E+00  .000000000E+00  .000000000E+00  .000000000E+00
  .000000000E+00  .000000000E+00  .000000000E+00  .000000000E+00  .000000000E+00
  .000000000E+00  .000000000E+00  .000000000E+00  .000000000E+00  .000000000E+00
  .000000000E+00  .000000000E+00  .000000000E+00  .000000000E+00  .000000000E+00
  .000000000E+00  .000000000E+00  .000000000E+00  .000000000E+00  .000000000E+00
  .000000000E+00  .000000000E+00  .000000000E+00  .000000000E+00  .000000000E+00
  .000000000E+00  .000000000E+00  .000000000E+00  .000000000E+00  .000000000E+00
  .000000000E+00  .000000000E+00  .000000000E+00  .000000000E+00  .000000000E+00
  .000000000E+00  .000000000E+00  .000000000E+00  .000000000E+00  .000000000E+00
  .000000000E+00  .000000000E+00  .000000000E+00  .000000000E+00  .000000000E+00
  .000000000E+00  .000000000E+00  .000000000E+00  .000000000E+00  .000000000E+00
  .000000000E+00  .000000000E+00  .000000000E+00  .000000000E+00  .000000000E+00
  .000000000E+00  .000000000E+00  .000000000E+00  .000000000E+00  .000000000E+00
  .000000000E+00  .000000000E+00  .000000000E+00  .000000000E+00  .000000000E+00
  .000000000E+00  .000000000E+00  .000000000E+00  .000000000E+00  .000000000E+00
