  PAW Mg                                 
 100
Core Pot   L  =         .00000   -.34851
  -.20000000E+01  .11260015E+01
  -.19700000E+01  .11142715E+01
  -.19400000E+01  .11024789E+01
  -.19100000E+01  .10906225E+01
  -.18800000E+01  .10787014E+01
  -.18500000E+01  .10667142E+01
  -.18200000E+01  .10546601E+01
  -.17900000E+01  .10425378E+01
  -.17600000E+01  .10303461E+01
  -.17300000E+01  .10180838E+01
  -.17000000E+01  .10057499E+01
  -.16700000E+01  .99334303E+00
  -.16400000E+01  .98086198E+00
  -.16100000E+01  .96830551E+00
  -.15800000E+01  .95567233E+00
  -.15500000E+01  .94296114E+00
  -.15200000E+01  .93017064E+00
  -.14900000E+01  .91729946E+00
  -.14600000E+01  .90434624E+00
  -.14300000E+01  .89130958E+00
  -.14000000E+01  .87818807E+00
  -.13700000E+01  .86498024E+00
  -.13400000E+01  .85168464E+00
  -.13100000E+01  .83829974E+00
  -.12800000E+01  .82482402E+00
  -.12500000E+01  .81125592E+00
  -.12200000E+01  .79759382E+00
  -.11900000E+01  .78383610E+00
  -.11600000E+01  .76998110E+00
  -.11300000E+01  .75602713E+00
  -.11000000E+01  .74197243E+00
  -.10700000E+01  .72781525E+00
  -.10400000E+01  .71355376E+00
  -.10100000E+01  .69918613E+00
  -.98000000E+00  .68471046E+00
  -.95000000E+00  .67012482E+00
  -.92000000E+00  .65542722E+00
  -.89000000E+00  .64061566E+00
  -.86000000E+00  .62568806E+00
  -.83000000E+00  .61064231E+00
  -.80000000E+00  .59547624E+00
  -.77000000E+00  .58018764E+00
  -.74000000E+00  .56477424E+00
  -.71000000E+00  .54923371E+00
  -.68000000E+00  .53356368E+00
  -.65000000E+00  .51776171E+00
  -.62000000E+00  .50182530E+00
  -.59000000E+00  .48575190E+00
  -.56000000E+00  .46953888E+00
  -.53000000E+00  .45318355E+00
  -.50000000E+00  .43668316E+00
  -.47000000E+00  .42003488E+00
  -.44000000E+00  .40323580E+00
  -.41000000E+00  .38628295E+00
  -.38000000E+00  .36917327E+00
  -.35000000E+00  .35190364E+00
  -.32000000E+00  .33447081E+00
  -.29000000E+00  .31687151E+00
  -.26000000E+00  .29910231E+00
  -.23000000E+00  .28115974E+00
  -.20000000E+00  .26304020E+00
  -.17000000E+00  .24474002E+00
  -.14000000E+00  .22625540E+00
  -.11000000E+00  .20758245E+00
  -.80000000E-01  .18871716E+00
  -.50000000E-01  .16965540E+00
  -.20000000E-01  .15039293E+00
   .10000000E-01  .13092538E+00
   .40000000E-01  .11124827E+00
   .70000000E-01  .91356955E-01
   .10000000E+00  .71246673E-01
   .13000000E+00  .50912511E-01
   .16000000E+00  .30349407E-01
   .19000000E+00  .95521427E-02
   .22000000E+00 -.11484661E-01
   .25000000E+00 -.32766550E-01
   .28000000E+00 -.54299249E-01
   .31000000E+00 -.76088661E-01
   .34000000E+00 -.98140880E-01
   .37000000E+00 -.12046220E+00
   .40000000E+00 -.14305911E+00
   .43000000E+00 -.16593832E+00
   .46000000E+00 -.18910677E+00
   .49000000E+00 -.21257163E+00
   .52000000E+00 -.23634029E+00
   .55000000E+00 -.26042042E+00
   .58000000E+00 -.28481995E+00
   .61000000E+00 -.30954706E+00
   .64000000E+00 -.33461026E+00
   .67000000E+00 -.36001832E+00
   .70000000E+00 -.38578034E+00
   .73000000E+00 -.41190575E+00
   .76000000E+00 -.43840433E+00
   .79000000E+00 -.46528619E+00
   .82000000E+00 -.49256186E+00
   .85000000E+00 -.52024222E+00
   .88000000E+00 -.54833858E+00
   .91000000E+00 -.57686270E+00
   .94000000E+00 -.60582675E+00
   .97000000E+00 -.63524342E+00
   .10000000E+01 -.66512586E+00
Potential  L  =         .00000   -.34851
  -.20000000E+01  .11216493E+01
  -.19700000E+01  .11103820E+01
  -.19400000E+01  .10990423E+01
  -.19100000E+01  .10876290E+01
  -.18800000E+01  .10761410E+01
  -.18500000E+01  .10645770E+01
  -.18200000E+01  .10529360E+01
  -.17900000E+01  .10412165E+01
  -.17600000E+01  .10294174E+01
  -.17300000E+01  .10175374E+01
  -.17000000E+01  .10055751E+01
  -.16700000E+01  .99352922E+00
  -.16400000E+01  .98139827E+00
  -.16100000E+01  .96918085E+00
  -.15800000E+01  .95687551E+00
  -.15500000E+01  .94448073E+00
  -.15200000E+01  .93199498E+00
  -.14900000E+01  .91941668E+00
  -.14600000E+01  .90674420E+00
  -.14300000E+01  .89397590E+00
  -.14000000E+01  .88111006E+00
  -.13700000E+01  .86814494E+00
  -.13400000E+01  .85507874E+00
  -.13100000E+01  .84190963E+00
  -.12800000E+01  .82863572E+00
  -.12500000E+01  .81525506E+00
  -.12200000E+01  .80176567E+00
  -.11900000E+01  .78816551E+00
  -.11600000E+01  .77445247E+00
  -.11300000E+01  .76062440E+00
  -.11000000E+01  .74667907E+00
  -.10700000E+01  .73261422E+00
  -.10400000E+01  .71842748E+00
  -.10100000E+01  .70411647E+00
  -.98000000E+00  .68967869E+00
  -.95000000E+00  .67511160E+00
  -.92000000E+00  .66041257E+00
  -.89000000E+00  .64557891E+00
  -.86000000E+00  .63060784E+00
  -.83000000E+00  .61549648E+00
  -.80000000E+00  .60024191E+00
  -.77000000E+00  .58484107E+00
  -.74000000E+00  .56929084E+00
  -.71000000E+00  .55358800E+00
  -.68000000E+00  .53772922E+00
  -.65000000E+00  .52171104E+00
  -.62000000E+00  .50552999E+00
  -.59000000E+00  .48918239E+00
  -.56000000E+00  .47266447E+00
  -.53000000E+00  .45597238E+00
  -.50000000E+00  .43910205E+00
  -.47000000E+00  .42204937E+00
  -.44000000E+00  .40481004E+00
  -.41000000E+00  .38737965E+00
  -.38000000E+00  .36975362E+00
  -.35000000E+00  .35192723E+00
  -.32000000E+00  .33389558E+00
  -.29000000E+00  .31565361E+00
  -.26000000E+00  .29719608E+00
  -.23000000E+00  .27851758E+00
  -.20000000E+00  .25961248E+00
  -.17000000E+00  .24047496E+00
  -.14000000E+00  .22109901E+00
  -.11000000E+00  .20147836E+00
  -.80000000E-01  .18160654E+00
  -.50000000E-01  .16147682E+00
  -.20000000E-01  .14108223E+00
   .10000000E-01  .12041552E+00
   .40000000E-01  .99469163E-01
   .70000000E-01  .78235351E-01
   .10000000E+00  .56705960E-01
   .13000000E+00  .34872543E-01
   .16000000E+00  .12726316E-01
   .19000000E+00 -.97418611E-02
   .22000000E+00 -.32541504E-01
   .25000000E+00 -.55682523E-01
   .28000000E+00 -.79175243E-01
   .31000000E+00 -.10303042E+00
   .34000000E+00 -.12725929E+00
   .37000000E+00 -.15187355E+00
   .40000000E+00 -.17688543E+00
   .43000000E+00 -.20230769E+00
   .46000000E+00 -.22815366E+00
   .49000000E+00 -.25443729E+00
   .52000000E+00 -.28117315E+00
   .55000000E+00 -.30837650E+00
   .58000000E+00 -.33606332E+00
   .61000000E+00 -.36425032E+00
   .64000000E+00 -.39295506E+00
   .67000000E+00 -.42219593E+00
   .70000000E+00 -.45199222E+00
   .73000000E+00 -.48236421E+00
   .76000000E+00 -.51333319E+00
   .79000000E+00 -.54492153E+00
   .82000000E+00 -.57715280E+00
   .85000000E+00 -.61005179E+00
   .88000000E+00 -.64364460E+00
   .91000000E+00 -.67795877E+00
   .94000000E+00 -.71302335E+00
   .97000000E+00 -.74886899E+00
   .10000000E+01 -.78552808E+00
Core Pot   L  =        1.00000  -3.43490
  -.20000000E+01  .15179929E+01
  -.19700000E+01  .15041031E+01
  -.19400000E+01  .14903369E+01
  -.19100000E+01  .14766832E+01
  -.18800000E+01  .14631315E+01
  -.18500000E+01  .14496721E+01
  -.18200000E+01  .14362962E+01
  -.17900000E+01  .14229954E+01
  -.17600000E+01  .14097619E+01
  -.17300000E+01  .13965885E+01
  -.17000000E+01  .13834684E+01
  -.16700000E+01  .13703953E+01
  -.16400000E+01  .13573633E+01
  -.16100000E+01  .13443666E+01
  -.15800000E+01  .13313999E+01
  -.15500000E+01  .13184584E+01
  -.15200000E+01  .13055372E+01
  -.14900000E+01  .12926318E+01
  -.14600000E+01  .12797380E+01
  -.14300000E+01  .12668516E+01
  -.14000000E+01  .12539689E+01
  -.13700000E+01  .12410861E+01
  -.13400000E+01  .12281996E+01
  -.13100000E+01  .12153060E+01
  -.12800000E+01  .12024021E+01
  -.12500000E+01  .11894847E+01
  -.12200000E+01  .11765507E+01
  -.11900000E+01  .11635972E+01
  -.11600000E+01  .11506214E+01
  -.11300000E+01  .11376205E+01
  -.11000000E+01  .11245918E+01
  -.10700000E+01  .11115326E+01
  -.10400000E+01  .10984406E+01
  -.10100000E+01  .10853131E+01
  -.98000000E+00  .10721477E+01
  -.95000000E+00  .10589420E+01
  -.92000000E+00  .10456937E+01
  -.89000000E+00  .10324005E+01
  -.86000000E+00  .10190602E+01
  -.83000000E+00  .10056704E+01
  -.80000000E+00  .99222894E+00
  -.77000000E+00  .97873368E+00
  -.74000000E+00  .96518242E+00
  -.71000000E+00  .95157302E+00
  -.68000000E+00  .93790334E+00
  -.65000000E+00  .92417123E+00
  -.62000000E+00  .91037460E+00
  -.59000000E+00  .89651131E+00
  -.56000000E+00  .88257925E+00
  -.53000000E+00  .86857632E+00
  -.50000000E+00  .85450039E+00
  -.47000000E+00  .84034934E+00
  -.44000000E+00  .82612104E+00
  -.41000000E+00  .81181336E+00
  -.38000000E+00  .79742413E+00
  -.35000000E+00  .78295120E+00
  -.32000000E+00  .76839238E+00
  -.29000000E+00  .75374547E+00
  -.26000000E+00  .73900825E+00
  -.23000000E+00  .72417847E+00
  -.20000000E+00  .70925386E+00
  -.17000000E+00  .69423212E+00
  -.14000000E+00  .67911093E+00
  -.11000000E+00  .66388794E+00
  -.80000000E-01  .64856073E+00
  -.50000000E-01  .63312690E+00
  -.20000000E-01  .61758397E+00
   .10000000E-01  .60192944E+00
   .40000000E-01  .58616076E+00
   .70000000E-01  .57027534E+00
   .10000000E+00  .55427054E+00
   .13000000E+00  .53814366E+00
   .16000000E+00  .52189198E+00
   .19000000E+00  .50551269E+00
   .22000000E+00  .48900295E+00
   .25000000E+00  .47235984E+00
   .28000000E+00  .45558040E+00
   .31000000E+00  .43866158E+00
   .34000000E+00  .42160029E+00
   .37000000E+00  .40439335E+00
   .40000000E+00  .38703751E+00
   .43000000E+00  .36952945E+00
   .46000000E+00  .35186578E+00
   .49000000E+00  .33404299E+00
   .52000000E+00  .31605753E+00
   .55000000E+00  .29790573E+00
   .58000000E+00  .27958384E+00
   .61000000E+00  .26108801E+00
   .64000000E+00  .24241429E+00
   .67000000E+00  .22355862E+00
   .70000000E+00  .20451683E+00
   .73000000E+00  .18528465E+00
   .76000000E+00  .16585768E+00
   .79000000E+00  .14623139E+00
   .82000000E+00  .12640114E+00
   .85000000E+00  .10636214E+00
   .88000000E+00  .86109484E-01
   .91000000E+00  .65638092E-01
   .94000000E+00  .44942753E-01
   .97000000E+00  .24018093E-01
   .10000000E+01  .28585771E-02
Potential  L  =        1.00000  -3.43490
  -.20000000E+01  .38183131E+01
  -.19700000E+01  .37348364E+01
  -.19400000E+01  .36561323E+01
  -.19100000E+01  .35817545E+01
  -.18800000E+01  .35113102E+01
  -.18500000E+01  .34444527E+01
  -.18200000E+01  .33808743E+01
  -.17900000E+01  .33203011E+01
  -.17600000E+01  .32624888E+01
  -.17300000E+01  .32072183E+01
  -.17000000E+01  .31542931E+01
  -.16700000E+01  .31035358E+01
  -.16400000E+01  .30547865E+01
  -.16100000E+01  .30079000E+01
  -.15800000E+01  .29627450E+01
  -.15500000E+01  .29192015E+01
  -.15200000E+01  .28771603E+01
  -.14900000E+01  .28365217E+01
  -.14600000E+01  .27971943E+01
  -.14300000E+01  .27590942E+01
  -.14000000E+01  .27221443E+01
  -.13700000E+01  .26862737E+01
  -.13400000E+01  .26514168E+01
  -.13100000E+01  .26175132E+01
  -.12800000E+01  .25845069E+01
  -.12500000E+01  .25523459E+01
  -.12200000E+01  .25209822E+01
  -.11900000E+01  .24903709E+01
  -.11600000E+01  .24604704E+01
  -.11300000E+01  .24312418E+01
  -.11000000E+01  .24026489E+01
  -.10700000E+01  .23746578E+01
  -.10400000E+01  .23472367E+01
  -.10100000E+01  .23203560E+01
  -.98000000E+00  .22939879E+01
  -.95000000E+00  .22681062E+01
  -.92000000E+00  .22426863E+01
  -.89000000E+00  .22177051E+01
  -.86000000E+00  .21931409E+01
  -.83000000E+00  .21689731E+01
  -.80000000E+00  .21451823E+01
  -.77000000E+00  .21217503E+01
  -.74000000E+00  .20986597E+01
  -.71000000E+00  .20758942E+01
  -.68000000E+00  .20534382E+01
  -.65000000E+00  .20312771E+01
  -.62000000E+00  .20093969E+01
  -.59000000E+00  .19877843E+01
  -.56000000E+00  .19664267E+01
  -.53000000E+00  .19453122E+01
  -.50000000E+00  .19244294E+01
  -.47000000E+00  .19037672E+01
  -.44000000E+00  .18833155E+01
  -.41000000E+00  .18630643E+01
  -.38000000E+00  .18430041E+01
  -.35000000E+00  .18231259E+01
  -.32000000E+00  .18034210E+01
  -.29000000E+00  .17838812E+01
  -.26000000E+00  .17644986E+01
  -.23000000E+00  .17452654E+01
  -.20000000E+00  .17261745E+01
  -.17000000E+00  .17072188E+01
  -.14000000E+00  .16883915E+01
  -.11000000E+00  .16696863E+01
  -.80000000E-01  .16510968E+01
  -.50000000E-01  .16326171E+01
  -.20000000E-01  .16142413E+01
   .10000000E-01  .15959639E+01
   .40000000E-01  .15777795E+01
   .70000000E-01  .15596828E+01
   .10000000E+00  .15416689E+01
   .13000000E+00  .15237329E+01
   .16000000E+00  .15058700E+01
   .19000000E+00  .14880757E+01
   .22000000E+00  .14703456E+01
   .25000000E+00  .14526753E+01
   .28000000E+00  .14350607E+01
   .31000000E+00  .14174977E+01
   .34000000E+00  .13999824E+01
   .37000000E+00  .13825109E+01
   .40000000E+00  .13650795E+01
   .43000000E+00  .13476846E+01
   .46000000E+00  .13303225E+01
   .49000000E+00  .13129898E+01
   .52000000E+00  .12956832E+01
   .55000000E+00  .12783992E+01
   .58000000E+00  .12611347E+01
   .61000000E+00  .12438864E+01
   .64000000E+00  .12266513E+01
   .67000000E+00  .12094263E+01
   .70000000E+00  .11922083E+01
   .73000000E+00  .11749944E+01
   .76000000E+00  .11577818E+01
   .79000000E+00  .11405675E+01
   .82000000E+00  .11233488E+01
   .85000000E+00  .11061229E+01
   .88000000E+00  .10888870E+01
   .91000000E+00  .10716384E+01
   .94000000E+00  .10543745E+01
   .97000000E+00  .10370927E+01
   .10000000E+01  .10197903E+01
Core Pot   L  =        2.00000   -.10000
  -.20000000E+01  .16106105E+01
  -.19700000E+01  .16018399E+01
  -.19400000E+01  .15930301E+01
  -.19100000E+01  .15841808E+01
  -.18800000E+01  .15752913E+01
  -.18500000E+01  .15663614E+01
  -.18200000E+01  .15573904E+01
  -.17900000E+01  .15483779E+01
  -.17600000E+01  .15393234E+01
  -.17300000E+01  .15302264E+01
  -.17000000E+01  .15210864E+01
  -.16700000E+01  .15119029E+01
  -.16400000E+01  .15026752E+01
  -.16100000E+01  .14934030E+01
  -.15800000E+01  .14840856E+01
  -.15500000E+01  .14747224E+01
  -.15200000E+01  .14653129E+01
  -.14900000E+01  .14558565E+01
  -.14600000E+01  .14463527E+01
  -.14300000E+01  .14368007E+01
  -.14000000E+01  .14272000E+01
  -.13700000E+01  .14175499E+01
  -.13400000E+01  .14078499E+01
  -.13100000E+01  .13980992E+01
  -.12800000E+01  .13882971E+01
  -.12500000E+01  .13784431E+01
  -.12200000E+01  .13685364E+01
  -.11900000E+01  .13585762E+01
  -.11600000E+01  .13485619E+01
  -.11300000E+01  .13384928E+01
  -.11000000E+01  .13283680E+01
  -.10700000E+01  .13181869E+01
  -.10400000E+01  .13079485E+01
  -.10100000E+01  .12976522E+01
  -.98000000E+00  .12872971E+01
  -.95000000E+00  .12768823E+01
  -.92000000E+00  .12664071E+01
  -.89000000E+00  .12558706E+01
  -.86000000E+00  .12452718E+01
  -.83000000E+00  .12346098E+01
  -.80000000E+00  .12238838E+01
  -.77000000E+00  .12130928E+01
  -.74000000E+00  .12022358E+01
  -.71000000E+00  .11913119E+01
  -.68000000E+00  .11803200E+01
  -.65000000E+00  .11692590E+01
  -.62000000E+00  .11581280E+01
  -.59000000E+00  .11469259E+01
  -.56000000E+00  .11356515E+01
  -.53000000E+00  .11243038E+01
  -.50000000E+00  .11128815E+01
  -.47000000E+00  .11013836E+01
  -.44000000E+00  .10898087E+01
  -.41000000E+00  .10781557E+01
  -.38000000E+00  .10664233E+01
  -.35000000E+00  .10546101E+01
  -.32000000E+00  .10427150E+01
  -.29000000E+00  .10307365E+01
  -.26000000E+00  .10186732E+01
  -.23000000E+00  .10065237E+01
  -.20000000E+00  .99428654E+00
  -.17000000E+00  .98196026E+00
  -.14000000E+00  .96954330E+00
  -.11000000E+00  .95703411E+00
  -.80000000E-01  .94443108E+00
  -.50000000E-01  .93173254E+00
  -.20000000E-01  .91893683E+00
   .10000000E-01  .90604220E+00
   .40000000E-01  .89304687E+00
   .70000000E-01  .87994903E+00
   .10000000E+00  .86674680E+00
   .13000000E+00  .85343827E+00
   .16000000E+00  .84002145E+00
   .19000000E+00  .82649433E+00
   .22000000E+00  .81285483E+00
   .25000000E+00  .79910082E+00
   .28000000E+00  .78523009E+00
   .31000000E+00  .77124040E+00
   .34000000E+00  .75712944E+00
   .37000000E+00  .74289482E+00
   .40000000E+00  .72853409E+00
   .43000000E+00  .71404475E+00
   .46000000E+00  .69942419E+00
   .49000000E+00  .68466977E+00
   .52000000E+00  .66977873E+00
   .55000000E+00  .65474826E+00
   .58000000E+00  .63957545E+00
   .61000000E+00  .62425732E+00
   .64000000E+00  .60879079E+00
   .67000000E+00  .59317269E+00
   .70000000E+00  .57739974E+00
   .73000000E+00  .56146858E+00
   .76000000E+00  .54537574E+00
   .79000000E+00  .52911764E+00
   .82000000E+00  .51269057E+00
   .85000000E+00  .49609074E+00
   .88000000E+00  .47931422E+00
   .91000000E+00  .46235694E+00
   .94000000E+00  .44521471E+00
   .97000000E+00  .42788320E+00
   .10000000E+01  .41035795E+00
Potential  L  =        2.00000   -.10000
  -.20000000E+01  .16087028E+01
  -.19700000E+01  .15999176E+01
  -.19400000E+01  .15910939E+01
  -.19100000E+01  .15822311E+01
  -.18800000E+01  .15733289E+01
  -.18500000E+01  .15643867E+01
  -.18200000E+01  .15554042E+01
  -.17900000E+01  .15463808E+01
  -.17600000E+01  .15373162E+01
  -.17300000E+01  .15282097E+01
  -.17000000E+01  .15190610E+01
  -.16700000E+01  .15098696E+01
  -.16400000E+01  .15006348E+01
  -.16100000E+01  .14913563E+01
  -.15800000E+01  .14820336E+01
  -.15500000E+01  .14726660E+01
  -.15200000E+01  .14632530E+01
  -.14900000E+01  .14537941E+01
  -.14600000E+01  .14442888E+01
  -.14300000E+01  .14347365E+01
  -.14000000E+01  .14251365E+01
  -.13700000E+01  .14154884E+01
  -.13400000E+01  .14057914E+01
  -.13100000E+01  .13960450E+01
  -.12800000E+01  .13862487E+01
  -.12500000E+01  .13764016E+01
  -.12200000E+01  .13665033E+01
  -.11900000E+01  .13565530E+01
  -.11600000E+01  .13465501E+01
  -.11300000E+01  .13364938E+01
  -.11000000E+01  .13263836E+01
  -.10700000E+01  .13162187E+01
  -.10400000E+01  .13059983E+01
  -.10100000E+01  .12957218E+01
  -.98000000E+00  .12853883E+01
  -.95000000E+00  .12749972E+01
  -.92000000E+00  .12645477E+01
  -.89000000E+00  .12540388E+01
  -.86000000E+00  .12434700E+01
  -.83000000E+00  .12328402E+01
  -.80000000E+00  .12221487E+01
  -.77000000E+00  .12113947E+01
  -.74000000E+00  .12005771E+01
  -.71000000E+00  .11896953E+01
  -.68000000E+00  .11787481E+01
  -.65000000E+00  .11677348E+01
  -.62000000E+00  .11566543E+01
  -.59000000E+00  .11455057E+01
  -.56000000E+00  .11342880E+01
  -.53000000E+00  .11230001E+01
  -.50000000E+00  .11116411E+01
  -.47000000E+00  .11002100E+01
  -.44000000E+00  .10887055E+01
  -.41000000E+00  .10771266E+01
  -.38000000E+00  .10654722E+01
  -.35000000E+00  .10537412E+01
  -.32000000E+00  .10419323E+01
  -.29000000E+00  .10300444E+01
  -.26000000E+00  .10180763E+01
  -.23000000E+00  .10060266E+01
  -.20000000E+00  .99389415E+00
  -.17000000E+00  .98167758E+00
  -.14000000E+00  .96937556E+00
  -.11000000E+00  .95698672E+00
  -.80000000E-01  .94450965E+00
  -.50000000E-01  .93194292E+00
  -.20000000E-01  .91928507E+00
   .10000000E-01  .90653458E+00
   .40000000E-01  .89368991E+00
   .70000000E-01  .88074950E+00
   .10000000E+00  .86771173E+00
   .13000000E+00  .85457494E+00
   .16000000E+00  .84133744E+00
   .19000000E+00  .82799750E+00
   .22000000E+00  .81455335E+00
   .25000000E+00  .80100315E+00
   .28000000E+00  .78734505E+00
   .31000000E+00  .77357713E+00
   .34000000E+00  .75969744E+00
   .37000000E+00  .74570395E+00
   .40000000E+00  .73159462E+00
   .43000000E+00  .71736732E+00
   .46000000E+00  .70301988E+00
   .49000000E+00  .68855009E+00
   .52000000E+00  .67395565E+00
   .55000000E+00  .65923421E+00
   .58000000E+00  .64438338E+00
   .61000000E+00  .62940068E+00
   .64000000E+00  .61428357E+00
   .67000000E+00  .59902943E+00
   .70000000E+00  .58363560E+00
   .73000000E+00  .56809932E+00
   .76000000E+00  .55241776E+00
   .79000000E+00  .53658800E+00
   .82000000E+00  .52060706E+00
   .85000000E+00  .50447186E+00
   .88000000E+00  .48817923E+00
   .91000000E+00  .47172592E+00
   .94000000E+00  .45510858E+00
   .97000000E+00  .43832376E+00
   .10000000E+01  .42136790E+00
Core Pot   L  =        3.00000    .00000
  -.20000000E+01  .21157979E+01
  -.19700000E+01  .21092206E+01
  -.19400000E+01  .21026269E+01
  -.19100000E+01  .20960166E+01
  -.18800000E+01  .20893897E+01
  -.18500000E+01  .20827461E+01
  -.18200000E+01  .20760856E+01
  -.17900000E+01  .20694081E+01
  -.17600000E+01  .20627135E+01
  -.17300000E+01  .20560018E+01
  -.17000000E+01  .20492727E+01
  -.16700000E+01  .20425262E+01
  -.16400000E+01  .20357622E+01
  -.16100000E+01  .20289804E+01
  -.15800000E+01  .20221809E+01
  -.15500000E+01  .20153635E+01
  -.15200000E+01  .20085281E+01
  -.14900000E+01  .20016745E+01
  -.14600000E+01  .19948026E+01
  -.14300000E+01  .19879123E+01
  -.14000000E+01  .19810035E+01
  -.13700000E+01  .19740760E+01
  -.13400000E+01  .19671297E+01
  -.13100000E+01  .19601645E+01
  -.12800000E+01  .19531802E+01
  -.12500000E+01  .19461767E+01
  -.12200000E+01  .19391539E+01
  -.11900000E+01  .19321116E+01
  -.11600000E+01  .19250498E+01
  -.11300000E+01  .19179681E+01
  -.11000000E+01  .19108666E+01
  -.10700000E+01  .19037450E+01
  -.10400000E+01  .18966033E+01
  -.10100000E+01  .18894412E+01
  -.98000000E+00  .18822586E+01
  -.95000000E+00  .18750554E+01
  -.92000000E+00  .18678314E+01
  -.89000000E+00  .18605865E+01
  -.86000000E+00  .18533205E+01
  -.83000000E+00  .18460333E+01
  -.80000000E+00  .18387247E+01
  -.77000000E+00  .18313944E+01
  -.74000000E+00  .18240425E+01
  -.71000000E+00  .18166687E+01
  -.68000000E+00  .18092728E+01
  -.65000000E+00  .18018546E+01
  -.62000000E+00  .17944141E+01
  -.59000000E+00  .17869510E+01
  -.56000000E+00  .17794652E+01
  -.53000000E+00  .17719564E+01
  -.50000000E+00  .17644246E+01
  -.47000000E+00  .17568694E+01
  -.44000000E+00  .17492908E+01
  -.41000000E+00  .17416886E+01
  -.38000000E+00  .17340625E+01
  -.35000000E+00  .17264125E+01
  -.32000000E+00  .17187382E+01
  -.29000000E+00  .17110395E+01
  -.26000000E+00  .17033162E+01
  -.23000000E+00  .16955681E+01
  -.20000000E+00  .16877950E+01
  -.17000000E+00  .16799967E+01
  -.14000000E+00  .16721731E+01
  -.11000000E+00  .16643238E+01
  -.80000000E-01  .16564486E+01
  -.50000000E-01  .16485475E+01
  -.20000000E-01  .16406201E+01
   .10000000E-01  .16326662E+01
   .40000000E-01  .16246857E+01
   .70000000E-01  .16166782E+01
   .10000000E+00  .16086436E+01
   .13000000E+00  .16005817E+01
   .16000000E+00  .15924921E+01
   .19000000E+00  .15843747E+01
   .22000000E+00  .15762293E+01
   .25000000E+00  .15680555E+01
   .28000000E+00  .15598532E+01
   .31000000E+00  .15516221E+01
   .34000000E+00  .15433619E+01
   .37000000E+00  .15350725E+01
   .40000000E+00  .15267535E+01
   .43000000E+00  .15184046E+01
   .46000000E+00  .15100257E+01
   .49000000E+00  .15016164E+01
   .52000000E+00  .14931766E+01
   .55000000E+00  .14847058E+01
   .58000000E+00  .14762039E+01
   .61000000E+00  .14676705E+01
   .64000000E+00  .14591053E+01
   .67000000E+00  .14505082E+01
   .70000000E+00  .14418788E+01
   .73000000E+00  .14332167E+01
   .76000000E+00  .14245217E+01
   .79000000E+00  .14157935E+01
   .82000000E+00  .14070318E+01
   .85000000E+00  .13982363E+01
   .88000000E+00  .13894066E+01
   .91000000E+00  .13805425E+01
   .94000000E+00  .13716435E+01
   .97000000E+00  .13627094E+01
   .10000000E+01  .13537399E+01
Potential  L  =        3.00000    .00000
  -.20000000E+01  .21151330E+01
  -.19700000E+01  .21085236E+01
  -.19400000E+01  .21018974E+01
  -.19100000E+01  .20952544E+01
  -.18800000E+01  .20885945E+01
  -.18500000E+01  .20819175E+01
  -.18200000E+01  .20752234E+01
  -.17900000E+01  .20685120E+01
  -.17600000E+01  .20617831E+01
  -.17300000E+01  .20550368E+01
  -.17000000E+01  .20482728E+01
  -.16700000E+01  .20414910E+01
  -.16400000E+01  .20346914E+01
  -.16100000E+01  .20278738E+01
  -.15800000E+01  .20210380E+01
  -.15500000E+01  .20141840E+01
  -.15200000E+01  .20073116E+01
  -.14900000E+01  .20004207E+01
  -.14600000E+01  .19935112E+01
  -.14300000E+01  .19865829E+01
  -.14000000E+01  .19796357E+01
  -.13700000E+01  .19726695E+01
  -.13400000E+01  .19656841E+01
  -.13100000E+01  .19586794E+01
  -.12800000E+01  .19516553E+01
  -.12500000E+01  .19446116E+01
  -.12200000E+01  .19375481E+01
  -.11900000E+01  .19304648E+01
  -.11600000E+01  .19233615E+01
  -.11300000E+01  .19162381E+01
  -.11000000E+01  .19090943E+01
  -.10700000E+01  .19019301E+01
  -.10400000E+01  .18947453E+01
  -.10100000E+01  .18875397E+01
  -.98000000E+00  .18803133E+01
  -.95000000E+00  .18730658E+01
  -.92000000E+00  .18657970E+01
  -.89000000E+00  .18585069E+01
  -.86000000E+00  .18511953E+01
  -.83000000E+00  .18438619E+01
  -.80000000E+00  .18365067E+01
  -.77000000E+00  .18291295E+01
  -.74000000E+00  .18217301E+01
  -.71000000E+00  .18143083E+01
  -.68000000E+00  .18068640E+01
  -.65000000E+00  .17993970E+01
  -.62000000E+00  .17919070E+01
  -.59000000E+00  .17843941E+01
  -.56000000E+00  .17768578E+01
  -.53000000E+00  .17692982E+01
  -.50000000E+00  .17617149E+01
  -.47000000E+00  .17541079E+01
  -.44000000E+00  .17464768E+01
  -.41000000E+00  .17388216E+01
  -.38000000E+00  .17311420E+01
  -.35000000E+00  .17234379E+01
  -.32000000E+00  .17157090E+01
  -.29000000E+00  .17079551E+01
  -.26000000E+00  .17001761E+01
  -.23000000E+00  .16923717E+01
  -.20000000E+00  .16845418E+01
  -.17000000E+00  .16766860E+01
  -.14000000E+00  .16688043E+01
  -.11000000E+00  .16608963E+01
  -.80000000E-01  .16529620E+01
  -.50000000E-01  .16450010E+01
  -.20000000E-01  .16370131E+01
   .10000000E-01  .16289981E+01
   .40000000E-01  .16209558E+01
   .70000000E-01  .16128859E+01
   .10000000E+00  .16047882E+01
   .13000000E+00  .15966626E+01
   .16000000E+00  .15885086E+01
   .19000000E+00  .15803262E+01
   .22000000E+00  .15721150E+01
   .25000000E+00  .15638747E+01
   .28000000E+00  .15556053E+01
   .31000000E+00  .15473063E+01
   .34000000E+00  .15389775E+01
   .37000000E+00  .15306187E+01
   .40000000E+00  .15222297E+01
   .43000000E+00  .15138100E+01
   .46000000E+00  .15053595E+01
   .49000000E+00  .14968779E+01
   .52000000E+00  .14883649E+01
   .55000000E+00  .14798202E+01
   .58000000E+00  .14712435E+01
   .61000000E+00  .14626346E+01
   .64000000E+00  .14539931E+01
   .67000000E+00  .14453188E+01
   .70000000E+00  .14366113E+01
   .73000000E+00  .14278704E+01
   .76000000E+00  .14190957E+01
   .79000000E+00  .14102868E+01
   .82000000E+00  .14014436E+01
   .85000000E+00  .13925656E+01
   .88000000E+00  .13836526E+01
   .91000000E+00  .13747042E+01
   .94000000E+00  .13657200E+01
   .97000000E+00  .13566998E+01
   .10000000E+01  .13476431E+01
Core Pot   L  =        4.00000    .00000
  -.20000000E+01  .26042609E+01
  -.19700000E+01  .25988967E+01
  -.19400000E+01  .25935245E+01
  -.19100000E+01  .25881425E+01
  -.18800000E+01  .25827535E+01
  -.18500000E+01  .25773525E+01
  -.18200000E+01  .25719455E+01
  -.17900000E+01  .25665276E+01
  -.17600000E+01  .25611004E+01
  -.17300000E+01  .25556622E+01
  -.17000000E+01  .25502162E+01
  -.16700000E+01  .25447616E+01
  -.16400000E+01  .25392968E+01
  -.16100000E+01  .25338239E+01
  -.15800000E+01  .25283388E+01
  -.15500000E+01  .25228455E+01
  -.15200000E+01  .25173436E+01
  -.14900000E+01  .25118311E+01
  -.14600000E+01  .25063085E+01
  -.14300000E+01  .25007767E+01
  -.14000000E+01  .24952356E+01
  -.13700000E+01  .24896852E+01
  -.13400000E+01  .24841240E+01
  -.13100000E+01  .24785528E+01
  -.12800000E+01  .24729706E+01
  -.12500000E+01  .24673792E+01
  -.12200000E+01  .24617780E+01
  -.11900000E+01  .24561669E+01
  -.11600000E+01  .24505456E+01
  -.11300000E+01  .24449151E+01
  -.11000000E+01  .24392720E+01
  -.10700000E+01  .24336199E+01
  -.10400000E+01  .24279574E+01
  -.10100000E+01  .24222847E+01
  -.98000000E+00  .24166025E+01
  -.95000000E+00  .24109085E+01
  -.92000000E+00  .24052029E+01
  -.89000000E+00  .23994878E+01
  -.86000000E+00  .23937622E+01
  -.83000000E+00  .23880263E+01
  -.80000000E+00  .23822791E+01
  -.77000000E+00  .23765210E+01
  -.74000000E+00  .23707535E+01
  -.71000000E+00  .23649724E+01
  -.68000000E+00  .23591818E+01
  -.65000000E+00  .23533807E+01
  -.62000000E+00  .23475676E+01
  -.59000000E+00  .23417440E+01
  -.56000000E+00  .23359101E+01
  -.53000000E+00  .23300626E+01
  -.50000000E+00  .23242051E+01
  -.47000000E+00  .23183363E+01
  -.44000000E+00  .23124558E+01
  -.41000000E+00  .23065654E+01
  -.38000000E+00  .23006621E+01
  -.35000000E+00  .22947459E+01
  -.32000000E+00  .22888192E+01
  -.29000000E+00  .22828813E+01
  -.26000000E+00  .22769311E+01
  -.23000000E+00  .22709695E+01
  -.20000000E+00  .22649955E+01
  -.17000000E+00  .22590098E+01
  -.14000000E+00  .22530123E+01
  -.11000000E+00  .22470026E+01
  -.80000000E-01  .22409806E+01
  -.50000000E-01  .22349478E+01
  -.20000000E-01  .22289002E+01
   .10000000E-01  .22228417E+01
   .40000000E-01  .22167707E+01
   .70000000E-01  .22106873E+01
   .10000000E+00  .22045910E+01
   .13000000E+00  .21984825E+01
   .16000000E+00  .21923613E+01
   .19000000E+00  .21862275E+01
   .22000000E+00  .21800808E+01
   .25000000E+00  .21739209E+01
   .28000000E+00  .21677484E+01
   .31000000E+00  .21615629E+01
   .34000000E+00  .21553645E+01
   .37000000E+00  .21491528E+01
   .40000000E+00  .21429277E+01
   .43000000E+00  .21366895E+01
   .46000000E+00  .21304380E+01
   .49000000E+00  .21241729E+01
   .52000000E+00  .21178944E+01
   .55000000E+00  .21116024E+01
   .58000000E+00  .21052967E+01
   .61000000E+00  .20989772E+01
   .64000000E+00  .20926441E+01
   .67000000E+00  .20862970E+01
   .70000000E+00  .20799359E+01
   .73000000E+00  .20735608E+01
   .76000000E+00  .20671716E+01
   .79000000E+00  .20607683E+01
   .82000000E+00  .20543506E+01
   .85000000E+00  .20479186E+01
   .88000000E+00  .20414723E+01
   .91000000E+00  .20350113E+01
   .94000000E+00  .20285358E+01
   .97000000E+00  .20220456E+01
   .10000000E+01  .20155406E+01
Potential  L  =        4.00000    .00000
  -.20000000E+01  .26059580E+01
  -.19700000E+01  .26005822E+01
  -.19400000E+01  .25951984E+01
  -.19100000E+01  .25898048E+01
  -.18800000E+01  .25844031E+01
  -.18500000E+01  .25789928E+01
  -.18200000E+01  .25735705E+01
  -.17900000E+01  .25681420E+01
  -.17600000E+01  .25627013E+01
  -.17300000E+01  .25572525E+01
  -.17000000E+01  .25517944E+01
  -.16700000E+01  .25463268E+01
  -.16400000E+01  .25408494E+01
  -.16100000E+01  .25353626E+01
  -.15800000E+01  .25298662E+01
  -.15500000E+01  .25243618E+01
  -.15200000E+01  .25188445E+01
  -.14900000E+01  .25133192E+01
  -.14600000E+01  .25077837E+01
  -.14300000E+01  .25022387E+01
  -.14000000E+01  .24966835E+01
  -.13700000E+01  .24911203E+01
  -.13400000E+01  .24855436E+01
  -.13100000E+01  .24799586E+01
  -.12800000E+01  .24743641E+01
  -.12500000E+01  .24687590E+01
  -.12200000E+01  .24631432E+01
  -.11900000E+01  .24575179E+01
  -.11600000E+01  .24518832E+01
  -.11300000E+01  .24462370E+01
  -.11000000E+01  .24405795E+01
  -.10700000E+01  .24349124E+01
  -.10400000E+01  .24292350E+01
  -.10100000E+01  .24235476E+01
  -.98000000E+00  .24178486E+01
  -.95000000E+00  .24121398E+01
  -.92000000E+00  .24064197E+01
  -.89000000E+00  .24006895E+01
  -.86000000E+00  .23949482E+01
  -.83000000E+00  .23891961E+01
  -.80000000E+00  .23834330E+01
  -.77000000E+00  .23776591E+01
  -.74000000E+00  .23718755E+01
  -.71000000E+00  .23660782E+01
  -.68000000E+00  .23602712E+01
  -.65000000E+00  .23544529E+01
  -.62000000E+00  .23486237E+01
  -.59000000E+00  .23427827E+01
  -.56000000E+00  .23369306E+01
  -.53000000E+00  .23310670E+01
  -.50000000E+00  .23251926E+01
  -.47000000E+00  .23193059E+01
  -.44000000E+00  .23134081E+01
  -.41000000E+00  .23074984E+01
  -.38000000E+00  .23015771E+01
  -.35000000E+00  .22956442E+01
  -.32000000E+00  .22896993E+01
  -.29000000E+00  .22837429E+01
  -.26000000E+00  .22777744E+01
  -.23000000E+00  .22717936E+01
  -.20000000E+00  .22658022E+01
  -.17000000E+00  .22597962E+01
  -.14000000E+00  .22537793E+01
  -.11000000E+00  .22477505E+01
  -.80000000E-01  .22417089E+01
  -.50000000E-01  .22356551E+01
  -.20000000E-01  .22295888E+01
   .10000000E-01  .22235102E+01
   .40000000E-01  .22174188E+01
   .70000000E-01  .22113149E+01
   .10000000E+00  .22051983E+01
   .13000000E+00  .21990687E+01
   .16000000E+00  .21929265E+01
   .19000000E+00  .21867715E+01
   .22000000E+00  .21806034E+01
   .25000000E+00  .21744223E+01
   .28000000E+00  .21682279E+01
   .31000000E+00  .21620204E+01
   .34000000E+00  .21557998E+01
   .37000000E+00  .21495659E+01
   .40000000E+00  .21433182E+01
   .43000000E+00  .21370573E+01
   .46000000E+00  .21307829E+01
   .49000000E+00  .21244949E+01
   .52000000E+00  .21181928E+01
   .55000000E+00  .21118773E+01
   .58000000E+00  .21055478E+01
   .61000000E+00  .20992045E+01
   .64000000E+00  .20928470E+01
   .67000000E+00  .20864755E+01
   .70000000E+00  .20800898E+01
   .73000000E+00  .20736900E+01
   .76000000E+00  .20672756E+01
   .79000000E+00  .20608469E+01
   .82000000E+00  .20544038E+01
   .85000000E+00  .20479459E+01
   .88000000E+00  .20414735E+01
   .91000000E+00  .20349863E+01
   .94000000E+00  .20284843E+01
   .97000000E+00  .20219674E+01
   .10000000E+01  .20154355E+01
KBPotential  L  =      1.00000  -6.86979
  -.20000000E+01  .15303338E+01
  -.19700000E+01  .15161339E+01
  -.19400000E+01  .15020602E+01
  -.19100000E+01  .14881014E+01
  -.18800000E+01  .14742470E+01
  -.18500000E+01  .14604873E+01
  -.18200000E+01  .14468133E+01
  -.17900000E+01  .14332167E+01
  -.17600000E+01  .14196897E+01
  -.17300000E+01  .14062250E+01
  -.17000000E+01  .13928159E+01
  -.16700000E+01  .13794561E+01
  -.16400000E+01  .13661394E+01
  -.16100000E+01  .13528605E+01
  -.15800000E+01  .13396140E+01
  -.15500000E+01  .13263949E+01
  -.15200000E+01  .13131985E+01
  -.14900000E+01  .13000205E+01
  -.14600000E+01  .12868566E+01
  -.14300000E+01  .12737027E+01
  -.14000000E+01  .12605552E+01
  -.13700000E+01  .12474103E+01
  -.13400000E+01  .12342646E+01
  -.13100000E+01  .12211148E+01
  -.12800000E+01  .12079577E+01
  -.12500000E+01  .11947903E+01
  -.12200000E+01  .11816096E+01
  -.11900000E+01  .11684129E+01
  -.11600000E+01  .11551973E+01
  -.11300000E+01  .11419604E+01
  -.11000000E+01  .11286995E+01
  -.10700000E+01  .11154122E+01
  -.10400000E+01  .11020960E+01
  -.10100000E+01  .10887488E+01
  -.98000000E+00  .10753682E+01
  -.95000000E+00  .10619519E+01
  -.92000000E+00  .10484980E+01
  -.89000000E+00  .10350042E+01
  -.86000000E+00  .10214685E+01
  -.83000000E+00  .10078889E+01
  -.80000000E+00  .99426332E+00
  -.77000000E+00  .98058991E+00
  -.74000000E+00  .96686671E+00
  -.71000000E+00  .95309182E+00
  -.68000000E+00  .93926337E+00
  -.65000000E+00  .92537950E+00
  -.62000000E+00  .91143838E+00
  -.59000000E+00  .89743819E+00
  -.56000000E+00  .88337712E+00
  -.53000000E+00  .86925338E+00
  -.50000000E+00  .85506519E+00
  -.47000000E+00  .84081076E+00
  -.44000000E+00  .82648833E+00
  -.41000000E+00  .81209613E+00
  -.38000000E+00  .79763239E+00
  -.35000000E+00  .78309535E+00
  -.32000000E+00  .76848323E+00
  -.29000000E+00  .75379428E+00
  -.26000000E+00  .73902670E+00
  -.23000000E+00  .72417874E+00
  -.20000000E+00  .70924858E+00
  -.17000000E+00  .69423444E+00
  -.14000000E+00  .67913451E+00
  -.11000000E+00  .66394697E+00
  -.80000000E-01  .64866999E+00
  -.50000000E-01  .63330171E+00
  -.20000000E-01  .61784028E+00
   .10000000E-01  .60228381E+00
   .40000000E-01  .58663040E+00
   .70000000E-01  .57087814E+00
   .10000000E+00  .55502509E+00
   .13000000E+00  .53906928E+00
   .16000000E+00  .52300873E+00
   .19000000E+00  .50684142E+00
   .22000000E+00  .49056531E+00
   .25000000E+00  .47417835E+00
   .28000000E+00  .45767844E+00
   .31000000E+00  .44106345E+00
   .34000000E+00  .42433122E+00
   .37000000E+00  .40747957E+00
   .40000000E+00  .39050627E+00
   .43000000E+00  .37340906E+00
   .46000000E+00  .35618565E+00
   .49000000E+00  .33883370E+00
   .52000000E+00  .32135082E+00
   .55000000E+00  .30373461E+00
   .58000000E+00  .28598261E+00
   .61000000E+00  .26809230E+00
   .64000000E+00  .25006113E+00
   .67000000E+00  .23188650E+00
   .70000000E+00  .21356576E+00
   .73000000E+00  .19509621E+00
   .76000000E+00  .17647509E+00
   .79000000E+00  .15769960E+00
   .82000000E+00  .13876685E+00
   .85000000E+00  .11967393E+00
   .88000000E+00  .10041784E+00
   .91000000E+00  .80995540E-01
   .94000000E+00  .61403905E-01
   .97000000E+00  .41639752E-01
   .10000000E+01  .21699827E-01
KBPotential  L  =       .00000   -.69701
  -.20000000E+01  .11196671E+01
  -.19700000E+01  .11082032E+01
  -.19400000E+01  .10966694E+01
  -.19100000E+01  .10850647E+01
  -.18800000E+01  .10733881E+01
  -.18500000E+01  .10616387E+01
  -.18200000E+01  .10498155E+01
  -.17900000E+01  .10379174E+01
  -.17600000E+01  .10259434E+01
  -.17300000E+01  .10138923E+01
  -.17000000E+01  .10017632E+01
  -.16700000E+01  .98955487E+00
  -.16400000E+01  .97726619E+00
  -.16100000E+01  .96489601E+00
  -.15800000E+01  .95244315E+00
  -.15500000E+01  .93990639E+00
  -.15200000E+01  .92728451E+00
  -.14900000E+01  .91457624E+00
  -.14600000E+01  .90178031E+00
  -.14300000E+01  .88889539E+00
  -.14000000E+01  .87592016E+00
  -.13700000E+01  .86285324E+00
  -.13400000E+01  .84969323E+00
  -.13100000E+01  .83643872E+00
  -.12800000E+01  .82308823E+00
  -.12500000E+01  .80964029E+00
  -.12200000E+01  .79609336E+00
  -.11900000E+01  .78244590E+00
  -.11600000E+01  .76869630E+00
  -.11300000E+01  .75484295E+00
  -.11000000E+01  .74088418E+00
  -.10700000E+01  .72681830E+00
  -.10400000E+01  .71264356E+00
  -.10100000E+01  .69835818E+00
  -.98000000E+00  .68396034E+00
  -.95000000E+00  .66944819E+00
  -.92000000E+00  .65481982E+00
  -.89000000E+00  .64007328E+00
  -.86000000E+00  .62520656E+00
  -.83000000E+00  .61021764E+00
  -.80000000E+00  .59510441E+00
  -.77000000E+00  .57986474E+00
  -.74000000E+00  .56449642E+00
  -.71000000E+00  .54899722E+00
  -.68000000E+00  .53336482E+00
  -.65000000E+00  .51759687E+00
  -.62000000E+00  .50169095E+00
  -.59000000E+00  .48564458E+00
  -.56000000E+00  .46945521E+00
  -.53000000E+00  .45312025E+00
  -.50000000E+00  .43663697E+00
  -.47000000E+00  .42000271E+00
  -.44000000E+00  .40321462E+00
  -.41000000E+00  .38626981E+00
  -.38000000E+00  .36916534E+00
  -.35000000E+00  .35189811E+00
  -.32000000E+00  .33446504E+00
  -.29000000E+00  .31686290E+00
  -.26000000E+00  .29908841E+00
  -.23000000E+00  .28113817E+00
  -.20000000E+00  .26300872E+00
  -.17000000E+00  .24469647E+00
  -.14000000E+00  .22619774E+00
  -.11000000E+00  .20750876E+00
  -.80000000E-01  .18862563E+00
  -.50000000E-01  .16954436E+00
  -.20000000E-01  .15026083E+00
   .10000000E-01  .13077081E+00
   .40000000E-01  .11106993E+00
   .70000000E-01  .91153699E-01
   .10000000E+00  .71017497E-01
   .13000000E+00  .50656555E-01
   .16000000E+00  .30065963E-01
   .19000000E+00  .92406577E-02
   .22000000E+00 -.11824580E-01
   .25000000E+00 -.33135134E-01
   .28000000E+00 -.54696559E-01
   .31000000E+00 -.76514587E-01
   .34000000E+00 -.98595135E-01
   .37000000E+00 -.12094431E+00
   .40000000E+00 -.14356844E+00
   .43000000E+00 -.16647402E+00
   .46000000E+00 -.18966782E+00
   .49000000E+00 -.21315679E+00
   .52000000E+00 -.23694815E+00
   .55000000E+00 -.26104936E+00
   .58000000E+00 -.28546815E+00
   .61000000E+00 -.31021251E+00
   .64000000E+00 -.33529073E+00
   .67000000E+00 -.36071140E+00
   .70000000E+00 -.38648342E+00
   .73000000E+00 -.41261604E+00
   .76000000E+00 -.43911883E+00
   .79000000E+00 -.46600176E+00
   .82000000E+00 -.49327516E+00
   .85000000E+00 -.52094979E+00
   .88000000E+00 -.54903682E+00
   .91000000E+00 -.57754789E+00
   .94000000E+00 -.60649509E+00
   .97000000E+00 -.63589106E+00
   .10000000E+01 -.66574893E+00
KBPotential  L  =      2.00000    .00000
  -.20000000E+01  .16087028E+01
  -.19700000E+01  .15999176E+01
  -.19400000E+01  .15910939E+01
  -.19100000E+01  .15822311E+01
  -.18800000E+01  .15733289E+01
  -.18500000E+01  .15643867E+01
  -.18200000E+01  .15554042E+01
  -.17900000E+01  .15463808E+01
  -.17600000E+01  .15373162E+01
  -.17300000E+01  .15282097E+01
  -.17000000E+01  .15190610E+01
  -.16700000E+01  .15098696E+01
  -.16400000E+01  .15006348E+01
  -.16100000E+01  .14913563E+01
  -.15800000E+01  .14820336E+01
  -.15500000E+01  .14726660E+01
  -.15200000E+01  .14632530E+01
  -.14900000E+01  .14537941E+01
  -.14600000E+01  .14442888E+01
  -.14300000E+01  .14347365E+01
  -.14000000E+01  .14251365E+01
  -.13700000E+01  .14154884E+01
  -.13400000E+01  .14057914E+01
  -.13100000E+01  .13960450E+01
  -.12800000E+01  .13862487E+01
  -.12500000E+01  .13764016E+01
  -.12200000E+01  .13665033E+01
  -.11900000E+01  .13565530E+01
  -.11600000E+01  .13465501E+01
  -.11300000E+01  .13364938E+01
  -.11000000E+01  .13263836E+01
  -.10700000E+01  .13162187E+01
  -.10400000E+01  .13059983E+01
  -.10100000E+01  .12957218E+01
  -.98000000E+00  .12853883E+01
  -.95000000E+00  .12749972E+01
  -.92000000E+00  .12645477E+01
  -.89000000E+00  .12540388E+01
  -.86000000E+00  .12434700E+01
  -.83000000E+00  .12328402E+01
  -.80000000E+00  .12221487E+01
  -.77000000E+00  .12113947E+01
  -.74000000E+00  .12005771E+01
  -.71000000E+00  .11896953E+01
  -.68000000E+00  .11787481E+01
  -.65000000E+00  .11677348E+01
  -.62000000E+00  .11566543E+01
  -.59000000E+00  .11455057E+01
  -.56000000E+00  .11342880E+01
  -.53000000E+00  .11230001E+01
  -.50000000E+00  .11116411E+01
  -.47000000E+00  .11002100E+01
  -.44000000E+00  .10887055E+01
  -.41000000E+00  .10771266E+01
  -.38000000E+00  .10654722E+01
  -.35000000E+00  .10537412E+01
  -.32000000E+00  .10419323E+01
  -.29000000E+00  .10300444E+01
  -.26000000E+00  .10180763E+01
  -.23000000E+00  .10060266E+01
  -.20000000E+00  .99389415E+00
  -.17000000E+00  .98167758E+00
  -.14000000E+00  .96937556E+00
  -.11000000E+00  .95698672E+00
  -.80000000E-01  .94450965E+00
  -.50000000E-01  .93194292E+00
  -.20000000E-01  .91928507E+00
   .10000000E-01  .90653458E+00
   .40000000E-01  .89368991E+00
   .70000000E-01  .88074950E+00
   .10000000E+00  .86771173E+00
   .13000000E+00  .85457494E+00
   .16000000E+00  .84133744E+00
   .19000000E+00  .82799750E+00
   .22000000E+00  .81455335E+00
   .25000000E+00  .80100315E+00
   .28000000E+00  .78734505E+00
   .31000000E+00  .77357713E+00
   .34000000E+00  .75969744E+00
   .37000000E+00  .74570395E+00
   .40000000E+00  .73159462E+00
   .43000000E+00  .71736732E+00
   .46000000E+00  .70301988E+00
   .49000000E+00  .68855009E+00
   .52000000E+00  .67395565E+00
   .55000000E+00  .65923421E+00
   .58000000E+00  .64438338E+00
   .61000000E+00  .62940068E+00
   .64000000E+00  .61428357E+00
   .67000000E+00  .59902943E+00
   .70000000E+00  .58363560E+00
   .73000000E+00  .56809932E+00
   .76000000E+00  .55241776E+00
   .79000000E+00  .53658800E+00
   .82000000E+00  .52060706E+00
   .85000000E+00  .50447186E+00
   .88000000E+00  .48817923E+00
   .91000000E+00  .47172592E+00
   .94000000E+00  .45510858E+00
   .97000000E+00  .43832376E+00
   .10000000E+01  .42136790E+00
KBPotential  L  =      3.00000    .00000
  -.20000000E+01  .21151330E+01
  -.19700000E+01  .21085236E+01
  -.19400000E+01  .21018974E+01
  -.19100000E+01  .20952544E+01
  -.18800000E+01  .20885945E+01
  -.18500000E+01  .20819175E+01
  -.18200000E+01  .20752234E+01
  -.17900000E+01  .20685120E+01
  -.17600000E+01  .20617831E+01
  -.17300000E+01  .20550368E+01
  -.17000000E+01  .20482728E+01
  -.16700000E+01  .20414910E+01
  -.16400000E+01  .20346914E+01
  -.16100000E+01  .20278738E+01
  -.15800000E+01  .20210380E+01
  -.15500000E+01  .20141840E+01
  -.15200000E+01  .20073116E+01
  -.14900000E+01  .20004207E+01
  -.14600000E+01  .19935112E+01
  -.14300000E+01  .19865829E+01
  -.14000000E+01  .19796357E+01
  -.13700000E+01  .19726695E+01
  -.13400000E+01  .19656841E+01
  -.13100000E+01  .19586794E+01
  -.12800000E+01  .19516553E+01
  -.12500000E+01  .19446116E+01
  -.12200000E+01  .19375481E+01
  -.11900000E+01  .19304648E+01
  -.11600000E+01  .19233615E+01
  -.11300000E+01  .19162381E+01
  -.11000000E+01  .19090943E+01
  -.10700000E+01  .19019301E+01
  -.10400000E+01  .18947453E+01
  -.10100000E+01  .18875397E+01
  -.98000000E+00  .18803133E+01
  -.95000000E+00  .18730658E+01
  -.92000000E+00  .18657970E+01
  -.89000000E+00  .18585069E+01
  -.86000000E+00  .18511953E+01
  -.83000000E+00  .18438619E+01
  -.80000000E+00  .18365067E+01
  -.77000000E+00  .18291295E+01
  -.74000000E+00  .18217301E+01
  -.71000000E+00  .18143083E+01
  -.68000000E+00  .18068640E+01
  -.65000000E+00  .17993970E+01
  -.62000000E+00  .17919070E+01
  -.59000000E+00  .17843941E+01
  -.56000000E+00  .17768578E+01
  -.53000000E+00  .17692982E+01
  -.50000000E+00  .17617149E+01
  -.47000000E+00  .17541079E+01
  -.44000000E+00  .17464768E+01
  -.41000000E+00  .17388216E+01
  -.38000000E+00  .17311420E+01
  -.35000000E+00  .17234379E+01
  -.32000000E+00  .17157090E+01
  -.29000000E+00  .17079551E+01
  -.26000000E+00  .17001761E+01
  -.23000000E+00  .16923717E+01
  -.20000000E+00  .16845418E+01
  -.17000000E+00  .16766860E+01
  -.14000000E+00  .16688043E+01
  -.11000000E+00  .16608963E+01
  -.80000000E-01  .16529620E+01
  -.50000000E-01  .16450010E+01
  -.20000000E-01  .16370131E+01
   .10000000E-01  .16289981E+01
   .40000000E-01  .16209558E+01
   .70000000E-01  .16128859E+01
   .10000000E+00  .16047882E+01
   .13000000E+00  .15966626E+01
   .16000000E+00  .15885086E+01
   .19000000E+00  .15803262E+01
   .22000000E+00  .15721150E+01
   .25000000E+00  .15638747E+01
   .28000000E+00  .15556053E+01
   .31000000E+00  .15473063E+01
   .34000000E+00  .15389775E+01
   .37000000E+00  .15306187E+01
   .40000000E+00  .15222297E+01
   .43000000E+00  .15138100E+01
   .46000000E+00  .15053595E+01
   .49000000E+00  .14968779E+01
   .52000000E+00  .14883649E+01
   .55000000E+00  .14798202E+01
   .58000000E+00  .14712435E+01
   .61000000E+00  .14626346E+01
   .64000000E+00  .14539931E+01
   .67000000E+00  .14453188E+01
   .70000000E+00  .14366113E+01
   .73000000E+00  .14278704E+01
   .76000000E+00  .14190957E+01
   .79000000E+00  .14102868E+01
   .82000000E+00  .14014436E+01
   .85000000E+00  .13925656E+01
   .88000000E+00  .13836526E+01
   .91000000E+00  .13747042E+01
   .94000000E+00  .13657200E+01
   .97000000E+00  .13566998E+01
   .10000000E+01  .13476431E+01
KBPotential  L  =      4.00000    .00000
  -.20000000E+01  .26059580E+01
  -.19700000E+01  .26005822E+01
  -.19400000E+01  .25951984E+01
  -.19100000E+01  .25898048E+01
  -.18800000E+01  .25844031E+01
  -.18500000E+01  .25789928E+01
  -.18200000E+01  .25735705E+01
  -.17900000E+01  .25681420E+01
  -.17600000E+01  .25627013E+01
  -.17300000E+01  .25572525E+01
  -.17000000E+01  .25517944E+01
  -.16700000E+01  .25463268E+01
  -.16400000E+01  .25408494E+01
  -.16100000E+01  .25353626E+01
  -.15800000E+01  .25298662E+01
  -.15500000E+01  .25243618E+01
  -.15200000E+01  .25188445E+01
  -.14900000E+01  .25133192E+01
  -.14600000E+01  .25077837E+01
  -.14300000E+01  .25022387E+01
  -.14000000E+01  .24966835E+01
  -.13700000E+01  .24911203E+01
  -.13400000E+01  .24855436E+01
  -.13100000E+01  .24799586E+01
  -.12800000E+01  .24743641E+01
  -.12500000E+01  .24687590E+01
  -.12200000E+01  .24631432E+01
  -.11900000E+01  .24575179E+01
  -.11600000E+01  .24518832E+01
  -.11300000E+01  .24462370E+01
  -.11000000E+01  .24405795E+01
  -.10700000E+01  .24349124E+01
  -.10400000E+01  .24292350E+01
  -.10100000E+01  .24235476E+01
  -.98000000E+00  .24178486E+01
  -.95000000E+00  .24121398E+01
  -.92000000E+00  .24064197E+01
  -.89000000E+00  .24006895E+01
  -.86000000E+00  .23949482E+01
  -.83000000E+00  .23891961E+01
  -.80000000E+00  .23834330E+01
  -.77000000E+00  .23776591E+01
  -.74000000E+00  .23718755E+01
  -.71000000E+00  .23660782E+01
  -.68000000E+00  .23602712E+01
  -.65000000E+00  .23544529E+01
  -.62000000E+00  .23486237E+01
  -.59000000E+00  .23427827E+01
  -.56000000E+00  .23369306E+01
  -.53000000E+00  .23310670E+01
  -.50000000E+00  .23251926E+01
  -.47000000E+00  .23193059E+01
  -.44000000E+00  .23134081E+01
  -.41000000E+00  .23074984E+01
  -.38000000E+00  .23015771E+01
  -.35000000E+00  .22956442E+01
  -.32000000E+00  .22896993E+01
  -.29000000E+00  .22837429E+01
  -.26000000E+00  .22777744E+01
  -.23000000E+00  .22717936E+01
  -.20000000E+00  .22658022E+01
  -.17000000E+00  .22597962E+01
  -.14000000E+00  .22537793E+01
  -.11000000E+00  .22477505E+01
  -.80000000E-01  .22417089E+01
  -.50000000E-01  .22356551E+01
  -.20000000E-01  .22295888E+01
   .10000000E-01  .22235102E+01
   .40000000E-01  .22174188E+01
   .70000000E-01  .22113149E+01
   .10000000E+00  .22051983E+01
   .13000000E+00  .21990687E+01
   .16000000E+00  .21929265E+01
   .19000000E+00  .21867715E+01
   .22000000E+00  .21806034E+01
   .25000000E+00  .21744223E+01
   .28000000E+00  .21682279E+01
   .31000000E+00  .21620204E+01
   .34000000E+00  .21557998E+01
   .37000000E+00  .21495659E+01
   .40000000E+00  .21433182E+01
   .43000000E+00  .21370573E+01
   .46000000E+00  .21307829E+01
   .49000000E+00  .21244949E+01
   .52000000E+00  .21181928E+01
   .55000000E+00  .21118773E+01
   .58000000E+00  .21055478E+01
   .61000000E+00  .20992045E+01
   .64000000E+00  .20928470E+01
   .67000000E+00  .20864755E+01
   .70000000E+00  .20800898E+01
   .73000000E+00  .20736900E+01
   .76000000E+00  .20672756E+01
   .79000000E+00  .20608469E+01
   .82000000E+00  .20544038E+01
   .85000000E+00  .20479459E+01
   .88000000E+00  .20414735E+01
   .91000000E+00  .20349863E+01
   .94000000E+00  .20284843E+01
   .97000000E+00  .20219674E+01
   .10000000E+01  .20154355E+01
