 PAW Sn                                  
 100
Core Pot   L  =         .00000   -.77889
  -.20000000E+01  .90997298E+00
  -.19600000E+01  .88557976E+00
  -.19200000E+01  .86056021E+00
  -.18800000E+01  .83487599E+00
  -.18400000E+01  .80848536E+00
  -.18000000E+01  .78134280E+00
  -.17600000E+01  .75339859E+00
  -.17200000E+01  .72459822E+00
  -.16800000E+01  .69488191E+00
  -.16400000E+01  .66418387E+00
  -.16000000E+01  .63243154E+00
  -.15600000E+01  .59954470E+00
  -.15200000E+01  .56543441E+00
  -.14800000E+01  .53000181E+00
  -.14400000E+01  .49313665E+00
  -.14000000E+01  .45471559E+00
  -.13600000E+01  .41460025E+00
  -.13200000E+01  .37263475E+00
  -.12800000E+01  .32864290E+00
  -.12400000E+01  .28242472E+00
  -.12000000E+01  .23375233E+00
  -.11600000E+01  .18236480E+00
  -.11200000E+01  .12796200E+00
  -.10800000E+01  .70196884E-01
  -.10400000E+01  .86659378E-02
  -.10000000E+01 -.57102838E-01
  -.96000000E+00 -.12766511E+00
  -.92000000E+00 -.20367968E+00
  -.88000000E+00 -.28593357E+00
  -.84000000E+00 -.37537489E+00
  -.80000000E+00 -.47315636E+00
  -.76000000E+00 -.58069366E+00
  -.72000000E+00 -.69974500E+00
  -.68000000E+00 -.83252158E+00
  -.64000000E+00 -.98184355E+00
  -.60000000E+00 -.11513652E+01
  -.56000000E+00 -.13459083E+01
  -.52000000E+00 -.15719688E+01
  -.48000000E+00 -.18385128E+01
  -.44000000E+00 -.21582744E+01
  -.40000000E+00 -.25499676E+01
  -.36000000E+00 -.30422643E+01
  -.32000000E+00 -.36814337E+01
  -.28000000E+00 -.45472921E+01
  -.24000000E+00 -.57903370E+01
  -.20000000E+00 -.77322384E+01
  -.16000000E+00 -.11205892E+02
  -.12000000E+00 -.19240588E+02
  -.80000000E-01 -.58310409E+02
  -.40000000E-01  .64284037E+02
   .12351231E-14  .21543340E+02
   .40000000E-01  .13214863E+02
   .80000000E-01  .96597304E+01
   .12000000E+00  .76836797E+01
   .16000000E+00  .64226814E+01
   .20000000E+00  .55457958E+01
   .24000000E+00  .48989803E+01
   .28000000E+00  .44008257E+01
   .32000000E+00  .40042601E+01
   .36000000E+00  .36801716E+01
   .40000000E+00  .34095881E+01
   .44000000E+00  .31796159E+01
   .48000000E+00  .29811854E+01
   .52000000E+00  .28077313E+01
   .56000000E+00  .26543834E+01
   .60000000E+00  .25174527E+01
   .64000000E+00  .23940934E+01
   .68000000E+00  .22820748E+01
   .72000000E+00  .21796236E+01
   .76000000E+00  .20853118E+01
   .80000000E+00  .19979769E+01
   .84000000E+00  .19166622E+01
   .88000000E+00  .18405735E+01
   .92000000E+00  .17690454E+01
   .96000000E+00  .17015165E+01
   .10000000E+01  .16375093E+01
   .10400000E+01  .15766152E+01
   .10800000E+01  .15184823E+01
   .11200000E+01  .14628057E+01
   .11600000E+01  .14093197E+01
   .12000000E+01  .13577917E+01
   .12400000E+01  .13080171E+01
   .12800000E+01  .12598149E+01
   .13200000E+01  .12130244E+01
   .13600000E+01  .11675024E+01
   .14000000E+01  .11231203E+01
   .14400000E+01  .10797627E+01
   .14800000E+01  .10373255E+01
   .15200000E+01  .99571400E+00
   .15600000E+01  .95484238E+00
   .16000000E+01  .91463208E+00
   .16400000E+01  .87501114E+00
   .16800000E+01  .83591335E+00
   .17200000E+01  .79727755E+00
   .17600000E+01  .75904707E+00
   .18000000E+01  .72116917E+00
   .18400000E+01  .68359461E+00
   .18800000E+01  .64627722E+00
   .19200000E+01  .60917355E+00
   .19600000E+01  .57224258E+00
   .20000000E+01  .53544538E+00
Potential  L  =         .00000   -.77889
  -.20000000E+01  .10240657E+01
  -.19600000E+01  .10023161E+01
  -.19200000E+01  .98001813E+00
  -.18800000E+01  .95713317E+00
  -.18400000E+01  .93361838E+00
  -.18000000E+01  .90942617E+00
  -.17600000E+01  .88450349E+00
  -.17200000E+01  .85879095E+00
  -.16800000E+01  .83222191E+00
  -.16400000E+01  .80472124E+00
  -.16000000E+01  .77620393E+00
  -.15600000E+01  .74657335E+00
  -.15200000E+01  .71571920E+00
  -.14800000E+01  .68351490E+00
  -.14400000E+01  .64981450E+00
  -.14000000E+01  .61444870E+00
  -.13600000E+01  .57721996E+00
  -.13200000E+01  .53789627E+00
  -.12800000E+01  .49620323E+00
  -.12400000E+01  .45181378E+00
  -.12000000E+01  .40433482E+00
  -.11600000E+01  .35328956E+00
  -.11200000E+01  .29809379E+00
  -.10800000E+01  .23802367E+00
  -.10400000E+01  .17217114E+00
  -.10000000E+01  .99381071E-01
  -.96000000E+00  .18160762E-01
  -.92000000E+00 -.73453477E-01
  -.88000000E+00 -.17809850E+00
  -.84000000E+00 -.29940043E+00
  -.80000000E+00 -.44248745E+00
  -.76000000E+00 -.61485846E+00
  -.72000000E+00 -.82793346E+00
  -.68000000E+00 -.11000040E+01
  -.64000000E+00 -.14623195E+01
  -.60000000E+00 -.19730361E+01
  -.56000000E+00 -.27541273E+01
  -.52000000E+00 -.41120317E+01
  -.48000000E+00 -.70984119E+01
  -.44000000E+00 -.19289073E+02
  -.40000000E+00  .37047889E+02
  -.36000000E+00  .10215101E+02
  -.32000000E+00  .61509500E+01
  -.28000000E+00  .44970954E+01
  -.24000000E+00  .35930546E+01
  -.20000000E+00  .30186092E+01
  -.16000000E+00  .26180212E+01
  -.12000000E+00  .23202420E+01
  -.80000000E-01  .20882312E+01
  -.40000000E-01  .19007804E+01
   .12351231E-14  .17448684E+01
   .40000000E-01  .16120558E+01
   .80000000E-01  .14966308E+01
   .12000000E+00  .13945872E+01
   .16000000E+00  .13030305E+01
   .20000000E+00  .12198154E+01
   .24000000E+00  .11433162E+01
   .28000000E+00  .10722774E+01
   .32000000E+00  .10057118E+01
   .36000000E+00  .94283147E+00
   .40000000E+00  .88299791E+00
   .44000000E+00  .82568709E+00
   .48000000E+00  .77046324E+00
   .52000000E+00  .71695961E+00
   .56000000E+00  .66486388E+00
   .60000000E+00  .61390691E+00
   .64000000E+00  .56385413E+00
   .68000000E+00  .51449866E+00
   .72000000E+00  .46565591E+00
   .76000000E+00  .41715916E+00
   .80000000E+00  .36885602E+00
   .84000000E+00  .32060547E+00
   .88000000E+00  .27227533E+00
   .92000000E+00  .22374020E+00
   .96000000E+00  .17487960E+00
   .10000000E+01  .12557633E+00
   .10400000E+01  .75715010E-01
   .10800000E+01  .25180742E-01
   .11200000E+01 -.26142184E-01
   .11600000E+01 -.78371526E-01
   .12000000E+01 -.13162832E+00
   .12400000E+01 -.18603811E+00
   .12800000E+01 -.24173227E+00
   .13200000E+01 -.29884935E+00
   .13600000E+01 -.35753653E+00
   .14000000E+01 -.41795127E+00
   .14400000E+01 -.48026307E+00
   .14800000E+01 -.54465547E+00
   .15200000E+01 -.61132834E+00
   .15600000E+01 -.68050046E+00
   .16000000E+01 -.75241253E+00
   .16400000E+01 -.82733068E+00
   .16800000E+01 -.90555051E+00
   .17200000E+01 -.98740196E+00
   .17600000E+01 -.10732550E+01
   .18000000E+01 -.11635265E+01
   .18400000E+01 -.12586883E+01
   .18800000E+01 -.13592775E+01
   .19200000E+01 -.14659081E+01
   .19600000E+01 -.15792863E+01
   .20000000E+01 -.17002286E+01
Core Pot   L  =        1.00000   -.27543
  -.20000000E+01  .11278482E+01
  -.19600000E+01  .11098137E+01
  -.19200000E+01  .10915165E+01
  -.18800000E+01  .10729469E+01
  -.18400000E+01  .10540946E+01
  -.18000000E+01  .10349487E+01
  -.17600000E+01  .10154976E+01
  -.17200000E+01  .99572931E+00
  -.16800000E+01  .97563076E+00
  -.16400000E+01  .95518835E+00
  -.16000000E+01  .93438756E+00
  -.15600000E+01  .91321301E+00
  -.15200000E+01  .89164833E+00
  -.14800000E+01  .86967613E+00
  -.14400000E+01  .84727786E+00
  -.14000000E+01  .82443376E+00
  -.13600000E+01  .80112274E+00
  -.13200000E+01  .77732224E+00
  -.12800000E+01  .75300815E+00
  -.12400000E+01  .72815463E+00
  -.12000000E+01  .70273396E+00
  -.11600000E+01  .67671638E+00
  -.11200000E+01  .65006986E+00
  -.10800000E+01  .62275992E+00
  -.10400000E+01  .59474936E+00
  -.10000000E+01  .56599799E+00
  -.96000000E+00  .53646233E+00
  -.92000000E+00  .50609523E+00
  -.88000000E+00  .47484553E+00
  -.84000000E+00  .44265755E+00
  -.80000000E+00  .40947064E+00
  -.76000000E+00  .37521857E+00
  -.72000000E+00  .33982885E+00
  -.68000000E+00  .30322202E+00
  -.64000000E+00  .26531077E+00
  -.60000000E+00  .22599889E+00
  -.56000000E+00  .18518018E+00
  -.52000000E+00  .14273704E+00
  -.48000000E+00  .98538937E-01
  -.44000000E+00  .52440531E-01
  -.40000000E+00  .42795410E-02
  -.36000000E+00 -.46125832E-01
  -.32000000E+00 -.98979935E-01
  -.28000000E+00 -.15451328E+00
  -.24000000E+00 -.21298690E+00
  -.20000000E+00 -.27469756E+00
  -.16000000E+00 -.33998414E+00
  -.12000000E+00 -.40923536E+00
  -.80000000E-01 -.48289935E+00
  -.40000000E-01 -.56149545E+00
   .12351231E-14 -.64562901E+00
   .40000000E-01 -.73600989E+00
   .80000000E-01 -.83347621E+00
   .12000000E+00 -.93902460E+00
   .16000000E+00 -.10538496E+01
   .20000000E+00 -.11793956E+01
   .24000000E+00 -.13174254E+01
   .28000000E+00 -.14701135E+01
   .32000000E+00 -.16401738E+01
   .36000000E+00 -.18310376E+01
   .40000000E+00 -.20471083E+01
   .44000000E+00 -.22941312E+01
   .48000000E+00 -.25797474E+01
   .52000000E+00 -.29143461E+01
   .56000000E+00 -.33124226E+01
   .60000000E+00 -.37948291E+01
   .64000000E+00 -.43926895E+01
   .68000000E+00 -.51546126E+01
   .72000000E+00 -.61609773E+01
   .76000000E+00 -.75549591E+01
   .80000000E+00 -.96187427E+01
   .84000000E+00 -.12996302E+02
   .88000000E+00 -.19546740E+02
   .92000000E+00 -.37769676E+02
   .96000000E+00 -.35983352E+03
   .10000000E+01  .49909281E+02
   .10400000E+01  .23773477E+02
   .10800000E+01  .15775942E+02
   .11200000E+01  .11892683E+02
   .11600000E+01  .95944347E+01
   .12000000E+01  .80724761E+01
   .12400000E+01  .69882614E+01
   .12800000E+01  .61750910E+01
   .13200000E+01  .55413530E+01
   .13600000E+01  .50325238E+01
   .14000000E+01  .46141241E+01
   .14400000E+01  .42632826E+01
   .14800000E+01  .39642303E+01
   .15200000E+01  .37057413E+01
   .15600000E+01  .34796070E+01
   .16000000E+01  .32796855E+01
   .16400000E+01  .31012897E+01
   .16800000E+01  .29407802E+01
   .17200000E+01  .27952881E+01
   .17600000E+01  .26625211E+01
   .18000000E+01  .25406251E+01
   .18400000E+01  .24280845E+01
   .18800000E+01  .23236481E+01
   .19200000E+01  .22262733E+01
   .19600000E+01  .21350848E+01
   .20000000E+01  .20493418E+01
Potential  L  =        1.00000   -.27543
  -.20000000E+01  .11738166E+01
  -.19600000E+01  .11563119E+01
  -.19200000E+01  .11385483E+01
  -.18800000E+01  .11205153E+01
  -.18400000E+01  .11022020E+01
  -.18000000E+01  .10835964E+01
  -.17600000E+01  .10646861E+01
  -.17200000E+01  .10454579E+01
  -.16800000E+01  .10258974E+01
  -.16400000E+01  .10059895E+01
  -.16000000E+01  .98571799E+00
  -.15600000E+01  .96506552E+00
  -.15200000E+01  .94401350E+00
  -.14800000E+01  .92254194E+00
  -.14400000E+01  .90062941E+00
  -.14000000E+01  .87825281E+00
  -.13600000E+01  .85538725E+00
  -.13200000E+01  .83200586E+00
  -.12800000E+01  .80807956E+00
  -.12400000E+01  .78357688E+00
  -.12000000E+01  .75846362E+00
  -.11600000E+01  .73270264E+00
  -.11200000E+01  .70625345E+00
  -.10800000E+01  .67907184E+00
  -.10400000E+01  .65110946E+00
  -.10000000E+01  .62231329E+00
  -.96000000E+00  .59262507E+00
  -.92000000E+00  .56198059E+00
  -.88000000E+00  .53030897E+00
  -.84000000E+00  .49753168E+00
  -.80000000E+00  .46356150E+00
  -.76000000E+00  .42830131E+00
  -.72000000E+00  .39164255E+00
  -.68000000E+00  .35346353E+00
  -.64000000E+00  .31362733E+00
  -.60000000E+00  .27197935E+00
  -.56000000E+00  .22834430E+00
  -.52000000E+00  .18252263E+00
  -.48000000E+00  .13428610E+00
  -.44000000E+00  .83372468E-01
  -.40000000E+00  .29478837E-01
  -.36000000E+00 -.27746588E-01
  -.32000000E+00 -.88714814E-01
  -.28000000E+00 -.15390912E+00
  -.24000000E+00 -.22390175E+00
  -.20000000E+00 -.29937542E+00
  -.16000000E+00 -.38115141E+00
  -.12000000E+00 -.47022672E+00
  -.80000000E-01 -.56782379E+00
  -.40000000E-01 -.67545821E+00
   .12351231E-14 -.79503229E+00
   .40000000E-01 -.92896707E+00
   .80000000E-01 -.10803922E+01
   .12000000E+00 -.12534260E+01
   .16000000E+00 -.14535996E+01
   .20000000E+00 -.16885202E+01
   .24000000E+00 -.19689460E+01
   .28000000E+00 -.23106076E+01
   .32000000E+00 -.27374564E+01
   .36000000E+00 -.32878435E+01
   .40000000E+00 -.40272567E+01
   .44000000E+00 -.50774844E+01
   .48000000E+00 -.66936859E+01
   .52000000E+00 -.95157978E+01
   .56000000E+00 -.15732756E+02
   .60000000E+00 -.40952100E+02
   .64000000E+00  .78877054E+02
   .68000000E+00  .20824744E+02
   .72000000E+00  .12215905E+02
   .76000000E+00  .87394745E+01
   .80000000E+00  .68536793E+01
   .84000000E+00  .56660393E+01
   .88000000E+00  .48464848E+01
   .92000000E+00  .42446342E+01
   .96000000E+00  .37821639E+01
   .10000000E+01  .34142638E+01
   .10400000E+01  .31134437E+01
   .10800000E+01  .28619011E+01
   .11200000E+01  .26475986E+01
   .11600000E+01  .24621036E+01
   .12000000E+01  .22993327E+01
   .12400000E+01  .21547854E+01
   .12800000E+01  .20250608E+01
   .13200000E+01  .19075396E+01
   .13600000E+01  .18001717E+01
   .14000000E+01  .17013288E+01
   .14400000E+01  .16097004E+01
   .14800000E+01  .15242196E+01
   .15200000E+01  .14440083E+01
   .15600000E+01  .13683367E+01
   .16000000E+01  .12965926E+01
   .16400000E+01  .12282585E+01
   .16800000E+01  .11628928E+01
   .17200000E+01  .11001166E+01
   .17600000E+01  .10396018E+01
   .18000000E+01  .98106284E+00
   .18400000E+01  .92424913E+00
   .18800000E+01  .86893965E+00
   .19200000E+01  .81493805E+00
   .19600000E+01  .76206884E+00
   .20000000E+01  .71017419E+00
Core Pot   L  =        2.00000   -.10000
  -.20000000E+01  .83771530E+00
  -.19600000E+01  .53689856E+00
  -.19200000E+01 -.32137787E+00
  -.18800000E+01 -.55303964E+02
  -.18400000E+01  .31933992E+01
  -.18000000E+01  .22518393E+01
  -.17600000E+01  .19351130E+01
  -.17200000E+01  .17708180E+01
  -.16800000E+01  .16668459E+01
  -.16400000E+01  .15928131E+01
  -.16000000E+01  .15357740E+01
  -.15600000E+01  .14892799E+01
  -.15200000E+01  .14497564E+01
  -.14800000E+01  .14150623E+01
  -.14400000E+01  .13838357E+01
  -.14000000E+01  .13551689E+01
  -.13600000E+01  .13284327E+01
  -.13200000E+01  .13031771E+01
  -.12800000E+01  .12790712E+01
  -.12400000E+01  .12558659E+01
  -.12000000E+01  .12333698E+01
  -.11600000E+01  .12114328E+01
  -.11200000E+01  .11899357E+01
  -.10800000E+01  .11687818E+01
  -.10400000E+01  .11478921E+01
  -.10000000E+01  .11272007E+01
  -.96000000E+00  .11066522E+01
  -.92000000E+00  .10861994E+01
  -.88000000E+00  .10658014E+01
  -.84000000E+00  .10454227E+01
  -.80000000E+00  .10250318E+01
  -.76000000E+00  .10046007E+01
  -.72000000E+00  .98410407E+00
  -.68000000E+00  .96351867E+00
  -.64000000E+00  .94282318E+00
  -.60000000E+00  .92199766E+00
  -.56000000E+00  .90102334E+00
  -.52000000E+00  .87988233E+00
  -.48000000E+00  .85855748E+00
  -.44000000E+00  .83703214E+00
  -.40000000E+00  .81529006E+00
  -.36000000E+00  .79331520E+00
  -.32000000E+00  .77109166E+00
  -.28000000E+00  .74860354E+00
  -.24000000E+00  .72583486E+00
  -.20000000E+00  .70276945E+00
  -.16000000E+00  .67939086E+00
  -.12000000E+00  .65568229E+00
  -.80000000E-01  .63162650E+00
  -.40000000E-01  .60720571E+00
   .12351231E-14  .58240156E+00
   .40000000E-01  .55719497E+00
   .80000000E-01  .53156610E+00
   .12000000E+00  .50549422E+00
   .16000000E+00  .47895765E+00
   .20000000E+00  .45193367E+00
   .24000000E+00  .42439834E+00
   .28000000E+00  .39632648E+00
   .32000000E+00  .36769149E+00
   .36000000E+00  .33846525E+00
   .40000000E+00  .30861791E+00
   .44000000E+00  .27811788E+00
   .48000000E+00  .24693147E+00
   .52000000E+00  .21502285E+00
   .56000000E+00  .18235379E+00
   .60000000E+00  .14888344E+00
   .64000000E+00  .11456806E+00
   .68000000E+00  .79360767E-01
   .72000000E+00  .43211226E-01
   .76000000E+00  .60652905E-02
   .80000000E+00 -.32135372E-01
   .84000000E+00 -.71453717E-01
   .88000000E+00 -.11195780E+00
   .92000000E+00 -.15372133E+00
   .96000000E+00 -.19682428E+00
   .10000000E+01 -.24135358E+00
   .10400000E+01 -.28740392E+00
   .10800000E+01 -.33507863E+00
   .11200000E+01 -.38449074E+00
   .11600000E+01 -.43576410E+00
   .12000000E+01 -.48903481E+00
   .12400000E+01 -.54445270E+00
   .12800000E+01 -.60218320E+00
   .13200000E+01 -.66240937E+00
   .13600000E+01 -.72533440E+00
   .14000000E+01 -.79118441E+00
   .14400000E+01 -.86021184E+00
   .14800000E+01 -.93269940E+00
   .15200000E+01 -.10089648E+01
   .15600000E+01 -.10893662E+01
   .16000000E+01 -.11743092E+01
   .16400000E+01 -.12642546E+01
   .16800000E+01 -.13597286E+01
   .17200000E+01 -.14613343E+01
   .17600000E+01 -.15697668E+01
   .18000000E+01 -.16858311E+01
   .18400000E+01 -.18104653E+01
   .18800000E+01 -.19447685E+01
   .19200000E+01 -.20900377E+01
   .19600000E+01 -.22478140E+01
   .20000000E+01 -.24199431E+01
Potential  L  =        2.00000   -.10000
  -.20000000E+01  .14482861E+01
  -.19600000E+01  .14350521E+01
  -.19200000E+01  .14217131E+01
  -.18800000E+01  .14082666E+01
  -.18400000E+01  .13947105E+01
  -.18000000E+01  .13810422E+01
  -.17600000E+01  .13672593E+01
  -.17200000E+01  .13533592E+01
  -.16800000E+01  .13393393E+01
  -.16400000E+01  .13251966E+01
  -.16000000E+01  .13109285E+01
  -.15600000E+01  .12965319E+01
  -.15200000E+01  .12820038E+01
  -.14800000E+01  .12673409E+01
  -.14400000E+01  .12525400E+01
  -.14000000E+01  .12375976E+01
  -.13600000E+01  .12225102E+01
  -.13200000E+01  .12072741E+01
  -.12800000E+01  .11918855E+01
  -.12400000E+01  .11763403E+01
  -.12000000E+01  .11606345E+01
  -.11600000E+01  .11447636E+01
  -.11200000E+01  .11287233E+01
  -.10800000E+01  .11125089E+01
  -.10400000E+01  .10961155E+01
  -.10000000E+01  .10795380E+01
  -.96000000E+00  .10627712E+01
  -.92000000E+00  .10458095E+01
  -.88000000E+00  .10286472E+01
  -.84000000E+00  .10112783E+01
  -.80000000E+00  .99369653E+00
  -.76000000E+00  .97589529E+00
  -.72000000E+00  .95786775E+00
  -.68000000E+00  .93960673E+00
  -.64000000E+00  .92110469E+00
  -.60000000E+00  .90235376E+00
  -.56000000E+00  .88334568E+00
  -.52000000E+00  .86407178E+00
  -.48000000E+00  .84452295E+00
  -.44000000E+00  .82468964E+00
  -.40000000E+00  .80456177E+00
  -.36000000E+00  .78412879E+00
  -.32000000E+00  .76337953E+00
  -.28000000E+00  .74230228E+00
  -.24000000E+00  .72088465E+00
  -.20000000E+00  .69911358E+00
  -.16000000E+00  .67697528E+00
  -.12000000E+00  .65445515E+00
  -.80000000E-01  .63153779E+00
  -.40000000E-01  .60820684E+00
   .12351231E-14  .58444498E+00
   .40000000E-01  .56023386E+00
   .80000000E-01  .53555397E+00
   .12000000E+00  .51038456E+00
   .16000000E+00  .48470357E+00
   .20000000E+00  .45848751E+00
   .24000000E+00  .43171130E+00
   .28000000E+00  .40434821E+00
   .32000000E+00  .37636963E+00
   .36000000E+00  .34774496E+00
   .40000000E+00  .31844143E+00
   .44000000E+00  .28842387E+00
   .48000000E+00  .25765450E+00
   .52000000E+00  .22609268E+00
   .56000000E+00  .19369463E+00
   .60000000E+00  .16041314E+00
   .64000000E+00  .12619717E+00
   .68000000E+00  .90991493E-01
   .72000000E+00  .54736245E-01
   .76000000E+00  .17366416E-01
   .80000000E+00 -.21188719E-01
   .84000000E+00 -.61006245E-01
   .88000000E+00 -.10217034E+00
   .92000000E+00 -.14477314E+00
   .96000000E+00 -.18891567E+00
   .10000000E+01 -.23470897E+00
   .10400000E+01 -.28227540E+00
   .10800000E+01 -.33175008E+00
   .11200000E+01 -.38328264E+00
   .11600000E+01 -.43703924E+00
   .12000000E+01 -.49320490E+00
   .12400000E+01 -.55198627E+00
   .12800000E+01 -.61361492E+00
   .13200000E+01 -.67835124E+00
   .13600000E+01 -.74648903E+00
   .14000000E+01 -.81836109E+00
   .14400000E+01 -.89434594E+00
   .14800000E+01 -.97487598E+00
   .15200000E+01 -.10604474E+01
   .15600000E+01 -.11516325E+01
   .16000000E+01 -.12490948E+01
   .16400000E+01 -.13536082E+01
   .16800000E+01 -.14660805E+01
   .17200000E+01 -.15875845E+01
   .17600000E+01 -.17193966E+01
   .18000000E+01 -.18630478E+01
   .18400000E+01 -.20203907E+01
   .18800000E+01 -.21936885E+01
   .19200000E+01 -.23857358E+01
   .19600000E+01 -.26000240E+01
   .20000000E+01 -.28409736E+01
Core Pot   L  =        3.00000   -.20000
  -.20000000E+01  .16468221E+01
  -.19600000E+01  .16349462E+01
  -.19200000E+01  .16229900E+01
  -.18800000E+01  .16109519E+01
  -.18400000E+01  .15988302E+01
  -.18000000E+01  .15866234E+01
  -.17600000E+01  .15743296E+01
  -.17200000E+01  .15619471E+01
  -.16800000E+01  .15494741E+01
  -.16400000E+01  .15369085E+01
  -.16000000E+01  .15242486E+01
  -.15600000E+01  .15114921E+01
  -.15200000E+01  .14986371E+01
  -.14800000E+01  .14856813E+01
  -.14400000E+01  .14726225E+01
  -.14000000E+01  .14594583E+01
  -.13600000E+01  .14461862E+01
  -.13200000E+01  .14328039E+01
  -.12800000E+01  .14193086E+01
  -.12400000E+01  .14056976E+01
  -.12000000E+01  .13919681E+01
  -.11600000E+01  .13781172E+01
  -.11200000E+01  .13641418E+01
  -.10800000E+01  .13500388E+01
  -.10400000E+01  .13358048E+01
  -.10000000E+01  .13214365E+01
  -.96000000E+00  .13069301E+01
  -.92000000E+00  .12922821E+01
  -.88000000E+00  .12774885E+01
  -.84000000E+00  .12625452E+01
  -.80000000E+00  .12474480E+01
  -.76000000E+00  .12321924E+01
  -.72000000E+00  .12167739E+01
  -.68000000E+00  .12011875E+01
  -.64000000E+00  .11854281E+01
  -.60000000E+00  .11694904E+01
  -.56000000E+00  .11533689E+01
  -.52000000E+00  .11370576E+01
  -.48000000E+00  .11205504E+01
  -.44000000E+00  .11038408E+01
  -.40000000E+00  .10869220E+01
  -.36000000E+00  .10697867E+01
  -.32000000E+00  .10524275E+01
  -.28000000E+00  .10348363E+01
  -.24000000E+00  .10170047E+01
  -.20000000E+00  .99892376E+00
  -.16000000E+00  .98058411E+00
  -.12000000E+00  .96197574E+00
  -.80000000E-01  .94308809E+00
  -.40000000E-01  .92390991E+00
   .12351231E-14  .90442929E+00
   .40000000E-01  .88463354E+00
   .80000000E-01  .86450916E+00
   .12000000E+00  .84404176E+00
   .16000000E+00  .82321598E+00
   .20000000E+00  .80201538E+00
   .24000000E+00  .78042240E+00
   .28000000E+00  .75841819E+00
   .32000000E+00  .73598256E+00
   .36000000E+00  .71309376E+00
   .40000000E+00  .68972840E+00
   .44000000E+00  .66586126E+00
   .48000000E+00  .64146509E+00
   .52000000E+00  .61651040E+00
   .56000000E+00  .59096523E+00
   .60000000E+00  .56479488E+00
   .64000000E+00  .53796157E+00
   .68000000E+00  .51042410E+00
   .72000000E+00  .48213746E+00
   .76000000E+00  .45305232E+00
   .80000000E+00  .42311456E+00
   .84000000E+00  .39226457E+00
   .88000000E+00  .36043660E+00
   .92000000E+00  .32755788E+00
   .96000000E+00  .29354762E+00
   .10000000E+01  .25831596E+00
   .10400000E+01  .22176250E+00
   .10800000E+01  .18377475E+00
   .11200000E+01  .14422623E+00
   .11600000E+01  .10297417E+00
   .12000000E+01  .59856760E-01
   .12400000E+01  .14689835E-01
   .12800000E+01 -.32737183E-01
   .13200000E+01 -.82666244E-01
   .13600000E+01 -.13537680E+00
   .14000000E+01 -.19119346E+00
   .14400000E+01 -.25049553E+00
   .14800000E+01 -.31372919E+00
   .15200000E+01 -.38142297E+00
   .15600000E+01 -.45420784E+00
   .16000000E+01 -.53284342E+00
   .16400000E+01 -.61825270E+00
   .16800000E+01 -.71156864E+00
   .17200000E+01 -.81419782E+00
   .17600000E+01 -.92790848E+00
   .18000000E+01 -.10549553E+01
   .18400000E+01 -.11982591E+01
   .18800000E+01 -.13616737E+01
   .19200000E+01 -.15503905E+01
   .19600000E+01 -.17715757E+01
   .20000000E+01 -.20354085E+01
Potential  L  =        3.00000   -.20000
  -.20000000E+01  .16488059E+01
  -.19600000E+01  .16368453E+01
  -.19200000E+01  .16248034E+01
  -.18800000E+01  .16126787E+01
  -.18400000E+01  .16004694E+01
  -.18000000E+01  .15881741E+01
  -.17600000E+01  .15757910E+01
  -.17200000E+01  .15633185E+01
  -.16800000E+01  .15507546E+01
  -.16400000E+01  .15380976E+01
  -.16000000E+01  .15253457E+01
  -.15600000E+01  .15124967E+01
  -.15200000E+01  .14995488E+01
  -.14800000E+01  .14864998E+01
  -.14400000E+01  .14733476E+01
  -.14000000E+01  .14600899E+01
  -.13600000E+01  .14467245E+01
  -.13200000E+01  .14332490E+01
  -.12800000E+01  .14196610E+01
  -.12400000E+01  .14059578E+01
  -.12000000E+01  .13921370E+01
  -.11600000E+01  .13781957E+01
  -.11200000E+01  .13641312E+01
  -.10800000E+01  .13499406E+01
  -.10400000E+01  .13356209E+01
  -.10000000E+01  .13211688E+01
  -.96000000E+00  .13065813E+01
  -.92000000E+00  .12918548E+01
  -.88000000E+00  .12769861E+01
  -.84000000E+00  .12619714E+01
  -.80000000E+00  .12468069E+01
  -.76000000E+00  .12314889E+01
  -.72000000E+00  .12160132E+01
  -.68000000E+00  .12003756E+01
  -.64000000E+00  .11845717E+01
  -.60000000E+00  .11685971E+01
  -.56000000E+00  .11524468E+01
  -.52000000E+00  .11361161E+01
  -.48000000E+00  .11195997E+01
  -.44000000E+00  .11028922E+01
  -.40000000E+00  .10859881E+01
  -.36000000E+00  .10688814E+01
  -.32000000E+00  .10515662E+01
  -.28000000E+00  .10340360E+01
  -.24000000E+00  .10162841E+01
  -.20000000E+00  .99830348E+00
  -.16000000E+00  .98008695E+00
  -.12000000E+00  .96162681E+00
  -.80000000E-01  .94291503E+00
  -.40000000E-01  .92394320E+00
   .12351231E-14  .90470251E+00
   .40000000E-01  .88518370E+00
   .80000000E-01  .86537703E+00
   .12000000E+00  .84527228E+00
   .16000000E+00  .82485868E+00
   .20000000E+00  .80412492E+00
   .24000000E+00  .78305905E+00
   .28000000E+00  .76164849E+00
   .32000000E+00  .73987997E+00
   .36000000E+00  .71773946E+00
   .40000000E+00  .69521215E+00
   .44000000E+00  .67228238E+00
   .48000000E+00  .64893353E+00
   .52000000E+00  .62514804E+00
   .56000000E+00  .60090727E+00
   .60000000E+00  .57619141E+00
   .64000000E+00  .55097944E+00
   .68000000E+00  .52524898E+00
   .72000000E+00  .49897622E+00
   .76000000E+00  .47213578E+00
   .80000000E+00  .44470055E+00
   .84000000E+00  .41664161E+00
   .88000000E+00  .38792799E+00
   .92000000E+00  .35852657E+00
   .96000000E+00  .32840180E+00
   .10000000E+01  .29751554E+00
   .10400000E+01  .26582677E+00
   .10800000E+01  .23329137E+00
   .11200000E+01  .19986174E+00
   .11600000E+01  .16548650E+00
   .12000000E+01  .13011010E+00
   .12400000E+01  .93672364E-01
   .12800000E+01  .56108016E-01
   .13200000E+01  .17346110E-01
   .13600000E+01 -.22690600E-01
   .14000000E+01 -.64086376E-01
   .14400000E+01 -.10693332E+00
   .14800000E+01 -.15133231E+00
   .15200000E+01 -.19739408E+00
   .15600000E+01 -.24524046E+00
   .16000000E+01 -.29500580E+00
   .16400000E+01 -.34683864E+00
   .16800000E+01 -.40090362E+00
   .17200000E+01 -.45738378E+00
   .17600000E+01 -.51648315E+00
   .18000000E+01 -.57842990E+00
   .18400000E+01 -.64348002E+00
   .18800000E+01 -.71192168E+00
   .19200000E+01 -.78408054E+00
   .19600000E+01 -.86032596E+00
   .20000000E+01 -.94107867E+00
Core Pot   L  =        4.00000    .00000
  -.20000000E+01  .19474926E+01
  -.19600000E+01  .19376431E+01
  -.19200000E+01  .19277495E+01
  -.18800000E+01  .19178115E+01
  -.18400000E+01  .19078284E+01
  -.18000000E+01  .18977998E+01
  -.17600000E+01  .18877250E+01
  -.17200000E+01  .18776034E+01
  -.16800000E+01  .18674345E+01
  -.16400000E+01  .18572176E+01
  -.16000000E+01  .18469522E+01
  -.15600000E+01  .18366375E+01
  -.15200000E+01  .18262730E+01
  -.14800000E+01  .18158579E+01
  -.14400000E+01  .18053917E+01
  -.14000000E+01  .17948735E+01
  -.13600000E+01  .17843028E+01
  -.13200000E+01  .17736788E+01
  -.12800000E+01  .17630007E+01
  -.12400000E+01  .17522679E+01
  -.12000000E+01  .17414795E+01
  -.11600000E+01  .17306348E+01
  -.11200000E+01  .17197329E+01
  -.10800000E+01  .17087732E+01
  -.10400000E+01  .16977546E+01
  -.10000000E+01  .16866764E+01
  -.96000000E+00  .16755377E+01
  -.92000000E+00  .16643376E+01
  -.88000000E+00  .16530753E+01
  -.84000000E+00  .16417496E+01
  -.80000000E+00  .16303598E+01
  -.76000000E+00  .16189049E+01
  -.72000000E+00  .16073837E+01
  -.68000000E+00  .15957954E+01
  -.64000000E+00  .15841389E+01
  -.60000000E+00  .15724130E+01
  -.56000000E+00  .15606167E+01
  -.52000000E+00  .15487490E+01
  -.48000000E+00  .15368085E+01
  -.44000000E+00  .15247942E+01
  -.40000000E+00  .15127047E+01
  -.36000000E+00  .15005390E+01
  -.32000000E+00  .14882957E+01
  -.28000000E+00  .14759735E+01
  -.24000000E+00  .14635711E+01
  -.20000000E+00  .14510870E+01
  -.16000000E+00  .14385200E+01
  -.12000000E+00  .14258684E+01
  -.80000000E-01  .14131310E+01
  -.40000000E-01  .14003060E+01
   .12351231E-14  .13873920E+01
   .40000000E-01  .13743874E+01
   .80000000E-01  .13612905E+01
   .12000000E+00  .13480995E+01
   .16000000E+00  .13348129E+01
   .20000000E+00  .13214286E+01
   .24000000E+00  .13079450E+01
   .28000000E+00  .12943601E+01
   .32000000E+00  .12806719E+01
   .36000000E+00  .12668785E+01
   .40000000E+00  .12529778E+01
   .44000000E+00  .12389675E+01
   .48000000E+00  .12248456E+01
   .52000000E+00  .12106098E+01
   .56000000E+00  .11962578E+01
   .60000000E+00  .11817870E+01
   .64000000E+00  .11671951E+01
   .68000000E+00  .11524796E+01
   .72000000E+00  .11376376E+01
   .76000000E+00  .11226666E+01
   .80000000E+00  .11075638E+01
   .84000000E+00  .10923261E+01
   .88000000E+00  .10769507E+01
   .92000000E+00  .10614344E+01
   .96000000E+00  .10457740E+01
   .10000000E+01  .10299663E+01
   .10400000E+01  .10140077E+01
   .10800000E+01  .99789477E+00
   .11200000E+01  .98162382E+00
   .11600000E+01  .96519105E+00
   .12000000E+01  .94859254E+00
   .12400000E+01  .93182421E+00
   .12800000E+01  .91488184E+00
   .13200000E+01  .89776106E+00
   .13600000E+01  .88045732E+00
   .14000000E+01  .86296591E+00
   .14400000E+01  .84528196E+00
   .14800000E+01  .82740039E+00
   .15200000E+01  .80931591E+00
   .15600000E+01  .79102306E+00
   .16000000E+01  .77251613E+00
   .16400000E+01  .75378920E+00
   .16800000E+01  .73483611E+00
   .17200000E+01  .71565044E+00
   .17600000E+01  .69622549E+00
   .18000000E+01  .67655432E+00
   .18400000E+01  .65662964E+00
   .18800000E+01  .63644389E+00
   .19200000E+01  .61598916E+00
   .19600000E+01  .59525720E+00
   .20000000E+01  .57423939E+00
Potential  L  =        4.00000    .00000
  -.20000000E+01  .19518073E+01
  -.19600000E+01  .19419044E+01
  -.19200000E+01  .19319579E+01
  -.18800000E+01  .19219663E+01
  -.18400000E+01  .19119276E+01
  -.18000000E+01  .19018411E+01
  -.17600000E+01  .18917088E+01
  -.17200000E+01  .18815276E+01
  -.16800000E+01  .18712978E+01
  -.16400000E+01  .18610182E+01
  -.16000000E+01  .18506887E+01
  -.15600000E+01  .18403088E+01
  -.15200000E+01  .18298763E+01
  -.14800000E+01  .18193938E+01
  -.14400000E+01  .18088574E+01
  -.14000000E+01  .17982672E+01
  -.13600000E+01  .17876223E+01
  -.13200000E+01  .17769239E+01
  -.12800000E+01  .17661686E+01
  -.12400000E+01  .17553573E+01
  -.12000000E+01  .17444879E+01
  -.11600000E+01  .17335607E+01
  -.11200000E+01  .17225734E+01
  -.10800000E+01  .17115282E+01
  -.10400000E+01  .17004208E+01
  -.10000000E+01  .16892508E+01
  -.96000000E+00  .16780199E+01
  -.92000000E+00  .16667244E+01
  -.88000000E+00  .16553647E+01
  -.84000000E+00  .16439393E+01
  -.80000000E+00  .16324472E+01
  -.76000000E+00  .16208864E+01
  -.72000000E+00  .16092589E+01
  -.68000000E+00  .15975607E+01
  -.64000000E+00  .15857910E+01
  -.60000000E+00  .15739498E+01
  -.56000000E+00  .15620353E+01
  -.52000000E+00  .15500460E+01
  -.48000000E+00  .15379814E+01
  -.44000000E+00  .15258395E+01
  -.40000000E+00  .15136188E+01
  -.36000000E+00  .15013199E+01
  -.32000000E+00  .14889387E+01
  -.28000000E+00  .14764764E+01
  -.24000000E+00  .14639298E+01
  -.20000000E+00  .14512977E+01
  -.16000000E+00  .14385790E+01
  -.12000000E+00  .14257718E+01
  -.80000000E-01  .14128748E+01
  -.40000000E-01  .13998861E+01
   .12351231E-14  .13868041E+01
   .40000000E-01  .13736271E+01
   .80000000E-01  .13603533E+01
   .12000000E+00  .13469809E+01
   .16000000E+00  .13335079E+01
   .20000000E+00  .13199324E+01
   .24000000E+00  .13062525E+01
   .28000000E+00  .12924661E+01
   .32000000E+00  .12785710E+01
   .36000000E+00  .12645651E+01
   .40000000E+00  .12504461E+01
   .44000000E+00  .12362118E+01
   .48000000E+00  .12218596E+01
   .52000000E+00  .12073873E+01
   .56000000E+00  .11927921E+01
   .60000000E+00  .11780716E+01
   .64000000E+00  .11632229E+01
   .68000000E+00  .11482434E+01
   .72000000E+00  .11331301E+01
   .76000000E+00  .11178802E+01
   .80000000E+00  .11024904E+01
   .84000000E+00  .10869576E+01
   .88000000E+00  .10712786E+01
   .92000000E+00  .10554499E+01
   .96000000E+00  .10394681E+01
   .10000000E+01  .10233296E+01
   .10400000E+01  .10070305E+01
   .10800000E+01  .99056696E+00
   .11200000E+01  .97393501E+00
   .11600000E+01  .95713045E+00
   .12000000E+01  .94014896E+00
   .12400000E+01  .92298606E+00
   .12800000E+01  .90563709E+00
   .13200000E+01  .88809727E+00
   .13600000E+01  .87036152E+00
   .14000000E+01  .85242469E+00
   .14400000E+01  .83428137E+00
   .14800000E+01  .81592594E+00
   .15200000E+01  .79735259E+00
   .15600000E+01  .77855523E+00
   .16000000E+01  .75952756E+00
   .16400000E+01  .74026300E+00
   .16800000E+01  .72075471E+00
   .17200000E+01  .70099556E+00
   .17600000E+01  .68097811E+00
   .18000000E+01  .66069462E+00
   .18400000E+01  .64013698E+00
   .18800000E+01  .61929677E+00
   .19200000E+01  .59816517E+00
   .19600000E+01  .57673294E+00
   .20000000E+01  .55499046E+00
KBPotential  L  =       .00000  -1.55778
  -.20000000E+01  .90699579E+00
  -.19600000E+01  .88266008E+00
  -.19200000E+01  .85770008E+00
  -.18800000E+01  .83207750E+00
  -.18400000E+01  .80575065E+00
  -.18000000E+01  .77867406E+00
  -.17600000E+01  .75079803E+00
  -.17200000E+01  .72206812E+00
  -.16800000E+01  .69242457E+00
  -.16400000E+01  .66180162E+00
  -.16000000E+01  .63012672E+00
  -.15600000E+01  .59731969E+00
  -.15200000E+01  .56329156E+00
  -.14800000E+01  .52794346E+00
  -.14400000E+01  .49116509E+00
  -.14000000E+01  .45283305E+00
  -.13600000E+01  .41280885E+00
  -.13200000E+01  .37093646E+00
  -.12800000E+01  .32703948E+00
  -.12400000E+01  .28091767E+00
  -.12000000E+01  .23234274E+00
  -.11600000E+01  .18105330E+00
  -.11200000E+01  .12674858E+00
  -.10800000E+01  .69080678E-01
  -.10400000E+01  .76449779E-02
  -.10000000E+01 -.58031958E-01
  -.96000000E+00 -.12850769E+00
  -.92000000E+00 -.20444351E+00
  -.88000000E+00 -.28662975E+00
  -.84000000E+00 -.37601893E+00
  -.80000000E+00 -.47376969E+00
  -.76000000E+00 -.58130575E+00
  -.72000000E+00 -.70039642E+00
  -.68000000E+00 -.83326833E+00
  -.64000000E+00 -.98276342E+00
  -.60000000E+00 -.11525675E+01
  -.56000000E+00 -.13475485E+01
  -.52000000E+00 -.15742724E+01
  -.48000000E+00 -.18418136E+01
  -.44000000E+00 -.21630807E+01
  -.40000000E+00 -.25570803E+01
  -.36000000E+00 -.30530011E+01
  -.32000000E+00 -.36980865E+01
  -.28000000E+00 -.45741500E+01
  -.24000000E+00 -.58362758E+01
  -.20000000E+00 -.78185100E+01
  -.16000000E+00 -.11396680E+02
  -.12000000E+00 -.19835873E+02
  -.80000000E-01 -.64411458E+02
  -.40000000E-01  .57992002E+02
   .12351231E-14  .20760708E+02
   .40000000E-01  .12906070E+02
   .80000000E-01  .94883473E+01
   .12000000E+00  .75715256E+01
   .16000000E+00  .63418562E+01
   .20000000E+00  .54837724E+01
   .24000000E+00  .48492547E+01
   .28000000E+00  .43596637E+01
   .32000000E+00  .39693529E+01
   .36000000E+00  .36500083E+01
   .40000000E+00  .33831345E+01
   .44000000E+00  .31561379E+01
   .48000000E+00  .29601460E+01
   .52000000E+00  .27887275E+01
   .56000000E+00  .26371063E+01
   .60000000E+00  .25016609E+01
   .64000000E+00  .23795954E+01
   .68000000E+00  .22687164E+01
   .72000000E+00  .21672789E+01
   .76000000E+00  .20738771E+01
   .80000000E+00  .19873655E+01
   .84000000E+00  .19068014E+01
   .88000000E+00  .18314014E+01
   .92000000E+00  .17605090E+01
   .96000000E+00  .16935701E+01
   .10000000E+01  .16301130E+01
   .10400000E+01  .15697341E+01
   .10800000E+01  .15120854E+01
   .11200000E+01  .14568653E+01
   .11600000E+01  .14038109E+01
   .12000000E+01  .13526920E+01
   .12400000E+01  .13033057E+01
   .12800000E+01  .12554725E+01
   .13200000E+01  .12090330E+01
   .13600000E+01  .11638447E+01
   .14000000E+01  .11197798E+01
   .14400000E+01  .10767235E+01
   .14800000E+01  .10345716E+01
   .15200000E+01  .99322984E+00
   .15600000E+01  .95261202E+00
   .16000000E+01  .91263933E+00
   .16400000E+01  .87323934E+00
   .16800000E+01  .83434517E+00
   .17200000E+01  .79589484E+00
   .17600000E+01  .75783063E+00
   .18000000E+01  .72009861E+00
   .18400000E+01  .68264812E+00
   .18800000E+01  .64543136E+00
   .19200000E+01  .60840305E+00
   .19600000E+01  .57152005E+00
   .20000000E+01  .53474112E+00
KBPotential  L  =      1.00000   -.55087
  -.20000000E+01  .11267757E+01
  -.19600000E+01  .11087606E+01
  -.19200000E+01  .10904826E+01
  -.18800000E+01  .10719319E+01
  -.18400000E+01  .10530982E+01
  -.18000000E+01  .10339706E+01
  -.17600000E+01  .10145375E+01
  -.17200000E+01  .99478675E+00
  -.16800000E+01  .97470546E+00
  -.16400000E+01  .95427993E+00
  -.16000000E+01  .93349567E+00
  -.15600000E+01  .91233726E+00
  -.15200000E+01  .89078833E+00
  -.14800000E+01  .86883148E+00
  -.14400000E+01  .84644814E+00
  -.14000000E+01  .82361855E+00
  -.13600000E+01  .80032159E+00
  -.13200000E+01  .77653471E+00
  -.12800000E+01  .75223378E+00
  -.12400000E+01  .72739294E+00
  -.12000000E+01  .70198447E+00
  -.11600000E+01  .67597859E+00
  -.11200000E+01  .64934327E+00
  -.10800000E+01  .62204402E+00
  -.10400000E+01  .59404362E+00
  -.10000000E+01  .56530188E+00
  -.96000000E+00  .53577530E+00
  -.92000000E+00  .50541676E+00
  -.88000000E+00  .47417505E+00
  -.84000000E+00  .44199453E+00
  -.80000000E+00  .40881452E+00
  -.76000000E+00  .37456879E+00
  -.72000000E+00  .33918488E+00
  -.68000000E+00  .30258333E+00
  -.64000000E+00  .26467683E+00
  -.60000000E+00  .22536920E+00
  -.56000000E+00  .18455425E+00
  -.52000000E+00  .14211440E+00
  -.48000000E+00  .97919158E-01
  -.44000000E+00  .51823217E-01
  -.40000000E+00  .36643364E-02
  -.36000000E+00 -.46739233E-01
  -.32000000E+00 -.99591782E-01
  -.28000000E+00 -.15512376E+00
  -.24000000E+00 -.21359613E+00
  -.20000000E+00 -.27530559E+00
  -.16000000E+00 -.34059092E+00
  -.12000000E+00 -.40984077E+00
  -.80000000E-01 -.48350319E+00
  -.40000000E-01 -.56209746E+00
   .12351231E-14 -.64622884E+00
   .40000000E-01 -.73660720E+00
   .80000000E-01 -.83407066E+00
   .12000000E+00 -.93961598E+00
   .16000000E+00 -.10544380E+01
   .20000000E+00 -.11799814E+01
   .24000000E+00 -.13180099E+01
   .28000000E+00 -.14706993E+01
   .32000000E+00 -.16407653E+01
   .36000000E+00 -.18316428E+01
   .40000000E+00 -.20477399E+01
   .44000000E+00 -.22948102E+01
   .48000000E+00 -.25805078E+01
   .52000000E+00 -.29152433E+01
   .56000000E+00 -.33135477E+01
   .60000000E+00 -.37963351E+01
   .64000000E+00 -.43948409E+01
   .68000000E+00 -.51578847E+01
   .72000000E+00 -.61662727E+01
   .76000000E+00 -.75641277E+01
   .80000000E+00 -.96360146E+01
   .84000000E+00 -.13033111E+02
   .88000000E+00 -.19644112E+02
   .92000000E+00 -.38195991E+02
   .96000000E+00 -.41057755E+03
   .10000000E+01  .48937357E+02
   .10400000E+01  .23516621E+02
   .10800000E+01  .15645478E+02
   .11200000E+01  .11807579E+02
   .11600000E+01  .95310959E+01
   .12000000E+01  .80213731E+01
   .12400000E+01  .69447415E+01
   .12800000E+01  .61365790E+01
   .13200000E+01  .55062894E+01
   .13600000E+01  .49998971E+01
   .14000000E+01  .45832415E+01
   .14400000E+01  .42336476E+01
   .14800000E+01  .39354730E+01
   .15200000E+01  .36775770E+01
   .15600000E+01  .34518093E+01
   .16000000E+01  .32520696E+01
   .16400000E+01  .30737007E+01
   .16800000E+01  .29130850E+01
   .17200000E+01  .27673699E+01
   .17600000E+01  .26342751E+01
   .18000000E+01  .25119556E+01
   .18400000E+01  .23989023E+01
   .18800000E+01  .22938688E+01
   .19200000E+01  .21958161E+01
   .19600000E+01  .21038709E+01
   .20000000E+01  .20172937E+01
KBPotential  L  =      2.00000   -.20000
  -.20000000E+01  .14575446E+01
  -.19600000E+01  .14443903E+01
  -.19200000E+01  .14311293E+01
  -.18800000E+01  .14177592E+01
  -.18400000E+01  .14042773E+01
  -.18000000E+01  .13906811E+01
  -.17600000E+01  .13769677E+01
  -.17200000E+01  .13631343E+01
  -.16800000E+01  .13491779E+01
  -.16400000E+01  .13350955E+01
  -.16000000E+01  .13208837E+01
  -.15600000E+01  .13065394E+01
  -.15200000E+01  .12920589E+01
  -.14800000E+01  .12774386E+01
  -.14400000E+01  .12626748E+01
  -.14000000E+01  .12477635E+01
  -.13600000E+01  .12327006E+01
  -.13200000E+01  .12174818E+01
  -.12800000E+01  .12021026E+01
  -.12400000E+01  .11865583E+01
  -.12000000E+01  .11708439E+01
  -.11600000E+01  .11549544E+01
  -.11200000E+01  .11388843E+01
  -.10800000E+01  .11226281E+01
  -.10400000E+01  .11061797E+01
  -.10000000E+01  .10895329E+01
  -.96000000E+00  .10726813E+01
  -.92000000E+00  .10556179E+01
  -.88000000E+00  .10383355E+01
  -.84000000E+00  .10208266E+01
  -.80000000E+00  .10030830E+01
  -.76000000E+00  .98509632E+00
  -.72000000E+00  .96685765E+00
  -.68000000E+00  .94835753E+00
  -.64000000E+00  .92958598E+00
  -.60000000E+00  .91053244E+00
  -.56000000E+00  .89118571E+00
  -.52000000E+00  .87153391E+00
  -.48000000E+00  .85156442E+00
  -.44000000E+00  .83126385E+00
  -.40000000E+00  .81061792E+00
  -.36000000E+00  .78961143E+00
  -.32000000E+00  .76822817E+00
  -.28000000E+00  .74645082E+00
  -.24000000E+00  .72426086E+00
  -.20000000E+00  .70163846E+00
  -.16000000E+00  .67856236E+00
  -.12000000E+00  .65500974E+00
  -.80000000E-01  .63095604E+00
  -.40000000E-01  .60637483E+00
   .12351231E-14  .58123759E+00
   .40000000E-01  .55551353E+00
   .80000000E-01  .52916931E+00
   .12000000E+00  .50216878E+00
   .16000000E+00  .47447269E+00
   .20000000E+00  .44603832E+00
   .24000000E+00  .41681911E+00
   .28000000E+00  .38676416E+00
   .32000000E+00  .35581775E+00
   .36000000E+00  .32391874E+00
   .40000000E+00  .29099983E+00
   .44000000E+00  .25698683E+00
   .48000000E+00  .22179771E+00
   .52000000E+00  .18534148E+00
   .56000000E+00  .14751699E+00
   .60000000E+00  .10821140E+00
   .64000000E+00  .67298436E-01
   .68000000E+00  .24636318E-01
   .72000000E+00 -.19934730E-01
   .76000000E+00 -.66595451E-01
   .80000000E+00 -.11555115E+00
   .84000000E+00 -.16703602E+00
   .88000000E+00 -.22131848E+00
   .92000000E+00 -.27870768E+00
   .96000000E+00 -.33956161E+00
   .10000000E+01 -.40429714E+00
   .10400000E+01 -.47340274E+00
   .10800000E+01 -.54745464E+00
   .11200000E+01 -.62713748E+00
   .11600000E+01 -.71327118E+00
   .12000000E+01 -.80684623E+00
   .12400000E+01 -.90907053E+00
   .12800000E+01 -.10214327E+01
   .13200000E+01 -.11457889E+01
   .13600000E+01 -.12844836E+01
   .14000000E+01 -.14405221E+01
   .14400000E+01 -.16178213E+01
   .14800000E+01 -.18215835E+01
   .15200000E+01 -.20588720E+01
   .15600000E+01 -.23395250E+01
   .16000000E+01 -.26776677E+01
   .16400000E+01 -.30943336E+01
   .16800000E+01 -.36222778E+01
   .17200000E+01 -.43154652E+01
   .17600000E+01 -.52695575E+01
   .18000000E+01 -.66718303E+01
   .18400000E+01 -.89453768E+01
   .18800000E+01 -.13290832E+02
   .19200000E+01 -.24990717E+02
   .19600000E+01 -.16901418E+03
   .20000000E+01  .36717389E+02
KBPotential  L  =      3.00000    .00000
  -.20000000E+01  .16488059E+01
  -.19600000E+01  .16368453E+01
  -.19200000E+01  .16248034E+01
  -.18800000E+01  .16126787E+01
  -.18400000E+01  .16004694E+01
  -.18000000E+01  .15881741E+01
  -.17600000E+01  .15757910E+01
  -.17200000E+01  .15633185E+01
  -.16800000E+01  .15507546E+01
  -.16400000E+01  .15380976E+01
  -.16000000E+01  .15253457E+01
  -.15600000E+01  .15124967E+01
  -.15200000E+01  .14995488E+01
  -.14800000E+01  .14864998E+01
  -.14400000E+01  .14733476E+01
  -.14000000E+01  .14600899E+01
  -.13600000E+01  .14467245E+01
  -.13200000E+01  .14332490E+01
  -.12800000E+01  .14196610E+01
  -.12400000E+01  .14059578E+01
  -.12000000E+01  .13921370E+01
  -.11600000E+01  .13781957E+01
  -.11200000E+01  .13641312E+01
  -.10800000E+01  .13499406E+01
  -.10400000E+01  .13356209E+01
  -.10000000E+01  .13211688E+01
  -.96000000E+00  .13065813E+01
  -.92000000E+00  .12918548E+01
  -.88000000E+00  .12769861E+01
  -.84000000E+00  .12619714E+01
  -.80000000E+00  .12468069E+01
  -.76000000E+00  .12314889E+01
  -.72000000E+00  .12160132E+01
  -.68000000E+00  .12003756E+01
  -.64000000E+00  .11845717E+01
  -.60000000E+00  .11685971E+01
  -.56000000E+00  .11524468E+01
  -.52000000E+00  .11361161E+01
  -.48000000E+00  .11195997E+01
  -.44000000E+00  .11028922E+01
  -.40000000E+00  .10859881E+01
  -.36000000E+00  .10688814E+01
  -.32000000E+00  .10515662E+01
  -.28000000E+00  .10340360E+01
  -.24000000E+00  .10162841E+01
  -.20000000E+00  .99830348E+00
  -.16000000E+00  .98008695E+00
  -.12000000E+00  .96162681E+00
  -.80000000E-01  .94291503E+00
  -.40000000E-01  .92394320E+00
   .12351231E-14  .90470251E+00
   .40000000E-01  .88518370E+00
   .80000000E-01  .86537703E+00
   .12000000E+00  .84527228E+00
   .16000000E+00  .82485868E+00
   .20000000E+00  .80412492E+00
   .24000000E+00  .78305905E+00
   .28000000E+00  .76164849E+00
   .32000000E+00  .73987997E+00
   .36000000E+00  .71773946E+00
   .40000000E+00  .69521215E+00
   .44000000E+00  .67228238E+00
   .48000000E+00  .64893353E+00
   .52000000E+00  .62514804E+00
   .56000000E+00  .60090727E+00
   .60000000E+00  .57619141E+00
   .64000000E+00  .55097944E+00
   .68000000E+00  .52524898E+00
   .72000000E+00  .49897622E+00
   .76000000E+00  .47213578E+00
   .80000000E+00  .44470055E+00
   .84000000E+00  .41664161E+00
   .88000000E+00  .38792799E+00
   .92000000E+00  .35852657E+00
   .96000000E+00  .32840180E+00
   .10000000E+01  .29751554E+00
   .10400000E+01  .26582677E+00
   .10800000E+01  .23329137E+00
   .11200000E+01  .19986174E+00
   .11600000E+01  .16548650E+00
   .12000000E+01  .13011010E+00
   .12400000E+01  .93672364E-01
   .12800000E+01  .56108016E-01
   .13200000E+01  .17346110E-01
   .13600000E+01 -.22690600E-01
   .14000000E+01 -.64086376E-01
   .14400000E+01 -.10693332E+00
   .14800000E+01 -.15133231E+00
   .15200000E+01 -.19739408E+00
   .15600000E+01 -.24524046E+00
   .16000000E+01 -.29500580E+00
   .16400000E+01 -.34683864E+00
   .16800000E+01 -.40090362E+00
   .17200000E+01 -.45738378E+00
   .17600000E+01 -.51648315E+00
   .18000000E+01 -.57842990E+00
   .18400000E+01 -.64348002E+00
   .18800000E+01 -.71192168E+00
   .19200000E+01 -.78408054E+00
   .19600000E+01 -.86032596E+00
   .20000000E+01 -.94107867E+00
KBPotential  L  =      4.00000    .00000
  -.20000000E+01  .19518073E+01
  -.19600000E+01  .19419044E+01
  -.19200000E+01  .19319579E+01
  -.18800000E+01  .19219663E+01
  -.18400000E+01  .19119276E+01
  -.18000000E+01  .19018411E+01
  -.17600000E+01  .18917088E+01
  -.17200000E+01  .18815276E+01
  -.16800000E+01  .18712978E+01
  -.16400000E+01  .18610182E+01
  -.16000000E+01  .18506887E+01
  -.15600000E+01  .18403088E+01
  -.15200000E+01  .18298763E+01
  -.14800000E+01  .18193938E+01
  -.14400000E+01  .18088574E+01
  -.14000000E+01  .17982672E+01
  -.13600000E+01  .17876223E+01
  -.13200000E+01  .17769239E+01
  -.12800000E+01  .17661686E+01
  -.12400000E+01  .17553573E+01
  -.12000000E+01  .17444879E+01
  -.11600000E+01  .17335607E+01
  -.11200000E+01  .17225734E+01
  -.10800000E+01  .17115282E+01
  -.10400000E+01  .17004208E+01
  -.10000000E+01  .16892508E+01
  -.96000000E+00  .16780199E+01
  -.92000000E+00  .16667244E+01
  -.88000000E+00  .16553647E+01
  -.84000000E+00  .16439393E+01
  -.80000000E+00  .16324472E+01
  -.76000000E+00  .16208864E+01
  -.72000000E+00  .16092589E+01
  -.68000000E+00  .15975607E+01
  -.64000000E+00  .15857910E+01
  -.60000000E+00  .15739498E+01
  -.56000000E+00  .15620353E+01
  -.52000000E+00  .15500460E+01
  -.48000000E+00  .15379814E+01
  -.44000000E+00  .15258395E+01
  -.40000000E+00  .15136188E+01
  -.36000000E+00  .15013199E+01
  -.32000000E+00  .14889387E+01
  -.28000000E+00  .14764764E+01
  -.24000000E+00  .14639298E+01
  -.20000000E+00  .14512977E+01
  -.16000000E+00  .14385790E+01
  -.12000000E+00  .14257718E+01
  -.80000000E-01  .14128748E+01
  -.40000000E-01  .13998861E+01
   .12351231E-14  .13868041E+01
   .40000000E-01  .13736271E+01
   .80000000E-01  .13603533E+01
   .12000000E+00  .13469809E+01
   .16000000E+00  .13335079E+01
   .20000000E+00  .13199324E+01
   .24000000E+00  .13062525E+01
   .28000000E+00  .12924661E+01
   .32000000E+00  .12785710E+01
   .36000000E+00  .12645651E+01
   .40000000E+00  .12504461E+01
   .44000000E+00  .12362118E+01
   .48000000E+00  .12218596E+01
   .52000000E+00  .12073873E+01
   .56000000E+00  .11927921E+01
   .60000000E+00  .11780716E+01
   .64000000E+00  .11632229E+01
   .68000000E+00  .11482434E+01
   .72000000E+00  .11331301E+01
   .76000000E+00  .11178802E+01
   .80000000E+00  .11024904E+01
   .84000000E+00  .10869576E+01
   .88000000E+00  .10712786E+01
   .92000000E+00  .10554499E+01
   .96000000E+00  .10394681E+01
   .10000000E+01  .10233296E+01
   .10400000E+01  .10070305E+01
   .10800000E+01  .99056696E+00
   .11200000E+01  .97393501E+00
   .11600000E+01  .95713045E+00
   .12000000E+01  .94014896E+00
   .12400000E+01  .92298606E+00
   .12800000E+01  .90563709E+00
   .13200000E+01  .88809727E+00
   .13600000E+01  .87036152E+00
   .14000000E+01  .85242469E+00
   .14400000E+01  .83428137E+00
   .14800000E+01  .81592594E+00
   .15200000E+01  .79735259E+00
   .15600000E+01  .77855523E+00
   .16000000E+01  .75952756E+00
   .16400000E+01  .74026300E+00
   .16800000E+01  .72075471E+00
   .17200000E+01  .70099556E+00
   .17600000E+01  .68097811E+00
   .18000000E+01  .66069462E+00
   .18400000E+01  .64013698E+00
   .18800000E+01  .61929677E+00
   .19200000E+01  .59816517E+00
   .19600000E+01  .57673294E+00
   .20000000E+01  .55499046E+00
