Er : [core=Xe4]                         
   1468.00   .002000 167.26000 125.   .10E-04 .080  400F91 59.00000
   .7  1.0   0
  1.0   .0   .5-4192.3082 2.0000
  2.0   .0   .5 -705.4736 2.0000
  2.0  1.0  1.5 -624.6935 6.0000
  3.0   .0   .5 -158.6128 2.0000
  3.0  1.0  1.5 -133.9781 6.0000
  3.0  2.0  2.5 -103.069010.0000
  4.0   .0   .5  -31.7170 2.0000
  4.0  1.0  1.5  -23.5893 6.0000
  4.0  2.0  2.5  -12.672510.0000
  4.0  3.0  2.5    -.714211.0000
  5.0   .0   .5   -4.1004 2.0000
  6.0   .0   .5    -.3268 2.0000
  5.0  1.0  1.5   -2.1838 6.0000
  5.0  2.0  2.5    -.1584 1.0000
