Ti: d3 s1                               
  .667471946E-03  .678077642E-03  .688851698E-03  .699796784E-03  .710915610E-03
  .722210931E-03  .733685545E-03  .745342293E-03  .757184061E-03  .769213783E-03
  .781434437E-03  .793849049E-03  .806460692E-03  .819272490E-03  .832287613E-03
  .845509284E-03  .858940774E-03  .872585410E-03  .886446568E-03  .900527678E-03
  .914832224E-03  .929363748E-03  .944125843E-03  .959122164E-03  .974356419E-03
  .989832378E-03  .100555387E-02  .102152478E-02  .103774907E-02  .105423073E-02
  .107097386E-02  .108798259E-02  .110526112E-02  .112281373E-02  .114064476E-02
  .115875862E-02  .117715978E-02  .119585279E-02  .121484228E-02  .123413293E-02
  .125372952E-02  .127363688E-02  .129385994E-02  .131440369E-02  .133527321E-02
  .135647365E-02  .137801025E-02  .139988833E-02  .142211330E-02  .144469064E-02
  .146762592E-02  .149092481E-02  .151459307E-02  .153863654E-02  .156306114E-02
  .158787292E-02  .161307799E-02  .163868258E-02  .166469301E-02  .169111568E-02
  .171795713E-02  .174522398E-02  .177292294E-02  .180106086E-02  .182964467E-02
  .185868143E-02  .188817829E-02  .191814253E-02  .194858154E-02  .197950282E-02
  .201091399E-02  .204282279E-02  .207523710E-02  .210816490E-02  .214161430E-02
  .217559354E-02  .221011100E-02  .224517518E-02  .228079472E-02  .231697838E-02
  .235373509E-02  .239107390E-02  .242900399E-02  .246753470E-02  .250667552E-02
  .254643609E-02  .258682619E-02  .262785576E-02  .266953490E-02  .271187386E-02
  .275488306E-02  .279857307E-02  .284295465E-02  .288803871E-02  .293383633E-02
  .298035878E-02  .302761748E-02  .307562407E-02  .312439034E-02  .317392828E-02
  .322425005E-02  .327536803E-02  .332729476E-02  .338004301E-02  .343362573E-02
  .348805609E-02  .354334744E-02  .359951336E-02  .365656764E-02  .371452428E-02
  .377339751E-02  .383320178E-02  .389395176E-02  .395566235E-02  .401834870E-02
  .408202616E-02  .414671037E-02  .421241718E-02  .427916270E-02  .434696330E-02
  .441583558E-02  .448579643E-02  .455686299E-02  .462905268E-02  .470238316E-02
  .477687241E-02  .485253867E-02  .492940046E-02  .500747660E-02  .508678619E-02
  .516734866E-02  .524918371E-02  .533231137E-02  .541675197E-02  .550252616E-02
  .558965492E-02  .567815956E-02  .576806170E-02  .585938333E-02  .595214676E-02
  .604637466E-02  .614209005E-02  .623931631E-02  .633807719E-02  .643839680E-02
  .654029963E-02  .664381056E-02  .674895485E-02  .685575815E-02  .696424653E-02
  .707444645E-02  .718638478E-02  .730008883E-02  .741558630E-02  .753290535E-02
  .765207457E-02  .777312301E-02  .789608014E-02  .802097592E-02  .814784076E-02
  .827670555E-02  .840760166E-02  .854056094E-02  .867561575E-02  .881279894E-02
  .895214389E-02  .909368447E-02  .923745510E-02  .938349073E-02  .953182685E-02
  .968249950E-02  .983554528E-02  .999100136E-02  .101489055E-01  .103092960E-01
  .104722119E-01  .106376925E-01  .108057782E-01  .109765097E-01  .111499283E-01
  .113260761E-01  .115049959E-01  .116867309E-01  .118713252E-01  .120588235E-01
  .122492712E-01  .124427144E-01  .126392000E-01  .128387755E-01  .130414891E-01
  .132473900E-01  .134565278E-01  .136689532E-01  .138847174E-01  .141038727E-01
  .143264719E-01  .145525688E-01  .147822180E-01  .150154750E-01  .152523960E-01
  .154930381E-01  .157374594E-01  .159857189E-01  .162378763E-01  .164939925E-01
  .167541290E-01  .170183487E-01  .172867151E-01  .175592928E-01  .178361473E-01
  .181173454E-01  .184029545E-01  .186930434E-01  .189876818E-01  .192869405E-01
  .195908914E-01  .198996074E-01  .202131627E-01  .205316324E-01  .208550931E-01
  .211836222E-01  .215172986E-01  .218562022E-01  .222004142E-01  .225500170E-01
  .229050944E-01  .232657313E-01  .236320141E-01  .240040302E-01  .243818688E-01
  .247656201E-01  .251553758E-01  .255512290E-01  .259532742E-01  .263616073E-01
  .267763259E-01  .271975288E-01  .276253164E-01  .280597907E-01  .285010553E-01
  .289492151E-01  .294043770E-01  .298666491E-01  .303361416E-01  .308129660E-01
  .312972357E-01  .317890657E-01  .322885728E-01  .327958758E-01  .333110948E-01
  .338343522E-01  .343657721E-01  .349054804E-01  .354536050E-01  .360102756E-01
  .365756241E-01  .371497843E-01  .377328920E-01  .383250849E-01  .389265031E-01
  .395372887E-01  .401575858E-01  .407875408E-01  .414273023E-01  .420770212E-01
  .427368506E-01  .434069459E-01  .440874650E-01  .447785679E-01  .454804173E-01
  .461931781E-01  .469170178E-01  .476521065E-01  .483986168E-01  .491567238E-01
  .499266054E-01  .507084419E-01  .515024166E-01  .523087155E-01  .531275271E-01
  .539590431E-01  .548034580E-01  .556609689E-01  .565317762E-01  .574160832E-01
  .583140962E-01  .592260245E-01  .601520807E-01  .610924805E-01  .620474428E-01
  .630171897E-01  .640019467E-01  .650019427E-01  .660174099E-01  .670485840E-01
  .680957041E-01  .691590131E-01  .702387573E-01  .713351867E-01  .724485550E-01
  .735791197E-01  .747271420E-01  .758928872E-01  .770766242E-01  .782786262E-01
  .794991702E-01  .807385374E-01  .819970132E-01  .832748869E-01  .845724525E-01
  .858900080E-01  .872278560E-01  .885863034E-01  .899656616E-01  .913662468E-01
  .927883794E-01  .942323850E-01  .956985936E-01  .971873402E-01  .986989647E-01
  .100233812E+00  .101792232E+00  .103374579E+00  .104981214E+00  .106612502E+00
  .108268814E+00  .109950526E+00  .111658019E+00  .113391681E+00  .115151905E+00
  .116939088E+00  .118753635E+00  .120595956E+00  .122466468E+00  .124365591E+00
  .126293755E+00  .128251393E+00  .130238946E+00  .132256861E+00  .134305591E+00
  .136385596E+00  .138497343E+00  .140641304E+00  .142817960E+00  .145027796E+00
  .147271308E+00  .149548996E+00  .151861368E+00  .154208939E+00  .156592231E+00
  .159011774E+00  .161468107E+00  .163961774E+00  .166493329E+00  .169063331E+00
  .171672350E+00  .174320962E+00  .177009753E+00  .179739315E+00  .182510250E+00
  .185323168E+00  .188178687E+00  .191077436E+00  .194020049E+00  .197007172E+00
  .200039460E+00  .203117574E+00  .206242188E+00  .209413984E+00  .212633653E+00
  .215901895E+00  .219219423E+00  .222586955E+00  .226005224E+00  .229474969E+00
  .232996942E+00  .236571903E+00  .240200626E+00  .243883892E+00  .247622495E+00
  .251417238E+00  .255268938E+00  .259178420E+00  .263146523E+00  .267174094E+00
  .271261996E+00  .275411101E+00  .279622293E+00  .283896468E+00  .288234535E+00
  .292637414E+00  .297106040E+00  .301641358E+00  .306244327E+00  .310915918E+00
  .315657115E+00  .320468918E+00  .325352336E+00  .330308395E+00  .335338133E+00
  .340442602E+00  .345622869E+00  .350880014E+00  .356215132E+00  .361629332E+00
  .367123738E+00  .372699488E+00  .378357737E+00  .384099653E+00  .389926421E+00
  .395839239E+00  .401839324E+00  .407927907E+00  .414106234E+00  .420375570E+00
  .426737194E+00  .433192403E+00  .439742509E+00  .446388843E+00  .453132751E+00
  .459975598E+00  .466918766E+00  .473963655E+00  .481111680E+00  .488364279E+00
  .495722904E+00  .503189027E+00  .510764138E+00  .518449748E+00  .526247383E+00
  .534158592E+00  .542184940E+00  .550328015E+00  .558589421E+00  .566970785E+00
  .575473753E+00  .584099991E+00  .592851186E+00  .601729044E+00  .610735295E+00
  .619871688E+00  .629139993E+00  .638542003E+00  .648079531E+00  .657754413E+00
  .667568507E+00  .677523693E+00  .687621873E+00  .697864973E+00  .708254941E+00
  .718793747E+00  .729483387E+00  .740325877E+00  .751323260E+00  .762477601E+00
  .773790988E+00  .785265536E+00  .796903383E+00  .808706690E+00  .820677647E+00
  .832818464E+00  .845131379E+00  .857618657E+00  .870282584E+00  .883125476E+00
  .896149673E+00  .909357540E+00  .922751471E+00  .936333885E+00  .950107228E+00
  .964073972E+00  .978236617E+00  .992597690E+00  .100715974E+01  .102192536E+01
  .103689715E+01  .105207776E+01  .106746983E+01  .108307608E+01  .109889922E+01
  .111494200E+01  .113120719E+01  .114769762E+01  .116441611E+01  .118136553E+01
  .119854877E+01  .121596876E+01  .123362845E+01  .125153082E+01  .126967889E+01
  .128807570E+01  .130672432E+01  .132562785E+01  .134478943E+01  .136421221E+01
  .138389940E+01  .140385420E+01  .142407988E+01  .144457972E+01  .146535703E+01
  .148641516E+01  .150775748E+01  .152938740E+01  .155130835E+01  .157352380E+01
  .159603725E+01  .161885222E+01  .164197228E+01  .166540102E+01  .168914204E+01
  .171319902E+01  .173757562E+01  .176227555E+01  .178730257E+01  .181266044E+01
  .183835296E+01  .186438397E+01  .189075733E+01  .191747694E+01  .194454671E+01
  .197197059E+01  .199975258E+01  .202789668E+01  .205640692E+01  .208528739E+01
  .211454217E+01  .214417539E+01  .217419122E+01  .220459382E+01  .223538741E+01
  .226657623E+01  .229816455E+01  .233015665E+01  .236255685E+01  .239536950E+01
  .242859896E+01  .246224964E+01  .249632595E+01  .253083234E+01  .256577328E+01
  .260115325E+01  .263697678E+01  .267324841E+01  .270997268E+01  .274715419E+01
  .278479754E+01  .282290735E+01  .286148827E+01  .290054495E+01  .294008207E+01
  .298010434E+01  .302061647E+01  .306162319E+01  .310312925E+01  .314513941E+01
  .318765844E+01  .323069113E+01  .327424229E+01  .331831672E+01  .336291925E+01
  .340805471E+01  .345372793E+01  .349994377E+01  .354670708E+01  .359402272E+01
  .364189554E+01  .369033042E+01  .373933223E+01  .378890582E+01  .383905606E+01
  .388978783E+01  .394110598E+01  .399301536E+01  .404552084E+01  .409862724E+01
  .415233941E+01  .420666217E+01  .426160033E+01  .431715868E+01  .437334202E+01
  .443015509E+01  .448760266E+01  .454568944E+01  .460442015E+01  .466379945E+01
  .472383200E+01  .478452244E+01  .484587534E+01  .490789529E+01  .497058681E+01
  .503395439E+01  .509800250E+01  .516273554E+01  .522815789E+01  .529427389E+01
  .536108780E+01  .542860387E+01  .549682628E+01  .556575914E+01  .563540654E+01
  .570577249E+01  .577686092E+01  .584867573E+01  .592122072E+01  .599449966E+01
  .606851620E+01  .614327396E+01  .621877644E+01  .629502709E+01  .637202925E+01
  .644978620E+01  .652830111E+01  .660757705E+01  .668761702E+01  .676842390E+01
  .685000046E+01  .693234937E+01  .701547321E+01  .709937442E+01  .718405533E+01
  .726951815E+01  .735576497E+01  .744279774E+01  .753061830E+01  .761922832E+01
  .770862936E+01  .779882284E+01  .788981000E+01  .798159196E+01  .807416967E+01
  .816754394E+01  .826171538E+01  .835668447E+01  .845245150E+01  .854901659E+01
  .864637967E+01  .874454050E+01  .884349866E+01  .894325350E+01  .904380420E+01
  .914514975E+01  .924728890E+01  .935022023E+01  .945394206E+01  .955845252E+01
  .966374952E+01  .976983072E+01  .987669357E+01  .998433525E+01  .100927527E+02
  .102019427E+02  .103119017E+02  .104226258E+02  .105341110E+02  .106463530E+02
  .107593472E+02  .108730887E+02  .109875723E+02  .111027927E+02  .112187440E+02
  .113354203E+02  .114528153E+02  .115709222E+02  .116897343E+02  .118092441E+02
  .119294443E+02  .120503268E+02  .121718834E+02  .122941057E+02  .124169847E+02
  .125405113E+02  .126646757E+02  .127894682E+02  .129148784E+02  .130408957E+02
  .131675091E+02  .132947073E+02  .134224786E+02  .135508107E+02  .136796913E+02
  .138091075E+02  .139390460E+02  .140694932E+02  .142004350E+02  .143318571E+02
  .144637446E+02  .145960822E+02  .147288544E+02  .148620451E+02  .149956378E+02
  .151296157E+02  .152639614E+02  .153986574E+02  .155336853E+02  .156690268E+02
  .158046628E+02  .159405740E+02  .160767404E+02  .162131419E+02  .163497578E+02
  .164865669E+02  .166235477E+02  .167606783E+02  .168979362E+02  .170352985E+02
  .171727421E+02  .173102432E+02  .174477777E+02  .175853210E+02  .177228482E+02
  .178603338E+02  .179977520E+02  .181350766E+02  .182722809E+02  .184093377E+02
  .185462197E+02  .186828989E+02  .188193470E+02  .189555353E+02  .190914347E+02
  .192270157E+02  .193622485E+02  .194971027E+02  .196315479E+02  .197655529E+02
  .198990864E+02  .200321168E+02  .201646120E+02  .202965396E+02  .204278669E+02
  .205585609E+02  .206885884E+02  .208179156E+02  .209465086E+02  .210743334E+02
  .212013553E+02  .213275398E+02  .214528519E+02  .215772564E+02  .217007180E+02
  .218232011E+02  .219446698E+02  .220650884E+02  .221844206E+02  .223026303E+02
  .224196811E+02  .225355365E+02  .226501601E+02  .227635152E+02  .228755651E+02
  .229862731E+02  .230956026E+02  .232035167E+02  .233099789E+02  .234149525E+02
  .235184010E+02  .236202878E+02  .237205767E+02  .238192314E+02  .239162158E+02
  .240114942E+02  .241050308E+02  .241967901E+02  .242867372E+02  .243748370E+02
  .244610550E+02  .245453571E+02  .246277093E+02  .247080781E+02  .247864307E+02
  .248627343E+02  .249369569E+02  .250090669E+02  .250790332E+02  .251468254E+02
  .252124136E+02  .252757686E+02  .253368618E+02  .253956653E+02  .254521520E+02
  .255062954E+02  .255580700E+02  .256074509E+02  .256544143E+02  .256989372E+02
  .257409974E+02  .257805737E+02  .258176460E+02  .258521951E+02  .258842030E+02
  .259136526E+02  .259405280E+02  .259648145E+02  .259864986E+02  .260055678E+02
  .260220112E+02  .260358189E+02  .260469824E+02  .260554945E+02  .260613495E+02
  .260645431E+02  .260650723E+02  .260629356E+02  .260581331E+02  .260506663E+02
  .260405384E+02  .260277541E+02  .260123196E+02  .259942430E+02  .259735338E+02
  .259502034E+02  .259242646E+02  .258957323E+02  .258646230E+02  .258309549E+02
  .257947480E+02  .257560243E+02  .257148074E+02  .256711230E+02  .256249983E+02
  .255764627E+02  .255255473E+02  .254722853E+02  .254167116E+02  .253588631E+02
  .252987787E+02  .252364991E+02  .251720669E+02  .251055269E+02  .250369254E+02
  .249663111E+02  .248937343E+02  .248192474E+02  .247429045E+02  .246647618E+02
  .245848774E+02  .245033111E+02  .244201248E+02  .243353819E+02  .242491480E+02
  .241614903E+02  .240724777E+02  .239821811E+02  .238906728E+02  .237980271E+02
  .237043198E+02  .236096283E+02  .235140315E+02  .234176101E+02  .233204461E+02
  .232226228E+02  .231242253E+02  .230253397E+02  .229260536E+02  .228264556E+02
  .227266358E+02  .226266852E+02  .225266958E+02  .224267609E+02  .223269743E+02
  .222274310E+02  .221282266E+02  .220294574E+02  .219312205E+02  .218336133E+02
  .217367339E+02  .216406806E+02  .215455520E+02  .214514470E+02  .213584646E+02
  .212667038E+02  .211762635E+02  .210872425E+02  .209997392E+02  .209138518E+02
  .208296779E+02  .207473147E+02  .206668585E+02  .205884050E+02  .205120489E+02
  .204378840E+02  .203660028E+02  .202964970E+02  .202294565E+02  .201649700E+02
  .201031247E+02  .200440060E+02  .199876976E+02  .199342813E+02  .198838369E+02
  .198364422E+02  .197921725E+02  .197511010E+02  .197132983E+02  .196788327E+02
  .196477694E+02  .196201712E+02  .195960978E+02  .195756060E+02  .195587495E+02
  .195455786E+02  .195361406E+02  .195304791E+02  .195286344E+02  .195306430E+02
  .195365379E+02  .195463482E+02  .195600991E+02  .195778118E+02  .195995036E+02
  .196251875E+02  .196548725E+02  .196885631E+02  .197262595E+02  .197679577E+02
  .198136489E+02  .198633200E+02  .199169533E+02  .199745264E+02  .200360123E+02
  .201013792E+02  .201705905E+02  .202436052E+02  .203203770E+02  .204008552E+02
  .204849840E+02  .205727030E+02  .206639467E+02  .207586450E+02  .208567230E+02
  .209581008E+02  .210626940E+02  .211704131E+02  .212811643E+02  .213948487E+02
  .215113632E+02  .216305999E+02  .217524464E+02  .218767860E+02  .220034974E+02
  .221324553E+02  .222635300E+02  .223965878E+02  .225314909E+02  .226680978E+02
  .228062630E+02  .229458374E+02  .230866685E+02  .232286002E+02  .233714732E+02
  .235151252E+02  .236593908E+02  .238041017E+02  .239490872E+02  .240941738E+02
  .242391860E+02  .243839459E+02  .245282738E+02  .246719882E+02  .248149061E+02
  .249568429E+02  .250976130E+02  .252370299E+02  .253749062E+02  .255110541E+02
  .256452854E+02  .257774116E+02  .259072448E+02  .260345971E+02  .261592812E+02
  .262811108E+02  .263999005E+02  .265154661E+02  .266276253E+02  .267361971E+02
  .268410028E+02  .269418658E+02  .270386121E+02  .271310704E+02  .272190723E+02
  .273024525E+02  .273810494E+02  .274547048E+02  .275232645E+02  .275865786E+02
  .276445012E+02  .276968914E+02  .277436128E+02  .277845341E+02  .278195294E+02
  .278484779E+02  .278712647E+02  .278877808E+02  .278979231E+02  .279015948E+02
  .278987054E+02  .278891711E+02  .278729149E+02  .278498665E+02  .278199630E+02
  .277831482E+02  .277393739E+02  .276885987E+02  .276307893E+02  .275659199E+02
  .274939724E+02  .274149369E+02  .273288111E+02  .272356009E+02  .271353205E+02
  .270279919E+02  .269136456E+02  .267923200E+02  .266640620E+02  .265289267E+02
  .263869772E+02  .262382851E+02  .260829299E+02  .259209996E+02  .257525899E+02
  .255778047E+02  .253967557E+02  .252095627E+02  .250163530E+02  .248172617E+02
  .246124311E+02  .244020111E+02  .241861588E+02  .239650382E+02  .237388202E+02
  .235076825E+02  .232718091E+02  .230313903E+02  .227866226E+02  .225377079E+02
  .222848542E+02  .220282743E+02  .217681864E+02  .215048134E+02  .212383824E+02
  .209691251E+02  .206972768E+02  .204230764E+02  .201467663E+02  .198685916E+02
  .195888001E+02  .193076417E+02  .190253685E+02  .187422339E+02  .184584926E+02
  .181744003E+02  .178902130E+02  .176061869E+02  .173225779E+02  .170396414E+02
  .167576316E+02  .164768015E+02  .161974023E+02  .159196831E+02  .156438906E+02
  .153702684E+02  .150990572E+02  .148304939E+02  .145648114E+02  .143022386E+02
  .140429994E+02  .137873130E+02  .135353931E+02  .132874478E+02  .130436791E+02
  .128042830E+02  .125694487E+02  .123393585E+02  .121141877E+02  .118941040E+02
  .116792676E+02  .114698305E+02  .112659369E+02  .110677223E+02  .108753138E+02
  .106888296E+02  .105083790E+02  .103340624E+02  .101659706E+02  .100041853E+02
  .984877850E+01  .969981284E+01  .955734113E+01  .942140658E+01  .929204258E+01
  .916927273E+01  .905311088E+01  .894356107E+01  .884061760E+01  .874426503E+01
  .865447832E+01  .857122282E+01  .849445443E+01  .842411966E+01  .836015583E+01
  .830249113E+01  .825104485E+01  .820572753E+01  .816644115E+01  .813307934E+01
  .810552762E+01  .808366360E+01  .806735726E+01  .805647121E+01  .805086097E+01
  .805037520E+01  .805485610E+01  .806413962E+01  .807805587E+01  .809642936E+01
  .811907943E+01  .814582049E+01  .817646250E+01  .821081119E+01  .824866856E+01
  .828983315E+01  .833410050E+01  .838126343E+01  .843111254E+01  .848343646E+01
  .853802241E+01  .859465637E+01  .865312368E+01  .871320926E+01  .877469812E+01
  .883737556E+01  .890102785E+01  .896544227E+01  .903040772E+01  .909571489E+01
  .916115683E+01  .922652904E+01  .929163009E+01  .935626168E+01  .942022918E+01
  .948334178E+01  .954541294E+01  .960626048E+01  .966570711E+01  .972358042E+01
  .977971340E+01  .983394441E+01  .988611767E+01  .993608323E+01  .998369737E+01
  .100288226E+02  .100713280E+02  .101110891E+02  .101479885E+02  .101819153E+02
  .102127660E+02  .102404439E+02  .102648594E+02  .102859304E+02  .103035817E+02
  .103177456E+02  .103283616E+02  .103353765E+02  .103387444E+02  .103384263E+02
  .103343909E+02  .103266135E+02  .103150768E+02  .102997702E+02  .102806901E+02
  .102578395E+02  .102312280E+02  .102008718E+02  .101667932E+02  .101290207E+02
  .100875890E+02  .100425382E+02  .999391445E+01  .994176898E+01  .988615842E+01
  .982714433E+01  .976479312E+01  .969917572E+01  .963036746E+01  .955844776E+01
  .948349996E+01  .940561102E+01  .932487135E+01  .924137452E+01  .915521704E+01
  .906649814E+01  .897531947E+01  .888178492E+01  .878600036E+01  .868807338E+01
  .858811309E+01  .848622986E+01  .838253510E+01  .827714105E+01  .817016051E+01
  .806170670E+01  .795189294E+01  .784083256E+01  .772863857E+01  .761542361E+01
  .750129959E+01  .738637769E+01  .727076797E+01  .715457944E+01  .703791962E+01
  .692089469E+01  .680360901E+01  .668616529E+01  .656866419E+01  .645120440E+01
  .633388234E+01  .621679224E+01  .610002580E+01  .598367233E+01  .586781848E+01
  .575254828E+01  .563794293E+01  .552408079E+01  .541103705E+01  .529888496E+01
  .518769328E+01  .507752947E+01  .496845598E+01  .486053455E+01  .475382124E+01
  .464837173E+01  .454423582E+01  .444146311E+01  .434009705E+01  .424018120E+01
  .414175283E+01  .404484949E+01  .394950228E+01  .385574290E+01  .376359685E+01
  .367308898E+01  .358424014E+01  .349706921E+01  .341159149E+01  .332782052E+01
  .324576627E+01  .316543717E+01  .308683814E+01  .300997279E+01  .293484126E+01
  .286144261E+01  .278977254E+01  .271982585E+01  .265159409E+01  .258506817E+01
  .252023580E+01  .245708431E+01  .239559791E+01  .233576069E+01  .227755372E+01
  .222095815E+01  .216595224E+01  .211251457E+01  .206062092E+01  .201024763E+01
  .196136831E+01  .191395739E+01  .186798665E+01  .182342885E+01  .178025433E+01
  .173843460E+01  .169793871E+01  .165873718E+01  .162079813E+01  .158409134E+01
  .154858428E+01  .151424628E+01  .148104438E+01  .144894770E+01  .141792313E+01
  .138793974E+01  .135896454E+01  .133096686E+01  .130391390E+01  .127777544E+01
  .125251910E+01  .122811525E+01  .120453211E+01  .118174080E+01  .115971031E+01
  .113841261E+01  .111781757E+01  .109789819E+01  .107862532E+01  .105997304E+01
  .104191330E+01  .102442137E+01  .100747035E+01  .991036779E+00  .975094973E+00
  .959622775E+00  .944595782E+00  .929993179E+00  .915791865E+00  .901972405E+00
  .888513027E+00  .875395680E+00  .862599925E+00  .850109108E+00  .837904129E+00
  .825969713E+00  .814288080E+00  .802845332E+00  .791624997E+00  .780614516E+00
  .769798691E+00  .759166283E+00  .748703344E+00  .738399903E+00  .728243215E+00
  .718224548E+00  .708332322E+00  .698558983E+00  .688894060E+00  .679331141E+00
  .669860820E+00  .660477756E+00  .651173547E+00  .641943880E+00  .632781308E+00
  .623682473E+00  .614640817E+00  .605653894E+00  .596715981E+00  .587825468E+00
  .578977402E+00  .570170960E+00  .561401910E+00  .552670141E+00  .543972073E+00
  .535308260E+00  .526675725E+00  .518075616E+00  .509505490E+00  .500967044E+00
  .492458325E+00  .483981507E+00  .475535061E+00  .467121598E+00  .458739972E+00
  .450393160E+00  .442080337E+00  .433804814E+00  .425566048E+00  .417367616E+00
  .409209199E+00  .401094609E+00  .393023721E+00  .385000520E+00  .377025018E+00
  .369101350E+00  .361229638E+00  .353414106E+00  .345654938E+00  .337956430E+00
  .330318802E+00  .322746368E+00  .315239346E+00  .307802048E+00  .300434670E+00
  .293141480E+00  .285922612E+00  .278782280E+00  .271720542E+00  .264741521E+00
  .257845127E+00  .251035438E+00  .244312219E+00  .237679407E+00  .231136629E+00
  .224687682E+00  .218332043E+00  .212073327E+00  .205910856E+00  .199848070E+00
  .193884121E+00  .188022245E+00  .182261423E+00  .176604695E+00  .171050859E+00
  .165602739E+00  .160258954E+00  .155022122E+00  .149890675E+00  .144867009E+00
  .139949378E+00  .135139968E+00  .130436852E+00  .125841997E+00  .121353303E+00
  .116972535E+00  .112697421E+00  .108529516E+00  .104466393E+00  .100509411E+00
  .966559712E-01  .929072591E-01  .892605558E-01  .857168489E-01  .822732877E-01
  .789306849E-01  .756865242E-01  .725400970E-01  .694901579E-01  .665354013E-01
  .636744650E-01  .609059336E-01  .582283415E-01  .556401765E-01  .531398832E-01
  .507258661E-01  .483964933E-01  .461500997E-01  .439849905E-01  .418994444E-01
  .398917170E-01  .379600441E-01  .361026449E-01  .343177250E-01  .326034799E-01
  .309580976E-01  .293797620E-01  .278666553E-01  .264169612E-01  .250288676E-01
  .237005689E-01  .224302529E-01  .212161518E-01  .200564943E-01  .189495254E-01
  .178935083E-01  .168867264E-01  .159274852E-01  .150141141E-01  .141449679E-01
  .133184283E-01  .125329054E-01  .117868390E-01  .110786998E-01  .104069901E-01
  .977024516E-02  .916703393E-02  .859595964E-02  .805566053E-02  .754481033E-02
  .706211870E-02  .660633152E-02  .617623114E-02  .577063651E-02  .538840323E-02
  .502842353E-02  .468962613E-02  .437097608E-02  .407147451E-02  .379015830E-02
  .352609968E-02  .327840583E-02  .304621835E-02  .282871272E-02  .262509774E-02
  .243461485E-02  .225653753E-02  .209017053E-02  .193484917E-02  .178993860E-02
  .165483299E-02  .152895474E-02  .141175370E-02  .130270630E-02  .120131473E-02
  .110710612E-02  .101963168E-02  .938465851E-03  .863205475E-03  .793468956E-03
  .728895423E-03  .669143913E-03  .613892554E-03  .562837766E-03  .515693472E-03
  .472190330E-03  .432074970E-03  .395109260E-03  .361069581E-03  .329746129E-03
  .300942228E-03  .274473669E-03  .250168071E-03  .227864257E-03  .207411657E-03
  .188669731E-03  .171507409E-03  .155802562E-03  .141441485E-03  .128318409E-03
  .116335027E-03  .105400046E-03  .954287573E-04  .863426303E-04  .780689191E-04
  .705402949E-04  .636944939E-04  .574739843E-04  .518256505E-04  .467004953E-04
  .420533571E-04  .378426445E-04  .340300853E-04  .305804905E-04  .274615326E-04
  .246435368E-04  .220992859E-04  .198038368E-04  .177343491E-04  .158699250E-04
  .141914593E-04  .126814996E-04  .113241166E-04  .101047826E-04  .901025883E-05
  .802849081E-05  .714851122E-05  .636034983E-05  .565495012E-05  .502409209E-05
  .446032098E-05  .395688142E-05  .350765673E-05  .310711291E-05  .275024720E-05
  .243254065E-05  .214991461E-05  .189869078E-05  .167555460E-05  .147752165E-05
  .130190694E-05  .114629684E-05  .100852337E-05  .886640851E-06  .778904466E-06
  .683750863E-06  .599780418E-06  .525741141E-06  .460514046E-06  .403099876E-06
  .352607065E-06  .308240838E-06  .269293344E-06  .235134744E-06  .205205156E-06
  .179007406E-06  .156100489E-06  .136093702E-06  .118641373E-06  .103438152E-06
  .902148043E-07  .787344757E-07  .687893913E-07  .601979592E-07  .528022557E-07
  .464658784E-07  .410721446E-07  .365226792E-07  .311321920E-07  .265164504E-07
  .225674071E-07  .191916168E-07  .163083277E-07  .138478137E-07  .117499185E-07
  .996278391E-08  .844174244E-08  .714835191E-08  .604955549E-08  .511695130E-08
  .432615771E-08  .365626240E-08  .308934445E-08  .261006019E-08  .220528459E-08
  .186380098E-08  .157603290E-08  .133381255E-08  .113018100E-08  .959216080E-09
  .815884149E-09  .695912777E-09  .595681400E-09  .512127678E-09  .442667449E-09
  .385126540E-09  .337682892E-09  .298817745E-09  .267274785E-09  .242026384E-09
  .222246232E-09  .207287808E-09  .196668373E-09  .190058104E-09  .187275020E-09
  .188284778E-09  .154477873E-09  .126543626E-09  .103497782E-09  .845147349E-10
  .689030209E-10  .560844327E-10  .455762317E-10  .369760286E-10  .299489505E-10
  .242167662E-10  .195486857E-10  .157535886E-10  .126734710E-10  .101779282E-10
  .815951754E-11  .652986790E-11  .521642086E-11  .415970589E-11  .331106593E-11
  .263076239E-11  .208639900E-11  .165161330E-11  .130499220E-11  .102917504E-11
  .810112900E-12  .636458347E-12  .499063347E-12  .390567122E-12  .305058433E-12
  .237799379E-12  .184999971E-12  .143634496E-12  .111292229E-12  .860563086E-13
  .664056619E-13  .511357612E-13  .392947201E-13  .301318725E-13  .230564812E-13
  .176046502E-13  .134128685E-13  .101969009E-13  .773498214E-14  .585446583E-14
  .442124195E-14  .333136700E-14  .250445915E-14  .187849795E-14  .140573924E-14
  .104951338E-14  .781721762E-15  .580883739E-15  .430616577E-15  .318455263E-15
  .234938324E-15  .172901425E-15  .126932843E-15  .929547438E-16  .679019973E-16
  .494764162E-16  .359591815E-16  .260680388E-16  .188488544E-16  .135934777E-16
  .977768673E-17  .701443042E-17  .501868824E-17  .358113112E-17  .254843193E-17
  .180858615E-17  .127999766E-17  .903385977E-18  .635802191E-18  .446216303E-18
  .312272498E-18  .217909924E-18  .151623056E-18  .105193368E-18  .727672880E-19
  .501878380E-19  .345115867E-19  .236605643E-19  .161721777E-19  .110200755E-19
  .748622078E-20  .506981298E-20  .342264345E-20  .230335497E-20  .154517818E-20
  .103324579E-20  .688691819E-21  .457542166E-21  .302977851E-21  .199964423E-21
  .131536153E-21  .862335856E-22  .563423454E-22  .366867076E-22  .238059748E-22
  .153941103E-22  .991979034E-23  .636967764E-23  .407555879E-23  .259835931E-23
  .165059710E-23  .104472060E-23  .658815400E-24  .413922476E-24  .259091427E-24
  .161567059E-24  .100370298E-24  .621150726E-25  .382925974E-25  .235150148E-25
  .143838365E-25  .876374241E-26  .531833985E-26  .321455084E-26  .193512156E-26
  .116018123E-26  .692721760E-27  .411901054E-27  .243901014E-27  .143815724E-27
  .844416127E-28  .493684222E-28  .287388668E-28  .166572251E-28  .961242874E-29
  .552262806E-29  .315882260E-29  .179868837E-29  .101958214E-29  .575318484E-30
  .323145679E-30  .180665930E-30  .100536993E-30  .556840671E-31  .306955214E-31
  .168399785E-31  .919419731E-32  .499545499E-32  .270089854E-32  .145310296E-32
  .777897135E-33  .414350870E-33  .219592312E-33  .115784693E-33  .607368858E-34
  .316959164E-34  .164545287E-34  .849729521E-35  .436486402E-35  .223016485E-35
  .113334149E-35  .572826852E-36  .287942480E-36  .143942416E-36  .715571832E-37
  .353736328E-37  .173879540E-37  .849845458E-38  .412984915E-38  .199531339E-38
  .958408209E-39  .457648486E-39  .217237645E-39  .102503569E-39  .480753936E-40
  .224112269E-40  .103835564E-40  .478126638E-41  .218793554E-41  .994945165E-42
  .449588201E-42  .201864393E-42  .900557271E-43  .399160280E-43  .175770121E-43
  .768921024E-44  .334144559E-44  .144238055E-44  .618436027E-45  .263363523E-45
  .111388064E-45  .467864359E-46  .195153090E-46  .808315228E-47  .332438604E-47
  .135750927E-47  .550363887E-48  .221517341E-48  .885097090E-49  .351054041E-49
  .138207375E-49  .540053432E-50  .209442297E-50  .806098058E-51  .307879407E-51
  .116685244E-51  .438800179E-52  .163721620E-52  .606046919E-53  .222556260E-53
  .810734942E-54  .292951286E-54  .104993176E-54  .373204925E-55  .131560506E-55
  .459903380E-56  .159419466E-56  .547924012E-57  .186712703E-57  .630771447E-58
  .211244130E-58  .701263653E-59  .230744532E-59  .752495692E-60  .243202472E-60
  .778918331E-61  .247197566E-61  .777307540E-62  .242161913E-62  .747395797E-63
  .228504438E-63  .691998045E-64  .000000000E+00  .000000000E+00  .000000000E+00
  .000000000E+00  .000000000E+00  .000000000E+00  .000000000E+00  .000000000E+00
  .000000000E+00  .000000000E+00  .000000000E+00  .000000000E+00  .000000000E+00
  .000000000E+00  .000000000E+00  .000000000E+00  .000000000E+00  .000000000E+00
  .000000000E+00  .000000000E+00  .000000000E+00  .000000000E+00  .000000000E+00
  .000000000E+00  .000000000E+00  .000000000E+00  .000000000E+00  .000000000E+00
  .000000000E+00  .000000000E+00  .000000000E+00  .000000000E+00  .000000000E+00
  .000000000E+00  .000000000E+00  .000000000E+00  .000000000E+00  .000000000E+00
  .000000000E+00  .000000000E+00  .000000000E+00  .000000000E+00  .000000000E+00
  .000000000E+00  .000000000E+00  .000000000E+00  .000000000E+00  .000000000E+00
  .000000000E+00  .000000000E+00  .000000000E+00  .000000000E+00  .000000000E+00
  .000000000E+00  .000000000E+00  .000000000E+00  .000000000E+00  .000000000E+00
  .000000000E+00  .000000000E+00  .000000000E+00  .000000000E+00  .000000000E+00
  .000000000E+00  .000000000E+00  .000000000E+00  .000000000E+00  .000000000E+00
  .000000000E+00  .000000000E+00  .000000000E+00  .000000000E+00  .000000000E+00
  .000000000E+00  .000000000E+00  .000000000E+00  .000000000E+00  .000000000E+00
  .000000000E+00  .000000000E+00  .000000000E+00  .000000000E+00  .000000000E+00
  .000000000E+00  .000000000E+00  .000000000E+00  .000000000E+00  .000000000E+00
  .000000000E+00  .000000000E+00  .000000000E+00  .000000000E+00  .000000000E+00
  .000000000E+00  .000000000E+00  .000000000E+00  .000000000E+00  .000000000E+00
  .000000000E+00  .000000000E+00  .000000000E+00  .000000000E+00  .000000000E+00
  .000000000E+00  .000000000E+00  .000000000E+00  .000000000E+00  .000000000E+00
  .000000000E+00  .000000000E+00  .000000000E+00  .000000000E+00  .000000000E+00
  .000000000E+00  .000000000E+00  .000000000E+00  .000000000E+00  .000000000E+00
  .000000000E+00  .000000000E+00  .000000000E+00  .000000000E+00  .000000000E+00
  .000000000E+00  .000000000E+00  .000000000E+00  .000000000E+00  .000000000E+00
  .000000000E+00  .000000000E+00  .000000000E+00  .000000000E+00  .000000000E+00
  .000000000E+00  .000000000E+00  .000000000E+00  .000000000E+00  .000000000E+00
  .000000000E+00  .000000000E+00  .000000000E+00  .000000000E+00  .000000000E+00
  .000000000E+00  .000000000E+00  .000000000E+00  .000000000E+00  .000000000E+00
  .000000000E+00  .000000000E+00  .000000000E+00  .000000000E+00  .000000000E+00
  .000000000E+00  .000000000E+00  .000000000E+00  .000000000E+00  .000000000E+00
  .000000000E+00  .000000000E+00  .000000000E+00  .000000000E+00  .000000000E+00
