C: s2p2                                 
  .414473867E-05  .421150115E-05  .427933885E-05  .434826910E-05  .441830947E-05
  .448947785E-05  .456179240E-05  .463527157E-05  .470993411E-05  .478579908E-05
  .486288584E-05  .494121405E-05  .502080371E-05  .510167513E-05  .518384894E-05
  .526734611E-05  .535218796E-05  .543839612E-05  .552599260E-05  .561499974E-05
  .570544027E-05  .579733725E-05  .589071414E-05  .598559476E-05  .608200332E-05
  .617996442E-05  .627950305E-05  .638064461E-05  .648341491E-05  .658784017E-05
  .669394702E-05  .680176255E-05  .691131426E-05  .702263009E-05  .713573845E-05
  .725066820E-05  .736744866E-05  .748610961E-05  .760668133E-05  .772919458E-05
  .785368061E-05  .798017118E-05  .810869856E-05  .823929554E-05  .837199543E-05
  .850683207E-05  .864383987E-05  .878305378E-05  .892450930E-05  .906824252E-05
  .921429009E-05  .936268928E-05  .951347794E-05  .966669451E-05  .982237810E-05
  .998056839E-05  .101413057E-04  .103046312E-04  .104705863E-04  .106392134E-04
  .108105556E-04  .109846566E-04  .111615607E-04  .113413130E-04  .115239594E-04
  .117095466E-04  .118981217E-04  .120897329E-04  .122844291E-04  .124822599E-04
  .126832757E-04  .128875278E-04  .130950684E-04  .133059502E-04  .135202272E-04
  .137379538E-04  .139591857E-04  .141839793E-04  .144123918E-04  .146444815E-04
  .148803075E-04  .151199301E-04  .153634102E-04  .156108100E-04  .158621926E-04
  .161176219E-04  .163771632E-04  .166408826E-04  .169088473E-04  .171811257E-04
  .174577871E-04  .177389020E-04  .180245422E-04  .183147804E-04  .186096907E-04
  .189093481E-04  .192138291E-04  .195232113E-04  .198375734E-04  .201569958E-04
  .204815596E-04  .208113478E-04  .211464442E-04  .214869344E-04  .218329051E-04
  .221844444E-04  .225416420E-04  .229045888E-04  .232733774E-04  .236481017E-04
  .240288572E-04  .244157409E-04  .248088514E-04  .252082889E-04  .256141551E-04
  .260265535E-04  .264455891E-04  .268713687E-04  .273040007E-04  .277435954E-04
  .281902647E-04  .286441225E-04  .291052843E-04  .295738677E-04  .300499919E-04
  .305337784E-04  .310253502E-04  .315248326E-04  .320323529E-04  .325480403E-04
  .330720260E-04  .336044437E-04  .341454289E-04  .346951193E-04  .352536550E-04
  .358211781E-04  .363978332E-04  .369837672E-04  .375791292E-04  .381840708E-04
  .387987461E-04  .394233116E-04  .400579263E-04  .407027518E-04  .413579522E-04
  .420236943E-04  .427001476E-04  .433874844E-04  .440858796E-04  .447955110E-04
  .455165593E-04  .462492078E-04  .469936433E-04  .477500550E-04  .485186356E-04
  .492995807E-04  .500930890E-04  .508993624E-04  .517186062E-04  .525510288E-04
  .533968421E-04  .542562612E-04  .551295049E-04  .560167953E-04  .569183583E-04
  .578344232E-04  .587652230E-04  .597109946E-04  .606719785E-04  .616484193E-04
  .626405653E-04  .636486690E-04  .646729867E-04  .657137790E-04  .667713105E-04
  .678458504E-04  .689376718E-04  .700470525E-04  .711742745E-04  .723196245E-04
  .734833938E-04  .746658783E-04  .758673787E-04  .770882004E-04  .783286539E-04
  .795890546E-04  .808697227E-04  .821709841E-04  .834931694E-04  .848366147E-04
  .862016615E-04  .875886569E-04  .889979532E-04  .904299088E-04  .918848875E-04
  .933632592E-04  .948653994E-04  .963916899E-04  .979425186E-04  .995182795E-04
  .101119373E-03  .102746206E-03  .104399191E-03  .106078749E-03  .107785307E-03
  .109519297E-03  .111281160E-03  .113071344E-03  .114890304E-03  .116738501E-03
  .118616405E-03  .120524492E-03  .122463248E-03  .124433164E-03  .126434740E-03
  .128468486E-03  .130534917E-03  .132634558E-03  .134767941E-03  .136935609E-03
  .139138112E-03  .141376008E-03  .143649866E-03  .145960262E-03  .148307784E-03
  .150693027E-03  .153116595E-03  .155579105E-03  .158081180E-03  .160623456E-03
  .163206578E-03  .165831201E-03  .168497990E-03  .171207622E-03  .173960784E-03
  .176758176E-03  .179600505E-03  .182488493E-03  .185422872E-03  .188404386E-03
  .191433792E-03  .194511856E-03  .197639360E-03  .200817097E-03  .204045871E-03
  .207326501E-03  .210659819E-03  .214046670E-03  .217487911E-03  .220984415E-03
  .224537067E-03  .228146769E-03  .231814433E-03  .235540990E-03  .239327383E-03
  .243174572E-03  .247083531E-03  .251055249E-03  .255090733E-03  .259191005E-03
  .263357102E-03  .267590080E-03  .271891010E-03  .276260981E-03  .280701099E-03
  .285212487E-03  .289796289E-03  .294453663E-03  .299185789E-03  .303993863E-03
  .308879103E-03  .313842744E-03  .318886041E-03  .324010271E-03  .329216730E-03
  .334506734E-03  .339881621E-03  .345342750E-03  .350891503E-03  .356529281E-03
  .362257511E-03  .368077640E-03  .373991139E-03  .379999504E-03  .386104251E-03
  .392306925E-03  .398609092E-03  .405012344E-03  .411518300E-03  .418128602E-03
  .424844920E-03  .431668950E-03  .438602417E-03  .445647070E-03  .452804687E-03
  .460077078E-03  .467466076E-03  .474973547E-03  .482601386E-03  .490351518E-03
  .498225898E-03  .506226514E-03  .514355383E-03  .522614557E-03  .531006118E-03
  .539532183E-03  .548194902E-03  .556996460E-03  .565939075E-03  .575025002E-03
  .584256531E-03  .593635990E-03  .603165741E-03  .612848187E-03  .622685766E-03
  .632680958E-03  .642836279E-03  .653154289E-03  .663637585E-03  .674288808E-03
  .685110639E-03  .696105803E-03  .707277067E-03  .718627243E-03  .730159189E-03
  .741875805E-03  .753780039E-03  .765874887E-03  .778163390E-03  .790648640E-03
  .803333776E-03  .816221988E-03  .829316516E-03  .842620651E-03  .856137739E-03
  .869871175E-03  .883824411E-03  .898000952E-03  .912404360E-03  .927038252E-03
  .941906305E-03  .957012250E-03  .972359881E-03  .987953052E-03  .100379567E-02
  .101989173E-02  .103624524E-02  .105286033E-02  .106974116E-02  .108689196E-02
  .110431704E-02  .112202075E-02  .114000755E-02  .115828194E-02  .117684850E-02
  .119571188E-02  .121487681E-02  .123434809E-02  .125413059E-02  .127422928E-02
  .129464917E-02  .131539540E-02  .133647314E-02  .135788768E-02  .137964436E-02
  .140174864E-02  .142420605E-02  .144702219E-02  .147020278E-02  .149375361E-02
  .151768056E-02  .154198963E-02  .156668687E-02  .159177847E-02  .161727068E-02
  .164316988E-02  .166948253E-02  .169621520E-02  .172337456E-02  .175096739E-02
  .177900058E-02  .180748111E-02  .183641610E-02  .186581275E-02  .189567839E-02
  .192602048E-02  .195684656E-02  .198816433E-02  .201998157E-02  .205230622E-02
  .208514633E-02  .211851007E-02  .215240574E-02  .218684178E-02  .222182676E-02
  .225736937E-02  .229347847E-02  .233016301E-02  .236743214E-02  .240529509E-02
  .244376129E-02  .248284029E-02  .252254179E-02  .256287565E-02  .260385189E-02
  .264548066E-02  .268777231E-02  .273073732E-02  .277438635E-02  .281873021E-02
  .286377990E-02  .290954659E-02  .295604161E-02  .300327648E-02  .305126290E-02
  .310001274E-02  .314953807E-02  .319985115E-02  .325096442E-02  .330289052E-02
  .335564229E-02  .340923277E-02  .346367520E-02  .351898303E-02  .357516992E-02
  .363224974E-02  .369023659E-02  .374914477E-02  .380898881E-02  .386978347E-02
  .393154374E-02  .399428485E-02  .405802226E-02  .412277166E-02  .418854899E-02
  .425537047E-02  .432325252E-02  .439221185E-02  .446226543E-02  .453343047E-02
  .460572448E-02  .467916521E-02  .475377070E-02  .482955929E-02  .490654956E-02
  .498476043E-02  .506421107E-02  .514492097E-02  .522690992E-02  .531019801E-02
  .539480565E-02  .548075356E-02  .556806278E-02  .565675469E-02  .574685097E-02
  .583837368E-02  .593134518E-02  .602578819E-02  .612172579E-02  .621918142E-02
  .631817885E-02  .641874225E-02  .652089615E-02  .662466547E-02  .673007550E-02
  .683715192E-02  .694592081E-02  .705640866E-02  .716864235E-02  .728264920E-02
  .739845693E-02  .751609368E-02  .763558805E-02  .775696905E-02  .788026615E-02
  .800550929E-02  .813272884E-02  .826195564E-02  .839322102E-02  .852655678E-02
  .866199522E-02  .879956910E-02  .893931173E-02  .908125689E-02  .922543889E-02
  .937189258E-02  .952065333E-02  .967175704E-02  .982524017E-02  .998113975E-02
  .101394933E-01  .103003391E-01  .104637158E-01  .106296627E-01  .107982198E-01
  .109694275E-01  .111433271E-01  .113199603E-01  .114993696E-01  .116815979E-01
  .118666890E-01  .120546873E-01  .122456378E-01  .124395862E-01  .126365790E-01
  .128366633E-01  .130398869E-01  .132462983E-01  .134559470E-01  .136688829E-01
  .138851568E-01  .141048202E-01  .143279256E-01  .145545261E-01  .147846756E-01
  .150184287E-01  .152558412E-01  .154969695E-01  .157418706E-01  .159906029E-01
  .162432252E-01  .164997975E-01  .167603805E-01  .170250359E-01  .172938263E-01
  .175668153E-01  .178440673E-01  .181256478E-01  .184116232E-01  .187020610E-01
  .189970296E-01  .192965985E-01  .196008382E-01  .199098201E-01  .202236170E-01
  .205423024E-01  .208659512E-01  .211946394E-01  .215284438E-01  .218674426E-01
  .222117152E-01  .225613421E-01  .229164050E-01  .232769867E-01  .236431714E-01
  .240150444E-01  .243926924E-01  .247762033E-01  .251656662E-01  .255611716E-01
  .259628115E-01  .263706789E-01  .267848685E-01  .272054761E-01  .276325992E-01
  .280663365E-01  .285067883E-01  .289540561E-01  .294082433E-01  .298694544E-01
  .303377957E-01  .308133749E-01  .312963013E-01  .317866860E-01  .322846413E-01
  .327902814E-01  .333037222E-01  .338250812E-01  .343544775E-01  .348920321E-01
  .354378675E-01  .359921084E-01  .365548808E-01  .371263128E-01  .377065344E-01
  .382956772E-01  .388938750E-01  .395012633E-01  .401179796E-01  .407441633E-01
  .413799560E-01  .420255012E-01  .426809443E-01  .433464331E-01  .440221172E-01
  .447081485E-01  .454046809E-01  .461118707E-01  .468298763E-01  .475588583E-01
  .482989797E-01  .490504056E-01  .498133036E-01  .505878436E-01  .513741979E-01
  .521725413E-01  .529830508E-01  .538059062E-01  .546412897E-01  .554893859E-01
  .563503821E-01  .572244682E-01  .581118369E-01  .590126833E-01  .599272053E-01
  .608556037E-01  .617980819E-01  .627548461E-01  .637261056E-01  .647120723E-01
  .657129611E-01  .667289899E-01  .677603795E-01  .688073540E-01  .698701401E-01
  .709489680E-01  .720440709E-01  .731556852E-01  .742840503E-01  .754294093E-01
  .765920080E-01  .777720962E-01  .789699265E-01  .801857551E-01  .814198419E-01
  .826724498E-01  .839438457E-01  .852342998E-01  .865440859E-01  .878734817E-01
  .892227682E-01  .905922306E-01  .919821574E-01  .933928414E-01  .948245788E-01
  .962776702E-01  .977524196E-01  .992491354E-01  .100768130E+00  .102309720E+00
  .103874225E+00  .105461971E+00  .107073286E+00  .108708503E+00  .110367961E+00
  .112052000E+00  .113760968E+00  .115495214E+00  .117255095E+00  .119040969E+00
  .120853201E+00  .122692161E+00  .124558221E+00  .126451761E+00  .128373162E+00
  .130322815E+00  .132301110E+00  .134308447E+00  .136345227E+00  .138411859E+00
  .140508756E+00  .142636335E+00  .144795020E+00  .146985239E+00  .149207425E+00
  .151462019E+00  .153749463E+00  .156070209E+00  .158424710E+00  .160813429E+00
  .163236830E+00  .165695387E+00  .168189576E+00  .170719882E+00  .173286792E+00
  .175890803E+00  .178532414E+00  .181212132E+00  .183930471E+00  .186687948E+00
  .189485088E+00  .192322422E+00  .195200487E+00  .198119827E+00  .201080990E+00
  .204084532E+00  .207131016E+00  .210221009E+00  .213355087E+00  .216533831E+00
  .219757829E+00  .223027675E+00  .226343970E+00  .229707322E+00  .233118346E+00
  .236577663E+00  .240085900E+00  .243643694E+00  .247251684E+00  .250910520E+00
  .254620858E+00  .258383360E+00  .262198695E+00  .266067541E+00  .269990581E+00
  .273968507E+00  .278002015E+00  .282091813E+00  .286238611E+00  .290443131E+00
  .294706100E+00  .299028251E+00  .303410327E+00  .307853077E+00  .312357258E+00
  .316923634E+00  .321552976E+00  .326246065E+00  .331003686E+00  .335826635E+00
  .340715711E+00  .345671726E+00  .350695495E+00  .355787844E+00  .360949604E+00
  .366181615E+00  .371484725E+00  .376859788E+00  .382307667E+00  .387829233E+00
  .393425363E+00  .399096943E+00  .404844866E+00  .410670032E+00  .416573350E+00
  .422555736E+00  .428618114E+00  .434761414E+00  .440986574E+00  .447294542E+00
  .453686271E+00  .460162721E+00  .466724861E+00  .473373668E+00  .480110123E+00
  .486935218E+00  .493849950E+00  .500855324E+00  .507952352E+00  .515142054E+00
  .522425456E+00  .529803590E+00  .537277498E+00  .544848225E+00  .552516826E+00
  .560284360E+00  .568151895E+00  .576120505E+00  .584191269E+00  .592365273E+00
  .600643609E+00  .609027377E+00  .617517680E+00  .626115629E+00  .634822339E+00
  .643638934E+00  .652566539E+00  .661606287E+00  .670759316E+00  .680026769E+00
  .689409794E+00  .698909542E+00  .708527170E+00  .718263841E+00  .728120720E+00
  .738098976E+00  .748199781E+00  .758424315E+00  .768773757E+00  .779249291E+00
  .789852102E+00  .800583382E+00  .811444322E+00  .822436115E+00  .833559958E+00
  .844817050E+00  .856208589E+00  .867735777E+00  .879399814E+00  .891201905E+00
  .903143250E+00  .915225054E+00  .927448518E+00  .939814845E+00  .952325234E+00
  .964980888E+00  .977783002E+00  .990732774E+00  .100383140E+01  .101708006E+01
  .103047996E+01  .104403227E+01  .105773818E+01  .107159885E+01  .108561548E+01
  .109978921E+01  .111412121E+01  .112861263E+01  .114326463E+01  .115807834E+01
  .117305490E+01  .118819543E+01  .120350104E+01  .121897286E+01  .123461196E+01
  .125041945E+01  .126639640E+01  .128254387E+01  .129886292E+01  .131535458E+01
  .133201990E+01  .134885987E+01  .136587551E+01  .138306779E+01  .140043769E+01
  .141798615E+01  .143571413E+01  .145362252E+01  .147171224E+01  .148998416E+01
  .150843914E+01  .152707804E+01  .154590165E+01  .156491079E+01  .158410622E+01
  .160348869E+01  .162305894E+01  .164281766E+01  .166276552E+01  .168290318E+01
  .170323124E+01  .172375032E+01  .174446095E+01  .176536369E+01  .178645901E+01
  .180774740E+01  .182922928E+01  .185090506E+01  .187277509E+01  .189483971E+01
  .191709921E+01  .193955384E+01  .196220381E+01  .198504931E+01  .200809045E+01
  .203132734E+01  .205476001E+01  .207838847E+01  .210221269E+01  .212623256E+01
  .215044796E+01  .217485869E+01  .219946453E+01  .222426519E+01  .224926033E+01
  .227444956E+01  .229983243E+01  .232540845E+01  .235117705E+01  .237713763E+01
  .240328951E+01  .242963196E+01  .245616417E+01  .248288530E+01  .250979442E+01
  .253689056E+01  .256417264E+01  .259163956E+01  .261929013E+01  .264712310E+01
  .267513712E+01  .270333082E+01  .273170270E+01  .276025122E+01  .278897476E+01
  .281787163E+01  .284694003E+01  .287617812E+01  .290558395E+01  .293515550E+01
  .296489068E+01  .299478729E+01  .302484306E+01  .305505565E+01  .308542258E+01
  .311594135E+01  .314660930E+01  .317742375E+01  .320838187E+01  .323948078E+01
  .327071746E+01  .330208884E+01  .333359172E+01  .336522283E+01  .339697877E+01
  .342885609E+01  .346085118E+01  .349296038E+01  .352517989E+01  .355750583E+01
  .358993421E+01  .362246093E+01  .365508180E+01  .368779251E+01  .372058864E+01
  .375346568E+01  .378641900E+01  .381944386E+01  .385253540E+01  .388568869E+01
  .391889865E+01  .395216010E+01  .398546776E+01  .401881623E+01  .405219998E+01
  .408561341E+01  .411905078E+01  .415250623E+01  .418597381E+01  .421944745E+01
  .425292095E+01  .428638802E+01  .431984225E+01  .435327713E+01  .438668601E+01
  .442006215E+01  .445339870E+01  .448668869E+01  .451992503E+01  .455310056E+01
  .458620797E+01  .461923986E+01  .465218872E+01  .468504695E+01  .471780681E+01
  .475046049E+01  .478300005E+01  .481541749E+01  .484770465E+01  .487985333E+01
  .491185519E+01  .494370183E+01  .497538472E+01  .500689527E+01  .503822477E+01
  .506936447E+01  .510030546E+01  .513103884E+01  .516155554E+01  .519184647E+01
  .522190243E+01  .525171418E+01  .528127238E+01  .531056763E+01  .533959047E+01
  .536833138E+01  .539678077E+01  .542492902E+01  .545276641E+01  .548028323E+01
  .550746967E+01  .553431594E+01  .556081215E+01  .558694843E+01  .561271483E+01
  .563810143E+01  .566309823E+01  .568769528E+01  .571188256E+01  .573565008E+01
  .575898782E+01  .578188580E+01  .580433400E+01  .582632246E+01  .584784120E+01
  .586888029E+01  .588942980E+01  .590947989E+01  .592902067E+01  .594804239E+01
  .596653529E+01  .598448969E+01  .600189596E+01  .601874456E+01  .603502600E+01
  .605073091E+01  .606584995E+01  .608037395E+01  .609429375E+01  .610760038E+01
  .612028494E+01  .613233867E+01  .614375290E+01  .615451917E+01  .616462907E+01
  .617407442E+01  .618284713E+01  .619093934E+01  .619834327E+01  .620505141E+01
  .621105636E+01  .621635098E+01  .622092825E+01  .622478143E+01  .622790393E+01
  .623028944E+01  .623193180E+01  .623282519E+01  .623296391E+01  .623234261E+01
  .623095612E+01  .622879962E+01  .622586844E+01  .622215831E+01  .621766514E+01
  .621238523E+01  .620631507E+01  .619945154E+01  .619179178E+01  .618333329E+01
  .617407383E+01  .616401158E+01  .615314494E+01  .614147277E+01  .612899418E+01
  .611570871E+01  .610161619E+01  .608671690E+01  .607101138E+01  .605450065E+01
  .603718602E+01  .601906927E+01  .600015249E+01  .598043823E+01  .595992937E+01
  .593862927E+01  .591654161E+01  .589367055E+01  .587002059E+01  .584559675E+01
  .582040432E+01  .579444916E+01  .576773741E+01  .574027577E+01  .571207124E+01
  .568313133E+01  .565346391E+01  .562307737E+01  .559198039E+01  .556018222E+01
  .552769240E+01  .549452104E+01  .546067850E+01  .542617574E+01  .539102398E+01
  .535523500E+01  .531882085E+01  .528179413E+01  .524416772E+01  .520595504E+01
  .516716975E+01  .512782606E+01  .508793842E+01  .504752183E+01  .500659149E+01
  .496516313E+01  .492325271E+01  .488087668E+01  .483805169E+01  .479479489E+01
  .475112361E+01  .470705565E+01  .466260900E+01  .461780206E+01  .457265342E+01
  .452718208E+01  .448140718E+01  .443534825E+01  .438902496E+01  .434245734E+01
  .429566550E+01  .424866993E+01  .420149117E+01  .415415010E+01  .410666760E+01
  .405906491E+01  .401136321E+01  .396358403E+01  .391574881E+01  .386787927E+01
  .381999706E+01  .377212407E+01  .372428207E+01  .367649304E+01  .362877883E+01
  .358116145E+01  .353366273E+01  .348630466E+01  .343910902E+01  .339209765E+01
  .334529224E+01  .329871443E+01  .325238573E+01  .320632752E+01  .316056105E+01
  .311510738E+01  .306998742E+01  .302522186E+01  .298083117E+01  .293683562E+01
  .289325520E+01  .285010965E+01  .280741841E+01  .276520065E+01  .272347517E+01
  .268226051E+01  .264157481E+01  .260143586E+01  .256186106E+01  .252286745E+01
  .248447161E+01  .244668975E+01  .240953760E+01  .237303047E+01  .233718317E+01
  .230201008E+01  .226752503E+01  .223374142E+01  .220067208E+01  .216832935E+01
  .213672501E+01  .210587033E+01  .207577600E+01  .204645216E+01  .201790839E+01
  .199015369E+01  .196319647E+01  .193704455E+01  .191170518E+01  .188718499E+01
  .186349002E+01  .184062569E+01  .181859683E+01  .179740765E+01  .177706175E+01
  .175756211E+01  .173891111E+01  .172111050E+01  .170416143E+01  .168806443E+01
  .167281942E+01  .165842572E+01  .164488200E+01  .163218640E+01  .162033636E+01
  .160932881E+01  .159916002E+01  .158982568E+01  .158132088E+01  .157364015E+01
  .156677736E+01  .156072588E+01  .155547842E+01  .155102715E+01  .154736363E+01
  .154447888E+01  .154236329E+01  .154100674E+01  .154039846E+01  .154052720E+01
  .154138106E+01  .154294764E+01  .154521395E+01  .154816647E+01  .155179111E+01
  .155607329E+01  .156099784E+01  .156654917E+01  .157271109E+01  .157946701E+01
  .158679984E+01  .159469206E+01  .160312571E+01  .161208248E+01  .162154361E+01
  .163149008E+01  .164190246E+01  .165276109E+01  .166404599E+01  .167573697E+01
  .168781357E+01  .170025517E+01  .171304092E+01  .172614988E+01  .173956090E+01
  .175325276E+01  .176720412E+01  .178139358E+01  .179579966E+01  .181040085E+01
  .182517562E+01  .184010245E+01  .185515979E+01  .187032617E+01  .188558014E+01
  .190090034E+01  .191626544E+01  .193165429E+01  .194704579E+01  .196241900E+01
  .197775313E+01  .199302757E+01  .200822186E+01  .202331580E+01  .203828933E+01
  .205312272E+01  .206779640E+01  .208229114E+01  .209658797E+01  .211066821E+01
  .212451352E+01  .213810589E+01  .215142764E+01  .216446149E+01  .217719048E+01
  .218959812E+01  .220166825E+01  .221338518E+01  .222473363E+01  .223569877E+01
  .224626621E+01  .225642207E+01  .226615289E+01  .227544576E+01  .228428819E+01
  .229266828E+01  .230057458E+01  .230799621E+01  .231492277E+01  .232134446E+01
  .232725197E+01  .233263657E+01  .233749006E+01  .234180482E+01  .234557377E+01
  .234879043E+01  .235144883E+01  .235354364E+01  .235507003E+01  .235602381E+01
  .235640128E+01  .235619940E+01  .235541561E+01  .235404799E+01  .235209513E+01
  .234955623E+01  .234643099E+01  .234271973E+01  .233842325E+01  .233354294E+01
  .232808070E+01  .232203900E+01  .231542076E+01  .230822949E+01  .230046915E+01
  .229214425E+01  .228325974E+01  .227382109E+01  .226383421E+01  .225330548E+01
  .224224172E+01  .223065022E+01  .221853864E+01  .220591510E+01  .219278808E+01
  .217916650E+01  .216505959E+01  .215047699E+01  .213542866E+01  .211992492E+01
  .210397636E+01  .208759394E+01  .207078884E+01  .205357257E+01  .203595685E+01
  .201795372E+01  .199957535E+01  .198083420E+01  .196174289E+01  .194231425E+01
  .192256124E+01  .190249700E+01  .188213479E+01  .186148802E+01  .184057016E+01
  .181939481E+01  .179797559E+01  .177632627E+01  .175446055E+01  .173239226E+01
  .171013517E+01  .168770311E+01  .166510984E+01  .164236914E+01  .161949468E+01
  .159650017E+01  .157339916E+01  .155020517E+01  .152693158E+01  .150359172E+01
  .148019874E+01  .145676571E+01  .143330550E+01  .140983090E+01  .138635441E+01
  .136288852E+01  .133944534E+01  .131603701E+01  .129267521E+01  .126937166E+01
  .124613761E+01  .122298432E+01  .119992258E+01  .117696314E+01  .115411630E+01
  .113139231E+01  .110880093E+01  .108635187E+01  .106405434E+01  .104191751E+01
  .101995000E+01  .998160404E+00  .976556770E+00  .955147083E+00  .933938804E+00
  .912939313E+00  .892155459E+00  .871594013E+00  .851261209E+00  .831163198E+00
  .811305596E+00  .791693935E+00  .772333211E+00  .753228336E+00  .734383688E+00
  .715803563E+00  .697491725E+00  .679451860E+00  .661687126E+00  .644200608E+00
  .626994869E+00  .610072403E+00  .593435188E+00  .577085144E+00  .561023680E+00
  .545252155E+00  .529771427E+00  .514582315E+00  .499685145E+00  .485080215E+00
  .470767340E+00  .456746321E+00  .443016488E+00  .429577166E+00  .416427226E+00
  .403565519E+00  .390990566E+00  .378700712E+00  .366694102E+00  .354968692E+00
  .343522253E+00  .332352377E+00  .321456493E+00  .310831865E+00  .300475605E+00
  .290384682E+00  .280555926E+00  .270986040E+00  .261671604E+00  .252609087E+00
  .243794851E+00  .235225163E+00  .226896198E+00  .218804051E+00  .210944742E+00
  .203314224E+00  .195908392E+00  .188723087E+00  .181754107E+00  .174997209E+00
  .168448121E+00  .162102546E+00  .155956168E+00  .150004657E+00  .144243680E+00
  .138668901E+00  .133275989E+00  .128060625E+00  .123018505E+00  .118145344E+00
  .113436885E+00  .108888896E+00  .104497184E+00  .100257590E+00  .961659988E-01
  .922183388E-01  .884105879E-01  .847387754E-01  .811989850E-01  .777873575E-01
  .745000938E-01  .713334563E-01  .682837717E-01  .653474326E-01  .625208993E-01
  .598007009E-01  .571834374E-01  .546657802E-01  .522444734E-01  .499163347E-01
  .476782559E-01  .455272037E-01  .434602201E-01  .414744225E-01  .395670043E-01
  .377352347E-01  .359764590E-01  .342880982E-01  .326676491E-01  .311126841E-01
  .296208505E-01  .281898709E-01  .268175417E-01  .255017336E-01  .242403905E-01
  .230315286E-01  .218732360E-01  .207636716E-01  .197010639E-01  .186837096E-01
  .177099726E-01  .167782816E-01  .158871287E-01  .150350667E-01  .142207065E-01
  .134427148E-01  .126998103E-01  .119907608E-01  .113143797E-01  .106695222E-01
  .100550820E-01  .946998732E-02  .891319820E-02  .838370284E-02  .788051503E-02
  .740267167E-02  .694923069E-02  .651926946E-02  .611188355E-02  .572618586E-02
  .536130616E-02  .501639092E-02  .469060336E-02  .438312377E-02  .409314996E-02
  .381989778E-02  .356260180E-02  .332051591E-02  .309291397E-02  .287909038E-02
  .267836066E-02  .249006188E-02  .231355304E-02  .214821537E-02  .199345245E-02
  .184869041E-02  .171337781E-02  .158698561E-02  .146900699E-02  .135895704E-02
  .125637252E-02  .116081138E-02  .107185237E-02  .989094543E-03  .912156696E-03
  .840676835E-03  .774311564E-03  .712735480E-03  .655640541E-03  .602735434E-03
  .553744924E-03  .508409215E-03  .466483306E-03  .427736353E-03  .391951041E-03
  .358922964E-03  .328460019E-03  .300381813E-03  .274519086E-03  .250713153E-03
  .228815353E-03  .208686533E-03  .190196535E-03  .173223705E-03  .157654432E-03
  .143382688E-03  .130309602E-03  .118343043E-03  .107397226E-03  .973923347E-04
  .882541629E-04  .799137705E-04  .723071588E-04  .653749615E-04  .590621508E-04
  .533177591E-04  .480946163E-04  .433490998E-04  .390408994E-04  .351327949E-04
  .315904459E-04  .283821945E-04  .254788787E-04  .228536576E-04  .204818462E-04
  .183407614E-04  .164095762E-04  .146691843E-04  .131020720E-04  .116921998E-04
  .104248900E-04  .928672351E-05  .826544181E-05  .734985685E-05  .652976649E-05
  .579587587E-05  .513972441E-05  .455361791E-05  .403056552E-05  .356422138E-05
  .314883032E-05  .277917828E-05  .245054494E-05  .215866234E-05  .189967403E-05
  .167009962E-05  .146680122E-05  .128695200E-05  .112800848E-05  .987683963E-06
  .863924939E-06  .754889159E-06  .658925634E-06  .574556295E-06  .500459149E-06
  .435454409E-06  .378484518E-06  .328619983E-06  .285009025E-06  .246920096E-06
  .213678134E-06  .184699471E-06  .159466409E-06  .137520296E-06  .118455277E-06
  .101912631E-06  .875756839E-07  .751652108E-07  .644353067E-07  .551696747E-07
  .471782948E-07  .402944378E-07  .343719937E-07  .292830823E-07  .249159205E-07
  .211729209E-07  .179689983E-07  .152300646E-07  .128916914E-07  .108979243E-07
  .920023272E-08  .775658143E-08  .653061003E-08  .549090959E-08  .461038546E-08
  .386569688E-08  .323676484E-08  .270634041E-08  .225962678E-08  .188394869E-08
  .156846381E-08  .130391108E-08  .108239161E-08  .897178184E-09  .742549958E-09
  .613649145E-09  .506357004E-09  .417186697E-09  .343190838E-09  .281881870E-09
  .231163575E-09  .189272269E-09  .154726388E-09  .126283333E-09  .102902595E-09
  .837142917E-10  .679923694E-10  .551318144E-10  .446293066E-10  .360668237E-10
  .290977673E-10  .234352456E-10  .188421926E-10  .151230510E-10  .121167837E-10
  .969101183E-11  .773710575E-11  .616608273E-11  .490518375E-11  .389502270E-11
  .308721658E-11  .244241889E-11  .192869102E-11  .152015571E-11  .119588605E-11
  .938990469E-12  .735860542E-12  .575553947E-12  .449289149E-12  .350032464E-12
  .272161254E-12  .211189763E-12  .163546398E-12  .126393158E-12  .974795359E-13
  .750245571E-13  .576217254E-13  .441625946E-13  .337754405E-13  .257761551E-13
  .196290111E-13  .149153796E-13  .113088431E-13  .855543979E-14  .645801492E-14
  .486385347E-14  .365492761E-14  .274022359E-14  .204971814E-14  .152966084E-14
  .113888764E-14  .845946986E-15  .626864520E-15  .463408698E-15  .341748195E-15
  .251415109E-15  .184506251E-15  .135069337E-15  .986324357E-16  .718441349E-16
  .521990560E-16  .378290008E-16  .273444403E-16  .197145167E-16  .141764362E-16
  .101672307E-16  .727249994E-17  .518801118E-17  .369100662E-17  .261882229E-17
  .185299814E-17  .130750113E-17  .920020721E-18  .645552885E-18  .451684179E-18
  .315135148E-18  .219233904E-18  .152074857E-18  .105180632E-18  .725324844E-19
  .498697762E-19  .341853447E-19  .233630582E-19  .159182759E-19  .108125545E-19
  .732176505E-20  .494251086E-20  .332592858E-20  .223100550E-20  .149176256E-20
  .994257601E-21  .660521589E-21  .437373665E-21  .288658468E-21  .189876181E-21
  .124479990E-21  .813316798E-22  .529589361E-22  .343657758E-22  .222232937E-22
  .143210203E-22  .919624521E-23  .588444988E-23  .375186781E-23  .238354314E-23
  .150875850E-23  .951535414E-24  .597896335E-24  .374291205E-24  .233433474E-24
  .145035164E-24  .897691107E-25  .553491105E-25  .339946867E-25  .207976646E-25
  .126738211E-25  .769265568E-26  .465057722E-26  .280017574E-26  .167918090E-26
  .100283445E-26  .596439295E-27  .353259669E-27  .208352216E-27  .122366850E-27
  .715609740E-28  .416697227E-28  .241591618E-28  .139458457E-28  .801483034E-29
  .458579786E-29  .261210765E-29  .148117781E-29  .836079411E-30  .469781797E-30
  .262746632E-30  .146269681E-30  .810459634E-31  .446942844E-31  .245301153E-31
  .133985418E-31  .728297865E-32  .393946434E-32  .212043463E-32  .113567741E-32
  .605215636E-33  .320902338E-33  .169287778E-33  .888485947E-34  .463905872E-34
  .240960300E-34  .124502842E-34  .639901115E-35  .327135621E-35  .166343396E-35
  .841254294E-36  .423130297E-36  .211654251E-36  .105285050E-36  .520803512E-37
  .256170474E-37  .125288886E-37  .609262590E-38  .294567609E-38  .141590412E-38
  .676598125E-39  .321407028E-39  .151770363E-39  .712368686E-40  .332344104E-40
  .154104508E-40  .710175435E-41  .325250109E-41  .148029801E-41  .669482130E-42
  .300860385E-42  .134339924E-42  .595987254E-43  .262686753E-43  .115023363E-43
  .500331484E-44  .216187457E-44  .927856635E-45  .395535657E-45  .167463921E-45
  .704148098E-46  .294028898E-46  .121920068E-46  .501990259E-47  .205222912E-47
  .832994687E-48  .335675481E-48  .134286699E-48  .533282290E-49  .210216455E-49
  .822500273E-50  .319403302E-50  .123097938E-50  .470808181E-51  .178686891E-51
  .672930586E-52  .251449020E-52  .932190626E-53  .342852573E-53  .125092314E-53
  .452737738E-54  .162527942E-54  .578693671E-55  .204353617E-55  .715667948E-56
  .248579374E-56  .856445005E-57  .292890292E-57  .997941831E-58  .340216910E-58
  .119300156E-58  .451622632E-59  .214005152E-59  .161758476E-59  .000000000E+00
  .000000000E+00  .000000000E+00  .000000000E+00  .000000000E+00  .000000000E+00
  .000000000E+00  .000000000E+00  .000000000E+00  .000000000E+00  .000000000E+00
  .000000000E+00  .000000000E+00  .000000000E+00  .000000000E+00  .000000000E+00
  .000000000E+00  .000000000E+00  .000000000E+00  .000000000E+00  .000000000E+00
  .000000000E+00  .000000000E+00  .000000000E+00  .000000000E+00  .000000000E+00
  .000000000E+00  .000000000E+00  .000000000E+00  .000000000E+00  .000000000E+00
  .000000000E+00  .000000000E+00  .000000000E+00  .000000000E+00  .000000000E+00
  .000000000E+00  .000000000E+00  .000000000E+00  .000000000E+00  .000000000E+00
  .000000000E+00  .000000000E+00  .000000000E+00  .000000000E+00  .000000000E+00
  .000000000E+00  .000000000E+00  .000000000E+00  .000000000E+00  .000000000E+00
  .000000000E+00  .000000000E+00  .000000000E+00  .000000000E+00  .000000000E+00
  .000000000E+00  .000000000E+00  .000000000E+00  .000000000E+00  .000000000E+00
  .000000000E+00  .000000000E+00  .000000000E+00  .000000000E+00  .000000000E+00
  .000000000E+00  .000000000E+00  .000000000E+00  .000000000E+00  .000000000E+00
  .000000000E+00  .000000000E+00  .000000000E+00  .000000000E+00  .000000000E+00
  .000000000E+00  .000000000E+00  .000000000E+00  .000000000E+00  .000000000E+00
  .000000000E+00  .000000000E+00  .000000000E+00  .000000000E+00  .000000000E+00
  .000000000E+00  .000000000E+00  .000000000E+00  .000000000E+00  .000000000E+00
  .000000000E+00  .000000000E+00  .000000000E+00  .000000000E+00  .000000000E+00
  .000000000E+00  .000000000E+00  .000000000E+00  .000000000E+00  .000000000E+00
  .000000000E+00  .000000000E+00  .000000000E+00  .000000000E+00  .000000000E+00
  .000000000E+00  .000000000E+00  .000000000E+00  .000000000E+00  .000000000E+00
  .000000000E+00  .000000000E+00  .000000000E+00  .000000000E+00  .000000000E+00
  .000000000E+00  .000000000E+00  .000000000E+00  .000000000E+00  .000000000E+00
  .000000000E+00  .000000000E+00  .000000000E+00  .000000000E+00  .000000000E+00
  .000000000E+00  .000000000E+00  .000000000E+00  .000000000E+00  .000000000E+00
  .000000000E+00  .000000000E+00  .000000000E+00  .000000000E+00  .000000000E+00
  .000000000E+00  .000000000E+00  .000000000E+00  .000000000E+00  .000000000E+00
  .000000000E+00  .000000000E+00  .000000000E+00  .000000000E+00  .000000000E+00
  .000000000E+00  .000000000E+00  .000000000E+00  .000000000E+00  .000000000E+00
  .000000000E+00  .000000000E+00  .000000000E+00  .000000000E+00  .000000000E+00
  .000000000E+00  .000000000E+00  .000000000E+00  .000000000E+00  .000000000E+00
  .000000000E+00  .000000000E+00  .000000000E+00  .000000000E+00  .000000000E+00
  .000000000E+00  .000000000E+00  .000000000E+00  .000000000E+00  .000000000E+00
