Au: s1d10                               
   16  79.   .002000 196.96650 125.   .50E-04 .200  400F91 68.00000
   .7  1.0   0
  1.0   .0   .5-5881.4145 2.0000
  2.0   .0   .5-1038.7799 2.0000
  2.0  1.0  1.5 -899.1145 6.0000
  3.0   .0   .5 -245.4141 2.0000
  3.0  1.0  1.5 -204.8299 6.0000
  3.0  2.0  2.5 -161.524110.0000
  4.0   .0   .5  -53.2613 2.0000
  4.0  1.0  1.5  -39.9258 6.0000
  4.0  2.0  2.5  -23.899010.0000
  4.0  3.0  3.5   -6.014214.0000
  5.0   .0   .5   -7.9089 2.0000
  5.0  1.0  1.5   -4.3732 6.0000
  5.0  2.0  2.5    -.512510.0000
  6.0   .0   .5    -.4249 1.0000
  6.0  1.0  1.5    -.5000  .0000
  5.0  3.0  2.5    -.1000  .0000
