Hf: s1d3                                
  .221063707E+00  .224062847E+00  .227102395E+00  .230182891E+00  .233304879E+00
  .236468914E+00  .239675556E+00  .242925371E+00  .246218935E+00  .249556829E+00
  .252939646E+00  .256367981E+00  .259842440E+00  .263363638E+00  .266932194E+00
  .270548740E+00  .274213913E+00  .277928359E+00  .281692732E+00  .285507695E+00
  .289373921E+00  .293292089E+00  .297262889E+00  .301287018E+00  .305365185E+00
  .309498106E+00  .313686506E+00  .317931121E+00  .322232696E+00  .326591984E+00
  .331009750E+00  .335486767E+00  .340023821E+00  .344621705E+00  .349281224E+00
  .354003192E+00  .358788435E+00  .363637789E+00  .368552100E+00  .373532227E+00
  .378579039E+00  .383693415E+00  .388876246E+00  .394128436E+00  .399450899E+00
  .404844561E+00  .410310360E+00  .415849246E+00  .421462182E+00  .427150142E+00
  .432914114E+00  .438755097E+00  .444674103E+00  .450672159E+00  .456750303E+00
  .462909588E+00  .469151077E+00  .475475851E+00  .481885002E+00  .488379638E+00
  .494960877E+00  .501629857E+00  .508387726E+00  .515235649E+00  .522174803E+00
  .529206384E+00  .536331601E+00  .543551677E+00  .550867853E+00  .558281385E+00
  .565793543E+00  .573405616E+00  .581118907E+00  .588934737E+00  .596854442E+00
  .604879378E+00  .613010914E+00  .621250438E+00  .629599358E+00  .638059095E+00
  .646631091E+00  .655316806E+00  .664117718E+00  .673035321E+00  .682071132E+00
  .691226685E+00  .700503531E+00  .709903245E+00  .719427418E+00  .729077661E+00
  .738855608E+00  .748762911E+00  .758801242E+00  .768972295E+00  .779277786E+00
  .789719450E+00  .800299045E+00  .811018350E+00  .821879168E+00  .832883321E+00
  .844032656E+00  .855329043E+00  .866774372E+00  .878370560E+00  .890119546E+00
  .902023293E+00  .914083787E+00  .926303040E+00  .938683089E+00  .951225993E+00
  .963933839E+00  .976808739E+00  .989852831E+00  .100306828E+01  .101645727E+01
  .103002202E+01  .104376478E+01  .105768782E+01  .107179342E+01  .108608393E+01
  .110056170E+01  .111522910E+01  .113008855E+01  .114514249E+01  .116039339E+01
  .117584375E+01  .119149610E+01  .120735300E+01  .122341704E+01  .123969085E+01
  .125617707E+01  .127287839E+01  .128979753E+01  .130693724E+01  .132430030E+01
  .134188952E+01  .135970776E+01  .137775789E+01  .139604284E+01  .141456555E+01
  .143332901E+01  .145233624E+01  .147159030E+01  .149109428E+01  .151085130E+01
  .153086454E+01  .155113720E+01  .157167251E+01  .159247376E+01  .161354426E+01
  .163488736E+01  .165650646E+01  .167840499E+01  .170058642E+01  .172305426E+01
  .174581208E+01  .176886346E+01  .179221203E+01  .181586148E+01  .183981552E+01
  .186407792E+01  .188865247E+01  .191354304E+01  .193875350E+01  .196428780E+01
  .199014992E+01  .201634387E+01  .204287374E+01  .206974364E+01  .209695772E+01
  .212452022E+01  .215243537E+01  .218070748E+01  .220934091E+01  .223834006E+01
  .226770937E+01  .229745335E+01  .232757655E+01  .235808356E+01  .238897904E+01
  .242026768E+01  .245195424E+01  .248404352E+01  .251654039E+01  .254944974E+01
  .258277655E+01  .261652583E+01  .265070265E+01  .268531214E+01  .272035947E+01
  .275584990E+01  .279178870E+01  .282818123E+01  .286503289E+01  .290234915E+01
  .294013552E+01  .297839760E+01  .301714101E+01  .305637146E+01  .309609470E+01
  .313631655E+01  .317704289E+01  .321827966E+01  .326003285E+01  .330230853E+01
  .334511283E+01  .338845192E+01  .343233208E+01  .347675959E+01  .352174086E+01
  .356728231E+01  .361339047E+01  .366007189E+01  .370733322E+01  .375518117E+01
  .380362251E+01  .385266407E+01  .390231277E+01  .395257558E+01  .400345954E+01
  .405497177E+01  .410711944E+01  .415990981E+01  .421335020E+01  .426744799E+01
  .432221065E+01  .437764572E+01  .443376079E+01  .449056354E+01  .454806172E+01
  .460626315E+01  .466517573E+01  .472480741E+01  .478516625E+01  .484626034E+01
  .490809789E+01  .497068715E+01  .503403647E+01  .509815424E+01  .516304896E+01
  .522872920E+01  .529520358E+01  .536248083E+01  .543056974E+01  .549947917E+01
  .556921807E+01  .563979546E+01  .571122043E+01  .578350217E+01  .585664992E+01
  .593067301E+01  .600558086E+01  .608138295E+01  .615808884E+01  .623570817E+01
  .631425067E+01  .639372614E+01  .647414444E+01  .655551553E+01  .663784945E+01
  .672115631E+01  .680544630E+01  .689072968E+01  .697701680E+01  .706431808E+01
  .715264402E+01  .724200521E+01  .733241230E+01  .742387602E+01  .751640718E+01
  .761001668E+01  .770471547E+01  .780051460E+01  .789742518E+01  .799545842E+01
  .809462557E+01  .819493798E+01  .829640707E+01  .839904433E+01  .850286133E+01
  .860786971E+01  .871408118E+01  .882150753E+01  .893016061E+01  .904005235E+01
  .915119474E+01  .926359986E+01  .937727984E+01  .949224688E+01  .960851326E+01
  .972609132E+01  .984499345E+01  .996523213E+01  .100868199E+02  .102097693E+02
  .103340931E+02  .104598039E+02  .105869145E+02  .107154379E+02  .108453867E+02
  .109767741E+02  .111096129E+02  .112439163E+02  .113796974E+02  .115169693E+02
  .116557453E+02  .117960385E+02  .119378623E+02  .120812300E+02  .122261551E+02
  .123726509E+02  .125207309E+02  .126704086E+02  .128216975E+02  .129746113E+02
  .131291634E+02  .132853676E+02  .134432375E+02  .136027868E+02  .137640291E+02
  .139269782E+02  .140916479E+02  .142580518E+02  .144262037E+02  .145961175E+02
  .147678068E+02  .149412855E+02  .151165674E+02  .152936661E+02  .154725956E+02
  .156533695E+02  .158360017E+02  .160205058E+02  .162068955E+02  .163951847E+02
  .165853868E+02  .167775157E+02  .169715848E+02  .171676078E+02  .173655981E+02
  .175655694E+02  .177675350E+02  .179715083E+02  .181775026E+02  .183855312E+02
  .185956073E+02  .188077441E+02  .190219545E+02  .192382516E+02  .194566483E+02
  .196771574E+02  .198997915E+02  .201245633E+02  .203514853E+02  .205805699E+02
  .208118294E+02  .210452759E+02  .212809214E+02  .215187779E+02  .217588571E+02
  .220011706E+02  .222457300E+02  .224925464E+02  .227416311E+02  .229929950E+02
  .232466490E+02  .235026036E+02  .237608693E+02  .240214563E+02  .242843747E+02
  .245496342E+02  .248172445E+02  .250872149E+02  .253595547E+02  .256342726E+02
  .259113774E+02  .261908774E+02  .264727809E+02  .267570956E+02  .270438291E+02
  .273329889E+02  .276245817E+02  .279186145E+02  .282150934E+02  .285140247E+02
  .288154141E+02  .291192669E+02  .294255881E+02  .297343826E+02  .300456545E+02
  .303594078E+02  .306756462E+02  .309943726E+02  .313155900E+02  .316393006E+02
  .319655064E+02  .322942087E+02  .326254088E+02  .329591070E+02  .332953036E+02
  .336339981E+02  .339751897E+02  .343188770E+02  .346650583E+02  .350137309E+02
  .353648922E+02  .357185385E+02  .360746659E+02  .364332698E+02  .367943450E+02
  .371578858E+02  .375238859E+02  .378923382E+02  .382632353E+02  .386365688E+02
  .390123300E+02  .393905093E+02  .397710966E+02  .401540810E+02  .405394508E+02
  .409271939E+02  .413172973E+02  .417097473E+02  .421045294E+02  .425016285E+02
  .429010285E+02  .433027127E+02  .437066636E+02  .441128629E+02  .445212915E+02
  .449319292E+02  .453447555E+02  .457597485E+02  .461768859E+02  .465961441E+02
  .470174990E+02  .474409254E+02  .478663972E+02  .482938875E+02  .487233683E+02
  .491548108E+02  .495881852E+02  .500234606E+02  .504606055E+02  .508995870E+02
  .513403714E+02  .517829241E+02  .522272093E+02  .526731902E+02  .531208290E+02
  .535700869E+02  .540209241E+02  .544732995E+02  .549271711E+02  .553824959E+02
  .558392297E+02  .562973271E+02  .567567419E+02  .572174264E+02  .576793322E+02
  .581424094E+02  .586066072E+02  .590718736E+02  .595381555E+02  .600053986E+02
  .604735475E+02  .609425455E+02  .614123349E+02  .618828569E+02  .623540513E+02
  .628258570E+02  .632982115E+02  .637710513E+02  .642443116E+02  .647179265E+02
  .651918291E+02  .656659509E+02  .661402227E+02  .666145739E+02  .670889327E+02
  .675632264E+02  .680373808E+02  .685113209E+02  .689849704E+02  .694582518E+02
  .699310865E+02  .704033951E+02  .708750966E+02  .713461092E+02  .718163501E+02
  .722857353E+02  .727541796E+02  .732215971E+02  .736879006E+02  .741530020E+02
  .746168122E+02  .750792411E+02  .755401977E+02  .759995901E+02  .764573254E+02
  .769133097E+02  .773674486E+02  .778196464E+02  .782698071E+02  .787178334E+02
  .791636277E+02  .796070913E+02  .800481250E+02  .804866289E+02  .809225025E+02
  .813556446E+02  .817859536E+02  .822133272E+02  .826376629E+02  .830588573E+02
  .834768071E+02  .838914083E+02  .843025567E+02  .847101478E+02  .851140770E+02
  .855142393E+02  .859105299E+02  .863028436E+02  .866910753E+02  .870751201E+02
  .874548730E+02  .878302293E+02  .882010842E+02  .885673335E+02  .889288732E+02
  .892855998E+02  .896374101E+02  .899842015E+02  .903258719E+02  .906623201E+02
  .909934454E+02  .913191480E+02  .916393290E+02  .919538903E+02  .922627350E+02
  .925657673E+02  .928628924E+02  .931540170E+02  .934390489E+02  .937178976E+02
  .939904739E+02  .942566902E+02  .945164608E+02  .947697014E+02  .950163300E+02
  .952562661E+02  .954894316E+02  .957157503E+02  .959351483E+02  .961475540E+02
  .963528982E+02  .965511142E+02  .967421380E+02  .969259080E+02  .971023659E+02
  .972714556E+02  .974331247E+02  .975873233E+02  .977340050E+02  .978731265E+02
  .980046481E+02  .981285333E+02  .982447495E+02  .983532673E+02  .984540616E+02
  .985471107E+02  .986323972E+02  .987099076E+02  .987796326E+02  .988415671E+02
  .988957104E+02  .989420662E+02  .989806427E+02  .990114528E+02  .990345141E+02
  .990498490E+02  .990574847E+02  .990574534E+02  .990497925E+02  .990345443E+02
  .990117565E+02  .989814820E+02  .989437790E+02  .988987114E+02  .988463482E+02
  .987867644E+02  .987200403E+02  .986462620E+02  .985655214E+02  .984779162E+02
  .983835498E+02  .982825317E+02  .981749773E+02  .980610078E+02  .979407505E+02
  .978143388E+02  .976819122E+02  .975436160E+02  .973996020E+02  .972500276E+02
  .970950568E+02  .969348594E+02  .967696113E+02  .965994946E+02  .964246973E+02
  .962454136E+02  .960618436E+02  .958741933E+02  .956826747E+02  .954875057E+02
  .952889098E+02  .950871165E+02  .948823608E+02  .946748832E+02  .944649299E+02
  .942527523E+02  .940386071E+02  .938227564E+02  .936054670E+02  .933870110E+02
  .931676649E+02  .929477103E+02  .927274328E+02  .925071226E+02  .922870741E+02
  .920675856E+02  .918489592E+02  .916315005E+02  .914155187E+02  .912013259E+02
  .909892374E+02  .907795712E+02  .905726477E+02  .903687894E+02  .901683211E+02
  .899715690E+02  .897788610E+02  .895905260E+02  .894068937E+02  .892282946E+02
  .890550593E+02  .888875182E+02  .887260016E+02  .885708388E+02  .884223584E+02
  .882808872E+02  .881467505E+02  .880202714E+02  .879017705E+02  .877915656E+02
  .876899712E+02  .875972982E+02  .875138535E+02  .874399395E+02  .873758540E+02
  .873218893E+02  .872783322E+02  .872454636E+02  .872235577E+02  .872128819E+02
  .872136964E+02  .872262535E+02  .872507976E+02  .872875643E+02  .873367802E+02
  .873986626E+02  .874734189E+02  .875612462E+02  .876623310E+02  .877768486E+02
  .879049626E+02  .880468251E+02  .882025754E+02  .883723403E+02  .885562334E+02
  .887543548E+02  .889667906E+02  .891936127E+02  .894348783E+02  .896906296E+02
  .899608935E+02  .902456811E+02  .905449877E+02  .908587921E+02  .911870565E+02
  .915297264E+02  .918867301E+02  .922579782E+02  .926433642E+02  .930427633E+02
  .934560328E+02  .938830121E+02  .943235217E+02  .947773639E+02  .952443225E+02
  .957241622E+02  .962166294E+02  .967214513E+02  .972383364E+02  .977669743E+02
  .983070360E+02  .988581734E+02  .994200201E+02  .999921908E+02  .100574282E+03
  .101165872E+03  .101766521E+03  .102375772E+03  .102993148E+03  .103618158E+03
  .104250292E+03  .104889025E+03  .105533813E+03  .106184100E+03  .106839311E+03
  .107498859E+03  .108162140E+03  .108828539E+03  .109497426E+03  .110168159E+03
  .110840084E+03  .111512535E+03  .112184836E+03  .112856302E+03  .113526238E+03
  .114193940E+03  .114858697E+03  .115519794E+03  .116176507E+03  .116828107E+03
  .117473866E+03  .118113047E+03  .118744914E+03  .119368732E+03  .119983764E+03
  .120589274E+03  .121184530E+03  .121768802E+03  .122341366E+03  .122901503E+03
  .123448501E+03  .123981658E+03  .124500277E+03  .125003677E+03  .125491185E+03
  .125962142E+03  .126415904E+03  .126851841E+03  .127269342E+03  .127667811E+03
  .128046672E+03  .128405372E+03  .128743376E+03  .129060174E+03  .129355279E+03
  .129628229E+03  .129878589E+03  .130105950E+03  .130309934E+03  .130490190E+03
  .130646399E+03  .130778273E+03  .130885557E+03  .130968030E+03  .131025505E+03
  .131057831E+03  .131064891E+03  .131046608E+03  .131002941E+03  .130933886E+03
  .130839482E+03  .130719804E+03  .130574967E+03  .130405129E+03  .130210487E+03
  .129991279E+03  .129747784E+03  .129480324E+03  .129189262E+03  .128875001E+03
  .128537988E+03  .128178708E+03  .127797691E+03  .127395504E+03  .126972756E+03
  .126530096E+03  .126068212E+03  .125587831E+03  .125089715E+03  .124574667E+03
  .124043522E+03  .123497153E+03  .122936464E+03  .122362395E+03  .121775913E+03
  .121178018E+03  .120569736E+03  .119952123E+03  .119326255E+03  .118693237E+03
  .118054191E+03  .117410260E+03  .116762606E+03  .116112404E+03  .115460844E+03
  .114809126E+03  .114158459E+03  .113510061E+03  .112865149E+03  .112224947E+03
  .111590675E+03  .110963550E+03  .110344783E+03  .109735577E+03  .109137123E+03
  .108550598E+03  .107977163E+03  .107417958E+03  .106874103E+03  .106346692E+03
  .105836791E+03  .105345435E+03  .104873628E+03  .104422338E+03  .103992492E+03
  .103584980E+03  .103200645E+03  .102840286E+03  .102504654E+03  .102194447E+03
  .101910313E+03  .101652841E+03  .101422567E+03  .101219964E+03  .101045445E+03
  .100899360E+03  .100781994E+03  .100693566E+03  .100634228E+03  .100604061E+03
  .100603076E+03  .100631215E+03  .100688347E+03  .100774266E+03  .100888696E+03
  .101031286E+03  .101201612E+03  .101399175E+03  .101623405E+03  .101873655E+03
  .102149209E+03  .102449278E+03  .102773002E+03  .103119453E+03  .103487631E+03
  .103876473E+03  .104284849E+03  .104711566E+03  .105155372E+03  .105614953E+03
  .106088941E+03  .106575914E+03  .107074399E+03  .107582875E+03  .108099779E+03
  .108623503E+03  .109152403E+03  .109684803E+03  .110218993E+03  .110753241E+03
  .111285788E+03  .111814862E+03  .112338673E+03  .112855425E+03  .113363315E+03
  .113860539E+03  .114345299E+03  .114815806E+03  .115270283E+03  .115706972E+03
  .116124138E+03  .116520073E+03  .116893104E+03  .117241591E+03  .117563939E+03
  .117858598E+03  .118124069E+03  .118358908E+03  .118561731E+03  .118731218E+03
  .118866116E+03  .118965245E+03  .119027500E+03  .119051855E+03  .119037368E+03
  .118983182E+03  .118888530E+03  .118752735E+03  .118575218E+03  .118355494E+03
  .118093179E+03  .117787989E+03  .117439744E+03  .117048366E+03  .116613885E+03
  .116136434E+03  .115616256E+03  .115053696E+03  .114449210E+03  .113803359E+03
  .113116807E+03  .112390326E+03  .111624790E+03  .110821173E+03  .109980551E+03
  .109104096E+03  .108193076E+03  .107248849E+03  .106272864E+03  .105266655E+03
  .104231838E+03  .103170105E+03  .102083226E+03  .100973036E+03  .998414379E+02
  .986903917E+02  .975219137E+02  .963380694E+02  .951409675E+02  .939327558E+02
  .927156138E+02  .914917481E+02  .902633851E+02  .890327665E+02  .878021411E+02
  .865737604E+02  .853498708E+02  .841327086E+02  .829244924E+02  .817274180E+02
  .805436509E+02  .793753216E+02  .782245179E+02  .770932804E+02  .759835951E+02
  .748973893E+02  .738365245E+02  .728027923E+02  .717979080E+02  .708235072E+02
  .698811390E+02  .689722639E+02  .680982472E+02  .672603575E+02  .664597607E+02
  .656975188E+02  .649745853E+02  .642918039E+02  .636499047E+02  .630495037E+02
  .624911004E+02  .619750773E+02  .615016977E+02  .610711068E+02  .606833304E+02
  .603382759E+02  .600357324E+02  .597753724E+02  .595567526E+02  .593793159E+02
  .592423933E+02  .591452077E+02  .590868739E+02  .590664042E+02  .590827110E+02
  .591346108E+02  .592208279E+02  .593399992E+02  .594906785E+02  .596713412E+02
  .598803899E+02  .601161593E+02  .603769217E+02  .606608926E+02  .609662369E+02
  .612910743E+02  .616334858E+02  .619915191E+02  .623631969E+02  .627465188E+02
  .631394719E+02  .635400346E+02  .639461843E+02  .643559019E+02  .647671796E+02
  .651780252E+02  .655864694E+02  .659905703E+02  .663884204E+02  .667781501E+02
  .671579351E+02  .675259991E+02  .678806210E+02  .682201368E+02  .685429466E+02
  .688475161E+02  .691323825E+02  .693961561E+02  .696375251E+02  .698552568E+02
  .700482020E+02  .702152953E+02  .703555587E+02  .704681018E+02  .705521244E+02
  .706069160E+02  .706318579E+02  .706264224E+02  .705901736E+02  .705227663E+02
  .704239465E+02  .702935483E+02  .701314969E+02  .699378030E+02  .697125633E+02
  .694559575E+02  .691682472E+02  .688497725E+02  .685009502E+02  .681222695E+02
  .677142924E+02  .672776469E+02  .668130257E+02  .663211819E+02  .658029258E+02
  .652591217E+02  .646906831E+02  .640985702E+02  .634837845E+02  .628473669E+02
  .621903914E+02  .615139635E+02  .608192142E+02  .601072979E+02  .593793866E+02
  .586366682E+02  .578803403E+02  .571116092E+02  .563316831E+02  .555417720E+02
  .547430806E+02  .539368084E+02  .531241433E+02  .523062616E+02  .514843217E+02
  .506594645E+02  .498328077E+02  .490054461E+02  .481784461E+02  .473528468E+02
  .465296544E+02  .457098438E+02  .448943534E+02  .440840866E+02  .432799075E+02
  .424826425E+02  .416930760E+02  .409119528E+02  .401399739E+02  .393777994E+02
  .386260441E+02  .378852815E+02  .371560391E+02  .364388027E+02  .357340122E+02
  .350420660E+02  .343633178E+02  .336980801E+02  .330466216E+02  .324091712E+02
  .317859160E+02  .311770044E+02  .305825452E+02  .300026107E+02  .294372354E+02
  .288864201E+02  .283501303E+02  .278283004E+02  .273208322E+02  .268275994E+02
  .263484461E+02  .258831911E+02  .254316270E+02  .249935240E+02  .245686296E+02
  .241566718E+02  .237573591E+02  .233703840E+02  .229954225E+02  .226321380E+02
  .222801802E+02  .219391896E+02  .216087961E+02  .212886232E+02  .209782871E+02
  .206774001E+02  .203855703E+02  .201024043E+02  .198275074E+02  .195604858E+02
  .193009471E+02  .190485017E+02  .188027638E+02  .185633518E+02  .183298916E+02
  .181020149E+02  .178793612E+02  .176615781E+02  .174483225E+02  .172392611E+02
  .170340709E+02  .168324401E+02  .166340679E+02  .164386644E+02  .162459546E+02
  .160556749E+02  .158675740E+02  .156814141E+02  .154969704E+02  .153140316E+02
  .151323994E+02  .149518892E+02  .147723298E+02  .145935631E+02  .144154443E+02
  .142378416E+02  .140606358E+02  .138837207E+02  .137070021E+02  .135303976E+02
  .133538374E+02  .131772626E+02  .130006254E+02  .128238887E+02  .126470253E+02
  .124700183E+02  .122928600E+02  .121155516E+02  .119381029E+02  .117605316E+02
  .115828631E+02  .114051299E+02  .112273709E+02  .110496314E+02  .108719623E+02
  .106944194E+02  .105170636E+02  .103399598E+02  .101631767E+02  .998678648E+01
  .981086396E+01  .963548662E+01  .946073386E+01  .928668676E+01  .911342756E+01
  .894103945E+01  .876960589E+01  .859921069E+01  .842993721E+01  .826186847E+01
  .809508643E+01  .792967209E+01  .776570484E+01  .760326259E+01  .744242112E+01
  .728325425E+01  .712583327E+01  .697022699E+01  .681650116E+01  .666471956E+01
  .651494110E+01  .636722433E+01  .622162130E+01  .607818405E+01  .593695790E+01
  .579798803E+01  .566131267E+01  .552696993E+01  .539499083E+01  .526540635E+01
  .513824023E+01  .501351626E+01  .489125101E+01  .477146119E+01  .465415628E+01
  .453934607E+01  .442703322E+01  .431722058E+01  .420990500E+01  .410508216E+01
  .400274297E+01  .390287708E+01  .380546952E+01  .371050436E+01  .361796118E+01
  .352781889E+01  .344005209E+01  .335463495E+01  .327153760E+01  .319072998E+01
  .311217820E+01  .303584847E+01  .296170305E+01  .288970528E+01  .281981475E+01
  .275199169E+01  .268619316E+01  .262237718E+01  .256049876E+01  .250051416E+01
  .244237684E+01  .238604174E+01  .233146122E+01  .227858937E+01  .222737786E+01
  .217778031E+01  .212974814E+01  .208323490E+01  .203819210E+01  .199457361E+01
  .195233088E+01  .191141892E+01  .187179038E+01  .183340067E+01  .179620349E+01
  .176015543E+01  .172521148E+01  .169132948E+01  .165846648E+01  .162658132E+01
  .159563296E+01  .156558203E+01  .153638932E+01  .150801738E+01  .148042899E+01
  .145358873E+01  .142746142E+01  .140201377E+01  .137721274E+01  .135302722E+01
  .132942632E+01  .130638115E+01  .128386303E+01  .126184529E+01  .124030144E+01
  .121920702E+01  .119853773E+01  .117827129E+01  .115838553E+01  .113886033E+01
  .111967561E+01  .110081332E+01  .108225543E+01  .106398587E+01  .104598857E+01
  .102824941E+01  .101075417E+01  .993490551E+00  .976446046E+00  .959610174E+00
  .942972167E+00  .926523094E+00  .910253754E+00  .894156738E+00  .878224293E+00
  .862450428E+00  .846828735E+00  .831354517E+00  .816022591E+00  .800829446E+00
  .785771022E+00  .770844875E+00  .756047941E+00  .741378739E+00  .726835105E+00
  .712416404E+00  .698121252E+00  .683949760E+00  .669901230E+00  .655976414E+00
  .642175191E+00  .628498856E+00  .614947781E+00  .601523708E+00  .588227401E+00
  .575060968E+00  .562025487E+00  .549123343E+00  .536355844E+00  .523725578E+00
  .511234018E+00  .498883879E+00  .486676723E+00  .474615335E+00  .462701311E+00
  .450937440E+00  .439325291E+00  .427867606E+00  .416565887E+00  .405422781E+00
  .394439667E+00  .383619060E+00  .372962188E+00  .362471395E+00  .352147714E+00
  .341993295E+00  .332008958E+00  .322196626E+00  .312556878E+00  .303091396E+00
  .293800508E+00  .284685633E+00  .275746830E+00  .266985251E+00  .258400683E+00
  .249993999E+00  .241764704E+00  .233713394E+00  .225839300E+00  .218142738E+00
  .210622656E+00  .203279100E+00  .196110755E+00  .189117396E+00  .182297442E+00
  .175650417E+00  .169174493E+00  .162868947E+00  .156731712E+00  .150761793E+00
  .144956955E+00  .139316025E+00  .133836513E+00  .128517054E+00  .123354977E+00
  .118348733E+00  .113495482E+00  .108793519E+00  .104239860E+00  .998326561E-01
  .955687945E-01  .914463084E-01  .874621455E-01  .836137729E-01  .798984826E-01
  .763135299E-01  .728561381E-01  .695235035E-01  .663127994E-01  .632211819E-01
  .602457933E-01  .573837673E-01  .546322329E-01  .519883187E-01  .494491571E-01
  .470118881E-01  .446736629E-01  .424316480E-01  .402830281E-01  .382250099E-01
  .362548251E-01  .343697333E-01  .325670251E-01  .308440244E-01  .291980912E-01
  .276266241E-01  .261270620E-01  .246968864E-01  .233336234E-01  .220348125E-01
  .207981078E-01  .196211771E-01  .185017382E-01  .174375606E-01  .164264658E-01
  .154663282E-01  .145550760E-01  .136906915E-01  .128712114E-01  .120947269E-01
  .113593845E-01  .106633849E-01  .100049839E-01  .938249164E-02  .879427251E-02
  .823874459E-02  .771437928E-02  .721970070E-02  .675328504E-02  .631375981E-02
  .589980313E-02  .551014283E-02  .514355558E-02  .479886594E-02  .447494540E-02
  .417071129E-02  .388512579E-02  .361719481E-02  .336596687E-02  .313053198E-02
  .291002048E-02  .270360189E-02  .251048370E-02  .232991026E-02  .216116154E-02
  .200355197E-02  .185642929E-02  .171917336E-02  .159119499E-02  .147193485E-02
  .136086228E-02  .125747421E-02  .116129406E-02  .107187065E-02  .988777158E-03
  .911610099E-03  .839988201E-03  .773551705E-03  .711961130E-03  .654896434E-03
  .602056107E-03  .553156297E-03  .507929952E-03  .466126003E-03  .427508562E-03
  .391856159E-03  .358960999E-03  .328628251E-03  .300675358E-03  .274931387E-03
  .251236389E-03  .229440798E-03  .209404850E-03  .190998027E-03  .174098531E-03
  .158592775E-03  .144374901E-03  .131346321E-03  .119415281E-03  .108496442E-03
  .985104895E-04  .893837549E-04  .810478616E-04  .734393878E-04  .664995483E-04
  .601738925E-04  .544120201E-04  .491673117E-04  .443966757E-04  .400603089E-04
  .361214714E-04  .325462752E-04  .293034845E-04  .263643295E-04  .237023299E-04
  .212931310E-04  .191143494E-04  .171454280E-04  .153675016E-04  .137632702E-04
  .123168811E-04  .110138189E-04  .984080258E-05  .878569025E-05  .783738974E-05
  .698577591E-05  .622161358E-05  .553648607E-05  .492272877E-05  .437336764E-05
  .388206220E-05  .344305273E-05  .305111151E-05  .270149768E-05  .238991565E-05
  .211247667E-05  .186566345E-05  .164629762E-05  .145150974E-05  .127871181E-05
  .112557206E-05  .989991770E-06  .870084204E-06  .764155267E-06  .670685949E-06
  .588316360E-06  .515831318E-06  .452147292E-06  .396300913E-06  .345045672E-06
  .300136210E-06  .260823352E-06  .226441981E-06  .196402103E-06  .170180808E-06
  .147315047E-06  .127395139E-06  .110058945E-06  .949866473E-07  .818960631E-07
  .705384511E-07  .606947591E-07  .521722682E-07  .448015949E-07  .384340152E-07
  .329390780E-07  .282024785E-07  .241241651E-07  .206166552E-07  .176035394E-07
  .150181527E-07  .128023972E-07  .109056978E-07  .928407924E-08  .789934896E-08
  .671837646E-08  .571245694E-08  .485675091E-08  .412979084E-08  .351304770E-08
  .299055027E-08  .254855156E-08  .217523676E-08  .186046804E-08  .159556194E-08
  .137309562E-08  .118673865E-08  .103110739E-08  .901639471E-09  .794486203E-09
  .706420946E-09  .634761938E-09  .577308275E-09  .532288060E-09  .498318016E-09
  .474374226E-09  .459773542E-09  .454167542E-09  .457547092E-09  .375675181E-09
  .307965448E-09  .252056967E-09  .205966713E-09  .168031749E-09  .136859813E-09
  .111287169E-09  .903426915E-10  .732173352E-10  .592382076E-10  .478466008E-10
  .385794030E-10  .310533994E-10  .249520356E-10  .200142769E-10  .160252485E-10
  .128083858E-10  .102188622E-10  .813809803E-11  .646917921E-11  .513304357E-11
  .406531109E-11  .321365458E-11  .253562275E-11  .199684119E-11  .156952852E-11
  .123127481E-11  .964037947E-12  .753320535E-12  .587496343E-12  .457260093E-12
  .355178962E-12  .275327724E-12  .212992520E-12  .164430856E-12  .126677548E-12
  .973881444E-13  .747128556E-13  .571952569E-13  .436910719E-13  .333031952E-13
  .253298185E-13  .192231085E-13  .145563621E-13  .109979578E-13  .829074242E-14
  .623575601E-14  .467941115E-14  .350341606E-14  .261687273E-14  .195009493E-14
  .144978296E-14  .107526641E-14  .795585230E-15  .587227671E-15  .432381437E-15
  .317584859E-15  .232689176E-15  .170062113E-15  .123978177E-15  .901530482E-16
  .653889297E-16  .473050775E-16  .341335930E-16  .245650640E-16  .176321916E-16
  .126222850E-16  .901163644E-17  .641643758E-17  .455616532E-17  .322634383E-17
  .227833668E-17  .160439599E-17  .112663151E-17  .788894735E-18  .550824379E-18
  .383490135E-18  .266214754E-18  .184262426E-18  .127162178E-18  .874954222E-19
  .600217308E-19  .410503658E-19  .279898340E-19  .190260110E-19  .128928392E-19
  .870947489E-20  .586498706E-20  .393697663E-20  .263431816E-20  .175700121E-20
  .116805443E-20  .773980363E-21  .511165110E-21  .336469213E-21  .220734750E-21
  .144319698E-21  .940368852E-22  .610627937E-22  .395138108E-22  .254802024E-22
  .163729279E-22  .104835182E-22  .668855937E-23  .425197266E-23  .269319680E-23
  .169962369E-23  .106864073E-23  .669409754E-24  .417754094E-24  .259719556E-24
  .160853546E-24  .992396802E-25  .609895433E-25  .373359481E-25  .227660205E-25
  .138267925E-25  .836404377E-26  .503915482E-26  .302365041E-26  .180685676E-26
  .107527572E-26  .637243605E-27  .376067782E-27  .220997372E-27  .129316413E-27
  .753443781E-28  .437082790E-28  .252450989E-28  .145169608E-28  .831082642E-29
  .473660418E-29  .268737780E-29  .151779582E-29  .853306581E-30  .477516021E-30
  .265978035E-30  .147455952E-30  .813619134E-31  .446792408E-31  .244174069E-31
  .132796194E-31  .718699124E-32  .387049883E-32  .207409145E-32  .110589184E-32
  .586683297E-33  .309658844E-33  .162605109E-33  .849450182E-34  .441445021E-34
  .228208660E-34  .117350804E-34  .600233158E-35  .305362164E-35  .154508726E-35
  .777525080E-36  .389117107E-36  .193656252E-36  .958403980E-37  .471641518E-37
  .230782076E-37  .112279090E-37  .543103282E-38  .261175550E-38  .124861575E-38
  .593404431E-39  .280335290E-39  .131640319E-39  .614417015E-40  .285022746E-40
  .131406374E-40  .602077575E-41  .274135881E-41  .124032317E-41  .557618706E-42
  .249087016E-42  .110548722E-42  .487441683E-43  .213518320E-43  .929112322E-44
  .401604681E-44  .172426284E-44  .735290285E-45  .311416166E-45  .130986509E-45
  .547130587E-46  .226939541E-46  .934672882E-47  .382221178E-47  .155185319E-47
  .625521504E-48  .250302005E-48  .994240443E-49  .392010657E-49  .153411461E-49
  .595861250E-50  .229685512E-50  .878611099E-51  .333509095E-51  .125614470E-51
  .469424234E-52  .174043510E-52  .640160795E-53  .233577726E-53  .845389540E-54
  .303484947E-54  .108054736E-54  .381547069E-55  .133604525E-55  .463910040E-56
  .159718984E-56  .545205000E-57  .184507392E-57  .618996572E-58  .205850959E-58
  .678542605E-59  .000000000E+00  .000000000E+00  .000000000E+00  .000000000E+00
  .000000000E+00  .000000000E+00  .000000000E+00  .000000000E+00  .000000000E+00
  .000000000E+00  .000000000E+00  .000000000E+00  .000000000E+00  .000000000E+00
  .000000000E+00  .000000000E+00  .000000000E+00  .000000000E+00  .000000000E+00
  .000000000E+00  .000000000E+00  .000000000E+00  .000000000E+00  .000000000E+00
  .000000000E+00  .000000000E+00  .000000000E+00  .000000000E+00  .000000000E+00
  .000000000E+00  .000000000E+00  .000000000E+00  .000000000E+00  .000000000E+00
  .000000000E+00  .000000000E+00  .000000000E+00  .000000000E+00  .000000000E+00
  .000000000E+00  .000000000E+00  .000000000E+00  .000000000E+00  .000000000E+00
  .000000000E+00  .000000000E+00  .000000000E+00  .000000000E+00  .000000000E+00
  .000000000E+00  .000000000E+00  .000000000E+00  .000000000E+00  .000000000E+00
  .000000000E+00  .000000000E+00  .000000000E+00  .000000000E+00  .000000000E+00
  .000000000E+00  .000000000E+00  .000000000E+00  .000000000E+00  .000000000E+00
  .000000000E+00  .000000000E+00  .000000000E+00  .000000000E+00  .000000000E+00
  .000000000E+00  .000000000E+00  .000000000E+00  .000000000E+00  .000000000E+00
  .000000000E+00  .000000000E+00  .000000000E+00  .000000000E+00  .000000000E+00
  .000000000E+00  .000000000E+00  .000000000E+00  .000000000E+00  .000000000E+00
  .000000000E+00  .000000000E+00  .000000000E+00  .000000000E+00  .000000000E+00
  .000000000E+00  .000000000E+00  .000000000E+00  .000000000E+00  .000000000E+00
  .000000000E+00  .000000000E+00  .000000000E+00  .000000000E+00  .000000000E+00
  .000000000E+00  .000000000E+00  .000000000E+00  .000000000E+00  .000000000E+00
  .000000000E+00  .000000000E+00  .000000000E+00  .000000000E+00  .000000000E+00
  .000000000E+00  .000000000E+00  .000000000E+00  .000000000E+00  .000000000E+00
  .000000000E+00  .000000000E+00  .000000000E+00  .000000000E+00  .000000000E+00
  .000000000E+00  .000000000E+00  .000000000E+00  .000000000E+00  .000000000E+00
  .000000000E+00  .000000000E+00  .000000000E+00  .000000000E+00  .000000000E+00
  .000000000E+00  .000000000E+00  .000000000E+00  .000000000E+00  .000000000E+00
  .000000000E+00  .000000000E+00  .000000000E+00  .000000000E+00  .000000000E+00
  .000000000E+00  .000000000E+00  .000000000E+00  .000000000E+00  .000000000E+00
  .000000000E+00  .000000000E+00  .000000000E+00  .000000000E+00  .000000000E+00
  .000000000E+00  .000000000E+00  .000000000E+00  .000000000E+00  .000000000E+00
  .000000000E+00  .000000000E+00  .000000000E+00  .000000000E+00  .000000000E+00
  .000000000E+00  .000000000E+00  .000000000E+00  .000000000E+00  .000000000E+00
  .000000000E+00  .000000000E+00  .000000000E+00  .000000000E+00  .000000000E+00
  .000000000E+00  .000000000E+00  .000000000E+00  .000000000E+00  .000000000E+00
  .000000000E+00  .000000000E+00  .000000000E+00  .000000000E+00  .000000000E+00
  .000000000E+00  .000000000E+00  .000000000E+00  .000000000E+00  .000000000E+00
  .000000000E+00  .000000000E+00  .000000000E+00  .000000000E+00  .000000000E+00
  .000000000E+00  .000000000E+00  .000000000E+00  .000000000E+00  .000000000E+00
  .000000000E+00  .000000000E+00  .000000000E+00  .000000000E+00  .000000000E+00
  .000000000E+00  .000000000E+00  .000000000E+00  .000000000E+00  .000000000E+00
  .000000000E+00  .000000000E+00  .000000000E+00  .000000000E+00  .000000000E+00
  .000000000E+00  .000000000E+00  .000000000E+00  .000000000E+00  .000000000E+00
  .000000000E+00  .000000000E+00  .000000000E+00  .000000000E+00  .000000000E+00
  .000000000E+00  .000000000E+00  .000000000E+00  .000000000E+00  .000000000E+00
  .000000000E+00  .000000000E+00  .000000000E+00  .000000000E+00  .000000000E+00
