Pd : s1 d9                              
   12  46.   .002000 106.42000 125.   .50E-05 .100  200FCA 36.00000
   .7  1.0   0
  1.0   .0   .5-1761.5171 2.0000
  2.0   .0   .5 -257.9015 2.0000
  2.0  1.0  1.5 -231.7505 6.0000
  3.0   .0   .5  -46.6977 2.0000
  3.0  1.0  1.5  -38.0485 6.0000
  3.0  2.0  2.5  -24.196610.0000
  4.0   .0   .5   -6.4877 2.0000
  4.0  1.0  1.5   -3.9976 6.0000
  4.0  2.0  2.5    -.5091 9.0000
  5.0   .0   .5    -.3403 1.0000
  5.0  1.0   .5    -.1000  .0000
  4.0  3.0  2.5    -.1000  .0000
