  PAW As                                 
 100
Core Pot   L  =         .00000  -1.07845
  -.20000000E+01  .51710271E+00
  -.19600000E+01  .48515843E+00
  -.19200000E+01  .45232193E+00
  -.18800000E+01  .41854257E+00
  -.18400000E+01  .38376567E+00
  -.18000000E+01  .34793212E+00
  -.17600000E+01  .31097792E+00
  -.17200000E+01  .27283368E+00
  -.16800000E+01  .23342399E+00
  -.16400000E+01  .19266680E+00
  -.16000000E+01  .15047265E+00
  -.15600000E+01  .10674380E+00
  -.15200000E+01  .61373272E-01
  -.14800000E+01  .14243698E-01
  -.14400000E+01 -.34773941E-01
  -.14000000E+01 -.85821824E-01
  -.13600000E+01 -.13905701E+00
  -.13200000E+01 -.19465344E+00
  -.12800000E+01 -.25280427E+00
  -.12400000E+01 -.31372460E+00
  -.12000000E+01 -.37765471E+00
  -.11600000E+01 -.44486383E+00
  -.11200000E+01 -.51565465E+00
  -.10800000E+01 -.59036870E+00
  -.10400000E+01 -.66939280E+00
  -.10000000E+01 -.75316681E+00
  -.96000000E+00 -.84219304E+00
  -.92000000E+00 -.93704781E+00
  -.88000000E+00 -.10383955E+01
  -.84000000E+00 -.11470063E+01
  -.80000000E+00 -.12637778E+01
  -.76000000E+00 -.13897626E+01
  -.72000000E+00 -.15262037E+01
  -.68000000E+00 -.16745788E+01
  -.64000000E+00 -.18366593E+01
  -.60000000E+00 -.20145866E+01
  -.56000000E+00 -.22109742E+01
  -.52000000E+00 -.24290452E+01
  -.48000000E+00 -.26728215E+01
  -.44000000E+00 -.29473875E+01
  -.40000000E+00 -.32592653E+01
  -.36000000E+00 -.36169625E+01
  -.32000000E+00 -.40317893E+01
  -.28000000E+00 -.45191165E+01
  -.24000000E+00 -.51003773E+01
  -.20000000E+00 -.58063839E+01
  -.16000000E+00 -.66830872E+01
  -.12000000E+00 -.78021773E+01
  -.80000000E-01 -.92820391E+01
  -.40000000E-01 -.11333167E+02
   .12351231E-14 -.14369382E+02
   .40000000E-01 -.19331489E+02
   .80000000E-01 -.28917960E+02
   .12000000E+00 -.55287022E+02
   .16000000E+00 -.45543307E+03
   .20000000E+00  .76083323E+02
   .24000000E+00  .35746558E+02
   .28000000E+00  .23619055E+02
   .32000000E+00  .17770608E+02
   .36000000E+00  .14324397E+02
   .40000000E+00  .12050360E+02
   .44000000E+00  .10435780E+02
   .48000000E+00  .92288998E+01
   .52000000E+00  .82916336E+01
   .56000000E+00  .75419208E+01
   .60000000E+00  .69279278E+01
   .64000000E+00  .64153043E+01
   .68000000E+00  .59803850E+01
   .72000000E+00  .56063346E+01
   .76000000E+00  .52808496E+01
   .80000000E+00  .49947295E+01
   .84000000E+00  .47409566E+01
   .88000000E+00  .45140847E+01
   .92000000E+00  .43098228E+01
   .96000000E+00  .41247436E+01
   .10000000E+01  .39560772E+01
   .10400000E+01  .38015603E+01
   .10800000E+01  .36593254E+01
   .11200000E+01  .35278179E+01
   .11600000E+01  .34057333E+01
   .12000000E+01  .32919687E+01
   .12400000E+01  .31855852E+01
   .12800000E+01  .30857785E+01
   .13200000E+01  .29918559E+01
   .13600000E+01  .29032171E+01
   .14000000E+01  .28193395E+01
   .14400000E+01  .27397659E+01
   .14800000E+01  .26640949E+01
   .15200000E+01  .25919719E+01
   .15600000E+01  .25230832E+01
   .16000000E+01  .24571499E+01
   .16400000E+01  .23939231E+01
   .16800000E+01  .23331801E+01
   .17200000E+01  .22747209E+01
   .17600000E+01  .22183657E+01
   .18000000E+01  .21639517E+01
   .18400000E+01  .21113320E+01
   .18800000E+01  .20603728E+01
   .19200000E+01  .20109528E+01
   .19600000E+01  .19629609E+01
   .20000000E+01  .19162960E+01
Potential  L  =         .00000  -1.07845
  -.20000000E+01  .66670865E+00
  -.19600000E+01  .63630111E+00
  -.19200000E+01  .60486578E+00
  -.18800000E+01  .57232455E+00
  -.18400000E+01  .53859085E+00
  -.18000000E+01  .50356819E+00
  -.17600000E+01  .46714914E+00
  -.17200000E+01  .42921343E+00
  -.16800000E+01  .38962595E+00
  -.16400000E+01  .34823451E+00
  -.16000000E+01  .30486684E+00
  -.15600000E+01  .25932750E+00
  -.15200000E+01  .21139339E+00
  -.14800000E+01  .16080895E+00
  -.14400000E+01  .10727989E+00
  -.14000000E+01  .50465648E-01
  -.13600000E+01 -.10030260E-01
  -.13200000E+01 -.74672127E-01
  -.12800000E+01 -.14400729E+00
  -.12400000E+01 -.21868558E+00
  -.12000000E+01 -.29948458E+00
  -.11600000E+01 -.38734267E+00
  -.11200000E+01 -.48340293E+00
  -.10800000E+01 -.58907228E+00
  -.10400000E+01 -.70610230E+00
  -.10000000E+01 -.83670181E+00
  -.96000000E+00 -.98369663E+00
  -.92000000E+00 -.11507613E+01
  -.88000000E+00 -.13427636E+01
  -.84000000E+00 -.15662926E+01
  -.80000000E+00 -.18304925E+01
  -.76000000E+00 -.21484352E+01
  -.72000000E+00 -.25394836E+01
  -.68000000E+00 -.30335934E+01
  -.64000000E+00 -.36797057E+01
  -.60000000E+00 -.45636220E+01
  -.56000000E+00 -.58507561E+01
  -.52000000E+00 -.79063645E+01
  -.48000000E+00 -.11727949E+02
  -.44000000E+00 -.21356864E+02
  -.40000000E+00 -.92840124E+02
  -.36000000E+00  .43081166E+02
  -.32000000E+00  .18050082E+02
  -.28000000E+00  .11623286E+02
  -.24000000E+00  .86717859E+01
  -.20000000E+00  .69720899E+01
  -.16000000E+00  .58640216E+01
  -.12000000E+00  .50821766E+01
  -.80000000E-01  .44992167E+01
  -.40000000E-01  .40464187E+01
   .12351231E-14  .36834328E+01
   .40000000E-01  .33850052E+01
   .80000000E-01  .31345231E+01
   .12000000E+00  .29206094E+01
   .16000000E+00  .27352102E+01
   .20000000E+00  .25724639E+01
   .24000000E+00  .24280021E+01
   .28000000E+00  .22985023E+01
   .32000000E+00  .21813926E+01
   .36000000E+00  .20746503E+01
   .40000000E+00  .19766626E+01
   .44000000E+00  .18861279E+01
   .48000000E+00  .18019833E+01
   .52000000E+00  .17233525E+01
   .56000000E+00  .16495061E+01
   .60000000E+00  .15798321E+01
   .64000000E+00  .15138127E+01
   .68000000E+00  .14510067E+01
   .72000000E+00  .13910357E+01
   .76000000E+00  .13335732E+01
   .80000000E+00  .12783355E+01
   .84000000E+00  .12250750E+01
   .88000000E+00  .11735743E+01
   .92000000E+00  .11236415E+01
   .96000000E+00  .10751066E+01
   .10000000E+01  .10278181E+01
   .10400000E+01  .98164021E+00
   .10800000E+01  .93645110E+00
   .11200000E+01  .89214060E+00
   .11600000E+01  .84860882E+00
   .12000000E+01  .80576473E+00
   .12400000E+01  .76352509E+00
   .12800000E+01  .72181337E+00
   .13200000E+01  .68055897E+00
   .13600000E+01  .63969645E+00
   .14000000E+01  .59916484E+00
   .14400000E+01  .55890703E+00
   .14800000E+01  .51886981E+00
   .15200000E+01  .47900255E+00
   .15600000E+01  .43925735E+00
   .16000000E+01  .39958864E+00
   .16400000E+01  .35995280E+00
   .16800000E+01  .32030795E+00
   .17200000E+01  .28061358E+00
   .17600000E+01  .24083044E+00
   .18000000E+01  .20092043E+00
   .18400000E+01  .16084568E+00
   .18800000E+01  .12056945E+00
   .19200000E+01  .80055390E-01
   .19600000E+01  .39267230E-01
   .20000000E+01 -.18310036E-02
Core Pot   L  =        1.00000   -.39310
  -.20000000E+01  .97067781E+00
  -.19600000E+01  .95114546E+00
  -.19200000E+01  .93133328E+00
  -.18800000E+01  .91123202E+00
  -.18400000E+01  .89083199E+00
  -.18000000E+01  .87012305E+00
  -.17600000E+01  .84909455E+00
  -.17200000E+01  .82773533E+00
  -.16800000E+01  .80603366E+00
  -.16400000E+01  .78397723E+00
  -.16000000E+01  .76155309E+00
  -.15600000E+01  .73874762E+00
  -.15200000E+01  .71554650E+00
  -.14800000E+01  .69193461E+00
  -.14400000E+01  .66789605E+00
  -.14000000E+01  .64341402E+00
  -.13600000E+01  .61847080E+00
  -.13200000E+01  .59304766E+00
  -.12800000E+01  .56712481E+00
  -.12400000E+01  .54068128E+00
  -.12000000E+01  .51369489E+00
  -.11600000E+01  .48614212E+00
  -.11200000E+01  .45799800E+00
  -.10800000E+01  .42923604E+00
  -.10400000E+01  .39982806E+00
  -.10000000E+01  .36974408E+00
  -.96000000E+00  .33895219E+00
  -.92000000E+00  .30741834E+00
  -.88000000E+00  .27510620E+00
  -.84000000E+00  .24197696E+00
  -.80000000E+00  .20798910E+00
  -.76000000E+00  .17309814E+00
  -.72000000E+00  .13725640E+00
  -.68000000E+00  .10041269E+00
  -.64000000E+00  .62511957E-01
  -.60000000E+00  .23494959E-01
  -.56000000E+00 -.16702182E-01
  -.52000000E+00 -.58148426E-01
  -.48000000E+00 -.10091834E+00
  -.44000000E+00 -.14509267E+00
  -.40000000E+00 -.19075902E+00
  -.36000000E+00 -.23801258E+00
  -.32000000E+00 -.28695693E+00
  -.28000000E+00 -.33770510E+00
  -.24000000E+00 -.39038055E+00
  -.20000000E+00 -.44511847E+00
  -.16000000E+00 -.50206722E+00
  -.12000000E+00 -.56138992E+00
  -.80000000E-01 -.62326640E+00
  -.40000000E-01 -.68789534E+00
   .12351231E-14 -.75549688E+00
   .40000000E-01 -.82631552E+00
   .80000000E-01 -.90062366E+00
   .12000000E+00 -.97872568E+00
   .16000000E+00 -.10609627E+01
   .20000000E+00 -.11477186E+01
   .24000000E+00 -.12394264E+01
   .28000000E+00 -.13365769E+01
   .32000000E+00 -.14397284E+01
   .36000000E+00 -.15495189E+01
   .40000000E+00 -.16666807E+01
   .44000000E+00 -.17920584E+01
   .48000000E+00 -.19266318E+01
   .52000000E+00 -.20715432E+01
   .56000000E+00 -.22281336E+01
   .60000000E+00 -.23979873E+01
   .64000000E+00 -.25829894E+01
   .68000000E+00 -.27854017E+01
   .72000000E+00 -.30079609E+01
   .76000000E+00 -.32540106E+01
   .80000000E+00 -.35276794E+01
   .84000000E+00 -.38341254E+01
   .88000000E+00 -.41798789E+01
   .92000000E+00 -.45733309E+01
   .96000000E+00 -.50254470E+01
   .10000000E+01 -.55508366E+01
   .10400000E+01 -.61694041E+01
   .10800000E+01 -.69089860E+01
   .11200000E+01 -.78097410E+01
   .11600000E+01 -.89318152E+01
   .12000000E+01 -.10369545E+02
   .12400000E+01 -.12279779E+02
   .12800000E+01 -.14943932E+02
   .13200000E+01 -.18922290E+02
   .13600000E+01 -.25513204E+02
   .14000000E+01 -.38565185E+02
   .14400000E+01 -.76778653E+02
   .14800000E+01 -.22080711E+04
   .15200000E+01  .84686123E+02
   .15600000E+01  .42049931E+02
   .16000000E+01  .28179635E+02
   .16400000E+01  .21302073E+02
   .16800000E+01  .17190712E+02
   .17200000E+01  .14453953E+02
   .17600000E+01  .12499566E+02
   .18000000E+01  .11032792E+02
   .18400000E+01  .98904089E+01
   .18800000E+01  .89747231E+01
   .19200000E+01  .82236834E+01
   .19600000E+01  .75959855E+01
   .20000000E+01  .70630694E+01
Potential  L  =        1.00000   -.39310
  -.20000000E+01  .10132380E+01
  -.19600000E+01  .99404328E+00
  -.19200000E+01  .97455810E+00
  -.18800000E+01  .95477178E+00
  -.18400000E+01  .93467305E+00
  -.18000000E+01  .91425007E+00
  -.17600000E+01  .89349032E+00
  -.17200000E+01  .87238059E+00
  -.16800000E+01  .85090688E+00
  -.16400000E+01  .82905445E+00
  -.16000000E+01  .80680763E+00
  -.15600000E+01  .78414984E+00
  -.15200000E+01  .76106350E+00
  -.14800000E+01  .73752995E+00
  -.14400000E+01  .71352934E+00
  -.14000000E+01  .68904058E+00
  -.13600000E+01  .66404119E+00
  -.13200000E+01  .63850722E+00
  -.12800000E+01  .61241312E+00
  -.12400000E+01  .58573157E+00
  -.12000000E+01  .55843338E+00
  -.11600000E+01  .53048727E+00
  -.11200000E+01  .50185975E+00
  -.10800000E+01  .47251473E+00
  -.10400000E+01  .44241358E+00
  -.10000000E+01  .41151463E+00
  -.96000000E+00  .37977297E+00
  -.92000000E+00  .34714008E+00
  -.88000000E+00  .31356360E+00
  -.84000000E+00  .27898671E+00
  -.80000000E+00  .24334781E+00
  -.76000000E+00  .20657995E+00
  -.72000000E+00  .16861024E+00
  -.68000000E+00  .12935916E+00
  -.64000000E+00  .88739805E-01
  -.60000000E+00  .46657003E-01
  -.56000000E+00  .30062737E-02
  -.52000000E+00 -.42327315E-01
  -.48000000E+00 -.89470501E-01
  -.44000000E+00 -.13856339E+00
  -.40000000E+00 -.18976128E+00
  -.36000000E+00 -.24323675E+00
  -.32000000E+00 -.29918221E+00
  -.28000000E+00 -.35781277E+00
  -.24000000E+00 -.41936973E+00
  -.20000000E+00 -.48412470E+00
  -.16000000E+00 -.55238453E+00
  -.12000000E+00 -.62449720E+00
  -.80000000E-01 -.70085901E+00
  -.40000000E-01 -.78192324E+00
   .12351231E-14 -.86821081E+00
   .40000000E-01 -.96032339E+00
   .80000000E-01 -.10589597E+01
   .12000000E+00 -.11649360E+01
   .16000000E+00 -.12792117E+01
   .20000000E+00 -.14029225E+01
   .24000000E+00 -.15374225E+01
   .28000000E+00 -.16843399E+01
   .32000000E+00 -.18456495E+01
   .36000000E+00 -.20237707E+01
   .40000000E+00 -.22216996E+01
   .44000000E+00 -.24431923E+01
   .48000000E+00 -.26930218E+01
   .52000000E+00 -.29773478E+01
   .56000000E+00 -.33042590E+01
   .60000000E+00 -.36845934E+01
   .64000000E+00 -.41332142E+01
   .68000000E+00 -.46710704E+01
   .72000000E+00 -.53286674E+01
   .76000000E+00 -.61522170E+01
   .80000000E+00 -.72152405E+01
   .84000000E+00 -.86422400E+01
   .88000000E+00 -.10662154E+02
   .92000000E+00 -.13746926E+02
   .96000000E+00 -.19050377E+02
   .10000000E+01 -.30336092E+02
   .10400000E+01 -.70957663E+02
   .10800000E+01  .23919671E+03
   .11200000E+01  .45638653E+02
   .11600000E+01  .25543465E+02
   .12000000E+01  .17876316E+02
   .12400000E+01  .13826113E+02
   .12800000E+01  .11318678E+02
   .13200000E+01  .96112387E+01
   .13600000E+01  .83718759E+01
   .14000000E+01  .74299601E+01
   .14400000E+01  .66887947E+01
   .14800000E+01  .60894859E+01
   .15200000E+01  .55941136E+01
   .15600000E+01  .51771582E+01
   .16000000E+01  .48208133E+01
   .16400000E+01  .45122799E+01
   .16800000E+01  .42421149E+01
   .17200000E+01  .40032051E+01
   .17600000E+01  .37900874E+01
   .18000000E+01  .35984966E+01
   .18400000E+01  .34250542E+01
   .18800000E+01  .32670492E+01
   .19200000E+01  .31222811E+01
   .19600000E+01  .29889447E+01
   .20000000E+01  .28655453E+01
Core Pot   L  =        2.00000   -.40000
  -.20000000E+01  .15291970E+01
  -.19600000E+01  .15132898E+01
  -.19200000E+01  .14975160E+01
  -.18800000E+01  .14818495E+01
  -.18400000E+01  .14662675E+01
  -.18000000E+01  .14507504E+01
  -.17600000E+01  .14352804E+01
  -.17200000E+01  .14198419E+01
  -.16800000E+01  .14044210E+01
  -.16400000E+01  .13890051E+01
  -.16000000E+01  .13735827E+01
  -.15600000E+01  .13581435E+01
  -.15200000E+01  .13426777E+01
  -.14800000E+01  .13271766E+01
  -.14400000E+01  .13116319E+01
  -.14000000E+01  .12960361E+01
  -.13600000E+01  .12803817E+01
  -.13200000E+01  .12646620E+01
  -.12800000E+01  .12488706E+01
  -.12400000E+01  .12330011E+01
  -.12000000E+01  .12170477E+01
  -.11600000E+01  .12010045E+01
  -.11200000E+01  .11848659E+01
  -.10800000E+01  .11686266E+01
  -.10400000E+01  .11522812E+01
  -.10000000E+01  .11358243E+01
  -.96000000E+00  .11192509E+01
  -.92000000E+00  .11025557E+01
  -.88000000E+00  .10857337E+01
  -.84000000E+00  .10687797E+01
  -.80000000E+00  .10516886E+01
  -.76000000E+00  .10344553E+01
  -.72000000E+00  .10170745E+01
  -.68000000E+00  .99954117E+00
  -.64000000E+00  .98184984E+00
  -.60000000E+00  .96399519E+00
  -.56000000E+00  .94597174E+00
  -.52000000E+00  .92777392E+00
  -.48000000E+00  .90939605E+00
  -.44000000E+00  .89083230E+00
  -.40000000E+00  .87207671E+00
  -.36000000E+00  .85312318E+00
  -.32000000E+00  .83396542E+00
  -.28000000E+00  .81459699E+00
  -.24000000E+00  .79501122E+00
  -.20000000E+00  .77520126E+00
  -.16000000E+00  .75516003E+00
  -.12000000E+00  .73488022E+00
  -.80000000E-01  .71435426E+00
  -.40000000E-01  .69357433E+00
   .12351231E-14  .67253230E+00
   .40000000E-01  .65121976E+00
   .80000000E-01  .62962796E+00
   .12000000E+00  .60774783E+00
   .16000000E+00  .58556993E+00
   .20000000E+00  .56308443E+00
   .24000000E+00  .54028111E+00
   .28000000E+00  .51714929E+00
   .32000000E+00  .49367787E+00
   .36000000E+00  .46985523E+00
   .40000000E+00  .44566926E+00
   .44000000E+00  .42110728E+00
   .48000000E+00  .39615604E+00
   .52000000E+00  .37080167E+00
   .56000000E+00  .34502964E+00
   .60000000E+00  .31882471E+00
   .64000000E+00  .29217092E+00
   .68000000E+00  .26505148E+00
   .72000000E+00  .23744878E+00
   .76000000E+00  .20934430E+00
   .80000000E+00  .18071854E+00
   .84000000E+00  .15155099E+00
   .88000000E+00  .12182001E+00
   .92000000E+00  .91502813E-01
   .96000000E+00  .60575325E-01
   .10000000E+01  .29012123E-01
   .10400000E+01 -.32136683E-02
   .10800000E+01 -.36130489E-01
   .11200000E+01 -.69768456E-01
   .11600000E+01 -.10415949E+00
   .12000000E+01 -.13933747E+00
   .12400000E+01 -.17533836E+00
   .12800000E+01 -.21220040E+00
   .13200000E+01 -.24996428E+00
   .13600000E+01 -.28867333E+00
   .14000000E+01 -.32837378E+00
   .14400000E+01 -.36911495E+00
   .14800000E+01 -.41094957E+00
   .15200000E+01 -.45393404E+00
   .15600000E+01 -.49812880E+00
   .16000000E+01 -.54359866E+00
   .16400000E+01 -.59041321E+00
   .16800000E+01 -.63864731E+00
   .17200000E+01 -.68838157E+00
   .17600000E+01 -.73970290E+00
   .18000000E+01 -.79270518E+00
   .18400000E+01 -.84748994E+00
   .18800000E+01 -.90416719E+00
   .19200000E+01 -.96285631E+00
   .19600000E+01 -.10236871E+01
   .20000000E+01 -.10868008E+01
Potential  L  =        2.00000   -.40000
  -.20000000E+01  .14656638E+01
  -.19600000E+01  .14529996E+01
  -.19200000E+01  .14402492E+01
  -.18800000E+01  .14274110E+01
  -.18400000E+01  .14144835E+01
  -.18000000E+01  .14014652E+01
  -.17600000E+01  .13883543E+01
  -.17200000E+01  .13751491E+01
  -.16800000E+01  .13618481E+01
  -.16400000E+01  .13484493E+01
  -.16000000E+01  .13349510E+01
  -.15600000E+01  .13213513E+01
  -.15200000E+01  .13076483E+01
  -.14800000E+01  .12938400E+01
  -.14400000E+01  .12799243E+01
  -.14000000E+01  .12658992E+01
  -.13600000E+01  .12517625E+01
  -.13200000E+01  .12375121E+01
  -.12800000E+01  .12231455E+01
  -.12400000E+01  .12086605E+01
  -.12000000E+01  .11940547E+01
  -.11600000E+01  .11793255E+01
  -.11200000E+01  .11644704E+01
  -.10800000E+01  .11494868E+01
  -.10400000E+01  .11343718E+01
  -.10000000E+01  .11191227E+01
  -.96000000E+00  .11037366E+01
  -.92000000E+00  .10882105E+01
  -.88000000E+00  .10725413E+01
  -.84000000E+00  .10567258E+01
  -.80000000E+00  .10407607E+01
  -.76000000E+00  .10246425E+01
  -.72000000E+00  .10083679E+01
  -.68000000E+00  .99193301E+00
  -.64000000E+00  .97533421E+00
  -.60000000E+00  .95856757E+00
  -.56000000E+00  .94162906E+00
  -.52000000E+00  .92451451E+00
  -.48000000E+00  .90721960E+00
  -.44000000E+00  .88973986E+00
  -.40000000E+00  .87207066E+00
  -.36000000E+00  .85420719E+00
  -.32000000E+00  .83614448E+00
  -.28000000E+00  .81787736E+00
  -.24000000E+00  .79940047E+00
  -.20000000E+00  .78070826E+00
  -.16000000E+00  .76179494E+00
  -.12000000E+00  .74265453E+00
  -.80000000E-01  .72328078E+00
  -.40000000E-01  .70366723E+00
   .12351231E-14  .68380714E+00
   .40000000E-01  .66369348E+00
   .80000000E-01  .64331897E+00
   .12000000E+00  .62267602E+00
   .16000000E+00  .60175670E+00
   .20000000E+00  .58055276E+00
   .24000000E+00  .55905561E+00
   .28000000E+00  .53725627E+00
   .32000000E+00  .51514538E+00
   .36000000E+00  .49271315E+00
   .40000000E+00  .46994937E+00
   .44000000E+00  .44684333E+00
   .48000000E+00  .42338391E+00
   .52000000E+00  .39955941E+00
   .56000000E+00  .37535756E+00
   .60000000E+00  .35076554E+00
   .64000000E+00  .32576994E+00
   .68000000E+00  .30035664E+00
   .72000000E+00  .27451085E+00
   .76000000E+00  .24821704E+00
   .80000000E+00  .22145890E+00
   .84000000E+00  .19421924E+00
   .88000000E+00  .16648003E+00
   .92000000E+00  .13822224E+00
   .96000000E+00  .10942585E+00
   .10000000E+01  .80069724E-01
   .10400000E+01  .50131600E-01
   .10800000E+01  .19587921E-01
   .11200000E+01 -.11586171E-01
   .11600000E+01 -.43416977E-01
   .12000000E+01 -.75932337E-01
   .12400000E+01 -.10916174E+00
   .12800000E+01 -.14313645E+00
   .13200000E+01 -.17788968E+00
   .13600000E+01 -.21345667E+00
   .14000000E+01 -.24987490E+00
   .14400000E+01 -.28718427E+00
   .14800000E+01 -.32542727E+00
   .15200000E+01 -.36464924E+00
   .15600000E+01 -.40489856E+00
   .16000000E+01 -.44622697E+00
   .16400000E+01 -.48868980E+00
   .16800000E+01 -.53234637E+00
   .17200000E+01 -.57726026E+00
   .17600000E+01 -.62349980E+00
   .18000000E+01 -.67113846E+00
   .18400000E+01 -.72025535E+00
   .18800000E+01 -.77093579E+00
   .19200000E+01 -.82327196E+00
   .19600000E+01 -.87736354E+00
   .20000000E+01 -.93331852E+00
Core Pot   L  =        3.00000   -.10000
  -.20000000E+01  .18378337E+01
  -.19600000E+01  .18274853E+01
  -.19200000E+01  .18170871E+01
  -.18800000E+01  .18066384E+01
  -.18400000E+01  .17961387E+01
  -.18000000E+01  .17855871E+01
  -.17600000E+01  .17749831E+01
  -.17200000E+01  .17643258E+01
  -.16800000E+01  .17536147E+01
  -.16400000E+01  .17428490E+01
  -.16000000E+01  .17320279E+01
  -.15600000E+01  .17211506E+01
  -.15200000E+01  .17102165E+01
  -.14800000E+01  .16992247E+01
  -.14400000E+01  .16881743E+01
  -.14000000E+01  .16770646E+01
  -.13600000E+01  .16658947E+01
  -.13200000E+01  .16546638E+01
  -.12800000E+01  .16433709E+01
  -.12400000E+01  .16320152E+01
  -.12000000E+01  .16205958E+01
  -.11600000E+01  .16091116E+01
  -.11200000E+01  .15975617E+01
  -.10800000E+01  .15859452E+01
  -.10400000E+01  .15742611E+01
  -.10000000E+01  .15625082E+01
  -.96000000E+00  .15506856E+01
  -.92000000E+00  .15387921E+01
  -.88000000E+00  .15268267E+01
  -.84000000E+00  .15147882E+01
  -.80000000E+00  .15026754E+01
  -.76000000E+00  .14904872E+01
  -.72000000E+00  .14782224E+01
  -.68000000E+00  .14658797E+01
  -.64000000E+00  .14534577E+01
  -.60000000E+00  .14409554E+01
  -.56000000E+00  .14283711E+01
  -.52000000E+00  .14157037E+01
  -.48000000E+00  .14029517E+01
  -.44000000E+00  .13901136E+01
  -.40000000E+00  .13771879E+01
  -.36000000E+00  .13641732E+01
  -.32000000E+00  .13510679E+01
  -.28000000E+00  .13378703E+01
  -.24000000E+00  .13245788E+01
  -.20000000E+00  .13111918E+01
  -.16000000E+00  .12977074E+01
  -.12000000E+00  .12841240E+01
  -.80000000E-01  .12704396E+01
  -.40000000E-01  .12566524E+01
   .12351231E-14  .12427605E+01
   .40000000E-01  .12287619E+01
   .80000000E-01  .12146544E+01
   .12000000E+00  .12004361E+01
   .16000000E+00  .11861048E+01
   .20000000E+00  .11716582E+01
   .24000000E+00  .11570940E+01
   .28000000E+00  .11424099E+01
   .32000000E+00  .11276034E+01
   .36000000E+00  .11126721E+01
   .40000000E+00  .10976134E+01
   .44000000E+00  .10824245E+01
   .48000000E+00  .10671028E+01
   .52000000E+00  .10516455E+01
   .56000000E+00  .10360496E+01
   .60000000E+00  .10203121E+01
   .64000000E+00  .10044299E+01
   .68000000E+00  .98839991E+00
   .72000000E+00  .97221869E+00
   .76000000E+00  .95588288E+00
   .80000000E+00  .93938895E+00
   .84000000E+00  .92273326E+00
   .88000000E+00  .90591203E+00
   .92000000E+00  .88892138E+00
   .96000000E+00  .87175727E+00
   .10000000E+01  .85441554E+00
   .10400000E+01  .83689187E+00
   .10800000E+01  .81918179E+00
   .11200000E+01  .80128068E+00
   .11600000E+01  .78318374E+00
   .12000000E+01  .76488600E+00
   .12400000E+01  .74638232E+00
   .12800000E+01  .72766735E+00
   .13200000E+01  .70873554E+00
   .13600000E+01  .68958114E+00
   .14000000E+01  .67019817E+00
   .14400000E+01  .65058043E+00
   .14800000E+01  .63072147E+00
   .15200000E+01  .61061458E+00
   .15600000E+01  .59025278E+00
   .16000000E+01  .56962883E+00
   .16400000E+01  .54873515E+00
   .16800000E+01  .52756390E+00
   .17200000E+01  .50610687E+00
   .17600000E+01  .48435552E+00
   .18000000E+01  .46230095E+00
   .18400000E+01  .43993385E+00
   .18800000E+01  .41724453E+00
   .19200000E+01  .39422285E+00
   .19600000E+01  .37085823E+00
   .20000000E+01  .34713960E+00
Potential  L  =        3.00000   -.10000
  -.20000000E+01  .18384405E+01
  -.19600000E+01  .18280764E+01
  -.19200000E+01  .18176625E+01
  -.18800000E+01  .18071980E+01
  -.18400000E+01  .17966824E+01
  -.18000000E+01  .17861148E+01
  -.17600000E+01  .17754947E+01
  -.17200000E+01  .17648214E+01
  -.16800000E+01  .17540942E+01
  -.16400000E+01  .17433123E+01
  -.16000000E+01  .17324750E+01
  -.15600000E+01  .17215815E+01
  -.15200000E+01  .17106311E+01
  -.14800000E+01  .16996231E+01
  -.14400000E+01  .16885565E+01
  -.14000000E+01  .16774306E+01
  -.13600000E+01  .16662446E+01
  -.13200000E+01  .16549976E+01
  -.12800000E+01  .16436887E+01
  -.12400000E+01  .16323171E+01
  -.12000000E+01  .16208818E+01
  -.11600000E+01  .16093819E+01
  -.11200000E+01  .15978165E+01
  -.10800000E+01  .15861846E+01
  -.10400000E+01  .15744853E+01
  -.10000000E+01  .15627174E+01
  -.96000000E+00  .15508800E+01
  -.92000000E+00  .15389720E+01
  -.88000000E+00  .15269924E+01
  -.84000000E+00  .15149400E+01
  -.80000000E+00  .15028137E+01
  -.76000000E+00  .14906124E+01
  -.72000000E+00  .14783348E+01
  -.68000000E+00  .14659797E+01
  -.64000000E+00  .14535460E+01
  -.60000000E+00  .14410323E+01
  -.56000000E+00  .14284374E+01
  -.52000000E+00  .14157598E+01
  -.48000000E+00  .14029983E+01
  -.44000000E+00  .13901515E+01
  -.40000000E+00  .13772178E+01
  -.36000000E+00  .13641959E+01
  -.32000000E+00  .13510842E+01
  -.28000000E+00  .13378812E+01
  -.24000000E+00  .13245854E+01
  -.20000000E+00  .13111950E+01
  -.16000000E+00  .12977084E+01
  -.12000000E+00  .12841240E+01
  -.80000000E-01  .12704399E+01
  -.40000000E-01  .12566544E+01
   .12351231E-14  .12427656E+01
   .40000000E-01  .12287717E+01
   .80000000E-01  .12146706E+01
   .12000000E+00  .12004603E+01
   .16000000E+00  .11861389E+01
   .20000000E+00  .11717042E+01
   .24000000E+00  .11571541E+01
   .28000000E+00  .11424862E+01
   .32000000E+00  .11276983E+01
   .36000000E+00  .11127881E+01
   .40000000E+00  .10977531E+01
   .44000000E+00  .10825909E+01
   .48000000E+00  .10672987E+01
   .52000000E+00  .10518741E+01
   .56000000E+00  .10363143E+01
   .60000000E+00  .10206164E+01
   .64000000E+00  .10047776E+01
   .68000000E+00  .98879494E+00
   .72000000E+00  .97266528E+00
   .76000000E+00  .95638549E+00
   .80000000E+00  .93995229E+00
   .84000000E+00  .92336233E+00
   .88000000E+00  .90661212E+00
   .92000000E+00  .88969809E+00
   .96000000E+00  .87261653E+00
   .10000000E+01  .85536362E+00
   .10400000E+01  .83793541E+00
   .10800000E+01  .82032783E+00
   .11200000E+01  .80253666E+00
   .11600000E+01  .78455755E+00
   .12000000E+01  .76638598E+00
   .12400000E+01  .74801731E+00
   .12800000E+01  .72944670E+00
   .13200000E+01  .71066918E+00
   .13600000E+01  .69167956E+00
   .14000000E+01  .67247250E+00
   .14400000E+01  .65304246E+00
   .14800000E+01  .63338368E+00
   .15200000E+01  .61349022E+00
   .15600000E+01  .59335589E+00
   .16000000E+01  .57297428E+00
   .16400000E+01  .55233874E+00
   .16800000E+01  .53144237E+00
   .17200000E+01  .51027798E+00
   .17600000E+01  .48883813E+00
   .18000000E+01  .46711506E+00
   .18400000E+01  .44510073E+00
   .18800000E+01  .42278669E+00
   .19200000E+01  .40016437E+00
   .19600000E+01  .37722454E+00
   .20000000E+01  .35395779E+00
Core Pot   L  =        4.00000    .00000
  -.20000000E+01  .22698521E+01
  -.19600000E+01  .22615479E+01
  -.19200000E+01  .22532181E+01
  -.18800000E+01  .22448627E+01
  -.18400000E+01  .22364812E+01
  -.18000000E+01  .22280737E+01
  -.17600000E+01  .22196397E+01
  -.17200000E+01  .22111792E+01
  -.16800000E+01  .22026918E+01
  -.16400000E+01  .21941774E+01
  -.16000000E+01  .21856357E+01
  -.15600000E+01  .21770665E+01
  -.15200000E+01  .21684695E+01
  -.14800000E+01  .21598446E+01
  -.14400000E+01  .21511914E+01
  -.14000000E+01  .21425097E+01
  -.13600000E+01  .21337993E+01
  -.13200000E+01  .21250599E+01
  -.12800000E+01  .21162913E+01
  -.12400000E+01  .21074931E+01
  -.12000000E+01  .20986652E+01
  -.11600000E+01  .20898073E+01
  -.11200000E+01  .20809191E+01
  -.10800000E+01  .20720002E+01
  -.10400000E+01  .20630506E+01
  -.10000000E+01  .20540697E+01
  -.96000000E+00  .20450575E+01
  -.92000000E+00  .20360135E+01
  -.88000000E+00  .20269376E+01
  -.84000000E+00  .20178293E+01
  -.80000000E+00  .20086884E+01
  -.76000000E+00  .19995145E+01
  -.72000000E+00  .19903075E+01
  -.68000000E+00  .19810669E+01
  -.64000000E+00  .19717924E+01
  -.60000000E+00  .19624837E+01
  -.56000000E+00  .19531405E+01
  -.52000000E+00  .19437624E+01
  -.48000000E+00  .19343492E+01
  -.44000000E+00  .19249004E+01
  -.40000000E+00  .19154156E+01
  -.36000000E+00  .19058947E+01
  -.32000000E+00  .18963371E+01
  -.28000000E+00  .18867425E+01
  -.24000000E+00  .18771106E+01
  -.20000000E+00  .18674409E+01
  -.16000000E+00  .18577331E+01
  -.12000000E+00  .18479869E+01
  -.80000000E-01  .18382017E+01
  -.40000000E-01  .18283772E+01
   .12351231E-14  .18185130E+01
   .40000000E-01  .18086087E+01
   .80000000E-01  .17986638E+01
   .12000000E+00  .17886780E+01
   .16000000E+00  .17786507E+01
   .20000000E+00  .17685816E+01
   .24000000E+00  .17584702E+01
   .28000000E+00  .17483161E+01
   .32000000E+00  .17381187E+01
   .36000000E+00  .17278776E+01
   .40000000E+00  .17175924E+01
   .44000000E+00  .17072625E+01
   .48000000E+00  .16968875E+01
   .52000000E+00  .16864668E+01
   .56000000E+00  .16760000E+01
   .60000000E+00  .16654865E+01
   .64000000E+00  .16549258E+01
   .68000000E+00  .16443173E+01
   .72000000E+00  .16336605E+01
   .76000000E+00  .16229549E+01
   .80000000E+00  .16121999E+01
   .84000000E+00  .16013949E+01
   .88000000E+00  .15905393E+01
   .92000000E+00  .15796325E+01
   .96000000E+00  .15686740E+01
   .10000000E+01  .15576630E+01
   .10400000E+01  .15465991E+01
   .10800000E+01  .15354814E+01
   .11200000E+01  .15243095E+01
   .11600000E+01  .15130826E+01
   .12000000E+01  .15018000E+01
   .12400000E+01  .14904611E+01
   .12800000E+01  .14790652E+01
   .13200000E+01  .14676115E+01
   .13600000E+01  .14560994E+01
   .14000000E+01  .14445280E+01
   .14400000E+01  .14328967E+01
   .14800000E+01  .14212046E+01
   .15200000E+01  .14094511E+01
   .15600000E+01  .13976352E+01
   .16000000E+01  .13857562E+01
   .16400000E+01  .13738132E+01
   .16800000E+01  .13618055E+01
   .17200000E+01  .13497320E+01
   .17600000E+01  .13375921E+01
   .18000000E+01  .13253847E+01
   .18400000E+01  .13131090E+01
   .18800000E+01  .13007640E+01
   .19200000E+01  .12883489E+01
   .19600000E+01  .12758625E+01
   .20000000E+01  .12633039E+01
Potential  L  =        4.00000    .00000
  -.20000000E+01  .22711816E+01
  -.19600000E+01  .22628683E+01
  -.19200000E+01  .22545294E+01
  -.18800000E+01  .22461645E+01
  -.18400000E+01  .22377734E+01
  -.18000000E+01  .22293561E+01
  -.17600000E+01  .22209122E+01
  -.17200000E+01  .22124413E+01
  -.16800000E+01  .22039433E+01
  -.16400000E+01  .21954182E+01
  -.16000000E+01  .21868655E+01
  -.15600000E+01  .21782850E+01
  -.15200000E+01  .21696765E+01
  -.14800000E+01  .21610398E+01
  -.14400000E+01  .21523745E+01
  -.14000000E+01  .21436807E+01
  -.13600000E+01  .21349575E+01
  -.13200000E+01  .21262055E+01
  -.12800000E+01  .21174237E+01
  -.12400000E+01  .21086120E+01
  -.12000000E+01  .20997704E+01
  -.11600000E+01  .20908986E+01
  -.11200000E+01  .20819961E+01
  -.10800000E+01  .20730625E+01
  -.10400000E+01  .20640979E+01
  -.10000000E+01  .20551018E+01
  -.96000000E+00  .20460739E+01
  -.92000000E+00  .20370141E+01
  -.88000000E+00  .20279218E+01
  -.84000000E+00  .20187970E+01
  -.80000000E+00  .20096390E+01
  -.76000000E+00  .20004478E+01
  -.72000000E+00  .19912230E+01
  -.68000000E+00  .19819643E+01
  -.64000000E+00  .19726714E+01
  -.60000000E+00  .19633439E+01
  -.56000000E+00  .19539814E+01
  -.52000000E+00  .19445836E+01
  -.48000000E+00  .19351502E+01
  -.44000000E+00  .19256809E+01
  -.40000000E+00  .19161752E+01
  -.36000000E+00  .19066328E+01
  -.32000000E+00  .18970533E+01
  -.28000000E+00  .18874364E+01
  -.24000000E+00  .18777818E+01
  -.20000000E+00  .18680888E+01
  -.16000000E+00  .18583573E+01
  -.12000000E+00  .18485868E+01
  -.80000000E-01  .18387769E+01
  -.40000000E-01  .18289272E+01
   .12351231E-14  .18190371E+01
   .40000000E-01  .18091065E+01
   .80000000E-01  .17991348E+01
   .12000000E+00  .17891215E+01
   .16000000E+00  .17790662E+01
   .20000000E+00  .17689685E+01
   .24000000E+00  .17588279E+01
   .28000000E+00  .17486440E+01
   .32000000E+00  .17384162E+01
   .36000000E+00  .17281441E+01
   .40000000E+00  .17178271E+01
   .44000000E+00  .17074649E+01
   .48000000E+00  .16970568E+01
   .52000000E+00  .16866025E+01
   .56000000E+00  .16761012E+01
   .60000000E+00  .16655526E+01
   .64000000E+00  .16549560E+01
   .68000000E+00  .16443109E+01
   .72000000E+00  .16336168E+01
   .76000000E+00  .16228730E+01
   .80000000E+00  .16120790E+01
   .84000000E+00  .16012343E+01
   .88000000E+00  .15903381E+01
   .92000000E+00  .15793899E+01
   .96000000E+00  .15683891E+01
   .10000000E+01  .15573350E+01
   .10400000E+01  .15462270E+01
   .10800000E+01  .15350644E+01
   .11200000E+01  .15238465E+01
   .11600000E+01  .15125727E+01
   .12000000E+01  .15012423E+01
   .12400000E+01  .14898546E+01
   .12800000E+01  .14784087E+01
   .13200000E+01  .14669041E+01
   .13600000E+01  .14553400E+01
   .14000000E+01  .14437155E+01
   .14400000E+01  .14320300E+01
   .14800000E+01  .14202826E+01
   .15200000E+01  .14084725E+01
   .15600000E+01  .13965989E+01
   .16000000E+01  .13846609E+01
   .16400000E+01  .13726578E+01
   .16800000E+01  .13605886E+01
   .17200000E+01  .13484524E+01
   .17600000E+01  .13362484E+01
   .18000000E+01  .13239756E+01
   .18400000E+01  .13116330E+01
   .18800000E+01  .12992198E+01
   .19200000E+01  .12867349E+01
   .19600000E+01  .12741773E+01
   .20000000E+01  .12615460E+01
KBPotential  L  =       .00000  -2.15690
  -.20000000E+01  .51705977E+00
  -.19600000E+01  .48511759E+00
  -.19200000E+01  .45228304E+00
  -.18800000E+01  .41850547E+00
  -.18400000E+01  .38373019E+00
  -.18000000E+01  .34789810E+00
  -.17600000E+01  .31094521E+00
  -.17200000E+01  .27280210E+00
  -.16800000E+01  .23339339E+00
  -.16400000E+01  .19263701E+00
  -.16000000E+01  .15044349E+00
  -.15600000E+01  .10671513E+00
  -.15200000E+01  .61344921E-01
  -.14800000E+01  .14215464E-01
  -.14400000E+01 -.34802205E-01
  -.14000000E+01 -.85850284E-01
  -.13600000E+01 -.13908583E+00
  -.13200000E+01 -.19468278E+00
  -.12800000E+01 -.25283430E+00
  -.12400000E+01 -.31375548E+00
  -.12000000E+01 -.37768661E+00
  -.11600000E+01 -.44489691E+00
  -.11200000E+01 -.51568908E+00
  -.10800000E+01 -.59040467E+00
  -.10400000E+01 -.66943051E+00
  -.10000000E+01 -.75320646E+00
  -.96000000E+00 -.84223489E+00
  -.92000000E+00 -.93709215E+00
  -.88000000E+00 -.10384427E+01
  -.84000000E+00 -.11470568E+01
  -.80000000E+00 -.12638320E+01
  -.76000000E+00 -.13898214E+01
  -.72000000E+00 -.15262679E+01
  -.68000000E+00 -.16746497E+01
  -.64000000E+00 -.18367386E+01
  -.60000000E+00 -.20146765E+01
  -.56000000E+00 -.22110777E+01
  -.52000000E+00 -.24291666E+01
  -.48000000E+00 -.26729668E+01
  -.44000000E+00 -.29475649E+01
  -.40000000E+00 -.32594867E+01
  -.36000000E+00 -.36172449E+01
  -.32000000E+00 -.40321578E+01
  -.28000000E+00 -.45196084E+01
  -.24000000E+00 -.51010501E+01
  -.20000000E+00 -.58073281E+01
  -.16000000E+00 -.66844509E+01
  -.12000000E+00 -.78042141E+01
  -.80000000E-01 -.92852106E+01
  -.40000000E-01 -.11338384E+02
   .12351231E-14 -.14378652E+02
   .40000000E-01 -.19350057E+02
   .80000000E-01 -.28963983E+02
   .12000000E+00 -.55473586E+02
   .16000000E+00 -.46983813E+03
   .20000000E+00  .75654739E+02
   .24000000E+00  .35641718E+02
   .28000000E+00  .23568479E+02
   .32000000E+00  .17739015E+02
   .36000000E+00  .14301775E+02
   .40000000E+00  .12032738E+02
   .44000000E+00  .10421250E+02
   .48000000E+00  .92164214E+01
   .52000000E+00  .82805860E+01
   .56000000E+00  .75319065E+01
   .60000000E+00  .69186796E+01
   .64000000E+00  .64066343E+01
   .68000000E+00  .59721560E+01
   .72000000E+00  .55984436E+01
   .76000000E+00  .52732171E+01
   .80000000E+00  .49872928E+01
   .84000000E+00  .47336651E+01
   .88000000E+00  .45068967E+01
   .92000000E+00  .43027032E+01
   .96000000E+00  .41176628E+01
   .10000000E+01  .39490095E+01
   .10400000E+01  .37944830E+01
   .10800000E+01  .36522185E+01
   .11200000E+01  .35206633E+01
   .11600000E+01  .33985144E+01
   .12000000E+01  .32846703E+01
   .12400000E+01  .31781929E+01
   .12800000E+01  .30782791E+01
   .13200000E+01  .29842364E+01
   .13600000E+01  .28954653E+01
   .14000000E+01  .28114435E+01
   .14400000E+01  .27317141E+01
   .14800000E+01  .26558758E+01
   .15200000E+01  .25835745E+01
   .15600000E+01  .25144963E+01
   .16000000E+01  .24483623E+01
   .16400000E+01  .23849237E+01
   .16800000E+01  .23239577E+01
   .17200000E+01  .22652644E+01
   .17600000E+01  .22086635E+01
   .18000000E+01  .21539924E+01
   .18400000E+01  .21011037E+01
   .18800000E+01  .20498637E+01
   .19200000E+01  .20001505E+01
   .19600000E+01  .19518531E+01
   .20000000E+01  .19048699E+01
KBPotential  L  =      1.00000   -.78619
  -.20000000E+01  .97056872E+00
  -.19600000E+01  .95104165E+00
  -.19200000E+01  .93123459E+00
  -.18800000E+01  .91113833E+00
  -.18400000E+01  .89074308E+00
  -.18000000E+01  .87003876E+00
  -.17600000E+01  .84901471E+00
  -.17200000E+01  .82765977E+00
  -.16800000E+01  .80596222E+00
  -.16400000E+01  .78390974E+00
  -.16000000E+01  .76148933E+00
  -.15600000E+01  .73868748E+00
  -.15200000E+01  .71548979E+00
  -.14800000E+01  .69188117E+00
  -.14400000E+01  .66784571E+00
  -.14000000E+01  .64336661E+00
  -.13600000E+01  .61842615E+00
  -.13200000E+01  .59300560E+00
  -.12800000E+01  .56708516E+00
  -.12400000E+01  .54064389E+00
  -.12000000E+01  .51365959E+00
  -.11600000E+01  .48610874E+00
  -.11200000E+01  .45796638E+00
  -.10800000E+01  .42920601E+00
  -.10400000E+01  .39979946E+00
  -.10000000E+01  .36971676E+00
  -.96000000E+00  .33892599E+00
  -.92000000E+00  .30739311E+00
  -.88000000E+00  .27508180E+00
  -.84000000E+00  .24195323E+00
  -.80000000E+00  .20796591E+00
  -.76000000E+00  .17307535E+00
  -.72000000E+00  .13723388E+00
  -.68000000E+00  .10039031E+00
  -.64000000E+00  .62489607E-01
  -.60000000E+00  .23472519E-01
  -.56000000E+00 -.16724820E-01
  -.52000000E+00 -.58171364E-01
  -.48000000E+00 -.10094167E+00
  -.44000000E+00 -.14511649E+00
  -.40000000E+00 -.19078340E+00
  -.36000000E+00 -.23803758E+00
  -.32000000E+00 -.28698265E+00
  -.28000000E+00 -.33773158E+00
  -.24000000E+00 -.39040785E+00
  -.20000000E+00 -.44514665E+00
  -.16000000E+00 -.50209632E+00
  -.12000000E+00 -.56141999E+00
  -.80000000E-01 -.62329750E+00
  -.40000000E-01 -.68792753E+00
   .12351231E-14 -.75553025E+00
   .40000000E-01 -.82635016E+00
   .80000000E-01 -.90065970E+00
   .12000000E+00 -.97876323E+00
   .16000000E+00 -.10610022E+01
   .20000000E+00 -.11477601E+01
   .24000000E+00 -.12394705E+01
   .28000000E+00 -.13366241E+01
   .32000000E+00 -.14397794E+01
   .36000000E+00 -.15495748E+01
   .40000000E+00 -.16667426E+01
   .44000000E+00 -.17921281E+01
   .48000000E+00 -.19267115E+01
   .52000000E+00 -.20716360E+01
   .56000000E+00 -.22282433E+01
   .60000000E+00 -.23981189E+01
   .64000000E+00 -.25831497E+01
   .68000000E+00 -.27855996E+01
   .72000000E+00 -.30082082E+01
   .76000000E+00 -.32543230E+01
   .80000000E+00 -.35280781E+01
   .84000000E+00 -.38346392E+01
   .88000000E+00 -.41805472E+01
   .92000000E+00 -.45742086E+01
   .96000000E+00 -.50266112E+01
   .10000000E+01 -.55523981E+01
   .10400000E+01 -.61715251E+01
   .10800000E+01 -.69119106E+01
   .11200000E+01 -.78138476E+01
   .11600000E+01 -.89377139E+01
   .12000000E+01 -.10378269E+02
   .12400000E+01 -.12293191E+02
   .12800000E+01 -.14965685E+02
   .13200000E+01 -.18960449E+02
   .13600000E+01 -.25589049E+02
   .14000000E+01 -.38754618E+02
   .14400000E+01 -.77601613E+02
   .14800000E+01 -.33054315E+04
   .15200000E+01  .83529689E+02
   .15600000E+01  .41738285E+02
   .16000000E+01  .28027467E+02
   .16400000E+01  .21207726E+02
   .16800000E+01  .17124137E+02
   .17200000E+01  .14403015E+02
   .17600000E+01  .12458378E+02
   .18000000E+01  .10998128E+02
   .18400000E+01  .98603422E+01
   .18800000E+01  .89480232E+01
   .19200000E+01  .81995238E+01
   .19600000E+01  .75737878E+01
   .20000000E+01  .70424142E+01
KBPotential  L  =      2.00000   -.80000
  -.20000000E+01  .14832299E+01
  -.19600000E+01  .14704670E+01
  -.19200000E+01  .14576092E+01
  -.18800000E+01  .14446545E+01
  -.18400000E+01  .14316010E+01
  -.18000000E+01  .14184465E+01
  -.17600000E+01  .14051891E+01
  -.17200000E+01  .13918264E+01
  -.16800000E+01  .13783564E+01
  -.16400000E+01  .13647766E+01
  -.16000000E+01  .13510847E+01
  -.15600000E+01  .13372782E+01
  -.15200000E+01  .13233546E+01
  -.14800000E+01  .13093112E+01
  -.14400000E+01  .12951454E+01
  -.14000000E+01  .12808542E+01
  -.13600000E+01  .12664349E+01
  -.13200000E+01  .12518843E+01
  -.12800000E+01  .12371994E+01
  -.12400000E+01  .12223768E+01
  -.12000000E+01  .12074134E+01
  -.11600000E+01  .11923055E+01
  -.11200000E+01  .11770496E+01
  -.10800000E+01  .11616420E+01
  -.10400000E+01  .11460788E+01
  -.10000000E+01  .11303559E+01
  -.96000000E+00  .11144692E+01
  -.92000000E+00  .10984143E+01
  -.88000000E+00  .10821868E+01
  -.84000000E+00  .10657819E+01
  -.80000000E+00  .10491947E+01
  -.76000000E+00  .10324203E+01
  -.72000000E+00  .10154533E+01
  -.68000000E+00  .99828812E+00
  -.64000000E+00  .98091912E+00
  -.60000000E+00  .96334030E+00
  -.56000000E+00  .94554542E+00
  -.52000000E+00  .92752797E+00
  -.48000000E+00  .90928115E+00
  -.44000000E+00  .89079786E+00
  -.40000000E+00  .87207067E+00
  -.36000000E+00  .85309183E+00
  -.32000000E+00  .83385321E+00
  -.28000000E+00  .81434632E+00
  -.24000000E+00  .79456223E+00
  -.20000000E+00  .77448964E+00
  -.16000000E+00  .75412471E+00
  -.12000000E+00  .73345137E+00
  -.80000000E-01  .71246027E+00
  -.40000000E-01  .69114063E+00
   .12351231E-14  .66948033E+00
   .40000000E-01  .64746685E+00
   .80000000E-01  .62508696E+00
   .12000000E+00  .60232674E+00
   .16000000E+00  .57917151E+00
   .20000000E+00  .55560578E+00
   .24000000E+00  .53161320E+00
   .28000000E+00  .50717646E+00
   .32000000E+00  .48227729E+00
   .36000000E+00  .45689630E+00
   .40000000E+00  .43101299E+00
   .44000000E+00  .40460559E+00
   .48000000E+00  .37765099E+00
   .52000000E+00  .35012464E+00
   .56000000E+00  .32200045E+00
   .60000000E+00  .29325061E+00
   .64000000E+00  .26384549E+00
   .68000000E+00  .23375349E+00
   .72000000E+00  .20294085E+00
   .76000000E+00  .17137148E+00
   .80000000E+00  .13900671E+00
   .84000000E+00  .10580514E+00
   .88000000E+00  .71722305E-01
   .92000000E+00  .36710428E-01
   .96000000E+00  .71810028E-03
   .10000000E+01 -.36310076E-01
   .10400000E+01 -.74433885E-01
   .10800000E+01 -.11371794E+00
   .11200000E+01 -.15423220E+00
   .11600000E+01 -.19605249E+00
   .12000000E+01 -.23926119E+00
   .12400000E+01 -.28394794E+00
   .12800000E+01 -.33021043E+00
   .13200000E+01 -.37815536E+00
   .13600000E+01 -.42789952E+00
   .14000000E+01 -.47957099E+00
   .14400000E+01 -.53331052E+00
   .14800000E+01 -.58927321E+00
   .15200000E+01 -.64763030E+00
   .15600000E+01 -.70857144E+00
   .16000000E+01 -.77230712E+00
   .16400000E+01 -.83907171E+00
   .16800000E+01 -.90912691E+00
   .17200000E+01 -.98276587E+00
   .17600000E+01 -.10603181E+01
   .18000000E+01 -.11421551E+01
   .18400000E+01 -.12286977E+01
   .18800000E+01 -.13204241E+01
   .19200000E+01 -.14178803E+01
   .19600000E+01 -.15216922E+01
   .20000000E+01 -.16325813E+01
KBPotential  L  =      3.00000    .00000
  -.20000000E+01  .18384405E+01
  -.19600000E+01  .18280764E+01
  -.19200000E+01  .18176625E+01
  -.18800000E+01  .18071980E+01
  -.18400000E+01  .17966824E+01
  -.18000000E+01  .17861148E+01
  -.17600000E+01  .17754947E+01
  -.17200000E+01  .17648214E+01
  -.16800000E+01  .17540942E+01
  -.16400000E+01  .17433123E+01
  -.16000000E+01  .17324750E+01
  -.15600000E+01  .17215815E+01
  -.15200000E+01  .17106311E+01
  -.14800000E+01  .16996231E+01
  -.14400000E+01  .16885565E+01
  -.14000000E+01  .16774306E+01
  -.13600000E+01  .16662446E+01
  -.13200000E+01  .16549976E+01
  -.12800000E+01  .16436887E+01
  -.12400000E+01  .16323171E+01
  -.12000000E+01  .16208818E+01
  -.11600000E+01  .16093819E+01
  -.11200000E+01  .15978165E+01
  -.10800000E+01  .15861846E+01
  -.10400000E+01  .15744853E+01
  -.10000000E+01  .15627174E+01
  -.96000000E+00  .15508800E+01
  -.92000000E+00  .15389720E+01
  -.88000000E+00  .15269924E+01
  -.84000000E+00  .15149400E+01
  -.80000000E+00  .15028137E+01
  -.76000000E+00  .14906124E+01
  -.72000000E+00  .14783348E+01
  -.68000000E+00  .14659797E+01
  -.64000000E+00  .14535460E+01
  -.60000000E+00  .14410323E+01
  -.56000000E+00  .14284374E+01
  -.52000000E+00  .14157598E+01
  -.48000000E+00  .14029983E+01
  -.44000000E+00  .13901515E+01
  -.40000000E+00  .13772178E+01
  -.36000000E+00  .13641959E+01
  -.32000000E+00  .13510842E+01
  -.28000000E+00  .13378812E+01
  -.24000000E+00  .13245854E+01
  -.20000000E+00  .13111950E+01
  -.16000000E+00  .12977084E+01
  -.12000000E+00  .12841240E+01
  -.80000000E-01  .12704399E+01
  -.40000000E-01  .12566544E+01
   .12351231E-14  .12427656E+01
   .40000000E-01  .12287717E+01
   .80000000E-01  .12146706E+01
   .12000000E+00  .12004603E+01
   .16000000E+00  .11861389E+01
   .20000000E+00  .11717042E+01
   .24000000E+00  .11571541E+01
   .28000000E+00  .11424862E+01
   .32000000E+00  .11276983E+01
   .36000000E+00  .11127881E+01
   .40000000E+00  .10977531E+01
   .44000000E+00  .10825909E+01
   .48000000E+00  .10672987E+01
   .52000000E+00  .10518741E+01
   .56000000E+00  .10363143E+01
   .60000000E+00  .10206164E+01
   .64000000E+00  .10047776E+01
   .68000000E+00  .98879494E+00
   .72000000E+00  .97266528E+00
   .76000000E+00  .95638549E+00
   .80000000E+00  .93995229E+00
   .84000000E+00  .92336233E+00
   .88000000E+00  .90661212E+00
   .92000000E+00  .88969809E+00
   .96000000E+00  .87261653E+00
   .10000000E+01  .85536362E+00
   .10400000E+01  .83793541E+00
   .10800000E+01  .82032783E+00
   .11200000E+01  .80253666E+00
   .11600000E+01  .78455755E+00
   .12000000E+01  .76638598E+00
   .12400000E+01  .74801731E+00
   .12800000E+01  .72944670E+00
   .13200000E+01  .71066918E+00
   .13600000E+01  .69167956E+00
   .14000000E+01  .67247250E+00
   .14400000E+01  .65304246E+00
   .14800000E+01  .63338368E+00
   .15200000E+01  .61349022E+00
   .15600000E+01  .59335589E+00
   .16000000E+01  .57297428E+00
   .16400000E+01  .55233874E+00
   .16800000E+01  .53144237E+00
   .17200000E+01  .51027798E+00
   .17600000E+01  .48883813E+00
   .18000000E+01  .46711506E+00
   .18400000E+01  .44510073E+00
   .18800000E+01  .42278669E+00
   .19200000E+01  .40016437E+00
   .19600000E+01  .37722454E+00
   .20000000E+01  .35395779E+00
KBPotential  L  =      4.00000    .00000
  -.20000000E+01  .22711816E+01
  -.19600000E+01  .22628683E+01
  -.19200000E+01  .22545294E+01
  -.18800000E+01  .22461645E+01
  -.18400000E+01  .22377734E+01
  -.18000000E+01  .22293561E+01
  -.17600000E+01  .22209122E+01
  -.17200000E+01  .22124413E+01
  -.16800000E+01  .22039433E+01
  -.16400000E+01  .21954182E+01
  -.16000000E+01  .21868655E+01
  -.15600000E+01  .21782850E+01
  -.15200000E+01  .21696765E+01
  -.14800000E+01  .21610398E+01
  -.14400000E+01  .21523745E+01
  -.14000000E+01  .21436807E+01
  -.13600000E+01  .21349575E+01
  -.13200000E+01  .21262055E+01
  -.12800000E+01  .21174237E+01
  -.12400000E+01  .21086120E+01
  -.12000000E+01  .20997704E+01
  -.11600000E+01  .20908986E+01
  -.11200000E+01  .20819961E+01
  -.10800000E+01  .20730625E+01
  -.10400000E+01  .20640979E+01
  -.10000000E+01  .20551018E+01
  -.96000000E+00  .20460739E+01
  -.92000000E+00  .20370141E+01
  -.88000000E+00  .20279218E+01
  -.84000000E+00  .20187970E+01
  -.80000000E+00  .20096390E+01
  -.76000000E+00  .20004478E+01
  -.72000000E+00  .19912230E+01
  -.68000000E+00  .19819643E+01
  -.64000000E+00  .19726714E+01
  -.60000000E+00  .19633439E+01
  -.56000000E+00  .19539814E+01
  -.52000000E+00  .19445836E+01
  -.48000000E+00  .19351502E+01
  -.44000000E+00  .19256809E+01
  -.40000000E+00  .19161752E+01
  -.36000000E+00  .19066328E+01
  -.32000000E+00  .18970533E+01
  -.28000000E+00  .18874364E+01
  -.24000000E+00  .18777818E+01
  -.20000000E+00  .18680888E+01
  -.16000000E+00  .18583573E+01
  -.12000000E+00  .18485868E+01
  -.80000000E-01  .18387769E+01
  -.40000000E-01  .18289272E+01
   .12351231E-14  .18190371E+01
   .40000000E-01  .18091065E+01
   .80000000E-01  .17991348E+01
   .12000000E+00  .17891215E+01
   .16000000E+00  .17790662E+01
   .20000000E+00  .17689685E+01
   .24000000E+00  .17588279E+01
   .28000000E+00  .17486440E+01
   .32000000E+00  .17384162E+01
   .36000000E+00  .17281441E+01
   .40000000E+00  .17178271E+01
   .44000000E+00  .17074649E+01
   .48000000E+00  .16970568E+01
   .52000000E+00  .16866025E+01
   .56000000E+00  .16761012E+01
   .60000000E+00  .16655526E+01
   .64000000E+00  .16549560E+01
   .68000000E+00  .16443109E+01
   .72000000E+00  .16336168E+01
   .76000000E+00  .16228730E+01
   .80000000E+00  .16120790E+01
   .84000000E+00  .16012343E+01
   .88000000E+00  .15903381E+01
   .92000000E+00  .15793899E+01
   .96000000E+00  .15683891E+01
   .10000000E+01  .15573350E+01
   .10400000E+01  .15462270E+01
   .10800000E+01  .15350644E+01
   .11200000E+01  .15238465E+01
   .11600000E+01  .15125727E+01
   .12000000E+01  .15012423E+01
   .12400000E+01  .14898546E+01
   .12800000E+01  .14784087E+01
   .13200000E+01  .14669041E+01
   .13600000E+01  .14553400E+01
   .14000000E+01  .14437155E+01
   .14400000E+01  .14320300E+01
   .14800000E+01  .14202826E+01
   .15200000E+01  .14084725E+01
   .15600000E+01  .13965989E+01
   .16000000E+01  .13846609E+01
   .16400000E+01  .13726578E+01
   .16800000E+01  .13605886E+01
   .17200000E+01  .13484524E+01
   .17600000E+01  .13362484E+01
   .18000000E+01  .13239756E+01
   .18400000E+01  .13116330E+01
   .18800000E+01  .12992198E+01
   .19200000E+01  .12867349E+01
   .19600000E+01  .12741773E+01
   .20000000E+01  .12615460E+01
