  Sm_s (soft)                            
 100
Core Pot   L  =         .00000  -3.42313
  -.20000000E+01  .12102616E+01
  -.19600000E+01  .11911334E+01
  -.19200000E+01  .11719917E+01
  -.18800000E+01  .11528195E+01
  -.18400000E+01  .11336011E+01
  -.18000000E+01  .11143216E+01
  -.17600000E+01  .10949672E+01
  -.17200000E+01  .10755245E+01
  -.16800000E+01  .10559808E+01
  -.16400000E+01  .10363240E+01
  -.16000000E+01  .10165421E+01
  -.15600000E+01  .99662372E+00
  -.15200000E+01  .97655746E+00
  -.14800000E+01  .95633227E+00
  -.14400000E+01  .93593714E+00
  -.14000000E+01  .91536114E+00
  -.13600000E+01  .89459338E+00
  -.13200000E+01  .87362290E+00
  -.12800000E+01  .85243869E+00
  -.12400000E+01  .83102962E+00
  -.12000000E+01  .80938438E+00
  -.11600000E+01  .78749147E+00
  -.11200000E+01  .76533915E+00
  -.10800000E+01  .74291540E+00
  -.10400000E+01  .72020788E+00
  -.10000000E+01  .69720388E+00
  -.96000000E+00  .67389028E+00
  -.92000000E+00  .65025354E+00
  -.88000000E+00  .62627961E+00
  -.84000000E+00  .60195390E+00
  -.80000000E+00  .57726123E+00
  -.76000000E+00  .55218581E+00
  -.72000000E+00  .52671113E+00
  -.68000000E+00  .50081995E+00
  -.64000000E+00  .47449421E+00
  -.60000000E+00  .44771499E+00
  -.56000000E+00  .42046241E+00
  -.52000000E+00  .39271557E+00
  -.48000000E+00  .36445248E+00
  -.44000000E+00  .33564996E+00
  -.40000000E+00  .30628354E+00
  -.36000000E+00  .27632736E+00
  -.32000000E+00  .24575408E+00
  -.28000000E+00  .21453471E+00
  -.24000000E+00  .18263852E+00
  -.20000000E+00  .15003288E+00
  -.16000000E+00  .11668309E+00
  -.12000000E+00  .82552204E-01
  -.80000000E-01  .47600863E-01
  -.40000000E-01  .11787044E-01
   .12351231E-14 -.24934154E-01
   .40000000E-01 -.62610779E-01
   .80000000E-01 -.10129431E+00
   .12000000E+00 -.14103999E+00
   .16000000E+00 -.18190716E+00
   .20000000E+00 -.22395970E+00
   .24000000E+00 -.26726643E+00
   .28000000E+00 -.31190164E+00
   .32000000E+00 -.35794566E+00
   .36000000E+00 -.40548543E+00
   .40000000E+00 -.45461532E+00
   .44000000E+00 -.50543782E+00
   .48000000E+00 -.55806453E+00
   .52000000E+00 -.61261720E+00
   .56000000E+00 -.66922887E+00
   .60000000E+00 -.72804525E+00
   .64000000E+00 -.78922629E+00
   .68000000E+00 -.85294794E+00
   .72000000E+00 -.91940425E+00
   .76000000E+00 -.98880973E+00
   .80000000E+00 -.10614022E+01
   .84000000E+00 -.11374458E+01
   .88000000E+00 -.12172354E+01
   .92000000E+00 -.13011002E+01
   .96000000E+00 -.13894099E+01
   .10000000E+01 -.14825806E+01
   .10400000E+01 -.15810822E+01
   .10800000E+01 -.16854479E+01
   .11200000E+01 -.17962849E+01
   .11600000E+01 -.19142876E+01
   .12000000E+01 -.20402544E+01
   .12400000E+01 -.21751073E+01
   .12800000E+01 -.23199172E+01
   .13200000E+01 -.24759353E+01
   .13600000E+01 -.26446324E+01
   .14000000E+01 -.28277496E+01
   .14400000E+01 -.30273631E+01
   .14800000E+01 -.32459697E+01
   .15200000E+01 -.34865981E+01
   .15600000E+01 -.37529588E+01
   .16000000E+01 -.40496479E+01
   .16400000E+01 -.43824280E+01
   .16800000E+01 -.47586228E+01
   .17200000E+01 -.51876851E+01
   .17600000E+01 -.56820305E+01
   .18000000E+01 -.62582975E+01
   .18400000E+01 -.69393099E+01
   .18800000E+01 -.77572452E+01
   .19200000E+01 -.87589741E+01
   .19600000E+01 -.10015528E+02
   .20000000E+01 -.11639970E+02
Potential  L  =         .00000  -3.42313
  -.20000000E+01  .10679485E+01
  -.19600000E+01  .10433944E+01
  -.19200000E+01  .10186036E+01
  -.18800000E+01  .99354324E+00
  -.18400000E+01  .96818027E+00
  -.18000000E+01  .94248171E+00
  -.17600000E+01  .91641410E+00
  -.17200000E+01  .88994329E+00
  -.16800000E+01  .86303414E+00
  -.16400000E+01  .83565030E+00
  -.16000000E+01  .80775388E+00
  -.15600000E+01  .77930519E+00
  -.15200000E+01  .75026240E+00
  -.14800000E+01  .72058125E+00
  -.14400000E+01  .69021467E+00
  -.14000000E+01  .65911240E+00
  -.13600000E+01  .62722053E+00
  -.13200000E+01  .59448107E+00
  -.12800000E+01  .56083137E+00
  -.12400000E+01  .52620356E+00
  -.12000000E+01  .49052380E+00
  -.11600000E+01  .45371158E+00
  -.11200000E+01  .41567876E+00
  -.10800000E+01  .37632858E+00
  -.10400000E+01  .33555443E+00
  -.10000000E+01  .29323864E+00
  -.96000000E+00  .24925056E+00
  -.92000000E+00  .20344496E+00
  -.88000000E+00  .15565972E+00
  -.84000000E+00  .10571320E+00
  -.80000000E+00  .53401132E-01
  -.76000000E+00 -.15071003E-02
  -.72000000E+00 -.59272932E-01
  -.68000000E+00 -.12019404E+00
  -.64000000E+00 -.18461093E+00
  -.60000000E+00 -.25291502E+00
  -.56000000E+00 -.32555862E+00
  -.52000000E+00 -.40306735E+00
  -.48000000E+00 -.48605570E+00
  -.44000000E+00 -.57524675E+00
  -.40000000E+00 -.67149740E+00
  -.36000000E+00 -.77583088E+00
  -.32000000E+00 -.88947936E+00
  -.28000000E+00 -.10139402E+01
  -.24000000E+00 -.11510517E+01
  -.20000000E+00 -.13030958E+01
  -.16000000E+00 -.14729408E+01
  -.12000000E+00 -.16642433E+01
  -.80000000E-01 -.18817384E+01
  -.40000000E-01 -.21316699E+01
   .12351231E-14 -.24224431E+01
   .40000000E-01 -.27656495E+01
   .80000000E-01 -.31777345E+01
   .12000000E+00 -.36828365E+01
   .16000000E+00 -.43178810E+01
   .20000000E+00 -.51423421E+01
   .24000000E+00 -.62585561E+01
   .28000000E+00 -.78588225E+01
   .32000000E+00 -.10352112E+02
   .36000000E+00 -.14788902E+02
   .40000000E+00 -.24930512E+02
   .44000000E+00 -.71891389E+02
   .48000000E+00  .89810273E+02
   .52000000E+00  .28447301E+02
   .56000000E+00  .17164160E+02
   .60000000E+00  .12412584E+02
   .64000000E+00  .97891467E+01
   .68000000E+00  .81223161E+01
   .72000000E+00  .69670934E+01
   .76000000E+00  .61174050E+01
   .80000000E+00  .54647259E+01
   .84000000E+00  .49464663E+01
   .88000000E+00  .45239954E+01
   .92000000E+00  .41721683E+01
   .96000000E+00  .38739292E+01
   .10000000E+01  .36172863E+01
   .10400000E+01  .33935681E+01
   .10800000E+01  .31963471E+01
   .11200000E+01  .30207575E+01
   .11600000E+01  .28630480E+01
   .12000000E+01  .27202797E+01
   .12400000E+01  .25901170E+01
   .12800000E+01  .24706802E+01
   .13200000E+01  .23604393E+01
   .13600000E+01  .22581359E+01
   .14000000E+01  .21627253E+01
   .14400000E+01  .20733327E+01
   .14800000E+01  .19892201E+01
   .15200000E+01  .19097598E+01
   .15600000E+01  .18344150E+01
   .16000000E+01  .17627232E+01
   .16400000E+01  .16942838E+01
   .16800000E+01  .16287478E+01
   .17200000E+01  .15658098E+01
   .17600000E+01  .15052009E+01
   .18000000E+01  .14466834E+01
   .18400000E+01  .13900460E+01
   .18800000E+01  .13351005E+01
   .19200000E+01  .12816781E+01
   .19600000E+01  .12296269E+01
   .20000000E+01  .11788098E+01
Core Pot   L  =        1.00000  -1.90923
  -.20000000E+01 -.16377539E+00
  -.19600000E+01 -.49247801E+00
  -.19200000E+01 -.99220833E+00
  -.18800000E+01 -.18538229E+01
  -.18400000E+01 -.37207820E+01
  -.18000000E+01 -.10984530E+02
  -.17600000E+01  .28034857E+02
  -.17200000E+01  .76095456E+01
  -.16800000E+01  .48309896E+01
  -.16400000E+01  .37208541E+01
  -.16000000E+01  .31186226E+01
  -.15600000E+01  .27374500E+01
  -.15200000E+01  .24722306E+01
  -.14800000E+01  .22753446E+01
  -.14400000E+01  .21220837E+01
  -.14000000E+01  .19983503E+01
  -.13600000E+01  .18955135E+01
  -.13200000E+01  .18079927E+01
  -.12800000E+01  .17320194E+01
  -.12400000E+01  .16649559E+01
  -.12000000E+01  .16049011E+01
  -.11600000E+01  .15504492E+01
  -.11200000E+01  .15005384E+01
  -.10800000E+01  .14543510E+01
  -.10400000E+01  .14112472E+01
  -.10000000E+01  .13707188E+01
  -.96000000E+00  .13323567E+01
  -.92000000E+00  .12958277E+01
  -.88000000E+00  .12608575E+01
  -.84000000E+00  .12272179E+01
  -.80000000E+00  .11947174E+01
  -.76000000E+00  .11631938E+01
  -.72000000E+00  .11325087E+01
  -.68000000E+00  .11025432E+01
  -.64000000E+00  .10731939E+01
  -.60000000E+00  .10443710E+01
  -.56000000E+00  .10159954E+01
  -.52000000E+00  .98799718E+00
  -.48000000E+00  .96031406E+00
  -.44000000E+00  .93289030E+00
  -.40000000E+00  .90567564E+00
  -.36000000E+00  .87862449E+00
  -.32000000E+00  .85169521E+00
  -.28000000E+00  .82484957E+00
  -.24000000E+00  .79805219E+00
  -.20000000E+00  .77127018E+00
  -.16000000E+00  .74447276E+00
  -.12000000E+00  .71763090E+00
  -.80000000E-01  .69071710E+00
  -.40000000E-01  .66370512E+00
   .12351231E-14  .63656976E+00
   .40000000E-01  .60928672E+00
   .80000000E-01  .58183235E+00
   .12000000E+00  .55418358E+00
   .16000000E+00  .52631770E+00
   .20000000E+00  .49821231E+00
   .24000000E+00  .46984513E+00
   .28000000E+00  .44119393E+00
   .32000000E+00  .41223640E+00
   .36000000E+00  .38295009E+00
   .40000000E+00  .35331224E+00
   .44000000E+00  .32329972E+00
   .48000000E+00  .29288897E+00
   .52000000E+00  .26205582E+00
   .56000000E+00  .23077546E+00
   .60000000E+00  .19902231E+00
   .64000000E+00  .16676994E+00
   .68000000E+00  .13399093E+00
   .72000000E+00  .10065676E+00
   .76000000E+00  .66737747E-01
   .80000000E+00  .32202847E-01
   .84000000E+00 -.29804307E-02
   .88000000E+00 -.38846176E-01
   .92000000E+00 -.75430235E-01
   .96000000E+00 -.11277037E+00
   .10000000E+01 -.15090643E+00
   .10400000E+01 -.18988056E+00
   .10800000E+01 -.22973739E+00
   .11200000E+01 -.27052428E+00
   .11600000E+01 -.31229157E+00
   .12000000E+01 -.35509284E+00
   .12400000E+01 -.39898522E+00
   .12800000E+01 -.44402976E+00
   .13200000E+01 -.49029172E+00
   .13600000E+01 -.53784108E+00
   .14000000E+01 -.58675292E+00
   .14400000E+01 -.63710796E+00
   .14800000E+01 -.68899313E+00
   .15200000E+01 -.74250223E+00
   .15600000E+01 -.79773659E+00
   .16000000E+01 -.85480591E+00
   .16400000E+01 -.91382920E+00
   .16800000E+01 -.97493574E+00
   .17200000E+01 -.10382663E+01
   .17600000E+01 -.11039745E+01
   .18000000E+01 -.11722282E+01
   .18400000E+01 -.12432113E+01
   .18800000E+01 -.13171258E+01
   .19200000E+01 -.13941942E+01
   .19600000E+01 -.14746616E+01
   .20000000E+01 -.15587995E+01
Potential  L  =        1.00000  -1.90923
  -.20000000E+01 -.34524889E+00
  -.19600000E+01 -.63674435E+00
  -.19200000E+01 -.10391186E+01
  -.18800000E+01 -.16351712E+01
  -.18400000E+01 -.26176075E+01
  -.18000000E+01 -.45619769E+01
  -.17600000E+01 -.10315615E+02
  -.17200000E+01 -.87378366E+03
  -.16800000E+01  .13079041E+02
  -.16400000E+01  .70899018E+01
  -.16000000E+01  .51013536E+01
  -.15600000E+01  .41027764E+01
  -.15200000E+01  .34985070E+01
  -.14800000E+01  .30908767E+01
  -.14400000E+01  .27953844E+01
  -.14000000E+01  .25698486E+01
  -.13600000E+01  .23908613E+01
  -.13200000E+01  .22443887E+01
  -.12800000E+01  .21215046E+01
  -.12400000E+01  .20162604E+01
  -.12000000E+01  .19245379E+01
  -.11600000E+01  .18433956E+01
  -.11200000E+01  .17706755E+01
  -.10800000E+01  .17047583E+01
  -.10400000E+01  .16444047E+01
  -.10000000E+01  .15886495E+01
  -.96000000E+00  .15367297E+01
  -.92000000E+00  .14880337E+01
  -.88000000E+00  .14420651E+01
  -.84000000E+00  .13984164E+01
  -.80000000E+00  .13567499E+01
  -.76000000E+00  .13167826E+01
  -.72000000E+00  .12782757E+01
  -.68000000E+00  .12410255E+01
  -.64000000E+00  .12048573E+01
  -.60000000E+00  .11696199E+01
  -.56000000E+00  .11351815E+01
  -.52000000E+00  .11014262E+01
  -.48000000E+00  .10682519E+01
  -.44000000E+00  .10355673E+01
  -.40000000E+00  .10032908E+01
  -.36000000E+00  .97134874E+00
  -.32000000E+00  .93967398E+00
  -.28000000E+00  .90820523E+00
  -.24000000E+00  .87688593E+00
  -.20000000E+00  .84566358E+00
  -.16000000E+00  .81448909E+00
  -.12000000E+00  .78331621E+00
  -.80000000E-01  .75210108E+00
  -.40000000E-01  .72080176E+00
   .12351231E-14  .68937792E+00
   .40000000E-01  .65779040E+00
   .80000000E-01  .62600101E+00
   .12000000E+00  .59397217E+00
   .16000000E+00  .56166670E+00
   .20000000E+00  .52904752E+00
   .24000000E+00  .49607748E+00
   .28000000E+00  .46271919E+00
   .32000000E+00  .42893438E+00
   .36000000E+00  .39468434E+00
   .40000000E+00  .35992925E+00
   .44000000E+00  .32462808E+00
   .48000000E+00  .28873831E+00
   .52000000E+00  .25221575E+00
   .56000000E+00  .21501427E+00
   .60000000E+00  .17708546E+00
   .64000000E+00  .13837845E+00
   .68000000E+00  .98839307E-01
   .72000000E+00  .58411443E-01
   .76000000E+00  .17034226E-01
   .80000000E+00 -.25356761E-01
   .84000000E+00 -.68830416E-01
   .88000000E+00 -.11346051E+00
   .92000000E+00 -.15932634E+00
   .96000000E+00 -.20651331E+00
   .10000000E+01 -.25511367E+00
   .10400000E+01 -.30522730E+00
   .10800000E+01 -.35696264E+00
   .11200000E+01 -.41043769E+00
   .11600000E+01 -.46578122E+00
   .12000000E+01 -.52313405E+00
   .12400000E+01 -.58265070E+00
   .12800000E+01 -.64450105E+00
   .13200000E+01 -.70887250E+00
   .13600000E+01 -.77597228E+00
   .14000000E+01 -.84603028E+00
   .14400000E+01 -.91930233E+00
   .14800000E+01 -.99607399E+00
   .15200000E+01 -.10766651E+01
   .15600000E+01 -.11614353E+01
   .16000000E+01 -.12507902E+01
   .16400000E+01 -.13451893E+01
   .16800000E+01 -.14451553E+01
   .17200000E+01 -.15512854E+01
   .17600000E+01 -.16642651E+01
   .18000000E+01 -.17848853E+01
   .18400000E+01 -.19140635E+01
   .18800000E+01 -.20528701E+01
   .19200000E+01 -.22025621E+01
   .19600000E+01 -.23646253E+01
   .20000000E+01 -.25408291E+01
Core Pot   L  =        2.00000   -.20617
  -.20000000E+01  .12613383E+01
  -.19600000E+01  .12442683E+01
  -.19200000E+01  .12269363E+01
  -.18800000E+01  .12093312E+01
  -.18400000E+01  .11914407E+01
  -.18000000E+01  .11732520E+01
  -.17600000E+01  .11547514E+01
  -.17200000E+01  .11359240E+01
  -.16800000E+01  .11167541E+01
  -.16400000E+01  .10972247E+01
  -.16000000E+01  .10773177E+01
  -.15600000E+01  .10570133E+01
  -.15200000E+01  .10362904E+01
  -.14800000E+01  .10151263E+01
  -.14400000E+01  .99349625E+00
  -.14000000E+01  .97137349E+00
  -.13600000E+01  .94872902E+00
  -.13200000E+01  .92553130E+00
  -.12800000E+01  .90174597E+00
  -.12400000E+01  .87733552E+00
  -.12000000E+01  .85225892E+00
  -.11600000E+01  .82647119E+00
  -.11200000E+01  .79992290E+00
  -.10800000E+01  .77255961E+00
  -.10400000E+01  .74432120E+00
  -.10000000E+01  .71514111E+00
  -.96000000E+00  .68494542E+00
  -.92000000E+00  .65365183E+00
  -.88000000E+00  .62116838E+00
  -.84000000E+00  .58739201E+00
  -.80000000E+00  .55220682E+00
  -.76000000E+00  .51548195E+00
  -.72000000E+00  .47706914E+00
  -.68000000E+00  .43679962E+00
  -.64000000E+00  .39448050E+00
  -.60000000E+00  .34989023E+00
  -.56000000E+00  .30277305E+00
  -.52000000E+00  .25283212E+00
  -.48000000E+00  .19972085E+00
  -.44000000E+00  .14303198E+00
  -.40000000E+00  .82283700E-01
  -.36000000E+00  .16901668E-01
  -.32000000E+00 -.53804351E-01
  -.28000000E+00 -.13067136E+00
  -.24000000E+00 -.21472438E+00
  -.20000000E+00 -.30723254E+00
  -.16000000E+00 -.40978637E+00
  -.12000000E+00 -.52440664E+00
  -.80000000E-01 -.65370047E+00
  -.40000000E-01 -.80109084E+00
   .12351231E-14 -.97116309E+00
   .40000000E-01 -.11702043E+01
   .80000000E-01 -.14070740E+01
   .12000000E+00 -.16946699E+01
   .16000000E+00 -.20525256E+01
   .20000000E+00 -.25117089E+01
   .24000000E+00 -.31248105E+01
   .28000000E+00 -.39884890E+01
   .32000000E+00 -.53018629E+01
   .36000000E+00 -.75512275E+01
   .40000000E+00 -.12319722E+02
   .44000000E+00 -.29378137E+02
   .48000000E+00  .10399917E+03
   .52000000E+00  .19870511E+02
   .56000000E+00  .11294889E+02
   .60000000E+00  .80245477E+01
   .64000000E+00  .62937172E+01
   .68000000E+00  .52186433E+01
   .72000000E+00  .44833002E+01
   .76000000E+00  .39465842E+01
   .80000000E+00  .35359989E+01
   .84000000E+00  .32104752E+01
   .88000000E+00  .29450065E+01
   .92000000E+00  .27234941E+01
   .96000000E+00  .25351051E+01
   .10000000E+01  .23722809E+01
   .10400000E+01  .22295872E+01
   .10800000E+01  .21030157E+01
   .11200000E+01  .19895449E+01
   .11600000E+01  .18868539E+01
   .12000000E+01  .17931298E+01
   .12400000E+01  .17069355E+01
   .12800000E+01  .16271170E+01
   .13200000E+01  .15527367E+01
   .13600000E+01  .14830244E+01
   .14000000E+01  .14173413E+01
   .14400000E+01  .13551530E+01
   .14800000E+01  .12960085E+01
   .15200000E+01  .12395244E+01
   .15600000E+01  .11853725E+01
   .16000000E+01  .11332698E+01
   .16400000E+01  .10829707E+01
   .16800000E+01  .10342610E+01
   .17200000E+01  .98695234E+00
   .17600000E+01  .94087875E+00
   .18000000E+01  .89589271E+00
   .18400000E+01  .85186262E+00
   .18800000E+01  .80867040E+00
   .19200000E+01  .76620958E+00
   .19600000E+01  .72438364E+00
   .20000000E+01  .68310466E+00
Potential  L  =        2.00000   -.20617
  -.20000000E+01  .12454524E+01
  -.19600000E+01  .12279987E+01
  -.19200000E+01  .12102734E+01
  -.18800000E+01  .11922651E+01
  -.18400000E+01  .11739616E+01
  -.18000000E+01  .11553499E+01
  -.17600000E+01  .11364162E+01
  -.17200000E+01  .11171457E+01
  -.16800000E+01  .10975226E+01
  -.16400000E+01  .10775301E+01
  -.16000000E+01  .10571499E+01
  -.15600000E+01  .10363628E+01
  -.15200000E+01  .10151479E+01
  -.14800000E+01  .99348269E+00
  -.14400000E+01  .97134310E+00
  -.14000000E+01  .94870303E+00
  -.13600000E+01  .92553432E+00
  -.13200000E+01  .90180647E+00
  -.12800000E+01  .87748640E+00
  -.12400000E+01  .85253820E+00
  -.12000000E+01  .82692277E+00
  -.11600000E+01  .80059749E+00
  -.11200000E+01  .77351574E+00
  -.10800000E+01  .74562653E+00
  -.10400000E+01  .71687386E+00
  -.10000000E+01  .68719615E+00
  -.96000000E+00  .65652549E+00
  -.92000000E+00  .62478680E+00
  -.88000000E+00  .59189685E+00
  -.84000000E+00  .55776312E+00
  -.80000000E+00  .52228243E+00
  -.76000000E+00  .48533941E+00
  -.72000000E+00  .44680454E+00
  -.68000000E+00  .40653192E+00
  -.64000000E+00  .36435684E+00
  -.60000000E+00  .32009209E+00
  -.56000000E+00  .27352440E+00
  -.52000000E+00  .22440968E+00
  -.48000000E+00  .17246689E+00
  -.44000000E+00  .11737122E+00
  -.40000000E+00  .58744904E-01
  -.36000000E+00 -.38540366E-02
  -.32000000E+00 -.70946031E-01
  -.28000000E+00 -.14314825E+00
  -.24000000E+00 -.22119823E+00
  -.20000000E+00 -.30598473E+00
  -.16000000E+00 -.39858871E+00
  -.12000000E+00 -.50033832E+00
  -.80000000E-01 -.61288390E+00
  -.40000000E-01 -.73830211E+00
   .12351231E-14 -.87924324E+00
   .40000000E-01 -.10391441E+01
   .80000000E-01 -.12225433E+01
   .12000000E+00 -.14355617E+01
   .16000000E+00 -.16866575E+01
   .20000000E+00 -.19878608E+01
   .24000000E+00 -.23568815E+01
   .28000000E+00 -.28209105E+01
   .32000000E+00 -.34239465E+01
   .36000000E+00 -.42421565E+01
   .40000000E+00 -.54198525E+01
   .44000000E+00 -.72676621E+01
   .48000000E+00 -.10599096E+02
   .52000000E+00 -.18440163E+02
   .56000000E+00 -.59528926E+02
   .60000000E+00  .54596069E+02
   .64000000E+00  .19444052E+02
   .68000000E+00  .12075859E+02
   .72000000E+00  .88740212E+01
   .76000000E+00  .70788093E+01
   .80000000E+00  .59269518E+01
   .84000000E+00  .51227770E+01
   .88000000E+00  .45276917E+01
   .92000000E+00  .40680915E+01
   .96000000E+00  .37012761E+01
   .10000000E+01  .34007596E+01
   .10400000E+01  .31492453E+01
   .10800000E+01  .29349570E+01
   .11200000E+01  .27495994E+01
   .11600000E+01  .25871595E+01
   .12000000E+01  .24431721E+01
   .12400000E+01  .23142514E+01
   .12800000E+01  .21977832E+01
   .13200000E+01  .20917165E+01
   .13600000E+01  .19944192E+01
   .14000000E+01  .19045763E+01
   .14400000E+01  .18211161E+01
   .14800000E+01  .17431560E+01
   .15200000E+01  .16699624E+01
   .15600000E+01  .16009203E+01
   .16000000E+01  .15355101E+01
   .16400000E+01  .14732892E+01
   .16800000E+01  .14138786E+01
   .17200000E+01  .13569509E+01
   .17600000E+01  .13022225E+01
   .18000000E+01  .12494452E+01
   .18400000E+01  .11984018E+01
   .18800000E+01  .11489001E+01
   .19200000E+01  .11007699E+01
   .19600000E+01  .10538596E+01
   .20000000E+01  .10080332E+01
Core Pot   L  =        3.00000    .00000
  -.20000000E+01  .15745495E+01
  -.19600000E+01  .15615198E+01
  -.19200000E+01  .15483506E+01
  -.18800000E+01  .15350353E+01
  -.18400000E+01  .15215662E+01
  -.18000000E+01  .15079349E+01
  -.17600000E+01  .14941320E+01
  -.17200000E+01  .14801471E+01
  -.16800000E+01  .14659683E+01
  -.16400000E+01  .14515821E+01
  -.16000000E+01  .14369735E+01
  -.15600000E+01  .14221247E+01
  -.15200000E+01  .14070156E+01
  -.14800000E+01  .13916227E+01
  -.14400000E+01  .13759184E+01
  -.14000000E+01  .13598701E+01
  -.13600000E+01  .13434389E+01
  -.13200000E+01  .13265779E+01
  -.12800000E+01  .13092300E+01
  -.12400000E+01  .12913247E+01
  -.12000000E+01  .12727739E+01
  -.11600000E+01  .12534661E+01
  -.11200000E+01  .12332573E+01
  -.10800000E+01  .12119582E+01
  -.10400000E+01  .11893150E+01
  -.10000000E+01  .11649782E+01
  -.96000000E+00  .11384528E+01
  -.92000000E+00  .11090131E+01
  -.88000000E+00  .10755490E+01
  -.84000000E+00  .10362720E+01
  -.80000000E+00  .98810113E+00
  -.76000000E+00  .92523469E+00
  -.72000000E+00  .83529122E+00
  -.68000000E+00  .68627847E+00
  -.64000000E+00  .36228101E+00
  -.60000000E+00 -.11363597E+01
  -.56000000E+00  .36024201E+01
  -.52000000E+00  .18950946E+01
  -.48000000E+00  .15537577E+01
  -.44000000E+00  .13990963E+01
  -.40000000E+00  .13058414E+01
  -.36000000E+00  .12402345E+01
  -.32000000E+00  .11893666E+01
  -.28000000E+00  .11472328E+01
  -.24000000E+00  .11106589E+01
  -.20000000E+00  .10778076E+01
  -.16000000E+00  .10475401E+01
  -.12000000E+00  .10191118E+01
  -.80000000E-01  .99201391E+00
  -.40000000E-01  .96588603E+00
   .12351231E-14  .94046453E+00
   .40000000E-01  .91555124E+00
   .80000000E-01  .89099338E+00
   .12000000E+00  .86667043E+00
   .16000000E+00  .84248522E+00
   .20000000E+00  .81835774E+00
   .24000000E+00  .79422081E+00
   .28000000E+00  .77001688E+00
   .32000000E+00  .74569571E+00
   .36000000E+00  .72121261E+00
   .40000000E+00  .69652708E+00
   .44000000E+00  .67160181E+00
   .48000000E+00  .64640181E+00
   .52000000E+00  .62089376E+00
   .56000000E+00  .59504548E+00
   .60000000E+00  .56882544E+00
   .64000000E+00  .54220239E+00
   .68000000E+00  .51514499E+00
   .72000000E+00  .48762154E+00
   .76000000E+00  .45959964E+00
   .80000000E+00  .43104596E+00
   .84000000E+00  .40192595E+00
   .88000000E+00  .37220359E+00
   .92000000E+00  .34184113E+00
   .96000000E+00  .31079880E+00
   .10000000E+01  .27903452E+00
   .10400000E+01  .24650363E+00
   .10800000E+01  .21315850E+00
   .11200000E+01  .17894823E+00
   .11600000E+01  .14381820E+00
   .12000000E+01  .10770970E+00
   .12400000E+01  .70559378E-01
   .12800000E+01  .32298726E-01
   .13200000E+01 -.71465250E-02
   .13600000E+01 -.47857102E-01
   .14000000E+01 -.89920980E-01
   .14400000E+01 -.13343427E+00
   .14800000E+01 -.17850223E+00
   .15200000E+01 -.22524046E+00
   .15600000E+01 -.27377625E+00
   .16000000E+01 -.32425011E+00
   .16400000E+01 -.37681766E+00
   .16800000E+01 -.43165168E+00
   .17200000E+01 -.48894465E+00
   .17600000E+01 -.54891166E+00
   .18000000E+01 -.61179389E+00
   .18400000E+01 -.67786272E+00
   .18800000E+01 -.74742468E+00
   .19200000E+01 -.82082735E+00
   .19600000E+01 -.89846658E+00
   .20000000E+01 -.98079512E+00
Potential  L  =        3.00000    .00000
  -.20000000E+01  .15923092E+01
  -.19600000E+01  .15801017E+01
  -.19200000E+01  .15678105E+01
  -.18800000E+01  .15554341E+01
  -.18400000E+01  .15429707E+01
  -.18000000E+01  .15304188E+01
  -.17600000E+01  .15177766E+01
  -.17200000E+01  .15050424E+01
  -.16800000E+01  .14922144E+01
  -.16400000E+01  .14792908E+01
  -.16000000E+01  .14662695E+01
  -.15600000E+01  .14531487E+01
  -.15200000E+01  .14399263E+01
  -.14800000E+01  .14266002E+01
  -.14400000E+01  .14131682E+01
  -.14000000E+01  .13996281E+01
  -.13600000E+01  .13859775E+01
  -.13200000E+01  .13722142E+01
  -.12800000E+01  .13583356E+01
  -.12400000E+01  .13443392E+01
  -.12000000E+01  .13302224E+01
  -.11600000E+01  .13159823E+01
  -.11200000E+01  .13016164E+01
  -.10800000E+01  .12871215E+01
  -.10400000E+01  .12724948E+01
  -.10000000E+01  .12577330E+01
  -.96000000E+00  .12428331E+01
  -.92000000E+00  .12277915E+01
  -.88000000E+00  .12126049E+01
  -.84000000E+00  .11972696E+01
  -.80000000E+00  .11817820E+01
  -.76000000E+00  .11661382E+01
  -.72000000E+00  .11503341E+01
  -.68000000E+00  .11343656E+01
  -.64000000E+00  .11182283E+01
  -.60000000E+00  .11019178E+01
  -.56000000E+00  .10854293E+01
  -.52000000E+00  .10687581E+01
  -.48000000E+00  .10518990E+01
  -.44000000E+00  .10348467E+01
  -.40000000E+00  .10175957E+01
  -.36000000E+00  .10001404E+01
  -.32000000E+00  .98247477E+00
  -.28000000E+00  .96459252E+00
  -.24000000E+00  .94648718E+00
  -.20000000E+00  .92815196E+00
  -.16000000E+00  .90957976E+00
  -.12000000E+00  .89076316E+00
  -.80000000E-01  .87169439E+00
  -.40000000E-01  .85236533E+00
   .12351231E-14  .83276748E+00
   .40000000E-01  .81289191E+00
   .80000000E-01  .79272928E+00
   .12000000E+00  .77226979E+00
   .16000000E+00  .75150313E+00
   .20000000E+00  .73041848E+00
   .24000000E+00  .70900449E+00
   .28000000E+00  .68724918E+00
   .32000000E+00  .66513997E+00
   .36000000E+00  .64266358E+00
   .40000000E+00  .61980604E+00
   .44000000E+00  .59655259E+00
   .48000000E+00  .57288766E+00
   .52000000E+00  .54879479E+00
   .56000000E+00  .52425657E+00
   .60000000E+00  .49925450E+00
   .64000000E+00  .47376910E+00
   .68000000E+00  .44777963E+00
   .72000000E+00  .42126413E+00
   .76000000E+00  .39419925E+00
   .80000000E+00  .36656014E+00
   .84000000E+00  .33832036E+00
   .88000000E+00  .30945173E+00
   .92000000E+00  .27992420E+00
   .96000000E+00  .24970564E+00
   .10000000E+01  .21876172E+00
   .10400000E+01  .18705569E+00
   .10800000E+01  .15454814E+00
   .11200000E+01  .12119678E+00
   .11600000E+01  .86956160E-01
   .12000000E+01  .51777378E-01
   .12400000E+01  .15607685E-01
   .12800000E+01 -.21609744E-01
   .13200000E+01 -.59936477E-01
   .13600000E+01 -.99439062E-01
   .14000000E+01 -.14018974E+00
   .14400000E+01 -.18226693E+00
   .14800000E+01 -.22575605E+00
   .15200000E+01 -.27075019E+00
   .15600000E+01 -.31735107E+00
   .16000000E+01 -.36567004E+00
   .16400000E+01 -.41582932E+00
   .16800000E+01 -.46796322E+00
   .17200000E+01 -.52221981E+00
   .17600000E+01 -.57876277E+00
   .18000000E+01 -.63777330E+00
   .18400000E+01 -.69945275E+00
   .18800000E+01 -.76402545E+00
   .19200000E+01 -.83174204E+00
   .19600000E+01 -.90288351E+00
   .20000000E+01 -.97776594E+00
Core Pot   L  =        4.00000    .00000
  -.20000000E+01  .18894735E+01
  -.19600000E+01  .18792617E+01
  -.19200000E+01  .18690004E+01
  -.18800000E+01  .18586889E+01
  -.18400000E+01  .18483266E+01
  -.18000000E+01  .18379126E+01
  -.17600000E+01  .18274464E+01
  -.17200000E+01  .18169271E+01
  -.16800000E+01  .18063540E+01
  -.16400000E+01  .17957264E+01
  -.16000000E+01  .17850435E+01
  -.15600000E+01  .17743044E+01
  -.15200000E+01  .17635085E+01
  -.14800000E+01  .17526547E+01
  -.14400000E+01  .17417424E+01
  -.14000000E+01  .17307705E+01
  -.13600000E+01  .17197383E+01
  -.13200000E+01  .17086447E+01
  -.12800000E+01  .16974889E+01
  -.12400000E+01  .16862699E+01
  -.12000000E+01  .16749867E+01
  -.11600000E+01  .16636383E+01
  -.11200000E+01  .16522237E+01
  -.10800000E+01  .16407419E+01
  -.10400000E+01  .16291916E+01
  -.10000000E+01  .16175719E+01
  -.96000000E+00  .16058816E+01
  -.92000000E+00  .15941195E+01
  -.88000000E+00  .15822845E+01
  -.84000000E+00  .15703752E+01
  -.80000000E+00  .15583905E+01
  -.76000000E+00  .15463291E+01
  -.72000000E+00  .15341895E+01
  -.68000000E+00  .15219705E+01
  -.64000000E+00  .15096707E+01
  -.60000000E+00  .14972886E+01
  -.56000000E+00  .14848227E+01
  -.52000000E+00  .14722715E+01
  -.48000000E+00  .14596335E+01
  -.44000000E+00  .14469071E+01
  -.40000000E+00  .14340906E+01
  -.36000000E+00  .14211823E+01
  -.32000000E+00  .14081804E+01
  -.28000000E+00  .13950832E+01
  -.24000000E+00  .13818888E+01
  -.20000000E+00  .13685953E+01
  -.16000000E+00  .13552007E+01
  -.12000000E+00  .13417031E+01
  -.80000000E-01  .13281002E+01
  -.40000000E-01  .13143901E+01
   .12351231E-14  .13005704E+01
   .40000000E-01  .12866389E+01
   .80000000E-01  .12725931E+01
   .12000000E+00  .12584308E+01
   .16000000E+00  .12441493E+01
   .20000000E+00  .12297461E+01
   .24000000E+00  .12152184E+01
   .28000000E+00  .12005636E+01
   .32000000E+00  .11857786E+01
   .36000000E+00  .11708607E+01
   .40000000E+00  .11558066E+01
   .44000000E+00  .11406132E+01
   .48000000E+00  .11252773E+01
   .52000000E+00  .11097954E+01
   .56000000E+00  .10941641E+01
   .60000000E+00  .10783795E+01
   .64000000E+00  .10624381E+01
   .68000000E+00  .10463357E+01
   .72000000E+00  .10300685E+01
   .76000000E+00  .10136320E+01
   .80000000E+00  .99702197E+00
   .84000000E+00  .98023380E+00
   .88000000E+00  .96326275E+00
   .92000000E+00  .94610389E+00
   .96000000E+00  .92875208E+00
   .10000000E+01  .91120198E+00
   .10400000E+01  .89344804E+00
   .10800000E+01  .87548445E+00
   .11200000E+01  .85730519E+00
   .11600000E+01  .83890397E+00
   .12000000E+01  .82027421E+00
   .12400000E+01  .80140906E+00
   .12800000E+01  .78230138E+00
   .13200000E+01  .76294367E+00
   .13600000E+01  .74332814E+00
   .14000000E+01  .72344659E+00
   .14400000E+01  .70329048E+00
   .14800000E+01  .68285084E+00
   .15200000E+01  .66211829E+00
   .15600000E+01  .64108297E+00
   .16000000E+01  .61973457E+00
   .16400000E+01  .59806223E+00
   .16800000E+01  .57605456E+00
   .17200000E+01  .55369960E+00
   .17600000E+01  .53098473E+00
   .18000000E+01  .50789670E+00
   .18400000E+01  .48442154E+00
   .18800000E+01  .46054450E+00
   .19200000E+01  .43625006E+00
   .19600000E+01  .41152179E+00
   .20000000E+01  .38634234E+00
Potential  L  =        4.00000    .00000
  -.20000000E+01  .18925783E+01
  -.19600000E+01  .18824354E+01
  -.19200000E+01  .18722427E+01
  -.18800000E+01  .18620027E+01
  -.18400000E+01  .18517146E+01
  -.18000000E+01  .18413754E+01
  -.17600000E+01  .18309866E+01
  -.17200000E+01  .18205477E+01
  -.16800000E+01  .18100558E+01
  -.16400000E+01  .17995134E+01
  -.16000000E+01  .17889169E+01
  -.15600000E+01  .17782668E+01
  -.15200000E+01  .17675621E+01
  -.14800000E+01  .17568020E+01
  -.14400000E+01  .17459866E+01
  -.14000000E+01  .17351136E+01
  -.13600000E+01  .17241829E+01
  -.13200000E+01  .17131955E+01
  -.12800000E+01  .17021469E+01
  -.12400000E+01  .16910398E+01
  -.12000000E+01  .16798706E+01
  -.11600000E+01  .16686408E+01
  -.11200000E+01  .16573475E+01
  -.10800000E+01  .16459908E+01
  -.10400000E+01  .16345687E+01
  -.10000000E+01  .16230822E+01
  -.96000000E+00  .16115285E+01
  -.92000000E+00  .15999071E+01
  -.88000000E+00  .15882169E+01
  -.84000000E+00  .15764574E+01
  -.80000000E+00  .15646264E+01
  -.76000000E+00  .15527237E+01
  -.72000000E+00  .15407479E+01
  -.68000000E+00  .15286977E+01
  -.64000000E+00  .15165722E+01
  -.60000000E+00  .15043695E+01
  -.56000000E+00  .14920892E+01
  -.52000000E+00  .14797291E+01
  -.48000000E+00  .14672887E+01
  -.44000000E+00  .14547658E+01
  -.40000000E+00  .14421599E+01
  -.36000000E+00  .14294686E+01
  -.32000000E+00  .14166912E+01
  -.28000000E+00  .14038261E+01
  -.24000000E+00  .13908710E+01
  -.20000000E+00  .13778253E+01
  -.16000000E+00  .13646866E+01
  -.12000000E+00  .13514535E+01
  -.80000000E-01  .13381242E+01
  -.40000000E-01  .13246972E+01
   .12351231E-14  .13111702E+01
   .40000000E-01  .12975417E+01
   .80000000E-01  .12838095E+01
   .12000000E+00  .12699718E+01
   .16000000E+00  .12560264E+01
   .20000000E+00  .12419712E+01
   .24000000E+00  .12278041E+01
   .28000000E+00  .12135229E+01
   .32000000E+00  .11991252E+01
   .36000000E+00  .11846087E+01
   .40000000E+00  .11699708E+01
   .44000000E+00  .11552091E+01
   .48000000E+00  .11403210E+01
   .52000000E+00  .11253039E+01
   .56000000E+00  .11101548E+01
   .60000000E+00  .10948711E+01
   .64000000E+00  .10794497E+01
   .68000000E+00  .10638876E+01
   .72000000E+00  .10481816E+01
   .76000000E+00  .10323286E+01
   .80000000E+00  .10163251E+01
   .84000000E+00  .10001678E+01
   .88000000E+00  .98385294E+00
   .92000000E+00  .96737692E+00
   .96000000E+00  .95073589E+00
   .10000000E+01  .93392588E+00
   .10400000E+01  .91694279E+00
   .10800000E+01  .89978239E+00
   .11200000E+01  .88244022E+00
   .11600000E+01  .86491175E+00
   .12000000E+01  .84719224E+00
   .12400000E+01  .82927678E+00
   .12800000E+01  .81116029E+00
   .13200000E+01  .79283747E+00
   .13600000E+01  .77430285E+00
   .14000000E+01  .75555071E+00
   .14400000E+01  .73657515E+00
   .14800000E+01  .71736999E+00
   .15200000E+01  .69792885E+00
   .15600000E+01  .67824507E+00
   .16000000E+01  .65831168E+00
   .16400000E+01  .63812149E+00
   .16800000E+01  .61766696E+00
   .17200000E+01  .59694027E+00
   .17600000E+01  .57593323E+00
   .18000000E+01  .55463733E+00
   .18400000E+01  .53304364E+00
   .18800000E+01  .51114287E+00
   .19200000E+01  .48892535E+00
   .19600000E+01  .46638084E+00
   .20000000E+01  .44349878E+00
KBPotential  L  =       .00000  -6.84627
  -.20000000E+01  .12062102E+01
  -.19600000E+01  .11871483E+01
  -.19200000E+01  .11680749E+01
  -.18800000E+01  .11489732E+01
  -.18400000E+01  .11298276E+01
  -.18000000E+01  .11106232E+01
  -.17600000E+01  .10913463E+01
  -.17200000E+01  .10719835E+01
  -.16800000E+01  .10525223E+01
  -.16400000E+01  .10329504E+01
  -.16000000E+01  .10132560E+01
  -.15600000E+01  .99342770E+00
  -.15200000E+01  .97345411E+00
  -.14800000E+01  .95332416E+00
  -.14400000E+01  .93302685E+00
  -.14000000E+01  .91255124E+00
  -.13600000E+01  .89188635E+00
  -.13200000E+01  .87102126E+00
  -.12800000E+01  .84994476E+00
  -.12400000E+01  .82864568E+00
  -.12000000E+01  .80711259E+00
  -.11600000E+01  .78533389E+00
  -.11200000E+01  .76329755E+00
  -.10800000E+01  .74099143E+00
  -.10400000E+01  .71840296E+00
  -.10000000E+01  .69551913E+00
  -.96000000E+00  .67232651E+00
  -.92000000E+00  .64881116E+00
  -.88000000E+00  .62495862E+00
  -.84000000E+00  .60075379E+00
  -.80000000E+00  .57618097E+00
  -.76000000E+00  .55122370E+00
  -.72000000E+00  .52586476E+00
  -.68000000E+00  .50008609E+00
  -.64000000E+00  .47386870E+00
  -.60000000E+00  .44719263E+00
  -.56000000E+00  .42003681E+00
  -.52000000E+00  .39237908E+00
  -.48000000E+00  .36419584E+00
  -.44000000E+00  .33546228E+00
  -.40000000E+00  .30615195E+00
  -.36000000E+00  .27623687E+00
  -.32000000E+00  .24568722E+00
  -.28000000E+00  .21447130E+00
  -.24000000E+00  .18255530E+00
  -.20000000E+00  .14990305E+00
  -.16000000E+00  .11647592E+00
  -.12000000E+00  .82232602E-01
  -.80000000E-01  .47128591E-01
  -.40000000E-01  .11116246E-01
   .12351231E-14 -.25855824E-01
   .40000000E-01 -.63842766E-01
   .80000000E-01 -.10290452E+00
   .12000000E+00 -.14310551E+00
   .16000000E+00 -.18451586E+00
   .20000000E+00 -.22721141E+00
   .24000000E+00 -.27127477E+00
   .28000000E+00 -.31679603E+00
   .32000000E+00 -.36387341E+00
   .36000000E+00 -.41261439E+00
   .40000000E+00 -.46313700E+00
   .44000000E+00 -.51557079E+00
   .48000000E+00 -.57005851E+00
   .52000000E+00 -.62675787E+00
   .56000000E+00 -.68584376E+00
   .60000000E+00 -.74751017E+00
   .64000000E+00 -.81197325E+00
   .68000000E+00 -.87947452E+00
   .72000000E+00 -.95028481E+00
   .76000000E+00 -.10247087E+01
   .80000000E+00 -.11030903E+01
   .84000000E+00 -.11858193E+01
   .88000000E+00 -.12733397E+01
   .92000000E+00 -.13661586E+01
   .96000000E+00 -.14648590E+01
   .10000000E+01 -.15701137E+01
   .10400000E+01 -.16827037E+01
   .10800000E+01 -.18035410E+01
   .11200000E+01 -.19336969E+01
   .11600000E+01 -.20744400E+01
   .12000000E+01 -.22272809E+01
   .12400000E+01 -.23940357E+01
   .12800000E+01 -.25769067E+01
   .13200000E+01 -.27785902E+01
   .13600000E+01 -.30024240E+01
   .14000000E+01 -.32525905E+01
   .14400000E+01 -.35344027E+01
   .14800000E+01 -.38547114E+01
   .15200000E+01 -.42225094E+01
   .15600000E+01 -.46498376E+01
   .16000000E+01 -.51531965E+01
   .16400000E+01 -.57558227E+01
   .16800000E+01 -.64915177E+01
   .17200000E+01 -.74114242E+01
   .17600000E+01 -.85967815E+01
   .18000000E+01 -.10184890E+02
   .18400000E+01 -.12427548E+02
   .18800000E+01 -.15841883E+02
   .19200000E+01 -.21684712E+02
   .19600000E+01 -.34011555E+02
   .20000000E+01 -.77250124E+02
KBPotential  L  =      1.00000  -3.81847
  -.20000000E+01 -.16262431E+00
  -.19600000E+01 -.49196828E+00
  -.19200000E+01 -.99223828E+00
  -.18800000E+01 -.18535355E+01
  -.18400000E+01 -.37143673E+01
  -.18000000E+01 -.10884018E+02
  -.17600000E+01  .28987040E+02
  -.17200000E+01  .76948543E+01
  -.16800000E+01  .48710848E+01
  -.16400000E+01  .37476285E+01
  -.16000000E+01  .31393002E+01
  -.15600000E+01  .27546777E+01
  -.15200000E+01  .24872448E+01
  -.14800000E+01  .22888137E+01
  -.14400000E+01  .21344073E+01
  -.14000000E+01  .20097849E+01
  -.13600000E+01  .19062328E+01
  -.13200000E+01  .18181193E+01
  -.12800000E+01  .17416428E+01
  -.12400000E+01  .16741434E+01
  -.12000000E+01  .16137043E+01
  -.11600000E+01  .15589082E+01
  -.11200000E+01  .15086850E+01
  -.10800000E+01  .14622108E+01
  -.10400000E+01  .14188410E+01
  -.10000000E+01  .13780635E+01
  -.96000000E+00  .13394664E+01
  -.92000000E+00  .13027140E+01
  -.88000000E+00  .12675301E+01
  -.84000000E+00  .12336850E+01
  -.80000000E+00  .12009858E+01
  -.76000000E+00  .11692693E+01
  -.72000000E+00  .11383962E+01
  -.68000000E+00  .11082467E+01
  -.64000000E+00  .10787170E+01
  -.60000000E+00  .10497166E+01
  -.56000000E+00  .10211658E+01
  -.52000000E+00  .99299453E+00
  -.48000000E+00  .96514009E+00
  -.44000000E+00  .93754646E+00
  -.40000000E+00  .91016314E+00
  -.36000000E+00  .88294436E+00
  -.32000000E+00  .85584836E+00
  -.28000000E+00  .82883665E+00
  -.24000000E+00  .80187390E+00
  -.20000000E+00  .77492712E+00
  -.16000000E+00  .74796546E+00
  -.12000000E+00  .72095992E+00
  -.80000000E-01  .69388300E+00
  -.40000000E-01  .66670850E+00
   .12351231E-14  .63941131E+00
   .40000000E-01  .61196720E+00
   .80000000E-01  .58435265E+00
   .12000000E+00  .55654474E+00
   .16000000E+00  .52852094E+00
   .20000000E+00  .50025904E+00
   .24000000E+00  .47173704E+00
   .28000000E+00  .44293296E+00
   .32000000E+00  .41382481E+00
   .36000000E+00  .38439052E+00
   .40000000E+00  .35460769E+00
   .44000000E+00  .32445366E+00
   .48000000E+00  .29390537E+00
   .52000000E+00  .26293921E+00
   .56000000E+00  .23153101E+00
   .60000000E+00  .19965580E+00
   .64000000E+00  .16728792E+00
   .68000000E+00  .13440081E+00
   .72000000E+00  .10096687E+00
   .76000000E+00  .66957424E-01
   .80000000E+00  .32342547E-01
   .84000000E+00 -.29090215E-02
   .88000000E+00 -.38829879E-01
   .92000000E+00 -.75454504E-01
   .96000000E+00 -.11281886E+00
   .10000000E+01 -.15096096E+00
   .10400000E+01 -.18992060E+00
   .10800000E+01 -.22974076E+00
   .11200000E+01 -.27046595E+00
   .11600000E+01 -.31214369E+00
   .12000000E+01 -.35482447E+00
   .12400000E+01 -.39856196E+00
   .12800000E+01 -.44341339E+00
   .13200000E+01 -.48943970E+00
   .13600000E+01 -.53670611E+00
   .14000000E+01 -.58528238E+00
   .14400000E+01 -.63524330E+00
   .14800000E+01 -.68666917E+00
   .15200000E+01 -.73964631E+00
   .15600000E+01 -.79426770E+00
   .16000000E+01 -.85063368E+00
   .16400000E+01 -.90885267E+00
   .16800000E+01 -.96904203E+00
   .17200000E+01 -.10313291E+01
   .17600000E+01 -.10958521E+01
   .18000000E+01 -.11627618E+01
   .18400000E+01 -.12322223E+01
   .18800000E+01 -.13044133E+01
   .19200000E+01 -.13795315E+01
   .19600000E+01 -.14577929E+01
   .20000000E+01 -.15394351E+01
KBPotential  L  =      2.00000   -.41233
  -.20000000E+01  .12619696E+01
  -.19600000E+01  .12448734E+01
  -.19200000E+01  .12275155E+01
  -.18800000E+01  .12098846E+01
  -.18400000E+01  .11919730E+01
  -.18000000E+01  .11737589E+01
  -.17600000E+01  .11552331E+01
  -.17200000E+01  .11363808E+01
  -.16800000E+01  .11171864E+01
  -.16400000E+01  .10976327E+01
  -.16000000E+01  .10777017E+01
  -.15600000E+01  .10573738E+01
  -.15200000E+01  .10366278E+01
  -.14800000E+01  .10154409E+01
  -.14400000E+01  .99378841E+00
  -.14000000E+01  .97164378E+00
  -.13600000E+01  .94897792E+00
  -.13200000E+01  .92575923E+00
  -.12800000E+01  .90195356E+00
  -.12400000E+01  .87752332E+00
  -.12000000E+01  .85242751E+00
  -.11600000E+01  .82662118E+00
  -.11200000E+01  .80005493E+00
  -.10800000E+01  .77267435E+00
  -.10400000E+01  .74441992E+00
  -.10000000E+01  .71522393E+00
  -.96000000E+00  .68501307E+00
  -.92000000E+00  .65370507E+00
  -.88000000E+00  .62120942E+00
  -.84000000E+00  .58742021E+00
  -.80000000E+00  .55222297E+00
  -.76000000E+00  .51548691E+00
  -.72000000E+00  .47706337E+00
  -.68000000E+00  .43678689E+00
  -.64000000E+00  .39446239E+00
  -.60000000E+00  .34985723E+00
  -.56000000E+00  .30273311E+00
  -.52000000E+00  .25278605E+00
  -.48000000E+00  .19966943E+00
  -.44000000E+00  .14297597E+00
  -.40000000E+00  .82223794E-01
  -.36000000E+00  .16838504E-01
  -.32000000E+00 -.53870068E-01
  -.28000000E+00 -.13074155E+00
  -.24000000E+00 -.21479438E+00
  -.20000000E+00 -.30730437E+00
  -.16000000E+00 -.40985994E+00
  -.12000000E+00 -.52448207E+00
  -.80000000E-01 -.65377802E+00
  -.40000000E-01 -.80117080E+00
   .12351231E-14 -.97124566E+00
   .40000000E-01 -.11702892E+01
   .80000000E-01 -.14071495E+01
   .12000000E+00 -.16947308E+01
   .16000000E+00 -.20525686E+01
   .20000000E+00 -.25117434E+01
   .24000000E+00 -.31247480E+01
   .28000000E+00 -.39881867E+01
   .32000000E+00 -.53008723E+01
   .36000000E+00 -.75483285E+01
   .40000000E+00 -.12309276E+02
   .44000000E+00 -.29300821E+02
   .48000000E+00  .10524874E+03
   .52000000E+00  .19926913E+02
   .56000000E+00  .11317288E+02
   .60000000E+00  .80382966E+01
   .64000000E+00  .63039085E+01
   .68000000E+00  .52270214E+01
   .72000000E+00  .44906448E+01
   .76000000E+00  .39533057E+01
   .80000000E+00  .35423391E+01
   .84000000E+00  .32165898E+01
   .88000000E+00  .29510026E+01
   .92000000E+00  .27294500E+01
   .96000000E+00  .25410800E+01
   .10000000E+01  .23783140E+01
   .10400000E+01  .22357459E+01
   .10800000E+01  .21093175E+01
   .11200000E+01  .19960203E+01
   .11600000E+01  .18935310E+01
   .12000000E+01  .18000349E+01
   .12400000E+01  .17140939E+01
   .12800000E+01  .16345533E+01
   .13200000E+01  .15604753E+01
   .13600000E+01  .14910888E+01
   .14000000E+01  .14257557E+01
   .14400000E+01  .13639415E+01
   .14800000E+01  .13051963E+01
   .15200000E+01  .12491372E+01
   .15600000E+01  .11954363E+01
   .16000000E+01  .11438119E+01
   .16400000E+01  .10940194E+01
   .16800000E+01  .10458448E+01
   .17200000E+01  .99910365E+00
   .17600000E+01  .95362823E+00
   .18000000E+01  .90927487E+00
   .18400000E+01  .86591077E+00
   .18800000E+01  .82341983E+00
   .19200000E+01  .78169991E+00
   .19600000E+01  .74065788E+00
   .20000000E+01  .70020167E+00
KBPotential  L  =      3.00000    .00000
  -.20000000E+01  .15923092E+01
  -.19600000E+01  .15801017E+01
  -.19200000E+01  .15678105E+01
  -.18800000E+01  .15554341E+01
  -.18400000E+01  .15429707E+01
  -.18000000E+01  .15304188E+01
  -.17600000E+01  .15177766E+01
  -.17200000E+01  .15050424E+01
  -.16800000E+01  .14922144E+01
  -.16400000E+01  .14792908E+01
  -.16000000E+01  .14662695E+01
  -.15600000E+01  .14531487E+01
  -.15200000E+01  .14399263E+01
  -.14800000E+01  .14266002E+01
  -.14400000E+01  .14131682E+01
  -.14000000E+01  .13996281E+01
  -.13600000E+01  .13859775E+01
  -.13200000E+01  .13722142E+01
  -.12800000E+01  .13583356E+01
  -.12400000E+01  .13443392E+01
  -.12000000E+01  .13302224E+01
  -.11600000E+01  .13159823E+01
  -.11200000E+01  .13016164E+01
  -.10800000E+01  .12871215E+01
  -.10400000E+01  .12724948E+01
  -.10000000E+01  .12577330E+01
  -.96000000E+00  .12428331E+01
  -.92000000E+00  .12277915E+01
  -.88000000E+00  .12126049E+01
  -.84000000E+00  .11972696E+01
  -.80000000E+00  .11817820E+01
  -.76000000E+00  .11661382E+01
  -.72000000E+00  .11503341E+01
  -.68000000E+00  .11343656E+01
  -.64000000E+00  .11182283E+01
  -.60000000E+00  .11019178E+01
  -.56000000E+00  .10854293E+01
  -.52000000E+00  .10687581E+01
  -.48000000E+00  .10518990E+01
  -.44000000E+00  .10348467E+01
  -.40000000E+00  .10175957E+01
  -.36000000E+00  .10001404E+01
  -.32000000E+00  .98247477E+00
  -.28000000E+00  .96459252E+00
  -.24000000E+00  .94648718E+00
  -.20000000E+00  .92815196E+00
  -.16000000E+00  .90957976E+00
  -.12000000E+00  .89076316E+00
  -.80000000E-01  .87169439E+00
  -.40000000E-01  .85236533E+00
   .12351231E-14  .83276748E+00
   .40000000E-01  .81289191E+00
   .80000000E-01  .79272928E+00
   .12000000E+00  .77226979E+00
   .16000000E+00  .75150313E+00
   .20000000E+00  .73041848E+00
   .24000000E+00  .70900449E+00
   .28000000E+00  .68724918E+00
   .32000000E+00  .66513997E+00
   .36000000E+00  .64266358E+00
   .40000000E+00  .61980604E+00
   .44000000E+00  .59655259E+00
   .48000000E+00  .57288766E+00
   .52000000E+00  .54879479E+00
   .56000000E+00  .52425657E+00
   .60000000E+00  .49925450E+00
   .64000000E+00  .47376910E+00
   .68000000E+00  .44777963E+00
   .72000000E+00  .42126413E+00
   .76000000E+00  .39419925E+00
   .80000000E+00  .36656014E+00
   .84000000E+00  .33832036E+00
   .88000000E+00  .30945173E+00
   .92000000E+00  .27992420E+00
   .96000000E+00  .24970564E+00
   .10000000E+01  .21876172E+00
   .10400000E+01  .18705569E+00
   .10800000E+01  .15454814E+00
   .11200000E+01  .12119678E+00
   .11600000E+01  .86956160E-01
   .12000000E+01  .51777378E-01
   .12400000E+01  .15607685E-01
   .12800000E+01 -.21609744E-01
   .13200000E+01 -.59936477E-01
   .13600000E+01 -.99439062E-01
   .14000000E+01 -.14018974E+00
   .14400000E+01 -.18226693E+00
   .14800000E+01 -.22575605E+00
   .15200000E+01 -.27075019E+00
   .15600000E+01 -.31735107E+00
   .16000000E+01 -.36567004E+00
   .16400000E+01 -.41582932E+00
   .16800000E+01 -.46796322E+00
   .17200000E+01 -.52221981E+00
   .17600000E+01 -.57876277E+00
   .18000000E+01 -.63777330E+00
   .18400000E+01 -.69945275E+00
   .18800000E+01 -.76402545E+00
   .19200000E+01 -.83174204E+00
   .19600000E+01 -.90288351E+00
   .20000000E+01 -.97776594E+00
KBPotential  L  =      4.00000    .00000
  -.20000000E+01  .18925783E+01
  -.19600000E+01  .18824354E+01
  -.19200000E+01  .18722427E+01
  -.18800000E+01  .18620027E+01
  -.18400000E+01  .18517146E+01
  -.18000000E+01  .18413754E+01
  -.17600000E+01  .18309866E+01
  -.17200000E+01  .18205477E+01
  -.16800000E+01  .18100558E+01
  -.16400000E+01  .17995134E+01
  -.16000000E+01  .17889169E+01
  -.15600000E+01  .17782668E+01
  -.15200000E+01  .17675621E+01
  -.14800000E+01  .17568020E+01
  -.14400000E+01  .17459866E+01
  -.14000000E+01  .17351136E+01
  -.13600000E+01  .17241829E+01
  -.13200000E+01  .17131955E+01
  -.12800000E+01  .17021469E+01
  -.12400000E+01  .16910398E+01
  -.12000000E+01  .16798706E+01
  -.11600000E+01  .16686408E+01
  -.11200000E+01  .16573475E+01
  -.10800000E+01  .16459908E+01
  -.10400000E+01  .16345687E+01
  -.10000000E+01  .16230822E+01
  -.96000000E+00  .16115285E+01
  -.92000000E+00  .15999071E+01
  -.88000000E+00  .15882169E+01
  -.84000000E+00  .15764574E+01
  -.80000000E+00  .15646264E+01
  -.76000000E+00  .15527237E+01
  -.72000000E+00  .15407479E+01
  -.68000000E+00  .15286977E+01
  -.64000000E+00  .15165722E+01
  -.60000000E+00  .15043695E+01
  -.56000000E+00  .14920892E+01
  -.52000000E+00  .14797291E+01
  -.48000000E+00  .14672887E+01
  -.44000000E+00  .14547658E+01
  -.40000000E+00  .14421599E+01
  -.36000000E+00  .14294686E+01
  -.32000000E+00  .14166912E+01
  -.28000000E+00  .14038261E+01
  -.24000000E+00  .13908710E+01
  -.20000000E+00  .13778253E+01
  -.16000000E+00  .13646866E+01
  -.12000000E+00  .13514535E+01
  -.80000000E-01  .13381242E+01
  -.40000000E-01  .13246972E+01
   .12351231E-14  .13111702E+01
   .40000000E-01  .12975417E+01
   .80000000E-01  .12838095E+01
   .12000000E+00  .12699718E+01
   .16000000E+00  .12560264E+01
   .20000000E+00  .12419712E+01
   .24000000E+00  .12278041E+01
   .28000000E+00  .12135229E+01
   .32000000E+00  .11991252E+01
   .36000000E+00  .11846087E+01
   .40000000E+00  .11699708E+01
   .44000000E+00  .11552091E+01
   .48000000E+00  .11403210E+01
   .52000000E+00  .11253039E+01
   .56000000E+00  .11101548E+01
   .60000000E+00  .10948711E+01
   .64000000E+00  .10794497E+01
   .68000000E+00  .10638876E+01
   .72000000E+00  .10481816E+01
   .76000000E+00  .10323286E+01
   .80000000E+00  .10163251E+01
   .84000000E+00  .10001678E+01
   .88000000E+00  .98385294E+00
   .92000000E+00  .96737692E+00
   .96000000E+00  .95073589E+00
   .10000000E+01  .93392588E+00
   .10400000E+01  .91694279E+00
   .10800000E+01  .89978239E+00
   .11200000E+01  .88244022E+00
   .11600000E+01  .86491175E+00
   .12000000E+01  .84719224E+00
   .12400000E+01  .82927678E+00
   .12800000E+01  .81116029E+00
   .13200000E+01  .79283747E+00
   .13600000E+01  .77430285E+00
   .14000000E+01  .75555071E+00
   .14400000E+01  .73657515E+00
   .14800000E+01  .71736999E+00
   .15200000E+01  .69792885E+00
   .15600000E+01  .67824507E+00
   .16000000E+01  .65831168E+00
   .16400000E+01  .63812149E+00
   .16800000E+01  .61766696E+00
   .17200000E+01  .59694027E+00
   .17600000E+01  .57593323E+00
   .18000000E+01  .55463733E+00
   .18400000E+01  .53304364E+00
   .18800000E+01  .51114287E+00
   .19200000E+01  .48892535E+00
   .19600000E+01  .46638084E+00
   .20000000E+01  .44349878E+00
