Bi:                                     
   17  83.   .002000 208.98000 125.   .50E-04 .100  400FCA 78.00000
   .7  1.0   0
  1.0   .0   .5-6613.3912 2.0000
  2.0   .0   .5-1189.2923 2.0000
  2.0  1.0  1.5-1018.8502 6.0000
  3.0   .0   .5 -287.2599 2.0000
  3.0  1.0  1.5 -238.4916 6.0000
  3.0  2.0  2.5 -189.423510.0000
  4.0   .0   .5  -65.8846 2.0000
  4.0  1.0  1.5  -49.8759 6.0000
  4.0  2.0  2.5  -31.547810.0000
  4.0  3.0  3.5  -11.276614.0000
  5.0   .0   .5  -11.5538 2.0000
  5.0  1.0  1.5   -7.0302 6.0000
  5.0  2.0  2.5   -2.002510.0000
  6.0   .0   .5   -1.0797 2.0000
  6.0  1.0  1.5    -.3508 3.0000
  6.0  2.0  2.5    -.2000 0.0000
  5.0  3.0  2.5    -.2000  .0000
