Ba: 5s5p6s                              
  .501046601E-01  .508365002E-01  .515789855E-01  .523322700E-01  .530965097E-01
  .538718629E-01  .546584901E-01  .554565542E-01  .562662204E-01  .570876561E-01
  .579210313E-01  .587665185E-01  .596242923E-01  .604945301E-01  .613774118E-01
  .622731198E-01  .631818390E-01  .641037573E-01  .650390648E-01  .659879546E-01
  .669506226E-01  .679272674E-01  .689180903E-01  .699232956E-01  .709430906E-01
  .719776854E-01  .730272932E-01  .740921300E-01  .751724153E-01  .762683713E-01
  .773802236E-01  .785082009E-01  .796525352E-01  .808134618E-01  .819912193E-01
  .831860498E-01  .843981986E-01  .856279147E-01  .868754506E-01  .881410623E-01
  .894250096E-01  .907275556E-01  .920489676E-01  .933895164E-01  .947494767E-01
  .961291271E-01  .975287501E-01  .989486322E-01  .100389064E+00  .101850340E+00
  .103332760E+00  .104836626E+00  .106362246E+00  .107909931E+00  .109479997E+00
  .111072766E+00  .112688562E+00  .114327715E+00  .115990558E+00  .117677432E+00
  .119388680E+00  .121124650E+00  .122885696E+00  .124672177E+00  .126484456E+00
  .128322902E+00  .130187889E+00  .132079795E+00  .133999005E+00  .135945909E+00
  .137920902E+00  .139924386E+00  .141956765E+00  .144018454E+00  .146109869E+00
  .148231434E+00  .150383579E+00  .152566740E+00  .154781358E+00  .157027881E+00
  .159306764E+00  .161618468E+00  .163963458E+00  .166342209E+00  .168755201E+00
  .171202921E+00  .173685861E+00  .176204524E+00  .178759415E+00  .181351050E+00
  .183979951E+00  .186646645E+00  .189351670E+00  .192095569E+00  .194878893E+00
  .197702202E+00  .200566061E+00  .203471046E+00  .206417738E+00  .209406729E+00
  .212438617E+00  .215514008E+00  .218633520E+00  .221797774E+00  .225007404E+00
  .228263051E+00  .231565365E+00  .234915005E+00  .238312639E+00  .241758944E+00
  .245254608E+00  .248800325E+00  .252396802E+00  .256044754E+00  .259744906E+00
  .263497994E+00  .267304762E+00  .271165966E+00  .275082372E+00  .279054755E+00
  .283083903E+00  .287170614E+00  .291315695E+00  .295519967E+00  .299784259E+00
  .304109415E+00  .308496288E+00  .312945743E+00  .317458656E+00  .322035918E+00
  .326678427E+00  .331387099E+00  .336162858E+00  .341006643E+00  .345919405E+00
  .350902106E+00  .355955725E+00  .361081250E+00  .366279686E+00  .371552049E+00
  .376899370E+00  .382322693E+00  .387823078E+00  .393401596E+00  .399059336E+00
  .404797399E+00  .410616901E+00  .416518976E+00  .422504769E+00  .428575442E+00
  .434732175E+00  .440976159E+00  .447308605E+00  .453730738E+00  .460243801E+00
  .466849052E+00  .473547766E+00  .480341236E+00  .487230770E+00  .494217697E+00
  .501303361E+00  .508489123E+00  .515776365E+00  .523166484E+00  .530660899E+00
  .538261045E+00  .545968376E+00  .553784368E+00  .561710512E+00  .569748323E+00
  .577899333E+00  .586165095E+00  .594547183E+00  .603047191E+00  .611666733E+00
  .620407446E+00  .629270988E+00  .638259036E+00  .647373293E+00  .656615481E+00
  .665987346E+00  .675490655E+00  .685127201E+00  .694898797E+00  .704807280E+00
  .714854514E+00  .725042382E+00  .735372796E+00  .745847689E+00  .756469021E+00
  .767238777E+00  .778158966E+00  .789231625E+00  .800458815E+00  .811842625E+00
  .823385169E+00  .835088590E+00  .846955056E+00  .858986764E+00  .871185939E+00
  .883554834E+00  .896095730E+00  .908810938E+00  .921702796E+00  .934773674E+00
  .948025970E+00  .961462114E+00  .975084564E+00  .988895812E+00  .100289838E+01
  .101709481E+01  .103148771E+01  .104607967E+01  .106087336E+01  .107587145E+01
  .109107667E+01  .110649175E+01  .112211949E+01  .113796269E+01  .115402422E+01
  .117030696E+01  .118681384E+01  .120354780E+01  .122051185E+01  .123770902E+01
  .125514237E+01  .127281502E+01  .129073010E+01  .130889079E+01  .132730032E+01
  .134596195E+01  .136487896E+01  .138405471E+01  .140349257E+01  .142319594E+01
  .144316831E+01  .146341315E+01  .148393403E+01  .150473451E+01  .152581823E+01
  .154718885E+01  .156885009E+01  .159080570E+01  .161305948E+01  .163561529E+01
  .165847700E+01  .168164855E+01  .170513392E+01  .172893714E+01  .175306229E+01
  .177751347E+01  .180229487E+01  .182741070E+01  .185286521E+01  .187866273E+01
  .190480761E+01  .193130427E+01  .195815717E+01  .198537081E+01  .201294977E+01
  .204089865E+01  .206922213E+01  .209792491E+01  .212701178E+01  .215648754E+01
  .218635708E+01  .221662534E+01  .224729728E+01  .227837797E+01  .230987247E+01
  .234178596E+01  .237412363E+01  .240689074E+01  .244009262E+01  .247373464E+01
  .250782224E+01  .254236090E+01  .257735617E+01  .261281367E+01  .264873906E+01
  .268513808E+01  .272201650E+01  .275938017E+01  .279723501E+01  .283558698E+01
  .287444212E+01  .291380652E+01  .295368632E+01  .299408777E+01  .303501712E+01
  .307648073E+01  .311848501E+01  .316103642E+01  .320414151E+01  .324780688E+01
  .329203918E+01  .333684516E+01  .338223161E+01  .342820539E+01  .347477343E+01
  .352194273E+01  .356972036E+01  .361811343E+01  .366712915E+01  .371677479E+01
  .376705767E+01  .381798520E+01  .386956484E+01  .392180413E+01  .397471068E+01
  .402829216E+01  .408255632E+01  .413751097E+01  .419316400E+01  .424952334E+01
  .430659703E+01  .436439316E+01  .442291989E+01  .448218544E+01  .454219812E+01
  .460296630E+01  .466449843E+01  .472680300E+01  .478988861E+01  .485376389E+01
  .491843758E+01  .498391847E+01  .505021540E+01  .511733732E+01  .518529323E+01
  .525409218E+01  .532374332E+01  .539425586E+01  .546563907E+01  .553790230E+01
  .561105496E+01  .568510652E+01  .576006655E+01  .583594465E+01  .591275050E+01
  .599049387E+01  .606918455E+01  .614883244E+01  .622944748E+01  .631103968E+01
  .639361911E+01  .647719592E+01  .656178031E+01  .664738254E+01  .673401294E+01
  .682168189E+01  .691039985E+01  .700017732E+01  .709102486E+01  .718295310E+01
  .727597271E+01  .737009444E+01  .746532907E+01  .756168745E+01  .765918048E+01
  .775781910E+01  .785761431E+01  .795857717E+01  .806071877E+01  .816405025E+01
  .826858281E+01  .837432767E+01  .848129612E+01  .858949946E+01  .869894906E+01
  .880965632E+01  .892163265E+01  .903488954E+01  .914943847E+01  .926529098E+01
  .938245862E+01  .950095298E+01  .962078568E+01  .974196835E+01  .986451264E+01
  .998843022E+01  .101137328E+02  .102404321E+02  .103685397E+02  .104980676E+02
  .106290272E+02  .107614305E+02  .108952892E+02  .110306149E+02  .111674195E+02
  .113057146E+02  .114455120E+02  .115868233E+02  .117296604E+02  .118740347E+02
  .120199581E+02  .121674420E+02  .123164982E+02  .124671381E+02  .126193734E+02
  .127732154E+02  .129286756E+02  .130857654E+02  .132444963E+02  .134048793E+02
  .135669259E+02  .137306470E+02  .138960540E+02  .140631577E+02  .142319691E+02
  .144024991E+02  .145747585E+02  .147487579E+02  .149245080E+02  .151020192E+02
  .152813019E+02  .154623665E+02  .156452230E+02  .158298816E+02  .160163520E+02
  .162046442E+02  .163947677E+02  .165867320E+02  .167805466E+02  .169762205E+02
  .171737628E+02  .173731823E+02  .175744879E+02  .177776878E+02  .179827906E+02
  .181898042E+02  .183987367E+02  .186095957E+02  .188223887E+02  .190371231E+02
  .192538058E+02  .194724437E+02  .196930433E+02  .199156109E+02  .201401527E+02
  .203666744E+02  .205951815E+02  .208256793E+02  .210581727E+02  .212926663E+02
  .215291645E+02  .217676713E+02  .220081904E+02  .222507252E+02  .224952787E+02
  .227418535E+02  .229904521E+02  .232410763E+02  .234937278E+02  .237484076E+02
  .240051166E+02  .242638553E+02  .245246235E+02  .247874208E+02  .250522463E+02
  .253190988E+02  .255879764E+02  .258588768E+02  .261317975E+02  .264067351E+02
  .266836860E+02  .269626461E+02  .272436105E+02  .275265741E+02  .278115311E+02
  .280984753E+02  .283873997E+02  .286782969E+02  .289711590E+02  .292659774E+02
  .295627428E+02  .298614455E+02  .301620751E+02  .304646206E+02  .307690703E+02
  .310754118E+02  .313836323E+02  .316937179E+02  .320056545E+02  .323194270E+02
  .326350196E+02  .329524160E+02  .332715989E+02  .335925505E+02  .339152521E+02
  .342396844E+02  .345658271E+02  .348936593E+02  .352231593E+02  .355543046E+02
  .358870719E+02  .362214370E+02  .365573749E+02  .368948599E+02  .372338653E+02
  .375743637E+02  .379163266E+02  .382597248E+02  .386045283E+02  .389507060E+02
  .392982260E+02  .396470556E+02  .399971610E+02  .403485076E+02  .407010599E+02
  .410547812E+02  .414096343E+02  .417655808E+02  .421225812E+02  .424805953E+02
  .428395818E+02  .431994985E+02  .435603023E+02  .439219488E+02  .442843929E+02
  .446475885E+02  .450114884E+02  .453760445E+02  .457412076E+02  .461069276E+02
  .464731533E+02  .468398327E+02  .472069125E+02  .475743386E+02  .479420559E+02
  .483100083E+02  .486781385E+02  .490463886E+02  .494146993E+02  .497830106E+02
  .501512614E+02  .505193895E+02  .508873321E+02  .512550251E+02  .516224034E+02
  .519894013E+02  .523559519E+02  .527219874E+02  .530874391E+02  .534522374E+02
  .538163118E+02  .541795910E+02  .545420026E+02  .549034736E+02  .552639300E+02
  .556232970E+02  .559814991E+02  .563384600E+02  .566941024E+02  .570483485E+02
  .574011197E+02  .577523368E+02  .581019196E+02  .584497877E+02  .587958597E+02
  .591400537E+02  .594822874E+02  .598224778E+02  .601605413E+02  .604963941E+02
  .608299516E+02  .611611290E+02  .614898411E+02  .618160024E+02  .621395270E+02
  .624603287E+02  .627783211E+02  .630934178E+02  .634055320E+02  .637145770E+02
  .640204658E+02  .643231116E+02  .646224276E+02  .649183271E+02  .652107233E+02
  .654995300E+02  .657846609E+02  .660660301E+02  .663435522E+02  .666171420E+02
  .668867147E+02  .671521863E+02  .674134732E+02  .676704925E+02  .679231619E+02
  .681714000E+02  .684151262E+02  .686542607E+02  .688887247E+02  .691184407E+02
  .693433318E+02  .695633227E+02  .697783392E+02  .699883084E+02  .701931587E+02
  .703928202E+02  .705872243E+02  .707763042E+02  .709599946E+02  .711382321E+02
  .713109551E+02  .714781040E+02  .716396211E+02  .717954509E+02  .719455399E+02
  .720898371E+02  .722282934E+02  .723608627E+02  .724875008E+02  .726081665E+02
  .727228211E+02  .728314286E+02  .729339558E+02  .730303726E+02  .731206517E+02
  .732047689E+02  .732827031E+02  .733544367E+02  .734199551E+02  .734792472E+02
  .735323053E+02  .735791256E+02  .736197073E+02  .736540540E+02  .736821725E+02
  .737040738E+02  .737197727E+02  .737292880E+02  .737326427E+02  .737298638E+02
  .737209824E+02  .737060342E+02  .736850590E+02  .736581009E+02  .736252087E+02
  .735864356E+02  .735418394E+02  .734914823E+02  .734354315E+02  .733737586E+02
  .733065401E+02  .732338574E+02  .731557963E+02  .730724480E+02  .729839082E+02
  .728902775E+02  .727916617E+02  .726881714E+02  .725799219E+02  .724670339E+02
  .723496327E+02  .722278488E+02  .721018175E+02  .719716792E+02  .718375790E+02
  .716996672E+02  .715580987E+02  .714130334E+02  .712646360E+02  .711130760E+02
  .709585275E+02  .708011693E+02  .706411849E+02  .704787623E+02  .703140938E+02
  .701473764E+02  .699788112E+02  .698086034E+02  .696369626E+02  .694641021E+02
  .692902392E+02  .691155952E+02  .689403947E+02  .687648660E+02  .685892407E+02
  .684137537E+02  .682386428E+02  .680641490E+02  .678905158E+02  .677179893E+02
  .675468181E+02  .673772529E+02  .672095464E+02  .670439532E+02  .668807292E+02
  .667201321E+02  .665624204E+02  .664078537E+02  .662566921E+02  .661091964E+02
  .659656272E+02  .658262455E+02  .656913114E+02  .655610850E+02  .654358251E+02
  .653157894E+02  .652012343E+02  .650924143E+02  .649895819E+02  .648929874E+02
  .648028783E+02  .647194993E+02  .646430915E+02  .645738929E+02  .645121371E+02
  .644580539E+02  .644118683E+02  .643738004E+02  .643440651E+02  .643228720E+02
  .643104243E+02  .643069194E+02  .643125480E+02  .643274939E+02  .643519336E+02
  .643860361E+02  .644299626E+02  .644838658E+02  .645478900E+02  .646221705E+02
  .647068336E+02  .648019958E+02  .649077638E+02  .650242343E+02  .651514932E+02
  .652896159E+02  .654386667E+02  .655986983E+02  .657697520E+02  .659518572E+02
  .661450309E+02  .663492780E+02  .665645904E+02  .667909474E+02  .670283150E+02
  .672766458E+02  .675358792E+02  .678059407E+02  .680867418E+02  .683781803E+02
  .686801395E+02  .689924887E+02  .693150828E+02  .696477620E+02  .699903521E+02
  .703426644E+02  .707044953E+02  .710756270E+02  .714558265E+02  .718448467E+02
  .722424256E+02  .726482868E+02  .730621395E+02  .734836786E+02  .739125848E+02
  .743485249E+02  .747911518E+02  .752401048E+02  .756950096E+02  .761554791E+02
  .766211131E+02  .770914990E+02  .775662118E+02  .780448147E+02  .785268593E+02
  .790118863E+02  .794994254E+02  .799889963E+02  .804801089E+02  .809722637E+02
  .814649526E+02  .819576593E+02  .824498596E+02  .829410227E+02  .834306109E+02
  .839180812E+02  .844028852E+02  .848844700E+02  .853622792E+02  .858357532E+02
  .863043302E+02  .867674469E+02  .872245394E+02  .876750437E+02  .881183967E+02
  .885540372E+02  .889814065E+02  .893999492E+02  .898091143E+02  .902083562E+02
  .905971349E+02  .909749178E+02  .913411801E+02  .916954057E+02  .920370882E+02
  .923657319E+02  .926808528E+02  .929819791E+02  .932686526E+02  .935404295E+02
  .937968808E+02  .940375942E+02  .942621740E+02  .944702425E+02  .946614410E+02
  .948354302E+02  .949918912E+02  .951305266E+02  .952510612E+02  .953532422E+02
  .954368409E+02  .955016528E+02  .955474984E+02  .955742240E+02  .955817023E+02
  .955698327E+02  .955385426E+02  .954877872E+02  .954175502E+02  .953278446E+02
  .952187124E+02  .950902259E+02  .949424871E+02  .947756285E+02  .945898132E+02
  .943852351E+02  .941621189E+02  .939207200E+02  .936613252E+02  .933842517E+02
  .930898477E+02  .927784919E+02  .924505933E+02  .921065908E+02  .917469533E+02
  .913721786E+02  .909827935E+02  .905793529E+02  .901624393E+02  .897326620E+02
  .892906566E+02  .888370840E+02  .883726296E+02  .878980023E+02  .874139335E+02
  .869211760E+02  .864205031E+02  .859127072E+02  .853985985E+02  .848790039E+02
  .843547655E+02  .838267390E+02  .832957929E+02  .827628060E+02  .822286667E+02
  .816942709E+02  .811605205E+02  .806283215E+02  .800985827E+02  .795722134E+02
  .790501219E+02  .785332137E+02  .780223894E+02  .775185430E+02  .770225600E+02
  .765353152E+02  .760576713E+02  .755904764E+02  .751345626E+02  .746907437E+02
  .742598131E+02  .738425427E+02  .734396799E+02  .730519468E+02  .726800374E+02
  .723246167E+02  .719863179E+02  .716657417E+02  .713634536E+02  .710799833E+02
  .708158220E+02  .705714218E+02  .703471935E+02  .701435059E+02  .699606837E+02
  .697990069E+02  .696587092E+02  .695399771E+02  .694429488E+02  .693677135E+02
  .693143102E+02  .692827274E+02  .692729022E+02  .692847199E+02  .693180136E+02
  .693725639E+02  .694480989E+02  .695442940E+02  .696607719E+02  .697971032E+02
  .699528058E+02  .701273470E+02  .703201427E+02  .705305586E+02  .707579115E+02
  .710014694E+02  .712604537E+02  .715340400E+02  .718213595E+02  .721215007E+02
  .724335113E+02  .727563995E+02  .730891365E+02  .734306580E+02  .737798668E+02
  .741356346E+02  .744968046E+02  .748621938E+02  .752305956E+02  .756007824E+02
  .759715081E+02  .763415109E+02  .767095165E+02  .770742404E+02  .774343912E+02
  .777886736E+02  .781357913E+02  .784744500E+02  .788033609E+02  .791212433E+02
  .794268282E+02  .797188608E+02  .799961047E+02  .802573437E+02  .805013862E+02
  .807270673E+02  .809332525E+02  .811188401E+02  .812827650E+02  .814240008E+02
  .815415631E+02  .816345121E+02  .817019551E+02  .817430494E+02  .817570046E+02
  .817430848E+02  .817006109E+02  .816289626E+02  .815275808E+02  .813959685E+02
  .812336933E+02  .810403883E+02  .808157537E+02  .805595580E+02  .802716387E+02
  .799519033E+02  .796003301E+02  .792169683E+02  .788019384E+02  .783554325E+02
  .778777140E+02  .773691174E+02  .768300477E+02  .762609800E+02  .756624584E+02
  .750350952E+02  .743795694E+02  .736966259E+02  .729870728E+02  .722517813E+02
  .714916819E+02  .707077642E+02  .699010727E+02  .690727064E+02  .682238143E+02
  .673555945E+02  .664692895E+02  .655661851E+02  .646476055E+02  .637149116E+02
  .627694965E+02  .618127829E+02  .608462188E+02  .598712749E+02  .588894394E+02
  .579022163E+02  .569111194E+02  .559176703E+02  .549233934E+02  .539298127E+02
  .529384472E+02  .519508081E+02  .509683935E+02  .499926862E+02  .490251483E+02
  .480672191E+02  .471203096E+02  .461858009E+02  .452650388E+02  .443593319E+02
  .434699472E+02  .425981080E+02  .417449894E+02  .409117170E+02  .400993627E+02
  .393089433E+02  .385414170E+02  .377976821E+02  .370785738E+02  .363848636E+02
  .357172561E+02  .350763892E+02  .344628307E+02  .338770792E+02  .333195617E+02
  .327906339E+02  .322905786E+02  .318196068E+02  .313778559E+02  .309653916E+02
  .305822066E+02  .302282219E+02  .299032874E+02  .296071817E+02  .293396155E+02
  .291002308E+02  .288886022E+02  .287042394E+02  .285465879E+02  .284150314E+02
  .283088936E+02  .282274402E+02  .281698812E+02  .281353734E+02  .281230231E+02
  .281318881E+02  .281609812E+02  .282092731E+02  .282756952E+02  .283591436E+02
  .284584836E+02  .285725536E+02  .287001702E+02  .288401326E+02  .289912290E+02
  .291522348E+02  .293219223E+02  .294990606E+02  .296824201E+02  .298707747E+02
  .300629058E+02  .302576045E+02  .304536760E+02  .306499416E+02  .308452435E+02
  .310384461E+02  .312284408E+02  .314141474E+02  .315945179E+02  .317685378E+02
  .319352297E+02  .320936541E+02  .322429128E+02  .323821492E+02  .325105518E+02
  .326273542E+02  .327318380E+02  .328233332E+02  .329012207E+02  .329649319E+02
  .330139517E+02  .330478176E+02  .330661213E+02  .330685087E+02  .330546805E+02
  .330243912E+02  .329774503E+02  .329137202E+02  .328331170E+02  .327356084E+02
  .326212140E+02  .324900027E+02  .323420929E+02  .321776499E+02  .319968850E+02
  .318000538E+02  .315874545E+02  .313594255E+02  .311163444E+02  .308586252E+02
  .305867169E+02  .303011005E+02  .300022878E+02  .296908183E+02  .293672573E+02
  .290321939E+02  .286862379E+02  .283300183E+02  .279641802E+02  .275893830E+02
  .272062978E+02  .268156054E+02  .264179935E+02  .260141549E+02  .256047852E+02
  .251905806E+02  .247722356E+02  .243504416E+02  .239258839E+02  .234992409E+02
  .230711814E+02  .226423635E+02  .222134323E+02  .217850191E+02  .213577388E+02
  .209321898E+02  .205089514E+02  .200885840E+02  .196716264E+02  .192585962E+02
  .188499876E+02  .184462721E+02  .180478960E+02  .176552813E+02  .172688242E+02
  .168888953E+02  .165158386E+02  .161499720E+02  .157915864E+02  .154409465E+02
  .150982896E+02  .147638272E+02  .144377437E+02  .141201979E+02  .138113224E+02
  .135112248E+02  .132199874E+02  .129376684E+02  .126643019E+02  .123998991E+02
  .121444487E+02  .118979177E+02  .116602519E+02  .114313775E+02  .112112009E+02
  .109996107E+02  .107964774E+02  .106016557E+02  .104149842E+02  .102362873E+02
  .100653753E+02  .990204633E+01  .974608668E+01  .959727206E+01  .945536844E+01
  .932013325E+01  .919131612E+01  .906866009E+01  .895190240E+01  .884077555E+01
  .873500821E+01  .863432613E+01  .853845310E+01  .844711177E+01  .836002460E+01
  .827691460E+01  .819750627E+01  .812152625E+01  .804870424E+01  .797877358E+01
  .791147202E+01  .784654222E+01  .778373272E+01  .772279804E+01  .766349970E+01
  .760560629E+01  .754889429E+01  .749314814E+01  .743816098E+01  .738373458E+01
  .732968009E+01  .727581778E+01  .722197781E+01  .716799983E+01  .711373371E+01
  .705903903E+01  .700378573E+01  .694785348E+01  .689113263E+01  .683352276E+01
  .677493448E+01  .671528744E+01  .665451180E+01  .659254680E+01  .652934170E+01
  .646485455E+01  .639905297E+01  .633191286E+01  .626341927E+01  .619356494E+01
  .612235118E+01  .604978637E+01  .597588688E+01  .590067543E+01  .582418202E+01
  .574644236E+01  .566749869E+01  .558739821E+01  .550619390E+01  .542394295E+01
  .534070760E+01  .525655349E+01  .517155054E+01  .508577138E+01  .499929211E+01
  .491219080E+01  .482454825E+01  .473644652E+01  .464796969E+01  .455920239E+01
  .447023059E+01  .438114017E+01  .429201770E+01  .420294908E+01  .411402021E+01
  .402531585E+01  .393692017E+01  .384891569E+01  .376138385E+01  .367440398E+01
  .358805388E+01  .350240885E+01  .341754226E+01  .333352463E+01  .325042425E+01
  .316830623E+01  .308723319E+01  .300726436E+01  .292845625E+01  .285086178E+01
  .277453101E+01  .269951029E+01  .262584299E+01  .255356868E+01  .248272392E+01
  .241334144E+01  .234545094E+01  .227907830E+01  .221424642E+01  .215097445E+01
  .208927862E+01  .202917150E+01  .197066285E+01  .191375906E+01  .185846353E+01
  .180477673E+01  .175269622E+01  .170221683E+01  .165333068E+01  .160602736E+01
  .156029400E+01  .151611539E+01  .147347410E+01  .143235063E+01  .139272348E+01
  .135456930E+01  .131786303E+01  .128257800E+01  .124868603E+01  .121615761E+01
  .118496198E+01  .115506723E+01  .112644046E+01  .109904786E+01  .107285479E+01
  .104782595E+01  .102392542E+01  .100111677E+01  .979363154E+00  .958627403E+00
  .938872079E+00  .920059579E+00  .902152191E+00  .885112182E+00  .868901853E+00
  .853483620E+00  .838820066E+00  .824874024E+00  .811608627E+00  .798987385E+00
  .786974239E+00  .775533634E+00  .764630579E+00  .754230702E+00  .744300320E+00
  .734806489E+00  .725717059E+00  .717000723E+00  .708627066E+00  .700566599E+00
  .692790805E+00  .685272158E+00  .677984160E+00  .670901355E+00  .663999351E+00
  .657254824E+00  .650645535E+00  .644150326E+00  .637749131E+00  .631422956E+00
  .625153893E+00  .618925098E+00  .612720792E+00  .606526232E+00  .600327718E+00
  .594112560E+00  .587869076E+00  .581586557E+00  .575255265E+00  .568866403E+00
  .562412099E+00  .555885377E+00  .549280153E+00  .542591188E+00  .535814093E+00
  .528945277E+00  .521981954E+00  .514922093E+00  .507764418E+00  .500508360E+00
  .493154062E+00  .485702325E+00  .478154613E+00  .470513003E+00  .462780182E+00
  .454959402E+00  .447054484E+00  .439069749E+00  .431010038E+00  .422880653E+00
  .414687341E+00  .406436264E+00  .398133968E+00  .389787347E+00  .381403629E+00
  .372990305E+00  .364555137E+00  .356106086E+00  .347651301E+00  .339199056E+00
  .330757726E+00  .322335746E+00  .313941564E+00  .305583596E+00  .297270208E+00
  .289009645E+00  .280810023E+00  .272679269E+00  .264625097E+00  .256654974E+00
  .248776089E+00  .240995326E+00  .233319236E+00  .225754020E+00  .218305505E+00
  .210979133E+00  .203779945E+00  .196712574E+00  .189781235E+00  .182989726E+00
  .176341423E+00  .169839284E+00  .163485851E+00  .157283260E+00  .151233242E+00
  .145337142E+00  .139595924E+00  .134010184E+00  .128580168E+00  .123305785E+00
  .118186622E+00  .113221963E+00  .108410803E+00  .103751869E+00  .992436336E-01
  .948843377E-01  .906720043E-01  .866044583E-01  .826793432E-01  .788941386E-01
  .752461771E-01  .717326605E-01  .683506758E-01  .650972110E-01  .619691691E-01
  .589633834E-01  .560766300E-01  .533056418E-01  .506471199E-01  .480977456E-01
  .456541916E-01  .433131319E-01  .410712515E-01  .389252557E-01  .368718782E-01
  .349078892E-01  .330301030E-01  .312353842E-01  .295206552E-01  .278829014E-01
  .263191781E-01  .248266154E-01  .234024245E-01  .220439028E-01  .207484397E-01
  .195135220E-01  .183367393E-01  .172157889E-01  .161484804E-01  .151327391E-01
  .141666077E-01  .132482462E-01  .123759287E-01  .115480372E-01  .107630517E-01
  .100195374E-01  .931612951E-02  .865151595E-02  .802442054E-02  .743358693E-02
  .687776493E-02  .635569993E-02  .586612574E-02  .540776103E-02  .497930893E-02
  .457945930E-02  .420689308E-02  .386028810E-02  .353832563E-02  .323969740E-02
  .296311235E-02  .270730315E-02  .247103208E-02  .225309611E-02  .205233128E-02
  .186761620E-02  .169787482E-02  .154207837E-02  .139924668E-02  .126844890E-02
  .114880358E-02  .103947839E-02  .939689410E-03  .848700061E-03  .765819823E-03
  .690402706E-03  .621845580E-03  .559586384E-03  .503102250E-03  .451907589E-03
  .405552151E-03  .363619091E-03  .325723054E-03  .291508293E-03  .260646844E-03
  .232836749E-03  .207800351E-03  .185282650E-03  .165049743E-03  .146887327E-03
  .130599292E-03  .116006376E-03  .102944906E-03  .912656086E-04  .808324928E-04
  .715218060E-04  .632210543E-04  .558280896E-04  .492502587E-04  .434036113E-04
  .382121649E-04  .336072231E-04  .295267435E-04  .259147545E-04  .227208155E-04
  .198995205E-04  .174100399E-04  .152156997E-04  .132835948E-04  .115842346E-04
  .100912179E-04  .878093617E-05  .763230148E-05  .662649912E-05  .574676158E-05
  .497816301E-05  .430743236E-05  .372278361E-05  .321376192E-05  .277110425E-05
  .238661324E-05  .205304331E-05  .176399795E-05  .151383703E-05  .129759334E-05
  .111089719E-05  .949915154E-06  .811263052E-06  .692033425E-06  .589576756E-06
  .501688911E-06  .426345377E-06  .361825972E-06  .306675815E-06  .259570893E-06
  .219418424E-06  .185225342E-06  .156147057E-06  .131452580E-06  .110510146E-06
  .927745126E-07  .777757932E-07  .651096208E-07  .544285191E-07  .454343337E-07
  .378716068E-07  .315217871E-07  .261981754E-07  .217415215E-07  .180161934E-07
  .149068497E-07  .123155540E-07  .101592761E-07  .836773225E-08  .688152128E-08
  .565051801E-08  .463249161E-08  .379191887E-08  .309896657E-08  .252862049E-08
  .205994094E-08  .167542772E-08  .136047921E-08  .110293238E-08  .892672472E-09
  .721302103E-09  .581861489E-09  .468592120E-09  .376737567E-09  .302375870E-09
  .242278743E-09  .193793521E-09  .154744350E-09  .123349634E-09  .981531947E-10
  .779669605E-10  .618233493E-10  .489357774E-10  .386659675E-10  .304969360E-10
  .240107164E-10  .188700218E-10  .148031795E-10  .115917777E-10  .906055527E-11
  .706914369E-11  .550533477E-11  .427960328E-11  .332065924E-11  .257184360E-11
  .198821314E-11  .153418752E-11  .118165411E-11  .908444339E-12  .697111531E-12
  .533952369E-12  .408225167E-12  .311526599E-12  .237295828E-12  .180420808E-12
  .136926366E-12  .103727602E-12  .784353271E-13  .592029067E-13  .446059310E-13
  .335478950E-13  .251864157E-13  .188756423E-13  .141213999E-13  .105463280E-13
  .786284401E-14  .585222137E-14  .434843330E-14  .322570438E-14  .238893914E-14
  .176637862E-14  .130397846E-14  .961113927E-15  .707305850E-15  .519729928E-15
  .381326036E-15  .279365978E-15  .204370759E-15  .149293793E-15  .108905959E-15
  .793335786E-16  .577119735E-16  .419261983E-16  .304173962E-16  .220384421E-16
  .159465321E-16  .115234125E-16  .831624220E-17  .599383245E-17  .431431974E-17
  .310132731E-17  .222641511E-17  .159618073E-17  .114279381E-17  .817061044E-18
  .583352781E-18  .415897183E-18  .296077179E-18  .210461681E-18  .149373596E-18
  .105849706E-18  .748861771E-19  .528919993E-19  .372935590E-19  .262489295E-19
  .184417011E-19  .129323991E-19  .905154262E-20  .632277567E-20  .440768597E-20
  .306624662E-20  .212849621E-20  .147429314E-20  .101886318E-20  .702497828E-21
  .483222836E-21  .331588735E-21  .226975379E-21  .154974963E-21  .105542080E-21
  .716884135E-22  .485634796E-22  .328085348E-22  .221034063E-22  .148493160E-22
  .994737548E-23  .664424670E-23  .442485370E-23  .293798213E-23  .194481350E-23
  .128341530E-23  .844304508E-24  .553676607E-24  .361927214E-24  .235818252E-24
  .153146853E-24  .991281154E-25  .639480906E-25  .411134888E-25  .263421577E-25
  .168194986E-25  .107017302E-25  .678514170E-26  .428659688E-26  .269836130E-26
  .169241287E-26  .105758774E-26  .658438965E-27  .408402966E-27  .252360716E-27
  .155345755E-27  .952592372E-28  .581875638E-28  .354041283E-28  .214567317E-28
  .129522262E-28  .778720631E-29  .466294755E-29  .278077664E-29  .165151869E-29
  .976782153E-30  .575299151E-30  .337408823E-30  .197047366E-30  .114583231E-30
  .663425831E-31  .382445125E-31  .219500639E-31  .125422868E-31  .713470821E-32
  .404034473E-32  .227765219E-32  .127810673E-32  .713906617E-33  .396911784E-33
  .219638509E-33  .120967409E-33  .663066430E-34  .361707671E-34  .196360231E-34
  .106078528E-34  .570246243E-35  .305028989E-35  .162347699E-35  .859725818E-36
  .452965311E-36  .237434192E-36  .123816060E-36  .642314940E-37  .331465376E-37
  .170148865E-37  .868764723E-38  .441203433E-38  .222853970E-38  .111950931E-38
  .559296102E-39  .277871101E-39  .137281838E-39  .674421414E-40  .329441635E-40
  .160005395E-40  .772644594E-41  .370931525E-41  .177033814E-41  .839937022E-42
  .396136260E-42  .185707325E-42  .865324625E-43  .400750017E-43  .184455322E-43
  .843743655E-44  .383539326E-44  .173247721E-44  .777609271E-45  .346792308E-45
  .153662994E-45  .676454263E-46  .295838188E-46  .128526841E-46  .554669413E-47
  .237767333E-47  .101233525E-47  .428082213E-48  .179778152E-48  .749772697E-49
  .310514014E-49  .127693082E-49  .521391125E-50  .211370967E-50  .850721875E-51
  .339911142E-51  .134819742E-51  .530794538E-52  .207423824E-52  .804496663E-53
  .309668666E-53  .118290938E-53  .448394697E-54  .168654383E-54  .629413639E-55
  .233049938E-55  .856069292E-56  .311952545E-56  .112761312E-56  .404292848E-57
  .143770699E-57  .507056719E-58  .177352418E-58  .615234204E-59  .211700609E-59
  .723053164E-60  .246040787E-60  .837668136E-61  .293326765E-61  .110872312E-61
  .524618032E-62  .396278762E-62  .000000000E+00  .000000000E+00  .000000000E+00
  .000000000E+00  .000000000E+00  .000000000E+00  .000000000E+00  .000000000E+00
  .000000000E+00  .000000000E+00  .000000000E+00  .000000000E+00  .000000000E+00
  .000000000E+00  .000000000E+00  .000000000E+00  .000000000E+00  .000000000E+00
  .000000000E+00  .000000000E+00  .000000000E+00  .000000000E+00  .000000000E+00
  .000000000E+00  .000000000E+00  .000000000E+00  .000000000E+00  .000000000E+00
  .000000000E+00  .000000000E+00  .000000000E+00  .000000000E+00  .000000000E+00
  .000000000E+00  .000000000E+00  .000000000E+00  .000000000E+00  .000000000E+00
  .000000000E+00  .000000000E+00  .000000000E+00  .000000000E+00  .000000000E+00
  .000000000E+00  .000000000E+00  .000000000E+00  .000000000E+00  .000000000E+00
  .000000000E+00  .000000000E+00  .000000000E+00  .000000000E+00  .000000000E+00
  .000000000E+00  .000000000E+00  .000000000E+00  .000000000E+00  .000000000E+00
  .000000000E+00  .000000000E+00  .000000000E+00  .000000000E+00  .000000000E+00
  .000000000E+00  .000000000E+00  .000000000E+00  .000000000E+00  .000000000E+00
  .000000000E+00  .000000000E+00  .000000000E+00  .000000000E+00  .000000000E+00
  .000000000E+00  .000000000E+00  .000000000E+00  .000000000E+00  .000000000E+00
  .000000000E+00  .000000000E+00  .000000000E+00  .000000000E+00  .000000000E+00
  .000000000E+00  .000000000E+00  .000000000E+00  .000000000E+00  .000000000E+00
  .000000000E+00  .000000000E+00  .000000000E+00  .000000000E+00  .000000000E+00
  .000000000E+00  .000000000E+00  .000000000E+00  .000000000E+00  .000000000E+00
  .000000000E+00  .000000000E+00  .000000000E+00  .000000000E+00  .000000000E+00
  .000000000E+00  .000000000E+00  .000000000E+00  .000000000E+00  .000000000E+00
  .000000000E+00  .000000000E+00  .000000000E+00  .000000000E+00  .000000000E+00
  .000000000E+00  .000000000E+00  .000000000E+00  .000000000E+00  .000000000E+00
  .000000000E+00  .000000000E+00  .000000000E+00  .000000000E+00  .000000000E+00
  .000000000E+00  .000000000E+00  .000000000E+00  .000000000E+00  .000000000E+00
  .000000000E+00  .000000000E+00  .000000000E+00  .000000000E+00  .000000000E+00
  .000000000E+00  .000000000E+00  .000000000E+00  .000000000E+00  .000000000E+00
  .000000000E+00  .000000000E+00  .000000000E+00  .000000000E+00  .000000000E+00
  .000000000E+00  .000000000E+00  .000000000E+00  .000000000E+00  .000000000E+00
  .000000000E+00  .000000000E+00  .000000000E+00  .000000000E+00  .000000000E+00
  .000000000E+00  .000000000E+00  .000000000E+00  .000000000E+00  .000000000E+00
  .000000000E+00  .000000000E+00  .000000000E+00  .000000000E+00  .000000000E+00
  .000000000E+00  .000000000E+00  .000000000E+00  .000000000E+00  .000000000E+00
  .000000000E+00  .000000000E+00  .000000000E+00  .000000000E+00  .000000000E+00
  .000000000E+00  .000000000E+00  .000000000E+00  .000000000E+00  .000000000E+00
  .000000000E+00  .000000000E+00  .000000000E+00  .000000000E+00  .000000000E+00
  .000000000E+00  .000000000E+00  .000000000E+00  .000000000E+00  .000000000E+00
  .000000000E+00  .000000000E+00  .000000000E+00  .000000000E+00  .000000000E+00
  .000000000E+00  .000000000E+00  .000000000E+00  .000000000E+00  .000000000E+00
  .000000000E+00  .000000000E+00  .000000000E+00  .000000000E+00  .000000000E+00
  .000000000E+00  .000000000E+00  .000000000E+00  .000000000E+00  .000000000E+00
  .000000000E+00  .000000000E+00  .000000000E+00  .000000000E+00  .000000000E+00
