Ne: s2p6                                
  .290560140E-04  .295230870E-04  .299976659E-04  .304798711E-04  .309698252E-04
  .314676527E-04  .319734799E-04  .324874355E-04  .330096500E-04  .335402559E-04
  .340793881E-04  .346271835E-04  .351837813E-04  .357493228E-04  .363239517E-04
  .369078139E-04  .375010577E-04  .381038338E-04  .387162952E-04  .393385975E-04
  .399708987E-04  .406133595E-04  .412661429E-04  .419294147E-04  .426033433E-04
  .432881000E-04  .439838585E-04  .446907955E-04  .454090905E-04  .461389259E-04
  .468804870E-04  .476339621E-04  .483995424E-04  .491774225E-04  .499677996E-04
  .507708745E-04  .515868511E-04  .524159364E-04  .532583411E-04  .541142788E-04
  .549839669E-04  .558676262E-04  .567654808E-04  .576777588E-04  .586046917E-04
  .595465147E-04  .605034669E-04  .614757911E-04  .624637341E-04  .634675467E-04
  .644874835E-04  .655238035E-04  .665767695E-04  .676466487E-04  .687337128E-04
  .698382374E-04  .709605028E-04  .721007939E-04  .732593998E-04  .744366146E-04
  .756327370E-04  .768480702E-04  .780829228E-04  .793376080E-04  .806124439E-04
  .819077541E-04  .832238671E-04  .845611167E-04  .859198421E-04  .873003880E-04
  .887031044E-04  .901283471E-04  .915764777E-04  .930478633E-04  .945428771E-04
  .960618981E-04  .976053117E-04  .991735091E-04  .100766888E-03  .102385853E-03
  .104030813E-03  .105702186E-03  .107400397E-03  .109125874E-03  .110879057E-03
  .112660388E-03  .114470320E-03  .116309312E-03  .118177830E-03  .120076346E-03
  .122005344E-03  .123965310E-03  .125956743E-03  .127980146E-03  .130036033E-03
  .132124925E-03  .134247350E-03  .136403847E-03  .138594962E-03  .140821251E-03
  .143083276E-03  .145381612E-03  .147716841E-03  .150089554E-03  .152500352E-03
  .154949846E-03  .157438656E-03  .159967413E-03  .162536758E-03  .165147340E-03
  .167799822E-03  .170494874E-03  .173233180E-03  .176015432E-03  .178842335E-03
  .181714606E-03  .184632971E-03  .187598168E-03  .190610950E-03  .193672078E-03
  .196782327E-03  .199942485E-03  .203153351E-03  .206415739E-03  .209730474E-03
  .213098394E-03  .216520352E-03  .219997215E-03  .223529861E-03  .227119185E-03
  .230766095E-03  .234471513E-03  .238236377E-03  .242061640E-03  .245948269E-03
  .249897247E-03  .253909573E-03  .257986262E-03  .262128345E-03  .266336870E-03
  .270612900E-03  .274957517E-03  .279371820E-03  .283856924E-03  .288413964E-03
  .293044092E-03  .297748478E-03  .302528311E-03  .307384800E-03  .312319172E-03
  .317332674E-03  .322426574E-03  .327602158E-03  .332860734E-03  .338203631E-03
  .343632200E-03  .349147811E-03  .354751857E-03  .360445756E-03  .366230944E-03
  .372108884E-03  .378081059E-03  .384148978E-03  .390314174E-03  .396578202E-03
  .402942645E-03  .409409111E-03  .415979230E-03  .422654662E-03  .429437092E-03
  .436328232E-03  .443329821E-03  .450443627E-03  .457671444E-03  .465015096E-03
  .472476436E-03  .480057348E-03  .487759742E-03  .495585564E-03  .503536785E-03
  .511615413E-03  .519823484E-03  .528163069E-03  .536636270E-03  .545245224E-03
  .553992102E-03  .562879109E-03  .571908485E-03  .581082505E-03  .590403484E-03
  .599873769E-03  .609495747E-03  .619271843E-03  .629204520E-03  .639296281E-03
  .649549667E-03  .659967263E-03  .670551691E-03  .681305617E-03  .692231751E-03
  .703332842E-03  .714611687E-03  .726071124E-03  .737714039E-03  .749543363E-03
  .761562073E-03  .773773193E-03  .786179797E-03  .798785006E-03  .811591993E-03
  .824603978E-03  .837824236E-03  .851256091E-03  .864902922E-03  .878768160E-03
  .892855293E-03  .907167861E-03  .921709464E-03  .936483756E-03  .951494451E-03
  .966745323E-03  .982240202E-03  .997982984E-03  .101397762E-02  .103022814E-02
  .104673861E-02  .106351318E-02  .108055607E-02  .109787156E-02  .111546399E-02
  .113333778E-02  .115149742E-02  .116994747E-02  .118869255E-02  .120773736E-02
  .122708670E-02  .124674541E-02  .126671842E-02  .128701074E-02  .130762747E-02
  .132857377E-02  .134985489E-02  .137147617E-02  .139344302E-02  .141576096E-02
  .143843558E-02  .146147255E-02  .148487765E-02  .150865674E-02  .153281578E-02
  .155736082E-02  .158229800E-02  .160763357E-02  .163337387E-02  .165952534E-02
  .168609453E-02  .171308808E-02  .174051276E-02  .176837541E-02  .179668300E-02
  .182544263E-02  .185466147E-02  .188434684E-02  .191450615E-02  .194514694E-02
  .197627687E-02  .200790372E-02  .204003538E-02  .207267989E-02  .210584540E-02
  .213954018E-02  .217377266E-02  .220855137E-02  .224388499E-02  .227978235E-02
  .231625240E-02  .235330423E-02  .239094710E-02  .242919038E-02  .246804361E-02
  .250751649E-02  .254761883E-02  .258836065E-02  .262975209E-02  .267180347E-02
  .271452525E-02  .275792808E-02  .280202276E-02  .284682027E-02  .289233176E-02
  .293856856E-02  .298554216E-02  .303326427E-02  .308174673E-02  .313100162E-02
  .318104117E-02  .323187782E-02  .328352421E-02  .333599317E-02  .338929774E-02
  .344345115E-02  .349846685E-02  .355435850E-02  .361113997E-02  .366882536E-02
  .372742897E-02  .378696535E-02  .384744926E-02  .390889570E-02  .397131990E-02
  .403473733E-02  .409916370E-02  .416461499E-02  .423110739E-02  .429865738E-02
  .436728167E-02  .443699727E-02  .450782140E-02  .457977161E-02  .465286568E-02
  .472712169E-02  .480255800E-02  .487919325E-02  .495704639E-02  .503613663E-02
  .511648353E-02  .519810692E-02  .528102694E-02  .536526407E-02  .545083908E-02
  .553777310E-02  .562608755E-02  .571580421E-02  .580694519E-02  .589953296E-02
  .599359032E-02  .608914044E-02  .618620684E-02  .628481342E-02  .638498444E-02
  .648674454E-02  .659011876E-02  .669513251E-02  .680181161E-02  .691018226E-02
  .702027110E-02  .713210515E-02  .724571188E-02  .736111917E-02  .747835535E-02
  .759744916E-02  .771842981E-02  .784132696E-02  .796617073E-02  .809299171E-02
  .822182095E-02  .835269001E-02  .848563090E-02  .862067617E-02  .875785884E-02
  .889721246E-02  .903877109E-02  .918256932E-02  .932864229E-02  .947702565E-02
  .962775565E-02  .978086904E-02  .993640320E-02  .100943960E-01  .102548861E-01
  .104179124E-01  .105835148E-01  .107517335E-01  .109226096E-01  .110961845E-01
  .112725005E-01  .114516004E-01  .116335279E-01  .118183270E-01  .120060428E-01
  .121967207E-01  .123904070E-01  .125871488E-01  .127869937E-01  .129899901E-01
  .131961873E-01  .134056352E-01  .136183845E-01  .138344866E-01  .140539940E-01
  .142769595E-01  .145034372E-01  .147334817E-01  .149671486E-01  .152044943E-01
  .154455760E-01  .156904519E-01  .159391811E-01  .161918234E-01  .164484397E-01
  .167090918E-01  .169738423E-01  .172427551E-01  .175158946E-01  .177933266E-01
  .180751176E-01  .183613354E-01  .186520485E-01  .189473267E-01  .192472408E-01
  .195518627E-01  .198612652E-01  .201755224E-01  .204947095E-01  .208189028E-01
  .211481798E-01  .214826191E-01  .218223006E-01  .221673052E-01  .225177154E-01
  .228736145E-01  .232350873E-01  .236022200E-01  .239750998E-01  .243538154E-01
  .247384569E-01  .251291155E-01  .255258841E-01  .259288568E-01  .263381290E-01
  .267537979E-01  .271759618E-01  .276047207E-01  .280401760E-01  .284824306E-01
  .289315890E-01  .293877573E-01  .298510431E-01  .303215556E-01  .307994058E-01
  .312847062E-01  .317775709E-01  .322781160E-01  .327864590E-01  .333027194E-01
  .338270184E-01  .343594789E-01  .349002257E-01  .354493856E-01  .360070870E-01
  .365734605E-01  .371486385E-01  .377327552E-01  .383259471E-01  .389283525E-01
  .395401117E-01  .401613674E-01  .407922641E-01  .414329485E-01  .420835695E-01
  .427442782E-01  .434152279E-01  .440965741E-01  .447884748E-01  .454910899E-01
  .462045822E-01  .469291164E-01  .476648599E-01  .484119825E-01  .491706563E-01
  .499410563E-01  .507233595E-01  .515177461E-01  .523243985E-01  .531435018E-01
  .539752440E-01  .548198156E-01  .556774101E-01  .565482236E-01  .574324552E-01
  .583303067E-01  .592419831E-01  .601676920E-01  .611076442E-01  .620620537E-01
  .630311373E-01  .640151151E-01  .650142102E-01  .660286492E-01  .670586615E-01
  .681044803E-01  .691663418E-01  .702444857E-01  .713391550E-01  .724505964E-01
  .735790600E-01  .747247994E-01  .758880718E-01  .770691383E-01  .782682634E-01
  .794857155E-01  .807217668E-01  .819766933E-01  .832507751E-01  .845442959E-01
  .858575437E-01  .871908104E-01  .885443921E-01  .899185891E-01  .913137057E-01
  .927300506E-01  .941679369E-01  .956276819E-01  .971096076E-01  .986140401E-01
  .100141310E+00  .101691754E+00  .103265711E+00  .104863526E+00  .106485549E+00
  .108132134E+00  .109803640E+00  .111500433E+00  .113222880E+00  .114971357E+00
  .116746243E+00  .118547923E+00  .120376786E+00  .122233229E+00  .124117651E+00
  .126030460E+00  .127972066E+00  .129942886E+00  .131943345E+00  .133973870E+00
  .136034896E+00  .138126863E+00  .140250218E+00  .142405413E+00  .144592905E+00
  .146813160E+00  .149066648E+00  .151353846E+00  .153675237E+00  .156031312E+00
  .158422565E+00  .160849500E+00  .163312627E+00  .165812462E+00  .168349527E+00
  .170924352E+00  .173537474E+00  .176189438E+00  .178880793E+00  .181612097E+00
  .184383917E+00  .187196825E+00  .190051401E+00  .192948232E+00  .195887914E+00
  .198871049E+00  .201898249E+00  .204970131E+00  .208087321E+00  .211250455E+00
  .214460173E+00  .217717127E+00  .221021976E+00  .224375386E+00  .227778033E+00
  .231230601E+00  .234733782E+00  .238288277E+00  .241894796E+00  .245554058E+00
  .249266790E+00  .253033729E+00  .256855621E+00  .260733219E+00  .264667289E+00
  .268658604E+00  .272707946E+00  .276816108E+00  .280983891E+00  .285212108E+00
  .289501579E+00  .293853136E+00  .298267619E+00  .302745881E+00  .307288781E+00
  .311897192E+00  .316571996E+00  .321314083E+00  .326124357E+00  .331003731E+00
  .335953129E+00  .340973485E+00  .346065743E+00  .351230860E+00  .356469804E+00
  .361783551E+00  .367173091E+00  .372639425E+00  .378183563E+00  .383806530E+00
  .389509358E+00  .395293094E+00  .401158796E+00  .407107532E+00  .413140384E+00
  .419258444E+00  .425462816E+00  .431754617E+00  .438134976E+00  .444605033E+00
  .451165942E+00  .457818866E+00  .464564983E+00  .471405484E+00  .478341570E+00
  .485374455E+00  .492505367E+00  .499735546E+00  .507066245E+00  .514498727E+00
  .522034271E+00  .529674169E+00  .537419722E+00  .545272249E+00  .553233078E+00
  .561303551E+00  .569485025E+00  .577778868E+00  .586186461E+00  .594709199E+00
  .603348491E+00  .612105756E+00  .620982430E+00  .629979961E+00  .639099808E+00
  .648343446E+00  .657712362E+00  .667208058E+00  .676832046E+00  .686585853E+00
  .696471021E+00  .706489103E+00  .716641665E+00  .726930289E+00  .737356566E+00
  .747922103E+00  .758628521E+00  .769477451E+00  .780470540E+00  .791609446E+00
  .802895841E+00  .814331410E+00  .825917849E+00  .837656869E+00  .849550194E+00
  .861599558E+00  .873806710E+00  .886173410E+00  .898701432E+00  .911392559E+00
  .924248590E+00  .937271333E+00  .950462610E+00  .963824253E+00  .977358108E+00
  .991066030E+00  .100494989E+01  .101901155E+01  .103325292E+01  .104767590E+01
  .106228238E+01  .107707430E+01  .109205359E+01  .110722218E+01  .112258203E+01
  .113813510E+01  .115388336E+01  .116982879E+01  .118597337E+01  .120231911E+01
  .121886800E+01  .123562206E+01  .125258331E+01  .126975378E+01  .128713550E+01
  .130473052E+01  .132254087E+01  .134056862E+01  .135881583E+01  .137728455E+01
  .139597685E+01  .141489482E+01  .143404053E+01  .145341605E+01  .147302348E+01
  .149286490E+01  .151294240E+01  .153325806E+01  .155381399E+01  .157461227E+01
  .159565500E+01  .161694426E+01  .163848216E+01  .166027077E+01  .168231219E+01
  .170460849E+01  .172716177E+01  .174997410E+01  .177304755E+01  .179638419E+01
  .181998607E+01  .184385526E+01  .186799379E+01  .189240371E+01  .191708705E+01
  .194204582E+01  .196728204E+01  .199279770E+01  .201859478E+01  .204467526E+01
  .207104110E+01  .209769423E+01  .212463659E+01  .215187009E+01  .217939661E+01
  .220721804E+01  .223533622E+01  .226375299E+01  .229247016E+01  .232148952E+01
  .235081284E+01  .238044185E+01  .241037828E+01  .244062379E+01  .247118006E+01
  .250204872E+01  .253323135E+01  .256472953E+01  .259654479E+01  .262867863E+01
  .266113250E+01  .269390784E+01  .272700603E+01  .276042842E+01  .279417631E+01
  .282825097E+01  .286265361E+01  .289738541E+01  .293244750E+01  .296784094E+01
  .300356678E+01  .303962598E+01  .307601947E+01  .311274812E+01  .314981274E+01
  .318721408E+01  .322495284E+01  .326302966E+01  .330144510E+01  .334019966E+01
  .337929380E+01  .341872788E+01  .345850220E+01  .349861699E+01  .353907242E+01
  .357986855E+01  .362100541E+01  .366248290E+01  .370430088E+01  .374645911E+01
  .378895727E+01  .383179494E+01  .387497163E+01  .391848675E+01  .396233962E+01
  .400652947E+01  .405105542E+01  .409591650E+01  .414111164E+01  .418663968E+01
  .423249933E+01  .427868920E+01  .432520782E+01  .437205356E+01  .441922472E+01
  .446671946E+01  .451453584E+01  .456267179E+01  .461112512E+01  .465989352E+01
  .470897455E+01  .475836565E+01  .480806412E+01  .485806714E+01  .490837175E+01
  .495897484E+01  .500987320E+01  .506106345E+01  .511254206E+01  .516430539E+01
  .521634963E+01  .526867082E+01  .532126486E+01  .537412750E+01  .542725432E+01
  .548064077E+01  .553428211E+01  .558817347E+01  .564230980E+01  .569668590E+01
  .575129639E+01  .580613573E+01  .586119821E+01  .591647796E+01  .597196893E+01
  .602766488E+01  .608355943E+01  .613964599E+01  .619591782E+01  .625236797E+01
  .630898934E+01  .636577462E+01  .642271634E+01  .647980684E+01  .653703826E+01
  .659440256E+01  .665189153E+01  .670949675E+01  .676720962E+01  .682502134E+01
  .688292293E+01  .694090522E+01  .699895884E+01  .705707424E+01  .711524165E+01
  .717345114E+01  .723169258E+01  .728995562E+01  .734822976E+01  .740650427E+01
  .746476825E+01  .752301059E+01  .758122002E+01  .763938504E+01  .769749399E+01
  .775553501E+01  .781349606E+01  .787136489E+01  .792912909E+01  .798677606E+01
  .804429301E+01  .810166698E+01  .815888483E+01  .821593323E+01  .827279869E+01
  .832946755E+01  .838592596E+01  .844215993E+01  .849815529E+01  .855389772E+01
  .860937273E+01  .866456568E+01  .871946179E+01  .877404612E+01  .882830358E+01
  .888221897E+01  .893577693E+01  .898896198E+01  .904175851E+01  .909415080E+01
  .914612300E+01  .919765916E+01  .924874322E+01  .929935902E+01  .934949032E+01
  .939912077E+01  .944823396E+01  .949681340E+01  .954484253E+01  .959230472E+01
  .963918331E+01  .968546156E+01  .973112273E+01  .977615002E+01  .982052662E+01
  .986423570E+01  .990726042E+01  .994958396E+01  .999118948E+01  .100320602E+02
  .100721793E+02  .101115301E+02  .101500959E+02  .101878601E+02  .102248060E+02
  .102609173E+02  .102961775E+02  .103305703E+02  .103640795E+02  .103966891E+02
  .104283831E+02  .104591457E+02  .104889614E+02  .105178145E+02  .105456899E+02
  .105725724E+02  .105984471E+02  .106232992E+02  .106471145E+02  .106698785E+02
  .106915774E+02  .107121974E+02  .107317251E+02  .107501473E+02  .107674511E+02
  .107836242E+02  .107986541E+02  .108125291E+02  .108252377E+02  .108367687E+02
  .108471114E+02  .108562553E+02  .108641906E+02  .108709076E+02  .108763973E+02
  .108806510E+02  .108836605E+02  .108854181E+02  .108859165E+02  .108851490E+02
  .108831094E+02  .108797919E+02  .108751914E+02  .108693033E+02  .108621235E+02
  .108536484E+02  .108438753E+02  .108328018E+02  .108204263E+02  .108067476E+02
  .107917653E+02  .107754796E+02  .107578914E+02  .107390022E+02  .107188142E+02
  .106973302E+02  .106745539E+02  .106504895E+02  .106251419E+02  .105985169E+02
  .105706210E+02  .105414611E+02  .105110453E+02  .104793822E+02  .104464811E+02
  .104123522E+02  .103770064E+02  .103404554E+02  .103027116E+02  .102637882E+02
  .102236992E+02  .101824594E+02  .101400842E+02  .100965901E+02  .100519942E+02
  .100063142E+02  .995956883E+01  .991177755E+01  .986296054E+01  .981313876E+01
  .976233395E+01  .971056859E+01  .965786594E+01  .960424998E+01  .954974545E+01
  .949437781E+01  .943817326E+01  .938115871E+01  .932336176E+01  .926481071E+01
  .920553456E+01  .914556296E+01  .908492622E+01  .902365529E+01  .896178175E+01
  .889933779E+01  .883635620E+01  .877287032E+01  .870891409E+01  .864452195E+01
  .857972889E+01  .851457037E+01  .844908235E+01  .838330123E+01  .831726384E+01
  .825100745E+01  .818456967E+01  .811798849E+01  .805130224E+01  .798454953E+01
  .791776928E+01  .785100064E+01  .778428299E+01  .771765590E+01  .765115910E+01
  .758483248E+01  .751871599E+01  .745284968E+01  .738727363E+01  .732202793E+01
  .725715266E+01  .719268780E+01  .712867328E+01  .706514889E+01  .700215425E+01
  .693972880E+01  .687791175E+01  .681674204E+01  .675625831E+01  .669649889E+01
  .663750172E+01  .657930434E+01  .652194385E+01  .646545690E+01  .640987960E+01
  .635524755E+01  .630159575E+01  .624895860E+01  .619736984E+01  .614686256E+01
  .609746912E+01  .604922113E+01  .600214943E+01  .595628407E+01  .591165421E+01
  .586828820E+01  .582621343E+01  .578545640E+01  .574604262E+01  .570799665E+01
  .567134198E+01  .563610109E+01  .560229539E+01  .556994518E+01  .553906965E+01
  .550968684E+01  .548181364E+01  .545546574E+01  .543065760E+01  .540740250E+01
  .538571243E+01  .536559813E+01  .534706907E+01  .533013341E+01  .531479798E+01
  .530106833E+01  .528894862E+01  .527844168E+01  .526954900E+01  .526227065E+01
  .525660538E+01  .525255049E+01  .525010193E+01  .524925423E+01  .525000054E+01
  .525233257E+01  .525624065E+01  .526171368E+01  .526873918E+01  .527730323E+01
  .528739054E+01  .529898441E+01  .531206674E+01  .532661807E+01  .534261754E+01
  .536004296E+01  .537887078E+01  .539907611E+01  .542063276E+01  .544351324E+01
  .546768879E+01  .549312940E+01  .551980383E+01  .554767964E+01  .557672324E+01
  .560689988E+01  .563817371E+01  .567050782E+01  .570386424E+01  .573820403E+01
  .577348726E+01  .580967308E+01  .584671978E+01  .588458479E+01  .592322474E+01
  .596259551E+01  .600265226E+01  .604334948E+01  .608464105E+01  .612648027E+01
  .616881988E+01  .621161218E+01  .625480899E+01  .629836175E+01  .634222156E+01
  .638633922E+01  .643066528E+01  .647515007E+01  .651974379E+01  .656439649E+01
  .660905821E+01  .665367893E+01  .669820869E+01  .674259761E+01  .678679592E+01
  .683075405E+01  .687442264E+01  .691775261E+01  .696069519E+01  .700320199E+01
  .704522501E+01  .708671673E+01  .712763012E+01  .716791871E+01  .720753661E+01
  .724643857E+01  .728458004E+01  .732191717E+01  .735840688E+01  .739400689E+01
  .742867577E+01  .746237297E+01  .749505887E+01  .752669478E+01  .755724302E+01
  .758666693E+01  .761493092E+01  .764200045E+01  .766784215E+01  .769242375E+01
  .771571418E+01  .773768357E+01  .775830328E+01  .777754588E+01  .779538526E+01
  .781179657E+01  .782675627E+01  .784024215E+01  .785223334E+01  .786271031E+01
  .787165492E+01  .787905039E+01  .788488133E+01  .788913374E+01  .789179502E+01
  .789285398E+01  .789230083E+01  .789012719E+01  .788632609E+01  .788089194E+01
  .787382060E+01  .786510928E+01  .785475660E+01  .784276257E+01  .782912854E+01
  .781385727E+01  .779695282E+01  .777842060E+01  .775826737E+01  .773650115E+01
  .771313127E+01  .768816831E+01  .766162410E+01  .763351171E+01  .760384539E+01
  .757264058E+01  .753991385E+01  .750568292E+01  .746996660E+01  .743278476E+01
  .739415832E+01  .735410922E+01  .731266035E+01  .726983559E+01  .722565969E+01
  .718015833E+01  .713335800E+01  .708528603E+01  .703597051E+01  .698544030E+01
  .693372494E+01  .688085467E+01  .682686035E+01  .677177344E+01  .671562597E+01
  .665845050E+01  .660028006E+01  .654114815E+01  .648108866E+01  .642013589E+01
  .635832445E+01  .629568926E+01  .623226550E+01  .616808861E+01  .610319415E+01
  .603761792E+01  .597139576E+01  .590456366E+01  .583715760E+01  .576921362E+01
  .570076770E+01  .563185581E+01  .556251377E+01  .549277734E+01  .542268208E+01
  .535226341E+01  .528155649E+01  .521059628E+01  .513941743E+01  .506805431E+01
  .499654095E+01  .492491105E+01  .485319788E+01  .478143436E+01  .470965292E+01
  .463788560E+01  .456616392E+01  .449451893E+01  .442298112E+01  .435158052E+01
  .428034653E+01  .420930803E+01  .413849326E+01  .406792990E+01  .399764491E+01
  .392766478E+01  .385801506E+01  .378872106E+01  .371980699E+01  .365129678E+01
  .358321331E+01  .351557913E+01  .344841574E+01  .338174428E+01  .331558483E+01
  .324995712E+01  .318487980E+01  .312037117E+01  .305644842E+01  .299312843E+01
  .293042694E+01  .286835939E+01  .280694008E+01  .274618302E+01  .268610108E+01
  .262670685E+01  .256801177E+01  .251002705E+01  .245276272E+01  .239622860E+01
  .234043337E+01  .228538549E+01  .223109231E+01  .217756095E+01  .212479745E+01
  .207280767E+01  .202159637E+01  .197116815E+01  .192152656E+01  .187267500E+01
  .182461582E+01  .177735126E+01  .173088255E+01  .168521082E+01  .164033620E+01
  .159625870E+01  .155297760E+01  .151049171E+01  .146879939E+01  .142789850E+01
  .138778645E+01  .134846022E+01  .130991633E+01  .127215090E+01  .123515965E+01
  .119893789E+01  .116348058E+01  .112878229E+01  .109483726E+01  .106163939E+01
  .102918225E+01  .997459119E+00  .966462966E+00  .936186485E+00  .906622106E+00
  .877762001E+00  .849598104E+00  .822122122E+00  .795325546E+00  .769199668E+00
  .743735591E+00  .718924241E+00  .694756383E+00  .671222630E+00  .648313457E+00
  .626019211E+00  .604330128E+00  .583236337E+00  .562727877E+00  .542794707E+00
  .523426716E+00  .504613733E+00  .486345543E+00  .468611889E+00  .451402489E+00
  .434707042E+00  .418515240E+00  .402816773E+00  .387601345E+00  .372858677E+00
  .358578518E+00  .344750651E+00  .331364905E+00  .318411159E+00  .305879351E+00
  .293759485E+00  .282041637E+00  .270715962E+00  .259772702E+00  .249202188E+00
  .238994850E+00  .229141220E+00  .219631938E+00  .210457755E+00  .201609540E+00
  .193078283E+00  .184855101E+00  .176931239E+00  .169298074E+00  .161947120E+00
  .154870031E+00  .148058601E+00  .141504771E+00  .135200625E+00  .129138400E+00
  .123310483E+00  .117709411E+00  .112327877E+00  .107158731E+00  .102194976E+00
  .974297752E-01  .928564481E-01  .884684734E-01  .842594890E-01  .802232918E-01
  .763538378E-01  .726452423E-01  .690917793E-01  .656878812E-01  .624281382E-01
  .593072977E-01  .563202631E-01  .534620930E-01  .507279998E-01  .481133484E-01
  .456136545E-01  .432245828E-01  .409419449E-01  .387616972E-01  .366799377E-01
  .346929038E-01  .327969686E-01  .309886376E-01  .292645444E-01  .276214468E-01
  .260562220E-01  .245658618E-01  .231474675E-01  .217982441E-01  .205154955E-01
  .192966187E-01  .181390983E-01  .170405012E-01  .159984721E-01  .150107284E-01
  .140750558E-01  .131893053E-01  .123513891E-01  .115592785E-01  .108110012E-01
  .101046396E-01  .943832965E-02  .881025969E-02  .821866973E-02  .766185118E-02
  .713814651E-02  .664594925E-02  .618370394E-02  .574990615E-02  .534310249E-02
  .496189062E-02  .460491910E-02  .427088721E-02  .395854467E-02  .366669119E-02
  .339417599E-02  .313989712E-02  .290280074E-02  .268188022E-02  .247617522E-02
  .228477060E-02  .210679536E-02  .194142137E-02  .178786220E-02  .164537175E-02
  .151324300E-02  .139080657E-02  .127742939E-02  .117251334E-02  .107549378E-02
  .985838274E-03  .903045122E-03  .826642072E-03  .756184959E-03  .691256404E-03
  .631464535E-03  .576441736E-03  .525843442E-03  .479346952E-03  .436650297E-03
  .397471135E-03  .361545687E-03  .328627719E-03  .298487557E-03  .270911145E-03
  .245699141E-03  .222666055E-03  .201639421E-03  .182459015E-03  .164976100E-03
  .149052715E-03  .134560998E-03  .121382538E-03  .109407770E-03  .985353924E-04
  .886718215E-04  .797306746E-04  .716322809E-04  .643032210E-04  .576758928E-04
  .516881027E-04  .462826813E-04  .414071221E-04  .370132424E-04  .330568654E-04
  .294975224E-04  .262981741E-04  .234249494E-04  .208469026E-04  .185357854E-04
  .164658358E-04  .146135797E-04  .129576484E-04  .114786068E-04  .101587956E-04
  .898218373E-05  .793423222E-05  .700176784E-05  .617286630E-05  .543674436E-05
  .478366019E-05  .420482146E-05  .369230073E-05  .323895753E-05  .283836674E-05
  .248475287E-05  .217292966E-05  .189824486E-05  .165652955E-05  .144405193E-05
  .125747501E-05  .109381804E-05  .950421368E-06  .824914431E-06  .715186670E-06
  .619361085E-06  .535770258E-06  .462934622E-06  .399542791E-06  .344433772E-06
  .296580901E-06  .255077329E-06  .219123288E-06  .188012940E-06  .161128125E-06
  .137919860E-06  .117912150E-06  .100681844E-06  .858618634E-07  .731310243E-07
  .622086562E-07  .528498043E-07  .448409587E-07  .379962593E-07  .321541262E-07
  .271742726E-07  .229350599E-07  .193311600E-07  .162714911E-07  .136773974E-07
  .114810466E-07  .962402175E-08  .805608357E-08  .673408654E-08  .562102943E-08
  .468522541E-08  .389957767E-08  .324094797E-08  .268960714E-08  .222875744E-08
  .184411818E-08  .152356665E-08  .125682746E-08  .103520427E-08  .851348311E-09
  .699059172E-09  .573113436E-09  .469117622E-09  .383382139E-09  .312813436E-09
  .254821866E-09  .207243103E-09  .168271228E-09  .136401851E-09  .110383834E-09
  .891783924E-10  .719245001E-10  .579096792E-10  .465453778E-10  .373462502E-10
  .299127532E-10  .239165519E-10  .190883038E-10  .152074520E-10  .120937118E-10
  .959998309E-11  .760646045E-11  .601574738E-11  .474881115E-11  .374163981E-11
  .294248471E-11  .230959028E-11  .180932859E-11  .141466937E-11  .110392769E-11
  .859740907E-12  .668234522E-12  .518343411E-12  .401260641E-12  .309990756E-12
  .238988476E-12  .183867084E-12  .141163544E-12  .108149699E-12  .826808386E-13
  .630744938E-13  .480136254E-13  .364694720E-13  .276401925E-13  .209021790E-13
  .157715078E-13  .118734847E-13  .891863977E-14  .668384769E-14  .499751319E-14
  .372797302E-14  .277443680E-14  .205992767E-14  .152579397E-14  .112745252E-14
  .831095011E-15  .611145555E-15  .448303024E-15  .328037203E-15  .239436455E-15
  .174326915E-15  .126600899E-15  .917061427E-16  .662583160E-16  .477478323E-16
  .343185651E-16  .246012743E-16  .175885426E-16  .125411267E-16  .891801710E-17
  .632434599E-17  .447269174E-17  .315441415E-17  .221847813E-17  .155585281E-17
  .108805016E-17  .758728588E-18  .527559051E-18  .365757054E-18  .252837314E-18
  .174263402E-18  .119750526E-18  .820435544E-19  .560398280E-19  .381613574E-19
  .259068644E-19  .175331176E-19  .118289404E-19  .795543643E-20  .533338116E-20
  .356410564E-20  .237408708E-20  .157626621E-20  .104312882E-20  .688034655E-21
  .452308872E-21  .296347090E-21  .193506361E-21  .125923562E-21  .816627473E-22
  .527757209E-22  .339879861E-22  .218114999E-22  .139476855E-22  .888715704E-23
  .564228642E-23  .356916271E-23  .224948853E-23  .141252001E-23  .883661428E-24
  .550737457E-24  .341946074E-24  .211500636E-24  .130314707E-24  .799814787E-25
  .488974383E-25  .297762358E-25  .180603728E-25  .109104575E-25  .656454381E-26
  .393366488E-26  .234750843E-26  .139514586E-26  .825696159E-27  .486625139E-27
  .285579978E-27  .166880312E-27  .970983080E-28  .562512773E-28  .324453243E-28
  .186318326E-28  .106519064E-28  .606250204E-29  .343489597E-29  .193729892E-29
  .108763991E-29  .607803308E-30  .338075927E-30  .187164041E-30  .103126705E-30
  .565514677E-31  .308619920E-31  .167607924E-31  .905813349E-32  .487123833E-32
  .260662956E-32  .138784567E-32  .735203327E-33  .387490046E-33  .203180799E-33
  .105987803E-33  .549999349E-34  .283911720E-34  .145781020E-34  .744554815E-35
  .378226334E-35  .191094181E-35  .960206940E-36  .479827150E-36  .238444969E-36
  .117829895E-36  .578984931E-37  .282881004E-37  .137418503E-37  .663699583E-38
  .318685727E-38  .152124128E-38  .721867561E-39  .340502454E-39  .159648726E-39
  .743998726E-40  .344603209E-40  .158630077E-40  .725687061E-41  .329905243E-41
  .149033276E-41  .668974395E-42  .298363585E-42  .132211701E-42  .582048581E-43
  .254560593E-43  .110596878E-43  .477299849E-44  .204603596E-44  .871134840E-45
  .368369871E-45  .154698348E-45  .645158141E-46  .267178501E-46  .109867024E-46
  .448579329E-47  .181841300E-47  .731816699E-48  .292377245E-48  .115955419E-48
  .456477447E-49  .178362179E-49  .691696468E-50  .266214482E-50  .101677512E-50
  .385361960E-51  .144922847E-51  .540756981E-52  .200187815E-52  .735217996E-53
  .267861440E-53  .968037386E-54  .347003851E-54  .123370327E-54  .435005577E-55
  .152113991E-55  .527548073E-56  .181479969E-56  .619664827E-57  .210798938E-57
  .717461511E-58  .251150890E-58  .948951633E-59  .448855907E-59  .338994588E-59
  .000000000E+00  .000000000E+00  .000000000E+00  .000000000E+00  .000000000E+00
  .000000000E+00  .000000000E+00  .000000000E+00  .000000000E+00  .000000000E+00
  .000000000E+00  .000000000E+00  .000000000E+00  .000000000E+00  .000000000E+00
  .000000000E+00  .000000000E+00  .000000000E+00  .000000000E+00  .000000000E+00
  .000000000E+00  .000000000E+00  .000000000E+00  .000000000E+00  .000000000E+00
  .000000000E+00  .000000000E+00  .000000000E+00  .000000000E+00  .000000000E+00
  .000000000E+00  .000000000E+00  .000000000E+00  .000000000E+00  .000000000E+00
  .000000000E+00  .000000000E+00  .000000000E+00  .000000000E+00  .000000000E+00
  .000000000E+00  .000000000E+00  .000000000E+00  .000000000E+00  .000000000E+00
  .000000000E+00  .000000000E+00  .000000000E+00  .000000000E+00  .000000000E+00
  .000000000E+00  .000000000E+00  .000000000E+00  .000000000E+00  .000000000E+00
  .000000000E+00  .000000000E+00  .000000000E+00  .000000000E+00  .000000000E+00
  .000000000E+00  .000000000E+00  .000000000E+00  .000000000E+00  .000000000E+00
  .000000000E+00  .000000000E+00  .000000000E+00  .000000000E+00  .000000000E+00
  .000000000E+00  .000000000E+00  .000000000E+00  .000000000E+00  .000000000E+00
  .000000000E+00  .000000000E+00  .000000000E+00  .000000000E+00  .000000000E+00
  .000000000E+00  .000000000E+00  .000000000E+00  .000000000E+00  .000000000E+00
  .000000000E+00  .000000000E+00  .000000000E+00  .000000000E+00  .000000000E+00
  .000000000E+00  .000000000E+00  .000000000E+00  .000000000E+00  .000000000E+00
  .000000000E+00  .000000000E+00  .000000000E+00  .000000000E+00  .000000000E+00
  .000000000E+00  .000000000E+00  .000000000E+00  .000000000E+00  .000000000E+00
  .000000000E+00  .000000000E+00  .000000000E+00  .000000000E+00  .000000000E+00
  .000000000E+00  .000000000E+00  .000000000E+00  .000000000E+00  .000000000E+00
  .000000000E+00  .000000000E+00  .000000000E+00  .000000000E+00  .000000000E+00
  .000000000E+00  .000000000E+00  .000000000E+00  .000000000E+00  .000000000E+00
  .000000000E+00  .000000000E+00  .000000000E+00  .000000000E+00  .000000000E+00
  .000000000E+00  .000000000E+00  .000000000E+00  .000000000E+00  .000000000E+00
  .000000000E+00  .000000000E+00  .000000000E+00  .000000000E+00  .000000000E+00
  .000000000E+00  .000000000E+00  .000000000E+00  .000000000E+00  .000000000E+00
  .000000000E+00  .000000000E+00  .000000000E+00  .000000000E+00  .000000000E+00
  .000000000E+00  .000000000E+00  .000000000E+00  .000000000E+00  .000000000E+00
  .000000000E+00  .000000000E+00  .000000000E+00  .000000000E+00  .000000000E+00
  .000000000E+00  .000000000E+00  .000000000E+00  .000000000E+00  .000000000E+00
  .000000000E+00  .000000000E+00  .000000000E+00  .000000000E+00  .000000000E+00
  .000000000E+00  .000000000E+00  .000000000E+00  .000000000E+00  .000000000E+00
  .000000000E+00  .000000000E+00  .000000000E+00  .000000000E+00  .000000000E+00
  .000000000E+00  .000000000E+00  .000000000E+00  .000000000E+00  .000000000E+00
  .000000000E+00  .000000000E+00  .000000000E+00  .000000000E+00  .000000000E+00
  .000000000E+00  .000000000E+00  .000000000E+00  .000000000E+00  .000000000E+00
  .000000000E+00  .000000000E+00  .000000000E+00  .000000000E+00  .000000000E+00
  .000000000E+00  .000000000E+00  .000000000E+00  .000000000E+00  .000000000E+00
  .000000000E+00  .000000000E+00  .000000000E+00  .000000000E+00  .000000000E+00
  .000000000E+00  .000000000E+00  .000000000E+00  .000000000E+00  .000000000E+00
  .000000000E+00  .000000000E+00  .000000000E+00  .000000000E+00  .000000000E+00
  .000000000E+00  .000000000E+00  .000000000E+00  .000000000E+00  .000000000E+00
  .000000000E+00  .000000000E+00  .000000000E+00  .000000000E+00  .000000000E+00
  .000000000E+00  .000000000E+00  .000000000E+00  .000000000E+00  .000000000E+00
  .000000000E+00  .000000000E+00  .000000000E+00  .000000000E+00  .000000000E+00
  .000000000E+00  .000000000E+00  .000000000E+00  .000000000E+00  .000000000E+00
  .000000000E+00  .000000000E+00  .000000000E+00  .000000000E+00  .000000000E+00
