Sb: s2p3                                
  .299759330E-01  .304217560E-01  .308741866E-01  .313333224E-01  .317992621E-01
  .322721060E-01  .327519560E-01  .332389152E-01  .337330884E-01  .342345819E-01
  .347435036E-01  .352599628E-01  .357840706E-01  .363159396E-01  .368556840E-01
  .374034199E-01  .379592648E-01  .385233381E-01  .390957609E-01  .396766560E-01
  .402661481E-01  .408643637E-01  .414714311E-01  .420874803E-01  .427126436E-01
  .433470549E-01  .439908501E-01  .446441671E-01  .453071460E-01  .459799286E-01
  .466626590E-01  .473554834E-01  .480585499E-01  .487720089E-01  .494960131E-01
  .502307172E-01  .509762784E-01  .517328559E-01  .525006114E-01  .532797088E-01
  .540703147E-01  .548725976E-01  .556867289E-01  .565128823E-01  .573512340E-01
  .582019627E-01  .590652500E-01  .599412797E-01  .608302386E-01  .617323159E-01
  .626477039E-01  .635765973E-01  .645191940E-01  .654756944E-01  .664463020E-01
  .674312233E-01  .684306676E-01  .694448472E-01  .704739778E-01  .715182779E-01
  .725779691E-01  .736532765E-01  .747444282E-01  .758516557E-01  .769751938E-01
  .781152806E-01  .792721579E-01  .804460706E-01  .816372674E-01  .828460006E-01
  .840725258E-01  .853171027E-01  .865799945E-01  .878614681E-01  .891617945E-01
  .904812483E-01  .918201083E-01  .931786571E-01  .945571815E-01  .959559723E-01
  .973753246E-01  .988155375E-01  .100276915E+00  .101759764E+00  .103264397E+00
  .104791132E+00  .106340289E+00  .107912195E+00  .109507179E+00  .111125577E+00
  .112767729E+00  .114433980E+00  .116124680E+00  .117840184E+00  .119580851E+00
  .121347046E+00  .123139140E+00  .124957509E+00  .126802532E+00  .128674596E+00
  .130574093E+00  .132501420E+00  .134456980E+00  .136441181E+00  .138454439E+00
  .140497173E+00  .142569810E+00  .144672782E+00  .146806527E+00  .148971491E+00
  .151168124E+00  .153396883E+00  .155658232E+00  .157952643E+00  .160280591E+00
  .162642560E+00  .165039041E+00  .167470532E+00  .169937537E+00  .172440568E+00
  .174980143E+00  .177556789E+00  .180171039E+00  .182823434E+00  .185514523E+00
  .188244863E+00  .191015017E+00  .193825557E+00  .196677064E+00  .199570127E+00
  .202505340E+00  .205483310E+00  .208504650E+00  .211569981E+00  .214679934E+00
  .217835149E+00  .221036274E+00  .224283966E+00  .227578891E+00  .230921727E+00
  .234313157E+00  .237753877E+00  .241244591E+00  .244786013E+00  .248378868E+00
  .252023890E+00  .255721823E+00  .259473421E+00  .263279451E+00  .267140688E+00
  .271057919E+00  .275031940E+00  .279063560E+00  .283153600E+00  .287302889E+00
  .291512270E+00  .295782598E+00  .300114738E+00  .304509567E+00  .308967975E+00
  .313490865E+00  .318079150E+00  .322733757E+00  .327455627E+00  .332245711E+00
  .337104975E+00  .342034398E+00  .347034971E+00  .352107701E+00  .357253607E+00
  .362473721E+00  .367769092E+00  .373140780E+00  .378589863E+00  .384117430E+00
  .389724586E+00  .395412454E+00  .401182167E+00  .407034877E+00  .412971750E+00
  .418993970E+00  .425102733E+00  .431299256E+00  .437584767E+00  .443960516E+00
  .450427766E+00  .456987798E+00  .463641910E+00  .470391419E+00  .477237658E+00
  .484181978E+00  .491225749E+00  .498370358E+00  .505617211E+00  .512967734E+00
  .520423370E+00  .527985582E+00  .535655853E+00  .543435686E+00  .551326601E+00
  .559330143E+00  .567447873E+00  .575681374E+00  .584032252E+00  .592502132E+00
  .601092660E+00  .609805505E+00  .618642357E+00  .627604930E+00  .636694958E+00
  .645914199E+00  .655264434E+00  .664747467E+00  .674365126E+00  .684119261E+00
  .694011749E+00  .704044490E+00  .714219407E+00  .724538450E+00  .735003595E+00
  .745616841E+00  .756380214E+00  .767295766E+00  .778365577E+00  .789591750E+00
  .800976419E+00  .812521743E+00  .824229909E+00  .836103133E+00  .848143657E+00
  .860353754E+00  .872735725E+00  .885291900E+00  .898024638E+00  .910936330E+00
  .924029394E+00  .937306281E+00  .950769472E+00  .964421479E+00  .978264847E+00
  .992302150E+00  .100653600E+01  .102096903E+01  .103560392E+01  .105044337E+01
  .106549013E+01  .108074697E+01  .109621670E+01  .111190215E+01  .112780622E+01
  .114393181E+01  .116028187E+01  .117685939E+01  .119366740E+01  .121070894E+01
  .122798712E+01  .124550507E+01  .126326596E+01  .128127301E+01  .129952946E+01
  .131803860E+01  .133680375E+01  .135582830E+01  .137511564E+01  .139466923E+01
  .141449255E+01  .143458914E+01  .145496256E+01  .147561645E+01  .149655444E+01
  .151778026E+01  .153929763E+01  .156111036E+01  .158322227E+01  .160563724E+01
  .162835919E+01  .165139210E+01  .167473998E+01  .169840688E+01  .172239692E+01
  .174671426E+01  .177136308E+01  .179634765E+01  .182167226E+01  .184734126E+01
  .187335905E+01  .189973006E+01  .192645881E+01  .195354982E+01  .198100771E+01
  .200883711E+01  .203704274E+01  .206562933E+01  .209460169E+01  .212396469E+01
  .215372322E+01  .218388226E+01  .221444682E+01  .224542197E+01  .227681284E+01
  .230862461E+01  .234086252E+01  .237353185E+01  .240663797E+01  .244018626E+01
  .247418221E+01  .250863132E+01  .254353917E+01  .257891140E+01  .261475371E+01
  .265107184E+01  .268787161E+01  .272515889E+01  .276293960E+01  .280121975E+01
  .284000538E+01  .287930260E+01  .291911758E+01  .295945657E+01  .300032586E+01
  .304173180E+01  .308368081E+01  .312617939E+01  .316923406E+01  .321285145E+01
  .325703821E+01  .330180110E+01  .334714690E+01  .339308248E+01  .343961476E+01
  .348675074E+01  .353449747E+01  .358286207E+01  .363185173E+01  .368147369E+01
  .373173527E+01  .378264385E+01  .383420688E+01  .388643186E+01  .393932638E+01
  .399289807E+01  .404715465E+01  .410210388E+01  .415775361E+01  .421411174E+01
  .427118624E+01  .432898514E+01  .438751656E+01  .444678865E+01  .450680965E+01
  .456758786E+01  .462913164E+01  .469144942E+01  .475454969E+01  .481844101E+01
  .488313201E+01  .494863137E+01  .501494784E+01  .508209024E+01  .515006745E+01
  .521888840E+01  .528856211E+01  .535909763E+01  .543050410E+01  .550279071E+01
  .557596671E+01  .565004141E+01  .572502418E+01  .580092445E+01  .587775172E+01
  .595551553E+01  .603422549E+01  .611389126E+01  .619452255E+01  .627612916E+01
  .635872089E+01  .644230764E+01  .652689934E+01  .661250598E+01  .669913760E+01
  .678680428E+01  .687551616E+01  .696528344E+01  .705611633E+01  .714802512E+01
  .724102014E+01  .733511174E+01  .743031033E+01  .752662637E+01  .762407033E+01
  .772265274E+01  .782238417E+01  .792327520E+01  .802533647E+01  .812857864E+01
  .823301239E+01  .833864844E+01  .844549754E+01  .855357045E+01  .866287796E+01
  .877343088E+01  .888524004E+01  .899831628E+01  .911267046E+01  .922831345E+01
  .934525613E+01  .946350939E+01  .958308410E+01  .970399118E+01  .982624150E+01
  .994984596E+01  .100748154E+02  .102011608E+02  .103288929E+02  .104580227E+02
  .105885608E+02  .107205182E+02  .108539056E+02  .109887339E+02  .111250136E+02
  .112627555E+02  .114019703E+02  .115426686E+02  .116848610E+02  .118285579E+02
  .119737699E+02  .121205073E+02  .122687806E+02  .124186000E+02  .125699757E+02
  .127229180E+02  .128774368E+02  .130335422E+02  .131912440E+02  .133505522E+02
  .135114763E+02  .136740262E+02  .138382111E+02  .140040407E+02  .141715241E+02
  .143406706E+02  .145114892E+02  .146839888E+02  .148581781E+02  .150340660E+02
  .152116607E+02  .153909708E+02  .155720043E+02  .157547693E+02  .159392736E+02
  .161255249E+02  .163135307E+02  .165032983E+02  .166948347E+02  .168881470E+02
  .170832416E+02  .172801252E+02  .174788040E+02  .176792840E+02  .178815710E+02
  .180856704E+02  .182915877E+02  .184993277E+02  .187088953E+02  .189202950E+02
  .191335308E+02  .193486069E+02  .195655266E+02  .197842934E+02  .200049103E+02
  .202273799E+02  .204517044E+02  .206778861E+02  .209059264E+02  .211358266E+02
  .213675878E+02  .216012104E+02  .218366946E+02  .220740402E+02  .223132465E+02
  .225543126E+02  .227972369E+02  .230420176E+02  .232886524E+02  .235371384E+02
  .237874726E+02  .240396511E+02  .242936699E+02  .245495242E+02  .248072090E+02
  .250667185E+02  .253280467E+02  .255911867E+02  .258561315E+02  .261228732E+02
  .263914035E+02  .266617135E+02  .269337939E+02  .272076344E+02  .274832245E+02
  .277605530E+02  .280396080E+02  .283203770E+02  .286028469E+02  .288870040E+02
  .291728338E+02  .294603213E+02  .297494507E+02  .300402057E+02  .303325689E+02
  .306265228E+02  .309220486E+02  .312191272E+02  .315177386E+02  .318178620E+02
  .321194759E+02  .324225582E+02  .327270857E+02  .330330347E+02  .333403806E+02
  .336490981E+02  .339591610E+02  .342705423E+02  .345832142E+02  .348971480E+02
  .352123144E+02  .355286829E+02  .358462224E+02  .361649010E+02  .364846856E+02
  .368055426E+02  .371274374E+02  .374503343E+02  .377741971E+02  .380989883E+02
  .384246699E+02  .387512027E+02  .390785466E+02  .394066608E+02  .397355034E+02
  .400650317E+02  .403952019E+02  .407259695E+02  .410572888E+02  .413891135E+02
  .417213962E+02  .420540884E+02  .423871410E+02  .427205037E+02  .430541254E+02
  .433879541E+02  .437219367E+02  .440560194E+02  .443901474E+02  .447242649E+02
  .450583153E+02  .453922409E+02  .457259834E+02  .460594833E+02  .463926805E+02
  .467255137E+02  .470579211E+02  .473898396E+02  .477212057E+02  .480519547E+02
  .483820212E+02  .487113391E+02  .490398414E+02  .493674602E+02  .496941269E+02
  .500197723E+02  .503443262E+02  .506677178E+02  .509898757E+02  .513107276E+02
  .516302006E+02  .519482214E+02  .522647156E+02  .525796087E+02  .528928252E+02
  .532042894E+02  .535139249E+02  .538216547E+02  .541274017E+02  .544310880E+02
  .547326354E+02  .550319654E+02  .553289991E+02  .556236574E+02  .559158607E+02
  .562055295E+02  .564925837E+02  .567769434E+02  .570585285E+02  .573372586E+02
  .576130536E+02  .578858332E+02  .581555172E+02  .584220255E+02  .586852781E+02
  .589451954E+02  .592016979E+02  .594547063E+02  .597041418E+02  .599499260E+02
  .601919809E+02  .604302290E+02  .606645934E+02  .608949979E+02  .611213668E+02
  .613436253E+02  .615616993E+02  .617755158E+02  .619850024E+02  .621900879E+02
  .623907021E+02  .625867760E+02  .627782416E+02  .629650324E+02  .631470830E+02
  .633243296E+02  .634967097E+02  .636641625E+02  .638266287E+02  .639840506E+02
  .641363724E+02  .642835402E+02  .644255018E+02  .645622070E+02  .646936077E+02
  .648196581E+02  .649403143E+02  .650555349E+02  .651652807E+02  .652695149E+02
  .653682036E+02  .654613149E+02  .655488200E+02  .656306926E+02  .657069093E+02
  .657774496E+02  .658422960E+02  .659014338E+02  .659548517E+02  .660025415E+02
  .660444981E+02  .660807198E+02  .661112085E+02  .661359694E+02  .661550111E+02
  .661683461E+02  .661759902E+02  .661779634E+02  .661742891E+02  .661649947E+02
  .661501115E+02  .661296749E+02  .661037242E+02  .660723028E+02  .660354582E+02
  .659932421E+02  .659457106E+02  .658929238E+02  .658349464E+02  .657718471E+02
  .657036995E+02  .656305810E+02  .655525740E+02  .654697650E+02  .653822452E+02
  .652901103E+02  .651934604E+02  .650924003E+02  .649870393E+02  .648774911E+02
  .647638742E+02  .646463115E+02  .645249304E+02  .643998629E+02  .642712455E+02
  .641392191E+02  .640039290E+02  .638655250E+02  .637241614E+02  .635799965E+02
  .634331931E+02  .632839181E+02  .631323427E+02  .629786420E+02  .628229952E+02
  .626655854E+02  .625065996E+02  .623462284E+02  .621846663E+02  .620221112E+02
  .618587644E+02  .616948306E+02  .615305177E+02  .613660365E+02  .612016011E+02
  .610374280E+02  .608737366E+02  .607107488E+02  .605486885E+02  .603877821E+02
  .602282580E+02  .600703461E+02  .599142782E+02  .597602874E+02  .596086081E+02
  .594594756E+02  .593131260E+02  .591697963E+02  .590297234E+02  .588931446E+02
  .587602971E+02  .586314178E+02  .585067428E+02  .583865075E+02  .582709462E+02
  .581602918E+02  .580547757E+02  .579546272E+02  .578600737E+02  .577713398E+02
  .576886476E+02  .576122162E+02  .575422613E+02  .574789950E+02  .574226254E+02
  .573733568E+02  .573313884E+02  .572969152E+02  .572701267E+02  .572512072E+02
  .572403351E+02  .572376829E+02  .572434169E+02  .572576965E+02  .572806745E+02
  .573124961E+02  .573532993E+02  .574032142E+02  .574623626E+02  .575308580E+02
  .576088053E+02  .576963003E+02  .577934295E+02  .579002700E+02  .580168890E+02
  .581433437E+02  .582796809E+02  .584259369E+02  .585821371E+02  .587482960E+02
  .589244167E+02  .591104910E+02  .593064988E+02  .595124083E+02  .597281757E+02
  .599537448E+02  .601890471E+02  .604340016E+02  .606885147E+02  .609524800E+02
  .612257781E+02  .615082769E+02  .617998311E+02  .621002823E+02  .624094591E+02
  .627271768E+02  .630532377E+02  .633874308E+02  .637295322E+02  .640793047E+02
  .644364982E+02  .648008498E+02  .651720837E+02  .655499113E+02  .659340318E+02
  .663241317E+02  .667198855E+02  .671209558E+02  .675269933E+02  .679376373E+02
  .683525159E+02  .687712463E+02  .691934352E+02  .696186788E+02  .700465637E+02
  .704766667E+02  .709085558E+02  .713417901E+02  .717759206E+02  .722104905E+02
  .726450357E+02  .730790855E+02  .735121627E+02  .739437847E+02  .743734637E+02
  .748007073E+02  .752250194E+02  .756459005E+02  .760628485E+02  .764753594E+02
  .768829277E+02  .772850477E+02  .776812136E+02  .780709203E+02  .784536646E+02
  .788289454E+02  .791962649E+02  .795551290E+02  .799050483E+02  .802455389E+02
  .805761230E+02  .808963301E+02  .812056972E+02  .815037701E+02  .817901042E+02
  .820642650E+02  .823258291E+02  .825743851E+02  .828095342E+02  .830308911E+02
  .832380848E+02  .834307594E+02  .836085749E+02  .837712079E+02  .839183522E+02
  .840497199E+02  .841650420E+02  .842640687E+02  .843465706E+02  .844123393E+02
  .844611877E+02  .844929510E+02  .845074869E+02  .845046764E+02  .844844246E+02
  .844466605E+02  .843913382E+02  .843184366E+02  .842279606E+02  .841199408E+02
  .839944341E+02  .838515240E+02  .836913206E+02  .835139612E+02  .833196101E+02
  .831084587E+02  .828807258E+02  .826366575E+02  .823765269E+02  .821006344E+02
  .818093074E+02  .815028999E+02  .811817925E+02  .808463922E+02  .804971315E+02
  .801344686E+02  .797588866E+02  .793708929E+02  .789710189E+02  .785598193E+02
  .781378710E+02  .777057729E+02  .772641450E+02  .768136271E+02  .763548783E+02
  .758885761E+02  .754154150E+02  .749361058E+02  .744513743E+02  .739619600E+02
  .734686154E+02  .729721040E+02  .724731997E+02  .719726849E+02  .714713496E+02
  .709699897E+02  .704694053E+02  .699703999E+02  .694737782E+02  .689803449E+02
  .684909031E+02  .680062526E+02  .675271883E+02  .670544988E+02  .665889644E+02
  .661313557E+02  .656824317E+02  .652429387E+02  .648136078E+02  .643951540E+02
  .639882742E+02  .635936456E+02  .632119241E+02  .628437428E+02  .624897105E+02
  .621504097E+02  .618263958E+02  .615181951E+02  .612263036E+02  .609511855E+02
  .606932722E+02  .604529605E+02  .602306118E+02  .600265509E+02  .598410646E+02
  .596744012E+02  .595267690E+02  .593983359E+02  .592892281E+02  .591995299E+02
  .591292829E+02  .590784853E+02  .590470914E+02  .590350117E+02  .590421122E+02
  .590682144E+02  .591130951E+02  .591764868E+02  .592580774E+02  .593575106E+02
  .594743865E+02  .596082615E+02  .597586494E+02  .599250219E+02  .601068093E+02
  .603034011E+02  .605141476E+02  .607383606E+02  .609753146E+02  .612242479E+02
  .614843646E+02  .617548353E+02  .620347993E+02  .623233658E+02  .626196161E+02
  .629226049E+02  .632313628E+02  .635448978E+02  .638621976E+02  .641822316E+02
  .645039536E+02  .648263032E+02  .651482087E+02  .654685893E+02  .657863577E+02
  .661004221E+02  .664096891E+02  .667130659E+02  .670094632E+02  .672977969E+02
  .675769918E+02  .678459833E+02  .681037199E+02  .683491664E+02  .685813057E+02
  .687991414E+02  .690017007E+02  .691880361E+02  .693572283E+02  .695083883E+02
  .696406594E+02  .697532198E+02  .698452845E+02  .699161071E+02  .699649822E+02
  .699912467E+02  .699942821E+02  .699735158E+02  .699284227E+02  .698585268E+02
  .697634024E+02  .696426753E+02  .694960239E+02  .693231802E+02  .691239306E+02
  .688981169E+02  .686456364E+02  .683664424E+02  .680605450E+02  .677280105E+02
  .673689623E+02  .669835800E+02  .665720996E+02  .661348129E+02  .656720671E+02
  .651842640E+02  .646718593E+02  .641353618E+02  .635753315E+02  .629923798E+02
  .623871668E+02  .617604006E+02  .611128353E+02  .604452699E+02  .597585457E+02
  .590535448E+02  .583311881E+02  .575924329E+02  .568382709E+02  .560697259E+02
  .552878510E+02  .544937267E+02  .536884577E+02  .528731712E+02  .520490129E+02
  .512171457E+02  .503787458E+02  .495350007E+02  .486871057E+02  .478362619E+02
  .469836721E+02  .461305394E+02  .452780628E+02  .444274361E+02  .435798431E+02
  .427364567E+02  .418984344E+02  .410669173E+02  .402430255E+02  .394278576E+02
  .386224860E+02  .378279564E+02  .370452835E+02  .362754507E+02  .355194057E+02
  .347780606E+02  .340522876E+02  .333429193E+02  .326507450E+02  .319765107E+02
  .313209158E+02  .306846134E+02  .300682075E+02  .294722533E+02  .288972547E+02
  .283436648E+02  .278118839E+02  .273022603E+02  .268150885E+02  .263506099E+02
  .259090121E+02  .254904293E+02  .250949419E+02  .247225778E+02  .243733116E+02
  .240470660E+02  .237437124E+02  .234630716E+02  .232049148E+02  .229689650E+02
  .227548978E+02  .225623430E+02  .223908862E+02  .222400701E+02  .221093964E+02
  .219983275E+02  .219062884E+02  .218326686E+02  .217768242E+02  .217380801E+02
  .217157318E+02  .217090481E+02  .217172731E+02  .217396286E+02  .217753165E+02
  .218235210E+02  .218834113E+02  .219541435E+02  .220348638E+02  .221247100E+02
  .222228150E+02  .223283078E+02  .224403173E+02  .225579734E+02  .226804104E+02
  .228067682E+02  .229361953E+02  .230678502E+02  .232009046E+02  .233345438E+02
  .234679704E+02  .236004042E+02  .237310861E+02  .238592776E+02  .239842645E+02
  .241053562E+02  .242218892E+02  .243332263E+02  .244387599E+02  .245379110E+02
  .246301318E+02  .247149047E+02  .247917459E+02  .248602028E+02  .249198571E+02
  .249703229E+02  .250112491E+02  .250423179E+02  .250632457E+02  .250737832E+02
  .250737153E+02  .250628597E+02  .250410682E+02  .250082250E+02  .249642469E+02
  .249090823E+02  .248427111E+02  .247651429E+02  .246764177E+02  .245766032E+02
  .244657956E+02  .243441171E+02  .242117162E+02  .240687652E+02  .239154605E+02
  .237520199E+02  .235786829E+02  .233957082E+02  .232033732E+02  .230019724E+02
  .227918162E+02  .225732295E+02  .223465507E+02  .221121300E+02  .218703283E+02
  .216215161E+02  .213660717E+02  .211043806E+02  .208368337E+02  .205638267E+02
  .202857581E+02  .200030289E+02  .197160410E+02  .194251962E+02  .191308951E+02
  .188335363E+02  .185335152E+02  .182312234E+02  .179270473E+02  .176213680E+02
  .173145597E+02  .170069896E+02  .166990168E+02  .163909922E+02  .160832570E+02
  .157761431E+02  .154699720E+02  .151650547E+02  .148616908E+02  .145601689E+02
  .142607655E+02  .139637452E+02  .136693604E+02  .133778511E+02  .130894445E+02
  .128043556E+02  .125227859E+02  .122449250E+02  .119709491E+02  .117010219E+02
  .114352945E+02  .111739056E+02  .109169810E+02  .106646349E+02  .104169689E+02
  .101740732E+02  .993602614E+01  .970289492E+01  .947473546E+01  .925159318E+01
  .903350278E+01  .882048912E+01  .861256701E+01  .840974209E+01  .821201068E+01
  .801936065E+01  .783177132E+01  .764921428E+01  .747165337E+01  .729904547E+01
  .713134049E+01  .696848215E+01  .681040800E+01  .665705018E+01  .650833542E+01
  .636418583E+01  .622451877E+01  .608924760E+01  .595828237E+01  .583152862E+01
  .570889081E+01  .559026844E+01  .547556068E+01  .536466317E+01  .525747191E+01
  .515387893E+01  .505377788E+01  .495705889E+01  .486361436E+01  .477333361E+01
  .468610882E+01  .460182953E+01  .452038865E+01  .444167623E+01  .436558741E+01
  .429201474E+01  .422085507E+01  .415200360E+01  .408536022E+01  .402082340E+01
  .395829666E+01  .389768227E+01  .383888787E+01  .378182032E+01  .372639082E+01
  .367251182E+01  .362009905E+01  .356906991E+01  .351934522E+01  .347084753E+01
  .342350295E+01  .337723936E+01  .333198826E+01  .328768290E+01  .324426026E+01
  .320165903E+01  .315982150E+01  .311869191E+01  .307821810E+01  .303834949E+01
  .299903925E+01  .296024202E+01  .292191616E+01  .288402137E+01  .284652106E+01
  .280937982E+01  .277256588E+01  .273604851E+01  .269980056E+01  .266379575E+01
  .262801129E+01  .259242513E+01  .255701857E+01  .252177350E+01  .248667507E+01
  .245170884E+01  .241686351E+01  .238212804E+01  .234749441E+01  .231295468E+01
  .227850383E+01  .224413671E+01  .220985103E+01  .217564419E+01  .214151630E+01
  .210746702E+01  .207349861E+01  .203961272E+01  .200581348E+01  .197210426E+01
  .193849081E+01  .190497797E+01  .187157285E+01  .183828161E+01  .180511219E+01
  .177207207E+01  .173916996E+01  .170641413E+01  .167381398E+01  .164137835E+01
  .160911715E+01  .157703959E+01  .154515590E+01  .151347551E+01  .148200878E+01
  .145076520E+01  .141975515E+01  .138898800E+01  .135847400E+01  .132822232E+01
  .129824291E+01  .126854465E+01  .123913711E+01  .121002872E+01  .118122861E+01
  .115274470E+01  .112458558E+01  .109675857E+01  .106927165E+01  .104213152E+01
  .101534548E+01  .988919558E+00  .962860347E+00  .937173134E+00  .911863794E+00
  .886936858E+00  .862397448E+00  .838249333E+00  .814496866E+00  .791143042E+00
  .768191446E+00  .745644307E+00  .723504443E+00  .701773319E+00  .680452910E+00
  .659544036E+00  .639048023E+00  .618964864E+00  .599295174E+00  .580038251E+00
  .561194022E+00  .542761114E+00  .524738804E+00  .507125086E+00  .489918615E+00
  .473116906E+00  .456717672E+00  .440718231E+00  .425115636E+00  .409906681E+00
  .395087921E+00  .380655672E+00  .366606029E+00  .352934875E+00  .339637889E+00
  .326710560E+00  .314148196E+00  .301945835E+00  .290098561E+00  .278601202E+00
  .267448446E+00  .256634854E+00  .246154869E+00  .236002827E+00  .226172965E+00
  .216659434E+00  .207456303E+00  .198557576E+00  .189957192E+00  .181649044E+00
  .173626980E+00  .165884813E+00  .158416334E+00  .151215312E+00  .144275510E+00
  .137590687E+00  .131154609E+00  .124961051E+00  .119003811E+00  .113276709E+00
  .107773601E+00  .102488376E+00  .974149718E-01  .925473724E-01  .878796176E-01
  .834058065E-01  .791201026E-01  .750167383E-01  .710900191E-01  .673343277E-01
  .637441273E-01  .603139657E-01  .570384780E-01  .539123900E-01  .509305206E-01
  .480877846E-01  .453791946E-01  .427998637E-01  .403450066E-01  .380099416E-01
  .357900920E-01  .336809870E-01  .316782630E-01  .297776643E-01  .279750435E-01
  .262663620E-01  .246476903E-01  .231152078E-01  .216652031E-01  .202940730E-01
  .189983228E-01  .177745651E-01  .166195195E-01  .155300113E-01  .145029707E-01
  .135354317E-01  .126245308E-01  .117675054E-01  .109616929E-01  .102045282E-01
  .949354319E-02  .882636397E-02  .820070969E-02  .761439044E-02  .706530531E-02
  .655143158E-02  .607084961E-02  .562171306E-02  .520225636E-02  .481079256E-02
  .444571110E-02  .410547568E-02  .378862195E-02  .349375537E-02  .321954896E-02
  .296474104E-02  .272813309E-02  .250858748E-02  .230502531E-02  .211642425E-02
  .194181639E-02  .178028614E-02  .163096812E-02  .149304511E-02  .136574607E-02
  .124834413E-02  .114015467E-02  .104053344E-02  .948874673E-03  .864609346E-03
  .787203383E-03  .716155970E-03  .650997906E-03  .591290001E-03  .536621526E-03
  .486608720E-03  .440893346E-03  .399141298E-03  .361041263E-03  .326303437E-03
  .294658284E-03  .265855359E-03  .239662168E-03  .215863089E-03  .194258335E-03
  .174662969E-03  .156905960E-03  .140829295E-03  .126287124E-03  .113144959E-03
  .101278908E-03  .905749503E-04  .809282590E-04  .722425520E-04  .644294858E-04
  .574080831E-04  .511041948E-04  .454499954E-04  .403835085E-04  .358481646E-04
  .317923860E-04  .281691999E-04  .249358799E-04  .220428787E-04  .194662293E-04
  .171736336E-04  .151358330E-04  .133263493E-04  .117212460E-04  .102989063E-04
  .903982937E-05  .792644183E-05  .694292412E-05  .607505095E-05  .531004446E-05
  .463643958E-05  .404396047E-05  .352340740E-05  .306655330E-05  .266604919E-05
  .231533795E-05  .200857563E-05  .174055997E-05  .150666521E-05  .130278311E-05
  .112526926E-05  .970894607E-06  .836801497E-06  .720464012E-06  .619652166E-06
  .532399629E-06  .456974694E-06  .391854167E-06  .335699937E-06  .287337960E-06
  .245739459E-06  .210004098E-06  .179344966E-06  .153075191E-06  .130596010E-06
  .111386171E-06  .949925135E-07  .810216253E-07  .691324492E-07  .590297516E-07
  .504583573E-07  .431980714E-07  .370592129E-07  .318786975E-07  .275166070E-07
  .238531964E-07  .207862895E-07  .182290243E-07  .161079115E-07  .143611761E-07
  .129373569E-07  .117941427E-07  .108974304E-07  .102205939E-07  .974396015E-08
  .945448540E-08  .934567041E-08  .941767764E-08  .772877028E-08  .633268030E-08
  .518047733E-08  .423108214E-08  .345006260E-08  .280860496E-08  .228263668E-08
  .185207942E-08  .150021429E-08  .121314302E-08  .979331724E-09  .789224948E-09
  .634919915E-09  .509892014E-09  .408763859E-09  .327111375E-09  .261301248E-09
  .208354920E-09  .165834994E-09  .131750539E-09  .104478282E-09  .826971622E-10
  .653340602E-10  .515189021E-10  .405475722E-10  .318513440E-10  .249717287E-10
  .195398232E-10  .152593843E-10  .118929852E-10  .925071504E-11  .718097315E-11
  .556298434E-11  .430072636E-11  .331801290E-11  .255452057E-11  .196258532E-11
  .150462463E-11  .115106774E-11  .878697213E-12  .669323015E-12  .508724728E-12
  .385809477E-12  .291943090E-12  .220420015E-12  .166044144E-12  .124798087E-12
  .935828339E-13  .700132681E-13  .522579463E-13  .389138344E-13  .289086106E-13
  .214246461E-13  .158399939E-13  .116826909E-13  .859545408E-14  .630847365E-14
  .461849731E-14  .337279048E-14  .245686651E-14  .178512438E-14  .129372284E-14
  .935170729E-15  .674230570E-15  .484824721E-15  .347704801E-15  .248700692E-15
  .177408475E-15  .126209894E-15  .895415583E-16  .633517422E-16  .446977360E-16
  .314482038E-16  .220637714E-16  .154357375E-16  .107678457E-16  .748986613E-17
  .519461052E-17  .359215823E-17  .247668747E-17  .170251089E-17  .116681262E-17
  .797249695E-18  .543074042E-18  .368794550E-18  .249666318E-18  .168490176E-18
  .113348937E-18  .760111908E-19  .508093611E-19  .338535992E-19  .224827584E-19
  .148821814E-19  .981848275E-20  .645611704E-20  .423093140E-20  .276328958E-20
  .179858432E-20  .116664106E-20  .754108319E-21  .485744730E-21  .311779911E-21
  .199407506E-21  .127079587E-21  .806934872E-22  .510524920E-22  .321809200E-22
  .202101803E-22  .126450110E-22  .788192854E-23  .489437109E-23  .302760470E-23
  .186563196E-23  .114515386E-23  .700163091E-24  .426401194E-24  .258647124E-24
  .156261880E-24  .940244009E-25  .563450966E-25  .336267944E-25  .199854648E-25
  .118284549E-25  .697127447E-26  .409121265E-26  .239074258E-26  .139103975E-26
  .805855494E-27  .464804727E-27  .266909690E-27  .152588978E-27  .868423304E-28
  .492009610E-28  .277481300E-28  .155774353E-28  .870450833E-29  .484130463E-29
  .267999600E-29  .147653252E-29  .809603634E-30  .441779688E-30  .239897690E-30
  .129633260E-30  .697043309E-31  .372939845E-31  .198534563E-31  .105156049E-31
  .554134923E-32  .290510683E-32  .151515153E-32  .786102738E-33  .405708019E-33
  .208276626E-33  .106351005E-33  .540129759E-34  .272829436E-34  .137057237E-34
  .684717160E-35  .340172855E-35  .168053615E-35  .825536388E-36  .403222711E-36
  .195818732E-36  .945461598E-37  .453830546E-37  .216562535E-37  .102728781E-37
  .484394744E-38  .227030545E-38  .105761032E-38  .489668713E-39  .225316458E-39
  .103032866E-39  .468197628E-40  .211412797E-40  .948549223E-41  .422856231E-41
  .187286900E-41  .824102509E-42  .360239577E-42  .156428169E-42  .674727891E-43
  .289074084E-43  .123007866E-43  .519847662E-44  .218179956E-44  .909337322E-45
  .376341636E-45  .154654331E-45  .631015096E-46  .255617358E-46  .102798966E-46
  .410402170E-47  .162640058E-47  .639759345E-48  .249776207E-48  .967842448E-49
  .372178329E-49  .142024658E-49  .537793935E-50  .202060086E-50  .753234915E-51
  .278572474E-51  .102205946E-51  .371977312E-52  .134286075E-52  .480829860E-53
  .170753357E-53  .601361564E-54  .000000000E+00  .000000000E+00  .000000000E+00
  .000000000E+00  .000000000E+00  .000000000E+00  .000000000E+00  .000000000E+00
  .000000000E+00  .000000000E+00  .000000000E+00  .000000000E+00  .000000000E+00
  .000000000E+00  .000000000E+00  .000000000E+00  .000000000E+00  .000000000E+00
  .000000000E+00  .000000000E+00  .000000000E+00  .000000000E+00  .000000000E+00
  .000000000E+00  .000000000E+00  .000000000E+00  .000000000E+00  .000000000E+00
  .000000000E+00  .000000000E+00  .000000000E+00  .000000000E+00  .000000000E+00
  .000000000E+00  .000000000E+00  .000000000E+00  .000000000E+00  .000000000E+00
  .000000000E+00  .000000000E+00  .000000000E+00  .000000000E+00  .000000000E+00
  .000000000E+00  .000000000E+00  .000000000E+00  .000000000E+00  .000000000E+00
  .000000000E+00  .000000000E+00  .000000000E+00  .000000000E+00  .000000000E+00
  .000000000E+00  .000000000E+00  .000000000E+00  .000000000E+00  .000000000E+00
  .000000000E+00  .000000000E+00  .000000000E+00  .000000000E+00  .000000000E+00
  .000000000E+00  .000000000E+00  .000000000E+00  .000000000E+00  .000000000E+00
  .000000000E+00  .000000000E+00  .000000000E+00  .000000000E+00  .000000000E+00
  .000000000E+00  .000000000E+00  .000000000E+00  .000000000E+00  .000000000E+00
  .000000000E+00  .000000000E+00  .000000000E+00  .000000000E+00  .000000000E+00
  .000000000E+00  .000000000E+00  .000000000E+00  .000000000E+00  .000000000E+00
  .000000000E+00  .000000000E+00  .000000000E+00  .000000000E+00  .000000000E+00
  .000000000E+00  .000000000E+00  .000000000E+00  .000000000E+00  .000000000E+00
  .000000000E+00  .000000000E+00  .000000000E+00  .000000000E+00  .000000000E+00
  .000000000E+00  .000000000E+00  .000000000E+00  .000000000E+00  .000000000E+00
  .000000000E+00  .000000000E+00  .000000000E+00  .000000000E+00  .000000000E+00
  .000000000E+00  .000000000E+00  .000000000E+00  .000000000E+00  .000000000E+00
  .000000000E+00  .000000000E+00  .000000000E+00  .000000000E+00  .000000000E+00
  .000000000E+00  .000000000E+00  .000000000E+00  .000000000E+00  .000000000E+00
  .000000000E+00  .000000000E+00  .000000000E+00  .000000000E+00  .000000000E+00
  .000000000E+00  .000000000E+00  .000000000E+00  .000000000E+00  .000000000E+00
  .000000000E+00  .000000000E+00  .000000000E+00  .000000000E+00  .000000000E+00
  .000000000E+00  .000000000E+00  .000000000E+00  .000000000E+00  .000000000E+00
  .000000000E+00  .000000000E+00  .000000000E+00  .000000000E+00  .000000000E+00
  .000000000E+00  .000000000E+00  .000000000E+00  .000000000E+00  .000000000E+00
  .000000000E+00  .000000000E+00  .000000000E+00  .000000000E+00  .000000000E+00
  .000000000E+00  .000000000E+00  .000000000E+00  .000000000E+00  .000000000E+00
  .000000000E+00  .000000000E+00  .000000000E+00  .000000000E+00  .000000000E+00
  .000000000E+00  .000000000E+00  .000000000E+00  .000000000E+00  .000000000E+00
  .000000000E+00  .000000000E+00  .000000000E+00  .000000000E+00  .000000000E+00
  .000000000E+00  .000000000E+00  .000000000E+00  .000000000E+00  .000000000E+00
  .000000000E+00  .000000000E+00  .000000000E+00  .000000000E+00  .000000000E+00
  .000000000E+00  .000000000E+00  .000000000E+00  .000000000E+00  .000000000E+00
  .000000000E+00  .000000000E+00  .000000000E+00  .000000000E+00  .000000000E+00
  .000000000E+00  .000000000E+00  .000000000E+00  .000000000E+00  .000000000E+00
  .000000000E+00  .000000000E+00  .000000000E+00  .000000000E+00  .000000000E+00
  .000000000E+00  .000000000E+00  .000000000E+00  .000000000E+00  .000000000E+00
  .000000000E+00  .000000000E+00  .000000000E+00  .000000000E+00  .000000000E+00
  .000000000E+00  .000000000E+00  .000000000E+00  .000000000E+00  .000000000E+00
  .000000000E+00  .000000000E+00  .000000000E+00  .000000000E+00  .000000000E+00
  .000000000E+00  .000000000E+00  .000000000E+00  .000000000E+00  .000000000E+00
  .000000000E+00  .000000000E+00  .000000000E+00  .000000000E+00  .000000000E+00
  .000000000E+00  .000000000E+00  .000000000E+00  .000000000E+00  .000000000E+00
  .000000000E+00  .000000000E+00  .000000000E+00  .000000000E+00  .000000000E+00
  .000000000E+00  .000000000E+00  .000000000E+00  .000000000E+00  .000000000E+00
  .000000000E+00  .000000000E+00  .000000000E+00  .000000000E+00  .000000000E+00
  .000000000E+00  .000000000E+00  .000000000E+00  .000000000E+00  .000000000E+00
  .000000000E+00  .000000000E+00  .000000000E+00  .000000000E+00  .000000000E+00
