Cs: 5s5p6s                              
  .450645005E-01  .457252189E-01  .463955859E-01  .470757416E-01  .477658281E-01
  .484659894E-01  .491763718E-01  .498971233E-01  .506283945E-01  .513703379E-01
  .521231083E-01  .528868625E-01  .536617598E-01  .544479616E-01  .552456319E-01
  .560549368E-01  .568760447E-01  .577091267E-01  .585543561E-01  .594119089E-01
  .602819635E-01  .611647008E-01  .620603044E-01  .629689605E-01  .638908580E-01
  .648261883E-01  .657751458E-01  .667379275E-01  .677147334E-01  .687057661E-01
  .697112314E-01  .707313377E-01  .717662967E-01  .728163229E-01  .738816340E-01
  .749624507E-01  .760589969E-01  .771714997E-01  .783001893E-01  .794452995E-01
  .806070671E-01  .817857325E-01  .829815393E-01  .841947348E-01  .854255697E-01
  .866742982E-01  .879411784E-01  .892264716E-01  .905304433E-01  .918533624E-01
  .931955019E-01  .945571385E-01  .959385528E-01  .973400295E-01  .987618574E-01
  .100204329E+00  .101667742E+00  .103152396E+00  .104658598E+00  .106186657E+00
  .107736888E+00  .109309608E+00  .110905141E+00  .112523815E+00  .114165962E+00
  .115831918E+00  .117522026E+00  .119236632E+00  .120976087E+00  .122740749E+00
  .124530978E+00  .126347140E+00  .128189609E+00  .130058760E+00  .131954975E+00
  .133878643E+00  .135830157E+00  .137809915E+00  .139818320E+00  .141855785E+00
  .143922722E+00  .146019556E+00  .148146711E+00  .150304623E+00  .152493731E+00
  .154714480E+00  .156967321E+00  .159252714E+00  .161571123E+00  .163923019E+00
  .166308880E+00  .168729190E+00  .171184440E+00  .173675129E+00  .176201761E+00
  .178764848E+00  .181364910E+00  .184002472E+00  .186678069E+00  .189392242E+00
  .192145540E+00  .194938518E+00  .197771741E+00  .200645781E+00  .203561218E+00
  .206518639E+00  .209518641E+00  .212561828E+00  .215648812E+00  .218780216E+00
  .221956668E+00  .225178808E+00  .228447282E+00  .231762747E+00  .235125868E+00
  .238537320E+00  .241997787E+00  .245507962E+00  .249068548E+00  .252680257E+00
  .256343813E+00  .260059946E+00  .263829399E+00  .267652926E+00  .271531289E+00
  .275465261E+00  .279455626E+00  .283503179E+00  .287608726E+00  .291773084E+00
  .295997079E+00  .300281552E+00  .304627353E+00  .309035344E+00  .313506400E+00
  .318041405E+00  .322641259E+00  .327306870E+00  .332039163E+00  .336839072E+00
  .341707545E+00  .346645542E+00  .351654038E+00  .356734019E+00  .361886486E+00
  .367112453E+00  .372412947E+00  .377789010E+00  .383241697E+00  .388772078E+00
  .394381237E+00  .400070274E+00  .405840301E+00  .411692448E+00  .417627858E+00
  .423647691E+00  .429753121E+00  .435945338E+00  .442225549E+00  .448594977E+00
  .455054860E+00  .461606454E+00  .468251031E+00  .474989881E+00  .481824309E+00
  .488755640E+00  .495785215E+00  .502914393E+00  .510144551E+00  .517477084E+00
  .524913408E+00  .532454954E+00  .540103174E+00  .547859539E+00  .555725540E+00
  .563702686E+00  .571792507E+00  .579996552E+00  .588316393E+00  .596753620E+00
  .605309845E+00  .613986701E+00  .622785841E+00  .631708943E+00  .640757703E+00
  .649933842E+00  .659239103E+00  .668675249E+00  .678244069E+00  .687947374E+00
  .697786999E+00  .707764802E+00  .717882666E+00  .728142497E+00  .738546227E+00
  .749095813E+00  .759793235E+00  .770640500E+00  .781639642E+00  .792792719E+00
  .804101816E+00  .815569045E+00  .827196545E+00  .838986482E+00  .850941049E+00
  .863062468E+00  .875352990E+00  .887814891E+00  .900450480E+00  .913262093E+00
  .926252095E+00  .939422883E+00  .952776882E+00  .966316548E+00  .980044368E+00
  .993962862E+00  .100807458E+01  .102238210E+01  .103688804E+01  .105159504E+01
  .106650579E+01  .108162300E+01  .109694941E+01  .111248780E+01  .112824099E+01
  .114421183E+01  .116040320E+01  .117681802E+01  .119345925E+01  .121032987E+01
  .122743293E+01  .124477147E+01  .126234861E+01  .128016748E+01  .129823127E+01
  .131654318E+01  .133510648E+01  .135392447E+01  .137300046E+01  .139233784E+01
  .141194003E+01  .143181047E+01  .145195268E+01  .147237017E+01  .149306654E+01
  .151404541E+01  .153531044E+01  .155686535E+01  .157871388E+01  .160085983E+01
  .162330705E+01  .164605941E+01  .166912085E+01  .169249536E+01  .171618694E+01
  .174019967E+01  .176453768E+01  .178920511E+01  .181420619E+01  .183954517E+01
  .186522636E+01  .189125412E+01  .191763286E+01  .194436704E+01  .197146115E+01
  .199891977E+01  .202674750E+01  .205494901E+01  .208352899E+01  .211249223E+01
  .214184354E+01  .217158779E+01  .220172990E+01  .223227486E+01  .226322771E+01
  .229459352E+01  .232637744E+01  .235858469E+01  .239122050E+01  .242429020E+01
  .245779915E+01  .249175278E+01  .252615658E+01  .256101609E+01  .259633692E+01
  .263212472E+01  .266838521E+01  .270512418E+01  .274234747E+01  .278006097E+01
  .281827066E+01  .285698254E+01  .289620271E+01  .293593732E+01  .297619257E+01
  .301697473E+01  .305829015E+01  .310014521E+01  .314254638E+01  .318550019E+01
  .322901323E+01  .327309215E+01  .331774368E+01  .336297459E+01  .340879174E+01
  .345520205E+01  .350221250E+01  .354983014E+01  .359806208E+01  .364691551E+01
  .369639768E+01  .374651590E+01  .379727757E+01  .384869013E+01  .390076110E+01
  .395349807E+01  .400690871E+01  .406100073E+01  .411578193E+01  .417126017E+01
  .422744338E+01  .428433957E+01  .434195681E+01  .440030323E+01  .445938704E+01
  .451921651E+01  .457980000E+01  .464114593E+01  .470326276E+01  .476615906E+01
  .482984346E+01  .489432464E+01  .495961136E+01  .502571246E+01  .509263682E+01
  .516039343E+01  .522899131E+01  .529843957E+01  .536874738E+01  .543992398E+01
  .551197867E+01  .558492083E+01  .565875990E+01  .573350539E+01  .580916686E+01
  .588575396E+01  .596327640E+01  .604174394E+01  .612116641E+01  .620155371E+01
  .628291580E+01  .636526271E+01  .644860452E+01  .653295137E+01  .661831348E+01
  .670470110E+01  .679212457E+01  .688059427E+01  .697012063E+01  .706071418E+01
  .715238544E+01  .724514504E+01  .733900364E+01  .743397196E+01  .753006075E+01
  .762728085E+01  .772564311E+01  .782515847E+01  .792583787E+01  .802769232E+01
  .813073289E+01  .823497067E+01  .834041680E+01  .844708244E+01  .855497883E+01
  .866411721E+01  .877450887E+01  .888616514E+01  .899909736E+01  .911331693E+01
  .922883524E+01  .934566375E+01  .946381391E+01  .958329720E+01  .970412513E+01
  .982630922E+01  .994986100E+01  .100747920E+02  .102011139E+02  .103288381E+02
  .104579762E+02  .105885399E+02  .107205407E+02  .108539901E+02  .109888998E+02
  .111252814E+02  .112631462E+02  .114025060E+02  .115433722E+02  .116857563E+02
  .118296698E+02  .119751242E+02  .121221308E+02  .122707010E+02  .124208463E+02
  .125725778E+02  .127259069E+02  .128808448E+02  .130374027E+02  .131955915E+02
  .133554225E+02  .135169065E+02  .136800545E+02  .138448772E+02  .140113856E+02
  .141795901E+02  .143495015E+02  .145211302E+02  .146944866E+02  .148695810E+02
  .150464236E+02  .152250244E+02  .154053934E+02  .155875406E+02  .157714754E+02
  .159572076E+02  .161447465E+02  .163341015E+02  .165252817E+02  .167182960E+02
  .169131533E+02  .171098622E+02  .173084311E+02  .175088685E+02  .177111823E+02
  .179153804E+02  .181214706E+02  .183294603E+02  .185393569E+02  .187511673E+02
  .189648984E+02  .191805568E+02  .193981487E+02  .196176803E+02  .198391575E+02
  .200625857E+02  .202879702E+02  .205153161E+02  .207446280E+02  .209759104E+02
  .212091672E+02  .214444024E+02  .216816194E+02  .219208213E+02  .221620108E+02
  .224051904E+02  .226503622E+02  .228975279E+02  .231466887E+02  .233978457E+02
  .236509993E+02  .239061498E+02  .241632967E+02  .244224395E+02  .246835769E+02
  .249467075E+02  .252118291E+02  .254789393E+02  .257480350E+02  .260191129E+02
  .262921690E+02  .265671989E+02  .268441975E+02  .271231594E+02  .274040786E+02
  .276869486E+02  .279717621E+02  .282585116E+02  .285471887E+02  .288377847E+02
  .291302901E+02  .294246948E+02  .297209882E+02  .300191591E+02  .303191954E+02
  .306210847E+02  .309248136E+02  .312303684E+02  .315377343E+02  .318468962E+02
  .321578381E+02  .324705432E+02  .327849942E+02  .331011730E+02  .334190607E+02
  .337386376E+02  .340598833E+02  .343827767E+02  .347072959E+02  .350334181E+02
  .353611197E+02  .356903764E+02  .360211631E+02  .363534537E+02  .366872214E+02
  .370224385E+02  .373590764E+02  .376971058E+02  .380364963E+02  .383772168E+02
  .387192352E+02  .390625185E+02  .394070329E+02  .397527436E+02  .400996149E+02
  .404476101E+02  .407966918E+02  .411468213E+02  .414979593E+02  .418500654E+02
  .422030981E+02  .425570152E+02  .429117733E+02  .432673283E+02  .436236349E+02
  .439806468E+02  .443383170E+02  .446965972E+02  .450554382E+02  .454147900E+02
  .457746013E+02  .461348202E+02  .464953934E+02  .468562669E+02  .472173857E+02
  .475786936E+02  .479401336E+02  .483016477E+02  .486631770E+02  .490246614E+02
  .493860400E+02  .497472510E+02  .501082314E+02  .504689176E+02  .508292448E+02
  .511891473E+02  .515485586E+02  .519074112E+02  .522656367E+02  .526231658E+02
  .529799284E+02  .533358535E+02  .536908692E+02  .540449028E+02  .543978809E+02
  .547497292E+02  .551003725E+02  .554497351E+02  .557977403E+02  .561443109E+02
  .564893689E+02  .568328356E+02  .571746316E+02  .575146771E+02  .578528914E+02
  .581891936E+02  .585235019E+02  .588557341E+02  .591858077E+02  .595136395E+02
  .598391460E+02  .601622432E+02  .604828471E+02  .608008730E+02  .611162360E+02
  .614288512E+02  .617386333E+02  .620454968E+02  .623493563E+02  .626501263E+02
  .629477210E+02  .632420550E+02  .635330428E+02  .638205990E+02  .641046385E+02
  .643850762E+02  .646618275E+02  .649348081E+02  .652039340E+02  .654691217E+02
  .657302882E+02  .659873511E+02  .662402285E+02  .664888393E+02  .667331031E+02
  .669729404E+02  .672082725E+02  .674390215E+02  .676651107E+02  .678864645E+02
  .681030082E+02  .683146687E+02  .685213739E+02  .687230530E+02  .689196368E+02
  .691110577E+02  .692972494E+02  .694781474E+02  .696536890E+02  .698238132E+02
  .699884609E+02  .701475750E+02  .703011004E+02  .704489842E+02  .705911756E+02
  .707276261E+02  .708582897E+02  .709831227E+02  .711020839E+02  .712151349E+02
  .713222398E+02  .714233654E+02  .715184817E+02  .716075613E+02  .716905798E+02
  .717675162E+02  .718383524E+02  .719030737E+02  .719616686E+02  .720141291E+02
  .720604507E+02  .721006323E+02  .721346768E+02  .721625903E+02  .721843832E+02
  .722000695E+02  .722096670E+02  .722131978E+02  .722106879E+02  .722021675E+02
  .721876708E+02  .721672366E+02  .721409078E+02  .721087316E+02  .720707598E+02
  .720270486E+02  .719776589E+02  .719226558E+02  .718621095E+02  .717960944E+02
  .717246900E+02  .716479804E+02  .715660543E+02  .714790054E+02  .713869321E+02
  .712899379E+02  .711881308E+02  .710816239E+02  .709705350E+02  .708549871E+02
  .707351077E+02  .706110295E+02  .704828898E+02  .703508309E+02  .702149999E+02
  .700755488E+02  .699326341E+02  .697864173E+02  .696370644E+02  .694847463E+02
  .693296383E+02  .691719201E+02  .690117763E+02  .688493954E+02  .686849705E+02
  .685186990E+02  .683507821E+02  .681814255E+02  .680108384E+02  .678392342E+02
  .676668298E+02  .674938457E+02  .673205060E+02  .671470379E+02  .669736719E+02
  .668006417E+02  .666281836E+02  .664565367E+02  .662859426E+02  .661166454E+02
  .659488912E+02  .657829282E+02  .656190062E+02  .654573768E+02  .652982927E+02
  .651420081E+02  .649887776E+02  .648388570E+02  .646925022E+02  .645499694E+02
  .644115147E+02  .642773939E+02  .641478623E+02  .640231743E+02  .639035830E+02
  .637893403E+02  .636806964E+02  .635778993E+02  .634811951E+02  .633908269E+02
  .633070351E+02  .632300571E+02  .631601263E+02  .630974728E+02  .630423223E+02
  .629948960E+02  .629554104E+02  .629240769E+02  .629011014E+02  .628866841E+02
  .628810189E+02  .628842936E+02  .628966891E+02  .629183789E+02  .629495297E+02
  .629902998E+02  .630408399E+02  .631012920E+02  .631717897E+02  .632524571E+02
  .633434095E+02  .634447520E+02  .635565800E+02  .636789787E+02  .638120227E+02
  .639557754E+02  .641102896E+02  .642756063E+02  .644517550E+02  .646387532E+02
  .648366063E+02  .650453071E+02  .652648361E+02  .654951605E+02  .657362349E+02
  .659880003E+02  .662503844E+02  .665233013E+02  .668066514E+02  .671003212E+02
  .674041831E+02  .677180955E+02  .680419027E+02  .683754345E+02  .687185066E+02
  .690709204E+02  .694324626E+02  .698029059E+02  .701820086E+02  .705695146E+02
  .709651537E+02  .713686414E+02  .717796795E+02  .721979555E+02  .726231436E+02
  .730549040E+02  .734928839E+02  .739367173E+02  .743860251E+02  .748404157E+02
  .752994854E+02  .757628181E+02  .762299863E+02  .767005511E+02  .771740628E+02
  .776500611E+02  .781280758E+02  .786076268E+02  .790882253E+02  .795693736E+02
  .800505660E+02  .805312896E+02  .810110241E+02  .814892433E+02  .819654150E+02
  .824390021E+02  .829094632E+02  .833762531E+02  .838388236E+02  .842966243E+02
  .847491033E+02  .851957080E+02  .856358858E+02  .860690847E+02  .864947549E+02
  .869123484E+02  .873213212E+02  .877211328E+02  .881112483E+02  .884911383E+02
  .888602803E+02  .892181596E+02  .895642700E+02  .898981145E+02  .902192068E+02
  .905270716E+02  .908212460E+02  .911012799E+02  .913667373E+02  .916171969E+02
  .918522534E+02  .920715176E+02  .922746183E+02  .924612022E+02  .926309353E+02
  .927835036E+02  .929186137E+02  .930359939E+02  .931353947E+02  .932165897E+02
  .932793763E+02  .933235763E+02  .933490365E+02  .933556295E+02  .933432543E+02
  .933118366E+02  .932613297E+02  .931917145E+02  .931030005E+02  .929952257E+02
  .928684573E+02  .927227918E+02  .925583554E+02  .923753042E+02  .921738241E+02
  .919541314E+02  .917164725E+02  .914611239E+02  .911883924E+02  .908986146E+02
  .905921572E+02  .902694165E+02  .899308180E+02  .895768163E+02  .892078948E+02
  .888245646E+02  .884273648E+02  .880168612E+02  .875936462E+02  .871583376E+02
  .867115781E+02  .862540346E+02  .857863967E+02  .853093765E+02  .848237068E+02
  .843301408E+02  .838294501E+02  .833224243E+02  .828098692E+02  .822926057E+02
  .817714682E+02  .812473036E+02  .807209695E+02  .801933326E+02  .796652674E+02
  .791376544E+02  .786113788E+02  .780873280E+02  .775663910E+02  .770494557E+02
  .765374074E+02  .760311274E+02  .755314906E+02  .750393639E+02  .745556044E+02
  .740810575E+02  .736165549E+02  .731629129E+02  .727209303E+02  .722913869E+02
  .718750412E+02  .714726288E+02  .710848606E+02  .707124211E+02  .703559661E+02
  .700161218E+02  .696934823E+02  .693886085E+02  .691020261E+02  .688342244E+02
  .685856545E+02  .683567281E+02  .681478160E+02  .679592468E+02  .677913055E+02
  .676442327E+02  .675182234E+02  .674134259E+02  .673299408E+02  .672678206E+02
  .672270685E+02  .672076384E+02  .672094338E+02  .672323075E+02  .672760619E+02
  .673404478E+02  .674251655E+02  .675298638E+02  .676541409E+02  .677975444E+02
  .679595719E+02  .681396713E+02  .683372416E+02  .685516341E+02  .687821528E+02
  .690280559E+02  .692885570E+02  .695628264E+02  .698499923E+02  .701491433E+02
  .704593289E+02  .707795624E+02  .711088222E+02  .714460542E+02  .717901736E+02
  .721400673E+02  .724945961E+02  .728525975E+02  .732128875E+02  .735742638E+02
  .739355079E+02  .742953882E+02  .746526627E+02  .750060815E+02  .753543900E+02
  .756963319E+02  .760306515E+02  .763560977E+02  .766714259E+02  .769754019E+02
  .772668042E+02  .775444276E+02  .778070859E+02  .780536150E+02  .782828755E+02
  .784937565E+02  .786851776E+02  .788560922E+02  .790054903E+02  .791324011E+02
  .792358956E+02  .793150897E+02  .793691458E+02  .793972761E+02  .793987440E+02
  .793728669E+02  .793190182E+02  .792366286E+02  .791251886E+02  .789842495E+02
  .788134255E+02  .786123942E+02  .783808985E+02  .781187473E+02  .778258162E+02
  .775020483E+02  .771474549E+02  .767621155E+02  .763461779E+02  .758998587E+02
  .754234425E+02  .749172818E+02  .743817966E+02  .738174733E+02  .732248642E+02
  .726045859E+02  .719573187E+02  .712838045E+02  .705848459E+02  .698613037E+02
  .691140956E+02  .683441937E+02  .675526227E+02  .667404569E+02  .659088184E+02
  .650588738E+02  .641918321E+02  .633089409E+02  .624114845E+02  .615007794E+02
  .605781729E+02  .596450376E+02  .587027703E+02  .577527863E+02  .567965182E+02
  .558354099E+02  .548709152E+02  .539044926E+02  .529376027E+02  .519717033E+02
  .510082475E+02  .500486781E+02  .490944257E+02  .481469033E+02  .472075050E+02
  .462776001E+02  .453585316E+02  .444516114E+02  .435581185E+02  .426792941E+02
  .418163401E+02  .409704151E+02  .401426323E+02  .393340560E+02  .385457001E+02
  .377785244E+02  .370334339E+02  .363112751E+02  .356128355E+02  .349388405E+02
  .342899537E+02  .336667732E+02  .330698325E+02  .324995982E+02  .319564699E+02
  .314407789E+02  .309527889E+02  .304926943E+02  .300606215E+02  .296566281E+02
  .292807039E+02  .289327707E+02  .286126837E+02  .283202317E+02  .280551387E+02
  .278170641E+02  .276056051E+02  .274202974E+02  .272606169E+02  .271259816E+02
  .270157532E+02  .269292391E+02  .268656950E+02  .268243264E+02  .268042915E+02
  .268047039E+02  .268246345E+02  .268631149E+02  .269191403E+02  .269916724E+02
  .270796436E+02  .271819610E+02  .272975104E+02  .274251613E+02  .275637707E+02
  .277121869E+02  .278692530E+02  .280338100E+02  .282046996E+02  .283807675E+02
  .285608654E+02  .287438548E+02  .289286094E+02  .291140183E+02  .292989887E+02
  .294824495E+02  .296633527E+02  .298406778E+02  .300134324E+02  .301806562E+02
  .303414218E+02  .304948378E+02  .306400492E+02  .307762410E+02  .309026380E+02
  .310185077E+02  .311231606E+02  .312159526E+02  .312962853E+02  .313636079E+02
  .314174173E+02  .314572600E+02  .314827316E+02  .314934779E+02  .314891947E+02
  .314696283E+02  .314345746E+02  .313838795E+02  .313174374E+02  .312351916E+02
  .311371322E+02  .310232964E+02  .308937660E+02  .307486674E+02  .305881692E+02
  .304124816E+02  .302218542E+02  .300165746E+02  .297969667E+02  .295633892E+02
  .293162328E+02  .290559194E+02  .287828994E+02  .284976501E+02  .282006733E+02
  .278924935E+02  .275736555E+02  .272447228E+02  .269062751E+02  .265589061E+02
  .262032218E+02  .258398383E+02  .254693794E+02  .250924751E+02  .247097592E+02
  .243218676E+02  .239294363E+02  .235330995E+02  .231334882E+02  .227312276E+02
  .223269365E+02  .219212249E+02  .215146930E+02  .211079292E+02  .207015094E+02
  .202959950E+02  .198919324E+02  .194898512E+02  .190902638E+02  .186936635E+02
  .183005251E+02  .179113023E+02  .175264288E+02  .171463160E+02  .167713541E+02
  .164019101E+02  .160383287E+02  .156809309E+02  .153300151E+02  .149858555E+02
  .146487034E+02  .143187862E+02  .139963080E+02  .136814495E+02  .133743688E+02
  .130752008E+02  .127840583E+02  .125010318E+02  .122261906E+02  .119595827E+02
  .117012357E+02  .114511573E+02  .112093359E+02  .109757412E+02  .107503253E+02
  .105330227E+02  .103237518E+02  .101224149E+02  .992890002E+01  .974308051E+01
  .956481683E+01  .939395678E+01  .923033668E+01  .907378195E+01  .892410816E+01
  .878112164E+01  .864462054E+01  .851439544E+01  .839023033E+01  .827190329E+01
  .815918740E+01  .805185142E+01  .794966066E+01  .785237763E+01  .775976290E+01
  .767157574E+01  .758757485E+01  .750751905E+01  .743116795E+01  .735828261E+01
  .728862608E+01  .722196418E+01  .715806571E+01  .709670342E+01  .703765415E+01
  .698069962E+01  .692562657E+01  .687222749E+01  .682030066E+01  .676965087E+01
  .672008932E+01  .667143426E+01  .662351107E+01  .657615245E+01  .652919888E+01
  .648249839E+01  .643590711E+01  .638928897E+01  .634251615E+01  .629546882E+01
  .624803540E+01  .620011235E+01  .615160441E+01  .610242420E+01  .605249257E+01
  .600173805E+01  .595009721E+01  .589751409E+01  .584394047E+01  .578933525E+01
  .573366484E+01  .567690229E+01  .561902780E+01  .556002780E+01  .549989541E+01
  .543862951E+01  .537623519E+01  .531272277E+01  .524810833E+01  .518241255E+01
  .511566141E+01  .504788492E+01  .497911783E+01  .490939834E+01  .483876886E+01
  .476727468E+01  .469496475E+01  .462189031E+01  .454810574E+01  .447366714E+01
  .439863326E+01  .432306397E+01  .424702130E+01  .417056791E+01  .409376813E+01
  .401668644E+01  .393938838E+01  .386193941E+01  .378440547E+01  .370685206E+01
  .362934474E+01  .355194822E+01  .347472696E+01  .339774413E+01  .332106242E+01
  .324474287E+01  .316884573E+01  .309342935E+01  .301855103E+01  .294426593E+01
  .287062796E+01  .279768865E+01  .272549813E+01  .265410398E+01  .258355225E+01
  .251388626E+01  .244514774E+01  .237737557E+01  .231060695E+01  .224487620E+01
  .218021588E+01  .211665564E+01  .205422335E+01  .199294396E+01  .193284066E+01
  .187393371E+01  .181624166E+01  .175978017E+01  .170456323E+01  .165060212E+01
  .159790614E+01  .154648242E+01  .149633598E+01  .144746979E+01  .139988481E+01
  .135358009E+01  .130855279E+01  .126479825E+01  .122231007E+01  .118108019E+01
  .114109893E+01  .110235510E+01  .106483602E+01  .102852768E+01  .993414743E+00
  .959480670E+00  .926707764E+00  .895077292E+00  .864569517E+00  .835163825E+00
  .806838762E+00  .779572148E+00  .753341121E+00  .728122248E+00  .703891560E+00
  .680624671E+00  .658296798E+00  .636882880E+00  .616357598E+00  .596695484E+00
  .577870938E+00  .559858332E+00  .542632018E+00  .526166433E+00  .510436094E+00
  .495415703E+00  .481080127E+00  .467404506E+00  .454364223E+00  .441935000E+00
  .430092868E+00  .418814254E+00  .408075943E+00  .397855159E+00  .388129520E+00
  .378877116E+00  .370076453E+00  .361706529E+00  .353746769E+00  .346177104E+00
  .338977895E+00  .332130012E+00  .325614754E+00  .319413933E+00  .313509785E+00
  .307885058E+00  .302522928E+00  .297407083E+00  .292521640E+00  .287851240E+00
  .283380955E+00  .279096393E+00  .274983606E+00  .271029188E+00  .267220189E+00
  .263544216E+00  .259989336E+00  .256544183E+00  .253197850E+00  .249940002E+00
  .246760769E+00  .243650832E+00  .240601344E+00  .237603994E+00  .234650927E+00
  .231734827E+00  .228848789E+00  .225986458E+00  .223141862E+00  .220309550E+00
  .217484460E+00  .214662000E+00  .211837981E+00  .209008649E+00  .206170621E+00
  .203320972E+00  .200457083E+00  .197576808E+00  .194678288E+00  .191760089E+00
  .188821093E+00  .185860554E+00  .182878021E+00  .179873432E+00  .176846949E+00
  .173799123E+00  .170730723E+00  .167642822E+00  .164536740E+00  .161414045E+00
  .158276484E+00  .155126084E+00  .151964947E+00  .148795449E+00  .145619995E+00
  .142441208E+00  .139261721E+00  .136084311E+00  .132911760E+00  .129746916E+00
  .126592623E+00  .123451738E+00  .120327074E+00  .117221442E+00  .114137555E+00
  .111078100E+00  .108045672E+00  .105042777E+00  .102071820E+00  .991351015E-01
  .962348062E-01  .933729982E-01  .905516160E-01  .877724688E-01  .850372339E-01
  .823474542E-01  .797045380E-01  .771097584E-01  .745642542E-01  .720690308E-01
  .696249625E-01  .672327949E-01  .648931475E-01  .626065176E-01  .603732836E-01
  .581937094E-01  .560679485E-01  .539960491E-01  .519779581E-01  .500135267E-01
  .481025152E-01  .462445982E-01  .444393695E-01  .426863476E-01  .409849808E-01
  .393346522E-01  .377346848E-01  .361843465E-01  .346828551E-01  .332293830E-01
  .318230617E-01  .304629866E-01  .291482209E-01  .278778004E-01  .266507371E-01
  .254660233E-01  .243226352E-01  .232195366E-01  .221556823E-01  .211300214E-01
  .201415004E-01  .191890663E-01  .182716699E-01  .173882681E-01  .165378277E-01
  .157193276E-01  .149317625E-01  .141741458E-01  .134455131E-01  .127449256E-01
  .120714744E-01  .114242845E-01  .108025187E-01  .102053828E-01  .963212880E-02
  .908205912E-02  .855452886E-02  .804894682E-02  .756477436E-02  .710152183E-02
  .665874239E-02  .623602344E-02  .583297619E-02  .544922433E-02  .508439257E-02
  .473809617E-02  .440993222E-02  .409947303E-02  .380626204E-02  .352981203E-02
  .326960542E-02  .302509630E-02  .279571382E-02  .258086646E-02  .237994673E-02
  .219233627E-02  .201741073E-02  .185454457E-02  .170311546E-02  .156250825E-02
  .143211845E-02  .131135528E-02  .119964419E-02  .109642891E-02  .100117310E-02
  .913361565E-03  .832501157E-03  .758121314E-03  .689774355E-03  .627035519E-03
  .569502812E-03  .516796675E-03  .468559521E-03  .424455147E-03  .384168070E-03
  .347402783E-03  .313882969E-03  .283350669E-03  .255565443E-03  .230303505E-03
  .207356871E-03  .186532502E-03  .167651469E-03  .150548130E-03  .135069337E-03
  .121073660E-03  .108430646E-03  .970201053E-04  .867314276E-04  .774629337E-04
  .691212553E-04  .616207491E-04  .548829413E-04  .488360043E-04  .434142627E-04
  .385577299E-04  .342116722E-04  .303262010E-04  .268558915E-04  .237594260E-04
  .209992619E-04  .185413225E-04  .163547088E-04  .144114332E-04  .126861715E-04
  .111560336E-04  .980035147E-05  .860048345E-05  .753963344E-05  .660268455E-05
  .577604591E-05  .504751191E-05  .440613305E-05  .384209748E-05  .334662258E-05
  .291185573E-05  .253078379E-05  .219715042E-05  .190538080E-05  .165051308E-05
  .142813579E-05  .123433169E-05  .106563007E-05  .918937771E-06  .791579764E-06
  .681065344E-06  .585335100E-06  .502433441E-06  .430731735E-06  .368795573E-06
  .315363270E-06  .269326536E-06  .229713119E-06  .195671249E-06  .166455713E-06
  .141415402E-06  .119982207E-06  .101661115E-06  .860213961E-07  .726887777E-07
  .613384955E-07  .516891408E-07  .434972164E-07  .365523281E-07  .306729443E-07
  .257026618E-07  .215069226E-07  .179701312E-07  .149931279E-07  .124909778E-07
  .103910382E-07  .863127248E-08  .715878160E-08  .592852653E-08  .490221898E-08
  .404735966E-08  .333640571E-08  .274605129E-08  .225660672E-08  .185146377E-08
  .151663571E-08  .124036247E-08  .101277214E-08  .825591324E-09  .671897696E-09
  .545908926E-09  .442803002E-09  .358565491E-09  .289859940E-09  .233918104E-09
  .188447118E-09  .151551152E-09  .121665392E-09  .975005130E-10  .779960586E-10
  .622813721E-10  .496429103E-10  .394969521E-10  .313668497E-10  .248641047E-10
  .196726529E-10  .155358400E-10  .122456468E-10  .963379310E-11  .756440650E-11
  .592799284E-11  .463648653E-11  .361919557E-11  .281948612E-11  .219207705E-11
  .170083680E-11  .131699286E-11  .101767957E-11  .784762801E-12  .603890611E-12
  .463728088E-12  .355341934E-12  .271706532E-12  .207308359E-12  .157829858E-12
  .119897348E-12  .908804402E-13  .687327973E-13  .518659841E-13  .390497647E-13
  .293334770E-13  .219841691E-13  .164380369E-13  .122623913E-13  .912593939E-14
  .677561909E-14  .501858307E-14  .370822137E-14  .273334335E-14  .200982510E-14
  .147417603E-14  .107859606E-14  .787187229E-15  .573057548E-15  .416112353E-15
  .301374337E-15  .217708939E-15  .156859764E-15  .112720539E-15  .807870195E-16
  .577454662E-16  .411644819E-16  .292648613E-16  .207481734E-16  .146694320E-16
  .103427762E-16  .727179545E-17  .509820262E-17  .356413033E-17  .248451240E-17
  .172691055E-17  .119682181E-17  .827008443E-18  .569771757E-18  .391374089E-18
  .268023556E-18  .182992415E-18  .124555192E-18  .845178657E-19  .571718666E-19
  .385524982E-19  .259148105E-19  .173643236E-19  .115976741E-19  .772104195E-20
  .512343940E-20  .338857092E-20  .223372319E-20  .146753459E-20  .960908165E-21
  .627044268E-21  .407779549E-21  .264272299E-21  .170672975E-21  .109838005E-21
  .704373537E-22  .450094389E-22  .286577371E-22  .181804812E-22  .114916236E-22
  .723697721E-23  .454067024E-23  .283828965E-23  .176747957E-23  .109647787E-23
  .677610063E-24  .417139162E-24  .255793639E-24  .156240129E-24  .950551848E-25
  .576004136E-25  .347638641E-25  .208962862E-25  .125093474E-25  .745779469E-26
  .442773940E-26  .261779150E-26  .154118520E-26  .903496889E-27  .527394645E-27
  .306525803E-27  .177380370E-27  .102196513E-27  .586196583E-28  .334743180E-28
  .190294344E-28  .107688673E-28  .606636250E-29  .340161334E-29  .189855736E-29
  .105469890E-29  .583153570E-30  .320900655E-30  .175741733E-30  .957809471E-31
  .519477114E-31  .280362419E-31  .150564347E-31  .804555858E-32  .427764339E-32
  .226281859E-32  .119089649E-32  .623533220E-33  .324779438E-33  .168283955E-33
  .867369019E-34  .444686280E-34  .226763761E-34  .115012486E-34  .580161528E-35
  .291049245E-35  .145203980E-35  .720386847E-36  .355392955E-36  .174336393E-36
  .850322669E-37  .412359521E-37  .198813015E-37  .952949533E-38  .454078489E-38
  .215083632E-38  .101269464E-38  .473940171E-39  .220455721E-39  .101917999E-39
  .468263934E-40  .213805722E-40  .970096745E-41  .437377081E-41  .195938700E-41
  .872138480E-42  .385681965E-42  .169445220E-42  .739541757E-43  .320631782E-43
  .138082248E-43  .590654185E-44  .250939740E-44  .105882139E-44  .443679405E-45
  .184622724E-45  .762862370E-46  .312988246E-46  .127498806E-46  .515650845E-47
  .207038902E-47  .825219863E-48  .326500299E-48  .128223667E-48  .499801796E-49
  .193351060E-49  .742315186E-50  .282811392E-50  .106916747E-50  .401058921E-51
  .149264779E-51  .551145315E-52  .201886465E-52  .733589528E-53  .264408906E-53
  .945253650E-54  .335153606E-54  .117851709E-54  .410966587E-55  .142129264E-55
  .487550508E-56  .165996126E-56  .563037667E-57  .191044900E-57  .666631883E-58
  .250996555E-58  .118324878E-58  .892280009E-59  .000000000E+00  .000000000E+00
  .000000000E+00  .000000000E+00  .000000000E+00  .000000000E+00  .000000000E+00
  .000000000E+00  .000000000E+00  .000000000E+00  .000000000E+00  .000000000E+00
  .000000000E+00  .000000000E+00  .000000000E+00  .000000000E+00  .000000000E+00
  .000000000E+00  .000000000E+00  .000000000E+00  .000000000E+00  .000000000E+00
  .000000000E+00  .000000000E+00  .000000000E+00  .000000000E+00  .000000000E+00
  .000000000E+00  .000000000E+00  .000000000E+00  .000000000E+00  .000000000E+00
  .000000000E+00  .000000000E+00  .000000000E+00  .000000000E+00  .000000000E+00
  .000000000E+00  .000000000E+00  .000000000E+00  .000000000E+00  .000000000E+00
  .000000000E+00  .000000000E+00  .000000000E+00  .000000000E+00  .000000000E+00
  .000000000E+00  .000000000E+00  .000000000E+00  .000000000E+00  .000000000E+00
  .000000000E+00  .000000000E+00  .000000000E+00  .000000000E+00  .000000000E+00
  .000000000E+00  .000000000E+00  .000000000E+00  .000000000E+00  .000000000E+00
  .000000000E+00  .000000000E+00  .000000000E+00  .000000000E+00  .000000000E+00
  .000000000E+00  .000000000E+00  .000000000E+00  .000000000E+00  .000000000E+00
  .000000000E+00  .000000000E+00  .000000000E+00  .000000000E+00  .000000000E+00
  .000000000E+00  .000000000E+00  .000000000E+00  .000000000E+00  .000000000E+00
  .000000000E+00  .000000000E+00  .000000000E+00  .000000000E+00  .000000000E+00
  .000000000E+00  .000000000E+00  .000000000E+00  .000000000E+00  .000000000E+00
  .000000000E+00  .000000000E+00  .000000000E+00  .000000000E+00  .000000000E+00
  .000000000E+00  .000000000E+00  .000000000E+00  .000000000E+00  .000000000E+00
  .000000000E+00  .000000000E+00  .000000000E+00  .000000000E+00  .000000000E+00
  .000000000E+00  .000000000E+00  .000000000E+00  .000000000E+00  .000000000E+00
  .000000000E+00  .000000000E+00  .000000000E+00  .000000000E+00  .000000000E+00
  .000000000E+00  .000000000E+00  .000000000E+00  .000000000E+00  .000000000E+00
  .000000000E+00  .000000000E+00  .000000000E+00  .000000000E+00  .000000000E+00
  .000000000E+00  .000000000E+00  .000000000E+00  .000000000E+00  .000000000E+00
  .000000000E+00  .000000000E+00  .000000000E+00  .000000000E+00  .000000000E+00
  .000000000E+00  .000000000E+00  .000000000E+00  .000000000E+00  .000000000E+00
  .000000000E+00  .000000000E+00  .000000000E+00  .000000000E+00  .000000000E+00
  .000000000E+00  .000000000E+00  .000000000E+00  .000000000E+00  .000000000E+00
  .000000000E+00  .000000000E+00  .000000000E+00  .000000000E+00  .000000000E+00
  .000000000E+00  .000000000E+00  .000000000E+00  .000000000E+00  .000000000E+00
  .000000000E+00  .000000000E+00  .000000000E+00  .000000000E+00  .000000000E+00
  .000000000E+00  .000000000E+00  .000000000E+00  .000000000E+00  .000000000E+00
  .000000000E+00  .000000000E+00  .000000000E+00  .000000000E+00  .000000000E+00
  .000000000E+00  .000000000E+00  .000000000E+00  .000000000E+00  .000000000E+00
  .000000000E+00  .000000000E+00  .000000000E+00  .000000000E+00  .000000000E+00
  .000000000E+00  .000000000E+00  .000000000E+00  .000000000E+00  .000000000E+00
  .000000000E+00  .000000000E+00  .000000000E+00  .000000000E+00  .000000000E+00
  .000000000E+00  .000000000E+00  .000000000E+00  .000000000E+00  .000000000E+00
  .000000000E+00  .000000000E+00  .000000000E+00  .000000000E+00  .000000000E+00
  .000000000E+00  .000000000E+00  .000000000E+00  .000000000E+00  .000000000E+00
