  PAW H                                  
 100
Core Pot   L  =         .00000   -.61387
  -.20000000E+01  .73738113E+00
  -.19600000E+01  .72443822E+00
  -.19200000E+01  .71144201E+00
  -.18800000E+01  .69839207E+00
  -.18400000E+01  .68528794E+00
  -.18000000E+01  .67212917E+00
  -.17600000E+01  .65891532E+00
  -.17200000E+01  .64564593E+00
  -.16800000E+01  .63232052E+00
  -.16400000E+01  .61893864E+00
  -.16000000E+01  .60549980E+00
  -.15600000E+01  .59200352E+00
  -.15200000E+01  .57844933E+00
  -.14800000E+01  .56483672E+00
  -.14400000E+01  .55116520E+00
  -.14000000E+01  .53743426E+00
  -.13600000E+01  .52364340E+00
  -.13200000E+01  .50979210E+00
  -.12800000E+01  .49587984E+00
  -.12400000E+01  .48190609E+00
  -.12000000E+01  .46787032E+00
  -.11600000E+01  .45377199E+00
  -.11200000E+01  .43961054E+00
  -.10800000E+01  .42538544E+00
  -.10400000E+01  .41109611E+00
  -.10000000E+01  .39674199E+00
  -.96000000E+00  .38232251E+00
  -.92000000E+00  .36783708E+00
  -.88000000E+00  .35328512E+00
  -.84000000E+00  .33866604E+00
  -.80000000E+00  .32397922E+00
  -.76000000E+00  .30922407E+00
  -.72000000E+00  .29439996E+00
  -.68000000E+00  .27950627E+00
  -.64000000E+00  .26454237E+00
  -.60000000E+00  .24950761E+00
  -.56000000E+00  .23440135E+00
  -.52000000E+00  .21922293E+00
  -.48000000E+00  .20397169E+00
  -.44000000E+00  .18864695E+00
  -.40000000E+00  .17324804E+00
  -.36000000E+00  .15777425E+00
  -.32000000E+00  .14222489E+00
  -.28000000E+00  .12659926E+00
  -.24000000E+00  .11089663E+00
  -.20000000E+00  .95116286E-01
  -.16000000E+00  .79257482E-01
  -.12000000E+00  .63319475E-01
  -.80000000E-01  .47301511E-01
  -.40000000E-01  .31202824E-01
   .12351231E-14  .15022639E-01
   .40000000E-01 -.12398289E-02
   .80000000E-01 -.17585375E-01
   .12000000E+00 -.34014806E-01
   .16000000E+00 -.50528939E-01
   .20000000E+00 -.67128601E-01
   .24000000E+00 -.83814631E-01
   .28000000E+00 -.10058788E+00
   .32000000E+00 -.11744921E+00
   .36000000E+00 -.13439949E+00
   .40000000E+00 -.15143960E+00
   .44000000E+00 -.16857046E+00
   .48000000E+00 -.18579295E+00
   .52000000E+00 -.20310801E+00
   .56000000E+00 -.22051657E+00
   .60000000E+00 -.23801958E+00
   .64000000E+00 -.25561799E+00
   .68000000E+00 -.27331279E+00
   .72000000E+00 -.29110495E+00
   .76000000E+00 -.30899548E+00
   .80000000E+00 -.32698539E+00
   .84000000E+00 -.34507572E+00
   .88000000E+00 -.36326750E+00
   .92000000E+00 -.38156180E+00
   .96000000E+00 -.39995968E+00
   .10000000E+01 -.41846225E+00
   .10400000E+01 -.43707059E+00
   .10800000E+01 -.45578584E+00
   .11200000E+01 -.47460913E+00
   .11600000E+01 -.49354161E+00
   .12000000E+01 -.51258445E+00
   .12400000E+01 -.53173884E+00
   .12800000E+01 -.55100598E+00
   .13200000E+01 -.57038710E+00
   .13600000E+01 -.58988343E+00
   .14000000E+01 -.60949624E+00
   .14400000E+01 -.62922680E+00
   .14800000E+01 -.64907641E+00
   .15200000E+01 -.66904638E+00
   .15600000E+01 -.68913805E+00
   .16000000E+01 -.70935277E+00
   .16400000E+01 -.72969192E+00
   .16800000E+01 -.75015690E+00
   .17200000E+01 -.77074913E+00
   .17600000E+01 -.79147004E+00
   .18000000E+01 -.81232110E+00
   .18400000E+01 -.83330379E+00
   .18800000E+01 -.85441963E+00
   .19200000E+01 -.87567013E+00
   .19600000E+01 -.89705687E+00
   .20000000E+01 -.91858141E+00
Potential  L  =         .00000   -.61387
  -.20000000E+01  .78029983E+00
  -.19600000E+01  .76857880E+00
  -.19200000E+01  .75681749E+00
  -.18800000E+01  .74501560E+00
  -.18400000E+01  .73317285E+00
  -.18000000E+01  .72128895E+00
  -.17600000E+01  .70936363E+00
  -.17200000E+01  .69739658E+00
  -.16800000E+01  .68538752E+00
  -.16400000E+01  .67333613E+00
  -.16000000E+01  .66124214E+00
  -.15600000E+01  .64910522E+00
  -.15200000E+01  .63692509E+00
  -.14800000E+01  .62470142E+00
  -.14400000E+01  .61243390E+00
  -.14000000E+01  .60012223E+00
  -.13600000E+01  .58776607E+00
  -.13200000E+01  .57536512E+00
  -.12800000E+01  .56291904E+00
  -.12400000E+01  .55042752E+00
  -.12000000E+01  .53789021E+00
  -.11600000E+01  .52530678E+00
  -.11200000E+01  .51267690E+00
  -.10800000E+01  .50000022E+00
  -.10400000E+01  .48727640E+00
  -.10000000E+01  .47450509E+00
  -.96000000E+00  .46168594E+00
  -.92000000E+00  .44881859E+00
  -.88000000E+00  .43590269E+00
  -.84000000E+00  .42293788E+00
  -.80000000E+00  .40992377E+00
  -.76000000E+00  .39686002E+00
  -.72000000E+00  .38374623E+00
  -.68000000E+00  .37058204E+00
  -.64000000E+00  .35736707E+00
  -.60000000E+00  .34410091E+00
  -.56000000E+00  .33078320E+00
  -.52000000E+00  .31741353E+00
  -.48000000E+00  .30399150E+00
  -.44000000E+00  .29051672E+00
  -.40000000E+00  .27698877E+00
  -.36000000E+00  .26340725E+00
  -.32000000E+00  .24977173E+00
  -.28000000E+00  .23608181E+00
  -.24000000E+00  .22233706E+00
  -.20000000E+00  .20853704E+00
  -.16000000E+00  .19468133E+00
  -.12000000E+00  .18076948E+00
  -.80000000E-01  .16680106E+00
  -.40000000E-01  .15277562E+00
   .12351231E-14  .13869270E+00
   .40000000E-01  .12455185E+00
   .80000000E-01  .11035260E+00
   .12000000E+00  .96094491E-01
   .16000000E+00  .81777048E-01
   .20000000E+00  .67399793E-01
   .24000000E+00  .52962244E-01
   .28000000E+00  .38463912E-01
   .32000000E+00  .23904303E-01
   .36000000E+00  .92829188E-02
   .40000000E+00 -.54007460E-02
   .44000000E+00 -.20147201E-01
   .48000000E+00 -.34956964E-01
   .52000000E+00 -.49830555E-01
   .56000000E+00 -.64768503E-01
   .60000000E+00 -.79771341E-01
   .64000000E+00 -.94839609E-01
   .68000000E+00 -.10997385E+00
   .72000000E+00 -.12517463E+00
   .76000000E+00 -.14044249E+00
   .80000000E+00 -.15577800E+00
   .84000000E+00 -.17118173E+00
   .88000000E+00 -.18665427E+00
   .92000000E+00 -.20219620E+00
   .96000000E+00 -.21780810E+00
   .10000000E+01 -.23349058E+00
   .10400000E+01 -.24924424E+00
   .10800000E+01 -.26506970E+00
   .11200000E+01 -.28096757E+00
   .11600000E+01 -.29693849E+00
   .12000000E+01 -.31298308E+00
   .12400000E+01 -.32910199E+00
   .12800000E+01 -.34529587E+00
   .13200000E+01 -.36156538E+00
   .13600000E+01 -.37791118E+00
   .14000000E+01 -.39433394E+00
   .14400000E+01 -.41083436E+00
   .14800000E+01 -.42741311E+00
   .15200000E+01 -.44407089E+00
   .15600000E+01 -.46080842E+00
   .16000000E+01 -.47762641E+00
   .16400000E+01 -.49452557E+00
   .16800000E+01 -.51150666E+00
   .17200000E+01 -.52857040E+00
   .17600000E+01 -.54571755E+00
   .18000000E+01 -.56294886E+00
   .18400000E+01 -.58026512E+00
   .18800000E+01 -.59766710E+00
   .19200000E+01 -.61515558E+00
   .19600000E+01 -.63273138E+00
   .20000000E+01 -.65039529E+00
Core Pot   L  =        1.00000   -.30000
  -.20000000E+01  .26597816E+01
  -.19600000E+01  .26538123E+01
  -.19200000E+01  .26478354E+01
  -.18800000E+01  .26418511E+01
  -.18400000E+01  .26358592E+01
  -.18000000E+01  .26298598E+01
  -.17600000E+01  .26238527E+01
  -.17200000E+01  .26178381E+01
  -.16800000E+01  .26118159E+01
  -.16400000E+01  .26057860E+01
  -.16000000E+01  .25997485E+01
  -.15600000E+01  .25937033E+01
  -.15200000E+01  .25876504E+01
  -.14800000E+01  .25815897E+01
  -.14400000E+01  .25755213E+01
  -.14000000E+01  .25694451E+01
  -.13600000E+01  .25633611E+01
  -.13200000E+01  .25572693E+01
  -.12800000E+01  .25511697E+01
  -.12400000E+01  .25450621E+01
  -.12000000E+01  .25389467E+01
  -.11600000E+01  .25328234E+01
  -.11200000E+01  .25266921E+01
  -.10800000E+01  .25205529E+01
  -.10400000E+01  .25144057E+01
  -.10000000E+01  .25082505E+01
  -.96000000E+00  .25020872E+01
  -.92000000E+00  .24959159E+01
  -.88000000E+00  .24897365E+01
  -.84000000E+00  .24835490E+01
  -.80000000E+00  .24773534E+01
  -.76000000E+00  .24711496E+01
  -.72000000E+00  .24649376E+01
  -.68000000E+00  .24587175E+01
  -.64000000E+00  .24524891E+01
  -.60000000E+00  .24462524E+01
  -.56000000E+00  .24400075E+01
  -.52000000E+00  .24337543E+01
  -.48000000E+00  .24274927E+01
  -.44000000E+00  .24212228E+01
  -.40000000E+00  .24149445E+01
  -.36000000E+00  .24086578E+01
  -.32000000E+00  .24023627E+01
  -.28000000E+00  .23960591E+01
  -.24000000E+00  .23897470E+01
  -.20000000E+00  .23834265E+01
  -.16000000E+00  .23770974E+01
  -.12000000E+00  .23707597E+01
  -.80000000E-01  .23644135E+01
  -.40000000E-01  .23580586E+01
   .12351231E-14  .23516951E+01
   .40000000E-01  .23453230E+01
   .80000000E-01  .23389421E+01
   .12000000E+00  .23325525E+01
   .16000000E+00  .23261542E+01
   .20000000E+00  .23197471E+01
   .24000000E+00  .23133312E+01
   .28000000E+00  .23069065E+01
   .32000000E+00  .23004729E+01
   .36000000E+00  .22940305E+01
   .40000000E+00  .22875791E+01
   .44000000E+00  .22811188E+01
   .48000000E+00  .22746495E+01
   .52000000E+00  .22681713E+01
   .56000000E+00  .22616840E+01
   .60000000E+00  .22551877E+01
   .64000000E+00  .22486822E+01
   .68000000E+00  .22421677E+01
   .72000000E+00  .22356441E+01
   .76000000E+00  .22291112E+01
   .80000000E+00  .22225692E+01
   .84000000E+00  .22160180E+01
   .88000000E+00  .22094575E+01
   .92000000E+00  .22028877E+01
   .96000000E+00  .21963086E+01
   .10000000E+01  .21897202E+01
   .10400000E+01  .21831224E+01
   .10800000E+01  .21765152E+01
   .11200000E+01  .21698986E+01
   .11600000E+01  .21632725E+01
   .12000000E+01  .21566369E+01
   .12400000E+01  .21499918E+01
   .12800000E+01  .21433372E+01
   .13200000E+01  .21366730E+01
   .13600000E+01  .21299991E+01
   .14000000E+01  .21233156E+01
   .14400000E+01  .21166225E+01
   .14800000E+01  .21099196E+01
   .15200000E+01  .21032070E+01
   .15600000E+01  .20964846E+01
   .16000000E+01  .20897524E+01
   .16400000E+01  .20830104E+01
   .16800000E+01  .20762586E+01
   .17200000E+01  .20694968E+01
   .17600000E+01  .20627251E+01
   .18000000E+01  .20559434E+01
   .18400000E+01  .20491517E+01
   .18800000E+01  .20423501E+01
   .19200000E+01  .20355383E+01
   .19600000E+01  .20287165E+01
   .20000000E+01  .20218845E+01
Potential  L  =        1.00000   -.30000
  -.20000000E+01  .26257924E+01
  -.19600000E+01  .26198249E+01
  -.19200000E+01  .26138499E+01
  -.18800000E+01  .26078675E+01
  -.18400000E+01  .26018778E+01
  -.18000000E+01  .25958805E+01
  -.17600000E+01  .25898758E+01
  -.17200000E+01  .25838636E+01
  -.16800000E+01  .25778439E+01
  -.16400000E+01  .25718167E+01
  -.16000000E+01  .25657819E+01
  -.15600000E+01  .25597395E+01
  -.15200000E+01  .25536896E+01
  -.14800000E+01  .25476320E+01
  -.14400000E+01  .25415668E+01
  -.14000000E+01  .25354939E+01
  -.13600000E+01  .25294134E+01
  -.13200000E+01  .25233251E+01
  -.12800000E+01  .25172291E+01
  -.12400000E+01  .25111254E+01
  -.12000000E+01  .25050138E+01
  -.11600000E+01  .24988945E+01
  -.11200000E+01  .24927674E+01
  -.10800000E+01  .24866324E+01
  -.10400000E+01  .24804896E+01
  -.10000000E+01  .24743388E+01
  -.96000000E+00  .24681802E+01
  -.92000000E+00  .24620136E+01
  -.88000000E+00  .24558391E+01
  -.84000000E+00  .24496566E+01
  -.80000000E+00  .24434661E+01
  -.76000000E+00  .24372675E+01
  -.72000000E+00  .24310609E+01
  -.68000000E+00  .24248463E+01
  -.64000000E+00  .24186235E+01
  -.60000000E+00  .24123926E+01
  -.56000000E+00  .24061536E+01
  -.52000000E+00  .23999064E+01
  -.48000000E+00  .23936510E+01
  -.44000000E+00  .23873873E+01
  -.40000000E+00  .23811155E+01
  -.36000000E+00  .23748353E+01
  -.32000000E+00  .23685469E+01
  -.28000000E+00  .23622501E+01
  -.24000000E+00  .23559450E+01
  -.20000000E+00  .23496316E+01
  -.16000000E+00  .23433097E+01
  -.12000000E+00  .23369795E+01
  -.80000000E-01  .23306407E+01
  -.40000000E-01  .23242935E+01
   .12351231E-14  .23179379E+01
   .40000000E-01  .23115737E+01
   .80000000E-01  .23052009E+01
   .12000000E+00  .22988196E+01
   .16000000E+00  .22924297E+01
   .20000000E+00  .22860311E+01
   .24000000E+00  .22796239E+01
   .28000000E+00  .22732081E+01
   .32000000E+00  .22667835E+01
   .36000000E+00  .22603502E+01
   .40000000E+00  .22539081E+01
   .44000000E+00  .22474573E+01
   .48000000E+00  .22409976E+01
   .52000000E+00  .22345291E+01
   .56000000E+00  .22280518E+01
   .60000000E+00  .22215655E+01
   .64000000E+00  .22150704E+01
   .68000000E+00  .22085662E+01
   .72000000E+00  .22020532E+01
   .76000000E+00  .21955311E+01
   .80000000E+00  .21889999E+01
   .84000000E+00  .21824598E+01
   .88000000E+00  .21759105E+01
   .92000000E+00  .21693521E+01
   .96000000E+00  .21627846E+01
   .10000000E+01  .21562079E+01
   .10400000E+01  .21496220E+01
   .10800000E+01  .21430269E+01
   .11200000E+01  .21364225E+01
   .11600000E+01  .21298089E+01
   .12000000E+01  .21231859E+01
   .12400000E+01  .21165536E+01
   .12800000E+01  .21099119E+01
   .13200000E+01  .21032608E+01
   .13600000E+01  .20966002E+01
   .14000000E+01  .20899302E+01
   .14400000E+01  .20832508E+01
   .14800000E+01  .20765617E+01
   .15200000E+01  .20698632E+01
   .15600000E+01  .20631550E+01
   .16000000E+01  .20564373E+01
   .16400000E+01  .20497099E+01
   .16800000E+01  .20429728E+01
   .17200000E+01  .20362260E+01
   .17600000E+01  .20294695E+01
   .18000000E+01  .20227032E+01
   .18400000E+01  .20159271E+01
   .18800000E+01  .20091412E+01
   .19200000E+01  .20023454E+01
   .19600000E+01  .19955397E+01
   .20000000E+01  .19887241E+01
Core Pot   L  =        2.00000    .00000
  -.20000000E+01  .41773591E+01
  -.19600000E+01  .41732539E+01
  -.19200000E+01  .41691459E+01
  -.18800000E+01  .41650353E+01
  -.18400000E+01  .41609220E+01
  -.18000000E+01  .41568059E+01
  -.17600000E+01  .41526872E+01
  -.17200000E+01  .41485657E+01
  -.16800000E+01  .41444415E+01
  -.16400000E+01  .41403146E+01
  -.16000000E+01  .41361850E+01
  -.15600000E+01  .41320527E+01
  -.15200000E+01  .41279176E+01
  -.14800000E+01  .41237798E+01
  -.14400000E+01  .41196392E+01
  -.14000000E+01  .41154959E+01
  -.13600000E+01  .41113499E+01
  -.13200000E+01  .41072011E+01
  -.12800000E+01  .41030495E+01
  -.12400000E+01  .40988951E+01
  -.12000000E+01  .40947380E+01
  -.11600000E+01  .40905782E+01
  -.11200000E+01  .40864155E+01
  -.10800000E+01  .40822501E+01
  -.10400000E+01  .40780819E+01
  -.10000000E+01  .40739108E+01
  -.96000000E+00  .40697370E+01
  -.92000000E+00  .40655604E+01
  -.88000000E+00  .40613810E+01
  -.84000000E+00  .40571988E+01
  -.80000000E+00  .40530137E+01
  -.76000000E+00  .40488259E+01
  -.72000000E+00  .40446352E+01
  -.68000000E+00  .40404417E+01
  -.64000000E+00  .40362454E+01
  -.60000000E+00  .40320462E+01
  -.56000000E+00  .40278442E+01
  -.52000000E+00  .40236393E+01
  -.48000000E+00  .40194316E+01
  -.44000000E+00  .40152210E+01
  -.40000000E+00  .40110076E+01
  -.36000000E+00  .40067913E+01
  -.32000000E+00  .40025721E+01
  -.28000000E+00  .39983501E+01
  -.24000000E+00  .39941251E+01
  -.20000000E+00  .39898973E+01
  -.16000000E+00  .39856666E+01
  -.12000000E+00  .39814330E+01
  -.80000000E-01  .39771965E+01
  -.40000000E-01  .39729571E+01
   .12351231E-14  .39687148E+01
   .40000000E-01  .39644696E+01
   .80000000E-01  .39602215E+01
   .12000000E+00  .39559704E+01
   .16000000E+00  .39517165E+01
   .20000000E+00  .39474595E+01
   .24000000E+00  .39431997E+01
   .28000000E+00  .39389369E+01
   .32000000E+00  .39346712E+01
   .36000000E+00  .39304025E+01
   .40000000E+00  .39261308E+01
   .44000000E+00  .39218562E+01
   .48000000E+00  .39175786E+01
   .52000000E+00  .39132981E+01
   .56000000E+00  .39090145E+01
   .60000000E+00  .39047280E+01
   .64000000E+00  .39004385E+01
   .68000000E+00  .38961460E+01
   .72000000E+00  .38918505E+01
   .76000000E+00  .38875520E+01
   .80000000E+00  .38832505E+01
   .84000000E+00  .38789460E+01
   .88000000E+00  .38746385E+01
   .92000000E+00  .38703279E+01
   .96000000E+00  .38660144E+01
   .10000000E+01  .38616977E+01
   .10400000E+01  .38573781E+01
   .10800000E+01  .38530554E+01
   .11200000E+01  .38487297E+01
   .11600000E+01  .38444009E+01
   .12000000E+01  .38400690E+01
   .12400000E+01  .38357341E+01
   .12800000E+01  .38313961E+01
   .13200000E+01  .38270551E+01
   .13600000E+01  .38227109E+01
   .14000000E+01  .38183637E+01
   .14400000E+01  .38140134E+01
   .14800000E+01  .38096600E+01
   .15200000E+01  .38053034E+01
   .15600000E+01  .38009438E+01
   .16000000E+01  .37965811E+01
   .16400000E+01  .37922153E+01
   .16800000E+01  .37878463E+01
   .17200000E+01  .37834742E+01
   .17600000E+01  .37790990E+01
   .18000000E+01  .37747206E+01
   .18400000E+01  .37703391E+01
   .18800000E+01  .37659544E+01
   .19200000E+01  .37615666E+01
   .19600000E+01  .37571757E+01
   .20000000E+01  .37527815E+01
Potential  L  =        2.00000    .00000
  -.20000000E+01  .41960921E+01
  -.19600000E+01  .41920158E+01
  -.19200000E+01  .41879369E+01
  -.18800000E+01  .41838553E+01
  -.18400000E+01  .41797712E+01
  -.18000000E+01  .41756844E+01
  -.17600000E+01  .41715949E+01
  -.17200000E+01  .41675028E+01
  -.16800000E+01  .41634081E+01
  -.16400000E+01  .41593107E+01
  -.16000000E+01  .41552107E+01
  -.15600000E+01  .41511080E+01
  -.15200000E+01  .41470026E+01
  -.14800000E+01  .41428946E+01
  -.14400000E+01  .41387839E+01
  -.14000000E+01  .41346705E+01
  -.13600000E+01  .41305545E+01
  -.13200000E+01  .41264357E+01
  -.12800000E+01  .41223143E+01
  -.12400000E+01  .41181902E+01
  -.12000000E+01  .41140634E+01
  -.11600000E+01  .41099339E+01
  -.11200000E+01  .41058016E+01
  -.10800000E+01  .41016667E+01
  -.10400000E+01  .40975291E+01
  -.10000000E+01  .40933887E+01
  -.96000000E+00  .40892456E+01
  -.92000000E+00  .40850998E+01
  -.88000000E+00  .40809512E+01
  -.84000000E+00  .40767999E+01
  -.80000000E+00  .40726459E+01
  -.76000000E+00  .40684891E+01
  -.72000000E+00  .40643296E+01
  -.68000000E+00  .40601673E+01
  -.64000000E+00  .40560023E+01
  -.60000000E+00  .40518345E+01
  -.56000000E+00  .40476639E+01
  -.52000000E+00  .40434906E+01
  -.48000000E+00  .40393145E+01
  -.44000000E+00  .40351356E+01
  -.40000000E+00  .40309539E+01
  -.36000000E+00  .40267694E+01
  -.32000000E+00  .40225821E+01
  -.28000000E+00  .40183921E+01
  -.24000000E+00  .40141992E+01
  -.20000000E+00  .40100035E+01
  -.16000000E+00  .40058050E+01
  -.12000000E+00  .40016037E+01
  -.80000000E-01  .39973996E+01
  -.40000000E-01  .39931927E+01
   .12351231E-14  .39889829E+01
   .40000000E-01  .39847702E+01
   .80000000E-01  .39805548E+01
   .12000000E+00  .39763365E+01
   .16000000E+00  .39721153E+01
   .20000000E+00  .39678913E+01
   .24000000E+00  .39636644E+01
   .28000000E+00  .39594347E+01
   .32000000E+00  .39552021E+01
   .36000000E+00  .39509666E+01
   .40000000E+00  .39467283E+01
   .44000000E+00  .39424871E+01
   .48000000E+00  .39382429E+01
   .52000000E+00  .39339959E+01
   .56000000E+00  .39297460E+01
   .60000000E+00  .39254932E+01
   .64000000E+00  .39212375E+01
   .68000000E+00  .39169789E+01
   .72000000E+00  .39127173E+01
   .76000000E+00  .39084529E+01
   .80000000E+00  .39041855E+01
   .84000000E+00  .38999152E+01
   .88000000E+00  .38956419E+01
   .92000000E+00  .38913657E+01
   .96000000E+00  .38870866E+01
   .10000000E+01  .38828045E+01
   .10400000E+01  .38785194E+01
   .10800000E+01  .38742314E+01
   .11200000E+01  .38699405E+01
   .11600000E+01  .38656465E+01
   .12000000E+01  .38613496E+01
   .12400000E+01  .38570497E+01
   .12800000E+01  .38527469E+01
   .13200000E+01  .38484410E+01
   .13600000E+01  .38441321E+01
   .14000000E+01  .38398203E+01
   .14400000E+01  .38355054E+01
   .14800000E+01  .38311876E+01
   .15200000E+01  .38268667E+01
   .15600000E+01  .38225428E+01
   .16000000E+01  .38182158E+01
   .16400000E+01  .38138859E+01
   .16800000E+01  .38095529E+01
   .17200000E+01  .38052169E+01
   .17600000E+01  .38008778E+01
   .18000000E+01  .37965356E+01
   .18400000E+01  .37921905E+01
   .18800000E+01  .37878422E+01
   .19200000E+01  .37834909E+01
   .19600000E+01  .37791365E+01
   .20000000E+01  .37747791E+01
Core Pot   L  =        3.00000    .00000
  -.20000000E+01  .56399926E+01
  -.19600000E+01  .56368377E+01
  -.19200000E+01  .56336816E+01
  -.18800000E+01  .56305241E+01
  -.18400000E+01  .56273654E+01
  -.18000000E+01  .56242053E+01
  -.17600000E+01  .56210440E+01
  -.17200000E+01  .56178814E+01
  -.16800000E+01  .56147175E+01
  -.16400000E+01  .56115523E+01
  -.16000000E+01  .56083857E+01
  -.15600000E+01  .56052179E+01
  -.15200000E+01  .56020488E+01
  -.14800000E+01  .55988784E+01
  -.14400000E+01  .55957067E+01
  -.14000000E+01  .55925336E+01
  -.13600000E+01  .55893593E+01
  -.13200000E+01  .55861837E+01
  -.12800000E+01  .55830067E+01
  -.12400000E+01  .55798284E+01
  -.12000000E+01  .55766489E+01
  -.11600000E+01  .55734680E+01
  -.11200000E+01  .55702858E+01
  -.10800000E+01  .55671023E+01
  -.10400000E+01  .55639174E+01
  -.10000000E+01  .55607313E+01
  -.96000000E+00  .55575438E+01
  -.92000000E+00  .55543550E+01
  -.88000000E+00  .55511649E+01
  -.84000000E+00  .55479734E+01
  -.80000000E+00  .55447806E+01
  -.76000000E+00  .55415865E+01
  -.72000000E+00  .55383911E+01
  -.68000000E+00  .55351943E+01
  -.64000000E+00  .55319962E+01
  -.60000000E+00  .55287968E+01
  -.56000000E+00  .55255960E+01
  -.52000000E+00  .55223939E+01
  -.48000000E+00  .55191905E+01
  -.44000000E+00  .55159857E+01
  -.40000000E+00  .55127796E+01
  -.36000000E+00  .55095722E+01
  -.32000000E+00  .55063634E+01
  -.28000000E+00  .55031532E+01
  -.24000000E+00  .54999417E+01
  -.20000000E+00  .54967289E+01
  -.16000000E+00  .54935147E+01
  -.12000000E+00  .54902992E+01
  -.80000000E-01  .54870823E+01
  -.40000000E-01  .54838640E+01
   .12351231E-14  .54806444E+01
   .40000000E-01  .54774235E+01
   .80000000E-01  .54742012E+01
   .12000000E+00  .54709775E+01
   .16000000E+00  .54677525E+01
   .20000000E+00  .54645261E+01
   .24000000E+00  .54612983E+01
   .28000000E+00  .54580692E+01
   .32000000E+00  .54548387E+01
   .36000000E+00  .54516069E+01
   .40000000E+00  .54483737E+01
   .44000000E+00  .54451391E+01
   .48000000E+00  .54419031E+01
   .52000000E+00  .54386658E+01
   .56000000E+00  .54354271E+01
   .60000000E+00  .54321870E+01
   .64000000E+00  .54289455E+01
   .68000000E+00  .54257027E+01
   .72000000E+00  .54224585E+01
   .76000000E+00  .54192129E+01
   .80000000E+00  .54159659E+01
   .84000000E+00  .54127175E+01
   .88000000E+00  .54094677E+01
   .92000000E+00  .54062166E+01
   .96000000E+00  .54029640E+01
   .10000000E+01  .53997101E+01
   .10400000E+01  .53964548E+01
   .10800000E+01  .53931981E+01
   .11200000E+01  .53899400E+01
   .11600000E+01  .53866805E+01
   .12000000E+01  .53834196E+01
   .12400000E+01  .53801572E+01
   .12800000E+01  .53768935E+01
   .13200000E+01  .53736284E+01
   .13600000E+01  .53703619E+01
   .14000000E+01  .53670940E+01
   .14400000E+01  .53638247E+01
   .14800000E+01  .53605539E+01
   .15200000E+01  .53572818E+01
   .15600000E+01  .53540082E+01
   .16000000E+01  .53507332E+01
   .16400000E+01  .53474568E+01
   .16800000E+01  .53441790E+01
   .17200000E+01  .53408998E+01
   .17600000E+01  .53376192E+01
   .18000000E+01  .53343371E+01
   .18400000E+01  .53310536E+01
   .18800000E+01  .53277687E+01
   .19200000E+01  .53244823E+01
   .19600000E+01  .53211946E+01
   .20000000E+01  .53179054E+01
Potential  L  =        3.00000    .00000
  -.20000000E+01  .56485448E+01
  -.19600000E+01  .56453986E+01
  -.19200000E+01  .56422511E+01
  -.18800000E+01  .56391024E+01
  -.18400000E+01  .56359524E+01
  -.18000000E+01  .56328011E+01
  -.17600000E+01  .56296485E+01
  -.17200000E+01  .56264947E+01
  -.16800000E+01  .56233396E+01
  -.16400000E+01  .56201832E+01
  -.16000000E+01  .56170255E+01
  -.15600000E+01  .56138665E+01
  -.15200000E+01  .56107063E+01
  -.14800000E+01  .56075447E+01
  -.14400000E+01  .56043819E+01
  -.14000000E+01  .56012178E+01
  -.13600000E+01  .55980524E+01
  -.13200000E+01  .55948857E+01
  -.12800000E+01  .55917177E+01
  -.12400000E+01  .55885484E+01
  -.12000000E+01  .55853778E+01
  -.11600000E+01  .55822060E+01
  -.11200000E+01  .55790328E+01
  -.10800000E+01  .55758583E+01
  -.10400000E+01  .55726825E+01
  -.10000000E+01  .55695054E+01
  -.96000000E+00  .55663271E+01
  -.92000000E+00  .55631474E+01
  -.88000000E+00  .55599664E+01
  -.84000000E+00  .55567841E+01
  -.80000000E+00  .55536005E+01
  -.76000000E+00  .55504155E+01
  -.72000000E+00  .55472293E+01
  -.68000000E+00  .55440417E+01
  -.64000000E+00  .55408529E+01
  -.60000000E+00  .55376627E+01
  -.56000000E+00  .55344712E+01
  -.52000000E+00  .55312784E+01
  -.48000000E+00  .55280842E+01
  -.44000000E+00  .55248888E+01
  -.40000000E+00  .55216920E+01
  -.36000000E+00  .55184939E+01
  -.32000000E+00  .55152945E+01
  -.28000000E+00  .55120937E+01
  -.24000000E+00  .55088916E+01
  -.20000000E+00  .55056882E+01
  -.16000000E+00  .55024834E+01
  -.12000000E+00  .54992774E+01
  -.80000000E-01  .54960699E+01
  -.40000000E-01  .54928612E+01
   .12351231E-14  .54896511E+01
   .40000000E-01  .54864397E+01
   .80000000E-01  .54832269E+01
   .12000000E+00  .54800128E+01
   .16000000E+00  .54767973E+01
   .20000000E+00  .54735805E+01
   .24000000E+00  .54703624E+01
   .28000000E+00  .54671429E+01
   .32000000E+00  .54639221E+01
   .36000000E+00  .54606999E+01
   .40000000E+00  .54574764E+01
   .44000000E+00  .54542515E+01
   .48000000E+00  .54510252E+01
   .52000000E+00  .54477976E+01
   .56000000E+00  .54445687E+01
   .60000000E+00  .54413384E+01
   .64000000E+00  .54381067E+01
   .68000000E+00  .54348736E+01
   .72000000E+00  .54316392E+01
   .76000000E+00  .54284035E+01
   .80000000E+00  .54251664E+01
   .84000000E+00  .54219279E+01
   .88000000E+00  .54186880E+01
   .92000000E+00  .54154468E+01
   .96000000E+00  .54122042E+01
   .10000000E+01  .54089602E+01
   .10400000E+01  .54057148E+01
   .10800000E+01  .54024681E+01
   .11200000E+01  .53992200E+01
   .11600000E+01  .53959705E+01
   .12000000E+01  .53927197E+01
   .12400000E+01  .53894674E+01
   .12800000E+01  .53862138E+01
   .13200000E+01  .53829588E+01
   .13600000E+01  .53797024E+01
   .14000000E+01  .53764446E+01
   .14400000E+01  .53731854E+01
   .14800000E+01  .53699249E+01
   .15200000E+01  .53666629E+01
   .15600000E+01  .53633996E+01
   .16000000E+01  .53601348E+01
   .16400000E+01  .53568687E+01
   .16800000E+01  .53536011E+01
   .17200000E+01  .53503322E+01
   .17600000E+01  .53470619E+01
   .18000000E+01  .53437901E+01
   .18400000E+01  .53405170E+01
   .18800000E+01  .53372424E+01
   .19200000E+01  .53339665E+01
   .19600000E+01  .53306891E+01
   .20000000E+01  .53274103E+01
Core Pot   L  =        4.00000    .00000
  -.20000000E+01  .70854714E+01
  -.19600000E+01  .70829034E+01
  -.19200000E+01  .70803348E+01
  -.18800000E+01  .70777654E+01
  -.18400000E+01  .70751953E+01
  -.18000000E+01  .70726244E+01
  -.17600000E+01  .70700529E+01
  -.17200000E+01  .70674806E+01
  -.16800000E+01  .70649076E+01
  -.16400000E+01  .70623339E+01
  -.16000000E+01  .70597595E+01
  -.15600000E+01  .70571843E+01
  -.15200000E+01  .70546084E+01
  -.14800000E+01  .70520318E+01
  -.14400000E+01  .70494544E+01
  -.14000000E+01  .70468764E+01
  -.13600000E+01  .70442976E+01
  -.13200000E+01  .70417180E+01
  -.12800000E+01  .70391378E+01
  -.12400000E+01  .70365568E+01
  -.12000000E+01  .70339751E+01
  -.11600000E+01  .70313927E+01
  -.11200000E+01  .70288095E+01
  -.10800000E+01  .70262256E+01
  -.10400000E+01  .70236410E+01
  -.10000000E+01  .70210556E+01
  -.96000000E+00  .70184695E+01
  -.92000000E+00  .70158827E+01
  -.88000000E+00  .70132951E+01
  -.84000000E+00  .70107068E+01
  -.80000000E+00  .70081178E+01
  -.76000000E+00  .70055280E+01
  -.72000000E+00  .70029375E+01
  -.68000000E+00  .70003463E+01
  -.64000000E+00  .69977543E+01
  -.60000000E+00  .69951616E+01
  -.56000000E+00  .69925681E+01
  -.52000000E+00  .69899740E+01
  -.48000000E+00  .69873790E+01
  -.44000000E+00  .69847834E+01
  -.40000000E+00  .69821870E+01
  -.36000000E+00  .69795898E+01
  -.32000000E+00  .69769919E+01
  -.28000000E+00  .69743933E+01
  -.24000000E+00  .69717939E+01
  -.20000000E+00  .69691938E+01
  -.16000000E+00  .69665930E+01
  -.12000000E+00  .69639914E+01
  -.80000000E-01  .69613890E+01
  -.40000000E-01  .69587859E+01
   .12351231E-14  .69561821E+01
   .40000000E-01  .69535775E+01
   .80000000E-01  .69509722E+01
   .12000000E+00  .69483661E+01
   .16000000E+00  .69457593E+01
   .20000000E+00  .69431517E+01
   .24000000E+00  .69405434E+01
   .28000000E+00  .69379344E+01
   .32000000E+00  .69353245E+01
   .36000000E+00  .69327140E+01
   .40000000E+00  .69301027E+01
   .44000000E+00  .69274906E+01
   .48000000E+00  .69248778E+01
   .52000000E+00  .69222642E+01
   .56000000E+00  .69196499E+01
   .60000000E+00  .69170348E+01
   .64000000E+00  .69144190E+01
   .68000000E+00  .69118024E+01
   .72000000E+00  .69091850E+01
   .76000000E+00  .69065669E+01
   .80000000E+00  .69039481E+01
   .84000000E+00  .69013285E+01
   .88000000E+00  .68987081E+01
   .92000000E+00  .68960870E+01
   .96000000E+00  .68934651E+01
   .10000000E+01  .68908424E+01
   .10400000E+01  .68882190E+01
   .10800000E+01  .68855949E+01
   .11200000E+01  .68829699E+01
   .11600000E+01  .68803443E+01
   .12000000E+01  .68777178E+01
   .12400000E+01  .68750906E+01
   .12800000E+01  .68724626E+01
   .13200000E+01  .68698339E+01
   .13600000E+01  .68672044E+01
   .14000000E+01  .68645741E+01
   .14400000E+01  .68619431E+01
   .14800000E+01  .68593113E+01
   .15200000E+01  .68566787E+01
   .15600000E+01  .68540454E+01
   .16000000E+01  .68514112E+01
   .16400000E+01  .68487764E+01
   .16800000E+01  .68461407E+01
   .17200000E+01  .68435043E+01
   .17600000E+01  .68408671E+01
   .18000000E+01  .68382292E+01
   .18400000E+01  .68355905E+01
   .18800000E+01  .68329510E+01
   .19200000E+01  .68303107E+01
   .19600000E+01  .68276697E+01
   .20000000E+01  .68250279E+01
Potential  L  =        4.00000    .00000
  -.20000000E+01  .70901031E+01
  -.19600000E+01  .70875385E+01
  -.19200000E+01  .70849732E+01
  -.18800000E+01  .70824071E+01
  -.18400000E+01  .70798404E+01
  -.18000000E+01  .70772738E+01
  -.17600000E+01  .70747057E+01
  -.17200000E+01  .70721369E+01
  -.16800000E+01  .70695673E+01
  -.16400000E+01  .70669969E+01
  -.16000000E+01  .70644257E+01
  -.15600000E+01  .70618533E+01
  -.15200000E+01  .70592805E+01
  -.14800000E+01  .70567073E+01
  -.14400000E+01  .70541297E+01
  -.14000000E+01  .70515550E+01
  -.13600000E+01  .70489800E+01
  -.13200000E+01  .70464039E+01
  -.12800000E+01  .70438271E+01
  -.12400000E+01  .70412538E+01
  -.12000000E+01  .70386755E+01
  -.11600000E+01  .70360963E+01
  -.11200000E+01  .70335169E+01
  -.10800000E+01  .70309364E+01
  -.10400000E+01  .70283551E+01
  -.10000000E+01  .70257736E+01
  -.96000000E+00  .70231910E+01
  -.92000000E+00  .70206077E+01
  -.88000000E+00  .70180237E+01
  -.84000000E+00  .70154381E+01
  -.80000000E+00  .70128526E+01
  -.76000000E+00  .70102664E+01
  -.72000000E+00  .70076794E+01
  -.68000000E+00  .70050917E+01
  -.64000000E+00  .70025033E+01
  -.60000000E+00  .69999141E+01
  -.56000000E+00  .69973242E+01
  -.52000000E+00  .69947336E+01
  -.48000000E+00  .69921423E+01
  -.44000000E+00  .69895502E+01
  -.40000000E+00  .69869573E+01
  -.36000000E+00  .69843639E+01
  -.32000000E+00  .69817696E+01
  -.28000000E+00  .69791746E+01
  -.24000000E+00  .69765788E+01
  -.20000000E+00  .69739823E+01
  -.16000000E+00  .69713851E+01
  -.12000000E+00  .69687871E+01
  -.80000000E-01  .69661880E+01
  -.40000000E-01  .69635886E+01
   .12351231E-14  .69609889E+01
   .40000000E-01  .69583886E+01
   .80000000E-01  .69557867E+01
   .12000000E+00  .69531841E+01
   .16000000E+00  .69505808E+01
   .20000000E+00  .69479769E+01
   .24000000E+00  .69453726E+01
   .28000000E+00  .69427674E+01
   .32000000E+00  .69401578E+01
   .36000000E+00  .69375507E+01
   .40000000E+00  .69349431E+01
   .44000000E+00  .69323381E+01
   .48000000E+00  .69297290E+01
   .52000000E+00  .69271194E+01
   .56000000E+00  .69245094E+01
   .60000000E+00  .69218980E+01
   .64000000E+00  .69192859E+01
   .68000000E+00  .69166730E+01
   .72000000E+00  .69140594E+01
   .76000000E+00  .69114445E+01
   .80000000E+00  .69088295E+01
   .84000000E+00  .69062136E+01
   .88000000E+00  .69035972E+01
   .92000000E+00  .69009804E+01
   .96000000E+00  .68983624E+01
   .10000000E+01  .68957436E+01
   .10400000E+01  .68931239E+01
   .10800000E+01  .68905035E+01
   .11200000E+01  .68878814E+01
   .11600000E+01  .68852596E+01
   .12000000E+01  .68826370E+01
   .12400000E+01  .68800136E+01
   .12800000E+01  .68773896E+01
   .13200000E+01  .68747655E+01
   .13600000E+01  .68721398E+01
   .14000000E+01  .68695135E+01
   .14400000E+01  .68668863E+01
   .14800000E+01  .68642581E+01
   .15200000E+01  .68616294E+01
   .15600000E+01  .68590000E+01
   .16000000E+01  .68563699E+01
   .16400000E+01  .68537389E+01
   .16800000E+01  .68511072E+01
   .17200000E+01  .68484747E+01
   .17600000E+01  .68458418E+01
   .18000000E+01  .68432079E+01
   .18400000E+01  .68405696E+01
   .18800000E+01  .68379341E+01
   .19200000E+01  .68352978E+01
   .19600000E+01  .68326607E+01
   .20000000E+01  .68300229E+01
KBPotential  L  =       .00000  -1.22774
  -.20000000E+01  .80381208E+00
  -.19600000E+01  .79167923E+00
  -.19200000E+01  .77949195E+00
  -.18800000E+01  .76724978E+00
  -.18400000E+01  .75495230E+00
  -.18000000E+01  .74259904E+00
  -.17600000E+01  .73018957E+00
  -.17200000E+01  .71772341E+00
  -.16800000E+01  .70520011E+00
  -.16400000E+01  .69261921E+00
  -.16000000E+01  .67998021E+00
  -.15600000E+01  .66728266E+00
  -.15200000E+01  .65452610E+00
  -.14800000E+01  .64170996E+00
  -.14400000E+01  .62883378E+00
  -.14000000E+01  .61589707E+00
  -.13600000E+01  .60289932E+00
  -.13200000E+01  .58984001E+00
  -.12800000E+01  .57671863E+00
  -.12400000E+01  .56353465E+00
  -.12000000E+01  .55028753E+00
  -.11600000E+01  .53697675E+00
  -.11200000E+01  .52360176E+00
  -.10800000E+01  .51016200E+00
  -.10400000E+01  .49665692E+00
  -.10000000E+01  .48308595E+00
  -.96000000E+00  .46944854E+00
  -.92000000E+00  .45574409E+00
  -.88000000E+00  .44197202E+00
  -.84000000E+00  .42813175E+00
  -.80000000E+00  .41422267E+00
  -.76000000E+00  .40024418E+00
  -.72000000E+00  .38619567E+00
  -.68000000E+00  .37207652E+00
  -.64000000E+00  .35788609E+00
  -.60000000E+00  .34362376E+00
  -.56000000E+00  .32928887E+00
  -.52000000E+00  .31488079E+00
  -.48000000E+00  .30039884E+00
  -.44000000E+00  .28584236E+00
  -.40000000E+00  .27121067E+00
  -.36000000E+00  .25650310E+00
  -.32000000E+00  .24171894E+00
  -.28000000E+00  .22685750E+00
  -.24000000E+00  .21191806E+00
  -.20000000E+00  .19689990E+00
  -.16000000E+00  .18180230E+00
  -.12000000E+00  .16662452E+00
  -.80000000E-01  .15136583E+00
  -.40000000E-01  .13602543E+00
   .12351231E-14  .12060257E+00
   .40000000E-01  .10509648E+00
   .80000000E-01  .89506379E-01
   .12000000E+00  .73831458E-01
   .16000000E+00  .58070914E-01
   .20000000E+00  .42223929E-01
   .24000000E+00  .26289673E-01
   .28000000E+00  .10267307E-01
   .32000000E+00 -.58440193E-02
   .36000000E+00 -.22045169E-01
   .40000000E+00 -.38337016E-01
   .44000000E+00 -.54720445E-01
   .48000000E+00 -.71196353E-01
   .52000000E+00 -.87765650E-01
   .56000000E+00 -.10442926E+00
   .60000000E+00 -.12118811E+00
   .64000000E+00 -.13804315E+00
   .68000000E+00 -.15499535E+00
   .72000000E+00 -.17204566E+00
   .76000000E+00 -.18919509E+00
   .80000000E+00 -.20644463E+00
   .84000000E+00 -.22379529E+00
   .88000000E+00 -.24124810E+00
   .92000000E+00 -.25880410E+00
   .96000000E+00 -.27646435E+00
   .10000000E+01 -.29422992E+00
   .10400000E+01 -.31210190E+00
   .10800000E+01 -.33008138E+00
   .11200000E+01 -.34816950E+00
   .11600000E+01 -.36636737E+00
   .12000000E+01 -.38467614E+00
   .12400000E+01 -.40309700E+00
   .12800000E+01 -.42163111E+00
   .13200000E+01 -.44027967E+00
   .13600000E+01 -.45904391E+00
   .14000000E+01 -.47792505E+00
   .14400000E+01 -.49692436E+00
   .14800000E+01 -.51604310E+00
   .15200000E+01 -.53528256E+00
   .15600000E+01 -.55464404E+00
   .16000000E+01 -.57412889E+00
   .16400000E+01 -.59373844E+00
   .16800000E+01 -.61347407E+00
   .17200000E+01 -.63333716E+00
   .17600000E+01 -.65332912E+00
   .18000000E+01 -.67345139E+00
   .18400000E+01 -.69370540E+00
   .18800000E+01 -.71409265E+00
   .19200000E+01 -.73461463E+00
   .19600000E+01 -.75527284E+00
   .20000000E+01 -.77606885E+00
KBPotential  L  =      1.00000   -.60000
  -.20000000E+01  .26224900E+01
  -.19600000E+01  .26165534E+01
  -.19200000E+01  .26106116E+01
  -.18800000E+01  .26046646E+01
  -.18400000E+01  .25987123E+01
  -.18000000E+01  .25927547E+01
  -.17600000E+01  .25867919E+01
  -.17200000E+01  .25808238E+01
  -.16800000E+01  .25748503E+01
  -.16400000E+01  .25688716E+01
  -.16000000E+01  .25628875E+01
  -.15600000E+01  .25568980E+01
  -.15200000E+01  .25509032E+01
  -.14800000E+01  .25449030E+01
  -.14400000E+01  .25388974E+01
  -.14000000E+01  .25328864E+01
  -.13600000E+01  .25268699E+01
  -.13200000E+01  .25208480E+01
  -.12800000E+01  .25148206E+01
  -.12400000E+01  .25087878E+01
  -.12000000E+01  .25027495E+01
  -.11600000E+01  .24967056E+01
  -.11200000E+01  .24906562E+01
  -.10800000E+01  .24846013E+01
  -.10400000E+01  .24785409E+01
  -.10000000E+01  .24724748E+01
  -.96000000E+00  .24664032E+01
  -.92000000E+00  .24603259E+01
  -.88000000E+00  .24542431E+01
  -.84000000E+00  .24481546E+01
  -.80000000E+00  .24420604E+01
  -.76000000E+00  .24359606E+01
  -.72000000E+00  .24298551E+01
  -.68000000E+00  .24237439E+01
  -.64000000E+00  .24176269E+01
  -.60000000E+00  .24115042E+01
  -.56000000E+00  .24053758E+01
  -.52000000E+00  .23992416E+01
  -.48000000E+00  .23931016E+01
  -.44000000E+00  .23869558E+01
  -.40000000E+00  .23808042E+01
  -.36000000E+00  .23746468E+01
  -.32000000E+00  .23684835E+01
  -.28000000E+00  .23623143E+01
  -.24000000E+00  .23561392E+01
  -.20000000E+00  .23499582E+01
  -.16000000E+00  .23437714E+01
  -.12000000E+00  .23375785E+01
  -.80000000E-01  .23313797E+01
  -.40000000E-01  .23251749E+01
   .12351231E-14  .23189642E+01
   .40000000E-01  .23127474E+01
   .80000000E-01  .23065246E+01
   .12000000E+00  .23002957E+01
   .16000000E+00  .22940608E+01
   .20000000E+00  .22878198E+01
   .24000000E+00  .22815727E+01
   .28000000E+00  .22753195E+01
   .32000000E+00  .22690601E+01
   .36000000E+00  .22627946E+01
   .40000000E+00  .22565229E+01
   .44000000E+00  .22502450E+01
   .48000000E+00  .22439609E+01
   .52000000E+00  .22376706E+01
   .56000000E+00  .22313740E+01
   .60000000E+00  .22250712E+01
   .64000000E+00  .22187621E+01
   .68000000E+00  .22124467E+01
   .72000000E+00  .22061249E+01
   .76000000E+00  .21997968E+01
   .80000000E+00  .21934624E+01
   .84000000E+00  .21871216E+01
   .88000000E+00  .21807744E+01
   .92000000E+00  .21744207E+01
   .96000000E+00  .21680607E+01
   .10000000E+01  .21616941E+01
   .10400000E+01  .21553211E+01
   .10800000E+01  .21489416E+01
   .11200000E+01  .21425556E+01
   .11600000E+01  .21361631E+01
   .12000000E+01  .21297640E+01
   .12400000E+01  .21233583E+01
   .12800000E+01  .21169461E+01
   .13200000E+01  .21105272E+01
   .13600000E+01  .21041017E+01
   .14000000E+01  .20976696E+01
   .14400000E+01  .20912308E+01
   .14800000E+01  .20847852E+01
   .15200000E+01  .20783330E+01
   .15600000E+01  .20718741E+01
   .16000000E+01  .20654083E+01
   .16400000E+01  .20589358E+01
   .16800000E+01  .20524566E+01
   .17200000E+01  .20459705E+01
   .17600000E+01  .20394775E+01
   .18000000E+01  .20329777E+01
   .18400000E+01  .20264711E+01
   .18800000E+01  .20199575E+01
   .19200000E+01  .20134370E+01
   .19600000E+01  .20069096E+01
   .20000000E+01  .20003752E+01
KBPotential  L  =      2.00000    .00000
  -.20000000E+01  .41960921E+01
  -.19600000E+01  .41920158E+01
  -.19200000E+01  .41879369E+01
  -.18800000E+01  .41838553E+01
  -.18400000E+01  .41797712E+01
  -.18000000E+01  .41756844E+01
  -.17600000E+01  .41715949E+01
  -.17200000E+01  .41675028E+01
  -.16800000E+01  .41634081E+01
  -.16400000E+01  .41593107E+01
  -.16000000E+01  .41552107E+01
  -.15600000E+01  .41511080E+01
  -.15200000E+01  .41470026E+01
  -.14800000E+01  .41428946E+01
  -.14400000E+01  .41387839E+01
  -.14000000E+01  .41346705E+01
  -.13600000E+01  .41305545E+01
  -.13200000E+01  .41264357E+01
  -.12800000E+01  .41223143E+01
  -.12400000E+01  .41181902E+01
  -.12000000E+01  .41140634E+01
  -.11600000E+01  .41099339E+01
  -.11200000E+01  .41058016E+01
  -.10800000E+01  .41016667E+01
  -.10400000E+01  .40975291E+01
  -.10000000E+01  .40933887E+01
  -.96000000E+00  .40892456E+01
  -.92000000E+00  .40850998E+01
  -.88000000E+00  .40809512E+01
  -.84000000E+00  .40767999E+01
  -.80000000E+00  .40726459E+01
  -.76000000E+00  .40684891E+01
  -.72000000E+00  .40643296E+01
  -.68000000E+00  .40601673E+01
  -.64000000E+00  .40560023E+01
  -.60000000E+00  .40518345E+01
  -.56000000E+00  .40476639E+01
  -.52000000E+00  .40434906E+01
  -.48000000E+00  .40393145E+01
  -.44000000E+00  .40351356E+01
  -.40000000E+00  .40309539E+01
  -.36000000E+00  .40267694E+01
  -.32000000E+00  .40225821E+01
  -.28000000E+00  .40183921E+01
  -.24000000E+00  .40141992E+01
  -.20000000E+00  .40100035E+01
  -.16000000E+00  .40058050E+01
  -.12000000E+00  .40016037E+01
  -.80000000E-01  .39973996E+01
  -.40000000E-01  .39931927E+01
   .12351231E-14  .39889829E+01
   .40000000E-01  .39847702E+01
   .80000000E-01  .39805548E+01
   .12000000E+00  .39763365E+01
   .16000000E+00  .39721153E+01
   .20000000E+00  .39678913E+01
   .24000000E+00  .39636644E+01
   .28000000E+00  .39594347E+01
   .32000000E+00  .39552021E+01
   .36000000E+00  .39509666E+01
   .40000000E+00  .39467283E+01
   .44000000E+00  .39424871E+01
   .48000000E+00  .39382429E+01
   .52000000E+00  .39339959E+01
   .56000000E+00  .39297460E+01
   .60000000E+00  .39254932E+01
   .64000000E+00  .39212375E+01
   .68000000E+00  .39169789E+01
   .72000000E+00  .39127173E+01
   .76000000E+00  .39084529E+01
   .80000000E+00  .39041855E+01
   .84000000E+00  .38999152E+01
   .88000000E+00  .38956419E+01
   .92000000E+00  .38913657E+01
   .96000000E+00  .38870866E+01
   .10000000E+01  .38828045E+01
   .10400000E+01  .38785194E+01
   .10800000E+01  .38742314E+01
   .11200000E+01  .38699405E+01
   .11600000E+01  .38656465E+01
   .12000000E+01  .38613496E+01
   .12400000E+01  .38570497E+01
   .12800000E+01  .38527469E+01
   .13200000E+01  .38484410E+01
   .13600000E+01  .38441321E+01
   .14000000E+01  .38398203E+01
   .14400000E+01  .38355054E+01
   .14800000E+01  .38311876E+01
   .15200000E+01  .38268667E+01
   .15600000E+01  .38225428E+01
   .16000000E+01  .38182158E+01
   .16400000E+01  .38138859E+01
   .16800000E+01  .38095529E+01
   .17200000E+01  .38052169E+01
   .17600000E+01  .38008778E+01
   .18000000E+01  .37965356E+01
   .18400000E+01  .37921905E+01
   .18800000E+01  .37878422E+01
   .19200000E+01  .37834909E+01
   .19600000E+01  .37791365E+01
   .20000000E+01  .37747791E+01
KBPotential  L  =      3.00000    .00000
  -.20000000E+01  .56485448E+01
  -.19600000E+01  .56453986E+01
  -.19200000E+01  .56422511E+01
  -.18800000E+01  .56391024E+01
  -.18400000E+01  .56359524E+01
  -.18000000E+01  .56328011E+01
  -.17600000E+01  .56296485E+01
  -.17200000E+01  .56264947E+01
  -.16800000E+01  .56233396E+01
  -.16400000E+01  .56201832E+01
  -.16000000E+01  .56170255E+01
  -.15600000E+01  .56138665E+01
  -.15200000E+01  .56107063E+01
  -.14800000E+01  .56075447E+01
  -.14400000E+01  .56043819E+01
  -.14000000E+01  .56012178E+01
  -.13600000E+01  .55980524E+01
  -.13200000E+01  .55948857E+01
  -.12800000E+01  .55917177E+01
  -.12400000E+01  .55885484E+01
  -.12000000E+01  .55853778E+01
  -.11600000E+01  .55822060E+01
  -.11200000E+01  .55790328E+01
  -.10800000E+01  .55758583E+01
  -.10400000E+01  .55726825E+01
  -.10000000E+01  .55695054E+01
  -.96000000E+00  .55663271E+01
  -.92000000E+00  .55631474E+01
  -.88000000E+00  .55599664E+01
  -.84000000E+00  .55567841E+01
  -.80000000E+00  .55536005E+01
  -.76000000E+00  .55504155E+01
  -.72000000E+00  .55472293E+01
  -.68000000E+00  .55440417E+01
  -.64000000E+00  .55408529E+01
  -.60000000E+00  .55376627E+01
  -.56000000E+00  .55344712E+01
  -.52000000E+00  .55312784E+01
  -.48000000E+00  .55280842E+01
  -.44000000E+00  .55248888E+01
  -.40000000E+00  .55216920E+01
  -.36000000E+00  .55184939E+01
  -.32000000E+00  .55152945E+01
  -.28000000E+00  .55120937E+01
  -.24000000E+00  .55088916E+01
  -.20000000E+00  .55056882E+01
  -.16000000E+00  .55024834E+01
  -.12000000E+00  .54992774E+01
  -.80000000E-01  .54960699E+01
  -.40000000E-01  .54928612E+01
   .12351231E-14  .54896511E+01
   .40000000E-01  .54864397E+01
   .80000000E-01  .54832269E+01
   .12000000E+00  .54800128E+01
   .16000000E+00  .54767973E+01
   .20000000E+00  .54735805E+01
   .24000000E+00  .54703624E+01
   .28000000E+00  .54671429E+01
   .32000000E+00  .54639221E+01
   .36000000E+00  .54606999E+01
   .40000000E+00  .54574764E+01
   .44000000E+00  .54542515E+01
   .48000000E+00  .54510252E+01
   .52000000E+00  .54477976E+01
   .56000000E+00  .54445687E+01
   .60000000E+00  .54413384E+01
   .64000000E+00  .54381067E+01
   .68000000E+00  .54348736E+01
   .72000000E+00  .54316392E+01
   .76000000E+00  .54284035E+01
   .80000000E+00  .54251664E+01
   .84000000E+00  .54219279E+01
   .88000000E+00  .54186880E+01
   .92000000E+00  .54154468E+01
   .96000000E+00  .54122042E+01
   .10000000E+01  .54089602E+01
   .10400000E+01  .54057148E+01
   .10800000E+01  .54024681E+01
   .11200000E+01  .53992200E+01
   .11600000E+01  .53959705E+01
   .12000000E+01  .53927197E+01
   .12400000E+01  .53894674E+01
   .12800000E+01  .53862138E+01
   .13200000E+01  .53829588E+01
   .13600000E+01  .53797024E+01
   .14000000E+01  .53764446E+01
   .14400000E+01  .53731854E+01
   .14800000E+01  .53699249E+01
   .15200000E+01  .53666629E+01
   .15600000E+01  .53633996E+01
   .16000000E+01  .53601348E+01
   .16400000E+01  .53568687E+01
   .16800000E+01  .53536011E+01
   .17200000E+01  .53503322E+01
   .17600000E+01  .53470619E+01
   .18000000E+01  .53437901E+01
   .18400000E+01  .53405170E+01
   .18800000E+01  .53372424E+01
   .19200000E+01  .53339665E+01
   .19600000E+01  .53306891E+01
   .20000000E+01  .53274103E+01
KBPotential  L  =      4.00000    .00000
  -.20000000E+01  .70901031E+01
  -.19600000E+01  .70875385E+01
  -.19200000E+01  .70849732E+01
  -.18800000E+01  .70824071E+01
  -.18400000E+01  .70798404E+01
  -.18000000E+01  .70772738E+01
  -.17600000E+01  .70747057E+01
  -.17200000E+01  .70721369E+01
  -.16800000E+01  .70695673E+01
  -.16400000E+01  .70669969E+01
  -.16000000E+01  .70644257E+01
  -.15600000E+01  .70618533E+01
  -.15200000E+01  .70592805E+01
  -.14800000E+01  .70567073E+01
  -.14400000E+01  .70541297E+01
  -.14000000E+01  .70515550E+01
  -.13600000E+01  .70489800E+01
  -.13200000E+01  .70464039E+01
  -.12800000E+01  .70438271E+01
  -.12400000E+01  .70412538E+01
  -.12000000E+01  .70386755E+01
  -.11600000E+01  .70360963E+01
  -.11200000E+01  .70335169E+01
  -.10800000E+01  .70309364E+01
  -.10400000E+01  .70283551E+01
  -.10000000E+01  .70257736E+01
  -.96000000E+00  .70231910E+01
  -.92000000E+00  .70206077E+01
  -.88000000E+00  .70180237E+01
  -.84000000E+00  .70154381E+01
  -.80000000E+00  .70128526E+01
  -.76000000E+00  .70102664E+01
  -.72000000E+00  .70076794E+01
  -.68000000E+00  .70050917E+01
  -.64000000E+00  .70025033E+01
  -.60000000E+00  .69999141E+01
  -.56000000E+00  .69973242E+01
  -.52000000E+00  .69947336E+01
  -.48000000E+00  .69921423E+01
  -.44000000E+00  .69895502E+01
  -.40000000E+00  .69869573E+01
  -.36000000E+00  .69843639E+01
  -.32000000E+00  .69817696E+01
  -.28000000E+00  .69791746E+01
  -.24000000E+00  .69765788E+01
  -.20000000E+00  .69739823E+01
  -.16000000E+00  .69713851E+01
  -.12000000E+00  .69687871E+01
  -.80000000E-01  .69661880E+01
  -.40000000E-01  .69635886E+01
   .12351231E-14  .69609889E+01
   .40000000E-01  .69583886E+01
   .80000000E-01  .69557867E+01
   .12000000E+00  .69531841E+01
   .16000000E+00  .69505808E+01
   .20000000E+00  .69479769E+01
   .24000000E+00  .69453726E+01
   .28000000E+00  .69427674E+01
   .32000000E+00  .69401578E+01
   .36000000E+00  .69375507E+01
   .40000000E+00  .69349431E+01
   .44000000E+00  .69323381E+01
   .48000000E+00  .69297290E+01
   .52000000E+00  .69271194E+01
   .56000000E+00  .69245094E+01
   .60000000E+00  .69218980E+01
   .64000000E+00  .69192859E+01
   .68000000E+00  .69166730E+01
   .72000000E+00  .69140594E+01
   .76000000E+00  .69114445E+01
   .80000000E+00  .69088295E+01
   .84000000E+00  .69062136E+01
   .88000000E+00  .69035972E+01
   .92000000E+00  .69009804E+01
   .96000000E+00  .68983624E+01
   .10000000E+01  .68957436E+01
   .10400000E+01  .68931239E+01
   .10800000E+01  .68905035E+01
   .11200000E+01  .68878814E+01
   .11600000E+01  .68852596E+01
   .12000000E+01  .68826370E+01
   .12400000E+01  .68800136E+01
   .12800000E+01  .68773896E+01
   .13200000E+01  .68747655E+01
   .13600000E+01  .68721398E+01
   .14000000E+01  .68695135E+01
   .14400000E+01  .68668863E+01
   .14800000E+01  .68642581E+01
   .15200000E+01  .68616294E+01
   .15600000E+01  .68590000E+01
   .16000000E+01  .68563699E+01
   .16400000E+01  .68537389E+01
   .16800000E+01  .68511072E+01
   .17200000E+01  .68484747E+01
   .17600000E+01  .68458418E+01
   .18000000E+01  .68432079E+01
   .18400000E+01  .68405696E+01
   .18800000E+01  .68379341E+01
   .19200000E+01  .68352978E+01
   .19600000E+01  .68326607E+01
   .20000000E+01  .68300229E+01
