  PAW Cl                                 
 100
Core Pot   L  =         .00000  -1.51921
  -.20000000E+01  .41630093E-01
  -.19600000E+01 -.13165286E-01
  -.19200000E+01 -.70563277E-01
  -.18800000E+01 -.13078989E+00
  -.18400000E+01 -.19409837E+00
  -.18000000E+01 -.26077347E+00
  -.17600000E+01 -.33113647E+00
  -.17200000E+01 -.40555128E+00
  -.16800000E+01 -.48443172E+00
  -.16400000E+01 -.56825039E+00
  -.16000000E+01 -.65754951E+00
  -.15600000E+01 -.75295428E+00
  -.15200000E+01 -.85518929E+00
  -.14800000E+01 -.96509919E+00
  -.14400000E+01 -.10836746E+01
  -.14000000E+01 -.12120852E+01
  -.13600000E+01 -.13517217E+01
  -.13200000E+01 -.15042513E+01
  -.12800000E+01 -.16716894E+01
  -.12400000E+01 -.18564962E+01
  -.12000000E+01 -.20617056E+01
  -.11600000E+01 -.22911040E+01
  -.11200000E+01 -.25494780E+01
  -.10800000E+01 -.28429687E+01
  -.10400000E+01 -.31795872E+01
  -.10000000E+01 -.35699850E+01
  -.96000000E+00 -.40286394E+01
  -.92000000E+00 -.45757413E+01
  -.88000000E+00 -.52403215E+01
  -.84000000E+00 -.60656843E+01
  -.80000000E+00 -.71194087E+01
  -.76000000E+00 -.85131302E+01
  -.72000000E+00 -.10445434E+02
  -.68000000E+00 -.13306976E+02
  -.64000000E+00 -.17986759E+02
  -.60000000E+00 -.27038872E+02
  -.56000000E+00 -.52013613E+02
  -.52000000E+00 -.44510659E+03
  -.48000000E+00  .71320923E+02
  -.44000000E+00  .33740039E+02
  -.40000000E+00  .22391490E+02
  -.36000000E+00  .16910475E+02
  -.32000000E+00  .13678284E+02
  -.28000000E+00  .11544474E+02
  -.24000000E+00  .10028986E+02
  -.20000000E+00  .88959307E+01
  -.16000000E+00  .80158618E+01
  -.12000000E+00  .73118233E+01
  -.80000000E-01  .67351925E+01
  -.40000000E-01  .62537392E+01
   .12351231E-14  .58452545E+01
   .40000000E-01  .54939369E+01
   .80000000E-01  .51882370E+01
   .12000000E+00  .49195171E+01
   .16000000E+00  .46811881E+01
   .20000000E+00  .44681362E+01
   .24000000E+00  .42763317E+01
   .28000000E+00  .41025564E+01
   .32000000E+00  .39442086E+01
   .36000000E+00  .37991628E+01
   .40000000E+00  .36656650E+01
   .44000000E+00  .35422550E+01
   .48000000E+00  .34277076E+01
   .52000000E+00  .33209869E+01
   .56000000E+00  .32212110E+01
   .60000000E+00  .31276245E+01
   .64000000E+00  .30395768E+01
   .68000000E+00  .29565041E+01
   .72000000E+00  .28779155E+01
   .76000000E+00  .28033819E+01
   .80000000E+00  .27325260E+01
   .84000000E+00  .26650151E+01
   .88000000E+00  .26005546E+01
   .92000000E+00  .25388827E+01
   .96000000E+00  .24797656E+01
   .10000000E+01  .24229945E+01
   .10400000E+01  .23683816E+01
   .10800000E+01  .23157582E+01
   .11200000E+01  .22649718E+01
   .11600000E+01  .22158842E+01
   .12000000E+01  .21683704E+01
   .12400000E+01  .21223165E+01
   .12800000E+01  .20776184E+01
   .13200000E+01  .20341814E+01
   .13600000E+01  .19919185E+01
   .14000000E+01  .19507500E+01
   .14400000E+01  .19106025E+01
   .14800000E+01  .18714085E+01
   .15200000E+01  .18331056E+01
   .15600000E+01  .17956362E+01
   .16000000E+01  .17589469E+01
   .16400000E+01  .17229882E+01
   .16800000E+01  .16877139E+01
   .17200000E+01  .16530814E+01
   .17600000E+01  .16190505E+01
   .18000000E+01  .15855841E+01
   .18400000E+01  .15526473E+01
   .18800000E+01  .15202074E+01
   .19200000E+01  .14882338E+01
   .19600000E+01  .14566978E+01
   .20000000E+01  .14255723E+01
Potential  L  =         .00000  -1.51921
  -.20000000E+01  .22529581E+00
  -.19600000E+01  .16838134E+00
  -.19200000E+01  .10781803E+00
  -.18800000E+01  .43160616E-01
  -.18400000E+01 -.26112792E-01
  -.18000000E+01 -.10061792E+00
  -.17600000E+01 -.18108647E+00
  -.17200000E+01 -.26839478E+00
  -.16800000E+01 -.36360150E+00
  -.16400000E+01 -.46799761E+00
  -.16000000E+01 -.58317389E+00
  -.15600000E+01 -.71111344E+00
  -.15200000E+01 -.85432055E+00
  -.14800000E+01 -.10160041E+01
  -.14400000E+01 -.12003442E+01
  -.14000000E+01 -.14128898E+01
  -.13600000E+01 -.16611690E+01
  -.13200000E+01 -.19556585E+01
  -.12800000E+01 -.23113833E+01
  -.12400000E+01 -.27506864E+01
  -.12000000E+01 -.33083020E+01
  -.11600000E+01 -.40413288E+01
  -.11200000E+01 -.50506838E+01
  -.10800000E+01 -.65331164E+01
  -.10400000E+01 -.89303776E+01
  -.10000000E+01 -.13482972E+02
  -.96000000E+00 -.25524824E+02
  -.92000000E+00 -.15093815E+03
  -.88000000E+00  .41999990E+02
  -.84000000E+00  .19084892E+02
  -.80000000E+00  .12599330E+02
  -.76000000E+00  .95307896E+01
  -.72000000E+00  .77381334E+01
  -.68000000E+00  .65599804E+01
  -.64000000E+00  .57246950E+01
  -.60000000E+00  .51001604E+01
  -.56000000E+00  .46143927E+01
  -.52000000E+00  .42248281E+01
  -.48000000E+00  .39046828E+01
  -.44000000E+00  .36362612E+01
  -.40000000E+00  .34074024E+01
  -.36000000E+00  .32094729E+01
  -.32000000E+00  .30361741E+01
  -.28000000E+00  .28828024E+01
  -.24000000E+00  .27457746E+01
  -.20000000E+00  .26223129E+01
  -.16000000E+00  .25102302E+01
  -.12000000E+00  .24077812E+01
  -.80000000E-01  .23135558E+01
  -.40000000E-01  .22264024E+01
   .12351231E-14  .21453713E+01
   .40000000E-01  .20696717E+01
   .80000000E-01  .19986402E+01
   .12000000E+00  .19317159E+01
   .16000000E+00  .18684210E+01
   .20000000E+00  .18083462E+01
   .24000000E+00  .17511387E+01
   .28000000E+00  .16964924E+01
   .32000000E+00  .16441408E+01
   .36000000E+00  .15938504E+01
   .40000000E+00  .15454157E+01
   .44000000E+00  .14986552E+01
   .48000000E+00  .14534077E+01
   .52000000E+00  .14095296E+01
   .56000000E+00  .13668927E+01
   .60000000E+00  .13253815E+01
   .64000000E+00  .12848923E+01
   .68000000E+00  .12453313E+01
   .72000000E+00  .12066133E+01
   .76000000E+00  .11686608E+01
   .80000000E+00  .11314033E+01
   .84000000E+00  .10947761E+01
   .88000000E+00  .10587196E+01
   .92000000E+00  .10231792E+01
   .96000000E+00  .98810437E+00
   .10000000E+01  .95344821E+00
   .10400000E+01  .91916723E+00
   .10800000E+01  .88522085E+00
   .11200000E+01  .85157116E+00
   .11600000E+01  .81818260E+00
   .12000000E+01  .78502174E+00
   .12400000E+01  .75205708E+00
   .12800000E+01  .71925877E+00
   .13200000E+01  .68659854E+00
   .13600000E+01  .65404943E+00
   .14000000E+01  .62158575E+00
   .14400000E+01  .58918274E+00
   .14800000E+01  .55681704E+00
   .15200000E+01  .52446573E+00
   .15600000E+01  .49210678E+00
   .16000000E+01  .45971883E+00
   .16400000E+01  .42728111E+00
   .16800000E+01  .39477333E+00
   .17200000E+01  .36217569E+00
   .17600000E+01  .32946870E+00
   .18000000E+01  .29663333E+00
   .18400000E+01  .26365031E+00
   .18800000E+01  .23050100E+00
   .19200000E+01  .19716679E+00
   .19600000E+01  .16362906E+00
   .20000000E+01  .12986926E+00
Core Pot   L  =        1.00000   -.63986
  -.20000000E+01  .83391828E+00
  -.19600000E+01  .80989026E+00
  -.19200000E+01  .78537722E+00
  -.18800000E+01  .76035778E+00
  -.18400000E+01  .73480921E+00
  -.18000000E+01  .70870734E+00
  -.17600000E+01  .68202645E+00
  -.17200000E+01  .65473913E+00
  -.16800000E+01  .62681615E+00
  -.16400000E+01  .59822631E+00
  -.16000000E+01  .56893623E+00
  -.15600000E+01  .53891021E+00
  -.15200000E+01  .50810999E+00
  -.14800000E+01  .47649453E+00
  -.14400000E+01  .44401973E+00
  -.14000000E+01  .41063818E+00
  -.13600000E+01  .37629879E+00
  -.13200000E+01  .34094646E+00
  -.12800000E+01  .30452167E+00
  -.12400000E+01  .26696000E+00
  -.12000000E+01  .22819170E+00
  -.11600000E+01  .18814098E+00
  -.11200000E+01  .14672548E+00
  -.10800000E+01  .10385545E+00
  -.10400000E+01  .59432948E-01
  -.10000000E+01  .13350862E-01
  -.96000000E+00 -.34508194E-01
  -.92000000E+00 -.84273136E-01
  -.88000000E+00 -.13608587E+00
  -.84000000E+00 -.19010297E+00
  -.80000000E+00 -.24649763E+00
  -.76000000E+00 -.30546192E+00
  -.72000000E+00 -.36720948E+00
  -.68000000E+00 -.43197858E+00
  -.64000000E+00 -.50003579E+00
  -.60000000E+00 -.57168035E+00
  -.56000000E+00 -.64724933E+00
  -.52000000E+00 -.72712379E+00
  -.48000000E+00 -.81173619E+00
  -.44000000E+00 -.90157942E+00
  -.40000000E+00 -.99721770E+00
  -.36000000E+00 -.10993000E+01
  -.32000000E+00 -.12085766E+01
  -.28000000E+00 -.13259195E+01
  -.24000000E+00 -.14523485E+01
  -.20000000E+00 -.15890637E+01
  -.16000000E+00 -.17374872E+01
  -.12000000E+00 -.18993167E+01
  -.80000000E-01 -.20765963E+01
  -.40000000E-01 -.22718092E+01
   .12351231E-14 -.24880022E+01
   .40000000E-01 -.27289557E+01
   .80000000E-01 -.29994181E+01
   .12000000E+00 -.33054373E+01
   .16000000E+00 -.36548379E+01
   .20000000E+00 -.40579249E+01
   .24000000E+00 -.45285522E+01
   .28000000E+00 -.50857932E+01
   .32000000E+00 -.57566555E+01
   .36000000E+00 -.65806846E+01
   .40000000E+00 -.76181961E+01
   .44000000E+00 -.89659724E+01
   .48000000E+00 -.10789730E+02
   .52000000E+00 -.13398790E+02
   .56000000E+00 -.17444654E+02
   .60000000E+00 -.24575042E+02
   .64000000E+00 -.40516470E+02
   .68000000E+00 -.10818726E+03
   .72000000E+00  .17643191E+03
   .76000000E+00  .49767387E+02
   .80000000E+00  .29350173E+02
   .84000000E+00  .20992408E+02
   .88000000E+00  .16441899E+02
   .92000000E+00  .13577230E+02
   .96000000E+00  .11606169E+02
   .10000000E+01  .10165638E+02
   .10400000E+01  .90657820E+01
   .10800000E+01  .81976709E+01
   .11200000E+01  .74943349E+01
   .11600000E+01  .69123351E+01
   .12000000E+01  .64222626E+01
   .12400000E+01  .60034976E+01
   .12800000E+01  .56411543E+01
   .13200000E+01  .53242168E+01
   .13600000E+01  .50443587E+01
   .14000000E+01  .47951691E+01
   .14400000E+01  .45716320E+01
   .14800000E+01  .43697661E+01
   .15200000E+01  .41863712E+01
   .15600000E+01  .40188458E+01
   .16000000E+01  .38650528E+01
   .16400000E+01  .37232206E+01
   .16800000E+01  .35918682E+01
   .17200000E+01  .34697477E+01
   .17600000E+01  .33558003E+01
   .18000000E+01  .32491216E+01
   .18400000E+01  .31489346E+01
   .18800000E+01  .30545680E+01
   .19200000E+01  .29654386E+01
   .19600000E+01  .28810374E+01
   .20000000E+01  .28009183E+01
Potential  L  =        1.00000   -.63986
  -.20000000E+01  .85705731E+00
  -.19600000E+01  .83319078E+00
  -.19200000E+01  .80883100E+00
  -.18800000E+01  .78395539E+00
  -.18400000E+01  .75853988E+00
  -.18000000E+01  .73255884E+00
  -.17600000E+01  .70598490E+00
  -.17200000E+01  .67878881E+00
  -.16800000E+01  .65093930E+00
  -.16400000E+01  .62240288E+00
  -.16000000E+01  .59314371E+00
  -.15600000E+01  .56312308E+00
  -.15200000E+01  .53229962E+00
  -.14800000E+01  .50062872E+00
  -.14400000E+01  .46806229E+00
  -.14000000E+01  .43454841E+00
  -.13600000E+01  .40003093E+00
  -.13200000E+01  .36444906E+00
  -.12800000E+01  .32773679E+00
  -.12400000E+01  .28982256E+00
  -.12000000E+01  .25062832E+00
  -.11600000E+01  .21006899E+00
  -.11200000E+01  .16805158E+00
  -.10800000E+01  .12447433E+00
  -.10400000E+01  .79225517E-01
  -.10000000E+01  .32182292E-01
  -.96000000E+00 -.16790765E-01
  -.92000000E+00 -.67843305E-01
  -.88000000E+00 -.12114113E+00
  -.84000000E+00 -.17686845E+00
  -.80000000E+00 -.23523047E+00
  -.76000000E+00 -.29645656E+00
  -.72000000E+00 -.36080383E+00
  -.68000000E+00 -.42856152E+00
  -.64000000E+00 -.50005617E+00
  -.60000000E+00 -.57565785E+00
  -.56000000E+00 -.65578767E+00
  -.52000000E+00 -.74092687E+00
  -.48000000E+00 -.83162802E+00
  -.44000000E+00 -.92852870E+00
  -.40000000E+00 -.10323685E+01
  -.36000000E+00 -.11440105E+01
  -.32000000E+00 -.12644677E+01
  -.28000000E+00 -.13949377E+01
  -.24000000E+00 -.15368462E+01
  -.20000000E+00 -.16919043E+01
  -.16000000E+00 -.18621839E+01
  -.12000000E+00 -.20502177E+01
  -.80000000E-01 -.22591351E+01
  -.40000000E-01 -.24928492E+01
   .12351231E-14 -.27563180E+01
   .40000000E-01 -.30559185E+01
   .80000000E-01 -.33999937E+01
   .12000000E+00 -.37996734E+01
   .16000000E+00 -.42701434E+01
   .20000000E+00 -.48326797E+01
   .24000000E+00 -.55180406E+01
   .28000000E+00 -.63724127E+01
   .32000000E+00 -.74684711E+01
   .36000000E+00 -.89275481E+01
   .40000000E+00 -.10968539E+02
   .44000000E+00 -.14030644E+02
   .48000000E+00 -.19143687E+02
   .52000000E+00 -.29423802E+02
   .56000000E+00 -.60778505E+02
   .60000000E+00  .23610417E+04
   .64000000E+00  .59881534E+02
   .68000000E+00  .30839877E+02
   .72000000E+00  .20987577E+02
   .76000000E+00  .16023923E+02
   .80000000E+00  .13030601E+02
   .84000000E+00  .11026591E+02
   .88000000E+00  .95894132E+01
   .92000000E+00  .85071575E+01
   .96000000E+00  .76618277E+01
   .10000000E+01  .69825058E+01
   .10400000E+01  .64240020E+01
   .10800000E+01  .59561574E+01
   .11200000E+01  .55580743E+01
   .11600000E+01  .52148147E+01
   .12000000E+01  .49154174E+01
   .12400000E+01  .46516551E+01
   .12800000E+01  .44172357E+01
   .13200000E+01  .42072616E+01
   .13600000E+01  .40178650E+01
   .14000000E+01  .38459504E+01
   .14400000E+01  .36890111E+01
   .14800000E+01  .35449953E+01
   .15200000E+01  .34122075E+01
   .15600000E+01  .32892343E+01
   .16000000E+01  .31748878E+01
   .16400000E+01  .30681628E+01
   .16800000E+01  .29682025E+01
   .17200000E+01  .28742722E+01
   .17600000E+01  .27857383E+01
   .18000000E+01  .27020513E+01
   .18400000E+01  .26227325E+01
   .18800000E+01  .25473627E+01
   .19200000E+01  .24755735E+01
   .19600000E+01  .24070392E+01
   .20000000E+01  .23414716E+01
Core Pot   L  =        2.00000   -.70000
  -.20000000E+01  .14442185E+01
  -.19600000E+01  .14303239E+01
  -.19200000E+01  .14163036E+01
  -.18800000E+01  .14021546E+01
  -.18400000E+01  .13878738E+01
  -.18000000E+01  .13734578E+01
  -.17600000E+01  .13589034E+01
  -.17200000E+01  .13442069E+01
  -.16800000E+01  .13293648E+01
  -.16400000E+01  .13143732E+01
  -.16000000E+01  .12992282E+01
  -.15600000E+01  .12839258E+01
  -.15200000E+01  .12684616E+01
  -.14800000E+01  .12528312E+01
  -.14400000E+01  .12370301E+01
  -.14000000E+01  .12210534E+01
  -.13600000E+01  .12048962E+01
  -.13200000E+01  .11885532E+01
  -.12800000E+01  .11720190E+01
  -.12400000E+01  .11552879E+01
  -.12000000E+01  .11383541E+01
  -.11600000E+01  .11212113E+01
  -.11200000E+01  .11038531E+01
  -.10800000E+01  .10862727E+01
  -.10400000E+01  .10684631E+01
  -.10000000E+01  .10504169E+01
  -.96000000E+00  .10321264E+01
  -.92000000E+00  .10135834E+01
  -.88000000E+00  .99477948E+00
  -.84000000E+00  .97570569E+00
  -.80000000E+00  .95635267E+00
  -.76000000E+00  .93671058E+00
  -.72000000E+00  .91676910E+00
  -.68000000E+00  .89651733E+00
  -.64000000E+00  .87594384E+00
  -.60000000E+00  .85503656E+00
  -.56000000E+00  .83378277E+00
  -.52000000E+00  .81216908E+00
  -.48000000E+00  .79018131E+00
  -.44000000E+00  .76780449E+00
  -.40000000E+00  .74502282E+00
  -.36000000E+00  .72181952E+00
  -.32000000E+00  .69817687E+00
  -.28000000E+00  .67407605E+00
  -.24000000E+00  .64949709E+00
  -.20000000E+00  .62441878E+00
  -.16000000E+00  .59881858E+00
  -.12000000E+00  .57267247E+00
  -.80000000E-01  .54595489E+00
  -.40000000E-01  .51863856E+00
   .12351231E-14  .49069434E+00
   .40000000E-01  .46209111E+00
   .80000000E-01  .43279553E+00
   .12000000E+00  .40277190E+00
   .16000000E+00  .37198189E+00
   .20000000E+00  .34038436E+00
   .24000000E+00  .30793501E+00
   .28000000E+00  .27458615E+00
   .32000000E+00  .24028630E+00
   .36000000E+00  .20497986E+00
   .40000000E+00  .16860665E+00
   .44000000E+00  .13110143E+00
   .48000000E+00  .92393392E-01
   .52000000E+00  .52405474E-01
   .56000000E+00  .11053741E-01
   .60000000E+00 -.31753474E-01
   .64000000E+00 -.76116453E-01
   .68000000E+00 -.12214514E+00
   .72000000E+00 -.16996032E+00
   .76000000E+00 -.21969503E+00
   .80000000E+00 -.27149612E+00
   .84000000E+00 -.32552614E+00
   .88000000E+00 -.38196545E+00
   .92000000E+00 -.44101478E+00
   .96000000E+00 -.50289816E+00
   .10000000E+01 -.56786644E+00
   .10400000E+01 -.63620144E+00
   .10800000E+01 -.70822082E+00
   .11200000E+01 -.78428409E+00
   .11600000E+01 -.86479963E+00
   .12000000E+01 -.95023339E+00
   .12400000E+01 -.10411194E+01
   .12800000E+01 -.11380725E+01
   .13200000E+01 -.12418046E+01
   .13600000E+01 -.13531445E+01
   .14000000E+01 -.14730627E+01
   .14400000E+01 -.16027033E+01
   .14800000E+01 -.17434245E+01
   .15200000E+01 -.18968515E+01
   .15600000E+01 -.20649451E+01
   .16000000E+01 -.22500933E+01
   .16400000E+01 -.24552343E+01
   .16800000E+01 -.26840249E+01
   .17200000E+01 -.29410742E+01
   .17600000E+01 -.32322757E+01
   .18000000E+01 -.35652877E+01
   .18400000E+01 -.39502479E+01
   .18800000E+01 -.44008651E+01
   .19200000E+01 -.49361439E+01
   .19600000E+01 -.55832146E+01
   .20000000E+01 -.63821972E+01
Potential  L  =        2.00000   -.70000
  -.20000000E+01  .14462485E+01
  -.19600000E+01  .14322799E+01
  -.19200000E+01  .14181849E+01
  -.18800000E+01  .14039604E+01
  -.18400000E+01  .13896034E+01
  -.18000000E+01  .13751107E+01
  -.17600000E+01  .13604791E+01
  -.17200000E+01  .13457050E+01
  -.16800000E+01  .13307849E+01
  -.16400000E+01  .13157151E+01
  -.16000000E+01  .13004919E+01
  -.15600000E+01  .12851113E+01
  -.15200000E+01  .12695691E+01
  -.14800000E+01  .12538611E+01
  -.14400000E+01  .12379829E+01
  -.14000000E+01  .12219298E+01
  -.13600000E+01  .12056971E+01
  -.13200000E+01  .11892798E+01
  -.12800000E+01  .11726727E+01
  -.12400000E+01  .11558704E+01
  -.12000000E+01  .11388674E+01
  -.11600000E+01  .11216577E+01
  -.11200000E+01  .11042352E+01
  -.10800000E+01  .10865937E+01
  -.10400000E+01  .10687264E+01
  -.10000000E+01  .10506264E+01
  -.96000000E+00  .10322866E+01
  -.92000000E+00  .10136994E+01
  -.88000000E+00  .99485677E+00
  -.84000000E+00  .97575058E+00
  -.80000000E+00  .95637214E+00
  -.76000000E+00  .93671240E+00
  -.72000000E+00  .91676188E+00
  -.68000000E+00  .89651064E+00
  -.64000000E+00  .87594826E+00
  -.60000000E+00  .85506376E+00
  -.56000000E+00  .83384567E+00
  -.52000000E+00  .81228190E+00
  -.48000000E+00  .79035974E+00
  -.44000000E+00  .76806584E+00
  -.40000000E+00  .74538610E+00
  -.36000000E+00  .72230570E+00
  -.32000000E+00  .69880899E+00
  -.28000000E+00  .67487945E+00
  -.24000000E+00  .65049965E+00
  -.20000000E+00  .62565116E+00
  -.16000000E+00  .60031447E+00
  -.12000000E+00  .57446896E+00
  -.80000000E-01  .54809276E+00
  -.40000000E-01  .52116263E+00
   .12351231E-14  .49365395E+00
   .40000000E-01  .46554059E+00
   .80000000E-01  .43679470E+00
   .12000000E+00  .40738665E+00
   .16000000E+00  .37728490E+00
   .20000000E+00  .34645575E+00
   .24000000E+00  .31486324E+00
   .28000000E+00  .28246890E+00
   .32000000E+00  .24923159E+00
   .36000000E+00  .21510717E+00
   .40000000E+00  .18004831E+00
   .44000000E+00  .14400416E+00
   .48000000E+00  .10691999E+00
   .52000000E+00  .68736846E-01
   .56000000E+00  .29391132E-01
   .60000000E+00 -.11185882E-01
   .64000000E+00 -.53068570E-01
   .68000000E+00 -.96337549E-01
   .72000000E+00 -.14108035E+00
   .76000000E+00 -.18739219E+00
   .80000000E+00 -.23537680E+00
   .84000000E+00 -.28514745E+00
   .88000000E+00 -.33682804E+00
   .92000000E+00 -.39055438E+00
   .96000000E+00 -.44647568E+00
   .10000000E+01 -.50475623E+00
   .10400000E+01 -.56557737E+00
   .10800000E+01 -.62913974E+00
   .11200000E+01 -.69566597E+00
   .11600000E+01 -.76540371E+00
   .12000000E+01 -.83862933E+00
   .12400000E+01 -.91565214E+00
   .12800000E+01 -.99681952E+00
   .13200000E+01 -.10825229E+01
   .13600000E+01 -.11732051E+01
   .14000000E+01 -.12693688E+01
   .14400000E+01 -.13715873E+01
   .14800000E+01 -.14805173E+01
   .15200000E+01 -.15969146E+01
   .15600000E+01 -.17216534E+01
   .16000000E+01 -.18557508E+01
   .16400000E+01 -.20003968E+01
   .16800000E+01 -.21569934E+01
   .17200000E+01 -.23272028E+01
   .17600000E+01 -.25130123E+01
   .18000000E+01 -.27168163E+01
   .18400000E+01 -.29415274E+01
   .18800000E+01 -.31907243E+01
   .19200000E+01 -.34688531E+01
   .19600000E+01 -.37815081E+01
   .20000000E+01 -.41358277E+01
Core Pot   L  =        3.00000    .00000
  -.20000000E+01  .19833710E+01
  -.19600000E+01  .19738745E+01
  -.19200000E+01  .19643401E+01
  -.18800000E+01  .19547676E+01
  -.18400000E+01  .19451565E+01
  -.18000000E+01  .19355063E+01
  -.17600000E+01  .19258168E+01
  -.17200000E+01  .19160874E+01
  -.16800000E+01  .19063178E+01
  -.16400000E+01  .18965074E+01
  -.16000000E+01  .18866558E+01
  -.15600000E+01  .18767627E+01
  -.15200000E+01  .18668274E+01
  -.14800000E+01  .18568496E+01
  -.14400000E+01  .18468288E+01
  -.14000000E+01  .18367645E+01
  -.13600000E+01  .18266561E+01
  -.13200000E+01  .18165033E+01
  -.12800000E+01  .18063054E+01
  -.12400000E+01  .17960619E+01
  -.12000000E+01  .17857724E+01
  -.11600000E+01  .17754363E+01
  -.11200000E+01  .17650530E+01
  -.10800000E+01  .17546220E+01
  -.10400000E+01  .17441426E+01
  -.10000000E+01  .17336145E+01
  -.96000000E+00  .17230368E+01
  -.92000000E+00  .17124091E+01
  -.88000000E+00  .17017307E+01
  -.84000000E+00  .16910010E+01
  -.80000000E+00  .16802194E+01
  -.76000000E+00  .16693852E+01
  -.72000000E+00  .16584977E+01
  -.68000000E+00  .16475564E+01
  -.64000000E+00  .16365605E+01
  -.60000000E+00  .16255093E+01
  -.56000000E+00  .16144021E+01
  -.52000000E+00  .16032381E+01
  -.48000000E+00  .15920168E+01
  -.44000000E+00  .15807372E+01
  -.40000000E+00  .15693986E+01
  -.36000000E+00  .15580003E+01
  -.32000000E+00  .15465415E+01
  -.28000000E+00  .15350213E+01
  -.24000000E+00  .15234389E+01
  -.20000000E+00  .15117934E+01
  -.16000000E+00  .15000841E+01
  -.12000000E+00  .14883100E+01
  -.80000000E-01  .14764702E+01
  -.40000000E-01  .14645638E+01
   .12351231E-14  .14525899E+01
   .40000000E-01  .14405475E+01
   .80000000E-01  .14284356E+01
   .12000000E+00  .14162533E+01
   .16000000E+00  .14039996E+01
   .20000000E+00  .13916733E+01
   .24000000E+00  .13792734E+01
   .28000000E+00  .13667989E+01
   .32000000E+00  .13542486E+01
   .36000000E+00  .13416214E+01
   .40000000E+00  .13289162E+01
   .44000000E+00  .13161317E+01
   .48000000E+00  .13032667E+01
   .52000000E+00  .12903201E+01
   .56000000E+00  .12772906E+01
   .60000000E+00  .12641768E+01
   .64000000E+00  .12509774E+01
   .68000000E+00  .12376911E+01
   .72000000E+00  .12243165E+01
   .76000000E+00  .12108522E+01
   .80000000E+00  .11972967E+01
   .84000000E+00  .11836485E+01
   .88000000E+00  .11699062E+01
   .92000000E+00  .11560681E+01
   .96000000E+00  .11421327E+01
   .10000000E+01  .11280983E+01
   .10400000E+01  .11139633E+01
   .10800000E+01  .10997259E+01
   .11200000E+01  .10853844E+01
   .11600000E+01  .10709369E+01
   .12000000E+01  .10563817E+01
   .12400000E+01  .10417169E+01
   .12800000E+01  .10269404E+01
   .13200000E+01  .10120503E+01
   .13600000E+01  .99704462E+00
   .14000000E+01  .98192116E+00
   .14400000E+01  .96667779E+00
   .14800000E+01  .95131231E+00
   .15200000E+01  .93582245E+00
   .15600000E+01  .92020588E+00
   .16000000E+01  .90446019E+00
   .16400000E+01  .88858294E+00
   .16800000E+01  .87257159E+00
   .17200000E+01  .85642354E+00
   .17600000E+01  .84013613E+00
   .18000000E+01  .82370661E+00
   .18400000E+01  .80713214E+00
   .18800000E+01  .79040984E+00
   .19200000E+01  .77353670E+00
   .19600000E+01  .75650966E+00
   .20000000E+01  .73932555E+00
Potential  L  =        3.00000    .00000
  -.20000000E+01  .19888875E+01
  -.19600000E+01  .19793796E+01
  -.19200000E+01  .19698333E+01
  -.18800000E+01  .19602481E+01
  -.18400000E+01  .19506236E+01
  -.18000000E+01  .19409593E+01
  -.17600000E+01  .19312548E+01
  -.17200000E+01  .19215096E+01
  -.16800000E+01  .19117234E+01
  -.16400000E+01  .19018955E+01
  -.16000000E+01  .18920257E+01
  -.15600000E+01  .18821133E+01
  -.15200000E+01  .18721579E+01
  -.14800000E+01  .18621590E+01
  -.14400000E+01  .18521161E+01
  -.14000000E+01  .18420287E+01
  -.13600000E+01  .18318962E+01
  -.13200000E+01  .18217182E+01
  -.12800000E+01  .18114940E+01
  -.12400000E+01  .18012232E+01
  -.12000000E+01  .17909052E+01
  -.11600000E+01  .17805394E+01
  -.11200000E+01  .17701251E+01
  -.10800000E+01  .17596620E+01
  -.10400000E+01  .17491492E+01
  -.10000000E+01  .17385862E+01
  -.96000000E+00  .17279725E+01
  -.92000000E+00  .17173072E+01
  -.88000000E+00  .17065899E+01
  -.84000000E+00  .16958198E+01
  -.80000000E+00  .16849962E+01
  -.76000000E+00  .16741185E+01
  -.72000000E+00  .16631860E+01
  -.68000000E+00  .16521980E+01
  -.64000000E+00  .16411536E+01
  -.60000000E+00  .16300522E+01
  -.56000000E+00  .16188931E+01
  -.52000000E+00  .16076753E+01
  -.48000000E+00  .15963983E+01
  -.44000000E+00  .15850611E+01
  -.40000000E+00  .15736629E+01
  -.36000000E+00  .15622029E+01
  -.32000000E+00  .15506802E+01
  -.28000000E+00  .15390940E+01
  -.24000000E+00  .15274433E+01
  -.20000000E+00  .15157273E+01
  -.16000000E+00  .15039450E+01
  -.12000000E+00  .14920955E+01
  -.80000000E-01  .14801778E+01
  -.40000000E-01  .14681909E+01
   .12351231E-14  .14561338E+01
   .40000000E-01  .14440055E+01
   .80000000E-01  .14318048E+01
   .12000000E+00  .14195308E+01
   .16000000E+00  .14071824E+01
   .20000000E+00  .13947583E+01
   .24000000E+00  .13822574E+01
   .28000000E+00  .13696787E+01
   .32000000E+00  .13570207E+01
   .36000000E+00  .13442824E+01
   .40000000E+00  .13314625E+01
   .44000000E+00  .13185596E+01
   .48000000E+00  .13055724E+01
   .52000000E+00  .12924996E+01
   .56000000E+00  .12793398E+01
   .60000000E+00  .12660916E+01
   .64000000E+00  .12527536E+01
   .68000000E+00  .12393241E+01
   .72000000E+00  .12258018E+01
   .76000000E+00  .12121850E+01
   .80000000E+00  .11984722E+01
   .84000000E+00  .11846616E+01
   .88000000E+00  .11707517E+01
   .92000000E+00  .11567407E+01
   .96000000E+00  .11426268E+01
   .10000000E+01  .11284083E+01
   .10400000E+01  .11140832E+01
   .10800000E+01  .10996497E+01
   .11200000E+01  .10851057E+01
   .11600000E+01  .10704494E+01
   .12000000E+01  .10556786E+01
   .12400000E+01  .10407911E+01
   .12800000E+01  .10257850E+01
   .13200000E+01  .10106578E+01
   .13600000E+01  .99540731E+00
   .14000000E+01  .98003118E+00
   .14400000E+01  .96452699E+00
   .14800000E+01  .94889222E+00
   .15200000E+01  .93312434E+00
   .15600000E+01  .91722070E+00
   .16000000E+01  .90117859E+00
   .16400000E+01  .88499523E+00
   .16800000E+01  .86866776E+00
   .17200000E+01  .85219321E+00
   .17600000E+01  .83556856E+00
   .18000000E+01  .81879068E+00
   .18400000E+01  .80185633E+00
   .18800000E+01  .78476221E+00
   .19200000E+01  .76750490E+00
   .19600000E+01  .75008086E+00
   .20000000E+01  .73248646E+00
Core Pot   L  =        4.00000    .00000
  -.20000000E+01  .24653682E+01
  -.19600000E+01  .24577586E+01
  -.19200000E+01  .24501296E+01
  -.18800000E+01  .24424809E+01
  -.18400000E+01  .24348124E+01
  -.18000000E+01  .24271241E+01
  -.17600000E+01  .24194158E+01
  -.17200000E+01  .24116873E+01
  -.16800000E+01  .24039385E+01
  -.16400000E+01  .23961693E+01
  -.16000000E+01  .23883794E+01
  -.15600000E+01  .23805689E+01
  -.15200000E+01  .23727374E+01
  -.14800000E+01  .23648850E+01
  -.14400000E+01  .23570113E+01
  -.14000000E+01  .23491164E+01
  -.13600000E+01  .23411999E+01
  -.13200000E+01  .23332618E+01
  -.12800000E+01  .23253019E+01
  -.12400000E+01  .23173201E+01
  -.12000000E+01  .23093161E+01
  -.11600000E+01  .23012899E+01
  -.11200000E+01  .22932412E+01
  -.10800000E+01  .22851700E+01
  -.10400000E+01  .22770759E+01
  -.10000000E+01  .22689589E+01
  -.96000000E+00  .22608188E+01
  -.92000000E+00  .22526555E+01
  -.88000000E+00  .22444686E+01
  -.84000000E+00  .22362581E+01
  -.80000000E+00  .22280238E+01
  -.76000000E+00  .22197655E+01
  -.72000000E+00  .22114830E+01
  -.68000000E+00  .22031762E+01
  -.64000000E+00  .21948448E+01
  -.60000000E+00  .21864886E+01
  -.56000000E+00  .21781075E+01
  -.52000000E+00  .21697013E+01
  -.48000000E+00  .21612698E+01
  -.44000000E+00  .21528127E+01
  -.40000000E+00  .21443299E+01
  -.36000000E+00  .21358211E+01
  -.32000000E+00  .21272862E+01
  -.28000000E+00  .21187250E+01
  -.24000000E+00  .21101372E+01
  -.20000000E+00  .21015226E+01
  -.16000000E+00  .20928811E+01
  -.12000000E+00  .20842123E+01
  -.80000000E-01  .20755161E+01
  -.40000000E-01  .20667922E+01
   .12351231E-14  .20580405E+01
   .40000000E-01  .20492606E+01
   .80000000E-01  .20404524E+01
   .12000000E+00  .20316156E+01
   .16000000E+00  .20227499E+01
   .20000000E+00  .20138552E+01
   .24000000E+00  .20049312E+01
   .28000000E+00  .19959777E+01
   .32000000E+00  .19869943E+01
   .36000000E+00  .19779809E+01
   .40000000E+00  .19689371E+01
   .44000000E+00  .19598627E+01
   .48000000E+00  .19507575E+01
   .52000000E+00  .19416212E+01
   .56000000E+00  .19324535E+01
   .60000000E+00  .19232541E+01
   .64000000E+00  .19140228E+01
   .68000000E+00  .19047592E+01
   .72000000E+00  .18954632E+01
   .76000000E+00  .18861343E+01
   .80000000E+00  .18767724E+01
   .84000000E+00  .18673770E+01
   .88000000E+00  .18579479E+01
   .92000000E+00  .18484849E+01
   .96000000E+00  .18389875E+01
   .10000000E+01  .18294555E+01
   .10400000E+01  .18198885E+01
   .10800000E+01  .18102863E+01
   .11200000E+01  .18006485E+01
   .11600000E+01  .17909747E+01
   .12000000E+01  .17812647E+01
   .12400000E+01  .17715181E+01
   .12800000E+01  .17617345E+01
   .13200000E+01  .17519136E+01
   .13600000E+01  .17420551E+01
   .14000000E+01  .17321585E+01
   .14400000E+01  .17222235E+01
   .14800000E+01  .17122498E+01
   .15200000E+01  .17022369E+01
   .15600000E+01  .16921845E+01
   .16000000E+01  .16820921E+01
   .16400000E+01  .16719595E+01
   .16800000E+01  .16617862E+01
   .17200000E+01  .16515718E+01
   .17600000E+01  .16413158E+01
   .18000000E+01  .16310179E+01
   .18400000E+01  .16206776E+01
   .18800000E+01  .16102946E+01
   .19200000E+01  .15998683E+01
   .19600000E+01  .15893983E+01
   .20000000E+01  .15788842E+01
Potential  L  =        4.00000    .00000
  -.20000000E+01  .24712954E+01
  -.19600000E+01  .24637041E+01
  -.19200000E+01  .24560933E+01
  -.18800000E+01  .24484631E+01
  -.18400000E+01  .24408131E+01
  -.18000000E+01  .24331431E+01
  -.17600000E+01  .24254532E+01
  -.17200000E+01  .24177431E+01
  -.16800000E+01  .24100130E+01
  -.16400000E+01  .24022622E+01
  -.16000000E+01  .23944910E+01
  -.15600000E+01  .23866989E+01
  -.15200000E+01  .23788863E+01
  -.14800000E+01  .23710523E+01
  -.14400000E+01  .23631975E+01
  -.14000000E+01  .23553210E+01
  -.13600000E+01  .23474234E+01
  -.13200000E+01  .23395039E+01
  -.12800000E+01  .23315627E+01
  -.12400000E+01  .23235996E+01
  -.12000000E+01  .23156146E+01
  -.11600000E+01  .23076071E+01
  -.11200000E+01  .22995771E+01
  -.10800000E+01  .22915249E+01
  -.10400000E+01  .22834494E+01
  -.10000000E+01  .22753514E+01
  -.96000000E+00  .22672299E+01
  -.92000000E+00  .22590854E+01
  -.88000000E+00  .22509174E+01
  -.84000000E+00  .22427257E+01
  -.80000000E+00  .22345102E+01
  -.76000000E+00  .22262707E+01
  -.72000000E+00  .22180071E+01
  -.68000000E+00  .22097190E+01
  -.64000000E+00  .22014063E+01
  -.60000000E+00  .21930688E+01
  -.56000000E+00  .21847068E+01
  -.52000000E+00  .21763190E+01
  -.48000000E+00  .21679064E+01
  -.44000000E+00  .21594678E+01
  -.40000000E+00  .21510037E+01
  -.36000000E+00  .21425135E+01
  -.32000000E+00  .21339972E+01
  -.28000000E+00  .21254545E+01
  -.24000000E+00  .21168852E+01
  -.20000000E+00  .21082891E+01
  -.16000000E+00  .20996660E+01
  -.12000000E+00  .20910157E+01
  -.80000000E-01  .20823376E+01
  -.40000000E-01  .20736320E+01
   .12351231E-14  .20648985E+01
   .40000000E-01  .20561368E+01
   .80000000E-01  .20473467E+01
   .12000000E+00  .20385278E+01
   .16000000E+00  .20296802E+01
   .20000000E+00  .20208034E+01
   .24000000E+00  .20118972E+01
   .28000000E+00  .20029613E+01
   .32000000E+00  .19939956E+01
   .36000000E+00  .19849996E+01
   .40000000E+00  .19759733E+01
   .44000000E+00  .19669162E+01
   .48000000E+00  .19578283E+01
   .52000000E+00  .19487091E+01
   .56000000E+00  .19395583E+01
   .60000000E+00  .19303758E+01
   .64000000E+00  .19211613E+01
   .68000000E+00  .19119144E+01
   .72000000E+00  .19026348E+01
   .76000000E+00  .18933223E+01
   .80000000E+00  .18839765E+01
   .84000000E+00  .18745972E+01
   .88000000E+00  .18651840E+01
   .92000000E+00  .18557367E+01
   .96000000E+00  .18462548E+01
   .10000000E+01  .18367382E+01
   .10400000E+01  .18271864E+01
   .10800000E+01  .18175992E+01
   .11200000E+01  .18079762E+01
   .11600000E+01  .17983170E+01
   .12000000E+01  .17886213E+01
   .12400000E+01  .17788888E+01
   .12800000E+01  .17691191E+01
   .13200000E+01  .17593119E+01
   .13600000E+01  .17494668E+01
   .14000000E+01  .17395833E+01
   .14400000E+01  .17296613E+01
   .14800000E+01  .17197001E+01
   .15200000E+01  .17096996E+01
   .15600000E+01  .16996592E+01
   .16000000E+01  .16895786E+01
   .16400000E+01  .16794574E+01
   .16800000E+01  .16692952E+01
   .17200000E+01  .16590915E+01
   .17600000E+01  .16488460E+01
   .18000000E+01  .16385582E+01
   .18400000E+01  .16282276E+01
   .18800000E+01  .16178538E+01
   .19200000E+01  .16074365E+01
   .19600000E+01  .15969750E+01
   .20000000E+01  .15864690E+01
KBPotential  L  =       .00000  -3.03841
  -.20000000E+01  .41616214E-01
  -.19600000E+01 -.13181496E-01
  -.19200000E+01 -.70581895E-01
  -.18800000E+01 -.13081099E+00
  -.18400000E+01 -.19412200E+00
  -.18000000E+01 -.26079967E+00
  -.17600000E+01 -.33116528E+00
  -.17200000E+01 -.40558285E+00
  -.16800000E+01 -.48446591E+00
  -.16400000E+01 -.56828715E+00
  -.16000000E+01 -.65758878E+00
  -.15600000E+01 -.75299593E+00
  -.15200000E+01 -.85523318E+00
  -.14800000E+01 -.96514510E+00
  -.14400000E+01 -.10837223E+01
  -.14000000E+01 -.12121342E+01
  -.13600000E+01 -.13517716E+01
  -.13200000E+01 -.15043015E+01
  -.12800000E+01 -.16717393E+01
  -.12400000E+01 -.18565447E+01
  -.12000000E+01 -.20617518E+01
  -.11600000E+01 -.22911464E+01
  -.11200000E+01 -.25495148E+01
  -.10800000E+01 -.28429979E+01
  -.10400000E+01 -.31796061E+01
  -.10000000E+01 -.35699901E+01
  -.96000000E+00 -.40286265E+01
  -.92000000E+00 -.45757048E+01
  -.88000000E+00 -.52402542E+01
  -.84000000E+00 -.60655768E+01
  -.80000000E+00 -.71192483E+01
  -.76000000E+00 -.85129000E+01
  -.72000000E+00 -.10445111E+02
  -.68000000E+00 -.13306532E+02
  -.64000000E+00 -.17986173E+02
  -.60000000E+00 -.27038233E+02
  -.56000000E+00 -.52014476E+02
  -.52000000E+00 -.44545868E+03
  -.48000000E+00  .71303080E+02
  -.44000000E+00  .33733744E+02
  -.40000000E+00  .22387552E+02
  -.36000000E+00  .16907473E+02
  -.32000000E+00  .13675763E+02
  -.28000000E+00  .11542233E+02
  -.24000000E+00  .10026922E+02
  -.20000000E+00  .88939811E+01
  -.16000000E+00  .80139874E+01
  -.12000000E+00  .73099973E+01
  -.80000000E-01  .67333953E+01
  -.40000000E-01  .62519563E+01
   .12351231E-14  .58434744E+01
   .40000000E-01  .54921505E+01
   .80000000E-01  .51864365E+01
   .12000000E+00  .49176960E+01
   .16000000E+00  .46793408E+01
   .20000000E+00  .44662576E+01
   .24000000E+00  .42744173E+01
   .28000000E+00  .41006018E+01
   .32000000E+00  .39422099E+01
   .36000000E+00  .37971162E+01
   .40000000E+00  .36635668E+01
   .44000000E+00  .35401018E+01
   .48000000E+00  .34254960E+01
   .52000000E+00  .33187133E+01
   .56000000E+00  .32188722E+01
   .60000000E+00  .31252172E+01
   .64000000E+00  .30370975E+01
   .68000000E+00  .29539493E+01
   .72000000E+00  .28752819E+01
   .76000000E+00  .28006660E+01
   .80000000E+00  .27297242E+01
   .84000000E+00  .26621239E+01
   .88000000E+00  .25975703E+01
   .92000000E+00  .25358014E+01
   .96000000E+00  .24765836E+01
   .10000000E+01  .24197077E+01
   .10400000E+01  .23649861E+01
   .10800000E+01  .23122498E+01
   .11200000E+01  .22613460E+01
   .11600000E+01  .22121368E+01
   .12000000E+01  .21644966E+01
   .12400000E+01  .21183117E+01
   .12800000E+01  .20734779E+01
   .13200000E+01  .20299001E+01
   .13600000E+01  .19874913E+01
   .14000000E+01  .19461716E+01
   .14400000E+01  .19058674E+01
   .14800000E+01  .18665110E+01
   .15200000E+01  .18280398E+01
   .15600000E+01  .17903961E+01
   .16000000E+01  .17535262E+01
   .16400000E+01  .17173803E+01
   .16800000E+01  .16819123E+01
   .17200000E+01  .16470790E+01
   .17600000E+01  .16128403E+01
   .18000000E+01  .15791586E+01
   .18400000E+01  .15459988E+01
   .18800000E+01  .15133280E+01
   .19200000E+01  .14811152E+01
   .19600000E+01  .14493315E+01
   .20000000E+01  .14179494E+01
KBPotential  L  =      1.00000  -1.27972
  -.20000000E+01  .83390551E+00
  -.19600000E+01  .80987639E+00
  -.19200000E+01  .78536229E+00
  -.18800000E+01  .76034182E+00
  -.18400000E+01  .73479226E+00
  -.18000000E+01  .70868943E+00
  -.17600000E+01  .68200762E+00
  -.17200000E+01  .65471942E+00
  -.16800000E+01  .62679561E+00
  -.16400000E+01  .59820495E+00
  -.16000000E+01  .56891417E+00
  -.15600000E+01  .53888724E+00
  -.15200000E+01  .50808640E+00
  -.14800000E+01  .47647027E+00
  -.14400000E+01  .44399484E+00
  -.14000000E+01  .41061268E+00
  -.13600000E+01  .37627272E+00
  -.13200000E+01  .34091985E+00
  -.12800000E+01  .30449455E+00
  -.12400000E+01  .26693242E+00
  -.12000000E+01  .22816366E+00
  -.11600000E+01  .18811252E+00
  -.11200000E+01  .14669662E+00
  -.10800000E+01  .10382621E+00
  -.10400000E+01  .59403384E-01
  -.10000000E+01  .13320945E-01
  -.96000000E+00 -.34538454E-01
  -.92000000E+00 -.84303736E-01
  -.88000000E+00 -.13611680E+00
  -.84000000E+00 -.19013424E+00
  -.80000000E+00 -.24652924E+00
  -.76000000E+00 -.30549393E+00
  -.72000000E+00 -.36724188E+00
  -.68000000E+00 -.43201139E+00
  -.64000000E+00 -.50006906E+00
  -.60000000E+00 -.57171415E+00
  -.56000000E+00 -.64728371E+00
  -.52000000E+00 -.72715883E+00
  -.48000000E+00 -.81177198E+00
  -.44000000E+00 -.90161607E+00
  -.40000000E+00 -.99725533E+00
  -.36000000E+00 -.10993388E+01
  -.32000000E+00 -.12086166E+01
  -.28000000E+00 -.13259610E+01
  -.24000000E+00 -.14523918E+01
  -.20000000E+00 -.15891089E+01
  -.16000000E+00 -.17375345E+01
  -.12000000E+00 -.18993665E+01
  -.80000000E-01 -.20766489E+01
  -.40000000E-01 -.22718649E+01
   .12351231E-14 -.24880615E+01
   .40000000E-01 -.27290188E+01
   .80000000E-01 -.29994853E+01
   .12000000E+00 -.33055088E+01
   .16000000E+00 -.36549137E+01
   .20000000E+00 -.40580047E+01
   .24000000E+00 -.45286352E+01
   .28000000E+00 -.50858774E+01
   .32000000E+00 -.57567371E+01
   .36000000E+00 -.65807564E+01
   .40000000E+00 -.76182446E+01
   .44000000E+00 -.89659709E+01
   .48000000E+00 -.10789624E+02
   .52000000E+00 -.13398457E+02
   .56000000E+00 -.17443787E+02
   .60000000E+00 -.24572680E+02
   .64000000E+00 -.40508191E+02
   .68000000E+00 -.10811408E+03
   .72000000E+00  .17666744E+03
   .76000000E+00  .49789569E+02
   .80000000E+00  .29359180E+02
   .84000000E+00  .20997726E+02
   .88000000E+00  .16445630E+02
   .92000000E+00  .13580118E+02
   .96000000E+00  .11608549E+02
   .10000000E+01  .10167687E+02
   .10400000E+01  .90676014E+01
   .10800000E+01  .81993255E+01
   .11200000E+01  .74958677E+01
   .11600000E+01  .69137759E+01
   .12000000E+01  .64236330E+01
   .12400000E+01  .60048139E+01
   .12800000E+01  .56424287E+01
   .13200000E+01  .53254593E+01
   .13600000E+01  .50455770E+01
   .14000000E+01  .47963698E+01
   .14400000E+01  .45728203E+01
   .14800000E+01  .43709465E+01
   .15200000E+01  .41875477E+01
   .15600000E+01  .40200214E+01
   .16000000E+01  .38662308E+01
   .16400000E+01  .37244036E+01
   .16800000E+01  .35930586E+01
   .17200000E+01  .34709477E+01
   .17600000E+01  .33570118E+01
   .18000000E+01  .32503465E+01
   .18400000E+01  .31501747E+01
   .18800000E+01  .30558249E+01
   .19200000E+01  .29667138E+01
   .19600000E+01  .28823326E+01
   .20000000E+01  .28022346E+01
KBPotential  L  =      2.00000    .00000
  -.20000000E+01  .14462485E+01
  -.19600000E+01  .14322799E+01
  -.19200000E+01  .14181849E+01
  -.18800000E+01  .14039604E+01
  -.18400000E+01  .13896034E+01
  -.18000000E+01  .13751107E+01
  -.17600000E+01  .13604791E+01
  -.17200000E+01  .13457050E+01
  -.16800000E+01  .13307849E+01
  -.16400000E+01  .13157151E+01
  -.16000000E+01  .13004919E+01
  -.15600000E+01  .12851113E+01
  -.15200000E+01  .12695691E+01
  -.14800000E+01  .12538611E+01
  -.14400000E+01  .12379829E+01
  -.14000000E+01  .12219298E+01
  -.13600000E+01  .12056971E+01
  -.13200000E+01  .11892798E+01
  -.12800000E+01  .11726727E+01
  -.12400000E+01  .11558704E+01
  -.12000000E+01  .11388674E+01
  -.11600000E+01  .11216577E+01
  -.11200000E+01  .11042352E+01
  -.10800000E+01  .10865937E+01
  -.10400000E+01  .10687264E+01
  -.10000000E+01  .10506264E+01
  -.96000000E+00  .10322866E+01
  -.92000000E+00  .10136994E+01
  -.88000000E+00  .99485677E+00
  -.84000000E+00  .97575058E+00
  -.80000000E+00  .95637214E+00
  -.76000000E+00  .93671240E+00
  -.72000000E+00  .91676188E+00
  -.68000000E+00  .89651064E+00
  -.64000000E+00  .87594826E+00
  -.60000000E+00  .85506376E+00
  -.56000000E+00  .83384567E+00
  -.52000000E+00  .81228190E+00
  -.48000000E+00  .79035974E+00
  -.44000000E+00  .76806584E+00
  -.40000000E+00  .74538610E+00
  -.36000000E+00  .72230570E+00
  -.32000000E+00  .69880899E+00
  -.28000000E+00  .67487945E+00
  -.24000000E+00  .65049965E+00
  -.20000000E+00  .62565116E+00
  -.16000000E+00  .60031447E+00
  -.12000000E+00  .57446896E+00
  -.80000000E-01  .54809276E+00
  -.40000000E-01  .52116263E+00
   .12351231E-14  .49365395E+00
   .40000000E-01  .46554059E+00
   .80000000E-01  .43679470E+00
   .12000000E+00  .40738665E+00
   .16000000E+00  .37728490E+00
   .20000000E+00  .34645575E+00
   .24000000E+00  .31486324E+00
   .28000000E+00  .28246890E+00
   .32000000E+00  .24923159E+00
   .36000000E+00  .21510717E+00
   .40000000E+00  .18004831E+00
   .44000000E+00  .14400416E+00
   .48000000E+00  .10691999E+00
   .52000000E+00  .68736846E-01
   .56000000E+00  .29391132E-01
   .60000000E+00 -.11185882E-01
   .64000000E+00 -.53068570E-01
   .68000000E+00 -.96337549E-01
   .72000000E+00 -.14108035E+00
   .76000000E+00 -.18739219E+00
   .80000000E+00 -.23537680E+00
   .84000000E+00 -.28514745E+00
   .88000000E+00 -.33682804E+00
   .92000000E+00 -.39055438E+00
   .96000000E+00 -.44647568E+00
   .10000000E+01 -.50475623E+00
   .10400000E+01 -.56557737E+00
   .10800000E+01 -.62913974E+00
   .11200000E+01 -.69566597E+00
   .11600000E+01 -.76540371E+00
   .12000000E+01 -.83862933E+00
   .12400000E+01 -.91565214E+00
   .12800000E+01 -.99681952E+00
   .13200000E+01 -.10825229E+01
   .13600000E+01 -.11732051E+01
   .14000000E+01 -.12693688E+01
   .14400000E+01 -.13715873E+01
   .14800000E+01 -.14805173E+01
   .15200000E+01 -.15969146E+01
   .15600000E+01 -.17216534E+01
   .16000000E+01 -.18557508E+01
   .16400000E+01 -.20003968E+01
   .16800000E+01 -.21569934E+01
   .17200000E+01 -.23272028E+01
   .17600000E+01 -.25130123E+01
   .18000000E+01 -.27168163E+01
   .18400000E+01 -.29415274E+01
   .18800000E+01 -.31907243E+01
   .19200000E+01 -.34688531E+01
   .19600000E+01 -.37815081E+01
   .20000000E+01 -.41358277E+01
KBPotential  L  =      3.00000    .00000
  -.20000000E+01  .19888875E+01
  -.19600000E+01  .19793796E+01
  -.19200000E+01  .19698333E+01
  -.18800000E+01  .19602481E+01
  -.18400000E+01  .19506236E+01
  -.18000000E+01  .19409593E+01
  -.17600000E+01  .19312548E+01
  -.17200000E+01  .19215096E+01
  -.16800000E+01  .19117234E+01
  -.16400000E+01  .19018955E+01
  -.16000000E+01  .18920257E+01
  -.15600000E+01  .18821133E+01
  -.15200000E+01  .18721579E+01
  -.14800000E+01  .18621590E+01
  -.14400000E+01  .18521161E+01
  -.14000000E+01  .18420287E+01
  -.13600000E+01  .18318962E+01
  -.13200000E+01  .18217182E+01
  -.12800000E+01  .18114940E+01
  -.12400000E+01  .18012232E+01
  -.12000000E+01  .17909052E+01
  -.11600000E+01  .17805394E+01
  -.11200000E+01  .17701251E+01
  -.10800000E+01  .17596620E+01
  -.10400000E+01  .17491492E+01
  -.10000000E+01  .17385862E+01
  -.96000000E+00  .17279725E+01
  -.92000000E+00  .17173072E+01
  -.88000000E+00  .17065899E+01
  -.84000000E+00  .16958198E+01
  -.80000000E+00  .16849962E+01
  -.76000000E+00  .16741185E+01
  -.72000000E+00  .16631860E+01
  -.68000000E+00  .16521980E+01
  -.64000000E+00  .16411536E+01
  -.60000000E+00  .16300522E+01
  -.56000000E+00  .16188931E+01
  -.52000000E+00  .16076753E+01
  -.48000000E+00  .15963983E+01
  -.44000000E+00  .15850611E+01
  -.40000000E+00  .15736629E+01
  -.36000000E+00  .15622029E+01
  -.32000000E+00  .15506802E+01
  -.28000000E+00  .15390940E+01
  -.24000000E+00  .15274433E+01
  -.20000000E+00  .15157273E+01
  -.16000000E+00  .15039450E+01
  -.12000000E+00  .14920955E+01
  -.80000000E-01  .14801778E+01
  -.40000000E-01  .14681909E+01
   .12351231E-14  .14561338E+01
   .40000000E-01  .14440055E+01
   .80000000E-01  .14318048E+01
   .12000000E+00  .14195308E+01
   .16000000E+00  .14071824E+01
   .20000000E+00  .13947583E+01
   .24000000E+00  .13822574E+01
   .28000000E+00  .13696787E+01
   .32000000E+00  .13570207E+01
   .36000000E+00  .13442824E+01
   .40000000E+00  .13314625E+01
   .44000000E+00  .13185596E+01
   .48000000E+00  .13055724E+01
   .52000000E+00  .12924996E+01
   .56000000E+00  .12793398E+01
   .60000000E+00  .12660916E+01
   .64000000E+00  .12527536E+01
   .68000000E+00  .12393241E+01
   .72000000E+00  .12258018E+01
   .76000000E+00  .12121850E+01
   .80000000E+00  .11984722E+01
   .84000000E+00  .11846616E+01
   .88000000E+00  .11707517E+01
   .92000000E+00  .11567407E+01
   .96000000E+00  .11426268E+01
   .10000000E+01  .11284083E+01
   .10400000E+01  .11140832E+01
   .10800000E+01  .10996497E+01
   .11200000E+01  .10851057E+01
   .11600000E+01  .10704494E+01
   .12000000E+01  .10556786E+01
   .12400000E+01  .10407911E+01
   .12800000E+01  .10257850E+01
   .13200000E+01  .10106578E+01
   .13600000E+01  .99540731E+00
   .14000000E+01  .98003118E+00
   .14400000E+01  .96452699E+00
   .14800000E+01  .94889222E+00
   .15200000E+01  .93312434E+00
   .15600000E+01  .91722070E+00
   .16000000E+01  .90117859E+00
   .16400000E+01  .88499523E+00
   .16800000E+01  .86866776E+00
   .17200000E+01  .85219321E+00
   .17600000E+01  .83556856E+00
   .18000000E+01  .81879068E+00
   .18400000E+01  .80185633E+00
   .18800000E+01  .78476221E+00
   .19200000E+01  .76750490E+00
   .19600000E+01  .75008086E+00
   .20000000E+01  .73248646E+00
KBPotential  L  =      4.00000    .00000
  -.20000000E+01  .24712954E+01
  -.19600000E+01  .24637041E+01
  -.19200000E+01  .24560933E+01
  -.18800000E+01  .24484631E+01
  -.18400000E+01  .24408131E+01
  -.18000000E+01  .24331431E+01
  -.17600000E+01  .24254532E+01
  -.17200000E+01  .24177431E+01
  -.16800000E+01  .24100130E+01
  -.16400000E+01  .24022622E+01
  -.16000000E+01  .23944910E+01
  -.15600000E+01  .23866989E+01
  -.15200000E+01  .23788863E+01
  -.14800000E+01  .23710523E+01
  -.14400000E+01  .23631975E+01
  -.14000000E+01  .23553210E+01
  -.13600000E+01  .23474234E+01
  -.13200000E+01  .23395039E+01
  -.12800000E+01  .23315627E+01
  -.12400000E+01  .23235996E+01
  -.12000000E+01  .23156146E+01
  -.11600000E+01  .23076071E+01
  -.11200000E+01  .22995771E+01
  -.10800000E+01  .22915249E+01
  -.10400000E+01  .22834494E+01
  -.10000000E+01  .22753514E+01
  -.96000000E+00  .22672299E+01
  -.92000000E+00  .22590854E+01
  -.88000000E+00  .22509174E+01
  -.84000000E+00  .22427257E+01
  -.80000000E+00  .22345102E+01
  -.76000000E+00  .22262707E+01
  -.72000000E+00  .22180071E+01
  -.68000000E+00  .22097190E+01
  -.64000000E+00  .22014063E+01
  -.60000000E+00  .21930688E+01
  -.56000000E+00  .21847068E+01
  -.52000000E+00  .21763190E+01
  -.48000000E+00  .21679064E+01
  -.44000000E+00  .21594678E+01
  -.40000000E+00  .21510037E+01
  -.36000000E+00  .21425135E+01
  -.32000000E+00  .21339972E+01
  -.28000000E+00  .21254545E+01
  -.24000000E+00  .21168852E+01
  -.20000000E+00  .21082891E+01
  -.16000000E+00  .20996660E+01
  -.12000000E+00  .20910157E+01
  -.80000000E-01  .20823376E+01
  -.40000000E-01  .20736320E+01
   .12351231E-14  .20648985E+01
   .40000000E-01  .20561368E+01
   .80000000E-01  .20473467E+01
   .12000000E+00  .20385278E+01
   .16000000E+00  .20296802E+01
   .20000000E+00  .20208034E+01
   .24000000E+00  .20118972E+01
   .28000000E+00  .20029613E+01
   .32000000E+00  .19939956E+01
   .36000000E+00  .19849996E+01
   .40000000E+00  .19759733E+01
   .44000000E+00  .19669162E+01
   .48000000E+00  .19578283E+01
   .52000000E+00  .19487091E+01
   .56000000E+00  .19395583E+01
   .60000000E+00  .19303758E+01
   .64000000E+00  .19211613E+01
   .68000000E+00  .19119144E+01
   .72000000E+00  .19026348E+01
   .76000000E+00  .18933223E+01
   .80000000E+00  .18839765E+01
   .84000000E+00  .18745972E+01
   .88000000E+00  .18651840E+01
   .92000000E+00  .18557367E+01
   .96000000E+00  .18462548E+01
   .10000000E+01  .18367382E+01
   .10400000E+01  .18271864E+01
   .10800000E+01  .18175992E+01
   .11200000E+01  .18079762E+01
   .11600000E+01  .17983170E+01
   .12000000E+01  .17886213E+01
   .12400000E+01  .17788888E+01
   .12800000E+01  .17691191E+01
   .13200000E+01  .17593119E+01
   .13600000E+01  .17494668E+01
   .14000000E+01  .17395833E+01
   .14400000E+01  .17296613E+01
   .14800000E+01  .17197001E+01
   .15200000E+01  .17096996E+01
   .15600000E+01  .16996592E+01
   .16000000E+01  .16895786E+01
   .16400000E+01  .16794574E+01
   .16800000E+01  .16692952E+01
   .17200000E+01  .16590915E+01
   .17600000E+01  .16488460E+01
   .18000000E+01  .16385582E+01
   .18400000E+01  .16282276E+01
   .18800000E+01  .16178538E+01
   .19200000E+01  .16074365E+01
   .19600000E+01  .15969750E+01
   .20000000E+01  .15864690E+01
