X : s2p6                                
   13  54.   .002000 131.29400 125.   .10E-05 .100  200FCA 46.00000
   .7  1.0   0
  1.0   .0   .5-2503.6961 2.0000
  2.0   .0   .5 -390.3961 2.0000
  2.0  1.0  1.5 -350.9960 6.0000
  3.0   .0   .5  -79.8935 2.0000
  3.0  1.0  1.5  -67.1008 6.0000
  3.0  2.0  2.5  -47.993210.0000
  4.0   .0   .5  -14.4060 2.0000
  4.0  1.0  1.5  -10.3351 6.0000
  4.0  2.0  2.5   -4.376610.0000
  5.0   .0   .5   -1.4622 2.0000
  5.0  1.0   .5    -.6163 6.0000
  5.0  2.0  1.5    -.5000  .0000
  4.0  3.0  2.5    -.5000  .0000
