  PAW_GGA Ga_h 08Apr2002                 
 100
Core Pot   L  =         .00000   -.66219
  -.20000000E+01  .74364132E+00
  -.19600000E+01  .72494372E+00
  -.19200000E+01  .70605616E+00
  -.18800000E+01  .68697451E+00
  -.18400000E+01  .66769451E+00
  -.18000000E+01  .64821175E+00
  -.17600000E+01  .62852171E+00
  -.17200000E+01  .60861970E+00
  -.16800000E+01  .58850092E+00
  -.16400000E+01  .56816039E+00
  -.16000000E+01  .54759296E+00
  -.15600000E+01  .52679335E+00
  -.15200000E+01  .50575609E+00
  -.14800000E+01  .48447552E+00
  -.14400000E+01  .46294581E+00
  -.14000000E+01  .44116091E+00
  -.13600000E+01  .41911461E+00
  -.13200000E+01  .39680045E+00
  -.12800000E+01  .37421176E+00
  -.12400000E+01  .35134164E+00
  -.12000000E+01  .32818295E+00
  -.11600000E+01  .30472831E+00
  -.11200000E+01  .28097005E+00
  -.10800000E+01  .25690025E+00
  -.10400000E+01  .23251070E+00
  -.10000000E+01  .20779287E+00
  -.96000000E+00  .18273793E+00
  -.92000000E+00  .15733674E+00
  -.88000000E+00  .13157977E+00
  -.84000000E+00  .10545717E+00
  -.80000000E+00  .78958688E-01
  -.76000000E+00  .52073690E-01
  -.72000000E+00  .24791117E-01
  -.68000000E+00 -.29005257E-02
  -.64000000E+00 -.31013192E-01
  -.60000000E+00 -.59559316E-01
  -.56000000E+00 -.88551841E-01
  -.52000000E+00 -.11800424E+00
  -.48000000E+00 -.14793056E+00
  -.44000000E+00 -.17834542E+00
  -.40000000E+00 -.20926406E+00
  -.36000000E+00 -.24070241E+00
  -.32000000E+00 -.27267705E+00
  -.28000000E+00 -.30520531E+00
  -.24000000E+00 -.33830529E+00
  -.20000000E+00 -.37199590E+00
  -.16000000E+00 -.40629692E+00
  -.12000000E+00 -.44122903E+00
  -.80000000E-01 -.47681386E+00
  -.40000000E-01 -.51307409E+00
   .12351231E-14 -.55003347E+00
   .40000000E-01 -.58771689E+00
   .80000000E-01 -.62615045E+00
   .12000000E+00 -.66536157E+00
   .16000000E+00 -.70537902E+00
   .20000000E+00 -.74623303E+00
   .24000000E+00 -.78795541E+00
   .28000000E+00 -.83057959E+00
   .32000000E+00 -.87414079E+00
   .36000000E+00 -.91867612E+00
   .40000000E+00 -.96422468E+00
   .44000000E+00 -.10108277E+01
   .48000000E+00 -.10585289E+01
   .52000000E+00 -.11073741E+01
   .56000000E+00 -.11574121E+01
   .60000000E+00 -.12086944E+01
   .64000000E+00 -.12612754E+01
   .68000000E+00 -.13152132E+01
   .72000000E+00 -.13705689E+01
   .76000000E+00 -.14274077E+01
   .80000000E+00 -.14857989E+01
   .84000000E+00 -.15458161E+01
   .88000000E+00 -.16075377E+01
   .92000000E+00 -.16710474E+01
   .96000000E+00 -.17364343E+01
   .10000000E+01 -.18037937E+01
   .10400000E+01 -.18732277E+01
   .10800000E+01 -.19448451E+01
   .11200000E+01 -.20187631E+01
   .11600000E+01 -.20951072E+01
   .12000000E+01 -.21740122E+01
   .12400000E+01 -.22556232E+01
   .12800000E+01 -.23400967E+01
   .13200000E+01 -.24276015E+01
   .13600000E+01 -.25183198E+01
   .14000000E+01 -.26124492E+01
   .14400000E+01 -.27102034E+01
   .14800000E+01 -.28118150E+01
   .15200000E+01 -.29175365E+01
   .15600000E+01 -.30276434E+01
   .16000000E+01 -.31424363E+01
   .16400000E+01 -.32622442E+01
   .16800000E+01 -.33874275E+01
   .17200000E+01 -.35183824E+01
   .17600000E+01 -.36555450E+01
   .18000000E+01 -.37993965E+01
   .18400000E+01 -.39504696E+01
   .18800000E+01 -.41093550E+01
   .19200000E+01 -.42767099E+01
   .19600000E+01 -.44532677E+01
   .20000000E+01 -.46398488E+01
Potential  L  =         .00000   -.66219
  -.20000000E+01  .77426206E+00
  -.19600000E+01  .75547355E+00
  -.19200000E+01  .73646948E+00
  -.18800000E+01  .71724424E+00
  -.18400000E+01  .69779205E+00
  -.18000000E+01  .67810687E+00
  -.17600000E+01  .65818248E+00
  -.17200000E+01  .63801237E+00
  -.16800000E+01  .61758981E+00
  -.16400000E+01  .59690780E+00
  -.16000000E+01  .57595906E+00
  -.15600000E+01  .55473601E+00
  -.15200000E+01  .53323077E+00
  -.14800000E+01  .51143514E+00
  -.14400000E+01  .48934057E+00
  -.14000000E+01  .46693816E+00
  -.13600000E+01  .44421863E+00
  -.13200000E+01  .42117230E+00
  -.12800000E+01  .39778908E+00
  -.12400000E+01  .37405841E+00
  -.12000000E+01  .34996930E+00
  -.11600000E+01  .32551024E+00
  -.11200000E+01  .30066920E+00
  -.10800000E+01  .27543361E+00
  -.10400000E+01  .24979029E+00
  -.10000000E+01  .22372546E+00
  -.96000000E+00  .19722467E+00
  -.92000000E+00  .17027279E+00
  -.88000000E+00  .14285392E+00
  -.84000000E+00  .11495139E+00
  -.80000000E+00  .86547683E-01
  -.76000000E+00  .57624406E-01
  -.72000000E+00  .28162201E-01
  -.68000000E+00 -.18592976E-02
  -.64000000E+00 -.32461535E-01
  -.60000000E+00 -.63667110E-01
  -.56000000E+00 -.95499855E-01
  -.52000000E+00 -.12798492E+00
  -.48000000E+00 -.16114886E+00
  -.44000000E+00 -.19501975E+00
  -.40000000E+00 -.22962729E+00
  -.36000000E+00 -.26500292E+00
  -.32000000E+00 -.30117994E+00
  -.28000000E+00 -.33819368E+00
  -.24000000E+00 -.37608163E+00
  -.20000000E+00 -.41488363E+00
  -.16000000E+00 -.45464204E+00
  -.12000000E+00 -.49540195E+00
  -.80000000E-01 -.53721142E+00
  -.40000000E-01 -.58012169E+00
   .12351231E-14 -.62418751E+00
   .40000000E-01 -.66946738E+00
   .80000000E-01 -.71602391E+00
   .12000000E+00 -.76392422E+00
   .16000000E+00 -.81324029E+00
   .20000000E+00 -.86404945E+00
   .24000000E+00 -.91643490E+00
   .28000000E+00 -.97048624E+00
   .32000000E+00 -.10263001E+01
   .36000000E+00 -.10839810E+01
   .40000000E+00 -.11436418E+01
   .44000000E+00 -.12054049E+01
   .48000000E+00 -.12694034E+01
   .52000000E+00 -.13357816E+01
   .56000000E+00 -.14046970E+01
   .60000000E+00 -.14763215E+01
   .64000000E+00 -.15508428E+01
   .68000000E+00 -.16284670E+01
   .72000000E+00 -.17094202E+01
   .76000000E+00 -.17939512E+01
   .80000000E+00 -.18823346E+01
   .84000000E+00 -.19748742E+01
   .88000000E+00 -.20719069E+01
   .92000000E+00 -.21738072E+01
   .96000000E+00 -.22809929E+01
   .10000000E+01 -.23939313E+01
   .10400000E+01 -.25131470E+01
   .10800000E+01 -.26392308E+01
   .11200000E+01 -.27728505E+01
   .11600000E+01 -.29147638E+01
   .12000000E+01 -.30658344E+01
   .12400000E+01 -.32270506E+01
   .12800000E+01 -.33995489E+01
   .13200000E+01 -.35846431E+01
   .13600000E+01 -.37838598E+01
   .14000000E+01 -.39989838E+01
   .14400000E+01 -.42321150E+01
   .14800000E+01 -.44857408E+01
   .15200000E+01 -.47628302E+01
   .15600000E+01 -.50669563E+01
   .16000000E+01 -.54024581E+01
   .16400000E+01 -.57746575E+01
   .16800000E+01 -.61901539E+01
   .17200000E+01 -.66572329E+01
   .17600000E+01 -.71864406E+01
   .18000000E+01 -.77914119E+01
   .18400000E+01 -.84900903E+01
   .18800000E+01 -.93065760E+01
   .19200000E+01 -.10274014E+02
   .19600000E+01 -.11439277E+02
   .20000000E+01 -.12870894E+02
Core Pot   L  =        1.00000   -.19300
  -.20000000E+01  .11696122E+01
  -.19600000E+01  .11550559E+01
  -.19200000E+01  .11404025E+01
  -.18800000E+01  .11256505E+01
  -.18400000E+01  .11107980E+01
  -.18000000E+01  .10958433E+01
  -.17600000E+01  .10807844E+01
  -.17200000E+01  .10656195E+01
  -.16800000E+01  .10503467E+01
  -.16400000E+01  .10349641E+01
  -.16000000E+01  .10194696E+01
  -.15600000E+01  .10038612E+01
  -.15200000E+01  .98813685E+00
  -.14800000E+01  .97229432E+00
  -.14400000E+01  .95633148E+00
  -.14000000E+01  .94024607E+00
  -.13600000E+01  .92403582E+00
  -.13200000E+01  .90769837E+00
  -.12800000E+01  .89123131E+00
  -.12400000E+01  .87463220E+00
  -.12000000E+01  .85789851E+00
  -.11600000E+01  .84102766E+00
  -.11200000E+01  .82401700E+00
  -.10800000E+01  .80686382E+00
  -.10400000E+01  .78956533E+00
  -.10000000E+01  .77211869E+00
  -.96000000E+00  .75452096E+00
  -.92000000E+00  .73676914E+00
  -.88000000E+00  .71886014E+00
  -.84000000E+00  .70079081E+00
  -.80000000E+00  .68255789E+00
  -.76000000E+00  .66415804E+00
  -.72000000E+00  .64558783E+00
  -.68000000E+00  .62684374E+00
  -.64000000E+00  .60792215E+00
  -.60000000E+00  .58881933E+00
  -.56000000E+00  .56953145E+00
  -.52000000E+00  .55005458E+00
  -.48000000E+00  .53038465E+00
  -.44000000E+00  .51051752E+00
  -.40000000E+00  .49044887E+00
  -.36000000E+00  .47017429E+00
  -.32000000E+00  .44968924E+00
  -.28000000E+00  .42898903E+00
  -.24000000E+00  .40806881E+00
  -.20000000E+00  .38692363E+00
  -.16000000E+00  .36554835E+00
  -.12000000E+00  .34393768E+00
  -.80000000E-01  .32208616E+00
  -.40000000E-01  .29998816E+00
   .12351231E-14  .27763787E+00
   .40000000E-01  .25502930E+00
   .80000000E-01  .23215625E+00
   .12000000E+00  .20901234E+00
   .16000000E+00  .18559094E+00
   .20000000E+00  .16188524E+00
   .24000000E+00  .13788818E+00
   .28000000E+00  .11359245E+00
   .32000000E+00  .88990504E-01
   .36000000E+00  .64074538E-01
   .40000000E+00  .38836463E-01
   .44000000E+00  .13267908E-01
   .48000000E+00 -.12639797E-01
   .52000000E+00 -.38895632E-01
   .56000000E+00 -.65508904E-01
   .60000000E+00 -.92489266E-01
   .64000000E+00 -.11984672E+00
   .68000000E+00 -.14759165E+00
   .72000000E+00 -.17573484E+00
   .76000000E+00 -.20428746E+00
   .80000000E+00 -.23326114E+00
   .84000000E+00 -.26266793E+00
   .88000000E+00 -.29252040E+00
   .92000000E+00 -.32283157E+00
   .96000000E+00 -.35361503E+00
   .10000000E+01 -.38488488E+00
   .10400000E+01 -.41665582E+00
   .10800000E+01 -.44894315E+00
   .11200000E+01 -.48176283E+00
   .11600000E+01 -.51513148E+00
   .12000000E+01 -.54906644E+00
   .12400000E+01 -.58358578E+00
   .12800000E+01 -.61870838E+00
   .13200000E+01 -.65445396E+00
   .13600000E+01 -.69084312E+00
   .14000000E+01 -.72789738E+00
   .14400000E+01 -.76563926E+00
   .14800000E+01 -.80409232E+00
   .15200000E+01 -.84328123E+00
   .15600000E+01 -.88323183E+00
   .16000000E+01 -.92397119E+00
   .16400000E+01 -.96552771E+00
   .16800000E+01 -.10079312E+01
   .17200000E+01 -.10512129E+01
   .17600000E+01 -.10954058E+01
   .18000000E+01 -.11405443E+01
   .18400000E+01 -.11866648E+01
   .18800000E+01 -.12338056E+01
   .19200000E+01 -.12820069E+01
   .19600000E+01 -.13313113E+01
   .20000000E+01 -.13817635E+01
Potential  L  =        1.00000   -.19300
  -.20000000E+01  .11850685E+01
  -.19600000E+01  .11707245E+01
  -.19200000E+01  .11562688E+01
  -.18800000E+01  .11416991E+01
  -.18400000E+01  .11270135E+01
  -.18000000E+01  .11122095E+01
  -.17600000E+01  .10972850E+01
  -.17200000E+01  .10822377E+01
  -.16800000E+01  .10670651E+01
  -.16400000E+01  .10517648E+01
  -.16000000E+01  .10363341E+01
  -.15600000E+01  .10207706E+01
  -.15200000E+01  .10050714E+01
  -.14800000E+01  .98923391E+00
  -.14400000E+01  .97325516E+00
  -.14000000E+01  .95713224E+00
  -.13600000E+01  .94086213E+00
  -.13200000E+01  .92444169E+00
  -.12800000E+01  .90786771E+00
  -.12400000E+01  .89113688E+00
  -.12000000E+01  .87424578E+00
  -.11600000E+01  .85719087E+00
  -.11200000E+01  .83996851E+00
  -.10800000E+01  .82257496E+00
  -.10400000E+01  .80500633E+00
  -.10000000E+01  .78725862E+00
  -.96000000E+00  .76932770E+00
  -.92000000E+00  .75120928E+00
  -.88000000E+00  .73289896E+00
  -.84000000E+00  .71439218E+00
  -.80000000E+00  .69568421E+00
  -.76000000E+00  .67677017E+00
  -.72000000E+00  .65764501E+00
  -.68000000E+00  .63830350E+00
  -.64000000E+00  .61874023E+00
  -.60000000E+00  .59894959E+00
  -.56000000E+00  .57892577E+00
  -.52000000E+00  .55866272E+00
  -.48000000E+00  .53815428E+00
  -.44000000E+00  .51739392E+00
  -.40000000E+00  .49637495E+00
  -.36000000E+00  .47509039E+00
  -.32000000E+00  .45353305E+00
  -.28000000E+00  .43169532E+00
  -.24000000E+00  .40956945E+00
  -.20000000E+00  .38714732E+00
  -.16000000E+00  .36442049E+00
  -.12000000E+00  .34138019E+00
  -.80000000E-01  .31801727E+00
  -.40000000E-01  .29432224E+00
   .12351231E-14  .27028517E+00
   .40000000E-01  .24589576E+00
   .80000000E-01  .22114324E+00
   .12000000E+00  .19601639E+00
   .16000000E+00  .17050350E+00
   .20000000E+00  .14459235E+00
   .24000000E+00  .11827016E+00
   .28000000E+00  .91523595E-01
   .32000000E+00  .64338705E-01
   .36000000E+00  .36700897E-01
   .40000000E+00  .85949000E-02
   .44000000E+00 -.19995279E-01
   .48000000E+00 -.49086396E-01
   .52000000E+00 -.78696018E-01
   .56000000E+00 -.10884257E+00
   .60000000E+00 -.13954540E+00
   .64000000E+00 -.17082480E+00
   .68000000E+00 -.20270214E+00
   .72000000E+00 -.23519985E+00
   .76000000E+00 -.26834155E+00
   .80000000E+00 -.30215212E+00
   .84000000E+00 -.33665776E+00
   .88000000E+00 -.37188610E+00
   .92000000E+00 -.40786629E+00
   .96000000E+00 -.44462914E+00
   .10000000E+01 -.48220717E+00
   .10400000E+01 -.52063481E+00
   .10800000E+01 -.55994848E+00
   .11200000E+01 -.60018678E+00
   .11600000E+01 -.64139063E+00
   .12000000E+01 -.68360345E+00
   .12400000E+01 -.72687138E+00
   .12800000E+01 -.77124345E+00
   .13200000E+01 -.81677187E+00
   .13600000E+01 -.86351223E+00
   .14000000E+01 -.91152384E+00
   .14400000E+01 -.96087000E+00
   .14800000E+01 -.10116184E+01
   .15200000E+01 -.10638413E+01
   .15600000E+01 -.11176164E+01
   .16000000E+01 -.11730268E+01
   .16400000E+01 -.12301617E+01
   .16800000E+01 -.12891173E+01
   .17200000E+01 -.13499968E+01
   .17600000E+01 -.14129119E+01
   .18000000E+01 -.14779828E+01
   .18400000E+01 -.15453397E+01
   .18800000E+01 -.16151237E+01
   .19200000E+01 -.16874877E+01
   .19600000E+01 -.17625979E+01
   .20000000E+01 -.18406354E+01
Core Pot   L  =        2.00000  -1.41586
  -.20000000E+01  .97736437E+00
  -.19600000E+01  .92922953E+00
  -.19200000E+01  .87678238E+00
  -.18800000E+01  .81925373E+00
  -.18400000E+01  .75567794E+00
  -.18000000E+01  .68482585E+00
  -.17600000E+01  .60510822E+00
  -.17200000E+01  .51443349E+00
  -.16800000E+01  .40999211E+00
  -.16400000E+01  .28791950E+00
  -.16000000E+01  .14274941E+00
  -.15600000E+01 -.33511903E-01
  -.15200000E+01 -.25303765E+00
  -.14800000E+01 -.53532292E+00
  -.14400000E+01 -.91366428E+00
  -.14000000E+01 -.14500001E+01
  -.13600000E+01 -.22741460E+01
  -.13200000E+01 -.37118661E+01
  -.12800000E+01 -.68786619E+01
  -.12400000E+01 -.19754828E+02
  -.12000000E+01  .40878434E+02
  -.11600000E+01  .11668694E+02
  -.11200000E+01  .73082729E+01
  -.10800000E+01  .55441051E+01
  -.10400000E+01  .45856364E+01
  -.10000000E+01  .39810401E+01
  -.96000000E+00  .35631037E+01
  -.92000000E+00  .32556137E+01
  -.88000000E+00  .30188660E+01
  -.84000000E+00  .28301415E+01
  -.80000000E+00  .26755013E+01
  -.76000000E+00  .25459186E+01
  -.72000000E+00  .24352898E+01
  -.68000000E+00  .23393400E+01
  -.64000000E+00  .22549856E+01
  -.60000000E+00  .21799461E+01
  -.56000000E+00  .21124990E+01
  -.52000000E+00  .20513186E+01
  -.48000000E+00  .19953677E+01
  -.44000000E+00  .19438237E+01
  -.40000000E+00  .18960253E+01
  -.36000000E+00  .18514347E+01
  -.32000000E+00  .18096105E+01
  -.28000000E+00  .17701865E+01
  -.24000000E+00  .17328566E+01
  -.20000000E+00  .16973626E+01
  -.16000000E+00  .16634854E+01
  -.12000000E+00  .16310380E+01
  -.80000000E-01  .15998593E+01
  -.40000000E-01  .15698100E+01
   .12351231E-14  .15407692E+01
   .40000000E-01  .15126310E+01
   .80000000E-01  .14853026E+01
   .12000000E+00  .14587020E+01
   .16000000E+00  .14327567E+01
   .20000000E+00  .14074022E+01
   .24000000E+00  .13825808E+01
   .28000000E+00  .13582410E+01
   .32000000E+00  .13343365E+01
   .36000000E+00  .13108252E+01
   .40000000E+00  .12876694E+01
   .44000000E+00  .12648347E+01
   .48000000E+00  .12422898E+01
   .52000000E+00  .12200059E+01
   .56000000E+00  .11979571E+01
   .60000000E+00  .11761191E+01
   .64000000E+00  .11544698E+01
   .68000000E+00  .11329887E+01
   .72000000E+00  .11116568E+01
   .76000000E+00  .10904566E+01
   .80000000E+00  .10693716E+01
   .84000000E+00  .10483865E+01
   .88000000E+00  .10274870E+01
   .92000000E+00  .10066596E+01
   .96000000E+00  .98589163E+00
   .10000000E+01  .96517125E+00
   .10400000E+01  .94448710E+00
   .10800000E+01  .92382851E+00
   .11200000E+01  .90318529E+00
   .11600000E+01  .88254776E+00
   .12000000E+01  .86190665E+00
   .12400000E+01  .84125311E+00
   .12800000E+01  .82057861E+00
   .13200000E+01  .79987495E+00
   .13600000E+01  .77913424E+00
   .14000000E+01  .75834882E+00
   .14400000E+01  .73751128E+00
   .14800000E+01  .71661439E+00
   .15200000E+01  .69565113E+00
   .15600000E+01  .67461463E+00
   .16000000E+01  .65349817E+00
   .16400000E+01  .63229516E+00
   .16800000E+01  .61099910E+00
   .17200000E+01  .58960359E+00
   .17600000E+01  .56810231E+00
   .18000000E+01  .54648901E+00
   .18400000E+01  .52475746E+00
   .18800000E+01  .50290152E+00
   .19200000E+01  .48091500E+00
   .19600000E+01  .45879179E+00
   .20000000E+01  .43652574E+00
Potential  L  =        2.00000  -1.41586
  -.20000000E+01 -.11613427E+00
  -.19600000E+01 -.17171410E+00
  -.19200000E+01 -.22938032E+00
  -.18800000E+01 -.28927073E+00
  -.18400000E+01 -.35153569E+00
  -.18000000E+01 -.41633948E+00
  -.17600000E+01 -.48386205E+00
  -.17200000E+01 -.55430089E+00
  -.16800000E+01 -.62787320E+00
  -.16400000E+01 -.70481847E+00
  -.16000000E+01 -.78540136E+00
  -.15600000E+01 -.86991515E+00
  -.15200000E+01 -.95868566E+00
  -.14800000E+01 -.10520760E+01
  -.14400000E+01 -.11504918E+01
  -.14000000E+01 -.12543880E+01
  -.13600000E+01 -.13642765E+01
  -.13200000E+01 -.14807348E+01
  -.12800000E+01 -.16044179E+01
  -.12400000E+01 -.17360707E+01
  -.12000000E+01 -.18765447E+01
  -.11600000E+01 -.20268175E+01
  -.11200000E+01 -.21880169E+01
  -.10800000E+01 -.23614513E+01
  -.10400000E+01 -.25486469E+01
  -.10000000E+01 -.27513956E+01
  -.96000000E+00 -.29718148E+01
  -.92000000E+00 -.32124250E+01
  -.88000000E+00 -.34762510E+01
  -.84000000E+00 -.37669541E+01
  -.80000000E+00 -.40890091E+01
  -.76000000E+00 -.44479435E+01
  -.72000000E+00 -.48506663E+01
  -.68000000E+00 -.53059286E+01
  -.64000000E+00 -.58249814E+01
  -.60000000E+00 -.64225367E+01
  -.56000000E+00 -.71182090E+01
  -.52000000E+00 -.79387442E+01
  -.48000000E+00 -.89215829E+01
  -.44000000E+00 -.10120801E+02
  -.40000000E+00 -.11617505E+02
  -.36000000E+00 -.13539126E+02
  -.32000000E+00 -.16098015E+02
  -.28000000E+00 -.19676310E+02
  -.24000000E+00 -.25038031E+02
  -.20000000E+00 -.33964975E+02
  -.16000000E+00 -.51797753E+02
  -.12000000E+00 -.10518202E+03
  -.80000000E-01 -.39813045E+05
  -.40000000E-01  .10916414E+03
   .12351231E-14  .55346970E+02
   .40000000E-01  .37433900E+02
   .80000000E-01  .28478697E+02
   .12000000E+00  .23103727E+02
   .16000000E+00  .19518054E+02
   .20000000E+00  .16954529E+02
   .24000000E+00  .15029705E+02
   .28000000E+00  .13530607E+02
   .32000000E+00  .12329474E+02
   .36000000E+00  .11345013E+02
   .40000000E+00  .10523037E+02
   .44000000E+00  .98260323E+01
   .48000000E+00  .92272083E+01
   .52000000E+00  .87069181E+01
   .56000000E+00  .82504277E+01
   .60000000E+00  .78464704E+01
   .64000000E+00  .74862835E+01
   .68000000E+00  .71629492E+01
   .72000000E+00  .68709337E+01
   .76000000E+00  .66057569E+01
   .80000000E+00  .63637537E+01
   .84000000E+00  .61418961E+01
   .88000000E+00  .59376610E+01
   .92000000E+00  .57489289E+01
   .96000000E+00  .55739063E+01
   .10000000E+01  .54110656E+01
   .10400000E+01  .52590972E+01
   .10800000E+01  .51168721E+01
   .11200000E+01  .49834119E+01
   .11600000E+01  .48578644E+01
   .12000000E+01  .47394839E+01
   .12400000E+01  .46276148E+01
   .12800000E+01  .45216791E+01
   .13200000E+01  .44211643E+01
   .13600000E+01  .43256151E+01
   .14000000E+01  .42346253E+01
   .14400000E+01  .41478315E+01
   .14800000E+01  .40649074E+01
   .15200000E+01  .39855594E+01
   .15600000E+01  .39095225E+01
   .16000000E+01  .38365567E+01
   .16400000E+01  .37664447E+01
   .16800000E+01  .36989884E+01
   .17200000E+01  .36340078E+01
   .17600000E+01  .35713380E+01
   .18000000E+01  .35108286E+01
   .18400000E+01  .34523413E+01
   .18800000E+01  .33957491E+01
   .19200000E+01  .33409355E+01
   .19600000E+01  .32877926E+01
   .20000000E+01  .32362210E+01
Core Pot   L  =        3.00000   -.10000
  -.20000000E+01  .20626821E+01
  -.19600000E+01  .20536335E+01
  -.19200000E+01  .20445524E+01
  -.18800000E+01  .20354388E+01
  -.18400000E+01  .20262921E+01
  -.18000000E+01  .20171121E+01
  -.17600000E+01  .20078985E+01
  -.17200000E+01  .19986510E+01
  -.16800000E+01  .19893692E+01
  -.16400000E+01  .19800528E+01
  -.16000000E+01  .19707014E+01
  -.15600000E+01  .19613147E+01
  -.15200000E+01  .19518925E+01
  -.14800000E+01  .19424342E+01
  -.14400000E+01  .19329395E+01
  -.14000000E+01  .19234082E+01
  -.13600000E+01  .19138397E+01
  -.13200000E+01  .19042338E+01
  -.12800000E+01  .18945900E+01
  -.12400000E+01  .18849080E+01
  -.12000000E+01  .18751873E+01
  -.11600000E+01  .18654277E+01
  -.11200000E+01  .18556285E+01
  -.10800000E+01  .18457895E+01
  -.10400000E+01  .18359103E+01
  -.10000000E+01  .18259903E+01
  -.96000000E+00  .18160292E+01
  -.92000000E+00  .18060266E+01
  -.88000000E+00  .17959819E+01
  -.84000000E+00  .17858947E+01
  -.80000000E+00  .17757646E+01
  -.76000000E+00  .17655911E+01
  -.72000000E+00  .17553737E+01
  -.68000000E+00  .17451119E+01
  -.64000000E+00  .17348052E+01
  -.60000000E+00  .17244532E+01
  -.56000000E+00  .17140553E+01
  -.52000000E+00  .17036110E+01
  -.48000000E+00  .16931198E+01
  -.44000000E+00  .16825811E+01
  -.40000000E+00  .16719944E+01
  -.36000000E+00  .16613592E+01
  -.32000000E+00  .16506748E+01
  -.28000000E+00  .16399407E+01
  -.24000000E+00  .16291564E+01
  -.20000000E+00  .16183211E+01
  -.16000000E+00  .16074343E+01
  -.12000000E+00  .15964955E+01
  -.80000000E-01  .15855039E+01
  -.40000000E-01  .15744589E+01
   .12351231E-14  .15633600E+01
   .40000000E-01  .15522063E+01
   .80000000E-01  .15409973E+01
   .12000000E+00  .15297322E+01
   .16000000E+00  .15184104E+01
   .20000000E+00  .15070311E+01
   .24000000E+00  .14955936E+01
   .28000000E+00  .14840973E+01
   .32000000E+00  .14725412E+01
   .36000000E+00  .14609247E+01
   .40000000E+00  .14492470E+01
   .44000000E+00  .14375073E+01
   .48000000E+00  .14257047E+01
   .52000000E+00  .14138384E+01
   .56000000E+00  .14019077E+01
   .60000000E+00  .13899116E+01
   .64000000E+00  .13778492E+01
   .68000000E+00  .13657197E+01
   .72000000E+00  .13535222E+01
   .76000000E+00  .13412556E+01
   .80000000E+00  .13289192E+01
   .84000000E+00  .13165118E+01
   .88000000E+00  .13040325E+01
   .92000000E+00  .12914803E+01
   .96000000E+00  .12788542E+01
   .10000000E+01  .12661531E+01
   .10400000E+01  .12533759E+01
   .10800000E+01  .12405216E+01
   .11200000E+01  .12275890E+01
   .11600000E+01  .12145770E+01
   .12000000E+01  .12014844E+01
   .12400000E+01  .11883100E+01
   .12800000E+01  .11750526E+01
   .13200000E+01  .11617110E+01
   .13600000E+01  .11482838E+01
   .14000000E+01  .11347699E+01
   .14400000E+01  .11211677E+01
   .14800000E+01  .11074761E+01
   .15200000E+01  .10936936E+01
   .15600000E+01  .10798187E+01
   .16000000E+01  .10658501E+01
   .16400000E+01  .10517862E+01
   .16800000E+01  .10376255E+01
   .17200000E+01  .10233665E+01
   .17600000E+01  .10090075E+01
   .18000000E+01  .99454702E+00
   .18400000E+01  .97998326E+00
   .18800000E+01  .96531456E+00
   .19200000E+01  .95053916E+00
   .19600000E+01  .93565528E+00
   .20000000E+01  .92066107E+00
Potential  L  =        3.00000   -.10000
  -.20000000E+01  .20664585E+01
  -.19600000E+01  .20573491E+01
  -.19200000E+01  .20482067E+01
  -.18800000E+01  .20390309E+01
  -.18400000E+01  .20298214E+01
  -.18000000E+01  .20205779E+01
  -.17600000E+01  .20113000E+01
  -.17200000E+01  .20019875E+01
  -.16800000E+01  .19926400E+01
  -.16400000E+01  .19832571E+01
  -.16000000E+01  .19738385E+01
  -.15600000E+01  .19643838E+01
  -.15200000E+01  .19548928E+01
  -.14800000E+01  .19453649E+01
  -.14400000E+01  .19357999E+01
  -.14000000E+01  .19261975E+01
  -.13600000E+01  .19165571E+01
  -.13200000E+01  .19068784E+01
  -.12800000E+01  .18971611E+01
  -.12400000E+01  .18874046E+01
  -.12000000E+01  .18776088E+01
  -.11600000E+01  .18677730E+01
  -.11200000E+01  .18578970E+01
  -.10800000E+01  .18479802E+01
  -.10400000E+01  .18380223E+01
  -.10000000E+01  .18280228E+01
  -.96000000E+00  .18179813E+01
  -.92000000E+00  .18078973E+01
  -.88000000E+00  .17977704E+01
  -.84000000E+00  .17876001E+01
  -.80000000E+00  .17773859E+01
  -.76000000E+00  .17671274E+01
  -.72000000E+00  .17568241E+01
  -.68000000E+00  .17464754E+01
  -.64000000E+00  .17360810E+01
  -.60000000E+00  .17256401E+01
  -.56000000E+00  .17151525E+01
  -.52000000E+00  .17046174E+01
  -.48000000E+00  .16940345E+01
  -.44000000E+00  .16834030E+01
  -.40000000E+00  .16727226E+01
  -.36000000E+00  .16619926E+01
  -.32000000E+00  .16512124E+01
  -.28000000E+00  .16403815E+01
  -.24000000E+00  .16294992E+01
  -.20000000E+00  .16185650E+01
  -.16000000E+00  .16075783E+01
  -.12000000E+00  .15965384E+01
  -.80000000E-01  .15854447E+01
  -.40000000E-01  .15742965E+01
   .12351231E-14  .15630932E+01
   .40000000E-01  .15518341E+01
   .80000000E-01  .15405185E+01
   .12000000E+00  .15291458E+01
   .16000000E+00  .15177152E+01
   .20000000E+00  .15062261E+01
   .24000000E+00  .14946775E+01
   .28000000E+00  .14830690E+01
   .32000000E+00  .14713996E+01
   .36000000E+00  .14596685E+01
   .40000000E+00  .14478751E+01
   .44000000E+00  .14360185E+01
   .48000000E+00  .14240979E+01
   .52000000E+00  .14121124E+01
   .56000000E+00  .14000612E+01
   .60000000E+00  .13879435E+01
   .64000000E+00  .13757583E+01
   .68000000E+00  .13635047E+01
   .72000000E+00  .13511819E+01
   .76000000E+00  .13387889E+01
   .80000000E+00  .13263247E+01
   .84000000E+00  .13137884E+01
   .88000000E+00  .13011789E+01
   .92000000E+00  .12884954E+01
   .96000000E+00  .12757366E+01
   .10000000E+01  .12629017E+01
   .10400000E+01  .12499894E+01
   .10800000E+01  .12369987E+01
   .11200000E+01  .12239286E+01
   .11600000E+01  .12107777E+01
   .12000000E+01  .11975451E+01
   .12400000E+01  .11842294E+01
   .12800000E+01  .11708296E+01
   .13200000E+01  .11573442E+01
   .13600000E+01  .11437721E+01
   .14000000E+01  .11301120E+01
   .14400000E+01  .11163625E+01
   .14800000E+01  .11025224E+01
   .15200000E+01  .10885901E+01
   .15600000E+01  .10745643E+01
   .16000000E+01  .10604436E+01
   .16400000E+01  .10462265E+01
   .16800000E+01  .10319115E+01
   .17200000E+01  .10174970E+01
   .17600000E+01  .10029815E+01
   .18000000E+01  .98836332E+00
   .18400000E+01  .97364085E+00
   .18800000E+01  .95881240E+00
   .19200000E+01  .94387625E+00
   .19600000E+01  .92883062E+00
   .20000000E+01  .91367372E+00
Core Pot   L  =        4.00000    .00000
  -.20000000E+01  .26185374E+01
  -.19600000E+01  .26114234E+01
  -.19200000E+01  .26042936E+01
  -.18800000E+01  .25971480E+01
  -.18400000E+01  .25899864E+01
  -.18000000E+01  .25828088E+01
  -.17600000E+01  .25756150E+01
  -.17200000E+01  .25684050E+01
  -.16800000E+01  .25611786E+01
  -.16400000E+01  .25539359E+01
  -.16000000E+01  .25466766E+01
  -.15600000E+01  .25394006E+01
  -.15200000E+01  .25321079E+01
  -.14800000E+01  .25247984E+01
  -.14400000E+01  .25174720E+01
  -.14000000E+01  .25101285E+01
  -.13600000E+01  .25027679E+01
  -.13200000E+01  .24953900E+01
  -.12800000E+01  .24879948E+01
  -.12400000E+01  .24805821E+01
  -.12000000E+01  .24731518E+01
  -.11600000E+01  .24657038E+01
  -.11200000E+01  .24582381E+01
  -.10800000E+01  .24507544E+01
  -.10400000E+01  .24432528E+01
  -.10000000E+01  .24357330E+01
  -.96000000E+00  .24281949E+01
  -.92000000E+00  .24206385E+01
  -.88000000E+00  .24130636E+01
  -.84000000E+00  .24054701E+01
  -.80000000E+00  .23978579E+01
  -.76000000E+00  .23902269E+01
  -.72000000E+00  .23825768E+01
  -.68000000E+00  .23749077E+01
  -.64000000E+00  .23672194E+01
  -.60000000E+00  .23595118E+01
  -.56000000E+00  .23517847E+01
  -.52000000E+00  .23440380E+01
  -.48000000E+00  .23362716E+01
  -.44000000E+00  .23284854E+01
  -.40000000E+00  .23206791E+01
  -.36000000E+00  .23128528E+01
  -.32000000E+00  .23050062E+01
  -.28000000E+00  .22971392E+01
  -.24000000E+00  .22892517E+01
  -.20000000E+00  .22813435E+01
  -.16000000E+00  .22734146E+01
  -.12000000E+00  .22654647E+01
  -.80000000E-01  .22574937E+01
  -.40000000E-01  .22495015E+01
   .12351231E-14  .22414879E+01
   .40000000E-01  .22334527E+01
   .80000000E-01  .22253959E+01
   .12000000E+00  .22173173E+01
   .16000000E+00  .22092167E+01
   .20000000E+00  .22010940E+01
   .24000000E+00  .21929490E+01
   .28000000E+00  .21847815E+01
   .32000000E+00  .21765915E+01
   .36000000E+00  .21683787E+01
   .40000000E+00  .21601429E+01
   .44000000E+00  .21518841E+01
   .48000000E+00  .21436020E+01
   .52000000E+00  .21352965E+01
   .56000000E+00  .21269674E+01
   .60000000E+00  .21186145E+01
   .64000000E+00  .21102377E+01
   .68000000E+00  .21018368E+01
   .72000000E+00  .20934116E+01
   .76000000E+00  .20849620E+01
   .80000000E+00  .20764877E+01
   .84000000E+00  .20679885E+01
   .88000000E+00  .20594644E+01
   .92000000E+00  .20509150E+01
   .96000000E+00  .20423403E+01
   .10000000E+01  .20337399E+01
   .10400000E+01  .20251138E+01
   .10800000E+01  .20164618E+01
   .11200000E+01  .20077835E+01
   .11600000E+01  .19990789E+01
   .12000000E+01  .19903477E+01
   .12400000E+01  .19815898E+01
   .12800000E+01  .19728048E+01
   .13200000E+01  .19639927E+01
   .13600000E+01  .19551531E+01
   .14000000E+01  .19462860E+01
   .14400000E+01  .19373910E+01
   .14800000E+01  .19284679E+01
   .15200000E+01  .19195166E+01
   .15600000E+01  .19105368E+01
   .16000000E+01  .19015282E+01
   .16400000E+01  .18924907E+01
   .16800000E+01  .18834240E+01
   .17200000E+01  .18743279E+01
   .17600000E+01  .18652021E+01
   .18000000E+01  .18560464E+01
   .18400000E+01  .18468605E+01
   .18800000E+01  .18376443E+01
   .19200000E+01  .18283974E+01
   .19600000E+01  .18191196E+01
   .20000000E+01  .18098106E+01
Potential  L  =        4.00000    .00000
  -.20000000E+01  .26260041E+01
  -.19600000E+01  .26188697E+01
  -.19200000E+01  .26117192E+01
  -.18800000E+01  .26045526E+01
  -.18400000E+01  .25973698E+01
  -.18000000E+01  .25901706E+01
  -.17600000E+01  .25829550E+01
  -.17200000E+01  .25757229E+01
  -.16800000E+01  .25684741E+01
  -.16400000E+01  .25612086E+01
  -.16000000E+01  .25539263E+01
  -.15600000E+01  .25466270E+01
  -.15200000E+01  .25393106E+01
  -.14800000E+01  .25319771E+01
  -.14400000E+01  .25246263E+01
  -.14000000E+01  .25172582E+01
  -.13600000E+01  .25098726E+01
  -.13200000E+01  .25024694E+01
  -.12800000E+01  .24950485E+01
  -.12400000E+01  .24876098E+01
  -.12000000E+01  .24801532E+01
  -.11600000E+01  .24726785E+01
  -.11200000E+01  .24651857E+01
  -.10800000E+01  .24576746E+01
  -.10400000E+01  .24501451E+01
  -.10000000E+01  .24425971E+01
  -.96000000E+00  .24350305E+01
  -.92000000E+00  .24274452E+01
  -.88000000E+00  .24198409E+01
  -.84000000E+00  .24122177E+01
  -.80000000E+00  .24045754E+01
  -.76000000E+00  .23969138E+01
  -.72000000E+00  .23892329E+01
  -.68000000E+00  .23815325E+01
  -.64000000E+00  .23738124E+01
  -.60000000E+00  .23660726E+01
  -.56000000E+00  .23583129E+01
  -.52000000E+00  .23505332E+01
  -.48000000E+00  .23427333E+01
  -.44000000E+00  .23349131E+01
  -.40000000E+00  .23270725E+01
  -.36000000E+00  .23192114E+01
  -.32000000E+00  .23113295E+01
  -.28000000E+00  .23034267E+01
  -.24000000E+00  .22955030E+01
  -.20000000E+00  .22875581E+01
  -.16000000E+00  .22795920E+01
  -.12000000E+00  .22716044E+01
  -.80000000E-01  .22635952E+01
  -.40000000E-01  .22555643E+01
   .12351231E-14  .22475114E+01
   .40000000E-01  .22394366E+01
   .80000000E-01  .22313395E+01
   .12000000E+00  .22232201E+01
   .16000000E+00  .22150782E+01
   .20000000E+00  .22069136E+01
   .24000000E+00  .21987262E+01
   .28000000E+00  .21905157E+01
   .32000000E+00  .21822821E+01
   .36000000E+00  .21740251E+01
   .40000000E+00  .21657447E+01
   .44000000E+00  .21574405E+01
   .48000000E+00  .21491125E+01
   .52000000E+00  .21407605E+01
   .56000000E+00  .21323842E+01
   .60000000E+00  .21239836E+01
   .64000000E+00  .21155584E+01
   .68000000E+00  .21071084E+01
   .72000000E+00  .20986336E+01
   .76000000E+00  .20901335E+01
   .80000000E+00  .20816082E+01
   .84000000E+00  .20730574E+01
   .88000000E+00  .20644808E+01
   .92000000E+00  .20558784E+01
   .96000000E+00  .20472499E+01
   .10000000E+01  .20385950E+01
   .10400000E+01  .20299137E+01
   .10800000E+01  .20212056E+01
   .11200000E+01  .20124707E+01
   .11600000E+01  .20037086E+01
   .12000000E+01  .19949192E+01
   .12400000E+01  .19861022E+01
   .12800000E+01  .19772575E+01
   .13200000E+01  .19683847E+01
   .13600000E+01  .19594838E+01
   .14000000E+01  .19505544E+01
   .14400000E+01  .19415963E+01
   .14800000E+01  .19326094E+01
   .15200000E+01  .19235933E+01
   .15600000E+01  .19145478E+01
   .16000000E+01  .19054727E+01
   .16400000E+01  .18963678E+01
   .16800000E+01  .18872328E+01
   .17200000E+01  .18780674E+01
   .17600000E+01  .18688714E+01
   .18000000E+01  .18596446E+01
   .18400000E+01  .18503867E+01
   .18800000E+01  .18410974E+01
   .19200000E+01  .18317764E+01
   .19600000E+01  .18224236E+01
   .20000000E+01  .18130386E+01
KBPotential  L  =      2.00000  -2.83171
  -.20000000E+01  .98458941E+00
  -.19600000E+01  .93608140E+00
  -.19200000E+01  .88324600E+00
  -.18800000E+01  .82531217E+00
  -.18400000E+01  .76131216E+00
  -.18000000E+01  .69001435E+00
  -.17600000E+01  .60982678E+00
  -.17200000E+01  .51865485E+00
  -.16800000E+01  .41368595E+00
  -.16400000E+01  .29105276E+00
  -.16000000E+01  .14528777E+00
  -.15600000E+01 -.31600108E-01
  -.15200000E+01 -.25177154E+00
  -.14800000E+01 -.53468445E+00
  -.14400000E+01 -.91353404E+00
  -.14000000E+01 -.14499747E+01
  -.13600000E+01 -.22729394E+01
  -.13200000E+01 -.37048388E+01
  -.12800000E+01 -.68423720E+01
  -.12400000E+01 -.19373171E+02
  -.12000000E+01  .42966997E+02
  -.11600000E+01  .11855488E+02
  -.11200000E+01  .73884634E+01
  -.10800000E+01  .55936476E+01
  -.10400000E+01  .46214727E+01
  -.10000000E+01  .40092635E+01
  -.96000000E+00  .35865101E+01
  -.92000000E+00  .32756940E+01
  -.88000000E+00  .30365003E+01
  -.84000000E+00  .28458895E+01
  -.80000000E+00  .26897396E+01
  -.76000000E+00  .25589120E+01
  -.72000000E+00  .24472314E+01
  -.68000000E+00  .23503748E+01
  -.64000000E+00  .22652253E+01
  -.60000000E+00  .21894787E+01
  -.56000000E+00  .21213950E+01
  -.52000000E+00  .20596355E+01
  -.48000000E+00  .20031534E+01
  -.44000000E+00  .19511181E+01
  -.40000000E+00  .19028624E+01
  -.36000000E+00  .18578440E+01
  -.32000000E+00  .18156175E+01
  -.28000000E+00  .17758137E+01
  -.24000000E+00  .17381240E+01
  -.20000000E+00  .17022882E+01
  -.16000000E+00  .16680856E+01
  -.12000000E+00  .16353276E+01
  -.80000000E-01  .16038522E+01
  -.40000000E-01  .15735191E+01
   .12351231E-14  .15442065E+01
   .40000000E-01  .15158081E+01
   .80000000E-01  .14882304E+01
   .12000000E+00  .14613911E+01
   .16000000E+00  .14352173E+01
   .20000000E+00  .14096442E+01
   .24000000E+00  .13846141E+01
   .28000000E+00  .13600752E+01
   .32000000E+00  .13359811E+01
   .36000000E+00  .13122899E+01
   .40000000E+00  .12889636E+01
   .44000000E+00  .12659681E+01
   .48000000E+00  .12432720E+01
   .52000000E+00  .12208469E+01
   .56000000E+00  .11986667E+01
   .60000000E+00  .11767075E+01
   .64000000E+00  .11549473E+01
   .68000000E+00  .11333660E+01
   .72000000E+00  .11119447E+01
   .76000000E+00  .10906662E+01
   .80000000E+00  .10695144E+01
   .84000000E+00  .10484742E+01
   .88000000E+00  .10275318E+01
   .92000000E+00  .10066740E+01
   .96000000E+00  .98588860E+00
   .10000000E+01  .96516408E+00
   .10400000E+01  .94448961E+00
   .10800000E+01  .92385497E+00
   .11200000E+01  .90325050E+00
   .11600000E+01  .88266702E+00
   .12000000E+01  .86209584E+00
   .12400000E+01  .84152868E+00
   .12800000E+01  .82095762E+00
   .13200000E+01  .80037510E+00
   .13600000E+01  .77977389E+00
   .14000000E+01  .75914703E+00
   .14400000E+01  .73848783E+00
   .14800000E+01  .71778983E+00
   .15200000E+01  .69704680E+00
   .15600000E+01  .67625269E+00
   .16000000E+01  .65540165E+00
   .16400000E+01  .63448797E+00
   .16800000E+01  .61350610E+00
   .17200000E+01  .59245062E+00
   .17600000E+01  .57131623E+00
   .18000000E+01  .55009772E+00
   .18400000E+01  .52879000E+00
   .18800000E+01  .50738804E+00
   .19200000E+01  .48588690E+00
   .19600000E+01  .46428169E+00
   .20000000E+01  .44256757E+00
KBPotential  L  =       .00000  -1.32438
  -.20000000E+01  .74300366E+00
  -.19600000E+01  .72434165E+00
  -.19200000E+01  .70548845E+00
  -.18800000E+01  .68643992E+00
  -.18400000E+01  .66719180E+00
  -.18000000E+01  .64773969E+00
  -.17600000E+01  .62807908E+00
  -.17200000E+01  .60820528E+00
  -.16800000E+01  .58811349E+00
  -.16400000E+01  .56779873E+00
  -.16000000E+01  .54725588E+00
  -.15600000E+01  .52647965E+00
  -.15200000E+01  .50546457E+00
  -.14800000E+01  .48420501E+00
  -.14400000E+01  .46269513E+00
  -.14000000E+01  .44092893E+00
  -.13600000E+01  .41890017E+00
  -.13200000E+01  .39660242E+00
  -.12800000E+01  .37402904E+00
  -.12400000E+01  .35117313E+00
  -.12000000E+01  .32802758E+00
  -.11600000E+01  .30458502E+00
  -.11200000E+01  .28083782E+00
  -.10800000E+01  .25677808E+00
  -.10400000E+01  .23239760E+00
  -.10000000E+01  .20768789E+00
  -.96000000E+00  .18264017E+00
  -.92000000E+00  .15724529E+00
  -.88000000E+00  .13149380E+00
  -.84000000E+00  .10537586E+00
  -.80000000E+00  .78881280E-01
  -.76000000E+00  .51999449E-01
  -.72000000E+00  .24719360E-01
  -.68000000E+00 -.29704321E-02
  -.64000000E+00 -.31081832E-01
  -.60000000E+00 -.59627222E-01
  -.56000000E+00 -.88619490E-01
  -.52000000E+00 -.11807206E+00
  -.48000000E+00 -.14799890E+00
  -.44000000E+00 -.17841458E+00
  -.40000000E+00 -.20933430E+00
  -.36000000E+00 -.24077389E+00
  -.32000000E+00 -.27274990E+00
  -.28000000E+00 -.30527958E+00
  -.24000000E+00 -.33838099E+00
  -.20000000E+00 -.37207297E+00
  -.16000000E+00 -.40637525E+00
  -.12000000E+00 -.44130847E+00
  -.80000000E-01 -.47689423E+00
  -.40000000E-01 -.51315519E+00
   .12351231E-14 -.55011508E+00
   .40000000E-01 -.58779881E+00
   .80000000E-01 -.62623254E+00
   .12000000E+00 -.66544372E+00
   .16000000E+00 -.70546125E+00
   .20000000E+00 -.74631553E+00
   .24000000E+00 -.78803855E+00
   .28000000E+00 -.83066407E+00
   .32000000E+00 -.87422766E+00
   .36000000E+00 -.91876693E+00
   .40000000E+00 -.96432161E+00
   .44000000E+00 -.10109337E+01
   .48000000E+00 -.10586479E+01
   .52000000E+00 -.11075114E+01
   .56000000E+00 -.11575744E+01
   .60000000E+00 -.12088905E+01
   .64000000E+00 -.12615165E+01
   .68000000E+00 -.13155133E+01
   .72000000E+00 -.13709461E+01
   .76000000E+00 -.14278847E+01
   .80000000E+00 -.14864044E+01
   .84000000E+00 -.15465861E+01
   .88000000E+00 -.16085177E+01
   .92000000E+00 -.16722947E+01
   .96000000E+00 -.17380216E+01
   .10000000E+01 -.18058133E+01
   .10400000E+01 -.18757969E+01
   .10800000E+01 -.19481147E+01
   .11200000E+01 -.20229276E+01
   .11600000E+01 -.21004201E+01
   .12000000E+01 -.21808071E+01
   .12400000E+01 -.22643453E+01
   .12800000E+01 -.23513492E+01
   .13200000E+01 -.24422183E+01
   .13600000E+01 -.25374828E+01
   .14000000E+01 -.26378870E+01
   .14400000E+01 -.27445507E+01
   .14800000E+01 -.28593146E+01
   .15200000E+01 -.29855710E+01
   .15600000E+01 -.31306232E+01
   .16000000E+01 -.33143258E+01
   .16400000E+01 -.36191075E+01
   .16800000E+01 -.54287932E+01
   .17200000E+01 -.27243107E+01
   .17600000E+01 -.32646384E+01
   .18000000E+01 -.35134802E+01
   .18400000E+01 -.37095560E+01
   .18800000E+01 -.38908963E+01
   .19200000E+01 -.40694779E+01
   .19600000E+01 -.42505789E+01
   .20000000E+01 -.44371507E+01
KBPotential  L  =      1.00000   -.38600
  -.20000000E+01  .11669523E+01
  -.19600000E+01  .11525394E+01
  -.19200000E+01  .11380243E+01
  -.18800000E+01  .11234055E+01
  -.18400000E+01  .11086813E+01
  -.18000000E+01  .10938499E+01
  -.17600000E+01  .10789097E+01
  -.17200000E+01  .10638589E+01
  -.16800000E+01  .10486956E+01
  -.16400000E+01  .10334180E+01
  -.16000000E+01  .10180242E+01
  -.15600000E+01  .10025122E+01
  -.15200000E+01  .98688002E+00
  -.14800000E+01  .97112561E+00
  -.14400000E+01  .95524687E+00
  -.14000000E+01  .93924164E+00
  -.13600000E+01  .92310773E+00
  -.13200000E+01  .90684287E+00
  -.12800000E+01  .89044474E+00
  -.12400000E+01  .87391099E+00
  -.12000000E+01  .85723914E+00
  -.11600000E+01  .84042670E+00
  -.11200000E+01  .82347113E+00
  -.10800000E+01  .80636978E+00
  -.10400000E+01  .78911996E+00
  -.10000000E+01  .77171889E+00
  -.96000000E+00  .75416373E+00
  -.92000000E+00  .73645155E+00
  -.88000000E+00  .71857935E+00
  -.84000000E+00  .70054408E+00
  -.80000000E+00  .68234253E+00
  -.76000000E+00  .66397146E+00
  -.72000000E+00  .64542753E+00
  -.68000000E+00  .62670729E+00
  -.64000000E+00  .60780720E+00
  -.60000000E+00  .58872364E+00
  -.56000000E+00  .56945285E+00
  -.52000000E+00  .54999098E+00
  -.48000000E+00  .53033407E+00
  -.44000000E+00  .51047804E+00
  -.40000000E+00  .49041868E+00
  -.36000000E+00  .47015167E+00
  -.32000000E+00  .44967253E+00
  -.28000000E+00  .42897669E+00
  -.24000000E+00  .40805939E+00
  -.20000000E+00  .38691577E+00
  -.16000000E+00  .36554076E+00
  -.12000000E+00  .34392919E+00
  -.80000000E-01  .32207569E+00
  -.40000000E-01  .29997473E+00
   .12351231E-14  .27762054E+00
   .40000000E-01  .25500732E+00
   .80000000E-01  .23212893E+00
   .12000000E+00  .20897906E+00
   .16000000E+00  .18555122E+00
   .20000000E+00  .16183866E+00
   .24000000E+00  .13783449E+00
   .28000000E+00  .11353139E+00
   .32000000E+00  .88921971E-01
   .36000000E+00  .63998510E-01
   .40000000E+00  .38753020E-01
   .44000000E+00  .13177225E-01
   .48000000E+00 -.12737452E-01
   .52000000E+00 -.38999901E-01
   .56000000E+00 -.65619342E-01
   .60000000E+00 -.92605340E-01
   .64000000E+00 -.11996782E+00
   .68000000E+00 -.14771708E+00
   .72000000E+00 -.17586384E+00
   .76000000E+00 -.20441919E+00
   .80000000E+00 -.23339472E+00
   .84000000E+00 -.26280241E+00
   .88000000E+00 -.29265479E+00
   .92000000E+00 -.32296485E+00
   .96000000E+00 -.35374615E+00
   .10000000E+01 -.38501277E+00
   .10400000E+01 -.41677944E+00
   .10800000E+01 -.44906146E+00
   .11200000E+01 -.48187483E+00
   .11600000E+01 -.51523623E+00
   .12000000E+01 -.54916307E+00
   .12400000E+01 -.58367355E+00
   .12800000E+01 -.61878668E+00
   .13200000E+01 -.65452233E+00
   .13600000E+01 -.69090132E+00
   .14000000E+01 -.72794542E+00
   .14400000E+01 -.76567744E+00
   .14800000E+01 -.80412127E+00
   .15200000E+01 -.84330200E+00
   .15600000E+01 -.88324591E+00
   .16000000E+01 -.92398062E+00
   .16400000E+01 -.96553516E+00
   .16800000E+01 -.10079400E+01
   .17200000E+01 -.10512273E+01
   .17600000E+01 -.10954307E+01
   .18000000E+01 -.11405859E+01
   .18400000E+01 -.11867305E+01
   .18800000E+01 -.12339039E+01
   .19200000E+01 -.12821479E+01
   .19600000E+01 -.13315069E+01
   .20000000E+01 -.13820273E+01
KBPotential  L  =      3.00000    .00000
  -.20000000E+01  .20664585E+01
  -.19600000E+01  .20573491E+01
  -.19200000E+01  .20482067E+01
  -.18800000E+01  .20390309E+01
  -.18400000E+01  .20298214E+01
  -.18000000E+01  .20205779E+01
  -.17600000E+01  .20113000E+01
  -.17200000E+01  .20019875E+01
  -.16800000E+01  .19926400E+01
  -.16400000E+01  .19832571E+01
  -.16000000E+01  .19738385E+01
  -.15600000E+01  .19643838E+01
  -.15200000E+01  .19548928E+01
  -.14800000E+01  .19453649E+01
  -.14400000E+01  .19357999E+01
  -.14000000E+01  .19261975E+01
  -.13600000E+01  .19165571E+01
  -.13200000E+01  .19068784E+01
  -.12800000E+01  .18971611E+01
  -.12400000E+01  .18874046E+01
  -.12000000E+01  .18776088E+01
  -.11600000E+01  .18677730E+01
  -.11200000E+01  .18578970E+01
  -.10800000E+01  .18479802E+01
  -.10400000E+01  .18380223E+01
  -.10000000E+01  .18280228E+01
  -.96000000E+00  .18179813E+01
  -.92000000E+00  .18078973E+01
  -.88000000E+00  .17977704E+01
  -.84000000E+00  .17876001E+01
  -.80000000E+00  .17773859E+01
  -.76000000E+00  .17671274E+01
  -.72000000E+00  .17568241E+01
  -.68000000E+00  .17464754E+01
  -.64000000E+00  .17360810E+01
  -.60000000E+00  .17256401E+01
  -.56000000E+00  .17151525E+01
  -.52000000E+00  .17046174E+01
  -.48000000E+00  .16940345E+01
  -.44000000E+00  .16834030E+01
  -.40000000E+00  .16727226E+01
  -.36000000E+00  .16619926E+01
  -.32000000E+00  .16512124E+01
  -.28000000E+00  .16403815E+01
  -.24000000E+00  .16294992E+01
  -.20000000E+00  .16185650E+01
  -.16000000E+00  .16075783E+01
  -.12000000E+00  .15965384E+01
  -.80000000E-01  .15854447E+01
  -.40000000E-01  .15742965E+01
   .12351231E-14  .15630932E+01
   .40000000E-01  .15518341E+01
   .80000000E-01  .15405185E+01
   .12000000E+00  .15291458E+01
   .16000000E+00  .15177152E+01
   .20000000E+00  .15062261E+01
   .24000000E+00  .14946775E+01
   .28000000E+00  .14830690E+01
   .32000000E+00  .14713996E+01
   .36000000E+00  .14596685E+01
   .40000000E+00  .14478751E+01
   .44000000E+00  .14360185E+01
   .48000000E+00  .14240979E+01
   .52000000E+00  .14121124E+01
   .56000000E+00  .14000612E+01
   .60000000E+00  .13879435E+01
   .64000000E+00  .13757583E+01
   .68000000E+00  .13635047E+01
   .72000000E+00  .13511819E+01
   .76000000E+00  .13387889E+01
   .80000000E+00  .13263247E+01
   .84000000E+00  .13137884E+01
   .88000000E+00  .13011789E+01
   .92000000E+00  .12884954E+01
   .96000000E+00  .12757366E+01
   .10000000E+01  .12629017E+01
   .10400000E+01  .12499894E+01
   .10800000E+01  .12369987E+01
   .11200000E+01  .12239286E+01
   .11600000E+01  .12107777E+01
   .12000000E+01  .11975451E+01
   .12400000E+01  .11842294E+01
   .12800000E+01  .11708296E+01
   .13200000E+01  .11573442E+01
   .13600000E+01  .11437721E+01
   .14000000E+01  .11301120E+01
   .14400000E+01  .11163625E+01
   .14800000E+01  .11025224E+01
   .15200000E+01  .10885901E+01
   .15600000E+01  .10745643E+01
   .16000000E+01  .10604436E+01
   .16400000E+01  .10462265E+01
   .16800000E+01  .10319115E+01
   .17200000E+01  .10174970E+01
   .17600000E+01  .10029815E+01
   .18000000E+01  .98836332E+00
   .18400000E+01  .97364085E+00
   .18800000E+01  .95881240E+00
   .19200000E+01  .94387625E+00
   .19600000E+01  .92883062E+00
   .20000000E+01  .91367372E+00
KBPotential  L  =      4.00000    .00000
  -.20000000E+01  .26260041E+01
  -.19600000E+01  .26188697E+01
  -.19200000E+01  .26117192E+01
  -.18800000E+01  .26045526E+01
  -.18400000E+01  .25973698E+01
  -.18000000E+01  .25901706E+01
  -.17600000E+01  .25829550E+01
  -.17200000E+01  .25757229E+01
  -.16800000E+01  .25684741E+01
  -.16400000E+01  .25612086E+01
  -.16000000E+01  .25539263E+01
  -.15600000E+01  .25466270E+01
  -.15200000E+01  .25393106E+01
  -.14800000E+01  .25319771E+01
  -.14400000E+01  .25246263E+01
  -.14000000E+01  .25172582E+01
  -.13600000E+01  .25098726E+01
  -.13200000E+01  .25024694E+01
  -.12800000E+01  .24950485E+01
  -.12400000E+01  .24876098E+01
  -.12000000E+01  .24801532E+01
  -.11600000E+01  .24726785E+01
  -.11200000E+01  .24651857E+01
  -.10800000E+01  .24576746E+01
  -.10400000E+01  .24501451E+01
  -.10000000E+01  .24425971E+01
  -.96000000E+00  .24350305E+01
  -.92000000E+00  .24274452E+01
  -.88000000E+00  .24198409E+01
  -.84000000E+00  .24122177E+01
  -.80000000E+00  .24045754E+01
  -.76000000E+00  .23969138E+01
  -.72000000E+00  .23892329E+01
  -.68000000E+00  .23815325E+01
  -.64000000E+00  .23738124E+01
  -.60000000E+00  .23660726E+01
  -.56000000E+00  .23583129E+01
  -.52000000E+00  .23505332E+01
  -.48000000E+00  .23427333E+01
  -.44000000E+00  .23349131E+01
  -.40000000E+00  .23270725E+01
  -.36000000E+00  .23192114E+01
  -.32000000E+00  .23113295E+01
  -.28000000E+00  .23034267E+01
  -.24000000E+00  .22955030E+01
  -.20000000E+00  .22875581E+01
  -.16000000E+00  .22795920E+01
  -.12000000E+00  .22716044E+01
  -.80000000E-01  .22635952E+01
  -.40000000E-01  .22555643E+01
   .12351231E-14  .22475114E+01
   .40000000E-01  .22394366E+01
   .80000000E-01  .22313395E+01
   .12000000E+00  .22232201E+01
   .16000000E+00  .22150782E+01
   .20000000E+00  .22069136E+01
   .24000000E+00  .21987262E+01
   .28000000E+00  .21905157E+01
   .32000000E+00  .21822821E+01
   .36000000E+00  .21740251E+01
   .40000000E+00  .21657447E+01
   .44000000E+00  .21574405E+01
   .48000000E+00  .21491125E+01
   .52000000E+00  .21407605E+01
   .56000000E+00  .21323842E+01
   .60000000E+00  .21239836E+01
   .64000000E+00  .21155584E+01
   .68000000E+00  .21071084E+01
   .72000000E+00  .20986336E+01
   .76000000E+00  .20901335E+01
   .80000000E+00  .20816082E+01
   .84000000E+00  .20730574E+01
   .88000000E+00  .20644808E+01
   .92000000E+00  .20558784E+01
   .96000000E+00  .20472499E+01
   .10000000E+01  .20385950E+01
   .10400000E+01  .20299137E+01
   .10800000E+01  .20212056E+01
   .11200000E+01  .20124707E+01
   .11600000E+01  .20037086E+01
   .12000000E+01  .19949192E+01
   .12400000E+01  .19861022E+01
   .12800000E+01  .19772575E+01
   .13200000E+01  .19683847E+01
   .13600000E+01  .19594838E+01
   .14000000E+01  .19505544E+01
   .14400000E+01  .19415963E+01
   .14800000E+01  .19326094E+01
   .15200000E+01  .19235933E+01
   .15600000E+01  .19145478E+01
   .16000000E+01  .19054727E+01
   .16400000E+01  .18963678E+01
   .16800000E+01  .18872328E+01
   .17200000E+01  .18780674E+01
   .17600000E+01  .18688714E+01
   .18000000E+01  .18596446E+01
   .18400000E+01  .18503867E+01
   .18800000E+01  .18410974E+01
   .19200000E+01  .18317764E+01
   .19600000E+01  .18224236E+01
   .20000000E+01  .18130386E+01
