Al: s2p1                                
  .808454834E-04  .821423600E-04  .834600312E-04  .847988300E-04  .861590951E-04
  .875411705E-04  .889454054E-04  .903721551E-04  .918217802E-04  .932946474E-04
  .947911288E-04  .963116029E-04  .978564541E-04  .994260729E-04  .101020856E-03
  .102641207E-03  .104287535E-03  .105960256E-03  .107659793E-03  .109386576E-03
  .111141041E-03  .112923632E-03  .114734799E-03  .116574999E-03  .118444698E-03
  .120344369E-03  .122274491E-03  .124235552E-03  .126228048E-03  .128252483E-03
  .130309366E-03  .132399219E-03  .134522570E-03  .136679954E-03  .138871918E-03
  .141099013E-03  .143361805E-03  .145660863E-03  .147996768E-03  .150370111E-03
  .152781492E-03  .155231518E-03  .157720810E-03  .160249995E-03  .162819713E-03
  .165430612E-03  .168083351E-03  .170778602E-03  .173517043E-03  .176299367E-03
  .179126277E-03  .181998485E-03  .184916717E-03  .187881710E-03  .190894212E-03
  .193954985E-03  .197064799E-03  .200224442E-03  .203434709E-03  .206696411E-03
  .210010372E-03  .213377428E-03  .216798429E-03  .220274237E-03  .223805731E-03
  .227393801E-03  .231039352E-03  .234743305E-03  .238506594E-03  .242330168E-03
  .246214993E-03  .250162047E-03  .254172328E-03  .258246845E-03  .262386628E-03
  .266592720E-03  .270866182E-03  .275208092E-03  .279619545E-03  .284101654E-03
  .288655548E-03  .293282375E-03  .297983304E-03  .302759518E-03  .307612222E-03
  .312542639E-03  .317552012E-03  .322641605E-03  .327812699E-03  .333066598E-03
  .338404627E-03  .343828130E-03  .349338475E-03  .354937051E-03  .360625266E-03
  .366404556E-03  .372276377E-03  .378242207E-03  .384303549E-03  .390461931E-03
  .396718904E-03  .403076043E-03  .409534951E-03  .416097253E-03  .422764603E-03
  .429538678E-03  .436421187E-03  .443413860E-03  .450518459E-03  .457736772E-03
  .465070618E-03  .472521841E-03  .480092317E-03  .487783953E-03  .495598683E-03
  .503538475E-03  .511605326E-03  .519801267E-03  .528128360E-03  .536588700E-03
  .545184415E-03  .553917668E-03  .562790656E-03  .571805610E-03  .580964799E-03
  .590270525E-03  .599725129E-03  .609330988E-03  .619090518E-03  .629006173E-03
  .639080445E-03  .649315867E-03  .659715012E-03  .670280493E-03  .681014967E-03
  .691921132E-03  .703001726E-03  .714259536E-03  .725697390E-03  .737318161E-03
  .749124769E-03  .761120179E-03  .773307405E-03  .785689507E-03  .798269596E-03
  .811050829E-03  .824036418E-03  .837229621E-03  .850633751E-03  .864252174E-03
  .878088307E-03  .892145623E-03  .906427651E-03  .920937973E-03  .935680232E-03
  .950658127E-03  .965875414E-03  .981335911E-03  .997043497E-03  .101300211E-02
  .102921575E-02  .104568849E-02  .106242446E-02  .107942785E-02  .109670292E-02
  .111425401E-02  .113208552E-02  .115020190E-02  .116860771E-02  .118730756E-02
  .120630613E-02  .122560817E-02  .124521854E-02  .126514213E-02  .128538393E-02
  .130594903E-02  .132684255E-02  .134806975E-02  .136963592E-02  .139154647E-02
  .141380689E-02  .143642273E-02  .145939967E-02  .148274346E-02  .150645992E-02
  .153055499E-02  .155503471E-02  .157990519E-02  .160517265E-02  .163084341E-02
  .165692388E-02  .168342059E-02  .171034016E-02  .173768932E-02  .176547490E-02
  .179370383E-02  .182238319E-02  .185152012E-02  .188112191E-02  .191119594E-02
  .194174973E-02  .197279091E-02  .200432722E-02  .203636653E-02  .206891684E-02
  .210198628E-02  .213558309E-02  .216971566E-02  .220439249E-02  .223962224E-02
  .227541369E-02  .231177577E-02  .234871754E-02  .238624820E-02  .242437711E-02
  .246311378E-02  .250246784E-02  .254244912E-02  .258306755E-02  .262433327E-02
  .266625654E-02  .270884781E-02  .275211766E-02  .279607688E-02  .284073640E-02
  .288610734E-02  .293220097E-02  .297902877E-02  .302660238E-02  .307493363E-02
  .312403453E-02  .317391729E-02  .322459431E-02  .327607818E-02  .332838168E-02
  .338151782E-02  .343549978E-02  .349034098E-02  .354605502E-02  .360265574E-02
  .366015719E-02  .371857363E-02  .377791955E-02  .383820968E-02  .389945896E-02
  .396168259E-02  .402489599E-02  .408911483E-02  .415435503E-02  .422063274E-02
  .428796439E-02  .435636665E-02  .442585646E-02  .449645103E-02  .456816782E-02
  .464102460E-02  .471503938E-02  .479023047E-02  .486661647E-02  .494421627E-02
  .502304905E-02  .510313431E-02  .518449182E-02  .526714169E-02  .535110434E-02
  .543640050E-02  .552305123E-02  .561107792E-02  .570050230E-02  .579134643E-02
  .588363272E-02  .597738393E-02  .607262318E-02  .616937395E-02  .626766007E-02
  .636750577E-02  .646893565E-02  .657197468E-02  .667664824E-02  .678298209E-02
  .689100240E-02  .700073575E-02  .711220913E-02  .722544995E-02  .734048606E-02
  .745734572E-02  .757605767E-02  .769665105E-02  .781915548E-02  .794360106E-02
  .807001831E-02  .819843828E-02  .832889245E-02  .846141284E-02  .859603193E-02
  .873278272E-02  .887169873E-02  .901281400E-02  .915616307E-02  .930178106E-02
  .944970361E-02  .959996691E-02  .975260774E-02  .990766341E-02  .100651718E-01
  .102251715E-01  .103877016E-01  .105528017E-01  .107205122E-01  .108908740E-01
  .110639286E-01  .112397184E-01  .114182862E-01  .115996755E-01  .117839305E-01
  .119710962E-01  .121612181E-01  .123543424E-01  .125505163E-01  .127497875E-01
  .129522043E-01  .131578161E-01  .133666728E-01  .135788252E-01  .137943248E-01
  .140132239E-01  .142355757E-01  .144614340E-01  .146908538E-01  .149238906E-01
  .151606009E-01  .154010420E-01  .156452723E-01  .158933507E-01  .161453374E-01
  .164012933E-01  .166612803E-01  .169253613E-01  .171936000E-01  .174660612E-01
  .177428108E-01  .180239155E-01  .183094431E-01  .185994625E-01  .188940436E-01
  .191932573E-01  .194971758E-01  .198058721E-01  .201194206E-01  .204378967E-01
  .207613769E-01  .210899389E-01  .214236618E-01  .217626256E-01  .221069116E-01
  .224566025E-01  .228117821E-01  .231725355E-01  .235389491E-01  .239111107E-01
  .242891093E-01  .246730353E-01  .250629805E-01  .254590381E-01  .258613027E-01
  .262698704E-01  .266848386E-01  .271063062E-01  .275343738E-01  .279691433E-01
  .284107182E-01  .288592037E-01  .293147064E-01  .297773346E-01  .302471983E-01
  .307244089E-01  .312090799E-01  .317013261E-01  .322012643E-01  .327090129E-01
  .332246921E-01  .337484242E-01  .342803328E-01  .348205438E-01  .353691848E-01
  .359263854E-01  .364922770E-01  .370669932E-01  .376506694E-01  .382434430E-01
  .388454537E-01  .394568431E-01  .400777550E-01  .407083351E-01  .413487317E-01
  .419990951E-01  .426595776E-01  .433303342E-01  .440115220E-01  .447033003E-01
  .454058310E-01  .461192784E-01  .468438090E-01  .475795920E-01  .483267991E-01
  .490856043E-01  .498561845E-01  .506387191E-01  .514333900E-01  .522403819E-01
  .530598824E-01  .538920816E-01  .547371725E-01  .555953509E-01  .564668157E-01
  .573517684E-01  .582504136E-01  .591629591E-01  .600896154E-01  .610305963E-01
  .619861187E-01  .629564027E-01  .639416715E-01  .649421517E-01  .659580732E-01
  .669896691E-01  .680371760E-01  .691008341E-01  .701808868E-01  .712775812E-01
  .723911680E-01  .735219015E-01  .746700397E-01  .758358443E-01  .770195809E-01
  .782215188E-01  .794419312E-01  .806810954E-01  .819392926E-01  .832168079E-01
  .845139308E-01  .858309547E-01  .871681773E-01  .885259007E-01  .899044312E-01
  .913040794E-01  .927251605E-01  .941679941E-01  .956329046E-01  .971202206E-01
  .986302757E-01  .100163408E+00  .101719961E+00  .103300283E+00  .104904725E+00
  .106533647E+00  .108187410E+00  .109866384E+00  .111570941E+00  .113301460E+00
  .115058325E+00  .116841924E+00  .118652653E+00  .120490912E+00  .122357107E+00
  .124251648E+00  .126174955E+00  .128127448E+00  .130109559E+00  .132121720E+00
  .134164375E+00  .136237968E+00  .138342955E+00  .140479795E+00  .142648952E+00
  .144850901E+00  .147086120E+00  .149355093E+00  .151658314E+00  .153996282E+00
  .156369501E+00  .158778485E+00  .161223754E+00  .163705833E+00  .166225258E+00
  .168782569E+00  .171378314E+00  .174013051E+00  .176687341E+00  .179401757E+00
  .182156877E+00  .184953288E+00  .187791584E+00  .190672368E+00  .193596250E+00
  .196563849E+00  .199575791E+00  .202632713E+00  .205735258E+00  .208884077E+00
  .212079833E+00  .215323195E+00  .218614841E+00  .221955459E+00  .225345745E+00
  .228786404E+00  .232278153E+00  .235821714E+00  .239417822E+00  .243067219E+00
  .246770659E+00  .250528905E+00  .254342727E+00  .258212910E+00  .262140245E+00
  .266125536E+00  .270169594E+00  .274273244E+00  .278437320E+00  .282662665E+00
  .286950134E+00  .291300595E+00  .295714924E+00  .300194008E+00  .304738747E+00
  .309350052E+00  .314028844E+00  .318776056E+00  .323592634E+00  .328479534E+00
  .333437724E+00  .338468184E+00  .343571908E+00  .348749900E+00  .354003177E+00
  .359332768E+00  .364739715E+00  .370225072E+00  .375789907E+00  .381435300E+00
  .387162343E+00  .392972143E+00  .398865819E+00  .404844504E+00  .410909344E+00
  .417061498E+00  .423302140E+00  .429632456E+00  .436053648E+00  .442566930E+00
  .449173531E+00  .455874695E+00  .462671679E+00  .469565755E+00  .476558210E+00
  .483650344E+00  .490843473E+00  .498138929E+00  .505538057E+00  .513042217E+00
  .520652786E+00  .528371155E+00  .536198731E+00  .544136936E+00  .552187207E+00
  .560350998E+00  .568629778E+00  .577025033E+00  .585538263E+00  .594170985E+00
  .602924733E+00  .611801056E+00  .620801520E+00  .629927707E+00  .639181216E+00
  .648563663E+00  .658076679E+00  .667721913E+00  .677501031E+00  .687415715E+00
  .697467664E+00  .707658595E+00  .717990241E+00  .728464353E+00  .739082699E+00
  .749847063E+00  .760759249E+00  .771821075E+00  .783034379E+00  .794401015E+00
  .805922855E+00  .817601789E+00  .829439724E+00  .841438584E+00  .853600312E+00
  .865926866E+00  .878420225E+00  .891082384E+00  .903915355E+00  .916921167E+00
  .930101870E+00  .943459527E+00  .956996223E+00  .970714057E+00  .984615148E+00
  .998701630E+00  .101297566E+01  .102743940E+01  .104209504E+01  .105694480E+01
  .107199088E+01  .108723553E+01  .110268100E+01  .111832957E+01  .113418353E+01
  .115024518E+01  .116651686E+01  .118300088E+01  .119969963E+01  .121661546E+01
  .123375076E+01  .125110794E+01  .126868942E+01  .128649764E+01  .130453504E+01
  .132280410E+01  .134130729E+01  .136004711E+01  .137902607E+01  .139824669E+01
  .141771152E+01  .143742311E+01  .145738403E+01  .147759685E+01  .149806417E+01
  .151878858E+01  .153977272E+01  .156101921E+01  .158253069E+01  .160430982E+01
  .162635925E+01  .164868166E+01  .167127974E+01  .169415618E+01  .171731368E+01
  .174075496E+01  .176448273E+01  .178849973E+01  .181280869E+01  .183741235E+01
  .186231346E+01  .188751477E+01  .191301906E+01  .193882907E+01  .196494758E+01
  .199137737E+01  .201812120E+01  .204518186E+01  .207256212E+01  .210026476E+01
  .212829257E+01  .215664832E+01  .218533479E+01  .221435475E+01  .224371099E+01
  .227340626E+01  .230344333E+01  .233382497E+01  .236455392E+01  .239563293E+01
  .242706474E+01  .245885208E+01  .249099766E+01  .252350419E+01  .255637437E+01
  .258961088E+01  .262321639E+01  .265719355E+01  .269154500E+01  .272627336E+01
  .276138122E+01  .279687118E+01  .283274578E+01  .286900758E+01  .290565907E+01
  .294270275E+01  .298014109E+01  .301797651E+01  .305621144E+01  .309484823E+01
  .313388924E+01  .317333678E+01  .321319313E+01  .325346052E+01  .329414116E+01
  .333523721E+01  .337675080E+01  .341868401E+01  .346103887E+01  .350381738E+01
  .354702147E+01  .359065304E+01  .363471394E+01  .367920594E+01  .372413080E+01
  .376949017E+01  .381528570E+01  .386151893E+01  .390819136E+01  .395530442E+01
  .400285949E+01  .405085785E+01  .409930075E+01  .414818932E+01  .419752466E+01
  .424730776E+01  .429753955E+01  .434822088E+01  .439935250E+01  .445093509E+01
  .450296923E+01  .455545543E+01  .460839408E+01  .466178549E+01  .471562988E+01
  .476992735E+01  .482467791E+01  .487988148E+01  .493553784E+01  .499164668E+01
  .504820758E+01  .510522000E+01  .516268328E+01  .522059664E+01  .527895919E+01
  .533776990E+01  .539702761E+01  .545673105E+01  .551687880E+01  .557746930E+01
  .563850087E+01  .569997167E+01  .576187972E+01  .582422291E+01  .588699895E+01
  .595020544E+01  .601383977E+01  .607789923E+01  .614238090E+01  .620728174E+01
  .627259850E+01  .633832780E+01  .640446606E+01  .647100955E+01  .653795434E+01
  .660529634E+01  .667303125E+01  .674115462E+01  .680966179E+01  .687854791E+01
  .694780795E+01  .701743666E+01  .708742862E+01  .715777819E+01  .722847952E+01
  .729952658E+01  .737091311E+01  .744263264E+01  .751467850E+01  .758704378E+01
  .765972139E+01  .773270397E+01  .780598398E+01  .787955362E+01  .795340490E+01
  .802752958E+01  .810191917E+01  .817656498E+01  .825145807E+01  .832658926E+01
  .840194913E+01  .847752804E+01  .855331608E+01  .862930311E+01  .870547875E+01
  .878183237E+01  .885835308E+01  .893502975E+01  .901185101E+01  .908880524E+01
  .916588054E+01  .924306480E+01  .932034562E+01  .939771037E+01  .947514616E+01
  .955263984E+01  .963017803E+01  .970774706E+01  .978533304E+01  .986292181E+01
  .994049896E+01  .100180498E+02  .100955595E+02  .101730129E+02  .102503944E+02
  .103276886E+02  .104048795E+02  .104819509E+02  .105588865E+02  .106356696E+02
  .107122834E+02  .107887107E+02  .108649344E+02  .109409367E+02  .110166999E+02
  .110922060E+02  .111674368E+02  .112423738E+02  .113169984E+02  .113912917E+02
  .114652346E+02  .115388080E+02  .116119923E+02  .116847679E+02  .117571150E+02
  .118290136E+02  .119004435E+02  .119713843E+02  .120418157E+02  .121117169E+02
  .121810671E+02  .122498455E+02  .123180310E+02  .123856024E+02  .124525384E+02
  .125188177E+02  .125844187E+02  .126493199E+02  .127134996E+02  .127769362E+02
  .128396077E+02  .129014925E+02  .129625686E+02  .130228142E+02  .130822073E+02
  .131407261E+02  .131983486E+02  .132550530E+02  .133108174E+02  .133656199E+02
  .134194389E+02  .134722527E+02  .135240395E+02  .135747780E+02  .136244468E+02
  .136730244E+02  .137204899E+02  .137668223E+02  .138120006E+02  .138560043E+02
  .138988129E+02  .139404062E+02  .139807642E+02  .140198671E+02  .140576955E+02
  .140942301E+02  .141294519E+02  .141633425E+02  .141958834E+02  .142270567E+02
  .142568450E+02  .142852308E+02  .143121975E+02  .143377286E+02  .143618082E+02
  .143844208E+02  .144055512E+02  .144251851E+02  .144433081E+02  .144599070E+02
  .144749686E+02  .144884805E+02  .145004308E+02  .145108083E+02  .145196023E+02
  .145268028E+02  .145324004E+02  .145363864E+02  .145387527E+02  .145394921E+02
  .145385979E+02  .145360642E+02  .145318860E+02  .145260588E+02  .145185791E+02
  .145094442E+02  .144986520E+02  .144862016E+02  .144720926E+02  .144563257E+02
  .144389023E+02  .144198249E+02  .143990967E+02  .143767220E+02  .143527059E+02
  .143270546E+02  .142997750E+02  .142708753E+02  .142403644E+02  .142082525E+02
  .141745504E+02  .141392703E+02  .141024253E+02  .140640293E+02  .140240976E+02
  .139826463E+02  .139396926E+02  .138952549E+02  .138493524E+02  .138020055E+02
  .137532358E+02  .137030657E+02  .136515188E+02  .135986198E+02  .135443945E+02
  .134888695E+02  .134320729E+02  .133740334E+02  .133147811E+02  .132543469E+02
  .131927629E+02  .131300621E+02  .130662787E+02  .130014477E+02  .129356053E+02
  .128687886E+02  .128010355E+02  .127323851E+02  .126628774E+02  .125925532E+02
  .125214544E+02  .124496236E+02  .123771042E+02  .123039408E+02  .122301785E+02
  .121558633E+02  .120810419E+02  .120057619E+02  .119300714E+02  .118540194E+02
  .117776554E+02  .117010297E+02  .116241929E+02  .115471964E+02  .114700921E+02
  .113929323E+02  .113157698E+02  .112386577E+02  .111616498E+02  .110847998E+02
  .110081619E+02  .109317907E+02  .108557408E+02  .107800669E+02  .107048240E+02
  .106300672E+02  .105558513E+02  .104822315E+02  .104092627E+02  .103369997E+02
  .102654971E+02  .101948094E+02  .101249906E+02  .100560948E+02  .998817521E+01
  .992128503E+01  .985547678E+01  .979080250E+01  .972731364E+01  .966506104E+01
  .960409483E+01  .954446441E+01  .948621837E+01  .942940449E+01  .937406960E+01
  .932025963E+01  .926801946E+01  .921739294E+01  .916842281E+01  .912115064E+01
  .907561679E+01  .903186036E+01  .898991914E+01  .894982955E+01  .891162663E+01
  .887534392E+01  .884101349E+01  .880866585E+01  .877832993E+01  .875003300E+01
  .872380068E+01  .869965685E+01  .867762365E+01  .865772140E+01  .863996860E+01
  .862438190E+01  .861097602E+01  .859976375E+01  .859075594E+01  .858396142E+01
  .857938700E+01  .857703748E+01  .857691556E+01  .857902186E+01  .858335489E+01
  .858991104E+01  .859868457E+01  .860966758E+01  .862285000E+01  .863821961E+01
  .865576198E+01  .867546053E+01  .869729649E+01  .872124891E+01  .874729466E+01
  .877540844E+01  .880556277E+01  .883772805E+01  .887187251E+01  .890796227E+01
  .894596134E+01  .898583165E+01  .902753304E+01  .907102335E+01  .911625838E+01
  .916319195E+01  .921177595E+01  .926196035E+01  .931369322E+01  .936692083E+01
  .942158763E+01  .947763633E+01  .953500792E+01  .959364178E+01  .965347562E+01
  .971444565E+01  .977648656E+01  .983953162E+01  .990351269E+01  .996836035E+01
  .100340039E+02  .101003714E+02  .101673899E+02  .102349854E+02  .103030827E+02
  .103716059E+02  .104404783E+02  .105096221E+02  .105789592E+02  .106484106E+02
  .107178970E+02  .107873385E+02  .108566548E+02  .109257653E+02  .109945893E+02
  .110630458E+02  .111310539E+02  .111985326E+02  .112654012E+02  .113315789E+02
  .113969855E+02  .114615409E+02  .115251656E+02  .115877806E+02  .116493075E+02
  .117096686E+02  .117687869E+02  .118265864E+02  .118829920E+02  .119379295E+02
  .119913260E+02  .120431096E+02  .120932097E+02  .121415571E+02  .121880840E+02
  .122327239E+02  .122754121E+02  .123160854E+02  .123546823E+02  .123911430E+02
  .124254096E+02  .124574261E+02  .124871383E+02  .125144942E+02  .125394436E+02
  .125619387E+02  .125819338E+02  .125993852E+02  .126142516E+02  .126264942E+02
  .126360762E+02  .126429634E+02  .126471239E+02  .126485286E+02  .126471503E+02
  .126429649E+02  .126359504E+02  .126260876E+02  .126133600E+02  .125977533E+02
  .125792563E+02  .125578600E+02  .125335583E+02  .125063477E+02  .124762272E+02
  .124431987E+02  .124072664E+02  .123684375E+02  .123267215E+02  .122821308E+02
  .122346800E+02  .121843868E+02  .121312709E+02  .120753549E+02  .120166638E+02
  .119552250E+02  .118910683E+02  .118242262E+02  .117547332E+02  .116826263E+02
  .116079446E+02  .115307298E+02  .114510254E+02  .113688772E+02  .112843330E+02
  .111974427E+02  .111082582E+02  .110168331E+02  .109232231E+02  .108274855E+02
  .107296793E+02  .106298653E+02  .105281057E+02  .104244642E+02  .103190062E+02
  .102117981E+02  .101029078E+02  .999240441E+01  .988035800E+01  .976683981E+01
  .965192206E+01  .953567781E+01  .941818096E+01  .929950610E+01  .917972852E+01
  .905892399E+01  .893716886E+01  .881453977E+01  .869111376E+01  .856696802E+01
  .844217998E+01  .831682702E+01  .819098661E+01  .806473602E+01  .793815243E+01
  .781131266E+01  .768429328E+01  .755717034E+01  .743001947E+01  .730291565E+01
  .717593328E+01  .704914593E+01  .692262647E+01  .679644678E+01  .667067791E+01
  .654538977E+01  .642065129E+01  .629653015E+01  .617309291E+01  .605040475E+01
  .592852960E+01  .580752991E+01  .568746677E+01  .556839965E+01  .545038656E+01
  .533348383E+01  .521774619E+01  .510322660E+01  .498997636E+01  .487804489E+01
  .476747989E+01  .465832712E+01  .455063053E+01  .444443208E+01  .433977185E+01
  .423668789E+01  .413521636E+01  .403539129E+01  .393724482E+01  .384080694E+01
  .374610571E+01  .365316702E+01  .356201483E+01  .347267093E+01  .338515516E+01
  .329948522E+01  .321567685E+01  .313374368E+01  .305369736E+01  .297554750E+01
  .289930172E+01  .282496568E+01  .275254309E+01  .268203573E+01  .261344350E+01
  .254676443E+01  .248199470E+01  .241912872E+01  .235815910E+01  .229907676E+01
  .224187088E+01  .218652904E+01  .213303720E+01  .208137974E+01  .203153956E+01
  .198349806E+01  .193723521E+01  .189272967E+01  .184995873E+01  .180889844E+01
  .176952362E+01  .173180793E+01  .169572393E+01  .166124313E+01  .162833603E+01
  .159697221E+01  .156712033E+01  .153874829E+01  .151182312E+01  .148631123E+01
  .146217828E+01  .143938941E+01  .141790913E+01  .139770153E+01  .137873019E+01
  .136095837E+01  .134434892E+01  .132886449E+01  .131446743E+01  .130111997E+01
  .128878415E+01  .127742200E+01  .126699546E+01  .125746654E+01  .124879723E+01
  .124094973E+01  .123388630E+01  .122756947E+01  .122196193E+01  .121702670E+01
  .121272707E+01  .120902675E+01  .120588972E+01  .120328053E+01  .120116403E+01
  .119950570E+01  .119827142E+01  .119742772E+01  .119694160E+01  .119678079E+01
  .119691350E+01  .119730873E+01  .119793606E+01  .119876584E+01  .119976905E+01
  .120091752E+01  .120218370E+01  .120354094E+01  .120496325E+01  .120642558E+01
  .120790352E+01  .120937365E+01  .121081324E+01  .121220051E+01  .121351441E+01
  .121473489E+01  .121584258E+01  .121681915E+01  .121764696E+01  .121830938E+01
  .121879052E+01  .121907548E+01  .121915006E+01  .121900108E+01  .121861607E+01
  .121798353E+01  .121709266E+01  .121593365E+01  .121449735E+01  .121277558E+01
  .121076080E+01  .120844644E+01  .120582653E+01  .120289603E+01  .119965050E+01
  .119608639E+01  .119220072E+01  .118799137E+01  .118345676E+01  .117859615E+01
  .117340928E+01  .116789669E+01  .116205939E+01  .115589915E+01  .114941815E+01
  .114261932E+01  .113550592E+01  .112808196E+01  .112035172E+01  .111232018E+01
  .110399256E+01  .109537473E+01  .108647277E+01  .107729336E+01  .106784334E+01
  .105813010E+01  .104816118E+01  .103794459E+01  .102748846E+01  .101680137E+01
  .100589193E+01  .994769190E+00  .983442190E+00  .971920352E+00  .960213056E+00
  .948330021E+00  .936280888E+00  .924075592E+00  .911723952E+00  .899236046E+00
  .886621800E+00  .873891360E+00  .861054681E+00  .848121908E+00  .835102966E+00
  .822007929E+00  .808846620E+00  .795628986E+00  .782364692E+00  .769063496E+00
  .755734866E+00  .742388264E+00  .729032948E+00  .715678072E+00  .702332581E+00
  .689005297E+00  .675704810E+00  .662439568E+00  .649217773E+00  .636047464E+00
  .622936419E+00  .609892244E+00  .596922264E+00  .584033623E+00  .571233175E+00
  .558527582E+00  .545923208E+00  .533426215E+00  .521042465E+00  .508777613E+00
  .496637005E+00  .484625781E+00  .472748771E+00  .461010596E+00  .449415566E+00
  .437967784E+00  .426671047E+00  .415528945E+00  .404544763E+00  .393721586E+00
  .383062202E+00  .372569201E+00  .362244882E+00  .352091357E+00  .342110452E+00
  .332303817E+00  .322672822E+00  .313218672E+00  .303942304E+00  .294844498E+00
  .285925777E+00  .277186506E+00  .268626833E+00  .260246758E+00  .252046047E+00
  .244024347E+00  .236181085E+00  .228515578E+00  .221026939E+00  .213714184E+00
  .206576135E+00  .199611534E+00  .192818942E+00  .186196849E+00  .179743581E+00
  .173457406E+00  .167336440E+00  .161378752E+00  .155582274E+00  .149944904E+00
  .144464413E+00  .139138552E+00  .133964962E+00  .128941251E+00  .124064966E+00
  .119333606E+00  .114744629E+00  .110295453E+00  .105983455E+00  .101806003E+00
  .977604323E-01  .938440601E-01  .900541884E-01  .863881094E-01  .828431096E-01
  .794164732E-01  .761054856E-01  .729074376E-01  .698196281E-01  .668393673E-01
  .639639801E-01  .611908082E-01  .585172136E-01  .559405803E-01  .534583170E-01
  .510678593E-01  .487666715E-01  .465522487E-01  .444221182E-01  .423738414E-01
  .404050151E-01  .385132726E-01  .366962852E-01  .349517632E-01  .332774567E-01
  .316711564E-01  .301306944E-01  .286539449E-01  .272388245E-01  .258832928E-01
  .245853527E-01  .233430504E-01  .221544761E-01  .210177633E-01  .199310896E-01
  .188926763E-01  .179007881E-01  .169537333E-01  .160498634E-01  .151875729E-01
  .143652986E-01  .135815199E-01  .128347579E-01  .121235751E-01  .114465749E-01
  .108024011E-01  .101897376E-01  .960730738E-02  .905387226E-02  .852823219E-02
  .802922467E-02  .755572407E-02  .710664101E-02  .668092168E-02  .627754719E-02
  .589553285E-02  .553392754E-02  .519181295E-02  .486830293E-02  .456254277E-02
  .427370849E-02  .400100614E-02  .374367109E-02  .350096733E-02  .327218676E-02
  .305664848E-02  .285369813E-02  .266270712E-02  .248307201E-02  .231421379E-02
  .215557720E-02  .200663005E-02  .186686257E-02  .173578674E-02  .161293561E-02
  .149786267E-02  .139014124E-02  .128936378E-02  .119514131E-02  .110710278E-02
  .102489447E-02  .948179394E-03  .876636716E-03  .809961168E-03  .747862495E-03
  .690064895E-03  .636306481E-03  .586338742E-03  .539926030E-03  .496845044E-03
  .456884336E-03  .419843825E-03  .385534318E-03  .353777054E-03  .324403248E-03
  .297253654E-03  .272178143E-03  .249035282E-03  .227691935E-03  .208022874E-03
  .189910401E-03  .173243981E-03  .157919887E-03  .143840865E-03  .130915796E-03
  .119059383E-03  .108191843E-03  .982386147E-04  .891300713E-04  .808012512E-04
  .731915962E-04  .662447010E-04  .599080739E-04  .541329078E-04  .488738609E-04
  .440888482E-04  .397388420E-04  .357876824E-04  .322018966E-04  .289505278E-04
  .260049720E-04  .233388239E-04  .209277306E-04  .187492537E-04  .167827381E-04
  .150091894E-04  .134111573E-04  .119726266E-04  .106789143E-04  .951657354E-05
  .847330356E-05  .753786503E-05  .670000225E-05  .594552241E-05  .527100413E-05
  .466854580E-05  .413096486E-05  .365173858E-05  .322494917E-05  .284523285E-05
  .250773278E-05  .220805550E-05  .194223075E-05  .170667425E-05  .149815357E-05
  .131375655E-05  .115086231E-05  .100711462E-05  .880397374E-06  .768812188E-06
  .670657830E-06  .584411399E-06  .508711131E-06  .442340697E-06  .384214882E-06
  .333366540E-06  .288934729E-06  .250153921E-06  .216344217E-06  .186902465E-06
  .161294225E-06  .139046503E-06  .119741180E-06  .103009092E-06  .885246886E-07
  .760012347E-07  .651864882E-07  .558588282E-07  .478237794E-07  .409109030E-07
  .349710154E-07  .298737052E-07  .255051193E-07  .217659908E-07  .185698862E-07
  .158416477E-07  .135160134E-07  .115363939E-07  .985379251E-08  .842585078E-08
  .721600853E-08  .619276462E-08  .532902849E-08  .460155231E-08  .399043537E-08
  .347869286E-08  .305188240E-08  .269778249E-08  .240611777E-08  .216832703E-08
  .197737040E-08  .182757338E-08  .171450582E-08  .163489524E-08  .158657342E-08
  .156846275E-08  .158059603E-08  .129761244E-08  .106360646E-08  .870408761E-09
  .711158315E-09  .580102135E-09  .472424168E-09  .384099298E-09  .311769001E-09
  .252635606E-09  .204372545E-09  .165048286E-09  .133061991E-09  .107089171E-09
  .860358804E-10  .690001572E-10  .552396405E-10  .441444098E-10  .352142514E-10
  .280396637E-10  .222860141E-10  .176803509E-10  .140004437E-10  .110656945E-10
  .872961255E-11  .687359736E-11  .540181108E-11  .423695819E-11  .331681845E-11
  .259140415E-11  .202063406E-11  .157243369E-11  .122118707E-11  .946477312E-12
  .732064408E-12  .565057067E-12  .435243270E-12  .334550204E-12  .256609483E-12
  .196407876E-12  .150007323E-12  .114320969E-12  .869343982E-13  .659632612E-13
  .499401247E-13  .377247550E-13  .284331345E-13  .213814276E-13  .160418474E-13
  .120079757E-13  .896757272E-14  .668130945E-14  .496617088E-14  .368253496E-14
  .272413692E-14  .201029337E-14  .147989179E-14  .108675582E-14  .796080350E-15
  .581696024E-15  .423975565E-15  .308235255E-15  .223517578E-15  .161666491E-15
  .116626782E-15  .839145852E-16  .602182785E-16  .430984571E-16  .307629739E-16
  .218987207E-16  .155461752E-16  .110060945E-16  .777030708E-17  .547052132E-17
  .384056466E-17  .268860777E-17  .187679098E-17  .130632267E-17  .906611137E-18
  .627360988E-18  .432842213E-18  .297746753E-18  .204201715E-18  .139622748E-18
  .951758694E-19  .646786207E-19  .438174536E-19  .295920591E-19  .199220484E-19
  .133694196E-19  .894334093E-20  .596327057E-20  .396328655E-20  .262543522E-20
  .173344700E-20  .114070073E-20  .748123207E-21  .488993480E-21  .318529548E-21
  .206776501E-21  .133765904E-21  .862323777E-22  .553941337E-22  .354579292E-22
  .226155286E-22  .143724696E-22  .910069864E-23  .574148253E-23  .360883094E-23
  .225990039E-23  .140987080E-23  .876240821E-24  .542511030E-24  .334596400E-24
  .205564502E-24  .125798542E-24  .766814060E-25  .465562237E-25  .281530061E-25
  .169557564E-25  .101704656E-25  .607549366E-26  .361430712E-26  .214119808E-26
  .126317173E-26  .742039526E-27  .434046227E-27  .252798406E-27  .146597664E-27
  .846406519E-28  .486535921E-28  .278432157E-28  .158626935E-28  .899646498E-29
  .507912045E-29  .285437413E-29  .159669891E-29  .889014338E-30  .492665133E-30
  .271728886E-30  .149157182E-30  .814817297E-31  .442962757E-31  .239633842E-31
  .128998890E-31  .690976805E-32  .368267409E-32  .195284571E-32  .103029069E-32
  .540780527E-33  .282379927E-33  .146683089E-33  .757951670E-34  .389582889E-34
  .199175825E-34  .101282199E-34  .512236556E-35  .257649922E-35  .128882028E-35
  .641118566E-36  .317138220E-36  .155992417E-36  .762927631E-37  .370995185E-37
  .179365220E-37  .862130537E-38  .411957385E-38  .195684082E-38  .923978700E-39
  .433661448E-39  .202302403E-39  .937975389E-40  .432215820E-40  .197927961E-40
  .900718768E-41  .407309894E-41  .183017380E-41  .817088502E-42  .362437263E-42
  .159720613E-42  .699247141E-43  .304101862E-43  .131372046E-43  .563714263E-44
  .240250191E-44  .101693551E-44  .427488213E-45  .178456283E-45  .739762363E-46
  .304495468E-46  .124443716E-46  .504944657E-47  .203408074E-47  .813431373E-48
  .322906287E-48  .127235779E-48  .497614801E-49  .193153471E-49  .744064580E-50
  .284440293E-50  .107898957E-50  .406127204E-51  .151669570E-51  .561951712E-52
  .206555189E-52  .753150850E-53  .272400901E-53  .977209210E-54  .347688647E-54
  .122684216E-54  .429292344E-55  .148954860E-55  .512464606E-56  .174803884E-56
  .591134617E-57  .198170808E-57  .658537583E-58  .000000000E+00  .000000000E+00
  .000000000E+00  .000000000E+00  .000000000E+00  .000000000E+00  .000000000E+00
  .000000000E+00  .000000000E+00  .000000000E+00  .000000000E+00  .000000000E+00
  .000000000E+00  .000000000E+00  .000000000E+00  .000000000E+00  .000000000E+00
  .000000000E+00  .000000000E+00  .000000000E+00  .000000000E+00  .000000000E+00
  .000000000E+00  .000000000E+00  .000000000E+00  .000000000E+00  .000000000E+00
  .000000000E+00  .000000000E+00  .000000000E+00  .000000000E+00  .000000000E+00
  .000000000E+00  .000000000E+00  .000000000E+00  .000000000E+00  .000000000E+00
  .000000000E+00  .000000000E+00  .000000000E+00  .000000000E+00  .000000000E+00
  .000000000E+00  .000000000E+00  .000000000E+00  .000000000E+00  .000000000E+00
  .000000000E+00  .000000000E+00  .000000000E+00  .000000000E+00  .000000000E+00
  .000000000E+00  .000000000E+00  .000000000E+00  .000000000E+00  .000000000E+00
  .000000000E+00  .000000000E+00  .000000000E+00  .000000000E+00  .000000000E+00
  .000000000E+00  .000000000E+00  .000000000E+00  .000000000E+00  .000000000E+00
  .000000000E+00  .000000000E+00  .000000000E+00  .000000000E+00  .000000000E+00
  .000000000E+00  .000000000E+00  .000000000E+00  .000000000E+00  .000000000E+00
  .000000000E+00  .000000000E+00  .000000000E+00  .000000000E+00  .000000000E+00
  .000000000E+00  .000000000E+00  .000000000E+00  .000000000E+00  .000000000E+00
  .000000000E+00  .000000000E+00  .000000000E+00  .000000000E+00  .000000000E+00
  .000000000E+00  .000000000E+00  .000000000E+00  .000000000E+00  .000000000E+00
  .000000000E+00  .000000000E+00  .000000000E+00  .000000000E+00  .000000000E+00
  .000000000E+00  .000000000E+00  .000000000E+00  .000000000E+00  .000000000E+00
  .000000000E+00  .000000000E+00  .000000000E+00  .000000000E+00  .000000000E+00
  .000000000E+00  .000000000E+00  .000000000E+00  .000000000E+00  .000000000E+00
  .000000000E+00  .000000000E+00  .000000000E+00  .000000000E+00  .000000000E+00
  .000000000E+00  .000000000E+00  .000000000E+00  .000000000E+00  .000000000E+00
  .000000000E+00  .000000000E+00  .000000000E+00  .000000000E+00  .000000000E+00
  .000000000E+00  .000000000E+00  .000000000E+00  .000000000E+00  .000000000E+00
  .000000000E+00  .000000000E+00  .000000000E+00  .000000000E+00  .000000000E+00
  .000000000E+00  .000000000E+00  .000000000E+00  .000000000E+00  .000000000E+00
  .000000000E+00  .000000000E+00  .000000000E+00  .000000000E+00  .000000000E+00
  .000000000E+00  .000000000E+00  .000000000E+00  .000000000E+00  .000000000E+00
  .000000000E+00  .000000000E+00  .000000000E+00  .000000000E+00  .000000000E+00
  .000000000E+00  .000000000E+00  .000000000E+00  .000000000E+00  .000000000E+00
