  PAW Bi                                 
 100
Core Pot   L  =         .00000  -1.06438
  -.20000000E+01  .85060218E+00
  -.19600000E+01  .82068589E+00
  -.19200000E+01  .78958624E+00
  -.18800000E+01  .75719497E+00
  -.18400000E+01  .72338958E+00
  -.18000000E+01  .68803087E+00
  -.17600000E+01  .65095997E+00
  -.17200000E+01  .61199476E+00
  -.16800000E+01  .57092536E+00
  -.16400000E+01  .52750869E+00
  -.16000000E+01  .48146157E+00
  -.15600000E+01  .43245205E+00
  -.15200000E+01  .38008833E+00
  -.14800000E+01  .32390483E+00
  -.14400000E+01  .26334351E+00
  -.14000000E+01  .19773023E+00
  -.13600000E+01  .12624227E+00
  -.13200000E+01  .47865255E-01
  -.12800000E+01 -.38666274E-01
  -.12400000E+01 -.13495178E+00
  -.12000000E+01 -.24304278E+00
  -.11600000E+01 -.36561494E+00
  -.11200000E+01 -.50622504E+00
  -.10800000E+01 -.66970655E+00
  -.10400000E+01 -.86279910E+00
  -.10000000E+01 -.10951913E+01
  -.96000000E+00 -.13813324E+01
  -.92000000E+00 -.17437661E+01
  -.88000000E+00 -.22197229E+01
  -.84000000E+00 -.28754087E+01
  -.80000000E+00 -.38410042E+01
  -.76000000E+00 -.54125568E+01
  -.72000000E+00 -.84396336E+01
  -.68000000E+00 -.16754395E+02
  -.64000000E+00 -.14417850E+03
  -.60000000E+00  .24478531E+02
  -.56000000E+00  .11829387E+02
  -.52000000E+00  .80129864E+01
  -.48000000E+00  .61655313E+01
  -.44000000E+00  .50716991E+01
  -.40000000E+00  .43456472E+01
  -.36000000E+00  .38264916E+01
  -.32000000E+00  .34352150E+01
  -.28000000E+00  .31284699E+01
  -.24000000E+00  .28804917E+01
  -.20000000E+00  .26750035E+01
  -.16000000E+00  .25012170E+01
  -.12000000E+00  .23516980E+01
  -.80000000E-01  .22211567E+01
  -.40000000E-01  .21057262E+01
   .12351231E-14  .20025137E+01
   .40000000E-01  .19093118E+01
   .80000000E-01  .18244065E+01
   .12000000E+00  .17464463E+01
   .16000000E+00  .16743511E+01
   .20000000E+00  .16072468E+01
   .24000000E+00  .15444184E+01
   .28000000E+00  .14852751E+01
   .32000000E+00  .14293242E+01
   .36000000E+00  .13761515E+01
   .40000000E+00  .13254056E+01
   .44000000E+00  .12767869E+01
   .48000000E+00  .12300376E+01
   .52000000E+00  .11849347E+01
   .56000000E+00  .11412844E+01
   .60000000E+00  .10989168E+01
   .64000000E+00  .10576823E+01
   .68000000E+00  .10174487E+01
   .72000000E+00  .97809832E+00
   .76000000E+00  .93952600E+00
   .80000000E+00  .90163723E+00
   .84000000E+00  .86434670E+00
   .88000000E+00  .82757702E+00
   .92000000E+00  .79125765E+00
   .96000000E+00  .75532399E+00
   .10000000E+01  .71971659E+00
   .10400000E+01  .68438048E+00
   .10800000E+01  .64926459E+00
   .11200000E+01  .61432122E+00
   .11600000E+01  .57950564E+00
   .12000000E+01  .54477565E+00
   .12400000E+01  .51009129E+00
   .12800000E+01  .47541445E+00
   .13200000E+01  .44070871E+00
   .13600000E+01  .40593900E+00
   .14000000E+01  .37107144E+00
   .14400000E+01  .33607303E+00
   .14800000E+01  .30091163E+00
   .15200000E+01  .26555567E+00
   .15600000E+01  .22997403E+00
   .16000000E+01  .19413586E+00
   .16400000E+01  .15801049E+00
   .16800000E+01  .12156722E+00
   .17200000E+01  .84775265E-01
   .17600000E+01  .47603564E-01
   .18000000E+01  .10020706E-01
   .18400000E+01 -.28005251E-01
   .18800000E+01 -.66506850E-01
   .19200000E+01 -.10551741E+00
   .19600000E+01 -.14507114E+00
   .20000000E+01 -.18520326E+00
Potential  L  =         .00000  -1.06438
  -.20000000E+01  .96608536E+00
  -.19600000E+01  .94050560E+00
  -.19200000E+01  .91395990E+00
  -.18800000E+01  .88634809E+00
  -.18400000E+01  .85755428E+00
  -.18000000E+01  .82744361E+00
  -.17600000E+01  .79585813E+00
  -.17200000E+01  .76261158E+00
  -.16800000E+01  .72748258E+00
  -.16400000E+01  .69020593E+00
  -.16000000E+01  .65046108E+00
  -.15600000E+01  .60785656E+00
  -.15200000E+01  .56190933E+00
  -.14800000E+01  .51201591E+00
  -.14400000E+01  .45741218E+00
  -.14000000E+01  .39711580E+00
  -.13600000E+01  .32984189E+00
  -.13200000E+01  .25387652E+00
  -.12800000E+01  .16688038E+00
  -.12400000E+01  .65574501E-01
  -.12000000E+01 -.54785444E-01
  -.11600000E+01 -.20133198E+00
  -.11200000E+01 -.38530701E+00
  -.10800000E+01 -.62552180E+00
  -.10400000E+01 -.95602180E+00
  -.10000000E+01 -.14454302E+01
  -.96000000E+00 -.22557996E+01
  -.92000000E+00 -.38836950E+01
  -.88000000E+00 -.89438930E+01
  -.84000000E+00  .14780971E+03
  -.80000000E+00  .94077689E+01
  -.76000000E+00  .52070094E+01
  -.72000000E+00  .37365261E+01
  -.68000000E+00  .29797981E+01
  -.64000000E+00  .25136571E+01
  -.60000000E+00  .21941397E+01
  -.56000000E+00  .19588151E+01
  -.52000000E+00  .17762198E+01
  -.48000000E+00  .16287723E+01
  -.44000000E+00  .15058738E+01
  -.40000000E+00  .14007527E+01
  -.36000000E+00  .13088770E+01
  -.32000000E+00  .12270970E+01
  -.28000000E+00  .11531536E+01
  -.24000000E+00  .10853818E+01
  -.20000000E+00  .10225257E+01
  -.16000000E+00  .96361829E+00
  -.12000000E+00  .90790071E+00
  -.80000000E-01  .85476748E+00
  -.40000000E-01  .80372772E+00
   .12351231E-14  .75437747E+00
   .40000000E-01  .70637947E+00
   .80000000E-01  .65944816E+00
   .12000000E+00  .61333838E+00
   .16000000E+00  .56783669E+00
   .20000000E+00  .52275461E+00
   .24000000E+00  .47792337E+00
   .28000000E+00  .43318959E+00
   .32000000E+00  .38841180E+00
   .36000000E+00  .34345766E+00
   .40000000E+00  .29820144E+00
   .44000000E+00  .25252199E+00
   .48000000E+00  .20630104E+00
   .52000000E+00  .15942126E+00
   .56000000E+00  .11176493E+00
   .60000000E+00  .63212460E-01
   .64000000E+00  .13640884E-01
   .68000000E+00 -.37077517E-01
   .72000000E+00 -.89076691E-01
   .76000000E+00 -.14249854E+00
   .80000000E+00 -.19749441E+00
   .84000000E+00 -.25422706E+00
   .88000000E+00 -.31287279E+00
   .92000000E+00 -.37362371E+00
   .96000000E+00 -.43669054E+00
   .10000000E+01 -.50230565E+00
   .10400000E+01 -.57072676E+00
   .10800000E+01 -.64224120E+00
   .11200000E+01 -.71717104E+00
   .11600000E+01 -.79587912E+00
   .12000000E+01 -.87877639E+00
   .12400000E+01 -.96633078E+00
   .12800000E+01 -.10590780E+01
   .13200000E+01 -.11576349E+01
   .13600000E+01 -.12627160E+01
   .14000000E+01 -.13751541E+01
   .14400000E+01 -.14959266E+01
   .14800000E+01 -.16261883E+01
   .15200000E+01 -.17673148E+01
   .15600000E+01 -.19209583E+01
   .16000000E+01 -.20891210E+01
   .16400000E+01 -.22742536E+01
   .16800000E+01 -.24793898E+01
   .17200000E+01 -.27083298E+01
   .17600000E+01 -.29659009E+01
   .18000000E+01 -.32583294E+01
   .18400000E+01 -.35937878E+01
   .18800000E+01 -.39832212E+01
   .19200000E+01 -.44416329E+01
   .19600000E+01 -.49901580E+01
   .20000000E+01 -.56595544E+01
Core Pot   L  =        1.00000   -.34003
  -.20000000E+01  .11147543E+01
  -.19600000E+01  .10960246E+01
  -.19200000E+01  .10769914E+01
  -.18800000E+01  .10576419E+01
  -.18400000E+01  .10379628E+01
  -.18000000E+01  .10179397E+01
  -.17600000E+01  .99755727E+00
  -.17200000E+01  .97679943E+00
  -.16800000E+01  .95564882E+00
  -.16400000E+01  .93408696E+00
  -.16000000E+01  .91209410E+00
  -.15600000E+01  .88964910E+00
  -.15200000E+01  .86672928E+00
  -.14800000E+01  .84331034E+00
  -.14400000E+01  .81936613E+00
  -.14000000E+01  .79486852E+00
  -.13600000E+01  .76978721E+00
  -.13200000E+01  .74408948E+00
  -.12800000E+01  .71773994E+00
  -.12400000E+01  .69070029E+00
  -.12000000E+01  .66292898E+00
  -.11600000E+01  .63438086E+00
  -.11200000E+01  .60500677E+00
  -.10800000E+01  .57475308E+00
  -.10400000E+01  .54356121E+00
  -.10000000E+01  .51136691E+00
  -.96000000E+00  .47809975E+00
  -.92000000E+00  .44368218E+00
  -.88000000E+00  .40802868E+00
  -.84000000E+00  .37104467E+00
  -.80000000E+00  .33262532E+00
  -.76000000E+00  .29265402E+00
  -.72000000E+00  .25100079E+00
  -.68000000E+00  .20752020E+00
  -.64000000E+00  .16204901E+00
  -.60000000E+00  .11440337E+00
  -.56000000E+00  .64375438E-01
  -.52000000E+00  .11729305E-01
  -.48000000E+00 -.43803895E-01
  -.44000000E+00 -.10253202E+00
  -.40000000E+00 -.16480922E+00
  -.36000000E+00 -.23104506E+00
  -.32000000E+00 -.30171576E+00
  -.28000000E+00 -.37737844E+00
  -.24000000E+00 -.45868900E+00
  -.20000000E+00 -.54642519E+00
  -.16000000E+00 -.64151617E+00
  -.12000000E+00 -.74508147E+00
  -.80000000E-01 -.85848229E+00
  -.40000000E-01 -.98339058E+00
   .12351231E-14 -.11218831E+01
   .40000000E-01 -.12765721E+01
   .80000000E-01 -.14507896E+01
   .12000000E+00 -.16488539E+01
   .16000000E+00 -.18764641E+01
   .20000000E+00 -.21412999E+01
   .24000000E+00 -.24539638E+01
   .28000000E+00 -.28295188E+01
   .32000000E+00 -.32901093E+01
   .36000000E+00 -.38696785E+01
   .40000000E+00 -.46230330E+01
   .44000000E+00 -.56447861E+01
   .48000000E+00 -.71135168E+01
   .52000000E+00 -.94114749E+01
   .56000000E+00 -.13530761E+02
   .60000000E+00 -.23096498E+02
   .64000000E+00 -.70325251E+02
   .68000000E+00  .74044226E+02
   .72000000E+00  .24976866E+02
   .76000000E+00  .15263609E+02
   .80000000E+00  .11103093E+02
   .84000000E+00  .87875035E+01
   .88000000E+00  .73091328E+01
   .92000000E+00  .62810833E+01
   .96000000E+00  .55229987E+01
   .10000000E+01  .49394664E+01
   .10400000E+01  .44752768E+01
   .10800000E+01  .40962657E+01
   .11200000E+01  .37801587E+01
   .11600000E+01  .35118119E+01
   .12000000E+01  .32805702E+01
   .12400000E+01  .30787182E+01
   .12800000E+01  .29005319E+01
   .13200000E+01  .27416742E+01
   .13600000E+01  .25987993E+01
   .14000000E+01  .24692841E+01
   .14400000E+01  .23510430E+01
   .14800000E+01  .22423965E+01
   .15200000E+01  .21419770E+01
   .15600000E+01  .20486595E+01
   .16000000E+01  .19615093E+01
   .16400000E+01  .18797439E+01
   .16800000E+01  .18027028E+01
   .17200000E+01  .17298242E+01
   .17600000E+01  .16606274E+01
   .18000000E+01  .15946984E+01
   .18400000E+01  .15316784E+01
   .18800000E+01  .14712549E+01
   .19200000E+01  .14131545E+01
   .19600000E+01  .13571363E+01
   .20000000E+01  .13029876E+01
Potential  L  =        1.00000   -.34003
  -.20000000E+01  .11578470E+01
  -.19600000E+01  .11398635E+01
  -.19200000E+01  .11215905E+01
  -.18800000E+01  .11030150E+01
  -.18400000E+01  .10841232E+01
  -.18000000E+01  .10649003E+01
  -.17600000E+01  .10453305E+01
  -.17200000E+01  .10253968E+01
  -.16800000E+01  .10050808E+01
  -.16400000E+01  .98436300E+00
  -.16000000E+01  .96322209E+00
  -.15600000E+01  .94163521E+00
  -.15200000E+01  .91957758E+00
  -.14800000E+01  .89702238E+00
  -.14400000E+01  .87394048E+00
  -.14000000E+01  .85030018E+00
  -.13600000E+01  .82606698E+00
  -.13200000E+01  .80120314E+00
  -.12800000E+01  .77566740E+00
  -.12400000E+01  .74941448E+00
  -.12000000E+01  .72239458E+00
  -.11600000E+01  .69455281E+00
  -.11200000E+01  .66582848E+00
  -.10800000E+01  .63615436E+00
  -.10400000E+01  .60545568E+00
  -.10000000E+01  .57364905E+00
  -.96000000E+00  .54064123E+00
  -.92000000E+00  .50632751E+00
  -.88000000E+00  .47058997E+00
  -.84000000E+00  .43329520E+00
  -.80000000E+00  .39429173E+00
  -.76000000E+00  .35340679E+00
  -.72000000E+00  .31044241E+00
  -.68000000E+00  .26517060E+00
  -.64000000E+00  .21732743E+00
  -.60000000E+00  .16660554E+00
  -.56000000E+00  .11264485E+00
  -.52000000E+00  .55020615E-01
  -.48000000E+00 -.67717995E-02
  -.44000000E+00 -.73336740E-01
  -.40000000E+00 -.14540426E+00
  -.36000000E+00 -.22386470E+00
  -.32000000E+00 -.30981541E+00
  -.28000000E+00 -.40462471E+00
  -.24000000E+00 -.51002131E+00
  -.20000000E+00 -.62822146E+00
  -.16000000E+00 -.76211425E+00
  -.12000000E+00 -.91553811E+00
  -.80000000E-01 -.10937062E+01
  -.40000000E-01 -.13038829E+01
   .12351231E-14 -.15565034E+01
   .40000000E-01 -.18671164E+01
   .80000000E-01 -.22599553E+01
   .12000000E+00 -.27749871E+01
   .16000000E+00 -.34831587E+01
   .20000000E+00 -.45236321E+01
   .24000000E+00 -.62117235E+01
   .28000000E+00 -.94466826E+01
   .32000000E+00 -.18228830E+02
   .36000000E+00 -.13661945E+03
   .40000000E+00  .26800020E+02
   .44000000E+00  .12577456E+02
   .48000000E+00  .83570504E+01
   .52000000E+00  .63246172E+01
   .56000000E+00  .51238525E+01
   .60000000E+00  .43274105E+01
   .64000000E+00  .37578480E+01
   .68000000E+00  .33282495E+01
   .72000000E+00  .29910238E+01
   .76000000E+00  .27179225E+01
   .80000000E+00  .24911174E+01
   .84000000E+00  .22988007E+01
   .88000000E+00  .21328396E+01
   .92000000E+00  .19874493E+01
   .96000000E+00  .18584013E+01
   .10000000E+01  .17425320E+01
   .10400000E+01  .16374265E+01
   .10800000E+01  .15412085E+01
   .11200000E+01  .14523973E+01
   .11600000E+01  .13698080E+01
   .12000000E+01  .12924802E+01
   .12400000E+01  .12196263E+01
   .12800000E+01  .11505941E+01
   .13200000E+01  .10848375E+01
   .13600000E+01  .10218955E+01
   .14000000E+01  .96137508E+00
   .14400000E+01  .90293885E+00
   .14800000E+01  .84629443E+00
   .15200000E+01  .79118663E+00
   .15600000E+01  .73739094E+00
   .16000000E+01  .68470830E+00
   .16400000E+01  .63296090E+00
   .16800000E+01  .58198863E+00
   .17200000E+01  .53164623E+00
   .17600000E+01  .48180082E+00
   .18000000E+01  .43232990E+00
   .18400000E+01  .38311944E+00
   .18800000E+01  .33406286E+00
   .19200000E+01  .28505902E+00
   .19600000E+01  .23601158E+00
   .20000000E+01  .18682810E+00
Core Pot   L  =        2.00000   -.20000
  -.20000000E+01 -.10993786E+01
  -.19600000E+01  .80935528E+01
  -.19200000E+01  .28135697E+01
  -.18800000E+01  .21687414E+01
  -.18400000E+01  .19094550E+01
  -.18000000E+01  .17648959E+01
  -.17600000E+01  .16697116E+01
  -.17200000E+01  .16002248E+01
  -.16800000E+01  .15457801E+01
  -.16400000E+01  .15008729E+01
  -.16000000E+01  .14623718E+01
  -.15600000E+01  .14283635E+01
  -.15200000E+01  .13976123E+01
  -.14800000E+01  .13692843E+01
  -.14400000E+01  .13427954E+01
  -.14000000E+01  .13177244E+01
  -.13600000E+01  .12937592E+01
  -.13200000E+01  .12706631E+01
  -.12800000E+01  .12482535E+01
  -.12400000E+01  .12263866E+01
  -.12000000E+01  .12049471E+01
  -.11600000E+01  .11838419E+01
  -.11200000E+01  .11629939E+01
  -.10800000E+01  .11423389E+01
  -.10400000E+01  .11218228E+01
  -.10000000E+01  .11013993E+01
  -.96000000E+00  .10810282E+01
  -.92000000E+00  .10606744E+01
  -.88000000E+00  .10403068E+01
  -.84000000E+00  .10198976E+01
  -.80000000E+00  .99942166E+00
  -.76000000E+00  .97885581E+00
  -.72000000E+00  .95817877E+00
  -.68000000E+00  .93737060E+00
  -.64000000E+00  .91641247E+00
  -.60000000E+00  .89528643E+00
  -.56000000E+00  .87397522E+00
  -.52000000E+00  .85246207E+00
  -.48000000E+00  .83073054E+00
  -.44000000E+00  .80876444E+00
  -.40000000E+00  .78654767E+00
  -.36000000E+00  .76406409E+00
  -.32000000E+00  .74129748E+00
  -.28000000E+00  .71823139E+00
  -.24000000E+00  .69484907E+00
  -.20000000E+00  .67113339E+00
  -.16000000E+00  .64706676E+00
  -.12000000E+00  .62263101E+00
  -.80000000E-01  .59780735E+00
  -.40000000E-01  .57257622E+00
   .12351231E-14  .54691729E+00
   .40000000E-01  .52080928E+00
   .80000000E-01  .49422990E+00
   .12000000E+00  .46715575E+00
   .16000000E+00  .43956220E+00
   .20000000E+00  .41142325E+00
   .24000000E+00  .38271145E+00
   .28000000E+00  .35339770E+00
   .32000000E+00  .32345113E+00
   .36000000E+00  .29283896E+00
   .40000000E+00  .26152626E+00
   .44000000E+00  .22947578E+00
   .48000000E+00  .19664773E+00
   .52000000E+00  .16299953E+00
   .56000000E+00  .12848555E+00
   .60000000E+00  .93056778E-01
   .64000000E+00  .56660527E-01
   .68000000E+00  .19240026E-01
   .72000000E+00 -.19266000E-01
   .76000000E+00 -.58923767E-01
   .80000000E+00 -.99805003E-01
   .84000000E+00 -.14198754E+00
   .88000000E+00 -.18555599E+00
   .92000000E+00 -.23060250E+00
   .96000000E+00 -.27722766E+00
   .10000000E+01 -.32554147E+00
   .10400000E+01 -.37566454E+00
   .10800000E+01 -.42772937E+00
   .11200000E+01 -.48188188E+00
   .11600000E+01 -.53828319E+00
   .12000000E+01 -.59711163E+00
   .12400000E+01 -.65856519E+00
   .12800000E+01 -.72286423E+00
   .13200000E+01 -.79025484E+00
   .13600000E+01 -.86101267E+00
   .14000000E+01 -.93544754E+00
   .14400000E+01 -.10139090E+01
   .14800000E+01 -.10967927E+01
   .15200000E+01 -.11845486E+01
   .15600000E+01 -.12776905E+01
   .16000000E+01 -.13768076E+01
   .16400000E+01 -.14825794E+01
   .16800000E+01 -.15957930E+01
   .17200000E+01 -.17173660E+01
   .17600000E+01 -.18483745E+01
   .18000000E+01 -.19900886E+01
   .18400000E+01 -.21440187E+01
   .18800000E+01 -.23119750E+01
   .19200000E+01 -.24961458E+01
   .19600000E+01 -.26992019E+01
   .20000000E+01 -.29244370E+01
Potential  L  =        2.00000   -.20000
  -.20000000E+01  .14249264E+01
  -.19600000E+01  .14116014E+01
  -.19200000E+01  .13981707E+01
  -.18800000E+01  .13846319E+01
  -.18400000E+01  .13709827E+01
  -.18000000E+01  .13572207E+01
  -.17600000E+01  .13433434E+01
  -.17200000E+01  .13293482E+01
  -.16800000E+01  .13152324E+01
  -.16400000E+01  .13009933E+01
  -.16000000E+01  .12866280E+01
  -.15600000E+01  .12721335E+01
  -.15200000E+01  .12575069E+01
  -.14800000E+01  .12427448E+01
  -.14400000E+01  .12278441E+01
  -.14000000E+01  .12128012E+01
  -.13600000E+01  .11976127E+01
  -.13200000E+01  .11822748E+01
  -.12800000E+01  .11667838E+01
  -.12400000E+01  .11511357E+01
  -.12000000E+01  .11353262E+01
  -.11600000E+01  .11193513E+01
  -.11200000E+01  .11032063E+01
  -.10800000E+01  .10868866E+01
  -.10400000E+01  .10703874E+01
  -.10000000E+01  .10537036E+01
  -.96000000E+00  .10368301E+01
  -.92000000E+00  .10197612E+01
  -.88000000E+00  .10024914E+01
  -.84000000E+00  .98501452E+00
  -.80000000E+00  .96732447E+00
  -.76000000E+00  .94941469E+00
  -.72000000E+00  .93127836E+00
  -.68000000E+00  .91290836E+00
  -.64000000E+00  .89429721E+00
  -.60000000E+00  .87543711E+00
  -.56000000E+00  .85631986E+00
  -.52000000E+00  .83693685E+00
  -.48000000E+00  .81727907E+00
  -.44000000E+00  .79733704E+00
  -.40000000E+00  .77710080E+00
  -.36000000E+00  .75655987E+00
  -.32000000E+00  .73570323E+00
  -.28000000E+00  .71451926E+00
  -.24000000E+00  .69299573E+00
  -.20000000E+00  .67111972E+00
  -.16000000E+00  .64887759E+00
  -.12000000E+00  .62625494E+00
  -.80000000E-01  .60323653E+00
  -.40000000E-01  .57980624E+00
   .12351231E-14  .55594697E+00
   .40000000E-01  .53164061E+00
   .80000000E-01  .50686793E+00
   .12000000E+00  .48160850E+00
   .16000000E+00  .45584057E+00
   .20000000E+00  .42954102E+00
   .24000000E+00  .40268518E+00
   .28000000E+00  .37524673E+00
   .32000000E+00  .34719757E+00
   .36000000E+00  .31850764E+00
   .40000000E+00  .28914472E+00
   .44000000E+00  .25907431E+00
   .48000000E+00  .22825935E+00
   .52000000E+00  .19665999E+00
   .56000000E+00  .16423333E+00
   .60000000E+00  .13093312E+00
   .64000000E+00  .96709427E-01
   .68000000E+00  .61508227E-01
   .72000000E+00  .25271002E-01
   .76000000E+00 -.12065750E-01
   .80000000E+00 -.50571043E-01
   .84000000E+00 -.90320111E-01
   .88000000E+00 -.13139499E+00
   .92000000E+00 -.17388539E+00
   .96000000E+00 -.21788965E+00
   .10000000E+01 -.26351573E+00
   .10400000E+01 -.31088250E+00
   .10800000E+01 -.36012111E+00
   .11200000E+01 -.41137665E+00
   .11600000E+01 -.46481009E+00
   .12000000E+01 -.52060046E+00
   .12400000E+01 -.57894754E+00
   .12800000E+01 -.64007491E+00
   .13200000E+01 -.70423366E+00
   .13600000E+01 -.77170677E+00
   .14000000E+01 -.84281434E+00
   .14400000E+01 -.91791988E+00
   .14800000E+01 -.99743809E+00
   .15200000E+01 -.10818440E+01
   .15600000E+01 -.11716846E+01
   .16000000E+01 -.12675928E+01
   .16400000E+01 -.13703053E+01
   .16800000E+01 -.14806847E+01
   .17200000E+01 -.15997476E+01
   .17600000E+01 -.17287006E+01
   .18000000E+01 -.18689870E+01
   .18400000E+01 -.20223479E+01
   .18800000E+01 -.21909033E+01
   .19200000E+01 -.23772611E+01
   .19600000E+01 -.25846664E+01
   .20000000E+01 -.28172082E+01
Core Pot   L  =        3.00000   -.10000
  -.20000000E+01  .16071148E+01
  -.19600000E+01  .15948137E+01
  -.19200000E+01  .15824214E+01
  -.18800000E+01  .15699359E+01
  -.18400000E+01  .15573551E+01
  -.18000000E+01  .15446770E+01
  -.17600000E+01  .15318993E+01
  -.17200000E+01  .15190198E+01
  -.16800000E+01  .15060360E+01
  -.16400000E+01  .14929455E+01
  -.16000000E+01  .14797457E+01
  -.15600000E+01  .14664341E+01
  -.15200000E+01  .14530077E+01
  -.14800000E+01  .14394639E+01
  -.14400000E+01  .14257996E+01
  -.14000000E+01  .14120116E+01
  -.13600000E+01  .13980968E+01
  -.13200000E+01  .13840518E+01
  -.12800000E+01  .13698731E+01
  -.12400000E+01  .13555570E+01
  -.12000000E+01  .13410996E+01
  -.11600000E+01  .13264971E+01
  -.11200000E+01  .13117452E+01
  -.10800000E+01  .12968395E+01
  -.10400000E+01  .12817756E+01
  -.10000000E+01  .12665485E+01
  -.96000000E+00  .12511533E+01
  -.92000000E+00  .12355847E+01
  -.88000000E+00  .12198372E+01
  -.84000000E+00  .12039051E+01
  -.80000000E+00  .11877821E+01
  -.76000000E+00  .11714619E+01
  -.72000000E+00  .11549378E+01
  -.68000000E+00  .11382026E+01
  -.64000000E+00  .11212488E+01
  -.60000000E+00  .11040685E+01
  -.56000000E+00  .10866534E+01
  -.52000000E+00  .10689945E+01
  -.48000000E+00  .10510826E+01
  -.44000000E+00  .10329076E+01
  -.40000000E+00  .10144590E+01
  -.36000000E+00  .99572573E+00
  -.32000000E+00  .97669578E+00
  -.28000000E+00  .95735652E+00
  -.24000000E+00  .93769445E+00
  -.20000000E+00  .91769517E+00
  -.16000000E+00  .89734330E+00
  -.12000000E+00  .87662238E+00
  -.80000000E-01  .85551480E+00
  -.40000000E-01  .83400163E+00
   .12351231E-14  .81206257E+00
   .40000000E-01  .78967575E+00
   .80000000E-01  .76681765E+00
   .12000000E+00  .74346282E+00
   .16000000E+00  .71958381E+00
   .20000000E+00  .69515083E+00
   .24000000E+00  .67013160E+00
   .28000000E+00  .64449101E+00
   .32000000E+00  .61819081E+00
   .36000000E+00  .59118927E+00
   .40000000E+00  .56344071E+00
   .44000000E+00  .53489508E+00
   .48000000E+00  .50549733E+00
   .52000000E+00  .47518685E+00
   .56000000E+00  .44389666E+00
   .60000000E+00  .41155259E+00
   .64000000E+00  .37807224E+00
   .68000000E+00  .34336379E+00
   .72000000E+00  .30732457E+00
   .76000000E+00  .26983949E+00
   .80000000E+00  .23077893E+00
   .84000000E+00  .18999646E+00
   .88000000E+00  .14732593E+00
   .92000000E+00  .10257805E+00
   .96000000E+00  .55536117E-01
   .10000000E+01  .59508543E-02
   .10400000E+01 -.46465981E-01
   .10800000E+01 -.10204961E+00
   .11200000E+01 -.16119226E+00
   .11600000E+01 -.22435590E+00
   .12000000E+01 -.29208851E+00
   .12400000E+01 -.36504525E+00
   .12800000E+01 -.44401605E+00
   .13200000E+01 -.52996234E+00
   .13600000E+01 -.62406635E+00
   .14000000E+01 -.72779856E+00
   .14400000E+01 -.84301152E+00
   .14800000E+01 -.97207281E+00
   .15200000E+01 -.11180576E+01
   .15600000E+01 -.12850350E+01
   .16000000E+01 -.14785050E+01
   .16400000E+01 -.17060891E+01
   .16800000E+01 -.19786627E+01
   .17200000E+01 -.23123009E+01
   .17600000E+01 -.27318088E+01
   .18000000E+01 -.32775803E+01
   .18400000E+01 -.40201317E+01
   .18800000E+01 -.50946165E+01
   .19200000E+01 -.67969134E+01
   .19600000E+01 -.99236448E+01
   .20000000E+01 -.17608461E+02
Potential  L  =        3.00000   -.10000
  -.20000000E+01  .16108371E+01
  -.19600000E+01  .15984829E+01
  -.19200000E+01  .15860357E+01
  -.18800000E+01  .15734935E+01
  -.18400000E+01  .15608543E+01
  -.18000000E+01  .15481159E+01
  -.17600000E+01  .15352761E+01
  -.17200000E+01  .15223325E+01
  -.16800000E+01  .15092827E+01
  -.16400000E+01  .14961243E+01
  -.16000000E+01  .14828548E+01
  -.15600000E+01  .14694713E+01
  -.15200000E+01  .14559713E+01
  -.14800000E+01  .14423517E+01
  -.14400000E+01  .14286096E+01
  -.14000000E+01  .14147419E+01
  -.13600000E+01  .14007454E+01
  -.13200000E+01  .13866167E+01
  -.12800000E+01  .13723524E+01
  -.12400000E+01  .13579487E+01
  -.12000000E+01  .13434020E+01
  -.11600000E+01  .13287083E+01
  -.11200000E+01  .13138634E+01
  -.10800000E+01  .12988631E+01
  -.10400000E+01  .12837029E+01
  -.10000000E+01  .12683781E+01
  -.96000000E+00  .12528839E+01
  -.92000000E+00  .12372152E+01
  -.88000000E+00  .12213665E+01
  -.84000000E+00  .12053323E+01
  -.80000000E+00  .11891068E+01
  -.76000000E+00  .11726838E+01
  -.72000000E+00  .11560568E+01
  -.68000000E+00  .11392192E+01
  -.64000000E+00  .11221638E+01
  -.60000000E+00  .11048831E+01
  -.56000000E+00  .10873694E+01
  -.52000000E+00  .10696142E+01
  -.48000000E+00  .10516091E+01
  -.44000000E+00  .10333447E+01
  -.40000000E+00  .10148114E+01
  -.36000000E+00  .99599902E+00
  -.32000000E+00  .97689670E+00
  -.28000000E+00  .95749305E+00
  -.24000000E+00  .93777596E+00
  -.20000000E+00  .91773263E+00
  -.16000000E+00  .89734946E+00
  -.12000000E+00  .87661202E+00
  -.80000000E-01  .85550496E+00
  -.40000000E-01  .83401198E+00
   .12351231E-14  .81211567E+00
   .40000000E-01  .78979751E+00
   .80000000E-01  .76703771E+00
   .12000000E+00  .74381513E+00
   .16000000E+00  .72010712E+00
   .20000000E+00  .69588944E+00
   .24000000E+00  .67113609E+00
   .28000000E+00  .64581910E+00
   .32000000E+00  .61990841E+00
   .36000000E+00  .59337162E+00
   .40000000E+00  .56617378E+00
   .44000000E+00  .53827711E+00
   .48000000E+00  .50964071E+00
   .52000000E+00  .48022024E+00
   .56000000E+00  .44996751E+00
   .60000000E+00  .41883011E+00
   .64000000E+00  .38675088E+00
   .68000000E+00  .35366735E+00
   .72000000E+00  .31951115E+00
   .76000000E+00  .28420725E+00
   .80000000E+00  .24767312E+00
   .84000000E+00  .20981780E+00
   .88000000E+00  .17054075E+00
   .92000000E+00  .12973055E+00
   .96000000E+00  .87263369E-01
   .10000000E+01  .43001234E-01
   .10400000E+01 -.32101406E-02
   .10800000E+01 -.51543793E-01
   .11200000E+01 -.10219453E+00
   .11600000E+01 -.15538239E+00
   .12000000E+01 -.21135694E+00
   .12400000E+01 -.27040243E+00
   .12800000E+01 -.33284401E+00
   .13200000E+01 -.39905545E+00
   .13600000E+01 -.46946853E+00
   .14000000E+01 -.54458484E+00
   .14400000E+01 -.62499052E+00
   .14800000E+01 -.71137484E+00
   .15200000E+01 -.80455404E+00
   .15600000E+01 -.90550196E+00
   .16000000E+01 -.10153901E+01
   .16400000E+01 -.11356407E+01
   .16800000E+01 -.12679971E+01
   .17200000E+01 -.14146207E+01
   .17600000E+01 -.15782238E+01
   .18000000E+01 -.17622573E+01
   .18400000E+01 -.19711806E+01
   .18800000E+01 -.22108594E+01
   .19200000E+01 -.24891678E+01
   .19600000E+01 -.28169282E+01
   .20000000E+01 -.32094345E+01
Core Pot   L  =        4.00000    .00000
  -.20000000E+01  .18918400E+01
  -.19600000E+01  .18816385E+01
  -.19200000E+01  .18713877E+01
  -.18800000E+01  .18610868E+01
  -.18400000E+01  .18507351E+01
  -.18000000E+01  .18403320E+01
  -.17600000E+01  .18298766E+01
  -.17200000E+01  .18193684E+01
  -.16800000E+01  .18088065E+01
  -.16400000E+01  .17981903E+01
  -.16000000E+01  .17875188E+01
  -.15600000E+01  .17767913E+01
  -.15200000E+01  .17660071E+01
  -.14800000E+01  .17551652E+01
  -.14400000E+01  .17442648E+01
  -.14000000E+01  .17333050E+01
  -.13600000E+01  .17222850E+01
  -.13200000E+01  .17112038E+01
  -.12800000E+01  .17000606E+01
  -.12400000E+01  .16888542E+01
  -.12000000E+01  .16775839E+01
  -.11600000E+01  .16662484E+01
  -.11200000E+01  .16548469E+01
  -.10800000E+01  .16433783E+01
  -.10400000E+01  .16318414E+01
  -.10000000E+01  .16202352E+01
  -.96000000E+00  .16085586E+01
  -.92000000E+00  .15968103E+01
  -.88000000E+00  .15849892E+01
  -.84000000E+00  .15730941E+01
  -.80000000E+00  .15611236E+01
  -.76000000E+00  .15490765E+01
  -.72000000E+00  .15369515E+01
  -.68000000E+00  .15247472E+01
  -.64000000E+00  .15124622E+01
  -.60000000E+00  .15000950E+01
  -.56000000E+00  .14876442E+01
  -.52000000E+00  .14751083E+01
  -.48000000E+00  .14624857E+01
  -.44000000E+00  .14497747E+01
  -.40000000E+00  .14369738E+01
  -.36000000E+00  .14240813E+01
  -.32000000E+00  .14110953E+01
  -.28000000E+00  .13980141E+01
  -.24000000E+00  .13848358E+01
  -.20000000E+00  .13715585E+01
  -.16000000E+00  .13581803E+01
  -.12000000E+00  .13446991E+01
  -.80000000E-01  .13311127E+01
  -.40000000E-01  .13174192E+01
   .12351231E-14  .13036162E+01
   .40000000E-01  .12897014E+01
   .80000000E-01  .12756725E+01
   .12000000E+00  .12615270E+01
   .16000000E+00  .12472624E+01
   .20000000E+00  .12328760E+01
   .24000000E+00  .12183653E+01
   .28000000E+00  .12037273E+01
   .32000000E+00  .11889592E+01
   .36000000E+00  .11740581E+01
   .40000000E+00  .11590208E+01
   .44000000E+00  .11438441E+01
   .48000000E+00  .11285247E+01
   .52000000E+00  .11130592E+01
   .56000000E+00  .10974441E+01
   .60000000E+00  .10816756E+01
   .64000000E+00  .10657500E+01
   .68000000E+00  .10496632E+01
   .72000000E+00  .10334112E+01
   .76000000E+00  .10169896E+01
   .80000000E+00  .10003941E+01
   .84000000E+00  .98361996E+00
   .88000000E+00  .96666246E+00
   .92000000E+00  .94951659E+00
   .96000000E+00  .93217715E+00
   .10000000E+01  .91463873E+00
   .10400000E+01  .89689569E+00
   .10800000E+01  .87894217E+00
   .11200000E+01  .86077202E+00
   .11600000E+01  .84237888E+00
   .12000000E+01  .82375606E+00
   .12400000E+01  .80489660E+00
   .12800000E+01  .78579322E+00
   .13200000E+01  .76643832E+00
   .13600000E+01  .74682392E+00
   .14000000E+01  .72694169E+00
   .14400000E+01  .70678291E+00
   .14800000E+01  .68633843E+00
   .15200000E+01  .66559865E+00
   .15600000E+01  .64455351E+00
   .16000000E+01  .62319243E+00
   .16400000E+01  .60150431E+00
   .16800000E+01  .57947746E+00
   .17200000E+01  .55709960E+00
   .17600000E+01  .53435780E+00
   .18000000E+01  .51123838E+00
   .18400000E+01  .48772699E+00
   .18800000E+01  .46380844E+00
   .19200000E+01  .43946670E+00
   .19600000E+01  .41468481E+00
   .20000000E+01  .38944483E+00
Potential  L  =        4.00000    .00000
  -.20000000E+01  .18969371E+01
  -.19600000E+01  .18867265E+01
  -.19200000E+01  .18764657E+01
  -.18800000E+01  .18661543E+01
  -.18400000E+01  .18557912E+01
  -.18000000E+01  .18453756E+01
  -.17600000E+01  .18349074E+01
  -.17200000E+01  .18243849E+01
  -.16800000E+01  .18138081E+01
  -.16400000E+01  .18031761E+01
  -.16000000E+01  .17924875E+01
  -.15600000E+01  .17817425E+01
  -.15200000E+01  .17709390E+01
  -.14800000E+01  .17600771E+01
  -.14400000E+01  .17491558E+01
  -.14000000E+01  .17381735E+01
  -.13600000E+01  .17271300E+01
  -.13200000E+01  .17160240E+01
  -.12800000E+01  .17048548E+01
  -.12400000E+01  .16936211E+01
  -.12000000E+01  .16823218E+01
  -.11600000E+01  .16709563E+01
  -.11200000E+01  .16595230E+01
  -.10800000E+01  .16480212E+01
  -.10400000E+01  .16364494E+01
  -.10000000E+01  .16248068E+01
  -.96000000E+00  .16130920E+01
  -.92000000E+00  .16013038E+01
  -.88000000E+00  .15894409E+01
  -.84000000E+00  .15775022E+01
  -.80000000E+00  .15654862E+01
  -.76000000E+00  .15533914E+01
  -.72000000E+00  .15412167E+01
  -.68000000E+00  .15289604E+01
  -.64000000E+00  .15166210E+01
  -.60000000E+00  .15041973E+01
  -.56000000E+00  .14916876E+01
  -.52000000E+00  .14790901E+01
  -.48000000E+00  .14664034E+01
  -.44000000E+00  .14536256E+01
  -.40000000E+00  .14407550E+01
  -.36000000E+00  .14277898E+01
  -.32000000E+00  .14147283E+01
  -.28000000E+00  .14015683E+01
  -.24000000E+00  .13883080E+01
  -.20000000E+00  .13749453E+01
  -.16000000E+00  .13614782E+01
  -.12000000E+00  .13479043E+01
  -.80000000E-01  .13342216E+01
  -.40000000E-01  .13204277E+01
   .12351231E-14  .13065202E+01
   .40000000E-01  .12924967E+01
   .80000000E-01  .12783547E+01
   .12000000E+00  .12640914E+01
   .16000000E+00  .12497043E+01
   .20000000E+00  .12351905E+01
   .24000000E+00  .12205470E+01
   .28000000E+00  .12057709E+01
   .32000000E+00  .11908592E+01
   .36000000E+00  .11758085E+01
   .40000000E+00  .11606155E+01
   .44000000E+00  .11452769E+01
   .48000000E+00  .11297890E+01
   .52000000E+00  .11141480E+01
   .56000000E+00  .10983503E+01
   .60000000E+00  .10823917E+01
   .64000000E+00  .10662682E+01
   .68000000E+00  .10499754E+01
   .72000000E+00  .10335088E+01
   .76000000E+00  .10168639E+01
   .80000000E+00  .10000357E+01
   .84000000E+00  .98301932E+00
   .88000000E+00  .96580943E+00
   .92000000E+00  .94840061E+00
   .96000000E+00  .93078719E+00
   .10000000E+01  .91296326E+00
   .10400000E+01  .89492263E+00
   .10800000E+01  .87665889E+00
   .11200000E+01  .85816530E+00
   .11600000E+01  .83943486E+00
   .12000000E+01  .82046023E+00
   .12400000E+01  .80123375E+00
   .12800000E+01  .78174740E+00
   .13200000E+01  .76199278E+00
   .13600000E+01  .74196111E+00
   .14000000E+01  .72164317E+00
   .14400000E+01  .70102931E+00
   .14800000E+01  .68010938E+00
   .15200000E+01  .65887275E+00
   .15600000E+01  .63730824E+00
   .16000000E+01  .61540411E+00
   .16400000E+01  .59314796E+00
   .16800000E+01  .57052679E+00
   .17200000E+01  .54752688E+00
   .17600000E+01  .52413378E+00
   .18000000E+01  .50033221E+00
   .18400000E+01  .47610608E+00
   .18800000E+01  .45143833E+00
   .19200000E+01  .42631097E+00
   .19600000E+01  .40070491E+00
   .20000000E+01  .37459996E+00
KBPotential  L  =       .00000  -2.12876
  -.20000000E+01  .85058034E+00
  -.19600000E+01  .82066432E+00
  -.19200000E+01  .78956499E+00
  -.18800000E+01  .75717411E+00
  -.18400000E+01  .72336913E+00
  -.18000000E+01  .68801087E+00
  -.17600000E+01  .65094043E+00
  -.17200000E+01  .61197566E+00
  -.16800000E+01  .57090674E+00
  -.16400000E+01  .52749060E+00
  -.16000000E+01  .48144392E+00
  -.15600000E+01  .43243478E+00
  -.15200000E+01  .38007141E+00
  -.14800000E+01  .32388815E+00
  -.14400000E+01  .26332705E+00
  -.14000000E+01  .19771386E+00
  -.13600000E+01  .12622582E+00
  -.13200000E+01  .47848552E-01
  -.12800000E+01 -.38683329E-01
  -.12400000E+01 -.13496940E+00
  -.12000000E+01 -.24306120E+00
  -.11600000E+01 -.36563440E+00
  -.11200000E+01 -.50624583E+00
  -.10800000E+01 -.66972900E+00
  -.10400000E+01 -.86282352E+00
  -.10000000E+01 -.10952181E+01
  -.96000000E+00 -.13813622E+01
  -.92000000E+00 -.17437995E+01
  -.88000000E+00 -.22197611E+01
  -.84000000E+00 -.28754538E+01
  -.80000000E+00 -.38410613E+01
  -.76000000E+00 -.54126402E+01
  -.72000000E+00 -.84397995E+01
  -.68000000E+00 -.16755037E+02
  -.64000000E+00 -.14423536E+03
  -.60000000E+00  .24476314E+02
  -.56000000E+00  .11828653E+02
  -.52000000E+00  .80125091E+01
  -.48000000E+00  .61651372E+01
  -.44000000E+00  .50713350E+01
  -.40000000E+00  .43452896E+01
  -.36000000E+00  .38261276E+01
  -.32000000E+00  .34348360E+01
  -.28000000E+00  .31280695E+01
  -.24000000E+00  .28800644E+01
  -.20000000E+00  .26745445E+01
  -.16000000E+00  .25007213E+01
  -.12000000E+00  .23511610E+01
  -.80000000E-01  .22205735E+01
  -.40000000E-01  .21050917E+01
   .12351231E-14  .20018227E+01
   .40000000E-01  .19085586E+01
   .80000000E-01  .18235851E+01
   .12000000E+00  .17455503E+01
   .16000000E+00  .16733735E+01
   .20000000E+00  .16061802E+01
   .24000000E+00  .15432548E+01
   .28000000E+00  .14840058E+01
   .32000000E+00  .14279400E+01
   .36000000E+00  .13746422E+01
   .40000000E+00  .13237604E+01
   .44000000E+00  .12749939E+01
   .48000000E+00  .12280842E+01
   .52000000E+00  .11828071E+01
   .56000000E+00  .11389675E+01
   .60000000E+00  .10963944E+01
   .64000000E+00  .10549370E+01
   .68000000E+00  .10144614E+01
   .72000000E+00  .97484844E+00
   .76000000E+00  .93599111E+00
   .80000000E+00  .89779300E+00
   .84000000E+00  .86016671E+00
   .88000000E+00  .82303254E+00
   .92000000E+00  .78631746E+00
   .96000000E+00  .74995410E+00
   .10000000E+01  .71388000E+00
   .10400000E+01  .67803689E+00
   .10800000E+01  .64237005E+00
   .11200000E+01  .60682782E+00
   .11600000E+01  .57136102E+00
   .12000000E+01  .53592264E+00
   .12400000E+01  .50046735E+00
   .12800000E+01  .46495117E+00
   .13200000E+01  .42933114E+00
   .13600000E+01  .39356496E+00
   .14000000E+01  .35761073E+00
   .14400000E+01  .32142662E+00
   .14800000E+01  .28497058E+00
   .15200000E+01  .24820002E+00
   .15600000E+01  .21107156E+00
   .16000000E+01  .17354063E+00
   .16400000E+01  .13556119E+00
   .16800000E+01  .97085344E-01
   .17200000E+01  .58062944E-01
   .17600000E+01  .18441168E-01
   .18000000E+01 -.21836006E-01
   .18400000E+01 -.62828317E-01
   .18800000E+01 -.10459986E+00
   .19200000E+01 -.14721978E+00
   .19600000E+01 -.19076324E+00
   .20000000E+01 -.23531214E+00
KBPotential  L  =      1.00000   -.68006
  -.20000000E+01  .11146740E+01
  -.19600000E+01  .10959502E+01
  -.19200000E+01  .10769226E+01
  -.18800000E+01  .10575785E+01
  -.18400000E+01  .10379045E+01
  -.18000000E+01  .10178861E+01
  -.17600000E+01  .99750831E+00
  -.17200000E+01  .97675473E+00
  -.16800000E+01  .95560811E+00
  -.16400000E+01  .93404996E+00
  -.16000000E+01  .91206053E+00
  -.15600000E+01  .88961866E+00
  -.15200000E+01  .86670169E+00
  -.14800000E+01  .84328530E+00
  -.14400000E+01  .81934336E+00
  -.14000000E+01  .79484774E+00
  -.13600000E+01  .76976813E+00
  -.13200000E+01  .74407182E+00
  -.12800000E+01  .71772343E+00
  -.12400000E+01  .69068467E+00
  -.12000000E+01  .66291400E+00
  -.11600000E+01  .63436626E+00
  -.11200000E+01  .60499233E+00
  -.10800000E+01  .57473860E+00
  -.10400000E+01  .54354645E+00
  -.10000000E+01  .51135176E+00
  -.96000000E+00  .47808404E+00
  -.92000000E+00  .44366578E+00
  -.88000000E+00  .40801151E+00
  -.84000000E+00  .37102668E+00
  -.80000000E+00  .33260648E+00
  -.76000000E+00  .29263437E+00
  -.72000000E+00  .25098038E+00
  -.68000000E+00  .20749913E+00
  -.64000000E+00  .16202741E+00
  -.60000000E+00  .11438142E+00
  -.56000000E+00  .64353335E-01
  -.52000000E+00  .11707261E-01
  -.48000000E+00 -.43825689E-01
  -.44000000E+00 -.10255340E+00
  -.40000000E+00 -.16483013E+00
  -.36000000E+00 -.23106557E+00
  -.32000000E+00 -.30173621E+00
  -.28000000E+00 -.37739954E+00
  -.24000000E+00 -.45871202E+00
  -.20000000E+00 -.54645225E+00
  -.16000000E+00 -.64155064E+00
  -.12000000E+00 -.74512847E+00
  -.80000000E-01 -.85854953E+00
  -.40000000E-01 -.98348953E+00
   .12351231E-14 -.11220307E+01
   .40000000E-01 -.12767933E+01
   .80000000E-01 -.14511212E+01
   .12000000E+00 -.16493510E+01
   .16000000E+00 -.18772092E+01
   .20000000E+00 -.21424187E+01
   .24000000E+00 -.24556519E+01
   .28000000E+00 -.28320873E+01
   .32000000E+00 -.32940694E+01
   .36000000E+00 -.38759044E+01
   .40000000E+00 -.46331018E+01
   .44000000E+00 -.56617507E+01
   .48000000E+00 -.71438967E+01
   .52000000E+00 -.94713477E+01
   .56000000E+00 -.13670049E+02
   .60000000E+00 -.23554932E+02
   .64000000E+00 -.75310600E+02
   .68000000E+00  .68703408E+02
   .72000000E+00  .24268062E+02
   .76000000E+00  .14966431E+02
   .80000000E+00  .10927690E+02
   .84000000E+00  .86652873E+01
   .88000000E+00  .72152340E+01
   .92000000E+00  .62041662E+01
   .96000000E+00  .54570893E+01
   .10000000E+01  .48810810E+01
   .10400000E+01  .44222251E+01
   .10800000E+01  .40470874E+01
   .11200000E+01  .37338325E+01
   .11600000E+01  .34675946E+01
   .12000000E+01  .32379018E+01
   .12400000E+01  .30371638E+01
   .12800000E+01  .28597438E+01
   .13200000E+01  .27013677E+01
   .13600000E+01  .25587352E+01
   .14000000E+01  .24292570E+01
   .14400000E+01  .23108726E+01
   .14800000E+01  .22019214E+01
   .15200000E+01  .21010499E+01
   .15600000E+01  .20071433E+01
   .16000000E+01  .19192748E+01
   .16400000E+01  .18366669E+01
   .16800000E+01  .17586626E+01
   .17200000E+01  .16847020E+01
   .17600000E+01  .16143050E+01
   .18000000E+01  .15470568E+01
   .18400000E+01  .14825972E+01
   .18800000E+01  .14206112E+01
   .19200000E+01  .13608217E+01
   .19600000E+01  .13029838E+01
   .20000000E+01  .12468795E+01
KBPotential  L  =      2.00000   -.40000
  -.20000000E+01  .14389972E+01
  -.19600000E+01  .14257868E+01
  -.19200000E+01  .14124682E+01
  -.18800000E+01  .13990387E+01
  -.18400000E+01  .13854955E+01
  -.18000000E+01  .13718359E+01
  -.17600000E+01  .13580569E+01
  -.17200000E+01  .13441555E+01
  -.16800000E+01  .13301284E+01
  -.16400000E+01  .13159723E+01
  -.16000000E+01  .13016838E+01
  -.15600000E+01  .12872592E+01
  -.15200000E+01  .12726947E+01
  -.14800000E+01  .12579863E+01
  -.14400000E+01  .12431299E+01
  -.14000000E+01  .12281211E+01
  -.13600000E+01  .12129554E+01
  -.13200000E+01  .11976279E+01
  -.12800000E+01  .11821336E+01
  -.12400000E+01  .11664672E+01
  -.12000000E+01  .11506232E+01
  -.11600000E+01  .11345956E+01
  -.11200000E+01  .11183782E+01
  -.10800000E+01  .11019646E+01
  -.10400000E+01  .10853478E+01
  -.10000000E+01  .10685206E+01
  -.96000000E+00  .10514751E+01
  -.92000000E+00  .10342033E+01
  -.88000000E+00  .10166964E+01
  -.84000000E+00  .99894520E+00
  -.80000000E+00  .98093991E+00
  -.76000000E+00  .96267007E+00
  -.72000000E+00  .94412455E+00
  -.68000000E+00  .92529143E+00
  -.64000000E+00  .90615801E+00
  -.60000000E+00  .88671088E+00
  -.56000000E+00  .86693473E+00
  -.52000000E+00  .84681463E+00
  -.48000000E+00  .82633338E+00
  -.44000000E+00  .80547295E+00
  -.40000000E+00  .78421316E+00
  -.36000000E+00  .76253344E+00
  -.32000000E+00  .74041035E+00
  -.28000000E+00  .71781894E+00
  -.24000000E+00  .69473197E+00
  -.20000000E+00  .67111972E+00
  -.16000000E+00  .64694971E+00
  -.12000000E+00  .62218635E+00
  -.80000000E-01  .59679048E+00
  -.40000000E-01  .57071906E+00
   .12351231E-14  .54392447E+00
   .40000000E-01  .51635397E+00
   .80000000E-01  .48794895E+00
   .12000000E+00  .45864409E+00
   .16000000E+00  .42836627E+00
   .20000000E+00  .39703344E+00
   .24000000E+00  .36455369E+00
   .28000000E+00  .33082053E+00
   .32000000E+00  .29571675E+00
   .36000000E+00  .25910596E+00
   .40000000E+00  .22083234E+00
   .44000000E+00  .18071598E+00
   .48000000E+00  .13854836E+00
   .52000000E+00  .94086079E-01
   .56000000E+00  .47043210E-01
   .60000000E+00 -.29185253E-02
   .64000000E+00 -.56202434E-01
   .68000000E+00 -.11329341E+00
   .72000000E+00 -.17477986E+00
   .76000000E+00 -.24138302E+00
   .80000000E+00 -.31399704E+00
   .84000000E+00 -.39374424E+00
   .88000000E+00 -.48205335E+00
   .92000000E+00 -.58077205E+00
   .96000000E+00 -.69233327E+00
   .10000000E+01 -.82000744E+00
   .10400000E+01 -.96829769E+00
   .10800000E+01 -.11435821E+01
   .11200000E+01 -.13552041E+01
   .11600000E+01 -.16174251E+01
   .12000000E+01 -.19531522E+01
   .12400000E+01 -.24016650E+01
   .12800000E+01 -.30364314E+01
   .13200000E+01 -.40126586E+01
   .13600000E+01 -.57247977E+01
   .14000000E+01 -.95565993E+01
   .14400000E+01 -.26196880E+02
   .14800000E+01  .39190702E+02
   .15200000E+01  .11477692E+02
   .15600000E+01  .67894273E+01
   .16000000E+01  .48404602E+01
   .16400000E+01  .37650207E+01
   .16800000E+01  .30780617E+01
   .17200000E+01  .25974360E+01
   .17600000E+01  .22393789E+01
   .18000000E+01  .19599817E+01
   .18400000E+01  .17340035E+01
   .18800000E+01  .15459010E+01
   .19200000E+01  .13855706E+01
   .19600000E+01  .12461686E+01
   .20000000E+01  .11228833E+01
KBPotential  L  =      3.00000    .00000
  -.20000000E+01  .16108371E+01
  -.19600000E+01  .15984829E+01
  -.19200000E+01  .15860357E+01
  -.18800000E+01  .15734935E+01
  -.18400000E+01  .15608543E+01
  -.18000000E+01  .15481159E+01
  -.17600000E+01  .15352761E+01
  -.17200000E+01  .15223325E+01
  -.16800000E+01  .15092827E+01
  -.16400000E+01  .14961243E+01
  -.16000000E+01  .14828548E+01
  -.15600000E+01  .14694713E+01
  -.15200000E+01  .14559713E+01
  -.14800000E+01  .14423517E+01
  -.14400000E+01  .14286096E+01
  -.14000000E+01  .14147419E+01
  -.13600000E+01  .14007454E+01
  -.13200000E+01  .13866167E+01
  -.12800000E+01  .13723524E+01
  -.12400000E+01  .13579487E+01
  -.12000000E+01  .13434020E+01
  -.11600000E+01  .13287083E+01
  -.11200000E+01  .13138634E+01
  -.10800000E+01  .12988631E+01
  -.10400000E+01  .12837029E+01
  -.10000000E+01  .12683781E+01
  -.96000000E+00  .12528839E+01
  -.92000000E+00  .12372152E+01
  -.88000000E+00  .12213665E+01
  -.84000000E+00  .12053323E+01
  -.80000000E+00  .11891068E+01
  -.76000000E+00  .11726838E+01
  -.72000000E+00  .11560568E+01
  -.68000000E+00  .11392192E+01
  -.64000000E+00  .11221638E+01
  -.60000000E+00  .11048831E+01
  -.56000000E+00  .10873694E+01
  -.52000000E+00  .10696142E+01
  -.48000000E+00  .10516091E+01
  -.44000000E+00  .10333447E+01
  -.40000000E+00  .10148114E+01
  -.36000000E+00  .99599902E+00
  -.32000000E+00  .97689670E+00
  -.28000000E+00  .95749305E+00
  -.24000000E+00  .93777596E+00
  -.20000000E+00  .91773263E+00
  -.16000000E+00  .89734946E+00
  -.12000000E+00  .87661202E+00
  -.80000000E-01  .85550496E+00
  -.40000000E-01  .83401198E+00
   .12351231E-14  .81211567E+00
   .40000000E-01  .78979751E+00
   .80000000E-01  .76703771E+00
   .12000000E+00  .74381513E+00
   .16000000E+00  .72010712E+00
   .20000000E+00  .69588944E+00
   .24000000E+00  .67113609E+00
   .28000000E+00  .64581910E+00
   .32000000E+00  .61990841E+00
   .36000000E+00  .59337162E+00
   .40000000E+00  .56617378E+00
   .44000000E+00  .53827711E+00
   .48000000E+00  .50964071E+00
   .52000000E+00  .48022024E+00
   .56000000E+00  .44996751E+00
   .60000000E+00  .41883011E+00
   .64000000E+00  .38675088E+00
   .68000000E+00  .35366735E+00
   .72000000E+00  .31951115E+00
   .76000000E+00  .28420725E+00
   .80000000E+00  .24767312E+00
   .84000000E+00  .20981780E+00
   .88000000E+00  .17054075E+00
   .92000000E+00  .12973055E+00
   .96000000E+00  .87263369E-01
   .10000000E+01  .43001234E-01
   .10400000E+01 -.32101406E-02
   .10800000E+01 -.51543793E-01
   .11200000E+01 -.10219453E+00
   .11600000E+01 -.15538239E+00
   .12000000E+01 -.21135694E+00
   .12400000E+01 -.27040243E+00
   .12800000E+01 -.33284401E+00
   .13200000E+01 -.39905545E+00
   .13600000E+01 -.46946853E+00
   .14000000E+01 -.54458484E+00
   .14400000E+01 -.62499052E+00
   .14800000E+01 -.71137484E+00
   .15200000E+01 -.80455404E+00
   .15600000E+01 -.90550196E+00
   .16000000E+01 -.10153901E+01
   .16400000E+01 -.11356407E+01
   .16800000E+01 -.12679971E+01
   .17200000E+01 -.14146207E+01
   .17600000E+01 -.15782238E+01
   .18000000E+01 -.17622573E+01
   .18400000E+01 -.19711806E+01
   .18800000E+01 -.22108594E+01
   .19200000E+01 -.24891678E+01
   .19600000E+01 -.28169282E+01
   .20000000E+01 -.32094345E+01
KBPotential  L  =      4.00000    .00000
  -.20000000E+01  .18969371E+01
  -.19600000E+01  .18867265E+01
  -.19200000E+01  .18764657E+01
  -.18800000E+01  .18661543E+01
  -.18400000E+01  .18557912E+01
  -.18000000E+01  .18453756E+01
  -.17600000E+01  .18349074E+01
  -.17200000E+01  .18243849E+01
  -.16800000E+01  .18138081E+01
  -.16400000E+01  .18031761E+01
  -.16000000E+01  .17924875E+01
  -.15600000E+01  .17817425E+01
  -.15200000E+01  .17709390E+01
  -.14800000E+01  .17600771E+01
  -.14400000E+01  .17491558E+01
  -.14000000E+01  .17381735E+01
  -.13600000E+01  .17271300E+01
  -.13200000E+01  .17160240E+01
  -.12800000E+01  .17048548E+01
  -.12400000E+01  .16936211E+01
  -.12000000E+01  .16823218E+01
  -.11600000E+01  .16709563E+01
  -.11200000E+01  .16595230E+01
  -.10800000E+01  .16480212E+01
  -.10400000E+01  .16364494E+01
  -.10000000E+01  .16248068E+01
  -.96000000E+00  .16130920E+01
  -.92000000E+00  .16013038E+01
  -.88000000E+00  .15894409E+01
  -.84000000E+00  .15775022E+01
  -.80000000E+00  .15654862E+01
  -.76000000E+00  .15533914E+01
  -.72000000E+00  .15412167E+01
  -.68000000E+00  .15289604E+01
  -.64000000E+00  .15166210E+01
  -.60000000E+00  .15041973E+01
  -.56000000E+00  .14916876E+01
  -.52000000E+00  .14790901E+01
  -.48000000E+00  .14664034E+01
  -.44000000E+00  .14536256E+01
  -.40000000E+00  .14407550E+01
  -.36000000E+00  .14277898E+01
  -.32000000E+00  .14147283E+01
  -.28000000E+00  .14015683E+01
  -.24000000E+00  .13883080E+01
  -.20000000E+00  .13749453E+01
  -.16000000E+00  .13614782E+01
  -.12000000E+00  .13479043E+01
  -.80000000E-01  .13342216E+01
  -.40000000E-01  .13204277E+01
   .12351231E-14  .13065202E+01
   .40000000E-01  .12924967E+01
   .80000000E-01  .12783547E+01
   .12000000E+00  .12640914E+01
   .16000000E+00  .12497043E+01
   .20000000E+00  .12351905E+01
   .24000000E+00  .12205470E+01
   .28000000E+00  .12057709E+01
   .32000000E+00  .11908592E+01
   .36000000E+00  .11758085E+01
   .40000000E+00  .11606155E+01
   .44000000E+00  .11452769E+01
   .48000000E+00  .11297890E+01
   .52000000E+00  .11141480E+01
   .56000000E+00  .10983503E+01
   .60000000E+00  .10823917E+01
   .64000000E+00  .10662682E+01
   .68000000E+00  .10499754E+01
   .72000000E+00  .10335088E+01
   .76000000E+00  .10168639E+01
   .80000000E+00  .10000357E+01
   .84000000E+00  .98301932E+00
   .88000000E+00  .96580943E+00
   .92000000E+00  .94840061E+00
   .96000000E+00  .93078719E+00
   .10000000E+01  .91296326E+00
   .10400000E+01  .89492263E+00
   .10800000E+01  .87665889E+00
   .11200000E+01  .85816530E+00
   .11600000E+01  .83943486E+00
   .12000000E+01  .82046023E+00
   .12400000E+01  .80123375E+00
   .12800000E+01  .78174740E+00
   .13200000E+01  .76199278E+00
   .13600000E+01  .74196111E+00
   .14000000E+01  .72164317E+00
   .14400000E+01  .70102931E+00
   .14800000E+01  .68010938E+00
   .15200000E+01  .65887275E+00
   .15600000E+01  .63730824E+00
   .16000000E+01  .61540411E+00
   .16400000E+01  .59314796E+00
   .16800000E+01  .57052679E+00
   .17200000E+01  .54752688E+00
   .17600000E+01  .52413378E+00
   .18000000E+01  .50033221E+00
   .18400000E+01  .47610608E+00
   .18800000E+01  .45143833E+00
   .19200000E+01  .42631097E+00
   .19600000E+01  .40070491E+00
   .20000000E+01  .37459996E+00
