Cu: d10 p1                              
  .210379878E-02  .213686921E-02  .217045877E-02  .220457559E-02  .223922793E-02
  .227442418E-02  .231017285E-02  .234648260E-02  .238336221E-02  .242082061E-02
  .245886686E-02  .249751017E-02  .253675989E-02  .257662550E-02  .261711666E-02
  .265824315E-02  .270001493E-02  .274244208E-02  .278553488E-02  .282930374E-02
  .287375923E-02  .291891212E-02  .296477330E-02  .301135386E-02  .305866507E-02
  .310671834E-02  .315552530E-02  .320509773E-02  .325544761E-02  .330658710E-02
  .335852854E-02  .341128449E-02  .346486768E-02  .351929105E-02  .357456774E-02
  .363071109E-02  .368773465E-02  .374565219E-02  .380447767E-02  .386422530E-02
  .392490949E-02  .398654487E-02  .404914632E-02  .411272894E-02  .417730805E-02
  .424289923E-02  .430951829E-02  .437718129E-02  .444590455E-02  .451570462E-02
  .458659834E-02  .465860277E-02  .473173526E-02  .480601345E-02  .488145521E-02
  .495807871E-02  .503590242E-02  .511494506E-02  .519522568E-02  .527676358E-02
  .535957840E-02  .544369008E-02  .552911884E-02  .561588524E-02  .570401017E-02
  .579351480E-02  .588442068E-02  .597674965E-02  .607052393E-02  .616576605E-02
  .626249890E-02  .636074575E-02  .646053018E-02  .656187619E-02  .666480812E-02
  .676935069E-02  .687552901E-02  .698336858E-02  .709289529E-02  .720413543E-02
  .731711570E-02  .743186322E-02  .754840553E-02  .766677057E-02  .778698675E-02
  .790908290E-02  .803308830E-02  .815903268E-02  .828694623E-02  .841685961E-02
  .854880396E-02  .868281089E-02  .881891251E-02  .895714141E-02  .909753070E-02
  .924011401E-02  .938492545E-02  .953199971E-02  .968137196E-02  .983307797E-02
  .998715402E-02  .101436370E-01  .103025642E-01  .104639738E-01  .106279044E-01
  .107943950E-01  .109634855E-01  .111352163E-01  .113096284E-01  .114867634E-01
  .116666638E-01  .118493723E-01  .120349328E-01  .122233893E-01  .124147869E-01
  .126091713E-01  .128065888E-01  .130070866E-01  .132107123E-01  .134175145E-01
  .136275426E-01  .138408466E-01  .140574773E-01  .142774862E-01  .145009258E-01
  .147278493E-01  .149583107E-01  .151923648E-01  .154300673E-01  .156714748E-01
  .159166446E-01  .161656351E-01  .164185054E-01  .166753156E-01  .169361268E-01
  .172010009E-01  .174700008E-01  .177431903E-01  .180206344E-01  .183023988E-01
  .185885504E-01  .188791571E-01  .191742877E-01  .194740124E-01  .197784020E-01
  .200875287E-01  .204014658E-01  .207202875E-01  .210440695E-01  .213728882E-01
  .217068216E-01  .220459487E-01  .223903495E-01  .227401057E-01  .230952998E-01
  .234560159E-01  .238223390E-01  .241943558E-01  .245721540E-01  .249558229E-01
  .253454531E-01  .257411363E-01  .261429660E-01  .265510369E-01  .269654451E-01
  .273862884E-01  .278136658E-01  .282476781E-01  .286884273E-01  .291360172E-01
  .295905531E-01  .300521420E-01  .305208923E-01  .309969143E-01  .314803197E-01
  .319712222E-01  .324697370E-01  .329759811E-01  .334900733E-01  .340121343E-01
  .345422865E-01  .350806540E-01  .356273632E-01  .361825420E-01  .367463205E-01
  .373188307E-01  .379002065E-01  .384905839E-01  .390901011E-01  .396988980E-01
  .403171170E-01  .409449026E-01  .415824012E-01  .422297616E-01  .428871350E-01
  .435546746E-01  .442325361E-01  .449208774E-01  .456198589E-01  .463296433E-01
  .470503959E-01  .477822843E-01  .485254788E-01  .492801522E-01  .500464798E-01
  .508246396E-01  .516148124E-01  .524171814E-01  .532319329E-01  .540592558E-01
  .548993419E-01  .557523857E-01  .566185848E-01  .574981398E-01  .583912541E-01
  .592981344E-01  .602189901E-01  .611540342E-01  .621034825E-01  .630675542E-01
  .640464717E-01  .650404609E-01  .660497508E-01  .670745739E-01  .681151663E-01
  .691717675E-01  .702446205E-01  .713339720E-01  .724400724E-01  .735631758E-01
  .747035399E-01  .758614265E-01  .770371011E-01  .782308332E-01  .794428962E-01
  .806735678E-01  .819231295E-01  .831918671E-01  .844800707E-01  .857880346E-01
  .871160574E-01  .884644423E-01  .898334966E-01  .912235326E-01  .926348668E-01
  .940678207E-01  .955227202E-01  .969998963E-01  .984996846E-01  .100022426E+00
  .101568465E+00  .103138154E+00  .104731849E+00  .106349909E+00  .107992702E+00
  .109660599E+00  .111353978E+00  .113073221E+00  .114818716E+00  .116590858E+00
  .118390046E+00  .120216685E+00  .122071187E+00  .123953970E+00  .125865457E+00
  .127806077E+00  .129776266E+00  .131776467E+00  .133807128E+00  .135868705E+00
  .137961659E+00  .140086458E+00  .142243577E+00  .144433499E+00  .146656713E+00
  .148913715E+00  .151205007E+00  .153531101E+00  .155892513E+00  .158289771E+00
  .160723405E+00  .163193957E+00  .165701975E+00  .168248015E+00  .170832640E+00
  .173456424E+00  .176119946E+00  .178823795E+00  .181568568E+00  .184354870E+00
  .187183316E+00  .190054528E+00  .192969138E+00  .195927787E+00  .198931125E+00
  .201979810E+00  .205074511E+00  .208215905E+00  .211404681E+00  .214641535E+00
  .217927174E+00  .221262316E+00  .224647686E+00  .228084023E+00  .231572074E+00
  .235112597E+00  .238706361E+00  .242354145E+00  .246056741E+00  .249814948E+00
  .253629581E+00  .257501462E+00  .261431428E+00  .265420326E+00  .269469014E+00
  .273578364E+00  .277749259E+00  .281982592E+00  .286279273E+00  .290640222E+00
  .295066370E+00  .299558664E+00  .304118063E+00  .308745537E+00  .313442074E+00
  .318208670E+00  .323046340E+00  .327956108E+00  .332939016E+00  .337996118E+00
  .343128483E+00  .348337194E+00  .353623350E+00  .358988063E+00  .364432462E+00
  .369957690E+00  .375564906E+00  .381255285E+00  .387030017E+00  .392890309E+00
  .398837382E+00  .404872477E+00  .410996848E+00  .417211768E+00  .423518527E+00
  .429918431E+00  .436412804E+00  .443002987E+00  .449690341E+00  .456476241E+00
  .463362085E+00  .470349286E+00  .477439276E+00  .484633507E+00  .491933450E+00
  .499340594E+00  .506856449E+00  .514482543E+00  .522220427E+00  .530071668E+00
  .538037856E+00  .546120602E+00  .554321536E+00  .562642311E+00  .571084599E+00
  .579650095E+00  .588340517E+00  .597157602E+00  .606103111E+00  .615178827E+00
  .624386557E+00  .633728128E+00  .643205394E+00  .652820230E+00  .662574533E+00
  .672470229E+00  .682509263E+00  .692693607E+00  .703025258E+00  .713506236E+00
  .724138588E+00  .734924384E+00  .745865723E+00  .756964728E+00  .768223547E+00
  .779644356E+00  .791229358E+00  .802980782E+00  .814900883E+00  .826991947E+00
  .839256284E+00  .851696234E+00  .864314164E+00  .877112470E+00  .890093577E+00
  .903259939E+00  .916614039E+00  .930158388E+00  .943895530E+00  .957828036E+00
  .971958508E+00  .986289579E+00  .100082391E+01  .101556421E+01  .103051318E+01
  .104567360E+01  .106104824E+01  .107663994E+01  .109245155E+01  .110848594E+01
  .112474605E+01  .114123481E+01  .115795523E+01  .117491031E+01  .119210310E+01
  .120953671E+01  .122721424E+01  .124513885E+01  .126331373E+01  .128174211E+01
  .130042724E+01  .131937243E+01  .133858100E+01  .135805633E+01  .137780180E+01
  .139782087E+01  .141811702E+01  .143869374E+01  .145955460E+01  .148070317E+01
  .150214310E+01  .152387802E+01  .154591166E+01  .156824774E+01  .159089003E+01
  .161384236E+01  .163710858E+01  .166069257E+01  .168459827E+01  .170882964E+01
  .173339070E+01  .175828548E+01  .178351809E+01  .180909263E+01  .183501328E+01
  .186128424E+01  .188790976E+01  .191489412E+01  .194224165E+01  .196995671E+01
  .199804370E+01  .202650708E+01  .205535132E+01  .208458095E+01  .211420054E+01
  .214421469E+01  .217462805E+01  .220544531E+01  .223667120E+01  .226831047E+01
  .230036795E+01  .233284847E+01  .236575693E+01  .239909825E+01  .243287740E+01
  .246709940E+01  .250176928E+01  .253689214E+01  .257247310E+01  .260851734E+01
  .264503004E+01  .268201647E+01  .271948190E+01  .275743166E+01  .279587110E+01
  .283480563E+01  .287424067E+01  .291418172E+01  .295463426E+01  .299560386E+01
  .303709609E+01  .307911658E+01  .312167099E+01  .316476499E+01  .320840433E+01
  .325259476E+01  .329734207E+01  .334265209E+01  .338853068E+01  .343498373E+01
  .348201718E+01  .352963697E+01  .357784908E+01  .362665954E+01  .367607439E+01
  .372609970E+01  .377674157E+01  .382800613E+01  .387989953E+01  .393242795E+01
  .398559759E+01  .403941468E+01  .409388546E+01  .414901621E+01  .420481321E+01
  .426128277E+01  .431843123E+01  .437626492E+01  .443479021E+01  .449401346E+01
  .455394108E+01  .461457946E+01  .467593502E+01  .473801417E+01  .480082334E+01
  .486436899E+01  .492865754E+01  .499369544E+01  .505948915E+01  .512604510E+01
  .519336977E+01  .526146958E+01  .533035098E+01  .540002041E+01  .547048429E+01
  .554174905E+01  .561382109E+01  .568670681E+01  .576041257E+01  .583494475E+01
  .591030969E+01  .598651369E+01  .606356306E+01  .614146406E+01  .622022293E+01
  .629984588E+01  .638033909E+01  .646170868E+01  .654396076E+01  .662710139E+01
  .671113658E+01  .679607229E+01  .688191445E+01  .696866892E+01  .705634151E+01
  .714493797E+01  .723446398E+01  .732492519E+01  .741632714E+01  .750867533E+01
  .760197516E+01  .769623198E+01  .779145104E+01  .788763751E+01  .798479648E+01
  .808293294E+01  .818205178E+01  .828215781E+01  .838325573E+01  .848535013E+01
  .858844548E+01  .869254615E+01  .879765640E+01  .890378034E+01  .901092199E+01
  .911908519E+01  .922827370E+01  .933849111E+01  .944974086E+01  .956202626E+01
  .967535046E+01  .978971645E+01  .990512706E+01  .100215850E+02  .101390926E+02
  .102576524E+02  .103772664E+02  .104979365E+02  .106196646E+02  .107424521E+02
  .108663005E+02  .109912109E+02  .111171842E+02  .112442211E+02  .113723222E+02
  .115014877E+02  .116317175E+02  .117630117E+02  .118953695E+02  .120287905E+02
  .121632735E+02  .122988174E+02  .124354207E+02  .125730816E+02  .127117980E+02
  .128515677E+02  .129923880E+02  .131342560E+02  .132771684E+02  .134211217E+02
  .135661120E+02  .137121352E+02  .138591868E+02  .140072619E+02  .141563553E+02
  .143064615E+02  .144575747E+02  .146096885E+02  .147627964E+02  .149168913E+02
  .150719660E+02  .152280127E+02  .153850232E+02  .155429890E+02  .157019012E+02
  .158617504E+02  .160225269E+02  .161842205E+02  .163468205E+02  .165103161E+02
  .166746955E+02  .168399471E+02  .170060582E+02  .171730163E+02  .173408078E+02
  .175094192E+02  .176788361E+02  .178490438E+02  .180200271E+02  .181917704E+02
  .183642575E+02  .185374717E+02  .187113957E+02  .188860120E+02  .190613023E+02
  .192372479E+02  .194138295E+02  .195910273E+02  .197688211E+02  .199471901E+02
  .201261128E+02  .203055673E+02  .204855311E+02  .206659813E+02  .208468943E+02
  .210282460E+02  .212100117E+02  .213921662E+02  .215746836E+02  .217575377E+02
  .219407015E+02  .221241476E+02  .223078479E+02  .224917738E+02  .226758962E+02
  .228601852E+02  .230446107E+02  .232291417E+02  .234137468E+02  .235983941E+02
  .237830509E+02  .239676842E+02  .241522603E+02  .243367451E+02  .245211036E+02
  .247053007E+02  .248893006E+02  .250730667E+02  .252565622E+02  .254397497E+02
  .256225913E+02  .258050484E+02  .259870821E+02  .261686529E+02  .263497209E+02
  .265302457E+02  .267101862E+02  .268895013E+02  .270681489E+02  .272460870E+02
  .274232727E+02  .275996630E+02  .277752144E+02  .279498830E+02  .281236244E+02
  .282963941E+02  .284681470E+02  .286388378E+02  .288084209E+02  .289768504E+02
  .291440799E+02  .293100630E+02  .294747530E+02  .296381029E+02  .298000655E+02
  .299605935E+02  .301196394E+02  .302771555E+02  .304330940E+02  .305874071E+02
  .307400468E+02  .308909651E+02  .310401140E+02  .311874456E+02  .313329118E+02
  .314764648E+02  .316180567E+02  .317576398E+02  .318951667E+02  .320305899E+02
  .321638622E+02  .322949368E+02  .324237671E+02  .325503066E+02  .326745095E+02
  .327963300E+02  .329157231E+02  .330326439E+02  .331470482E+02  .332588922E+02
  .333681328E+02  .334747274E+02  .335786340E+02  .336798113E+02  .337782187E+02
  .338738165E+02  .339665657E+02  .340564280E+02  .341433661E+02  .342273437E+02
  .343083253E+02  .343862766E+02  .344611640E+02  .345329555E+02  .346016197E+02
  .346671268E+02  .347294479E+02  .347885556E+02  .348444238E+02  .348970275E+02
  .349463434E+02  .349923494E+02  .350350251E+02  .350743515E+02  .351103112E+02
  .351428884E+02  .351720690E+02  .351978405E+02  .352201924E+02  .352391156E+02
  .352546032E+02  .352666501E+02  .352752528E+02  .352804101E+02  .352821228E+02
  .352803935E+02  .352752270E+02  .352666301E+02  .352546121E+02  .352391840E+02
  .352203593E+02  .351981538E+02  .351725853E+02  .351436741E+02  .351114430E+02
  .350759169E+02  .350371231E+02  .349950915E+02  .349498544E+02  .349014465E+02
  .348499051E+02  .347952698E+02  .347375829E+02  .346768893E+02  .346132363E+02
  .345466738E+02  .344772543E+02  .344050329E+02  .343300673E+02  .342524177E+02
  .341721470E+02  .340893206E+02  .340040065E+02  .339162754E+02  .338262003E+02
  .337338570E+02  .336393237E+02  .335426811E+02  .334440125E+02  .333434037E+02
  .332409427E+02  .331367201E+02  .330308290E+02  .329233645E+02  .328144243E+02
  .327041082E+02  .325925182E+02  .324797587E+02  .323659360E+02  .322511584E+02
  .321355362E+02  .320191820E+02  .319022097E+02  .317847355E+02  .316668769E+02
  .315487534E+02  .314304858E+02  .313121965E+02  .311940094E+02  .310760495E+02
  .309584430E+02  .308413175E+02  .307248013E+02  .306090238E+02  .304941151E+02
  .303802060E+02  .302674279E+02  .301559127E+02  .300457926E+02  .299372001E+02
  .298302675E+02  .297251275E+02  .296219123E+02  .295207540E+02  .294217841E+02
  .293251336E+02  .292309328E+02  .291393112E+02  .290503972E+02  .289643180E+02
  .288811996E+02  .288011666E+02  .287243417E+02  .286508463E+02  .285807995E+02
  .285143184E+02  .284515180E+02  .283925109E+02  .283374071E+02  .282863138E+02
  .282393355E+02  .281965736E+02  .281581262E+02  .281240884E+02  .280945515E+02
  .280696032E+02  .280493274E+02  .280338041E+02  .280231091E+02  .280173140E+02
  .280164860E+02  .280206875E+02  .280299766E+02  .280444061E+02  .280640241E+02
  .280888736E+02  .281189920E+02  .281544118E+02  .281951595E+02  .282412564E+02
  .282927177E+02  .283495529E+02  .284117656E+02  .284793531E+02  .285523068E+02
  .286306118E+02  .287142466E+02  .288031836E+02  .288973887E+02  .289968209E+02
  .291014330E+02  .292111710E+02  .293259740E+02  .294457748E+02  .295704990E+02
  .297000657E+02  .298343870E+02  .299733683E+02  .301169083E+02  .302648988E+02
  .304172249E+02  .305737649E+02  .307343904E+02  .308989666E+02  .310673519E+02
  .312393982E+02  .314149511E+02  .315938498E+02  .317759273E+02  .319610103E+02
  .321489197E+02  .323394705E+02  .325324718E+02  .327277272E+02  .329250349E+02
  .331241877E+02  .333249735E+02  .335271751E+02  .337305707E+02  .339349339E+02
  .341400342E+02  .343456367E+02  .345515030E+02  .347573910E+02  .349630551E+02
  .351682470E+02  .353727151E+02  .355762057E+02  .357784626E+02  .359792278E+02
  .361782415E+02  .363752427E+02  .365699692E+02  .367621584E+02  .369515469E+02
  .371378715E+02  .373208692E+02  .375002778E+02  .376758359E+02  .378472833E+02
  .380143617E+02  .381768149E+02  .383343888E+02  .384868323E+02  .386338973E+02
  .387753392E+02  .389109174E+02  .390403951E+02  .391635407E+02  .392801269E+02
  .393899322E+02  .394927404E+02  .395883416E+02  .396765322E+02  .397571151E+02
  .398299006E+02  .398947061E+02  .399513571E+02  .399996867E+02  .400395367E+02
  .400707576E+02  .400932087E+02  .401067588E+02  .401112862E+02  .401066789E+02
  .400928353E+02  .400696639E+02  .400370840E+02  .399950256E+02  .399434299E+02
  .398822491E+02  .398114472E+02  .397309993E+02  .396408928E+02  .395411266E+02
  .394317119E+02  .393126719E+02  .391840420E+02  .390458699E+02  .388982158E+02
  .387411521E+02  .385747637E+02  .383991479E+02  .382144143E+02  .380206850E+02
  .378180942E+02  .376067885E+02  .373869264E+02  .371586786E+02  .369222273E+02
  .366777667E+02  .364255023E+02  .361656511E+02  .358984409E+02  .356241106E+02
  .353429093E+02  .350550968E+02  .347609425E+02  .344607257E+02  .341547348E+02
  .338432674E+02  .335266294E+02  .332051350E+02  .328791061E+02  .325488719E+02
  .322147686E+02  .318771386E+02  .315363304E+02  .311926977E+02  .308465993E+02
  .304983983E+02  .301484616E+02  .297971596E+02  .294448651E+02  .290919535E+02
  .287388014E+02  .283857867E+02  .280332875E+02  .276816819E+02  .273313471E+02
  .269826589E+02  .266359913E+02  .262917154E+02  .259501994E+02  .256118074E+02
  .252768992E+02  .249458295E+02  .246189476E+02  .242965962E+02  .239791114E+02
  .236668221E+02  .233600488E+02  .230591038E+02  .227642904E+02  .224759020E+02
  .221942221E+02  .219195237E+02  .216520685E+02  .213921068E+02  .211398766E+02
  .208956040E+02  .206595017E+02  .204317696E+02  .202125937E+02  .200021463E+02
  .198005854E+02  .196080545E+02  .194246821E+02  .192505821E+02  .190858528E+02
  .189305772E+02  .187848230E+02  .186486418E+02  .185220699E+02  .184051274E+02
  .182978187E+02  .182001323E+02  .181120411E+02  .180335019E+02  .179644561E+02
  .179048295E+02  .178545324E+02  .178134599E+02  .177814923E+02  .177584949E+02
  .177443187E+02  .177388004E+02  .177417629E+02  .177530156E+02  .177723547E+02
  .177995638E+02  .178344140E+02  .178766648E+02  .179260642E+02  .179823494E+02
  .180452473E+02  .181144748E+02  .181897398E+02  .182707415E+02  .183571708E+02
  .184487113E+02  .185450399E+02  .186458269E+02  .187507373E+02  .188594311E+02
  .189715640E+02  .190867881E+02  .192047526E+02  .193251043E+02  .194474885E+02
  .195715496E+02  .196969316E+02  .198232790E+02  .199502373E+02  .200774538E+02
  .202045780E+02  .203312627E+02  .204571640E+02  .205819423E+02  .207052630E+02
  .208267968E+02  .209462203E+02  .210632169E+02  .211774768E+02  .212886980E+02
  .213965864E+02  .215008566E+02  .216012320E+02  .216974456E+02  .217892402E+02
  .218763686E+02  .219585943E+02  .220356915E+02  .221074458E+02  .221736540E+02
  .222341247E+02  .222886781E+02  .223371468E+02  .223793753E+02  .224152207E+02
  .224445523E+02  .224672520E+02  .224832141E+02  .224923459E+02  .224945666E+02
  .224898084E+02  .224780157E+02  .224591455E+02  .224331667E+02  .224000606E+02
  .223598203E+02  .223124508E+02  .222579683E+02  .221964009E+02  .221277872E+02
  .220521771E+02  .219696307E+02  .218802184E+02  .217840207E+02  .216811275E+02
  .215716381E+02  .214556605E+02  .213333114E+02  .212047156E+02  .210700056E+02
  .209293213E+02  .207828097E+02  .206306241E+02  .204729242E+02  .203098753E+02
  .201416480E+02  .199684179E+02  .197903649E+02  .196076732E+02  .194205306E+02
  .192291278E+02  .190336588E+02  .188343197E+02  .186313088E+02  .184248257E+02
  .182150717E+02  .180022486E+02  .177865588E+02  .175682048E+02  .173473889E+02
  .171243127E+02  .168991770E+02  .166721812E+02  .164435235E+02  .162133998E+02
  .159820042E+02  .157495282E+02  .155161608E+02  .152820878E+02  .150474922E+02
  .148125532E+02  .145774468E+02  .143423449E+02  .141074156E+02  .138728228E+02
  .136387262E+02  .134052808E+02  .131726374E+02  .129409416E+02  .127103349E+02
  .124809531E+02  .122529277E+02  .120263848E+02  .118014457E+02  .115782261E+02
  .113568372E+02  .111373842E+02  .109199680E+02  .107046835E+02  .104916210E+02
  .102808653E+02  .100724962E+02  .986658826E+01  .966321132E+01  .946242988E+01
  .926430370E+01  .906888750E+01  .887623143E+01  .868638071E+01  .849937619E+01
  .831525395E+01  .813404590E+01  .795577938E+01  .778047778E+01  .760816013E+01
  .743884176E+01  .727253386E+01  .710924416E+01  .694897653E+01  .679173158E+01
  .663750635E+01  .648629488E+01  .633808789E+01  .619287337E+01  .605063625E+01
  .591135898E+01  .577502125E+01  .564160052E+01  .551107173E+01  .538340788E+01
  .525857968E+01  .513655613E+01  .501730410E+01  .490078941E+01  .478697525E+01
  .467582492E+01  .456729868E+01  .446135737E+01  .435795890E+01  .425706220E+01
  .415862338E+01  .406259968E+01  .396894578E+01  .387761773E+01  .378856914E+01
  .370175521E+01  .361712889E+01  .353464481E+01  .345425564E+01  .337591591E+01
  .329957815E+01  .322519704E+01  .315272529E+01  .308211798E+01  .301332829E+01
  .294631192E+01  .288102275E+01  .281741729E+01  .275545031E+01  .269507934E+01
  .263626022E+01  .257895161E+01  .252311056E+01  .246869706E+01  .241566947E+01
  .236398916E+01  .231361596E+01  .226451273E+01  .221664078E+01  .216996456E+01
  .212444694E+01  .208005399E+01  .203675018E+01  .199450324E+01  .195327928E+01
  .191304769E+01  .187377623E+01  .183543596E+01  .179799630E+01  .176142997E+01
  .172570802E+01  .169080480E+01  .165669299E+01  .162334858E+01  .159074578E+01
  .155886218E+01  .152767353E+01  .149715896E+01  .146729573E+01  .143806441E+01
  .140944371E+01  .138141568E+01  .135396038E+01  .132706121E+01  .130069960E+01
  .127486025E+01  .124952583E+01  .122468232E+01  .120031359E+01  .117640679E+01
  .115294694E+01  .112992231E+01  .110731898E+01  .108512630E+01  .106333137E+01
  .104192449E+01  .102089374E+01  .100023037E+01  .979923303E+00  .959964677E+00
  .940344259E+00  .921054987E+00  .902087392E+00  .883435163E+00  .865089555E+00
  .847044956E+00  .829293271E+00  .811829530E+00  .794646255E+00  .777739073E+00
  .761101053E+00  .744728364E+00  .728614598E+00  .712756424E+00  .697147890E+00
  .681786116E+00  .666665587E+00  .651783834E+00  .637135719E+00  .622719144E+00
  .608529327E+00  .594564506E+00  .580820202E+00  .567294950E+00  .553984561E+00
  .540887836E+00  .528000825E+00  .515322563E+00  .502849326E+00  .490580356E+00
  .478512111E+00  .466644013E+00  .454972692E+00  .443497721E+00  .432215865E+00
  .421126826E+00  .410227495E+00  .399517683E+00  .388994709E+00  .378657432E+00
  .368504317E+00  .358533924E+00  .348744782E+00  .339135500E+00  .329704664E+00
  .320450892E+00  .311372815E+00  .302469070E+00  .293738301E+00  .285179156E+00
  .276790281E+00  .268570319E+00  .260517907E+00  .252631677E+00  .244910246E+00
  .237352222E+00  .229956198E+00  .222720750E+00  .215644436E+00  .208725796E+00
  .201963349E+00  .195355590E+00  .188900994E+00  .182598011E+00  .176445065E+00
  .170440557E+00  .164582860E+00  .158870304E+00  .153301230E+00  .147873932E+00
  .142586676E+00  .137437705E+00  .132425232E+00  .127547448E+00  .122802514E+00
  .118188569E+00  .113703728E+00  .109346080E+00  .105113694E+00  .101004615E+00
  .970168684E-01  .931484592E-01  .893973742E-01  .857615829E-01  .822390385E-01
  .788276798E-01  .755254320E-01  .723302087E-01  .692399133E-01  .662524400E-01
  .633656762E-01  .605775035E-01  .578857998E-01  .552884404E-01  .527833003E-01
  .503682395E-01  .480411533E-01  .457999242E-01  .436424407E-01  .415665992E-01
  .395703055E-01  .376514764E-01  .358080414E-01  .340379440E-01  .323391437E-01
  .307096170E-01  .291473594E-01  .276503861E-01  .262167344E-01  .248444640E-01
  .235316589E-01  .222764286E-01  .210769090E-01  .199312635E-01  .188376846E-01
  .177943943E-01  .167996452E-01  .158517214E-01  .149489395E-01  .140896488E-01
  .132722327E-01  .124951085E-01  .117567287E-01  .110555809E-01  .103901885E-01
  .975911077E-02  .916094351E-02  .859431892E-02  .805790586E-02  .755040995E-02
  .707057354E-02  .661717571E-02  .618903216E-02  .578499505E-02  .540395279E-02
  .504482983E-02  .470658630E-02  .438821767E-02  .408875439E-02  .380726141E-02
  .354283771E-02  .329461583E-02  .306176124E-02  .284347184E-02  .263897730E-02
  .244753845E-02  .226844659E-02  .210102283E-02  .194461739E-02  .179860887E-02
  .166240351E-02  .153543445E-02  .141716098E-02  .130706779E-02  .120466415E-02
  .110948319E-02  .102108111E-02  .939036393E-03  .862949037E-03  .792439802E-03
  .727149434E-03  .666737914E-03  .610883711E-03  .559283046E-03  .511649163E-03
  .467711618E-03  .427215577E-03  .389921131E-03  .355602623E-03  .324047993E-03
  .295058139E-03  .268446293E-03  .244037419E-03  .221667622E-03  .201183586E-03
  .182442014E-03  .165309106E-03  .149660038E-03  .135378473E-03  .122356085E-03
  .110492098E-03  .996928536E-04  .898713857E-04  .809470228E-04  .728450018E-04
  .654961023E-04  .588362972E-04  .528064207E-04  .473518518E-04  .424222148E-04
  .379710948E-04  .339557685E-04  .303369495E-04  .270785474E-04  .241474416E-04
  .215132670E-04  .191482131E-04  .170268346E-04  .151258745E-04  .134240973E-04
  .119021336E-04  .105423341E-04  .932863383E-05  .824642522E-05  .728243984E-05
  .642463844E-05  .566210869E-05  .498497033E-05  .438428716E-05  .385198563E-05
  .338077952E-05  .296410033E-05  .259603317E-05  .227125761E-05  .198499325E-05
  .173294979E-05  .151128111E-05  .131654318E-05  .114565561E-05  .995866366E-06
  .864719680E-06  .750026670E-06  .649838643E-06  .562422789E-06  .486240099E-06
  .419925325E-06  .362268823E-06  .312200123E-06  .268773070E-06  .231152420E-06
  .198601755E-06  .170472596E-06  .146194628E-06  .125266911E-06  .107250006E-06
  .917589244E-07  .784568182E-07  .670493535E-07  .572796874E-07  .489239984E-07
  .417875112E-07  .357009688E-07  .305175049E-07  .261098768E-07  .223680206E-07
  .191968962E-07  .165145914E-07  .142506582E-07  .123446557E-07  .107448814E-07
  .940726800E-08  .829443216E-08  .737486009E-08  .662221778E-08  .601477745E-08
  .553495278E-08  .507005689E-08  .471296515E-08  .445303074E-08  .428277479E-08
  .419779641E-08  .419677507E-08  .344277455E-08  .281975897E-08  .230579331E-08
  .188247047E-08  .153436881E-08  .124858894E-08  .101435885E-08  .822697976E-09
  .666131699E-09  .538449267E-09  .434498820E-09  .350014144E-09  .281468487E-09
  .225951441E-09  .181065421E-09  .144838778E-09  .115653008E-09  .921818719E-10
  .733405800E-10  .582434442E-10  .461686591E-10  .365290638E-10  .288479130E-10
  .227388393E-10  .178893115E-10  .140470055E-10  .110085970E-10  .861056262E-11
  .672164567E-11  .523669601E-11  .407164456E-11  .315941097E-11  .244657832E-11
  .189069630E-11  .145809873E-11  .112214090E-11  .861778975E-12  .660427456E-12
  .505042227E-12  .385386211E-12  .293442533E-12  .222946576E-12  .169013652E-12
  .127843403E-12  .964856373E-13  .726552544E-13  .545862839E-13  .409170433E-13
  .305999823E-13  .228310702E-13  .169946176E-13  .126202621E-13  .934951205E-14
  .690978904E-14  .509433516E-14  .374669782E-14  .274877837E-14  .201164847E-14
  .146851068E-14  .106931594E-14  .776658486E-15  .562652669E-15  .406563112E-15
  .293010945E-15  .210619659E-15  .150995497E-15  .107961742E-15  .769852014E-16
  .547478055E-16  .388274453E-16  .274608525E-16  .193679074E-16  .136218212E-16
  .955348163E-17  .668116727E-17  .465904883E-17  .323956290E-17  .224599984E-17
  .155259079E-17  .107008436E-17  .735330232E-18  .503778701E-18  .344096025E-18
  .234310310E-18  .159061238E-18  .107643491E-18  .726190909E-19  .488362743E-19
  .327379820E-19  .218759963E-19  .145706571E-19  .967329656E-20  .640092236E-20
  .422154903E-20  .277492196E-20  .181789047E-20  .118689119E-20  .772268829E-21
  .500758783E-21  .323578067E-21  .208356895E-21  .133691177E-21  .854774108E-22
  .544554412E-22  .345668645E-22  .218622496E-22  .137763171E-22  .864892251E-23
  .540964211E-23  .337085193E-23  .209248466E-23  .129396672E-23  .797092622E-24
  .489109234E-24  .298951512E-24  .182003517E-24  .110364436E-24  .666553404E-25
  .400943499E-25  .240192638E-25  .143301342E-25  .851413470E-26  .503751084E-26
  .296798773E-26  .174126204E-26  .101720214E-26  .591665914E-27  .342654885E-27
  .197575555E-27  .113420117E-27  .648204648E-28  .368793964E-28  .208876413E-28
  .117764157E-28  .660905016E-29  .369190999E-29  .205273603E-29  .113597489E-29
  .625664528E-30  .342953251E-30  .187082080E-30  .101558547E-30  .548618949E-31
  .294902221E-31  .157732409E-31  .839425352E-32  .444471525E-32  .234147131E-32
  .122715367E-32  .639817789E-33  .331850754E-33  .171214362E-33  .878678614E-34
  .448532436E-34  .227726142E-34  .114992181E-34  .577485546E-35  .288411227E-35
  .143239281E-35  .707410616E-36  .347392839E-36  .169625143E-36  .823492659E-37
  .397474512E-37  .190729834E-37  .909844868E-38  .431454360E-38  .203376337E-38
  .952890752E-39  .443753564E-39  .205388157E-39  .944761789E-40  .431877947E-40
  .196186788E-40  .885577480E-41  .397200085E-41  .177009171E-41  .783724452E-42
  .344738322E-42  .150643860E-42  .653922059E-43  .281961636E-43  .120759177E-43
  .513680145E-44  .217012204E-44  .910479820E-45  .379338679E-45  .156938762E-45
  .644696140E-46  .262952276E-46  .106480696E-46  .428067027E-47  .170833989E-47
  .676757156E-48  .266110345E-48  .103856823E-48  .402278224E-49  .154635734E-49
  .589872919E-50  .223277791E-50  .242660603E-54  .861707611E-55  .303465303E-55
  .105978461E-55  .366991816E-56  .126007352E-56  .428949743E-57  .144763144E-57
  .484306700E-58  .160606601E-58  .527905353E-59  .171975895E-59  .555222114E-60
  .177632395E-60  .563121554E-61  .176878384E-61  .550437250E-62  .000000000E+00
  .000000000E+00  .000000000E+00  .000000000E+00  .000000000E+00  .000000000E+00
  .000000000E+00  .000000000E+00  .000000000E+00  .000000000E+00  .000000000E+00
  .000000000E+00  .000000000E+00  .000000000E+00  .000000000E+00  .000000000E+00
  .000000000E+00  .000000000E+00  .000000000E+00  .000000000E+00  .000000000E+00
  .000000000E+00  .000000000E+00  .000000000E+00  .000000000E+00  .000000000E+00
  .000000000E+00  .000000000E+00  .000000000E+00  .000000000E+00  .000000000E+00
  .000000000E+00  .000000000E+00  .000000000E+00  .000000000E+00  .000000000E+00
  .000000000E+00  .000000000E+00  .000000000E+00  .000000000E+00  .000000000E+00
  .000000000E+00  .000000000E+00  .000000000E+00  .000000000E+00  .000000000E+00
  .000000000E+00  .000000000E+00  .000000000E+00  .000000000E+00  .000000000E+00
  .000000000E+00  .000000000E+00  .000000000E+00  .000000000E+00  .000000000E+00
  .000000000E+00  .000000000E+00  .000000000E+00  .000000000E+00  .000000000E+00
  .000000000E+00  .000000000E+00  .000000000E+00  .000000000E+00  .000000000E+00
  .000000000E+00  .000000000E+00  .000000000E+00  .000000000E+00  .000000000E+00
  .000000000E+00  .000000000E+00  .000000000E+00  .000000000E+00  .000000000E+00
  .000000000E+00  .000000000E+00  .000000000E+00  .000000000E+00  .000000000E+00
  .000000000E+00  .000000000E+00  .000000000E+00  .000000000E+00  .000000000E+00
  .000000000E+00  .000000000E+00  .000000000E+00  .000000000E+00  .000000000E+00
  .000000000E+00  .000000000E+00  .000000000E+00  .000000000E+00  .000000000E+00
  .000000000E+00  .000000000E+00  .000000000E+00  .000000000E+00  .000000000E+00
  .000000000E+00  .000000000E+00  .000000000E+00  .000000000E+00  .000000000E+00
  .000000000E+00  .000000000E+00  .000000000E+00  .000000000E+00  .000000000E+00
  .000000000E+00  .000000000E+00  .000000000E+00  .000000000E+00  .000000000E+00
  .000000000E+00  .000000000E+00  .000000000E+00  .000000000E+00  .000000000E+00
  .000000000E+00  .000000000E+00  .000000000E+00  .000000000E+00  .000000000E+00
  .000000000E+00  .000000000E+00  .000000000E+00  .000000000E+00  .000000000E+00
  .000000000E+00  .000000000E+00  .000000000E+00  .000000000E+00  .000000000E+00
  .000000000E+00  .000000000E+00  .000000000E+00  .000000000E+00  .000000000E+00
  .000000000E+00  .000000000E+00  .000000000E+00  .000000000E+00  .000000000E+00
  .000000000E+00  .000000000E+00  .000000000E+00  .000000000E+00  .000000000E+00
  .000000000E+00  .000000000E+00  .000000000E+00  .000000000E+00  .000000000E+00
  .000000000E+00  .000000000E+00  .000000000E+00  .000000000E+00  .000000000E+00
  .000000000E+00  .000000000E+00  .000000000E+00  .000000000E+00  .000000000E+00
  .000000000E+00  .000000000E+00  .000000000E+00  .000000000E+00  .000000000E+00
  .000000000E+00  .000000000E+00  .000000000E+00  .000000000E+00  .000000000E+00
  .000000000E+00  .000000000E+00  .000000000E+00  .000000000E+00  .000000000E+00
  .000000000E+00  .000000000E+00  .000000000E+00  .000000000E+00  .000000000E+00
  .000000000E+00  .000000000E+00  .000000000E+00  .000000000E+00  .000000000E+00
  .000000000E+00  .000000000E+00  .000000000E+00  .000000000E+00  .000000000E+00
  .000000000E+00  .000000000E+00  .000000000E+00  .000000000E+00  .000000000E+00
  .000000000E+00  .000000000E+00  .000000000E+00  .000000000E+00  .000000000E+00
  .000000000E+00  .000000000E+00  .000000000E+00  .000000000E+00  .000000000E+00
  .000000000E+00  .000000000E+00  .000000000E+00  .000000000E+00  .000000000E+00
  .000000000E+00  .000000000E+00  .000000000E+00  .000000000E+00  .000000000E+00
  .000000000E+00  .000000000E+00  .000000000E+00  .000000000E+00  .000000000E+00
  .000000000E+00  .000000000E+00  .000000000E+00  .000000000E+00  .000000000E+00
  .000000000E+00  .000000000E+00  .000000000E+00  .000000000E+00  .000000000E+00
