Te: s2p4                                
   13  52.   .002000 127.60000 125.   .10E-05 .100  200F91 46.00000
   .7  1.0   0
  1.0   .0   .5-2307.0149 2.0000
  2.0   .0   .5 -354.3946 2.0000
  2.0  1.0  1.5 -318.6220 6.0000
  3.0   .0   .5  -70.5841 2.0000
  3.0  1.0  1.5  -58.8926 6.0000
  3.0  2.0  2.5  -41.128010.0000
  4.0   .0   .5  -12.0228 2.0000
  4.0  1.0  1.5   -8.3866 6.0000
  4.0  2.0  2.5   -3.070510.0000
  5.0   .0   .5   -1.1112 2.0000
  5.0  1.0   .5    -.4415 4.0000
  5.0  2.0  1.5    -.4000  .0000
  4.0  3.0  2.5    -.4000  .0000
