   Np                                    
 100
Core Pot   L  =         .00000  -3.87979
  -.30000000E+01  .15931043E+01
  -.29500000E+01  .15663373E+01
  -.29000000E+01  .15404617E+01
  -.28500000E+01  .15153126E+01
  -.28000000E+01  .14907560E+01
  -.27500000E+01  .14666815E+01
  -.27000000E+01  .14429972E+01
  -.26500000E+01  .14196257E+01
  -.26000000E+01  .13965012E+01
  -.25500000E+01  .13735669E+01
  -.25000000E+01  .13507738E+01
  -.24500000E+01  .13280788E+01
  -.24000000E+01  .13054437E+01
  -.23500000E+01  .12828345E+01
  -.23000000E+01  .12602205E+01
  -.22500000E+01  .12375737E+01
  -.22000000E+01  .12148686E+01
  -.21500000E+01  .11920813E+01
  -.21000000E+01  .11691898E+01
  -.20500000E+01  .11461730E+01
  -.20000000E+01  .11230112E+01
  -.19500000E+01  .10996852E+01
  -.19000000E+01  .10761767E+01
  -.18500000E+01  .10524677E+01
  -.18000000E+01  .10285406E+01
  -.17500000E+01  .10043782E+01
  -.17000000E+01  .97996302E+00
  -.16500000E+01  .95527796E+00
  -.16000000E+01  .93030560E+00
  -.15500000E+01  .90502839E+00
  -.15000000E+01  .87942849E+00
  -.14500000E+01  .85348769E+00
  -.14000000E+01  .82718730E+00
  -.13500000E+01  .80050811E+00
  -.13000000E+01  .77343027E+00
  -.12500000E+01  .74593320E+00
  -.12000000E+01  .71799553E+00
  -.11500000E+01  .68959497E+00
  -.11000000E+01  .66070821E+00
  -.10500000E+01  .63131085E+00
  -.10000000E+01  .60137726E+00
  -.95000000E+00  .57088046E+00
  -.90000000E+00  .53979200E+00
  -.85000000E+00  .50808180E+00
  -.80000000E+00  .47571803E+00
  -.75000000E+00  .44266695E+00
  -.70000000E+00  .40889267E+00
  -.65000000E+00  .37435701E+00
  -.60000000E+00  .33901926E+00
  -.55000000E+00  .30283595E+00
  -.50000000E+00  .26576056E+00
  -.45000000E+00  .22774327E+00
  -.40000000E+00  .18873058E+00
  -.35000000E+00  .14866498E+00
  -.30000000E+00  .10748455E+00
  -.25000000E+00  .65122448E-01
  -.20000000E+00  .21506475E-01
  -.15000000E+00 -.23441561E-01
  -.10000000E+00 -.69806473E-01
  -.50000000E-01 -.11768043E+00
  -.22898350E-14 -.16716382E+00
   .50000000E-01 -.21836614E+00
   .10000000E+00 -.27140718E+00
   .15000000E+00 -.32641816E+00
   .20000000E+00 -.38354325E+00
   .25000000E+00 -.44294117E+00
   .30000000E+00 -.50478711E+00
   .35000000E+00 -.56927493E+00
   .40000000E+00 -.63661977E+00
   .45000000E+00 -.70706104E+00
   .50000000E+00 -.78086600E+00
   .55000000E+00 -.85833389E+00
   .60000000E+00 -.93980097E+00
   .65000000E+00 -.10256464E+01
   .70000000E+00 -.11162993E+01
   .75000000E+00 -.12122475E+01
   .80000000E+00 -.13140475E+01
   .85000000E+00 -.14223375E+01
   .90000000E+00 -.15378530E+01
   .95000000E+00 -.16614457E+01
   .10000000E+01 -.17941075E+01
   .10500000E+01 -.19370013E+01
   .11000000E+01 -.20914987E+01
   .11500000E+01 -.22592295E+01
   .12000000E+01 -.24421454E+01
   .12500000E+01 -.26426038E+01
   .13000000E+01 -.28634789E+01
   .13500000E+01 -.31083119E+01
   .14000000E+01 -.33815160E+01
   .14500000E+01 -.36886630E+01
   .15000000E+01 -.40368900E+01
   .15500000E+01 -.44354911E+01
   .16000000E+01 -.48967989E+01
   .16500000E+01 -.54375366E+01
   .17000000E+01 -.60809638E+01
   .17500000E+01 -.68604155E+01
   .18000000E+01 -.78254210E+01
   .18500000E+01 -.90528977E+01
   .19000000E+01 -.10669120E+02
   .19500000E+01 -.12896876E+02
   .20000000E+01 -.16169453E+02
Potential  L  =         .00000  -3.87979
  -.30000000E+01  .14561265E+01
  -.29500000E+01  .14301729E+01
  -.29000000E+01  .14046135E+01
  -.28500000E+01  .13793336E+01
  -.28000000E+01  .13542378E+01
  -.27500000E+01  .13292447E+01
  -.27000000E+01  .13042837E+01
  -.26500000E+01  .12792929E+01
  -.26000000E+01  .12542168E+01
  -.25500000E+01  .12290046E+01
  -.25000000E+01  .12036095E+01
  -.24500000E+01  .11779873E+01
  -.24000000E+01  .11520956E+01
  -.23500000E+01  .11258933E+01
  -.23000000E+01  .10993399E+01
  -.22500000E+01  .10723948E+01
  -.22000000E+01  .10450173E+01
  -.21500000E+01  .10171653E+01
  -.21000000E+01  .98879578E+00
  -.20500000E+01  .95986361E+00
  -.20000000E+01  .93032153E+00
  -.19500000E+01  .90011946E+00
  -.19000000E+01  .86920406E+00
  -.18500000E+01  .83751817E+00
  -.18000000E+01  .80500015E+00
  -.17500000E+01  .77158324E+00
  -.17000000E+01  .73719474E+00
  -.16500000E+01  .70175520E+00
  -.16000000E+01  .66517731E+00
  -.15500000E+01  .62736481E+00
  -.15000000E+01  .58821107E+00
  -.14500000E+01  .54759756E+00
  -.14000000E+01  .50539188E+00
  -.13500000E+01  .46144560E+00
  -.13000000E+01  .41559163E+00
  -.12500000E+01  .36764085E+00
  -.12000000E+01  .31737862E+00
  -.11500000E+01  .26455973E+00
  -.11000000E+01  .20890273E+00
  -.10500000E+01  .15008313E+00
  -.10000000E+01  .87724389E-01
  -.95000000E+00  .21387018E-01
  -.90000000E+00 -.49445333E-01
  -.85000000E+00 -.12538359E+00
  -.80000000E+00 -.20715613E+00
  -.75000000E+00 -.29563860E+00
  -.70000000E+00 -.39189329E+00
  -.65000000E+00 -.49722196E+00
  -.60000000E+00 -.61323746E+00
  -.55000000E+00 -.74196293E+00
  -.50000000E+00 -.88597137E+00
  -.45000000E+00 -.10485864E+01
  -.40000000E+00 -.12341781E+01
  -.35000000E+00 -.14486101E+01
  -.30000000E+00 -.16999384E+01
  -.25000000E+00 -.19995417E+01
  -.20000000E+00 -.23640332E+01
  -.15000000E+00 -.28186622E+01
  -.10000000E+00 -.34037657E+01
  -.50000000E-01 -.41880200E+01
  -.22898350E-14 -.52986341E+01
   .50000000E-01 -.70005990E+01
   .10000000E+00 -.99525115E+01
   .15000000E+00 -.16369080E+02
   .20000000E+00 -.41249829E+02
   .25000000E+00  .95786472E+02
   .30000000E+00  .23109410E+02
   .35000000E+00  .13418114E+02
   .40000000E+00  .95752450E+01
   .45000000E+00  .75070634E+01
   .50000000E+00  .62102437E+01
   .55000000E+00  .53177731E+01
   .60000000E+00  .46635427E+01
   .65000000E+00  .41614252E+01
   .70000000E+00  .37623059E+01
   .75000000E+00  .34361276E+01
   .80000000E+00  .31634638E+01
   .85000000E+00  .29311990E+01
   .90000000E+00  .27301579E+01
   .95000000E+00  .25537276E+01
   .10000000E+01  .23970211E+01
   .10500000E+01  .22563476E+01
   .11000000E+01  .21288671E+01
   .11500000E+01  .20123576E+01
   .12000000E+01  .19050550E+01
   .12500000E+01  .18055413E+01
   .13000000E+01  .17126600E+01
   .13500000E+01  .16254620E+01
   .14000000E+01  .15431577E+01
   .14500000E+01  .14650848E+01
   .15000000E+01  .13906836E+01
   .15500000E+01  .13194765E+01
   .16000000E+01  .12510537E+01
   .16500000E+01  .11850603E+01
   .17000000E+01  .11211873E+01
   .17500000E+01  .10591638E+01
   .18000000E+01  .99875024E+00
   .18500000E+01  .93973413E+00
   .19000000E+01  .88192526E+00
   .19500000E+01  .82515243E+00
   .20000000E+01  .76926057E+00
Core Pot   L  =        1.00000  -1.92595
  -.30000000E+01  .12446738E+01
  -.29500000E+01  .12149512E+01
  -.29000000E+01  .11838060E+01
  -.28500000E+01  .11510592E+01
  -.28000000E+01  .11164987E+01
  -.27500000E+01  .10798712E+01
  -.27000000E+01  .10408715E+01
  -.26500000E+01  .99912835E+00
  -.26000000E+01  .95418583E+00
  -.25500000E+01  .90547728E+00
  -.25000000E+01  .85228952E+00
  -.24500000E+01  .79371200E+00
  -.24000000E+01  .72856329E+00
  -.23500000E+01  .65528204E+00
  -.23000000E+01  .57176056E+00
  -.22500000E+01  .47508261E+00
  -.22000000E+01  .36109405E+00
  -.21500000E+01  .22366761E+00
  -.21000000E+01  .53372349E-01
  -.20500000E+01 -.16510104E+00
  -.20000000E+01 -.45836650E+00
  -.19500000E+01 -.87714273E+00
  -.19000000E+01 -.15315370E+01
  -.18500000E+01 -.27139568E+01
  -.18000000E+01 -.55428772E+01
  -.17500000E+01 -.21894281E+02
  -.17000000E+01  .17682175E+02
  -.16500000E+01  .72698886E+01
  -.16000000E+01  .49025517E+01
  -.15500000E+01  .38461824E+01
  -.15000000E+01  .32427229E+01
  -.14500000E+01  .28487542E+01
  -.14000000E+01  .25687373E+01
  -.13500000E+01  .23575196E+01
  -.13000000E+01  .21909865E+01
  -.12500000E+01  .20550854E+01
  -.12000000E+01  .19410729E+01
  -.11500000E+01  .18432223E+01
  -.11000000E+01  .17576257E+01
  -.10500000E+01  .16815240E+01
  -.10000000E+01  .16129130E+01
  -.95000000E+00  .15503014E+01
  -.90000000E+00  .14925556E+01
  -.85000000E+00  .14387984E+01
  -.80000000E+00  .13883396E+01
  -.75000000E+00  .13406285E+01
  -.70000000E+00  .12952194E+01
  -.65000000E+00  .12517478E+01
  -.60000000E+00  .12099120E+01
  -.55000000E+00  .11694596E+01
  -.50000000E+00  .11301778E+01
  -.45000000E+00  .10918851E+01
  -.40000000E+00  .10544256E+01
  -.35000000E+00  .10176643E+01
  -.30000000E+00  .98148305E+00
  -.25000000E+00  .94577791E+00
  -.20000000E+00  .91045656E+00
  -.15000000E+00  .87543642E+00
  -.10000000E+00  .84064296E+00
  -.50000000E-01  .80600847E+00
  -.22898350E-14  .77147089E+00
   .50000000E-01  .73697290E+00
   .10000000E+00  .70246114E+00
   .15000000E+00  .66788553E+00
   .20000000E+00  .63319872E+00
   .25000000E+00  .59835554E+00
   .30000000E+00  .56331260E+00
   .35000000E+00  .52802789E+00
   .40000000E+00  .49246043E+00
   .45000000E+00  .45656992E+00
   .50000000E+00  .42031653E+00
   .55000000E+00  .38366053E+00
   .60000000E+00  .34656212E+00
   .65000000E+00  .30898113E+00
   .70000000E+00  .27087681E+00
   .75000000E+00  .23220759E+00
   .80000000E+00  .19293085E+00
   .85000000E+00  .15300268E+00
   .90000000E+00  .11237764E+00
   .95000000E+00  .71008538E-01
   .10000000E+01  .28846130E-01
   .10500000E+01 -.14161129E-01
   .11000000E+01 -.58067368E-01
   .11500000E+01 -.10292963E+00
   .12000000E+01 -.14880821E+00
   .12500000E+01 -.19576698E+00
   .13000000E+01 -.24387386E+00
   .13500000E+01 -.29320118E+00
   .14000000E+01 -.34382622E+00
   .14500000E+01 -.39583170E+00
   .15000000E+01 -.44930643E+00
   .15500000E+01 -.50434590E+00
   .16000000E+01 -.56105308E+00
   .16500000E+01 -.61953926E+00
   .17000000E+01 -.67992492E+00
   .17500000E+01 -.74234087E+00
   .18000000E+01 -.80692942E+00
   .18500000E+01 -.87384575E+00
   .19000000E+01 -.94325950E+00
   .19500000E+01 -.10153565E+01
   .20000000E+01 -.10903410E+01
Potential  L  =        1.00000  -1.92595
  -.30000000E+01  .12701502E+01
  -.29500000E+01  .12420425E+01
  -.29000000E+01  .12126540E+01
  -.28500000E+01  .11818216E+01
  -.28000000E+01  .11493512E+01
  -.27500000E+01  .11150098E+01
  -.27000000E+01  .10785151E+01
  -.26500000E+01  .10395216E+01
  -.26000000E+01  .99760185E+00
  -.25500000E+01  .95222048E+00
  -.25000000E+01  .90269740E+00
  -.24500000E+01  .84815528E+00
  -.24000000E+01  .78744212E+00
  -.23500000E+01  .71901434E+00
  -.23000000E+01  .64075396E+00
  -.22500000E+01  .54967513E+00
  -.22000000E+01  .44142512E+00
  -.21500000E+01  .30940248E+00
  -.21000000E+01  .14308717E+00
  -.20500000E+01 -.75375949E-01
  -.20000000E+01 -.37892244E+00
  -.19500000E+01 -.83575991E+00
  -.19000000E+01 -.16138533E+01
  -.18500000E+01 -.32684632E+01
  -.18000000E+01 -.93778758E+01
  -.17500000E+01  .30430666E+02
  -.17000000E+01  .72860143E+01
  -.16500000E+01  .45586164E+01
  -.16000000E+01  .34898707E+01
  -.15500000E+01  .29130000E+01
  -.15000000E+01  .25476122E+01
  -.14500000E+01  .22923231E+01
  -.14000000E+01  .21015619E+01
  -.13500000E+01  .19518107E+01
  -.13000000E+01  .18296969E+01
  -.12500000E+01  .17270578E+01
  -.12000000E+01  .16386248E+01
  -.11500000E+01  .15608442E+01
  -.11000000E+01  .14912305E+01
  -.10500000E+01  .14279920E+01
  -.10000000E+01  .13698032E+01
  -.95000000E+00  .13156611E+01
  -.90000000E+00  .12647922E+01
  -.85000000E+00  .12165887E+01
  -.80000000E+00  .11705660E+01
  -.75000000E+00  .11263315E+01
  -.70000000E+00  .10835631E+01
  -.65000000E+00  .10419931E+01
  -.60000000E+00  .10013962E+01
  -.55000000E+00  .96158048E+00
  -.50000000E+00  .92238048E+00
  -.45000000E+00  .88365210E+00
  -.40000000E+00  .84526818E+00
  -.35000000E+00  .80711532E+00
  -.30000000E+00  .76909112E+00
  -.25000000E+00  .73110205E+00
  -.20000000E+00  .69306168E+00
  -.15000000E+00  .65488913E+00
  -.10000000E+00  .61650786E+00
  -.50000000E-01  .57784454E+00
  -.22898350E-14  .53882817E+00
   .50000000E-01  .49938913E+00
   .10000000E+00  .45945853E+00
   .15000000E+00  .41896754E+00
   .20000000E+00  .37784633E+00
   .25000000E+00  .33602398E+00
   .30000000E+00  .29342755E+00
   .35000000E+00  .24998140E+00
   .40000000E+00  .20560666E+00
   .45000000E+00  .16022044E+00
   .50000000E+00  .11373509E+00
   .55000000E+00  .66057287E-01
   .60000000E+00  .17087861E-01
   .65000000E+00 -.33280275E-01
   .70000000E+00 -.85162461E-01
   .75000000E+00 -.13868373E+00
   .80000000E+00 -.19398007E+00
   .85000000E+00 -.25120011E+00
   .90000000E+00 -.31050684E+00
   .95000000E+00 -.37207971E+00
   .10000000E+01 -.43611705E+00
   .10500000E+01 -.50283891E+00
   .11000000E+01 -.57249032E+00
   .11500000E+01 -.64534522E+00
   .12000000E+01 -.72171109E+00
   .12500000E+01 -.80193450E+00
   .13000000E+01 -.88640776E+00
   .13500000E+01 -.97557691E+00
   .14000000E+01 -.10699515E+01
   .14500000E+01 -.11701166E+01
   .15000000E+01 -.12767473E+01
   .15500000E+01 -.13906274E+01
   .16000000E+01 -.15126720E+01
   .16500000E+01 -.16439566E+01
   .17000000E+01 -.17857543E+01
   .17500000E+01 -.19395830E+01
   .18000000E+01 -.21072684E+01
   .18500000E+01 -.22910256E+01
   .19000000E+01 -.24935698E+01
   .19500000E+01 -.27182653E+01
   .20000000E+01 -.29693331E+01
Core Pot   L  =        2.00000   -.23825
  -.30000000E+01  .15681921E+01
  -.29500000E+01  .15514742E+01
  -.29000000E+01  .15345609E+01
  -.28500000E+01  .15174454E+01
  -.28000000E+01  .15001208E+01
  -.27500000E+01  .14825796E+01
  -.27000000E+01  .14648141E+01
  -.26500000E+01  .14468159E+01
  -.26000000E+01  .14285764E+01
  -.25500000E+01  .14100863E+01
  -.25000000E+01  .13913358E+01
  -.24500000E+01  .13723146E+01
  -.24000000E+01  .13530116E+01
  -.23500000E+01  .13334150E+01
  -.23000000E+01  .13135126E+01
  -.22500000E+01  .12932909E+01
  -.22000000E+01  .12727359E+01
  -.21500000E+01  .12518324E+01
  -.21000000E+01  .12305644E+01
  -.20500000E+01  .12089144E+01
  -.20000000E+01  .11868641E+01
  -.19500000E+01  .11643935E+01
  -.19000000E+01  .11414812E+01
  -.18500000E+01  .11181043E+01
  -.18000000E+01  .10942380E+01
  -.17500000E+01  .10698555E+01
  -.17000000E+01  .10449278E+01
  -.16500000E+01  .10194236E+01
  -.16000000E+01  .99330881E+00
  -.15500000E+01  .96654634E+00
  -.15000000E+01  .93909587E+00
  -.14500000E+01  .91091330E+00
  -.14000000E+01  .88195042E+00
  -.13500000E+01  .85215431E+00
  -.13000000E+01  .82146685E+00
  -.12500000E+01  .78982394E+00
  -.12000000E+01  .75715479E+00
  -.11500000E+01  .72338097E+00
  -.11000000E+01  .68841536E+00
  -.10500000E+01  .65216086E+00
  -.10000000E+01  .61450893E+00
  -.95000000E+00  .57533786E+00
  -.90000000E+00  .53451062E+00
  -.85000000E+00  .49187244E+00
  -.80000000E+00  .44724775E+00
  -.75000000E+00  .40043655E+00
  -.70000000E+00  .35121001E+00
  -.65000000E+00  .29930500E+00
  -.60000000E+00  .24441743E+00
  -.55000000E+00  .18619388E+00
  -.50000000E+00  .12422111E+00
  -.45000000E+00  .58012845E-01
  -.40000000E+00 -.13007203E-01
  -.35000000E+00 -.89527244E-01
  -.30000000E+00 -.17237604E+00
  -.25000000E+00 -.26256082E+00
  -.20000000E+00 -.36131812E+00
  -.15000000E+00 -.47018319E+00
  -.10000000E+00 -.59108603E+00
  -.50000000E-01 -.72648726E+00
  -.22898350E-14 -.87957410E+00
   .50000000E-01 -.10545502E+01
   .10000000E+00 -.12570763E+01
   .15000000E+00 -.14949617E+01
   .20000000E+00 -.17792914E+01
   .25000000E+00 -.21263450E+01
   .30000000E+00 -.25610447E+01
   .35000000E+00 -.31235689E+01
   .40000000E+00 -.38831381E+01
   .45000000E+00 -.49700459E+01
   .50000000E+00 -.66620797E+01
   .55000000E+00 -.96756171E+01
   .60000000E+00 -.16595718E+02
   .65000000E+00 -.49391834E+02
   .70000000E+00  .58315386E+02
   .75000000E+00  .19113321E+02
   .80000000E+00  .11682245E+02
   .85000000E+00  .85270940E+01
   .90000000E+00  .67757814E+01
   .95000000E+00  .56577818E+01
   .10000000E+01  .48791876E+01
   .10500000E+01  .43035408E+01
   .11000000E+01  .38588501E+01
   .11500000E+01  .35035410E+01
   .12000000E+01  .32119253E+01
   .12500000E+01  .29672737E+01
   .13000000E+01  .27582228E+01
   .13500000E+01  .25767822E+01
   .14000000E+01  .24171691E+01
   .14500000E+01  .22750945E+01
   .15000000E+01  .21473093E+01
   .15500000E+01  .20313065E+01
   .16000000E+01  .19251206E+01
   .16500000E+01  .18271881E+01
   .17000000E+01  .17362491E+01
   .17500000E+01  .16512768E+01
   .18000000E+01  .15714255E+01
   .18500000E+01  .14959916E+01
   .19000000E+01  .14243849E+01
   .19500000E+01  .13561061E+01
   .20000000E+01  .12907291E+01
Potential  L  =        2.00000   -.23825
  -.30000000E+01  .15765232E+01
  -.29500000E+01  .15600233E+01
  -.29000000E+01  .15433346E+01
  -.28500000E+01  .15264507E+01
  -.28000000E+01  .15093648E+01
  -.27500000E+01  .14920696E+01
  -.27000000E+01  .14745578E+01
  -.26500000E+01  .14568211E+01
  -.26000000E+01  .14388513E+01
  -.25500000E+01  .14206392E+01
  -.25000000E+01  .14021754E+01
  -.24500000E+01  .13834497E+01
  -.24000000E+01  .13644515E+01
  -.23500000E+01  .13451692E+01
  -.23000000E+01  .13255907E+01
  -.22500000E+01  .13057030E+01
  -.22000000E+01  .12854922E+01
  -.21500000E+01  .12649433E+01
  -.21000000E+01  .12440406E+01
  -.20500000E+01  .12227668E+01
  -.20000000E+01  .12011036E+01
  -.19500000E+01  .11790313E+01
  -.19000000E+01  .11565287E+01
  -.18500000E+01  .11335726E+01
  -.18000000E+01  .11101383E+01
  -.17500000E+01  .10861989E+01
  -.17000000E+01  .10617250E+01
  -.16500000E+01  .10366851E+01
  -.16000000E+01  .10110444E+01
  -.15500000E+01  .98476520E+00
  -.15000000E+01  .95780608E+00
  -.14500000E+01  .93012170E+00
  -.14000000E+01  .90166219E+00
  -.13500000E+01  .87237258E+00
  -.13000000E+01  .84219210E+00
  -.12500000E+01  .81105342E+00
  -.12000000E+01  .77888172E+00
  -.11500000E+01  .74559354E+00
  -.11000000E+01  .71109555E+00
  -.10500000E+01  .67528299E+00
  -.10000000E+01  .63803785E+00
  -.95000000E+00  .59922666E+00
  -.90000000E+00  .55869787E+00
  -.85000000E+00  .51627864E+00
  -.80000000E+00  .47177092E+00
  -.75000000E+00  .42494652E+00
  -.70000000E+00  .37554159E+00
  -.65000000E+00  .32324855E+00
  -.60000000E+00  .26770713E+00
  -.55000000E+00  .20849240E+00
  -.50000000E+00  .14509928E+00
  -.45000000E+00  .76923046E-01
  -.40000000E+00  .32329777E-02
  -.35000000E+00 -.76862209E-01
  -.30000000E+00 -.16446122E+00
  -.25000000E+00 -.26093440E+00
  -.20000000E+00 -.36801345E+00
  -.15000000E+00 -.48791919E+00
  -.10000000E+00 -.62354763E+00
  -.50000000E-01 -.77874812E+00
  -.22898350E-14 -.95875124E+00
   .50000000E-01 -.11708500E+01
   .10000000E+00 -.14255282E+01
   .15000000E+00 -.17384209E+01
   .20000000E+00 -.21339227E+01
   .25000000E+00 -.26523236E+01
   .30000000E+00 -.33652771E+01
   .35000000E+00 -.44136988E+01
   .40000000E+00 -.61181325E+01
   .45000000E+00 -.93988639E+01
   .50000000E+00 -.18411349E+02
   .55000000E+00 -.15789508E+03
   .60000000E+00  .26143353E+02
   .65000000E+00  .12497735E+02
   .70000000E+00  .83725183E+01
   .75000000E+00  .63723638E+01
   .80000000E+00  .51859265E+01
   .85000000E+00  .43966436E+01
   .90000000E+00  .38307652E+01
   .95000000E+00  .34029355E+01
   .10000000E+01  .30663210E+01
   .10500000E+01  .27930797E+01
   .11000000E+01  .25656190E+01
   .11500000E+01  .23722755E+01
   .12000000E+01  .22050097E+01
   .12500000E+01  .20580988E+01
   .13000000E+01  .19273571E+01
   .13500000E+01  .18096514E+01
   .14000000E+01  .17025886E+01
   .14500000E+01  .16043083E+01
   .15000000E+01  .15133429E+01
   .15500000E+01  .14285150E+01
   .16000000E+01  .13488715E+01
   .16500000E+01  .12736299E+01
   .17000000E+01  .12021417E+01
   .17500000E+01  .11338637E+01
   .18000000E+01  .10683367E+01
   .18500000E+01  .10051694E+01
   .19000000E+01  .94402482E+00
   .19500000E+01  .88461120E+00
   .20000000E+01  .82667330E+00
Core Pot   L  =        3.00000   -.57607
  -.30000000E+01  .18120812E+01
  -.29500000E+01  .17978902E+01
  -.29000000E+01  .17835667E+01
  -.28500000E+01  .17691061E+01
  -.28000000E+01  .17545033E+01
  -.27500000E+01  .17397530E+01
  -.27000000E+01  .17248495E+01
  -.26500000E+01  .17097865E+01
  -.26000000E+01  .16945575E+01
  -.25500000E+01  .16791552E+01
  -.25000000E+01  .16635717E+01
  -.24500000E+01  .16477988E+01
  -.24000000E+01  .16318270E+01
  -.23500000E+01  .16156464E+01
  -.23000000E+01  .15992458E+01
  -.22500000E+01  .15826132E+01
  -.22000000E+01  .15657351E+01
  -.21500000E+01  .15485967E+01
  -.21000000E+01  .15311815E+01
  -.20500000E+01  .15134710E+01
  -.20000000E+01  .14954447E+01
  -.19500000E+01  .14770792E+01
  -.19000000E+01  .14583483E+01
  -.18500000E+01  .14392220E+01
  -.18000000E+01  .14196662E+01
  -.17500000E+01  .13996414E+01
  -.17000000E+01  .13791021E+01
  -.16500000E+01  .13579951E+01
  -.16000000E+01  .13362582E+01
  -.15500000E+01  .13138176E+01
  -.15000000E+01  .12905851E+01
  -.14500000E+01  .12664547E+01
  -.14000000E+01  .12412973E+01
  -.13500000E+01  .12149542E+01
  -.13000000E+01  .11872273E+01
  -.12500000E+01  .11578666E+01
  -.12000000E+01  .11265515E+01
  -.11500000E+01  .10928631E+01
  -.11000000E+01  .10562438E+01
  -.10500000E+01  .10159332E+01
  -.10000000E+01  .97086708E+00
  -.95000000E+00  .91950690E+00
  -.90000000E+00  .85954162E+00
  -.85000000E+00  .78733154E+00
  -.80000000E+00  .69679015E+00
  -.75000000E+00  .57690947E+00
  -.70000000E+00  .40551815E+00
  -.65000000E+00  .13031192E+00
  -.60000000E+00 -.40871533E+00
  -.55000000E+00 -.20507340E+01
  -.50000000E+00  .52570916E+02
  -.45000000E+00  .38677405E+01
  -.40000000E+00  .24828946E+01
  -.35000000E+00  .19902238E+01
  -.30000000E+00  .17298985E+01
  -.25000000E+00  .15639265E+01
  -.20000000E+00  .14454282E+01
  -.15000000E+00  .13540874E+01
  -.10000000E+00  .12796677E+01
  -.50000000E-01  .12164480E+01
  -.22898350E-14  .11609774E+01
   .50000000E-01  .11110485E+01
   .10000000E+00  .10651814E+01
   .15000000E+00  .10223446E+01
   .20000000E+00  .98179563E+00
   .25000000E+00  .94298443E+00
   .30000000E+00  .90549324E+00
   .35000000E+00  .86899751E+00
   .40000000E+00  .83323970E+00
   .45000000E+00  .79801142E+00
   .50000000E+00  .76314075E+00
   .55000000E+00  .72848326E+00
   .60000000E+00  .69391538E+00
   .65000000E+00  .65932941E+00
   .70000000E+00  .62462987E+00
   .75000000E+00  .58973054E+00
   .80000000E+00  .55455221E+00
   .85000000E+00  .51902089E+00
   .90000000E+00  .48306629E+00
   .95000000E+00  .44662063E+00
   .10000000E+01  .40961754E+00
   .10500000E+01  .37199119E+00
   .11000000E+01  .33367544E+00
   .11500000E+01  .29460306E+00
   .12000000E+01  .25470509E+00
   .12500000E+01  .21391006E+00
   .13000000E+01  .17214332E+00
   .13500000E+01  .12932634E+00
   .14000000E+01  .85375932E-01
   .14500000E+01  .40203475E-01
   .15000000E+01 -.62859598E-02
   .15500000E+01 -.54194557E-01
   .16000000E+01 -.10363281E+00
   .16500000E+01 -.15472069E+00
   .17000000E+01 -.20758902E+00
   .17500000E+01 -.26238095E+00
   .18000000E+01 -.31925375E+00
   .18500000E+01 -.37838077E+00
   .19000000E+01 -.43995388E+00
   .19500000E+01 -.50418608E+00
   .20000000E+01 -.57131483E+00
Potential  L  =        3.00000   -.57607
  -.30000000E+01  .16795210E+01
  -.29500000E+01  .16616386E+01
  -.29000000E+01  .16434687E+01
  -.28500000E+01  .16249978E+01
  -.28000000E+01  .16062113E+01
  -.27500000E+01  .15870936E+01
  -.27000000E+01  .15676279E+01
  -.26500000E+01  .15477960E+01
  -.26000000E+01  .15275786E+01
  -.25500000E+01  .15069544E+01
  -.25000000E+01  .14859008E+01
  -.24500000E+01  .14643931E+01
  -.24000000E+01  .14424043E+01
  -.23500000E+01  .14199055E+01
  -.23000000E+01  .13968647E+01
  -.22500000E+01  .13732472E+01
  -.22000000E+01  .13490152E+01
  -.21500000E+01  .13241268E+01
  -.21000000E+01  .12985363E+01
  -.20500000E+01  .12721932E+01
  -.20000000E+01  .12450417E+01
  -.19500000E+01  .12170200E+01
  -.19000000E+01  .11880594E+01
  -.18500000E+01  .11580833E+01
  -.18000000E+01  .11270062E+01
  -.17500000E+01  .10947320E+01
  -.17000000E+01  .10611528E+01
  -.16500000E+01  .10261464E+01
  -.16000000E+01  .98957444E+00
  -.15500000E+01  .95127906E+00
  -.15000000E+01  .91107979E+00
  -.14500000E+01  .86876907E+00
  -.14000000E+01  .82410701E+00
  -.13500000E+01  .77681481E+00
  -.13000000E+01  .72656647E+00
  -.12500000E+01  .67297842E+00
  -.12000000E+01  .61559578E+00
  -.11500000E+01  .55387624E+00
  -.11000000E+01  .48716588E+00
  -.10500000E+01  .41467027E+00
  -.10000000E+01  .33541435E+00
  -.95000000E+00  .24818760E+00
  -.90000000E+00  .15146849E+00
  -.85000000E+00  .43317807E-01
  -.80000000E+00 -.78776504E-01
  -.75000000E+00 -.21812592E+00
  -.70000000E+00 -.37918856E+00
  -.65000000E+00 -.56811245E+00
  -.60000000E+00 -.79362031E+00
  -.55000000E+00 -.10685153E+01
  -.50000000E+00 -.14123840E+01
  -.45000000E+00 -.18567750E+01
  -.40000000E+00 -.24559780E+01
  -.35000000E+00 -.33120207E+01
  -.30000000E+00 -.46419268E+01
  -.25000000E+00 -.70033021E+01
  -.20000000E+00 -.12393816E+02
  -.15000000E+00 -.37370570E+02
  -.10000000E+00  .48302182E+02
  -.50000000E-01  .15878596E+02
  -.22898350E-14  .98972993E+01
   .50000000E-01  .73726681E+01
   .10000000E+00  .59748844E+01
   .15000000E+00  .50837193E+01
   .20000000E+00  .44635106E+01
   .25000000E+00  .40051045E+01
   .30000000E+00  .36510088E+01
   .35000000E+00  .33680625E+01
   .40000000E+00  .31357947E+01
   .45000000E+00  .29408841E+01
   .50000000E+00  .27742875E+01
   .55000000E+00  .26296499E+01
   .60000000E+00  .25023742E+01
   .65000000E+00  .23890519E+01
   .70000000E+00  .22871027E+01
   .75000000E+00  .21945361E+01
   .80000000E+00  .21097925E+01
   .85000000E+00  .20316316E+01
   .90000000E+00  .19590549E+01
   .95000000E+00  .18912489E+01
   .10000000E+01  .18275441E+01
   .10500000E+01  .17673839E+01
   .11000000E+01  .17103019E+01
   .11500000E+01  .16559040E+01
   .12000000E+01  .16038544E+01
   .12500000E+01  .15538653E+01
   .13000000E+01  .15056882E+01
   .13500000E+01  .14591073E+01
   .14000000E+01  .14139340E+01
   .14500000E+01  .13700025E+01
   .15000000E+01  .13271663E+01
   .15500000E+01  .12852952E+01
   .16000000E+01  .12442729E+01
   .16500000E+01  .12039951E+01
   .17000000E+01  .11643674E+01
   .17500000E+01  .11253044E+01
   .18000000E+01  .10867283E+01
   .18500000E+01  .10485674E+01
   .19000000E+01  .10107562E+01
   .19500000E+01  .97323360E+00
   .20000000E+01  .93594302E+00
Core Pot   L  =        4.00000    .00000
  -.30000000E+01  .20894316E+01
  -.29500000E+01  .20776967E+01
  -.29000000E+01  .20658995E+01
  -.28500000E+01  .20540393E+01
  -.28000000E+01  .20421149E+01
  -.27500000E+01  .20301253E+01
  -.27000000E+01  .20180697E+01
  -.26500000E+01  .20059468E+01
  -.26000000E+01  .19937557E+01
  -.25500000E+01  .19814952E+01
  -.25000000E+01  .19691642E+01
  -.24500000E+01  .19567615E+01
  -.24000000E+01  .19442860E+01
  -.23500000E+01  .19317363E+01
  -.23000000E+01  .19191113E+01
  -.22500000E+01  .19064096E+01
  -.22000000E+01  .18936300E+01
  -.21500000E+01  .18807710E+01
  -.21000000E+01  .18678313E+01
  -.20500000E+01  .18548093E+01
  -.20000000E+01  .18417037E+01
  -.19500000E+01  .18285129E+01
  -.19000000E+01  .18152352E+01
  -.18500000E+01  .18018691E+01
  -.18000000E+01  .17884130E+01
  -.17500000E+01  .17748650E+01
  -.17000000E+01  .17612234E+01
  -.16500000E+01  .17474864E+01
  -.16000000E+01  .17336521E+01
  -.15500000E+01  .17197186E+01
  -.15000000E+01  .17056838E+01
  -.14500000E+01  .16915457E+01
  -.14000000E+01  .16773021E+01
  -.13500000E+01  .16629508E+01
  -.13000000E+01  .16484895E+01
  -.12500000E+01  .16339160E+01
  -.12000000E+01  .16192276E+01
  -.11500000E+01  .16044220E+01
  -.11000000E+01  .15894964E+01
  -.10500000E+01  .15744482E+01
  -.10000000E+01  .15592747E+01
  -.95000000E+00  .15439727E+01
  -.90000000E+00  .15285395E+01
  -.85000000E+00  .15129718E+01
  -.80000000E+00  .14972664E+01
  -.75000000E+00  .14814199E+01
  -.70000000E+00  .14654289E+01
  -.65000000E+00  .14492898E+01
  -.60000000E+00  .14329986E+01
  -.55000000E+00  .14165516E+01
  -.50000000E+00  .13999447E+01
  -.45000000E+00  .13831736E+01
  -.40000000E+00  .13662339E+01
  -.35000000E+00  .13491209E+01
  -.30000000E+00  .13318299E+01
  -.25000000E+00  .13143559E+01
  -.20000000E+00  .12966936E+01
  -.15000000E+00  .12788376E+01
  -.10000000E+00  .12607822E+01
  -.50000000E-01  .12425213E+01
  -.22898350E-14  .12240488E+01
   .50000000E-01  .12053581E+01
   .10000000E+00  .11864423E+01
   .15000000E+00  .11672943E+01
   .20000000E+00  .11479065E+01
   .25000000E+00  .11282710E+01
   .30000000E+00  .11083795E+01
   .35000000E+00  .10882232E+01
   .40000000E+00  .10677929E+01
   .45000000E+00  .10470790E+01
   .50000000E+00  .10260712E+01
   .55000000E+00  .10047587E+01
   .60000000E+00  .98313011E+00
   .65000000E+00  .96117346E+00
   .70000000E+00  .93887599E+00
   .75000000E+00  .91622423E+00
   .80000000E+00  .89320389E+00
   .85000000E+00  .86979981E+00
   .90000000E+00  .84599590E+00
   .95000000E+00  .82177505E+00
   .10000000E+01  .79711904E+00
   .10500000E+01  .77200846E+00
   .11000000E+01  .74642260E+00
   .11500000E+01  .72033934E+00
   .12000000E+01  .69373502E+00
   .12500000E+01  .66658429E+00
   .13000000E+01  .63885999E+00
   .13500000E+01  .61053294E+00
   .14000000E+01  .58157174E+00
   .14500000E+01  .55194258E+00
   .15000000E+01  .52160898E+00
   .15500000E+01  .49053152E+00
   .16000000E+01  .45866755E+00
   .16500000E+01  .42597077E+00
   .17000000E+01  .39239093E+00
   .17500000E+01  .35787330E+00
   .18000000E+01  .32235821E+00
   .18500000E+01  .28578042E+00
   .19000000E+01  .24806848E+00
   .19500000E+01  .20914394E+00
   .20000000E+01  .16892045E+00
Potential  L  =        4.00000    .00000
  -.30000000E+01  .20896674E+01
  -.29500000E+01  .20779397E+01
  -.29000000E+01  .20661513E+01
  -.28500000E+01  .20542996E+01
  -.28000000E+01  .20423847E+01
  -.27500000E+01  .20304048E+01
  -.27000000E+01  .20183598E+01
  -.26500000E+01  .20062477E+01
  -.26000000E+01  .19940680E+01
  -.25500000E+01  .19818187E+01
  -.25000000E+01  .19695014E+01
  -.24500000E+01  .19571107E+01
  -.24000000E+01  .19446487E+01
  -.23500000E+01  .19321132E+01
  -.23000000E+01  .19195044E+01
  -.22500000E+01  .19068173E+01
  -.22000000E+01  .18940548E+01
  -.21500000E+01  .18812129E+01
  -.21000000E+01  .18682901E+01
  -.20500000E+01  .18552872E+01
  -.20000000E+01  .18422013E+01
  -.19500000E+01  .18290311E+01
  -.19000000E+01  .18157749E+01
  -.18500000E+01  .18024320E+01
  -.18000000E+01  .17890007E+01
  -.17500000E+01  .17754770E+01
  -.17000000E+01  .17618617E+01
  -.16500000E+01  .17481522E+01
  -.16000000E+01  .17343472E+01
  -.15500000E+01  .17204442E+01
  -.15000000E+01  .17064416E+01
  -.14500000E+01  .16923374E+01
  -.14000000E+01  .16781293E+01
  -.13500000E+01  .16638160E+01
  -.13000000E+01  .16493933E+01
  -.12500000E+01  .16348606E+01
  -.12000000E+01  .16202158E+01
  -.11500000E+01  .16054560E+01
  -.11000000E+01  .15905786E+01
  -.10500000E+01  .15755812E+01
  -.10000000E+01  .15604610E+01
  -.95000000E+00  .15452154E+01
  -.90000000E+00  .15298415E+01
  -.85000000E+00  .15143364E+01
  -.80000000E+00  .14986970E+01
  -.75000000E+00  .14829202E+01
  -.70000000E+00  .14670027E+01
  -.65000000E+00  .14509411E+01
  -.60000000E+00  .14347320E+01
  -.55000000E+00  .14183716E+01
  -.50000000E+00  .14018561E+01
  -.45000000E+00  .13851818E+01
  -.40000000E+00  .13683445E+01
  -.35000000E+00  .13513398E+01
  -.30000000E+00  .13341635E+01
  -.25000000E+00  .13168109E+01
  -.20000000E+00  .12992773E+01
  -.15000000E+00  .12815577E+01
  -.10000000E+00  .12636468E+01
  -.50000000E-01  .12455393E+01
  -.22898350E-14  .12272296E+01
   .50000000E-01  .12087118E+01
   .10000000E+00  .11899796E+01
   .15000000E+00  .11710268E+01
   .20000000E+00  .11518466E+01
   .25000000E+00  .11324319E+01
   .30000000E+00  .11127755E+01
   .35000000E+00  .10928696E+01
   .40000000E+00  .10727062E+01
   .45000000E+00  .10522768E+01
   .50000000E+00  .10315726E+01
   .55000000E+00  .10105842E+01
   .60000000E+00  .98930192E+00
   .65000000E+00  .96771540E+00
   .70000000E+00  .94581382E+00
   .75000000E+00  .92358580E+00
   .80000000E+00  .90101931E+00
   .85000000E+00  .87810168E+00
   .90000000E+00  .85481955E+00
   .95000000E+00  .83115877E+00
   .10000000E+01  .80710441E+00
   .10500000E+01  .78264067E+00
   .11000000E+01  .75775078E+00
   .11500000E+01  .73241699E+00
   .12000000E+01  .70662046E+00
   .12500000E+01  .68034117E+00
   .13000000E+01  .65355783E+00
   .13500000E+01  .62624777E+00
   .14000000E+01  .59838684E+00
   .14500000E+01  .56994927E+00
   .15000000E+01  .54090754E+00
   .15500000E+01  .51123220E+00
   .16000000E+01  .48089155E+00
   .16500000E+01  .44985217E+00
   .17000000E+01  .41807758E+00
   .17500000E+01  .38552879E+00
   .18000000E+01  .35216381E+00
   .18500000E+01  .31793734E+00
   .19000000E+01  .28280050E+00
   .19500000E+01  .24670041E+00
   .20000000E+01  .20957977E+00
KBPotential  L  =       .00000  -7.75957
  -.30000000E+01  .15922587E+01
  -.29500000E+01  .15654920E+01
  -.29000000E+01  .15396164E+01
  -.28500000E+01  .15144673E+01
  -.28000000E+01  .14899107E+01
  -.27500000E+01  .14658362E+01
  -.27000000E+01  .14421520E+01
  -.26500000E+01  .14187809E+01
  -.26000000E+01  .13956570E+01
  -.25500000E+01  .13727237E+01
  -.25000000E+01  .13499319E+01
  -.24500000E+01  .13272381E+01
  -.24000000E+01  .13046052E+01
  -.23500000E+01  .12819986E+01
  -.23000000E+01  .12593878E+01
  -.22500000E+01  .12367449E+01
  -.22000000E+01  .12140443E+01
  -.21500000E+01  .11912622E+01
  -.21000000E+01  .11683766E+01
  -.20500000E+01  .11453666E+01
  -.20000000E+01  .11222124E+01
  -.19500000E+01  .10988950E+01
  -.19000000E+01  .10753959E+01
  -.18500000E+01  .10516974E+01
  -.18000000E+01  .10277819E+01
  -.17500000E+01  .10036320E+01
  -.17000000E+01  .97923055E+00
  -.16500000E+01  .95456036E+00
  -.16000000E+01  .92960411E+00
  -.15500000E+01  .90434468E+00
  -.15000000E+01  .87876292E+00
  -.14500000E+01  .85284246E+00
  -.14000000E+01  .82656330E+00
  -.13500000E+01  .79990667E+00
  -.13000000E+01  .77285273E+00
  -.12500000E+01  .74538087E+00
  -.12000000E+01  .71746970E+00
  -.11500000E+01  .68909688E+00
  -.11000000E+01  .66023907E+00
  -.10500000E+01  .63087175E+00
  -.10000000E+01  .60096920E+00
  -.95000000E+00  .57050427E+00
  -.90000000E+00  .53944832E+00
  -.85000000E+00  .50777089E+00
  -.80000000E+00  .47544015E+00
  -.75000000E+00  .44242184E+00
  -.70000000E+00  .40867962E+00
  -.65000000E+00  .37417479E+00
  -.60000000E+00  .33886599E+00
  -.55000000E+00  .30270897E+00
  -.50000000E+00  .26565626E+00
  -.45000000E+00  .22765694E+00
  -.40000000E+00  .18865632E+00
  -.35000000E+00  .14859504E+00
  -.30000000E+00  .10740942E+00
  -.25000000E+00  .65030387E-01
  -.20000000E+00  .21383016E-01
  -.15000000E+00 -.23613969E-01
  -.10000000E+00 -.70049250E-01
  -.50000000E-01 -.11801956E+00
  -.22898350E-14 -.16763097E+00
   .50000000E-01 -.21899861E+00
   .10000000E+00 -.27225011E+00
   .15000000E+00 -.32752601E+00
   .20000000E+00 -.38498130E+00
   .25000000E+00 -.44478817E+00
   .30000000E+00 -.50713750E+00
   .35000000E+00 -.57224231E+00
   .40000000E+00 -.64034088E+00
   .45000000E+00 -.71170069E+00
   .50000000E+00 -.78662329E+00
   .55000000E+00 -.86544960E+00
   .60000000E+00 -.94856725E+00
   .65000000E+00 -.10364185E+01
   .70000000E+00 -.11295108E+01
   .75000000E+00 -.12284292E+01
   .80000000E+00 -.13338518E+01
   .85000000E+00 -.14465700E+01
   .90000000E+00 -.15675132E+01
   .95000000E+00 -.16977801E+01
   .10000000E+01 -.18386810E+01
   .10500000E+01 -.19917899E+01
   .11000000E+01 -.21590172E+01
   .11500000E+01 -.23427079E+01
   .12000000E+01 -.25457660E+01
   .12500000E+01 -.27718421E+01
   .13000000E+01 -.30255873E+01
   .13500000E+01 -.33130267E+01
   .14000000E+01 -.36421099E+01
   .14500000E+01 -.40235529E+01
   .15000000E+01 -.44721670E+01
   .15500000E+01 -.50090279E+01
   .16000000E+01 -.56652017E+01
   .16500000E+01 -.64884870E+01
   .17000000E+01 -.75564793E+01
   .17500000E+01 -.90041263E+01
   .18000000E+01 -.11088921E+02
   .18500000E+01 -.14371035E+02
   .19000000E+01 -.20343869E+02
   .19500000E+01 -.34767146E+02
   .20000000E+01 -.12100565E+03
KBPotential  L  =      1.00000  -3.85190
  -.30000000E+01  .12415817E+01
  -.29500000E+01  .12118802E+01
  -.29000000E+01  .11807603E+01
  -.28500000E+01  .11480436E+01
  -.28000000E+01  .11135186E+01
  -.27500000E+01  .10769326E+01
  -.27000000E+01  .10379812E+01
  -.26500000E+01  .99629416E+00
  -.26000000E+01  .95141663E+00
  -.25500000E+01  .90278332E+00
  -.25000000E+01  .84968256E+00
  -.24500000E+01  .79120573E+00
  -.24000000E+01  .72617370E+00
  -.23500000E+01  .65302785E+00
  -.23000000E+01  .56966377E+00
  -.22500000E+01  .47316914E+00
  -.22000000E+01  .35939415E+00
  -.21500000E+01  .22221592E+00
  -.21000000E+01  .52206358E-01
  -.20500000E+01 -.16594682E+00
  -.20000000E+01 -.45888116E+00
  -.19500000E+01 -.87740778E+00
  -.19000000E+01 -.15319848E+01
  -.18500000E+01 -.27166077E+01
  -.18000000E+01 -.55609200E+01
  -.17500000E+01 -.22289760E+02
  -.17000000E+01  .17368293E+02
  -.16500000E+01  .72060057E+01
  -.16000000E+01  .48690214E+01
  -.15500000E+01  .38229462E+01
  -.15000000E+01  .32244372E+01
  -.14500000E+01  .28333182E+01
  -.14000000E+01  .25551315E+01
  -.13500000E+01  .23451795E+01
  -.13000000E+01  .21795691E+01
  -.12500000E+01  .20443682E+01
  -.12000000E+01  .19309038E+01
  -.11500000E+01  .18334934E+01
  -.11000000E+01  .17482578E+01
  -.10500000E+01  .16724576E+01
  -.10000000E+01  .16041024E+01
  -.95000000E+00  .15417109E+01
  -.90000000E+00  .14841570E+01
  -.85000000E+00  .14305691E+01
  -.80000000E+00  .13802615E+01
  -.75000000E+00  .13326867E+01
  -.70000000E+00  .12874021E+01
  -.65000000E+00  .12440452E+01
  -.60000000E+00  .12023162E+01
  -.55000000E+00  .11619642E+01
  -.50000000E+00  .11227777E+01
  -.45000000E+00  .10845763E+01
  -.40000000E+00  .10472052E+01
  -.35000000E+00  .10105301E+01
  -.30000000E+00  .97443358E+00
  -.25000000E+00  .93881245E+00
  -.20000000E+00  .90357496E+00
  -.15000000E+00  .86863906E+00
  -.10000000E+00  .83393075E+00
  -.50000000E-01  .79938275E+00
  -.22898350E-14  .76493344E+00
   .50000000E-01  .73052591E+00
   .10000000E+00  .69610720E+00
   .15000000E+00  .66162768E+00
   .20000000E+00  .62704017E+00
   .25000000E+00  .59229994E+00
   .30000000E+00  .55736392E+00
   .35000000E+00  .52219040E+00
   .40000000E+00  .48673871E+00
   .45000000E+00  .45096884E+00
   .50000000E+00  .41484124E+00
   .55000000E+00  .37831645E+00
   .60000000E+00  .34135490E+00
   .65000000E+00  .30391667E+00
   .70000000E+00  .26596122E+00
   .75000000E+00  .22744716E+00
   .80000000E+00  .18833204E+00
   .85000000E+00  .14857208E+00
   .90000000E+00  .10812195E+00
   .95000000E+00  .66934490E-01
   .10000000E+01  .24960441E-01
   .10500000E+01 -.17851783E-01
   .11000000E+01 -.61556465E-01
   .11500000E+01 -.10621087E+00
   .12000000E+01 -.15187563E+00
   .12500000E+01 -.19861509E+00
   .13000000E+01 -.24649776E+00
   .13500000E+01 -.29559686E+00
   .14000000E+01 -.34599046E+00
   .14500000E+01 -.39776260E+00
   .15000000E+01 -.45100360E+00
   .15500000E+01 -.50581084E+00
   .16000000E+01 -.56228946E+00
   .16500000E+01 -.62055363E+00
   .17000000E+01 -.68072709E+00
   .17500000E+01 -.74294464E+00
   .18000000E+01 -.80735339E+00
   .18500000E+01 -.87411429E+00
   .19000000E+01 -.94340388E+00
   .19500000E+01 -.10154163E+01
   .20000000E+01 -.10903657E+01
KBPotential  L  =      2.00000   -.47651
  -.30000000E+01  .15677737E+01
  -.29500000E+01  .15510643E+01
  -.29000000E+01  .15341603E+01
  -.28500000E+01  .15170534E+01
  -.28000000E+01  .14997355E+01
  -.27500000E+01  .14822031E+01
  -.27000000E+01  .14644465E+01
  -.26500000E+01  .14464583E+01
  -.26000000E+01  .14282278E+01
  -.25500000E+01  .14097535E+01
  -.25000000E+01  .13910117E+01
  -.24500000E+01  .13719921E+01
  -.24000000E+01  .13527046E+01
  -.23500000E+01  .13331167E+01
  -.23000000E+01  .13132229E+01
  -.22500000E+01  .12930096E+01
  -.22000000E+01  .12724631E+01
  -.21500000E+01  .12515682E+01
  -.21000000E+01  .12303085E+01
  -.20500000E+01  .12086667E+01
  -.20000000E+01  .11866246E+01
  -.19500000E+01  .11641622E+01
  -.19000000E+01  .11412580E+01
  -.18500000E+01  .11178891E+01
  -.18000000E+01  .10940272E+01
  -.17500000E+01  .10696522E+01
  -.17000000E+01  .10447320E+01
  -.16500000E+01  .10192351E+01
  -.16000000E+01  .99312738E+00
  -.15500000E+01  .96637187E+00
  -.15000000E+01  .93892816E+00
  -.14500000E+01  .91075195E+00
  -.14000000E+01  .88179555E+00
  -.13500000E+01  .85200548E+00
  -.13000000E+01  .82132375E+00
  -.12500000E+01  .78968629E+00
  -.12000000E+01  .75702223E+00
  -.11500000E+01  .72325309E+00
  -.11000000E+01  .68829198E+00
  -.10500000E+01  .65204150E+00
  -.10000000E+01  .61439333E+00
  -.95000000E+00  .57523061E+00
  -.90000000E+00  .53440637E+00
  -.85000000E+00  .49177067E+00
  -.80000000E+00  .44714798E+00
  -.75000000E+00  .40033825E+00
  -.70000000E+00  .35111268E+00
  -.65000000E+00  .29920809E+00
  -.60000000E+00  .24432041E+00
  -.55000000E+00  .18609618E+00
  -.50000000E+00  .12412213E+00
  -.45000000E+00  .57912009E-01
  -.40000000E+00 -.13110513E-01
  -.35000000E+00 -.89633655E-01
  -.30000000E+00 -.17248617E+00
  -.25000000E+00 -.26267527E+00
  -.20000000E+00 -.36143767E+00
  -.15000000E+00 -.47030842E+00
  -.10000000E+00 -.59121781E+00
  -.50000000E-01 -.72662647E+00
  -.22898350E-14 -.87972206E+00
   .50000000E-01 -.10547086E+01
   .10000000E+00 -.12572477E+01
   .15000000E+00 -.14951505E+01
   .20000000E+00 -.17795049E+01
   .25000000E+00 -.21265960E+01
   .30000000E+00 -.25613566E+01
   .35000000E+00 -.31239894E+01
   .40000000E+00 -.38837629E+01
   .45000000E+00 -.49711280E+01
   .50000000E+00 -.66641669E+01
   .55000000E+00 -.96805768E+01
   .60000000E+00 -.16612747E+02
   .65000000E+00 -.49571576E+02
   .70000000E+00  .58017065E+02
   .75000000E+00  .19074497E+02
   .80000000E+00  .11664692E+02
   .85000000E+00  .85158088E+01
   .90000000E+00  .67672178E+01
   .95000000E+00  .56506292E+01
   .10000000E+01  .48728405E+01
   .10500000E+01  .42976705E+01
   .11000000E+01  .38532606E+01
   .11500000E+01  .34981044E+01
   .12000000E+01  .32065482E+01
   .12500000E+01  .29618778E+01
   .13000000E+01  .27527653E+01
   .13500000E+01  .25712183E+01
   .14000000E+01  .24114614E+01
   .14500000E+01  .22692081E+01
   .15000000E+01  .21412095E+01
   .15500000E+01  .20249640E+01
   .16000000E+01  .19185046E+01
   .16500000E+01  .18202685E+01
   .17000000E+01  .17289959E+01
   .17500000E+01  .16436602E+01
   .18000000E+01  .15634133E+01
   .18500000E+01  .14875508E+01
   .19000000E+01  .14154808E+01
   .19500000E+01  .13467029E+01
   .20000000E+01  .12807887E+01
KBPotential  L  =      3.00000  -1.15215
  -.30000000E+01  .18127806E+01
  -.29500000E+01  .17985734E+01
  -.29000000E+01  .17842334E+01
  -.28500000E+01  .17697556E+01
  -.28000000E+01  .17551353E+01
  -.27500000E+01  .17403670E+01
  -.27000000E+01  .17254450E+01
  -.26500000E+01  .17103630E+01
  -.26000000E+01  .16951146E+01
  -.25500000E+01  .16796923E+01
  -.25000000E+01  .16640885E+01
  -.24500000E+01  .16482948E+01
  -.24000000E+01  .16323018E+01
  -.23500000E+01  .16160994E+01
  -.23000000E+01  .15996768E+01
  -.22500000E+01  .15830217E+01
  -.22000000E+01  .15661207E+01
  -.21500000E+01  .15489591E+01
  -.21000000E+01  .15315203E+01
  -.20500000E+01  .15137860E+01
  -.20000000E+01  .14957355E+01
  -.19500000E+01  .14773456E+01
  -.19000000E+01  .14585901E+01
  -.18500000E+01  .14394390E+01
  -.18000000E+01  .14198583E+01
  -.17500000E+01  .13998085E+01
  -.17000000E+01  .13792442E+01
  -.16500000E+01  .13581123E+01
  -.16000000E+01  .13363506E+01
  -.15500000E+01  .13138853E+01
  -.15000000E+01  .12906285E+01
  -.14500000E+01  .12664741E+01
  -.14000000E+01  .12412932E+01
  -.13500000E+01  .12149271E+01
  -.13000000E+01  .11871779E+01
  -.12500000E+01  .11577958E+01
  -.12000000E+01  .11264601E+01
  -.11500000E+01  .10927523E+01
  -.11000000E+01  .10561147E+01
  -.10500000E+01  .10157874E+01
  -.10000000E+01  .97070598E+00
  -.95000000E+00  .91933226E+00
  -.90000000E+00  .85935534E+00
  -.85000000E+00  .78713558E+00
  -.80000000E+00  .69658662E+00
  -.75000000E+00  .57670042E+00
  -.70000000E+00  .40530543E+00
  -.65000000E+00  .13009683E+00
  -.60000000E+00 -.40893062E+00
  -.55000000E+00 -.20509060E+01
  -.50000000E+00  .52622043E+02
  -.45000000E+00  .38679828E+01
  -.40000000E+00  .24829743E+01
  -.35000000E+00  .19902922E+01
  -.30000000E+00  .17299925E+01
  -.25000000E+00  .15640652E+01
  -.20000000E+00  .14456258E+01
  -.15000000E+00  .13543571E+01
  -.10000000E+00  .12802066E+01
  -.50000000E-01  .12169226E+01
  -.22898350E-14  .11615794E+01
   .50000000E-01  .11117745E+01
   .10000000E+00  .10660480E+01
   .15000000E+00  .10233701E+01
   .20000000E+00  .98299983E+00
   .25000000E+00  .94432528E+00
   .30000000E+00  .90718064E+00
   .35000000E+00  .87080816E+00
   .40000000E+00  .83539791E+00
   .45000000E+00  .80047998E+00
   .50000000E+00  .76595408E+00
   .55000000E+00  .73167915E+00
   .60000000E+00  .69753529E+00
   .65000000E+00  .66341891E+00
   .70000000E+00  .62923898E+00
   .75000000E+00  .59491427E+00
   .80000000E+00  .56037106E+00
   .85000000E+00  .52559902E+00
   .90000000E+00  .48983756E+00
   .95000000E+00  .45419684E+00
   .10000000E+01  .41887638E+00
   .10500000E+01  .38230936E+00
   .11000000E+01  .34516218E+00
   .11500000E+01  .30737910E+00
   .12000000E+01  .26890389E+00
   .12500000E+01  .22967933E+00
   .13000000E+01  .18964674E+00
   .13500000E+01  .14874542E+00
   .14000000E+01  .10691227E+00
   .14500000E+01  .64081201E-01
   .15000000E+01  .20182696E-01
   .15500000E+01 -.24856760E-01
   .16000000E+01 -.71115243E-01
   .16500000E+01 -.11867599E+00
   .17000000E+01 -.16757367E+00
   .17500000E+01 -.21864943E+00
   .18000000E+01 -.29613778E+00
   .18500000E+01 -.32427111E+00
   .19000000E+01 -.37945206E+00
   .19500000E+01 -.43688506E+00
   .20000000E+01 -.49716345E+00
KBPotential  L  =      4.00000    .00000
  -.30000000E+01  .20896674E+01
  -.29500000E+01  .20779397E+01
  -.29000000E+01  .20661513E+01
  -.28500000E+01  .20542996E+01
  -.28000000E+01  .20423847E+01
  -.27500000E+01  .20304048E+01
  -.27000000E+01  .20183598E+01
  -.26500000E+01  .20062477E+01
  -.26000000E+01  .19940680E+01
  -.25500000E+01  .19818187E+01
  -.25000000E+01  .19695014E+01
  -.24500000E+01  .19571107E+01
  -.24000000E+01  .19446487E+01
  -.23500000E+01  .19321132E+01
  -.23000000E+01  .19195044E+01
  -.22500000E+01  .19068173E+01
  -.22000000E+01  .18940548E+01
  -.21500000E+01  .18812129E+01
  -.21000000E+01  .18682901E+01
  -.20500000E+01  .18552872E+01
  -.20000000E+01  .18422013E+01
  -.19500000E+01  .18290311E+01
  -.19000000E+01  .18157749E+01
  -.18500000E+01  .18024320E+01
  -.18000000E+01  .17890007E+01
  -.17500000E+01  .17754770E+01
  -.17000000E+01  .17618617E+01
  -.16500000E+01  .17481522E+01
  -.16000000E+01  .17343472E+01
  -.15500000E+01  .17204442E+01
  -.15000000E+01  .17064416E+01
  -.14500000E+01  .16923374E+01
  -.14000000E+01  .16781293E+01
  -.13500000E+01  .16638160E+01
  -.13000000E+01  .16493933E+01
  -.12500000E+01  .16348606E+01
  -.12000000E+01  .16202158E+01
  -.11500000E+01  .16054560E+01
  -.11000000E+01  .15905786E+01
  -.10500000E+01  .15755812E+01
  -.10000000E+01  .15604610E+01
  -.95000000E+00  .15452154E+01
  -.90000000E+00  .15298415E+01
  -.85000000E+00  .15143364E+01
  -.80000000E+00  .14986970E+01
  -.75000000E+00  .14829202E+01
  -.70000000E+00  .14670027E+01
  -.65000000E+00  .14509411E+01
  -.60000000E+00  .14347320E+01
  -.55000000E+00  .14183716E+01
  -.50000000E+00  .14018561E+01
  -.45000000E+00  .13851818E+01
  -.40000000E+00  .13683445E+01
  -.35000000E+00  .13513398E+01
  -.30000000E+00  .13341635E+01
  -.25000000E+00  .13168109E+01
  -.20000000E+00  .12992773E+01
  -.15000000E+00  .12815577E+01
  -.10000000E+00  .12636468E+01
  -.50000000E-01  .12455393E+01
  -.22898350E-14  .12272296E+01
   .50000000E-01  .12087118E+01
   .10000000E+00  .11899796E+01
   .15000000E+00  .11710268E+01
   .20000000E+00  .11518466E+01
   .25000000E+00  .11324319E+01
   .30000000E+00  .11127755E+01
   .35000000E+00  .10928696E+01
   .40000000E+00  .10727062E+01
   .45000000E+00  .10522768E+01
   .50000000E+00  .10315726E+01
   .55000000E+00  .10105842E+01
   .60000000E+00  .98930192E+00
   .65000000E+00  .96771540E+00
   .70000000E+00  .94581382E+00
   .75000000E+00  .92358580E+00
   .80000000E+00  .90101931E+00
   .85000000E+00  .87810168E+00
   .90000000E+00  .85481955E+00
   .95000000E+00  .83115877E+00
   .10000000E+01  .80710441E+00
   .10500000E+01  .78264067E+00
   .11000000E+01  .75775078E+00
   .11500000E+01  .73241699E+00
   .12000000E+01  .70662046E+00
   .12500000E+01  .68034117E+00
   .13000000E+01  .65355783E+00
   .13500000E+01  .62624777E+00
   .14000000E+01  .59838684E+00
   .14500000E+01  .56994927E+00
   .15000000E+01  .54090754E+00
   .15500000E+01  .51123220E+00
   .16000000E+01  .48089155E+00
   .16500000E+01  .44985217E+00
   .17000000E+01  .41807758E+00
   .17500000E+01  .38552879E+00
   .18000000E+01  .35216381E+00
   .18500000E+01  .31793734E+00
   .19000000E+01  .28280050E+00
   .19500000E+01  .24670041E+00
   .20000000E+01  .20957977E+00
