  PAW Mn                                 
 200
Core Pot   L  =         .00000   -.31827
  -.40000000E+01  .17626553E+01
  -.39700000E+01  .17537150E+01
  -.39400000E+01  .17447456E+01
  -.39100000E+01  .17357461E+01
  -.38800000E+01  .17267156E+01
  -.38500000E+01  .17176532E+01
  -.38200000E+01  .17085580E+01
  -.37900000E+01  .16994291E+01
  -.37600000E+01  .16902656E+01
  -.37300000E+01  .16810666E+01
  -.37000000E+01  .16718313E+01
  -.36700000E+01  .16625588E+01
  -.36400000E+01  .16532483E+01
  -.36100000E+01  .16438989E+01
  -.35800000E+01  .16345097E+01
  -.35500000E+01  .16250800E+01
  -.35200000E+01  .16156088E+01
  -.34900000E+01  .16060953E+01
  -.34600000E+01  .15965387E+01
  -.34300000E+01  .15869380E+01
  -.34000000E+01  .15772925E+01
  -.33700000E+01  .15676013E+01
  -.33400000E+01  .15578634E+01
  -.33100000E+01  .15480780E+01
  -.32800000E+01  .15382442E+01
  -.32500000E+01  .15283612E+01
  -.32200000E+01  .15184279E+01
  -.31900000E+01  .15084435E+01
  -.31600000E+01  .14984070E+01
  -.31300000E+01  .14883176E+01
  -.31000000E+01  .14781742E+01
  -.30700000E+01  .14679758E+01
  -.30400000E+01  .14577215E+01
  -.30100000E+01  .14474104E+01
  -.29800000E+01  .14370412E+01
  -.29500000E+01  .14266132E+01
  -.29200000E+01  .14161250E+01
  -.28900000E+01  .14055759E+01
  -.28600000E+01  .13949645E+01
  -.28300000E+01  .13842898E+01
  -.28000000E+01  .13735508E+01
  -.27700000E+01  .13627461E+01
  -.27400000E+01  .13518747E+01
  -.27100000E+01  .13409354E+01
  -.26800000E+01  .13299269E+01
  -.26500000E+01  .13188480E+01
  -.26200000E+01  .13076973E+01
  -.25900000E+01  .12964737E+01
  -.25600000E+01  .12851758E+01
  -.25300000E+01  .12738022E+01
  -.25000000E+01  .12623515E+01
  -.24700000E+01  .12508222E+01
  -.24400000E+01  .12392130E+01
  -.24100000E+01  .12275224E+01
  -.23800000E+01  .12157487E+01
  -.23500000E+01  .12038905E+01
  -.23200000E+01  .11919462E+01
  -.22900000E+01  .11799140E+01
  -.22600000E+01  .11677924E+01
  -.22300000E+01  .11555795E+01
  -.22000000E+01  .11432737E+01
  -.21700000E+01  .11308731E+01
  -.21400000E+01  .11183757E+01
  -.21100000E+01  .11057798E+01
  -.20800000E+01  .10930834E+01
  -.20500000E+01  .10802844E+01
  -.20200000E+01  .10673807E+01
  -.19900000E+01  .10543703E+01
  -.19600000E+01  .10412509E+01
  -.19300000E+01  .10280202E+01
  -.19000000E+01  .10146761E+01
  -.18700000E+01  .10012160E+01
  -.18400000E+01  .98763750E+00
  -.18100000E+01  .97393813E+00
  -.17800000E+01  .96011526E+00
  -.17500000E+01  .94616622E+00
  -.17200000E+01  .93208825E+00
  -.16900000E+01  .91787850E+00
  -.16600000E+01  .90353405E+00
  -.16300000E+01  .88905188E+00
  -.16000000E+01  .87442888E+00
  -.15700000E+01  .85966183E+00
  -.15400000E+01  .84474742E+00
  -.15100000E+01  .82968224E+00
  -.14800000E+01  .81446274E+00
  -.14500000E+01  .79908529E+00
  -.14200000E+01  .78354611E+00
  -.13900000E+01  .76784131E+00
  -.13600000E+01  .75196687E+00
  -.13300000E+01  .73591862E+00
  -.13000000E+01  .71969227E+00
  -.12700000E+01  .70328335E+00
  -.12400000E+01  .68668726E+00
  -.12100000E+01  .66989921E+00
  -.11800000E+01  .65291428E+00
  -.11500000E+01  .63572733E+00
  -.11200000E+01  .61833306E+00
  -.10900000E+01  .60072595E+00
  -.10600000E+01  .58290031E+00
  -.10300000E+01  .56485021E+00
  -.10000000E+01  .54656949E+00
  -.97000000E+00  .52805178E+00
  -.94000000E+00  .50929044E+00
  -.91000000E+00  .49027858E+00
  -.88000000E+00  .47100904E+00
  -.85000000E+00  .45147436E+00
  -.82000000E+00  .43166679E+00
  -.79000000E+00  .41157826E+00
  -.76000000E+00  .39120038E+00
  -.73000000E+00  .37052438E+00
  -.70000000E+00  .34954115E+00
  -.67000000E+00  .32824118E+00
  -.64000000E+00  .30661453E+00
  -.61000000E+00  .28465087E+00
  -.58000000E+00  .26233937E+00
  -.55000000E+00  .23966873E+00
  -.52000000E+00  .21662716E+00
  -.49000000E+00  .19320229E+00
  -.46000000E+00  .16938123E+00
  -.43000000E+00  .14515043E+00
  -.40000000E+00  .12049573E+00
  -.37000000E+00  .95402300E-01
  -.34000000E+00  .69854558E-01
  -.31000000E+00  .43836171E-01
  -.28000000E+00  .17329993E-01
  -.25000000E+00 -.96819928E-02
  -.22000000E+00 -.37218724E-01
  -.19000000E+00 -.65300120E-01
  -.16000000E+00 -.93947146E-01
  -.13000000E+00 -.12318189E+00
  -.10000000E+00 -.15302762E+00
  -.70000000E-01 -.18350890E+00
  -.40000000E-01 -.21465164E+00
  -.10000000E-01 -.24648322E+00
   .20000000E-01 -.27903257E+00
   .50000000E-01 -.31233033E+00
   .80000000E-01 -.34640890E+00
   .11000000E+00 -.38130265E+00
   .14000000E+00 -.41704804E+00
   .17000000E+00 -.45368375E+00
   .20000000E+00 -.49125090E+00
   .23000000E+00 -.52979323E+00
   .26000000E+00 -.56935729E+00
   .29000000E+00 -.60999272E+00
   .32000000E+00 -.65175246E+00
   .35000000E+00 -.69469304E+00
   .38000000E+00 -.73887494E+00
   .41000000E+00 -.78436286E+00
   .44000000E+00 -.83122616E+00
   .47000000E+00 -.87953927E+00
   .50000000E+00 -.92938215E+00
   .53000000E+00 -.98084081E+00
   .56000000E+00 -.10340079E+01
   .59000000E+00 -.10889835E+01
   .62000000E+00 -.11458756E+01
   .65000000E+00 -.12048010E+01
   .68000000E+00 -.12658864E+01
   .71000000E+00 -.13292695E+01
   .74000000E+00 -.13950997E+01
   .77000000E+00 -.14635400E+01
   .80000000E+00 -.15347683E+01
   .83000000E+00 -.16089791E+01
   .86000000E+00 -.16863857E+01
   .89000000E+00 -.17672222E+01
   .92000000E+00 -.18517463E+01
   .95000000E+00 -.19402426E+01
   .98000000E+00 -.20330255E+01
   .10100000E+01 -.21304442E+01
   .10400000E+01 -.22328866E+01
   .10700000E+01 -.23407855E+01
   .11000000E+01 -.24546253E+01
   .11300000E+01 -.25749494E+01
   .11600000E+01 -.27023702E+01
   .11900000E+01 -.28375797E+01
   .12200000E+01 -.29813632E+01
   .12500000E+01 -.31346160E+01
   .12800000E+01 -.32983623E+01
   .13100000E+01 -.34737804E+01
   .13400000E+01 -.36622322E+01
   .13700000E+01 -.38653004E+01
   .14000000E+01 -.40848355E+01
   .14300000E+01 -.43230144E+01
   .14600000E+01 -.45824165E+01
   .14900000E+01 -.48661203E+01
   .15200000E+01 -.51778312E+01
   .15500000E+01 -.55220489E+01
   .15800000E+01 -.59042926E+01
   .16100000E+01 -.63314070E+01
   .16400000E+01 -.68119861E+01
   .16700000E+01 -.73569693E+01
   .17000000E+01 -.79805012E+01
   .17300000E+01 -.87011972E+01
   .17600000E+01 -.95440626E+01
   .17900000E+01 -.10543491E+02
   .18200000E+01 -.11748126E+02
   .18500000E+01 -.13229097E+02
   .18800000E+01 -.15094707E+02
   .19100000E+01 -.17518369E+02
   .19400000E+01 -.20796185E+02
   .19700000E+01 -.25478770E+02
   .20000000E+01 -.32719551E+02
Potential  L  =         .00000   -.31827
  -.40000000E+01  .17571260E+01
  -.39700000E+01  .17486930E+01
  -.39400000E+01  .17402220E+01
  -.39100000E+01  .17317127E+01
  -.38800000E+01  .17231645E+01
  -.38500000E+01  .17145769E+01
  -.38200000E+01  .17059494E+01
  -.37900000E+01  .16972815E+01
  -.37600000E+01  .16885727E+01
  -.37300000E+01  .16798224E+01
  -.37000000E+01  .16710302E+01
  -.36700000E+01  .16621953E+01
  -.36400000E+01  .16533173E+01
  -.36100000E+01  .16443955E+01
  -.35800000E+01  .16354294E+01
  -.35500000E+01  .16264184E+01
  -.35200000E+01  .16173617E+01
  -.34900000E+01  .16082589E+01
  -.34600000E+01  .15991091E+01
  -.34300000E+01  .15899119E+01
  -.34000000E+01  .15806664E+01
  -.33700000E+01  .15713720E+01
  -.33400000E+01  .15620280E+01
  -.33100000E+01  .15526336E+01
  -.32800000E+01  .15431881E+01
  -.32500000E+01  .15336908E+01
  -.32200000E+01  .15241408E+01
  -.31900000E+01  .15145373E+01
  -.31600000E+01  .15048796E+01
  -.31300000E+01  .14951668E+01
  -.31000000E+01  .14853980E+01
  -.30700000E+01  .14755723E+01
  -.30400000E+01  .14656890E+01
  -.30100000E+01  .14557469E+01
  -.29800000E+01  .14457453E+01
  -.29500000E+01  .14356831E+01
  -.29200000E+01  .14255593E+01
  -.28900000E+01  .14153729E+01
  -.28600000E+01  .14051229E+01
  -.28300000E+01  .13948083E+01
  -.28000000E+01  .13844278E+01
  -.27700000E+01  .13739803E+01
  -.27400000E+01  .13634648E+01
  -.27100000E+01  .13528801E+01
  -.26800000E+01  .13422248E+01
  -.26500000E+01  .13314978E+01
  -.26200000E+01  .13206978E+01
  -.25900000E+01  .13098234E+01
  -.25600000E+01  .12988734E+01
  -.25300000E+01  .12878462E+01
  -.25000000E+01  .12767405E+01
  -.24700000E+01  .12655548E+01
  -.24400000E+01  .12542875E+01
  -.24100000E+01  .12429372E+01
  -.23800000E+01  .12315021E+01
  -.23500000E+01  .12199807E+01
  -.23200000E+01  .12083713E+01
  -.22900000E+01  .11966720E+01
  -.22600000E+01  .11848811E+01
  -.22300000E+01  .11729967E+01
  -.22000000E+01  .11610169E+01
  -.21700000E+01  .11489397E+01
  -.21400000E+01  .11367631E+01
  -.21100000E+01  .11244850E+01
  -.20800000E+01  .11121031E+01
  -.20500000E+01  .10996153E+01
  -.20200000E+01  .10870192E+01
  -.19900000E+01  .10743124E+01
  -.19600000E+01  .10614925E+01
  -.19300000E+01  .10485569E+01
  -.19000000E+01  .10355030E+01
  -.18700000E+01  .10223279E+01
  -.18400000E+01  .10090290E+01
  -.18100000E+01  .99560323E+00
  -.17800000E+01  .98204760E+00
  -.17500000E+01  .96835896E+00
  -.17200000E+01  .95453407E+00
  -.16900000E+01  .94056955E+00
  -.16600000E+01  .92646192E+00
  -.16300000E+01  .91220756E+00
  -.16000000E+01  .89780269E+00
  -.15700000E+01  .88324342E+00
  -.15400000E+01  .86852571E+00
  -.15100000E+01  .85364533E+00
  -.14800000E+01  .83859792E+00
  -.14500000E+01  .82337893E+00
  -.14200000E+01  .80798363E+00
  -.13900000E+01  .79240709E+00
  -.13600000E+01  .77664420E+00
  -.13300000E+01  .76068962E+00
  -.13000000E+01  .74453779E+00
  -.12700000E+01  .72818291E+00
  -.12400000E+01  .71161893E+00
  -.12100000E+01  .69483955E+00
  -.11800000E+01  .67783818E+00
  -.11500000E+01  .66060794E+00
  -.11200000E+01  .64314163E+00
  -.10900000E+01  .62543174E+00
  -.10600000E+01  .60747039E+00
  -.10300000E+01  .58924934E+00
  -.10000000E+01  .57075998E+00
  -.97000000E+00  .55199325E+00
  -.94000000E+00  .53293966E+00
  -.91000000E+00  .51358926E+00
  -.88000000E+00  .49393160E+00
  -.85000000E+00  .47395569E+00
  -.82000000E+00  .45364998E+00
  -.79000000E+00  .43300231E+00
  -.76000000E+00  .41199988E+00
  -.73000000E+00  .39062922E+00
  -.70000000E+00  .36887609E+00
  -.67000000E+00  .34672549E+00
  -.64000000E+00  .32416156E+00
  -.61000000E+00  .30116756E+00
  -.58000000E+00  .27772575E+00
  -.55000000E+00  .25381737E+00
  -.52000000E+00  .22942253E+00
  -.49000000E+00  .20452014E+00
  -.46000000E+00  .17908779E+00
  -.43000000E+00  .15310169E+00
  -.40000000E+00  .12653654E+00
  -.37000000E+00  .99365351E-01
  -.34000000E+00  .71559408E-01
  -.31000000E+00  .43088050E-01
  -.28000000E+00  .13918514E-01
  -.25000000E+00 -.15984229E-01
  -.22000000E+00 -.46657692E-01
  -.19000000E+00 -.78142092E-01
  -.16000000E+00 -.11048060E+00
  -.13000000E+00 -.14371963E+00
  -.10000000E+00 -.17790913E+00
  -.70000000E-01 -.21310295E+00
  -.40000000E-01 -.24935920E+00
  -.10000000E-01 -.28674075E+00
   .20000000E-01 -.32531565E+00
   .50000000E-01 -.36515771E+00
   .80000000E-01 -.40634716E+00
   .11000000E+00 -.44897130E+00
   .14000000E+00 -.49312537E+00
   .17000000E+00 -.53891342E+00
   .20000000E+00 -.58644939E+00
   .23000000E+00 -.63585831E+00
   .26000000E+00 -.68727770E+00
   .29000000E+00 -.74085914E+00
   .32000000E+00 -.79677017E+00
   .35000000E+00 -.85519638E+00
   .38000000E+00 -.91634403E+00
   .41000000E+00 -.98044289E+00
   .44000000E+00 -.10477498E+01
   .47000000E+00 -.11185527E+01
   .50000000E+00 -.11931755E+01
   .53000000E+00 -.12719841E+01
   .56000000E+00 -.13553932E+01
   .59000000E+00 -.14438745E+01
   .62000000E+00 -.15379676E+01
   .65000000E+00 -.16382918E+01
   .68000000E+00 -.17455623E+01
   .71000000E+00 -.18606086E+01
   .74000000E+00 -.19843991E+01
   .77000000E+00 -.21180709E+01
   .80000000E+00 -.22629686E+01
   .83000000E+00 -.24206939E+01
   .86000000E+00 -.25931699E+01
   .89000000E+00 -.27827262E+01
   .92000000E+00 -.29922124E+01
   .95000000E+00 -.32251516E+01
   .98000000E+00 -.34859523E+01
   .10100000E+01 -.37802049E+01
   .10400000E+01 -.41151068E+01
   .10700000E+01 -.45000836E+01
   .11000000E+01 -.49477252E+01
   .11300000E+01 -.54752348E+01
   .11600000E+01 -.61067548E+01
   .11900000E+01 -.68772592E+01
   .12200000E+01 -.78393954E+01
   .12500000E+01 -.90762623E+01
   .12800000E+01 -.10727150E+02
   .13100000E+01 -.13044698E+02
   .13400000E+01 -.16539645E+02
   .13700000E+01 -.22423480E+02
   .14000000E+01 -.34437718E+02
   .14300000E+01 -.72673536E+02
   .14600000E+01  .79242474E+03
   .14900000E+01  .62297385E+02
   .15200000E+01  .32644858E+02
   .15500000E+01  .22209578E+02
   .15800000E+01  .16877146E+02
   .16100000E+01  .13636753E+02
   .16400000E+01  .11456875E+02
   .16700000E+01  .98883920E+01
   .17000000E+01  .87043902E+01
   .17300000E+01  .77778667E+01
   .17600000E+01  .70321930E+01
   .17900000E+01  .64183918E+01
   .18200000E+01  .59036966E+01
   .18500000E+01  .54653572E+01
   .18800000E+01  .50870835E+01
   .19100000E+01  .47569034E+01
   .19400000E+01  .44658262E+01
   .19700000E+01  .42069598E+01
   .20000000E+01  .39749393E+01
Core Pot   L  =        1.00000  -3.69800
  -.40000000E+01  .15668482E+01
  -.39700000E+01  .15284749E+01
  -.39400000E+01  .14832884E+01
  -.39100000E+01  .14287447E+01
  -.38800000E+01  .13608461E+01
  -.38500000E+01  .12729300E+01
  -.38200000E+01  .11530035E+01
  -.37900000E+01  .97708124E+00
  -.37600000E+01  .68919624E+00
  -.37300000E+01  .12143916E+00
  -.37000000E+01 -.15658212E+01
  -.36700000E+01  .24948331E+05
  -.36400000E+01  .51329925E+01
  -.36100000E+01  .34463100E+01
  -.35800000E+01  .28785125E+01
  -.35500000E+01  .25904388E+01
  -.35200000E+01  .24142382E+01
  -.34900000E+01  .22939577E+01
  -.34600000E+01  .22056166E+01
  -.34300000E+01  .21372242E+01
  -.34000000E+01  .20821186E+01
  -.33700000E+01  .20363025E+01
  -.33400000E+01  .19972322E+01
  -.33100000E+01  .19632114E+01
  -.32800000E+01  .19330658E+01
  -.32500000E+01  .19059564E+01
  -.32200000E+01  .18812679E+01
  -.31900000E+01  .18585387E+01
  -.31600000E+01  .18374155E+01
  -.31300000E+01  .18176236E+01
  -.31000000E+01  .17989460E+01
  -.30700000E+01  .17812089E+01
  -.30400000E+01  .17642715E+01
  -.30100000E+01  .17480187E+01
  -.29800000E+01  .17323551E+01
  -.29500000E+01  .17172011E+01
  -.29200000E+01  .17024899E+01
  -.28900000E+01  .16881648E+01
  -.28600000E+01  .16741774E+01
  -.28300000E+01  .16604861E+01
  -.28000000E+01  .16470549E+01
  -.27700000E+01  .16338528E+01
  -.27400000E+01  .16208523E+01
  -.27100000E+01  .16080296E+01
  -.26800000E+01  .15953634E+01
  -.26500000E+01  .15828351E+01
  -.26200000E+01  .15704279E+01
  -.25900000E+01  .15581270E+01
  -.25600000E+01  .15459189E+01
  -.25300000E+01  .15337916E+01
  -.25000000E+01  .15217341E+01
  -.24700000E+01  .15097365E+01
  -.24400000E+01  .14977899E+01
  -.24100000E+01  .14858859E+01
  -.23800000E+01  .14740170E+01
  -.23500000E+01  .14621763E+01
  -.23200000E+01  .14503572E+01
  -.22900000E+01  .14385538E+01
  -.22600000E+01  .14267606E+01
  -.22300000E+01  .14149724E+01
  -.22000000E+01  .14031843E+01
  -.21700000E+01  .13913918E+01
  -.21400000E+01  .13795908E+01
  -.21100000E+01  .13677770E+01
  -.20800000E+01  .13559467E+01
  -.20500000E+01  .13440962E+01
  -.20200000E+01  .13322222E+01
  -.19900000E+01  .13203213E+01
  -.19600000E+01  .13083903E+01
  -.19300000E+01  .12964262E+01
  -.19000000E+01  .12844260E+01
  -.18700000E+01  .12723869E+01
  -.18400000E+01  .12603062E+01
  -.18100000E+01  .12481811E+01
  -.17800000E+01  .12360092E+01
  -.17500000E+01  .12237877E+01
  -.17200000E+01  .12115143E+01
  -.16900000E+01  .11991865E+01
  -.16600000E+01  .11868018E+01
  -.16300000E+01  .11743579E+01
  -.16000000E+01  .11618524E+01
  -.15700000E+01  .11492831E+01
  -.15400000E+01  .11366475E+01
  -.15100000E+01  .11239434E+01
  -.14800000E+01  .11111685E+01
  -.14500000E+01  .10983204E+01
  -.14200000E+01  .10853970E+01
  -.13900000E+01  .10723958E+01
  -.13600000E+01  .10593146E+01
  -.13300000E+01  .10461511E+01
  -.13000000E+01  .10329029E+01
  -.12700000E+01  .10195676E+01
  -.12400000E+01  .10061429E+01
  -.12100000E+01  .99262639E+00
  -.11800000E+01  .97901560E+00
  -.11500000E+01  .96530807E+00
  -.11200000E+01  .95150131E+00
  -.10900000E+01  .93759275E+00
  -.10600000E+01  .92357982E+00
  -.10300000E+01  .90945989E+00
  -.10000000E+01  .89523028E+00
  -.97000000E+00  .88088826E+00
  -.94000000E+00  .86643104E+00
  -.91000000E+00  .85185577E+00
  -.88000000E+00  .83715956E+00
  -.85000000E+00  .82233942E+00
  -.82000000E+00  .80739232E+00
  -.79000000E+00  .79231515E+00
  -.76000000E+00  .77710471E+00
  -.73000000E+00  .76175774E+00
  -.70000000E+00  .74627088E+00
  -.67000000E+00  .73064068E+00
  -.64000000E+00  .71486363E+00
  -.61000000E+00  .69893607E+00
  -.58000000E+00  .68285428E+00
  -.55000000E+00  .66661441E+00
  -.52000000E+00  .65021252E+00
  -.49000000E+00  .63364453E+00
  -.46000000E+00  .61690625E+00
  -.43000000E+00  .59999336E+00
  -.40000000E+00  .58290141E+00
  -.37000000E+00  .56562580E+00
  -.34000000E+00  .54816178E+00
  -.31000000E+00  .53050446E+00
  -.28000000E+00  .51264879E+00
  -.25000000E+00  .49458954E+00
  -.22000000E+00  .47632130E+00
  -.19000000E+00  .45783849E+00
  -.16000000E+00  .43913532E+00
  -.13000000E+00  .42020582E+00
  -.10000000E+00  .40104378E+00
  -.70000000E-01  .38164278E+00
  -.40000000E-01  .36199616E+00
  -.10000000E-01  .34209704E+00
   .20000000E-01  .32193824E+00
   .50000000E-01  .30151234E+00
   .80000000E-01  .28081162E+00
   .11000000E+00  .25982808E+00
   .14000000E+00  .23855338E+00
   .17000000E+00  .21697886E+00
   .20000000E+00  .19509553E+00
   .23000000E+00  .17289400E+00
   .26000000E+00  .15036453E+00
   .29000000E+00  .12749696E+00
   .32000000E+00  .10428068E+00
   .35000000E+00  .80704675E-01
   .38000000E+00  .56757412E-01
   .41000000E+00  .32426874E-01
   .44000000E+00  .77005140E-02
   .47000000E+00 -.17434783E-01
   .50000000E+00 -.42992720E-01
   .53000000E+00 -.68987632E-01
   .56000000E+00 -.95434518E-01
   .59000000E+00 -.12234908E+00
   .62000000E+00 -.14974777E+00
   .65000000E+00 -.17764783E+00
   .68000000E+00 -.20606735E+00
   .71000000E+00 -.23502531E+00
   .74000000E+00 -.26454163E+00
   .77000000E+00 -.29463727E+00
   .80000000E+00 -.32533424E+00
   .83000000E+00 -.35665572E+00
   .86000000E+00 -.38862610E+00
   .89000000E+00 -.42127108E+00
   .92000000E+00 -.45461778E+00
   .95000000E+00 -.48869477E+00
   .98000000E+00 -.52353226E+00
   .10100000E+01 -.55916216E+00
   .10400000E+01 -.59561822E+00
   .10700000E+01 -.63293616E+00
   .11000000E+01 -.67115381E+00
   .11300000E+01 -.71031131E+00
   .11600000E+01 -.75045122E+00
   .11900000E+01 -.79161878E+00
   .12200000E+01 -.83386206E+00
   .12500000E+01 -.87723224E+00
   .12800000E+01 -.92178382E+00
   .13100000E+01 -.96757494E+00
   .13400000E+01 -.10146676E+01
   .13700000E+01 -.10631282E+01
   .14000000E+01 -.11130277E+01
   .14300000E+01 -.11644420E+01
   .14600000E+01 -.12174526E+01
   .14900000E+01 -.12721472E+01
   .15200000E+01 -.13286197E+01
   .15500000E+01 -.13869715E+01
   .15800000E+01 -.14473118E+01
   .16100000E+01 -.15097587E+01
   .16400000E+01 -.15744396E+01
   .16700000E+01 -.16414927E+01
   .17000000E+01 -.17110678E+01
   .17300000E+01 -.17833280E+01
   .17600000E+01 -.18584503E+01
   .17900000E+01 -.19366283E+01
   .18200000E+01 -.20180733E+01
   .18500000E+01 -.21030167E+01
   .18800000E+01 -.21917123E+01
   .19100000E+01 -.22844394E+01
   .19400000E+01 -.23815058E+01
   .19700000E+01 -.24832517E+01
   .20000000E+01 -.25900539E+01
Potential  L  =        1.00000  -3.69800
  -.40000000E+01  .11232568E+01
  -.39700000E+01  .10478109E+01
  -.39400000E+01  .95989704E+00
  -.39100000E+01  .85575494E+00
  -.38800000E+01  .72994024E+00
  -.38500000E+01  .57426026E+00
  -.38200000E+01  .37579370E+00
  -.37900000E+01  .11289925E+00
  -.37600000E+01 -.25363101E+00
  -.37300000E+01 -.80293559E+00
  -.37000000E+01 -.17222748E+01
  -.36700000E+01 -.35874846E+01
  -.36400000E+01 -.94573181E+01
  -.36100000E+01  .14677464E+03
  -.35800000E+01  .11603096E+02
  -.35500000E+01  .68779270E+01
  -.35200000E+01  .52235790E+01
  -.34900000E+01  .43778183E+01
  -.34600000E+01  .38623928E+01
  -.34300000E+01  .35140869E+01
  -.34000000E+01  .32619974E+01
  -.33700000E+01  .30703547E+01
  -.33400000E+01  .29191601E+01
  -.33100000E+01  .27963567E+01
  -.32800000E+01  .26942431E+01
  -.32500000E+01  .26076698E+01
  -.32200000E+01  .25330625E+01
  -.31900000E+01  .24678632E+01
  -.31600000E+01  .24101912E+01
  -.31300000E+01  .23586390E+01
  -.31000000E+01  .23121205E+01
  -.30700000E+01  .22697943E+01
  -.30400000E+01  .22309976E+01
  -.30100000E+01  .21951963E+01
  -.29800000E+01  .21619586E+01
  -.29500000E+01  .21309309E+01
  -.29200000E+01  .21018207E+01
  -.28900000E+01  .20743842E+01
  -.28600000E+01  .20484163E+01
  -.28300000E+01  .20237434E+01
  -.28000000E+01  .20002173E+01
  -.27700000E+01  .19777110E+01
  -.27400000E+01  .19561150E+01
  -.27100000E+01  .19353340E+01
  -.26800000E+01  .19152852E+01
  -.26500000E+01  .18958959E+01
  -.26200000E+01  .18771020E+01
  -.25900000E+01  .18588473E+01
  -.25600000E+01  .18410814E+01
  -.25300000E+01  .18237599E+01
  -.25000000E+01  .18068428E+01
  -.24700000E+01  .17902943E+01
  -.24400000E+01  .17740824E+01
  -.24100000E+01  .17581780E+01
  -.23800000E+01  .17425549E+01
  -.23500000E+01  .17271892E+01
  -.23200000E+01  .17120593E+01
  -.22900000E+01  .16971455E+01
  -.22600000E+01  .16824296E+01
  -.22300000E+01  .16678952E+01
  -.22000000E+01  .16535269E+01
  -.21700000E+01  .16393108E+01
  -.21400000E+01  .16252338E+01
  -.21100000E+01  .16112842E+01
  -.20800000E+01  .15974506E+01
  -.20500000E+01  .15837230E+01
  -.20200000E+01  .15700915E+01
  -.19900000E+01  .15565473E+01
  -.19600000E+01  .15430821E+01
  -.19300000E+01  .15296879E+01
  -.19000000E+01  .15163574E+01
  -.18700000E+01  .15030837E+01
  -.18400000E+01  .14898603E+01
  -.18100000E+01  .14766810E+01
  -.17800000E+01  .14635400E+01
  -.17500000E+01  .14504318E+01
  -.17200000E+01  .14373511E+01
  -.16900000E+01  .14242929E+01
  -.16600000E+01  .14112526E+01
  -.16300000E+01  .13982255E+01
  -.16000000E+01  .13852073E+01
  -.15700000E+01  .13721939E+01
  -.15400000E+01  .13591813E+01
  -.15100000E+01  .13461656E+01
  -.14800000E+01  .13331430E+01
  -.14500000E+01  .13201101E+01
  -.14200000E+01  .13070634E+01
  -.13900000E+01  .12939994E+01
  -.13600000E+01  .12809149E+01
  -.13300000E+01  .12678068E+01
  -.13000000E+01  .12546719E+01
  -.12700000E+01  .12415072E+01
  -.12400000E+01  .12283097E+01
  -.12100000E+01  .12150766E+01
  -.11800000E+01  .12018049E+01
  -.11500000E+01  .11884919E+01
  -.11200000E+01  .11751347E+01
  -.10900000E+01  .11617306E+01
  -.10600000E+01  .11482770E+01
  -.10300000E+01  .11347711E+01
  -.10000000E+01  .11212103E+01
  -.97000000E+00  .11075919E+01
  -.94000000E+00  .10939133E+01
  -.91000000E+00  .10801718E+01
  -.88000000E+00  .10663648E+01
  -.85000000E+00  .10524897E+01
  -.82000000E+00  .10385438E+01
  -.79000000E+00  .10245246E+01
  -.76000000E+00  .10104293E+01
  -.73000000E+00  .99625532E+00
  -.70000000E+00  .98199993E+00
  -.67000000E+00  .96766044E+00
  -.64000000E+00  .95323410E+00
  -.61000000E+00  .93871817E+00
  -.58000000E+00  .92410984E+00
  -.55000000E+00  .90940629E+00
  -.52000000E+00  .89460466E+00
  -.49000000E+00  .87970203E+00
  -.46000000E+00  .86469544E+00
  -.43000000E+00  .84958191E+00
  -.40000000E+00  .83435836E+00
  -.37000000E+00  .81902170E+00
  -.34000000E+00  .80356874E+00
  -.31000000E+00  .78799626E+00
  -.28000000E+00  .77230094E+00
  -.25000000E+00  .75647943E+00
  -.22000000E+00  .74052827E+00
  -.19000000E+00  .72444392E+00
  -.16000000E+00  .70822279E+00
  -.13000000E+00  .69186117E+00
  -.10000000E+00  .67535527E+00
  -.70000000E-01  .65870120E+00
  -.40000000E-01  .64189496E+00
  -.10000000E-01  .62493245E+00
   .20000000E-01  .60780947E+00
   .50000000E-01  .59052167E+00
   .80000000E-01  .57306461E+00
   .11000000E+00  .55543369E+00
   .14000000E+00  .53762420E+00
   .17000000E+00  .51963125E+00
   .20000000E+00  .50144984E+00
   .23000000E+00  .48307479E+00
   .26000000E+00  .46450075E+00
   .29000000E+00  .44572222E+00
   .32000000E+00  .42673349E+00
   .35000000E+00  .40752863E+00
   .38000000E+00  .38810163E+00
   .41000000E+00  .36844616E+00
   .44000000E+00  .34855575E+00
   .47000000E+00  .32842354E+00
   .50000000E+00  .30804260E+00
   .53000000E+00  .28740568E+00
   .56000000E+00  .26650524E+00
   .59000000E+00  .24533351E+00
   .62000000E+00  .22388237E+00
   .65000000E+00  .20214343E+00
   .68000000E+00  .18010795E+00
   .71000000E+00  .15776684E+00
   .74000000E+00  .13511067E+00
   .77000000E+00  .11212961E+00
   .80000000E+00  .88813430E-01
   .83000000E+00  .65151473E-01
   .86000000E+00  .41132621E-01
   .89000000E+00  .16745322E-01
   .92000000E+00 -.80224946E-02
   .95000000E+00 -.33183460E-01
   .98000000E+00 -.58750714E-01
   .10100000E+01 -.84738027E-01
   .10400000E+01 -.11115977E+00
   .10700000E+01 -.13803100E+00
   .11000000E+01 -.16536744E+00
   .11300000E+01 -.19318559E+00
   .11600000E+01 -.22150271E+00
   .11900000E+01 -.25033693E+00
   .12200000E+01 -.27970725E+00
   .12500000E+01 -.30963362E+00
   .12800000E+01 -.34013702E+00
   .13100000E+01 -.37123945E+00
   .13400000E+01 -.40296410E+00
   .13700000E+01 -.43533537E+00
   .14000000E+01 -.46837895E+00
   .14300000E+01 -.50212194E+00
   .14600000E+01 -.53659292E+00
   .14900000E+01 -.57182205E+00
   .15200000E+01 -.60784121E+00
   .15500000E+01 -.64468410E+00
   .15800000E+01 -.68238639E+00
   .16100000E+01 -.72098586E+00
   .16400000E+01 -.76052256E+00
   .16700000E+01 -.80103897E+00
   .17000000E+01 -.84258022E+00
   .17300000E+01 -.88519427E+00
   .17600000E+01 -.92893215E+00
   .17900000E+01 -.97384822E+00
   .18200000E+01 -.10200004E+01
   .18500000E+01 -.10674506E+01
   .18800000E+01 -.11162649E+01
   .19100000E+01 -.11665140E+01
   .19400000E+01 -.12182735E+01
   .19700000E+01 -.12716247E+01
   .20000000E+01 -.13266547E+01
Core Pot   L  =        2.00000   -.26585
  -.40000000E+01  .20234723E+01
  -.39700000E+01  .20159656E+01
  -.39400000E+01  .20084288E+01
  -.39100000E+01  .20008616E+01
  -.38800000E+01  .19932635E+01
  -.38500000E+01  .19856341E+01
  -.38200000E+01  .19779730E+01
  -.37900000E+01  .19702797E+01
  -.37600000E+01  .19625538E+01
  -.37300000E+01  .19547949E+01
  -.37000000E+01  .19470024E+01
  -.36700000E+01  .19391758E+01
  -.36400000E+01  .19313148E+01
  -.36100000E+01  .19234186E+01
  -.35800000E+01  .19154869E+01
  -.35500000E+01  .19075191E+01
  -.35200000E+01  .18995146E+01
  -.34900000E+01  .18914729E+01
  -.34600000E+01  .18833934E+01
  -.34300000E+01  .18752754E+01
  -.34000000E+01  .18671184E+01
  -.33700000E+01  .18589216E+01
  -.33400000E+01  .18506846E+01
  -.33100000E+01  .18424065E+01
  -.32800000E+01  .18340867E+01
  -.32500000E+01  .18257244E+01
  -.32200000E+01  .18173190E+01
  -.31900000E+01  .18088696E+01
  -.31600000E+01  .18003755E+01
  -.31300000E+01  .17918358E+01
  -.31000000E+01  .17832498E+01
  -.30700000E+01  .17746165E+01
  -.30400000E+01  .17659350E+01
  -.30100000E+01  .17572045E+01
  -.29800000E+01  .17484240E+01
  -.29500000E+01  .17395924E+01
  -.29200000E+01  .17307087E+01
  -.28900000E+01  .17217720E+01
  -.28600000E+01  .17127810E+01
  -.28300000E+01  .17037346E+01
  -.28000000E+01  .16946317E+01
  -.27700000E+01  .16854710E+01
  -.27400000E+01  .16762513E+01
  -.27100000E+01  .16669712E+01
  -.26800000E+01  .16576293E+01
  -.26500000E+01  .16482243E+01
  -.26200000E+01  .16387545E+01
  -.25900000E+01  .16292185E+01
  -.25600000E+01  .16196146E+01
  -.25300000E+01  .16099412E+01
  -.25000000E+01  .16001965E+01
  -.24700000E+01  .15903787E+01
  -.24400000E+01  .15804857E+01
  -.24100000E+01  .15705158E+01
  -.23800000E+01  .15604666E+01
  -.23500000E+01  .15503361E+01
  -.23200000E+01  .15401219E+01
  -.22900000E+01  .15298216E+01
  -.22600000E+01  .15194327E+01
  -.22300000E+01  .15089526E+01
  -.22000000E+01  .14983784E+01
  -.21700000E+01  .14877072E+01
  -.21400000E+01  .14769360E+01
  -.21100000E+01  .14660614E+01
  -.20800000E+01  .14550800E+01
  -.20500000E+01  .14439883E+01
  -.20200000E+01  .14327824E+01
  -.19900000E+01  .14214583E+01
  -.19600000E+01  .14100116E+01
  -.19300000E+01  .13984379E+01
  -.19000000E+01  .13867323E+01
  -.18700000E+01  .13748898E+01
  -.18400000E+01  .13629049E+01
  -.18100000E+01  .13507718E+01
  -.17800000E+01  .13384844E+01
  -.17500000E+01  .13260362E+01
  -.17200000E+01  .13134201E+01
  -.16900000E+01  .13006286E+01
  -.16600000E+01  .12876537E+01
  -.16300000E+01  .12744869E+01
  -.16000000E+01  .12611188E+01
  -.15700000E+01  .12475394E+01
  -.15400000E+01  .12337382E+01
  -.15100000E+01  .12197035E+01
  -.14800000E+01  .12054229E+01
  -.14500000E+01  .11908827E+01
  -.14200000E+01  .11760684E+01
  -.13900000E+01  .11609640E+01
  -.13600000E+01  .11455520E+01
  -.13300000E+01  .11298136E+01
  -.13000000E+01  .11137280E+01
  -.12700000E+01  .10972725E+01
  -.12400000E+01  .10804222E+01
  -.12100000E+01  .10631495E+01
  -.11800000E+01  .10454241E+01
  -.11500000E+01  .10272125E+01
  -.11200000E+01  .10084773E+01
  -.10900000E+01  .98917698E+00
  -.10600000E+01  .96926522E+00
  -.10300000E+01  .94869002E+00
  -.10000000E+01  .92739293E+00
  -.97000000E+00  .90530798E+00
  -.94000000E+00  .88236039E+00
  -.91000000E+00  .85846508E+00
  -.88000000E+00  .83352479E+00
  -.85000000E+00  .80742781E+00
  -.82000000E+00  .78004518E+00
  -.79000000E+00  .75122722E+00
  -.76000000E+00  .72079912E+00
  -.73000000E+00  .68855550E+00
  -.70000000E+00  .65425332E+00
  -.67000000E+00  .61760283E+00
  -.64000000E+00  .57825577E+00
  -.61000000E+00  .53578972E+00
  -.58000000E+00  .48968725E+00
  -.55000000E+00  .43930757E+00
  -.52000000E+00  .38384736E+00
  -.49000000E+00  .32228556E+00
  -.46000000E+00  .25330445E+00
  -.43000000E+00  .17517317E+00
  -.40000000E+00  .85571738E-01
  -.37000000E+00 -.18682739E-01
  -.34000000E+00 -.14207875E+00
  -.31000000E+00 -.29115654E+00
  -.28000000E+00 -.47583204E+00
  -.25000000E+00 -.71189788E+00
  -.22000000E+00 -.10261349E+01
  -.19000000E+00 -.14678821E+01
  -.16000000E+00 -.21391261E+01
  -.13000000E+00 -.32902738E+01
  -.10000000E+00 -.57445653E+01
  -.70000000E-01 -.14724379E+02
  -.40000000E-01  .47622485E+02
  -.10000000E-01  .10310808E+02
   .20000000E-01  .61326621E+01
   .50000000E-01  .45168527E+01
   .80000000E-01  .36552262E+01
   .11000000E+00  .31168872E+01
   .14000000E+00  .27466479E+01
   .17000000E+00  .24749234E+01
   .20000000E+00  .22658602E+01
   .23000000E+00  .20991056E+01
   .26000000E+00  .19622478E+01
   .29000000E+00  .18472866E+01
   .32000000E+00  .17488335E+01
   .35000000E+00  .16631257E+01
   .38000000E+00  .15874559E+01
   .41000000E+00  .15198264E+01
   .44000000E+00  .14587305E+01
   .47000000E+00  .14030106E+01
   .50000000E+00  .13517620E+01
   .53000000E+00  .13042676E+01
   .56000000E+00  .12599513E+01
   .59000000E+00  .12183452E+01
   .62000000E+00  .11790647E+01
   .65000000E+00  .11417912E+01
   .68000000E+00  .11062579E+01
   .71000000E+00  .10722399E+01
   .74000000E+00  .10395461E+01
   .77000000E+00  .10080130E+01
   .80000000E+00  .97749960E+00
   .83000000E+00  .94788394E+00
   .86000000E+00  .91905956E+00
   .89000000E+00  .89093318E+00
   .92000000E+00  .86342260E+00
   .95000000E+00  .83645502E+00
   .98000000E+00  .80996566E+00
   .10100000E+01  .78389657E+00
   .10400000E+01  .75819573E+00
   .10700000E+01  .73281615E+00
   .11000000E+01  .70771529E+00
   .11300000E+01  .68285437E+00
   .11600000E+01  .65819797E+00
   .11900000E+01  .63371356E+00
   .12200000E+01  .60937114E+00
   .12500000E+01  .58514292E+00
   .12800000E+01  .56100306E+00
   .13100000E+01  .53692742E+00
   .13400000E+01  .51289337E+00
   .13700000E+01  .48887959E+00
   .14000000E+01  .46486590E+00
   .14300000E+01  .44083313E+00
   .14600000E+01  .41676301E+00
   .14900000E+01  .39263799E+00
   .15200000E+01  .36844125E+00
   .15500000E+01  .34415648E+00
   .15800000E+01  .31976789E+00
   .16100000E+01  .29526007E+00
   .16400000E+01  .27061798E+00
   .16700000E+01  .24582683E+00
   .17000000E+01  .22087207E+00
   .17300000E+01  .19573927E+00
   .17600000E+01  .17041413E+00
   .17900000E+01  .14488240E+00
   .18200000E+01  .11912983E+00
   .18500000E+01  .93142128E-01
   .18800000E+01  .66904925E-01
   .19100000E+01  .40403721E-01
   .19400000E+01  .13623843E-01
   .19700000E+01 -.13449591E-01
   .20000000E+01 -.40831718E-01
Potential  L  =        2.00000   -.26585
  -.40000000E+01  .19534967E+01
  -.39700000E+01  .19451450E+01
  -.39400000E+01  .19367488E+01
  -.39100000E+01  .19283075E+01
  -.38800000E+01  .19198203E+01
  -.38500000E+01  .19112865E+01
  -.38200000E+01  .19027054E+01
  -.37900000E+01  .18940761E+01
  -.37600000E+01  .18853978E+01
  -.37300000E+01  .18766696E+01
  -.37000000E+01  .18678908E+01
  -.36700000E+01  .18590605E+01
  -.36400000E+01  .18501777E+01
  -.36100000E+01  .18412415E+01
  -.35800000E+01  .18322509E+01
  -.35500000E+01  .18232051E+01
  -.35200000E+01  .18141029E+01
  -.34900000E+01  .18049434E+01
  -.34600000E+01  .17957254E+01
  -.34300000E+01  .17864479E+01
  -.34000000E+01  .17771097E+01
  -.33700000E+01  .17677098E+01
  -.33400000E+01  .17582468E+01
  -.33100000E+01  .17487196E+01
  -.32800000E+01  .17391269E+01
  -.32500000E+01  .17294675E+01
  -.32200000E+01  .17197398E+01
  -.31900000E+01  .17099426E+01
  -.31600000E+01  .17000745E+01
  -.31300000E+01  .16901339E+01
  -.31000000E+01  .16801194E+01
  -.30700000E+01  .16700294E+01
  -.30400000E+01  .16598622E+01
  -.30100000E+01  .16496162E+01
  -.29800000E+01  .16392897E+01
  -.29500000E+01  .16288808E+01
  -.29200000E+01  .16183878E+01
  -.28900000E+01  .16078087E+01
  -.28600000E+01  .15971416E+01
  -.28300000E+01  .15863844E+01
  -.28000000E+01  .15755351E+01
  -.27700000E+01  .15645913E+01
  -.27400000E+01  .15535510E+01
  -.27100000E+01  .15424117E+01
  -.26800000E+01  .15311711E+01
  -.26500000E+01  .15198265E+01
  -.26200000E+01  .15083754E+01
  -.25900000E+01  .14968152E+01
  -.25600000E+01  .14851429E+01
  -.25300000E+01  .14733558E+01
  -.25000000E+01  .14614507E+01
  -.24700000E+01  .14494245E+01
  -.24400000E+01  .14372740E+01
  -.24100000E+01  .14249958E+01
  -.23800000E+01  .14125864E+01
  -.23500000E+01  .14000420E+01
  -.23200000E+01  .13873589E+01
  -.22900000E+01  .13745331E+01
  -.22600000E+01  .13615604E+01
  -.22300000E+01  .13484365E+01
  -.22000000E+01  .13351569E+01
  -.21700000E+01  .13217169E+01
  -.21400000E+01  .13081117E+01
  -.21100000E+01  .12943360E+01
  -.20800000E+01  .12803845E+01
  -.20500000E+01  .12662516E+01
  -.20200000E+01  .12519314E+01
  -.19900000E+01  .12374179E+01
  -.19600000E+01  .12227045E+01
  -.19300000E+01  .12077846E+01
  -.19000000E+01  .11926511E+01
  -.18700000E+01  .11772965E+01
  -.18400000E+01  .11617132E+01
  -.18100000E+01  .11458929E+01
  -.17800000E+01  .11298271E+01
  -.17500000E+01  .11135067E+01
  -.17200000E+01  .10969222E+01
  -.16900000E+01  .10800637E+01
  -.16600000E+01  .10629205E+01
  -.16300000E+01  .10454815E+01
  -.16000000E+01  .10277351E+01
  -.15700000E+01  .10096687E+01
  -.15400000E+01  .99126927E+00
  -.15100000E+01  .97252293E+00
  -.14800000E+01  .95341498E+00
  -.14500000E+01  .93392983E+00
  -.14200000E+01  .91405094E+00
  -.13900000E+01  .89376079E+00
  -.13600000E+01  .87304069E+00
  -.13300000E+01  .85187081E+00
  -.13000000E+01  .83023001E+00
  -.12700000E+01  .80809577E+00
  -.12400000E+01  .78544406E+00
  -.12100000E+01  .76224916E+00
  -.11800000E+01  .73848363E+00
  -.11500000E+01  .71411803E+00
  -.11200000E+01  .68912085E+00
  -.10900000E+01  .66345821E+00
  -.10600000E+01  .63709372E+00
  -.10300000E+01  .60998823E+00
  -.10000000E+01  .58209952E+00
  -.97000000E+00  .55338201E+00
  -.94000000E+00  .52378645E+00
  -.91000000E+00  .49325942E+00
  -.88000000E+00  .46174323E+00
  -.85000000E+00  .42917496E+00
  -.82000000E+00  .39548622E+00
  -.79000000E+00  .36060244E+00
  -.76000000E+00  .32444217E+00
  -.73000000E+00  .28691632E+00
  -.70000000E+00  .24792691E+00
  -.67000000E+00  .20736654E+00
  -.64000000E+00  .16511668E+00
  -.61000000E+00  .12104648E+00
  -.58000000E+00  .75010976E-01
  -.55000000E+00  .26849234E-01
  -.52000000E+00 -.23617969E-01
  -.49000000E+00 -.76590808E-01
  -.46000000E+00 -.13229357E+00
  -.43000000E+00 -.19097838E+00
  -.40000000E+00 -.25292971E+00
  -.37000000E+00 -.31846970E+00
  -.34000000E+00 -.38796462E+00
  -.31000000E+00 -.46183270E+00
  -.28000000E+00 -.54055371E+00
  -.25000000E+00 -.62468069E+00
  -.22000000E+00 -.71485451E+00
  -.19000000E+00 -.81182203E+00
  -.16000000E+00 -.91645900E+00
  -.13000000E+00 -.10297990E+01
  -.10000000E+00 -.11530710E+01
  -.70000000E-01 -.12877473E+01
  -.40000000E-01 -.14356075E+01
  -.10000000E-01 -.15988227E+01
   .20000000E-01 -.17800694E+01
   .50000000E-01 -.19826862E+01
   .80000000E-01 -.22108913E+01
   .11000000E+00 -.24700934E+01
   .14000000E+00 -.27673430E+01
   .17000000E+00 -.31120066E+01
   .20000000E+00 -.35168033E+01
   .23000000E+00 -.39994520E+01
   .26000000E+00 -.45853955E+01
   .29000000E+00 -.53125248E+01
   .32000000E+00 -.62398532E+01
   .35000000E+00 -.74646167E+01
   .38000000E+00 -.91592014E+01
   .41000000E+00 -.11661130E+02
   .44000000E+00 -.15733071E+02
   .47000000E+00 -.23539925E+02
   .50000000E+00 -.44612780E+02
   .53000000E+00 -.30560810E+03
   .56000000E+00  .66540326E+02
   .59000000E+00  .30713419E+02
   .62000000E+00  .20249294E+02
   .65000000E+00  .15252490E+02
   .68000000E+00  .12323197E+02
   .71000000E+00  .10396474E+02
   .74000000E+00  .90315742E+01
   .77000000E+00  .80130701E+01
   .80000000E+00  .72231841E+01
   .83000000E+00  .65920917E+01
   .86000000E+00  .60757707E+01
   .89000000E+00  .56450908E+01
   .92000000E+00  .52800071E+01
   .95000000E+00  .49662744E+01
   .98000000E+00  .46934919E+01
   .10100000E+01  .44538876E+01
   .10400000E+01  .42415378E+01
   .10700000E+01  .40518445E+01
   .11000000E+01  .38811901E+01
   .11300000E+01  .37266860E+01
   .11600000E+01  .35859980E+01
   .11900000E+01  .34572200E+01
   .12200000E+01  .33387793E+01
   .12500000E+01  .32293678E+01
   .12800000E+01  .31278875E+01
   .13100000E+01  .30334107E+01
   .13400000E+01  .29451478E+01
   .13700000E+01  .28624227E+01
   .14000000E+01  .27846531E+01
   .14300000E+01  .27113344E+01
   .14600000E+01  .26420278E+01
   .14900000E+01  .25763492E+01
   .15200000E+01  .25139615E+01
   .15500000E+01  .24545672E+01
   .15800000E+01  .23979030E+01
   .16100000E+01  .23437347E+01
   .16400000E+01  .22918537E+01
   .16700000E+01  .22420733E+01
   .17000000E+01  .21942259E+01
   .17300000E+01  .21481607E+01
   .17600000E+01  .21037415E+01
   .17900000E+01  .20608451E+01
   .18200000E+01  .20193598E+01
   .18500000E+01  .19791839E+01
   .18800000E+01  .19402248E+01
   .19100000E+01  .19023977E+01
   .19400000E+01  .18656252E+01
   .19700000E+01  .18298362E+01
   .20000000E+01  .17949651E+01
Core Pot   L  =        3.00000    .00000
  -.40000000E+01  .22977558E+01
  -.39700000E+01  .22913810E+01
  -.39400000E+01  .22849898E+01
  -.39100000E+01  .22785820E+01
  -.38800000E+01  .22721576E+01
  -.38500000E+01  .22657165E+01
  -.38200000E+01  .22592585E+01
  -.37900000E+01  .22527835E+01
  -.37600000E+01  .22462914E+01
  -.37300000E+01  .22397820E+01
  -.37000000E+01  .22332552E+01
  -.36700000E+01  .22267109E+01
  -.36400000E+01  .22201490E+01
  -.36100000E+01  .22135692E+01
  -.35800000E+01  .22069716E+01
  -.35500000E+01  .22003559E+01
  -.35200000E+01  .21937220E+01
  -.34900000E+01  .21870697E+01
  -.34600000E+01  .21803990E+01
  -.34300000E+01  .21737096E+01
  -.34000000E+01  .21670015E+01
  -.33700000E+01  .21602745E+01
  -.33400000E+01  .21535284E+01
  -.33100000E+01  .21467630E+01
  -.32800000E+01  .21399783E+01
  -.32500000E+01  .21331741E+01
  -.32200000E+01  .21263501E+01
  -.31900000E+01  .21195063E+01
  -.31600000E+01  .21126426E+01
  -.31300000E+01  .21057586E+01
  -.31000000E+01  .20988543E+01
  -.30700000E+01  .20919295E+01
  -.30400000E+01  .20849840E+01
  -.30100000E+01  .20780176E+01
  -.29800000E+01  .20710303E+01
  -.29500000E+01  .20640217E+01
  -.29200000E+01  .20569918E+01
  -.28900000E+01  .20499402E+01
  -.28600000E+01  .20428670E+01
  -.28300000E+01  .20357718E+01
  -.28000000E+01  .20286545E+01
  -.27700000E+01  .20215148E+01
  -.27400000E+01  .20143527E+01
  -.27100000E+01  .20071678E+01
  -.26800000E+01  .19999601E+01
  -.26500000E+01  .19927292E+01
  -.26200000E+01  .19854750E+01
  -.25900000E+01  .19781973E+01
  -.25600000E+01  .19708959E+01
  -.25300000E+01  .19635705E+01
  -.25000000E+01  .19562209E+01
  -.24700000E+01  .19488470E+01
  -.24400000E+01  .19414484E+01
  -.24100000E+01  .19340250E+01
  -.23800000E+01  .19265766E+01
  -.23500000E+01  .19191028E+01
  -.23200000E+01  .19116036E+01
  -.22900000E+01  .19040785E+01
  -.22600000E+01  .18965274E+01
  -.22300000E+01  .18889501E+01
  -.22000000E+01  .18813462E+01
  -.21700000E+01  .18737156E+01
  -.21400000E+01  .18660580E+01
  -.21100000E+01  .18583730E+01
  -.20800000E+01  .18506605E+01
  -.20500000E+01  .18429202E+01
  -.20200000E+01  .18351518E+01
  -.19900000E+01  .18273550E+01
  -.19600000E+01  .18195295E+01
  -.19300000E+01  .18116751E+01
  -.19000000E+01  .18037914E+01
  -.18700000E+01  .17958782E+01
  -.18400000E+01  .17879352E+01
  -.18100000E+01  .17799620E+01
  -.17800000E+01  .17719584E+01
  -.17500000E+01  .17639240E+01
  -.17200000E+01  .17558585E+01
  -.16900000E+01  .17477616E+01
  -.16600000E+01  .17396330E+01
  -.16300000E+01  .17314722E+01
  -.16000000E+01  .17232791E+01
  -.15700000E+01  .17150532E+01
  -.15400000E+01  .17067941E+01
  -.15100000E+01  .16985016E+01
  -.14800000E+01  .16901752E+01
  -.14500000E+01  .16818146E+01
  -.14200000E+01  .16734194E+01
  -.13900000E+01  .16649892E+01
  -.13600000E+01  .16565237E+01
  -.13300000E+01  .16480223E+01
  -.13000000E+01  .16394848E+01
  -.12700000E+01  .16309108E+01
  -.12400000E+01  .16222997E+01
  -.12100000E+01  .16136512E+01
  -.11800000E+01  .16049648E+01
  -.11500000E+01  .15962402E+01
  -.11200000E+01  .15874768E+01
  -.10900000E+01  .15786742E+01
  -.10600000E+01  .15698319E+01
  -.10300000E+01  .15609495E+01
  -.10000000E+01  .15520264E+01
  -.97000000E+00  .15430622E+01
  -.94000000E+00  .15340565E+01
  -.91000000E+00  .15250086E+01
  -.88000000E+00  .15159180E+01
  -.85000000E+00  .15067843E+01
  -.82000000E+00  .14976069E+01
  -.79000000E+00  .14883852E+01
  -.76000000E+00  .14791187E+01
  -.73000000E+00  .14698068E+01
  -.70000000E+00  .14604490E+01
  -.67000000E+00  .14510446E+01
  -.64000000E+00  .14415930E+01
  -.61000000E+00  .14320937E+01
  -.58000000E+00  .14225459E+01
  -.55000000E+00  .14129491E+01
  -.52000000E+00  .14033027E+01
  -.49000000E+00  .13936058E+01
  -.46000000E+00  .13838579E+01
  -.43000000E+00  .13740583E+01
  -.40000000E+00  .13642063E+01
  -.37000000E+00  .13543010E+01
  -.34000000E+00  .13443419E+01
  -.31000000E+00  .13343281E+01
  -.28000000E+00  .13242589E+01
  -.25000000E+00  .13141335E+01
  -.22000000E+00  .13039511E+01
  -.19000000E+00  .12937109E+01
  -.16000000E+00  .12834120E+01
  -.13000000E+00  .12730536E+01
  -.10000000E+00  .12626348E+01
  -.70000000E-01  .12521547E+01
  -.40000000E-01  .12416124E+01
  -.10000000E-01  .12310070E+01
   .20000000E-01  .12203375E+01
   .50000000E-01  .12096030E+01
   .80000000E-01  .11988024E+01
   .11000000E+00  .11879348E+01
   .14000000E+00  .11769990E+01
   .17000000E+00  .11659941E+01
   .20000000E+00  .11549189E+01
   .23000000E+00  .11437723E+01
   .26000000E+00  .11325532E+01
   .29000000E+00  .11212604E+01
   .32000000E+00  .11098927E+01
   .35000000E+00  .10984488E+01
   .38000000E+00  .10869276E+01
   .41000000E+00  .10753276E+01
   .44000000E+00  .10636477E+01
   .47000000E+00  .10518864E+01
   .50000000E+00  .10400424E+01
   .53000000E+00  .10281142E+01
   .56000000E+00  .10161004E+01
   .59000000E+00  .10039995E+01
   .62000000E+00  .99180993E+00
   .65000000E+00  .97953012E+00
   .68000000E+00  .96715847E+00
   .71000000E+00  .95469331E+00
   .74000000E+00  .94213295E+00
   .77000000E+00  .92947564E+00
   .80000000E+00  .91671957E+00
   .83000000E+00  .90386291E+00
   .86000000E+00  .89090377E+00
   .89000000E+00  .87784019E+00
   .92000000E+00  .86467018E+00
   .95000000E+00  .85139167E+00
   .98000000E+00  .83800256E+00
   .10100000E+01  .82450067E+00
   .10400000E+01  .81088376E+00
   .10700000E+01  .79714952E+00
   .11000000E+01  .78329560E+00
   .11300000E+01  .76931954E+00
   .11600000E+01  .75521885E+00
   .11900000E+01  .74099092E+00
   .12200000E+01  .72663310E+00
   .12500000E+01  .71214265E+00
   .12800000E+01  .69751673E+00
   .13100000E+01  .68275242E+00
   .13400000E+01  .66784672E+00
   .13700000E+01  .65279652E+00
   .14000000E+01  .63759863E+00
   .14300000E+01  .62224974E+00
   .14600000E+01  .60674644E+00
   .14900000E+01  .59108521E+00
   .15200000E+01  .57526242E+00
   .15500000E+01  .55927430E+00
   .15800000E+01  .54311697E+00
   .16100000E+01  .52678642E+00
   .16400000E+01  .51027850E+00
   .16700000E+01  .49358891E+00
   .17000000E+01  .47671322E+00
   .17300000E+01  .45964682E+00
   .17600000E+01  .44238495E+00
   .17900000E+01  .42492268E+00
   .18200000E+01  .40725490E+00
   .18500000E+01  .38937632E+00
   .18800000E+01  .37128144E+00
   .19100000E+01  .35296458E+00
   .19400000E+01  .33441983E+00
   .19700000E+01  .31564105E+00
   .20000000E+01  .29662188E+00
Potential  L  =        3.00000    .00000
  -.40000000E+01  .22987971E+01
  -.39700000E+01  .22924365E+01
  -.39400000E+01  .22860597E+01
  -.39100000E+01  .22796667E+01
  -.38800000E+01  .22732572E+01
  -.38500000E+01  .22668316E+01
  -.38200000E+01  .22603890E+01
  -.37900000E+01  .22539298E+01
  -.37600000E+01  .22474537E+01
  -.37300000E+01  .22409607E+01
  -.37000000E+01  .22344505E+01
  -.36700000E+01  .22279231E+01
  -.36400000E+01  .22213784E+01
  -.36100000E+01  .22148162E+01
  -.35800000E+01  .22082364E+01
  -.35500000E+01  .22016388E+01
  -.35200000E+01  .21950234E+01
  -.34900000E+01  .21883899E+01
  -.34600000E+01  .21817384E+01
  -.34300000E+01  .21750685E+01
  -.34000000E+01  .21683802E+01
  -.33700000E+01  .21616734E+01
  -.33400000E+01  .21549478E+01
  -.33100000E+01  .21482034E+01
  -.32800000E+01  .21414400E+01
  -.32500000E+01  .21346575E+01
  -.32200000E+01  .21278557E+01
  -.31900000E+01  .21210344E+01
  -.31600000E+01  .21141935E+01
  -.31300000E+01  .21073329E+01
  -.31000000E+01  .21004523E+01
  -.30700000E+01  .20935517E+01
  -.30400000E+01  .20866309E+01
  -.30100000E+01  .20796897E+01
  -.29800000E+01  .20727279E+01
  -.29500000E+01  .20657453E+01
  -.29200000E+01  .20587419E+01
  -.28900000E+01  .20517174E+01
  -.28600000E+01  .20446717E+01
  -.28300000E+01  .20376046E+01
  -.28000000E+01  .20305158E+01
  -.27700000E+01  .20234053E+01
  -.27400000E+01  .20162728E+01
  -.27100000E+01  .20091182E+01
  -.26800000E+01  .20019412E+01
  -.26500000E+01  .19947417E+01
  -.26200000E+01  .19875195E+01
  -.25900000E+01  .19802744E+01
  -.25600000E+01  .19730061E+01
  -.25300000E+01  .19657146E+01
  -.25000000E+01  .19583995E+01
  -.24700000E+01  .19510608E+01
  -.24400000E+01  .19436981E+01
  -.24100000E+01  .19363112E+01
  -.23800000E+01  .19289000E+01
  -.23500000E+01  .19214642E+01
  -.23200000E+01  .19140036E+01
  -.22900000E+01  .19065181E+01
  -.22600000E+01  .18990072E+01
  -.22300000E+01  .18914709E+01
  -.22000000E+01  .18839089E+01
  -.21700000E+01  .18763209E+01
  -.21400000E+01  .18687068E+01
  -.21100000E+01  .18610662E+01
  -.20800000E+01  .18533990E+01
  -.20500000E+01  .18457048E+01
  -.20200000E+01  .18379834E+01
  -.19900000E+01  .18302347E+01
  -.19600000E+01  .18224582E+01
  -.19300000E+01  .18146537E+01
  -.19000000E+01  .18068211E+01
  -.18700000E+01  .17989599E+01
  -.18400000E+01  .17910699E+01
  -.18100000E+01  .17831509E+01
  -.17800000E+01  .17752026E+01
  -.17500000E+01  .17672246E+01
  -.17200000E+01  .17592167E+01
  -.16900000E+01  .17511785E+01
  -.16600000E+01  .17431098E+01
  -.16300000E+01  .17350103E+01
  -.16000000E+01  .17268797E+01
  -.15700000E+01  .17187175E+01
  -.15400000E+01  .17105236E+01
  -.15100000E+01  .17022976E+01
  -.14800000E+01  .16940391E+01
  -.14500000E+01  .16857478E+01
  -.14200000E+01  .16774234E+01
  -.13900000E+01  .16690656E+01
  -.13600000E+01  .16606739E+01
  -.13300000E+01  .16522480E+01
  -.13000000E+01  .16437875E+01
  -.12700000E+01  .16352922E+01
  -.12400000E+01  .16267615E+01
  -.12100000E+01  .16181952E+01
  -.11800000E+01  .16095927E+01
  -.11500000E+01  .16009538E+01
  -.11200000E+01  .15922781E+01
  -.10900000E+01  .15835650E+01
  -.10600000E+01  .15748143E+01
  -.10300000E+01  .15660254E+01
  -.10000000E+01  .15571980E+01
  -.97000000E+00  .15483316E+01
  -.94000000E+00  .15394258E+01
  -.91000000E+00  .15304801E+01
  -.88000000E+00  .15214940E+01
  -.85000000E+00  .15124671E+01
  -.82000000E+00  .15033990E+01
  -.79000000E+00  .14942890E+01
  -.76000000E+00  .14851368E+01
  -.73000000E+00  .14759418E+01
  -.70000000E+00  .14667036E+01
  -.67000000E+00  .14574215E+01
  -.64000000E+00  .14480951E+01
  -.61000000E+00  .14387238E+01
  -.58000000E+00  .14293071E+01
  -.55000000E+00  .14198444E+01
  -.52000000E+00  .14103352E+01
  -.49000000E+00  .14007788E+01
  -.46000000E+00  .13911747E+01
  -.43000000E+00  .13815223E+01
  -.40000000E+00  .13718209E+01
  -.37000000E+00  .13620700E+01
  -.34000000E+00  .13522689E+01
  -.31000000E+00  .13424170E+01
  -.28000000E+00  .13325135E+01
  -.25000000E+00  .13225578E+01
  -.22000000E+00  .13125493E+01
  -.19000000E+00  .13024872E+01
  -.16000000E+00  .12923708E+01
  -.13000000E+00  .12821994E+01
  -.10000000E+00  .12719722E+01
  -.70000000E-01  .12616885E+01
  -.40000000E-01  .12513475E+01
  -.10000000E-01  .12409485E+01
   .20000000E-01  .12304905E+01
   .50000000E-01  .12199728E+01
   .80000000E-01  .12093946E+01
   .11000000E+00  .11987550E+01
   .14000000E+00  .11880531E+01
   .17000000E+00  .11772881E+01
   .20000000E+00  .11664589E+01
   .23000000E+00  .11555648E+01
   .26000000E+00  .11446047E+01
   .29000000E+00  .11335776E+01
   .32000000E+00  .11224826E+01
   .35000000E+00  .11113187E+01
   .38000000E+00  .11000848E+01
   .41000000E+00  .10887799E+01
   .44000000E+00  .10774029E+01
   .47000000E+00  .10659526E+01
   .50000000E+00  .10544280E+01
   .53000000E+00  .10428279E+01
   .56000000E+00  .10311511E+01
   .59000000E+00  .10193964E+01
   .62000000E+00  .10075625E+01
   .65000000E+00  .99564827E+00
   .68000000E+00  .98365231E+00
   .71000000E+00  .97157332E+00
   .74000000E+00  .95940995E+00
   .77000000E+00  .94716081E+00
   .80000000E+00  .93482446E+00
   .83000000E+00  .92239946E+00
   .86000000E+00  .90988430E+00
   .89000000E+00  .89727747E+00
   .92000000E+00  .88457739E+00
   .95000000E+00  .87178245E+00
   .98000000E+00  .85889102E+00
   .10100000E+01  .84590140E+00
   .10400000E+01  .83281186E+00
   .10700000E+01  .81962063E+00
   .11000000E+01  .80632588E+00
   .11300000E+01  .79292576E+00
   .11600000E+01  .77941835E+00
   .11900000E+01  .76580167E+00
   .12200000E+01  .75207372E+00
   .12500000E+01  .73823242E+00
   .12800000E+01  .72427564E+00
   .13100000E+01  .71020121E+00
   .13400000E+01  .69600688E+00
   .13700000E+01  .68169033E+00
   .14000000E+01  .66724921E+00
   .14300000E+01  .65268109E+00
   .14600000E+01  .63798345E+00
   .14900000E+01  .62315373E+00
   .15200000E+01  .60818927E+00
   .15500000E+01  .59308737E+00
   .15800000E+01  .57784521E+00
   .16100000E+01  .56245991E+00
   .16400000E+01  .54692838E+00
   .16700000E+01  .53124783E+00
   .17000000E+01  .51541497E+00
   .17300000E+01  .49942659E+00
   .17600000E+01  .48327932E+00
   .17900000E+01  .46696974E+00
   .18200000E+01  .45049429E+00
   .18500000E+01  .43384933E+00
   .18800000E+01  .41703109E+00
   .19100000E+01  .40003566E+00
   .19400000E+01  .38285905E+00
   .19700000E+01  .36549711E+00
   .20000000E+01  .34794557E+00
Core Pot   L  =        4.00000    .00000
  -.40000000E+01  .25990245E+01
  -.39700000E+01  .25934491E+01
  -.39400000E+01  .25878630E+01
  -.39100000E+01  .25822661E+01
  -.38800000E+01  .25766583E+01
  -.38500000E+01  .25710396E+01
  -.38200000E+01  .25654099E+01
  -.37900000E+01  .25597691E+01
  -.37600000E+01  .25541172E+01
  -.37300000E+01  .25484541E+01
  -.37000000E+01  .25427798E+01
  -.36700000E+01  .25370942E+01
  -.36400000E+01  .25313973E+01
  -.36100000E+01  .25256889E+01
  -.35800000E+01  .25199690E+01
  -.35500000E+01  .25142376E+01
  -.35200000E+01  .25084946E+01
  -.34900000E+01  .25027399E+01
  -.34600000E+01  .24969734E+01
  -.34300000E+01  .24911951E+01
  -.34000000E+01  .24854050E+01
  -.33700000E+01  .24796029E+01
  -.33400000E+01  .24737887E+01
  -.33100000E+01  .24679625E+01
  -.32800000E+01  .24621242E+01
  -.32500000E+01  .24562736E+01
  -.32200000E+01  .24504107E+01
  -.31900000E+01  .24445354E+01
  -.31600000E+01  .24386477E+01
  -.31300000E+01  .24327475E+01
  -.31000000E+01  .24268347E+01
  -.30700000E+01  .24209093E+01
  -.30400000E+01  .24149711E+01
  -.30100000E+01  .24090201E+01
  -.29800000E+01  .24030562E+01
  -.29500000E+01  .23970793E+01
  -.29200000E+01  .23910894E+01
  -.28900000E+01  .23850864E+01
  -.28600000E+01  .23790702E+01
  -.28300000E+01  .23730407E+01
  -.28000000E+01  .23669978E+01
  -.27700000E+01  .23609415E+01
  -.27400000E+01  .23548717E+01
  -.27100000E+01  .23487883E+01
  -.26800000E+01  .23426911E+01
  -.26500000E+01  .23365802E+01
  -.26200000E+01  .23304555E+01
  -.25900000E+01  .23243168E+01
  -.25600000E+01  .23181640E+01
  -.25300000E+01  .23119972E+01
  -.25000000E+01  .23058161E+01
  -.24700000E+01  .22996208E+01
  -.24400000E+01  .22934110E+01
  -.24100000E+01  .22871868E+01
  -.23800000E+01  .22809480E+01
  -.23500000E+01  .22746945E+01
  -.23200000E+01  .22684262E+01
  -.22900000E+01  .22621431E+01
  -.22600000E+01  .22558451E+01
  -.22300000E+01  .22495320E+01
  -.22000000E+01  .22432038E+01
  -.21700000E+01  .22368603E+01
  -.21400000E+01  .22305014E+01
  -.21100000E+01  .22241272E+01
  -.20800000E+01  .22177373E+01
  -.20500000E+01  .22113319E+01
  -.20200000E+01  .22049106E+01
  -.19900000E+01  .21984735E+01
  -.19600000E+01  .21920205E+01
  -.19300000E+01  .21855513E+01
  -.19000000E+01  .21790660E+01
  -.18700000E+01  .21725644E+01
  -.18400000E+01  .21660464E+01
  -.18100000E+01  .21595119E+01
  -.17800000E+01  .21529607E+01
  -.17500000E+01  .21463928E+01
  -.17200000E+01  .21398081E+01
  -.16900000E+01  .21332063E+01
  -.16600000E+01  .21265875E+01
  -.16300000E+01  .21199515E+01
  -.16000000E+01  .21132981E+01
  -.15700000E+01  .21066273E+01
  -.15400000E+01  .20999389E+01
  -.15100000E+01  .20932328E+01
  -.14800000E+01  .20865088E+01
  -.14500000E+01  .20797669E+01
  -.14200000E+01  .20730070E+01
  -.13900000E+01  .20662288E+01
  -.13600000E+01  .20594323E+01
  -.13300000E+01  .20526172E+01
  -.13000000E+01  .20457836E+01
  -.12700000E+01  .20389312E+01
  -.12400000E+01  .20320600E+01
  -.12100000E+01  .20251697E+01
  -.11800000E+01  .20182603E+01
  -.11500000E+01  .20113315E+01
  -.11200000E+01  .20043833E+01
  -.10900000E+01  .19974155E+01
  -.10600000E+01  .19904279E+01
  -.10300000E+01  .19834205E+01
  -.10000000E+01  .19763930E+01
  -.97000000E+00  .19693453E+01
  -.94000000E+00  .19622772E+01
  -.91000000E+00  .19551887E+01
  -.88000000E+00  .19480795E+01
  -.85000000E+00  .19409494E+01
  -.82000000E+00  .19337984E+01
  -.79000000E+00  .19266262E+01
  -.76000000E+00  .19194327E+01
  -.73000000E+00  .19122178E+01
  -.70000000E+00  .19049812E+01
  -.67000000E+00  .18977227E+01
  -.64000000E+00  .18904423E+01
  -.61000000E+00  .18831396E+01
  -.58000000E+00  .18758147E+01
  -.55000000E+00  .18684672E+01
  -.52000000E+00  .18610970E+01
  -.49000000E+00  .18537039E+01
  -.46000000E+00  .18462877E+01
  -.43000000E+00  .18388482E+01
  -.40000000E+00  .18313853E+01
  -.37000000E+00  .18238987E+01
  -.34000000E+00  .18163883E+01
  -.31000000E+00  .18088538E+01
  -.28000000E+00  .18012951E+01
  -.25000000E+00  .17937119E+01
  -.22000000E+00  .17861040E+01
  -.19000000E+00  .17784713E+01
  -.16000000E+00  .17708135E+01
  -.13000000E+00  .17631303E+01
  -.10000000E+00  .17554217E+01
  -.70000000E-01  .17476874E+01
  -.40000000E-01  .17399270E+01
  -.10000000E-01  .17321405E+01
   .20000000E-01  .17243276E+01
   .50000000E-01  .17164880E+01
   .80000000E-01  .17086216E+01
   .11000000E+00  .17007280E+01
   .14000000E+00  .16928071E+01
   .17000000E+00  .16848586E+01
   .20000000E+00  .16768822E+01
   .23000000E+00  .16688777E+01
   .26000000E+00  .16608449E+01
   .29000000E+00  .16527834E+01
   .32000000E+00  .16446931E+01
   .35000000E+00  .16365736E+01
   .38000000E+00  .16284247E+01
   .41000000E+00  .16202462E+01
   .44000000E+00  .16120376E+01
   .47000000E+00  .16037989E+01
   .50000000E+00  .15955296E+01
   .53000000E+00  .15872295E+01
   .56000000E+00  .15788983E+01
   .59000000E+00  .15705357E+01
   .62000000E+00  .15621414E+01
   .65000000E+00  .15537150E+01
   .68000000E+00  .15452564E+01
   .71000000E+00  .15367651E+01
   .74000000E+00  .15282409E+01
   .77000000E+00  .15196834E+01
   .80000000E+00  .15110923E+01
   .83000000E+00  .15024673E+01
   .86000000E+00  .14938080E+01
   .89000000E+00  .14851141E+01
   .92000000E+00  .14763852E+01
   .95000000E+00  .14676210E+01
   .98000000E+00  .14588211E+01
   .10100000E+01  .14499852E+01
   .10400000E+01  .14411129E+01
   .10700000E+01  .14322038E+01
   .11000000E+01  .14232576E+01
   .11300000E+01  .14142738E+01
   .11600000E+01  .14052520E+01
   .11900000E+01  .13961919E+01
   .12200000E+01  .13870931E+01
   .12500000E+01  .13779551E+01
   .12800000E+01  .13687775E+01
   .13100000E+01  .13595599E+01
   .13400000E+01  .13503019E+01
   .13700000E+01  .13410030E+01
   .14000000E+01  .13316628E+01
   .14300000E+01  .13222808E+01
   .14600000E+01  .13128566E+01
   .14900000E+01  .13033897E+01
   .15200000E+01  .12938797E+01
   .15500000E+01  .12843259E+01
   .15800000E+01  .12747281E+01
   .16100000E+01  .12650855E+01
   .16400000E+01  .12553979E+01
   .16700000E+01  .12456645E+01
   .17000000E+01  .12358850E+01
   .17300000E+01  .12260587E+01
   .17600000E+01  .12161852E+01
   .17900000E+01  .12062638E+01
   .18200000E+01  .11962941E+01
   .18500000E+01  .11862754E+01
   .18800000E+01  .11762071E+01
   .19100000E+01  .11660888E+01
   .19400000E+01  .11559197E+01
   .19700000E+01  .11456992E+01
   .20000000E+01  .11354268E+01
Potential  L  =        4.00000    .00000
  -.40000000E+01  .25993160E+01
  -.39700000E+01  .25937419E+01
  -.39400000E+01  .25881586E+01
  -.39100000E+01  .25825645E+01
  -.38800000E+01  .25769607E+01
  -.38500000E+01  .25713451E+01
  -.38200000E+01  .25657182E+01
  -.37900000E+01  .25600787E+01
  -.37600000E+01  .25544295E+01
  -.37300000E+01  .25487695E+01
  -.37000000E+01  .25430986E+01
  -.36700000E+01  .25374177E+01
  -.36400000E+01  .25317239E+01
  -.36100000E+01  .25260187E+01
  -.35800000E+01  .25203018E+01
  -.35500000E+01  .25145724E+01
  -.35200000E+01  .25088327E+01
  -.34900000E+01  .25030813E+01
  -.34600000E+01  .24973185E+01
  -.34300000E+01  .24915434E+01
  -.34000000E+01  .24857569E+01
  -.33700000E+01  .24799588E+01
  -.33400000E+01  .24741496E+01
  -.33100000E+01  .24683256E+01
  -.32800000E+01  .24624916E+01
  -.32500000E+01  .24566442E+01
  -.32200000E+01  .24507871E+01
  -.31900000E+01  .24449142E+01
  -.31600000E+01  .24390306E+01
  -.31300000E+01  .24331356E+01
  -.31000000E+01  .24272257E+01
  -.30700000E+01  .24213046E+01
  -.30400000E+01  .24153709E+01
  -.30100000E+01  .24094241E+01
  -.29800000E+01  .24034657E+01
  -.29500000E+01  .23974934E+01
  -.29200000E+01  .23915083E+01
  -.28900000E+01  .23855101E+01
  -.28600000E+01  .23794973E+01
  -.28300000E+01  .23734728E+01
  -.28000000E+01  .23674346E+01
  -.27700000E+01  .23613847E+01
  -.27400000E+01  .23553177E+01
  -.27100000E+01  .23492400E+01
  -.26800000E+01  .23431479E+01
  -.26500000E+01  .23370425E+01
  -.26200000E+01  .23309228E+01
  -.25900000E+01  .23247909E+01
  -.25600000E+01  .23186437E+01
  -.25300000E+01  .23124824E+01
  -.25000000E+01  .23063059E+01
  -.24700000E+01  .23001163E+01
  -.24400000E+01  .22939123E+01
  -.24100000E+01  .22876952E+01
  -.23800000E+01  .22814614E+01
  -.23500000E+01  .22752141E+01
  -.23200000E+01  .22689519E+01
  -.22900000E+01  .22626746E+01
  -.22600000E+01  .22563834E+01
  -.22300000E+01  .22500781E+01
  -.22000000E+01  .22437564E+01
  -.21700000E+01  .22374185E+01
  -.21400000E+01  .22310659E+01
  -.21100000E+01  .22246986E+01
  -.20800000E+01  .22183174E+01
  -.20500000E+01  .22119191E+01
  -.20200000E+01  .22055042E+01
  -.19900000E+01  .21990745E+01
  -.19600000E+01  .21926289E+01
  -.19300000E+01  .21861674E+01
  -.19000000E+01  .21796894E+01
  -.18700000E+01  .21731957E+01
  -.18400000E+01  .21666854E+01
  -.18100000E+01  .21601595E+01
  -.17800000E+01  .21536158E+01
  -.17500000E+01  .21470567E+01
  -.17200000E+01  .21404802E+01
  -.16900000E+01  .21338871E+01
  -.16600000E+01  .21272770E+01
  -.16300000E+01  .21206500E+01
  -.16000000E+01  .21140054E+01
  -.15700000E+01  .21073438E+01
  -.15400000E+01  .21006647E+01
  -.15100000E+01  .20939690E+01
  -.14800000E+01  .20872548E+01
  -.14500000E+01  .20805227E+01
  -.14200000E+01  .20737715E+01
  -.13900000E+01  .20670045E+01
  -.13600000E+01  .20602171E+01
  -.13300000E+01  .20534136E+01
  -.13000000E+01  .20465894E+01
  -.12700000E+01  .20397478E+01
  -.12400000E+01  .20328874E+01
  -.12100000E+01  .20260083E+01
  -.11800000E+01  .20191101E+01
  -.11500000E+01  .20121927E+01
  -.11200000E+01  .20052561E+01
  -.10900000E+01  .19983001E+01
  -.10600000E+01  .19913246E+01
  -.10300000E+01  .19843289E+01
  -.10000000E+01  .19773143E+01
  -.97000000E+00  .19702792E+01
  -.94000000E+00  .19632237E+01
  -.91000000E+00  .19561482E+01
  -.88000000E+00  .19490520E+01
  -.85000000E+00  .19419355E+01
  -.82000000E+00  .19347981E+01
  -.79000000E+00  .19276398E+01
  -.76000000E+00  .19204606E+01
  -.73000000E+00  .19132597E+01
  -.70000000E+00  .19060377E+01
  -.67000000E+00  .18987940E+01
  -.64000000E+00  .18915287E+01
  -.61000000E+00  .18842413E+01
  -.58000000E+00  .18769319E+01
  -.55000000E+00  .18696004E+01
  -.52000000E+00  .18622461E+01
  -.49000000E+00  .18548693E+01
  -.46000000E+00  .18474699E+01
  -.43000000E+00  .18400471E+01
  -.40000000E+00  .18326014E+01
  -.37000000E+00  .18251323E+01
  -.34000000E+00  .18176396E+01
  -.31000000E+00  .18101231E+01
  -.28000000E+00  .18025828E+01
  -.25000000E+00  .17950181E+01
  -.22000000E+00  .17874293E+01
  -.19000000E+00  .17798159E+01
  -.16000000E+00  .17721777E+01
  -.13000000E+00  .17645146E+01
  -.10000000E+00  .17568262E+01
  -.70000000E-01  .17491125E+01
  -.40000000E-01  .17413731E+01
  -.10000000E-01  .17336080E+01
   .20000000E-01  .17258168E+01
   .50000000E-01  .17179993E+01
   .80000000E-01  .17101553E+01
   .11000000E+00  .17022846E+01
   .14000000E+00  .16943870E+01
   .17000000E+00  .16864621E+01
   .20000000E+00  .16785098E+01
   .23000000E+00  .16705299E+01
   .26000000E+00  .16625220E+01
   .29000000E+00  .16544859E+01
   .32000000E+00  .16464214E+01
   .35000000E+00  .16383282E+01
   .38000000E+00  .16302061E+01
   .41000000E+00  .16220547E+01
   .44000000E+00  .16138739E+01
   .47000000E+00  .16056634E+01
   .50000000E+00  .15974228E+01
   .53000000E+00  .15891519E+01
   .56000000E+00  .15808504E+01
   .59000000E+00  .15725180E+01
   .62000000E+00  .15641545E+01
   .65000000E+00  .15557596E+01
   .68000000E+00  .15473329E+01
   .71000000E+00  .15388742E+01
   .74000000E+00  .15303831E+01
   .77000000E+00  .15218593E+01
   .80000000E+00  .15133025E+01
   .83000000E+00  .15047125E+01
   .86000000E+00  .14960888E+01
   .89000000E+00  .14874311E+01
   .92000000E+00  .14787392E+01
   .95000000E+00  .14700126E+01
   .98000000E+00  .14612510E+01
   .10100000E+01  .14524541E+01
   .10400000E+01  .14436216E+01
   .10700000E+01  .14347530E+01
   .11000000E+01  .14258480E+01
   .11300000E+01  .14169062E+01
   .11600000E+01  .14079273E+01
   .11900000E+01  .13989108E+01
   .12200000E+01  .13898564E+01
   .12500000E+01  .13807637E+01
   .12800000E+01  .13716323E+01
   .13100000E+01  .13624618E+01
   .13400000E+01  .13532518E+01
   .13700000E+01  .13440017E+01
   .14000000E+01  .13347113E+01
   .14300000E+01  .13253801E+01
   .14600000E+01  .13160077E+01
   .14900000E+01  .13065936E+01
   .15200000E+01  .12971373E+01
   .15500000E+01  .12876385E+01
   .15800000E+01  .12780966E+01
   .16100000E+01  .12685111E+01
   .16400000E+01  .12588816E+01
   .16700000E+01  .12492076E+01
   .17000000E+01  .12394885E+01
   .17300000E+01  .12297240E+01
   .17600000E+01  .12199134E+01
   .17900000E+01  .12100563E+01
   .18200000E+01  .12001520E+01
   .18500000E+01  .11902001E+01
   .18800000E+01  .11802000E+01
   .19100000E+01  .11701513E+01
   .19400000E+01  .11600531E+01
   .19700000E+01  .11499051E+01
   .20000000E+01  .11397067E+01
KBPotential  L  =      1.00000  -7.39600
  -.40000000E+01  .15697985E+01
  -.39700000E+01  .15313744E+01
  -.39400000E+01  .14861272E+01
  -.39100000E+01  .14315093E+01
  -.38800000E+01  .13635176E+01
  -.38500000E+01  .12754808E+01
  -.38200000E+01  .11554170E+01
  -.37900000E+01  .97926770E+00
  -.37600000E+01  .69103038E+00
  -.37300000E+01  .12266018E+00
  -.37000000E+01 -.15657513E+01
  -.36700000E+01 -.71782053E+04
  -.36400000E+01  .51437008E+01
  -.36100000E+01  .34528263E+01
  -.35800000E+01  .28838512E+01
  -.35500000E+01  .25952264E+01
  -.35200000E+01  .24187049E+01
  -.34900000E+01  .22982127E+01
  -.34600000E+01  .22097370E+01
  -.34300000E+01  .21412275E+01
  -.34000000E+01  .20860299E+01
  -.33700000E+01  .20401376E+01
  -.33400000E+01  .20010030E+01
  -.33100000E+01  .19669267E+01
  -.32800000E+01  .19367235E+01
  -.32500000E+01  .19095710E+01
  -.32200000E+01  .18848500E+01
  -.31900000E+01  .18620839E+01
  -.31600000E+01  .18409220E+01
  -.31300000E+01  .18211028E+01
  -.31000000E+01  .18023944E+01
  -.30700000E+01  .17846226E+01
  -.30400000E+01  .17676571E+01
  -.30100000E+01  .17513812E+01
  -.29800000E+01  .17356907E+01
  -.29500000E+01  .17205103E+01
  -.29200000E+01  .17057731E+01
  -.28900000E+01  .16914223E+01
  -.28600000E+01  .16774094E+01
  -.28300000E+01  .16636930E+01
  -.28000000E+01  .16502366E+01
  -.27700000E+01  .16370091E+01
  -.27400000E+01  .16239831E+01
  -.27100000E+01  .16111349E+01
  -.26800000E+01  .15984432E+01
  -.26500000E+01  .15858892E+01
  -.26200000E+01  .15734561E+01
  -.25900000E+01  .15611290E+01
  -.25600000E+01  .15488945E+01
  -.25300000E+01  .15367405E+01
  -.25000000E+01  .15246560E+01
  -.24700000E+01  .15126312E+01
  -.24400000E+01  .15006569E+01
  -.24100000E+01  .14887252E+01
  -.23800000E+01  .14768279E+01
  -.23500000E+01  .14649586E+01
  -.23200000E+01  .14531103E+01
  -.22900000E+01  .14412774E+01
  -.22600000E+01  .14294542E+01
  -.22300000E+01  .14176356E+01
  -.22000000E+01  .14058167E+01
  -.21700000E+01  .13939930E+01
  -.21400000E+01  .13821602E+01
  -.21100000E+01  .13703142E+01
  -.20800000E+01  .13584512E+01
  -.20500000E+01  .13465677E+01
  -.20200000E+01  .13346601E+01
  -.19900000E+01  .13227251E+01
  -.19600000E+01  .13107594E+01
  -.19300000E+01  .12987602E+01
  -.19000000E+01  .12867244E+01
  -.18700000E+01  .12746492E+01
  -.18400000E+01  .12625318E+01
  -.18100000E+01  .12503696E+01
  -.17800000E+01  .12381600E+01
  -.17500000E+01  .12259004E+01
  -.17200000E+01  .12135884E+01
  -.16900000E+01  .12012214E+01
  -.16600000E+01  .11887970E+01
  -.16300000E+01  .11763130E+01
  -.16000000E+01  .11637669E+01
  -.15700000E+01  .11511565E+01
  -.15400000E+01  .11384794E+01
  -.15100000E+01  .11257332E+01
  -.14800000E+01  .11129158E+01
  -.14500000E+01  .11000249E+01
  -.14200000E+01  .10870581E+01
  -.13900000E+01  .10740132E+01
  -.13600000E+01  .10608879E+01
  -.13300000E+01  .10476798E+01
  -.13000000E+01  .10343868E+01
  -.12700000E+01  .10210063E+01
  -.12400000E+01  .10075361E+01
  -.12100000E+01  .99397379E+00
  -.11800000E+01  .98031692E+00
  -.11500000E+01  .96656309E+00
  -.11200000E+01  .95270981E+00
  -.10900000E+01  .93875458E+00
  -.10600000E+01  .92469485E+00
  -.10300000E+01  .91052802E+00
  -.10000000E+01  .89625147E+00
  -.97000000E+00  .88186252E+00
  -.94000000E+00  .86735840E+00
  -.91000000E+00  .85273631E+00
  -.88000000E+00  .83799348E+00
  -.85000000E+00  .82312697E+00
  -.82000000E+00  .80813374E+00
  -.79000000E+00  .79301082E+00
  -.76000000E+00  .77775508E+00
  -.73000000E+00  .76236330E+00
  -.70000000E+00  .74683217E+00
  -.67000000E+00  .73115843E+00
  -.64000000E+00  .71533860E+00
  -.61000000E+00  .69936917E+00
  -.58000000E+00  .68324650E+00
  -.55000000E+00  .66696688E+00
  -.52000000E+00  .65052648E+00
  -.49000000E+00  .63392137E+00
  -.46000000E+00  .61714749E+00
  -.43000000E+00  .60020069E+00
  -.40000000E+00  .58307667E+00
  -.37000000E+00  .56577101E+00
  -.34000000E+00  .54827916E+00
  -.31000000E+00  .53059642E+00
  -.28000000E+00  .51271795E+00
  -.25000000E+00  .49463875E+00
  -.22000000E+00  .47635365E+00
  -.19000000E+00  .45785733E+00
  -.16000000E+00  .43914429E+00
  -.13000000E+00  .42020882E+00
  -.10000000E+00  .40104505E+00
  -.70000000E-01  .38164689E+00
  -.40000000E-01  .36200805E+00
  -.10000000E-01  .34212199E+00
   .20000000E-01  .32198197E+00
   .50000000E-01  .30158100E+00
   .80000000E-01  .28091181E+00
   .11000000E+00  .25996690E+00
   .14000000E+00  .23873847E+00
   .17000000E+00  .21721841E+00
   .20000000E+00  .19539834E+00
   .23000000E+00  .17326952E+00
   .26000000E+00  .15082288E+00
   .29000000E+00  .12804901E+00
   .32000000E+00  .10493809E+00
   .35000000E+00  .81479940E-01
   .38000000E+00  .57663940E-01
   .41000000E+00  .33479040E-01
   .44000000E+00  .89137282E-02
   .47000000E+00 -.16044003E-01
   .50000000E+00 -.41406667E-01
   .53000000E+00 -.67187313E-01
   .56000000E+00 -.93399576E-01
   .59000000E+00 -.12005767E+00
   .62000000E+00 -.14717649E+00
   .65000000E+00 -.17477155E+00
   .68000000E+00 -.20285913E+00
   .71000000E+00 -.23145624E+00
   .74000000E+00 -.26058069E+00
   .77000000E+00 -.29025114E+00
   .80000000E+00 -.32048717E+00
   .83000000E+00 -.35130917E+00
   .86000000E+00 -.38273889E+00
   .89000000E+00 -.41479885E+00
   .92000000E+00 -.44751281E+00
   .95000000E+00 -.48090577E+00
   .98000000E+00 -.51500399E+00
   .10100000E+01 -.54983518E+00
   .10400000E+01 -.58542850E+00
   .10700000E+01 -.62181468E+00
   .11000000E+01 -.65902617E+00
   .11300000E+01 -.69709723E+00
   .11600000E+01 -.73606406E+00
   .11900000E+01 -.77596493E+00
   .12200000E+01 -.81684038E+00
   .12500000E+01 -.85873330E+00
   .12800000E+01 -.90168920E+00
   .13100000E+01 -.94575634E+00
   .13400000E+01 -.99098602E+00
   .13700000E+01 -.10374327E+01
   .14000000E+01 -.10851545E+01
   .14300000E+01 -.11342131E+01
   .14600000E+01 -.11846743E+01
   .14900000E+01 -.12366085E+01
   .15200000E+01 -.12900908E+01
   .15500000E+01 -.13452015E+01
   .15800000E+01 -.14020268E+01
   .16100000E+01 -.14606588E+01
   .16400000E+01 -.15211966E+01
   .16700000E+01 -.15837468E+01
   .17000000E+01 -.16484238E+01
   .17300000E+01 -.17153512E+01
   .17600000E+01 -.17846624E+01
   .17900000E+01 -.18565015E+01
   .18200000E+01 -.19310247E+01
   .18500000E+01 -.20084012E+01
   .18800000E+01 -.20888148E+01
   .19100000E+01 -.21724658E+01
   .19400000E+01 -.22595723E+01
   .19700000E+01 -.23503725E+01
   .20000000E+01 -.24451274E+01
KBPotential  L  =      2.00000   -.53171
  -.40000000E+01  .20234238E+01
  -.39700000E+01  .20159132E+01
  -.39400000E+01  .20083760E+01
  -.39100000E+01  .20008051E+01
  -.38800000E+01  .19932033E+01
  -.38500000E+01  .19855703E+01
  -.38200000E+01  .19779080E+01
  -.37900000E+01  .19702110E+01
  -.37600000E+01  .19624818E+01
  -.37300000E+01  .19547195E+01
  -.37000000E+01  .19469238E+01
  -.36700000E+01  .19390941E+01
  -.36400000E+01  .19312332E+01
  -.36100000E+01  .19233340E+01
  -.35800000E+01  .19153994E+01
  -.35500000E+01  .19074288E+01
  -.35200000E+01  .18994215E+01
  -.34900000E+01  .18913771E+01
  -.34600000E+01  .18832950E+01
  -.34300000E+01  .18751745E+01
  -.34000000E+01  .18670150E+01
  -.33700000E+01  .18588159E+01
  -.33400000E+01  .18505766E+01
  -.33100000E+01  .18422963E+01
  -.32800000E+01  .18339744E+01
  -.32500000E+01  .18256102E+01
  -.32200000E+01  .18172028E+01
  -.31900000E+01  .18087516E+01
  -.31600000E+01  .18002557E+01
  -.31300000E+01  .17917144E+01
  -.31000000E+01  .17831268E+01
  -.30700000E+01  .17744920E+01
  -.30400000E+01  .17658092E+01
  -.30100000E+01  .17570773E+01
  -.29800000E+01  .17482955E+01
  -.29500000E+01  .17394628E+01
  -.29200000E+01  .17305781E+01
  -.28900000E+01  .17216403E+01
  -.28600000E+01  .17126484E+01
  -.28300000E+01  .17036013E+01
  -.28000000E+01  .16944977E+01
  -.27700000E+01  .16853363E+01
  -.27400000E+01  .16761160E+01
  -.27100000E+01  .16668355E+01
  -.26800000E+01  .16574932E+01
  -.26500000E+01  .16480878E+01
  -.26200000E+01  .16386178E+01
  -.25900000E+01  .16290817E+01
  -.25600000E+01  .16194778E+01
  -.25300000E+01  .16098044E+01
  -.25000000E+01  .16000598E+01
  -.24700000E+01  .15902421E+01
  -.24400000E+01  .15803494E+01
  -.24100000E+01  .15703798E+01
  -.23800000E+01  .15603310E+01
  -.23500000E+01  .15502010E+01
  -.23200000E+01  .15399873E+01
  -.22900000E+01  .15296877E+01
  -.22600000E+01  .15192995E+01
  -.22300000E+01  .15088202E+01
  -.22000000E+01  .14982468E+01
  -.21700000E+01  .14875766E+01
  -.21400000E+01  .14768063E+01
  -.21100000E+01  .14659328E+01
  -.20800000E+01  .14549525E+01
  -.20500000E+01  .14438620E+01
  -.20200000E+01  .14326573E+01
  -.19900000E+01  .14213345E+01
  -.19600000E+01  .14098892E+01
  -.19300000E+01  .13983168E+01
  -.19000000E+01  .13866127E+01
  -.18700000E+01  .13747717E+01
  -.18400000E+01  .13627883E+01
  -.18100000E+01  .13506569E+01
  -.17800000E+01  .13383711E+01
  -.17500000E+01  .13259246E+01
  -.17200000E+01  .13133102E+01
  -.16900000E+01  .13005205E+01
  -.16600000E+01  .12875474E+01
  -.16300000E+01  .12743823E+01
  -.16000000E+01  .12610160E+01
  -.15700000E+01  .12474386E+01
  -.15400000E+01  .12336392E+01
  -.15100000E+01  .12196064E+01
  -.14800000E+01  .12053276E+01
  -.14500000E+01  .11907894E+01
  -.14200000E+01  .11759770E+01
  -.13900000E+01  .11608744E+01
  -.13600000E+01  .11454644E+01
  -.13300000E+01  .11297278E+01
  -.13000000E+01  .11136441E+01
  -.12700000E+01  .10971904E+01
  -.12400000E+01  .10803419E+01
  -.12100000E+01  .10630710E+01
  -.11800000E+01  .10453474E+01
  -.11500000E+01  .10271374E+01
  -.11200000E+01  .10084038E+01
  -.10900000E+01  .98910510E+00
  -.10600000E+01  .96919484E+00
  -.10300000E+01  .94862108E+00
  -.10000000E+01  .92732535E+00
  -.97000000E+00  .90524166E+00
  -.94000000E+00  .88229524E+00
  -.91000000E+00  .85840100E+00
  -.88000000E+00  .83346167E+00
  -.85000000E+00  .80736553E+00
  -.82000000E+00  .77998361E+00
  -.79000000E+00  .75116621E+00
  -.76000000E+00  .72073854E+00
  -.73000000E+00  .68849519E+00
  -.70000000E+00  .65419312E+00
  -.67000000E+00  .61754257E+00
  -.64000000E+00  .57819525E+00
  -.61000000E+00  .53572876E+00
  -.58000000E+00  .48962565E+00
  -.55000000E+00  .43924512E+00
  -.52000000E+00  .38378383E+00
  -.49000000E+00  .32222077E+00
  -.46000000E+00  .25323825E+00
  -.43000000E+00  .17510531E+00
  -.40000000E+00  .85502068E-01
  -.37000000E+00 -.18754336E-01
  -.34000000E+00 -.14215228E+00
  -.31000000E+00 -.29121018E+00
  -.28000000E+00 -.47588634E+00
  -.25000000E+00 -.71194300E+00
  -.22000000E+00 -.10261759E+01
  -.19000000E+00 -.14679694E+01
  -.16000000E+00 -.21392277E+01
  -.13000000E+00 -.32903716E+01
  -.10000000E+00 -.57447009E+01
  -.70000000E-01 -.14724823E+02
  -.40000000E-01  .47622331E+02
  -.10000000E-01  .10310640E+02
   .20000000E-01  .61325065E+01
   .50000000E-01  .45162129E+01
   .80000000E-01  .36550472E+01
   .11000000E+00  .31167055E+01
   .14000000E+00  .27464624E+01
   .17000000E+00  .24747306E+01
   .20000000E+00  .22656584E+01
   .23000000E+00  .20988935E+01
   .26000000E+00  .19620241E+01
   .29000000E+00  .18470503E+01
   .32000000E+00  .17485851E+01
   .35000000E+00  .16628632E+01
   .38000000E+00  .15871771E+01
   .41000000E+00  .15195289E+01
   .44000000E+00  .14584148E+01
   .47000000E+00  .14026763E+01
   .50000000E+00  .13514076E+01
   .53000000E+00  .13038919E+01
   .56000000E+00  .12595532E+01
   .59000000E+00  .12179235E+01
   .62000000E+00  .11785380E+01
   .65000000E+00  .11413193E+01
   .68000000E+00  .11057598E+01
   .71000000E+00  .10717131E+01
   .74000000E+00  .10389870E+01
   .77000000E+00  .10074230E+01
   .80000000E+00  .97687597E+00
   .83000000E+00  .94722504E+00
   .86000000E+00  .91836486E+00
   .89000000E+00  .89019475E+00
   .92000000E+00  .86264468E+00
   .95000000E+00  .83563477E+00
   .98000000E+00  .80910108E+00
   .10100000E+01  .78298563E+00
   .10400000E+01  .75723639E+00
   .10700000E+01  .73180619E+00
   .11000000E+01  .70665244E+00
   .11300000E+01  .68173488E+00
   .11600000E+01  .65701999E+00
   .11900000E+01  .63247623E+00
   .12200000E+01  .60807100E+00
   .12500000E+01  .58377751E+00
   .12800000E+01  .55956897E+00
   .13100000E+01  .53542201E+00
   .13400000E+01  .51131359E+00
   .13700000E+01  .48722226E+00
   .14000000E+01  .46312771E+00
   .14300000E+01  .43901068E+00
   .14600000E+01  .41485276E+00
   .14900000E+01  .39063626E+00
   .15200000E+01  .36634420E+00
   .15500000E+01  .34194863E+00
   .15800000E+01  .31745643E+00
   .16100000E+01  .29284073E+00
   .16400000E+01  .26808629E+00
   .16700000E+01  .24317818E+00
   .17000000E+01  .21810164E+00
   .17300000E+01  .19284205E+00
   .17600000E+01  .16738496E+00
   .17900000E+01  .14171589E+00
   .18200000E+01  .11582037E+00
   .18500000E+01  .89683914E-01
   .18800000E+01  .63291867E-01
   .19100000E+01  .36629566E-01
   .19400000E+01  .96820554E-02
   .19700000E+01 -.17565807E-01
   .20000000E+01 -.45129430E-01
KBPotential  L  =       .00000   -.63655
  -.40000000E+01  .17492942E+01
  -.39700000E+01  .17407107E+01
  -.39400000E+01  .17320876E+01
  -.39100000E+01  .17234243E+01
  -.38800000E+01  .17147202E+01
  -.38500000E+01  .17059751E+01
  -.38200000E+01  .16971882E+01
  -.37900000E+01  .16883590E+01
  -.37600000E+01  .16794871E+01
  -.37300000E+01  .16705719E+01
  -.37000000E+01  .16616127E+01
  -.36700000E+01  .16526091E+01
  -.36400000E+01  .16435605E+01
  -.36100000E+01  .16344662E+01
  -.35800000E+01  .16253256E+01
  -.35500000E+01  .16161382E+01
  -.35200000E+01  .16069033E+01
  -.34900000E+01  .15976203E+01
  -.34600000E+01  .15882884E+01
  -.34300000E+01  .15789071E+01
  -.34000000E+01  .15694756E+01
  -.33700000E+01  .15599932E+01
  -.33400000E+01  .15504593E+01
  -.33100000E+01  .15408730E+01
  -.32800000E+01  .15312337E+01
  -.32500000E+01  .15215406E+01
  -.32200000E+01  .15117930E+01
  -.31900000E+01  .15019899E+01
  -.31600000E+01  .14921306E+01
  -.31300000E+01  .14822144E+01
  -.31000000E+01  .14722403E+01
  -.30700000E+01  .14622074E+01
  -.30400000E+01  .14521149E+01
  -.30100000E+01  .14419620E+01
  -.29800000E+01  .14317475E+01
  -.29500000E+01  .14214707E+01
  -.29200000E+01  .14111306E+01
  -.28900000E+01  .14007261E+01
  -.28600000E+01  .13902563E+01
  -.28300000E+01  .13797200E+01
  -.28000000E+01  .13691164E+01
  -.27700000E+01  .13584442E+01
  -.27400000E+01  .13477024E+01
  -.27100000E+01  .13368898E+01
  -.26800000E+01  .13260052E+01
  -.26500000E+01  .13150476E+01
  -.26200000E+01  .13040156E+01
  -.25900000E+01  .12929080E+01
  -.25600000E+01  .12817235E+01
  -.25300000E+01  .12704608E+01
  -.25000000E+01  .12591186E+01
  -.24700000E+01  .12476955E+01
  -.24400000E+01  .12361900E+01
  -.24100000E+01  .12246008E+01
  -.23800000E+01  .12129263E+01
  -.23500000E+01  .12011650E+01
  -.23200000E+01  .11893153E+01
  -.22900000E+01  .11773757E+01
  -.22600000E+01  .11653444E+01
  -.22300000E+01  .11532199E+01
  -.22000000E+01  .11410002E+01
  -.21700000E+01  .11286838E+01
  -.21400000E+01  .11162686E+01
  -.21100000E+01  .11037529E+01
  -.20800000E+01  .10911347E+01
  -.20500000E+01  .10784120E+01
  -.20200000E+01  .10655828E+01
  -.19900000E+01  .10526449E+01
  -.19600000E+01  .10395961E+01
  -.19300000E+01  .10264344E+01
  -.19000000E+01  .10131572E+01
  -.18700000E+01  .99976238E+00
  -.18400000E+01  .98624742E+00
  -.18100000E+01  .97260981E+00
  -.17800000E+01  .95884698E+00
  -.17500000E+01  .94495628E+00
  -.17200000E+01  .93093494E+00
  -.16900000E+01  .91678019E+00
  -.16600000E+01  .90248908E+00
  -.16300000E+01  .88805861E+00
  -.16000000E+01  .87348571E+00
  -.15700000E+01  .85876716E+00
  -.15400000E+01  .84389967E+00
  -.15100000E+01  .82887984E+00
  -.14800000E+01  .81370415E+00
  -.14500000E+01  .79836898E+00
  -.14200000E+01  .78287057E+00
  -.13900000E+01  .76720506E+00
  -.13600000E+01  .75136841E+00
  -.13300000E+01  .73535649E+00
  -.13000000E+01  .71916501E+00
  -.12700000E+01  .70278954E+00
  -.12400000E+01  .68622549E+00
  -.12100000E+01  .66946808E+00
  -.11800000E+01  .65251242E+00
  -.11500000E+01  .63535336E+00
  -.11200000E+01  .61798564E+00
  -.10900000E+01  .60040377E+00
  -.10600000E+01  .58260205E+00
  -.10300000E+01  .56457458E+00
  -.10000000E+01  .54631524E+00
  -.97000000E+00  .52781765E+00
  -.94000000E+00  .50907521E+00
  -.91000000E+00  .49008106E+00
  -.88000000E+00  .47082803E+00
  -.85000000E+00  .45130872E+00
  -.82000000E+00  .43151540E+00
  -.79000000E+00  .41144001E+00
  -.76000000E+00  .39107421E+00
  -.73000000E+00  .37040923E+00
  -.70000000E+00  .34943600E+00
  -.67000000E+00  .32814505E+00
  -.64000000E+00  .30652647E+00
  -.61000000E+00  .28456995E+00
  -.58000000E+00  .26226470E+00
  -.55000000E+00  .23959947E+00
  -.52000000E+00  .21656249E+00
  -.49000000E+00  .19314146E+00
  -.46000000E+00  .16932349E+00
  -.43000000E+00  .14509511E+00
  -.40000000E+00  .12044219E+00
  -.37000000E+00  .95349930E-01
  -.34000000E+00  .69802818E-01
  -.31000000E+00  .43784564E-01
  -.28000000E+00  .17278077E-01
  -.25000000E+00 -.97346153E-02
  -.22000000E+00 -.37272391E-01
  -.19000000E+00 -.65355117E-01
  -.16000000E+00 -.94003701E-01
  -.13000000E+00 -.12324017E+00
  -.10000000E+00 -.15308774E+00
  -.70000000E-01 -.18357092E+00
  -.40000000E-01 -.21471555E+00
  -.10000000E-01 -.24654896E+00
   .20000000E-01 -.27910002E+00
   .50000000E-01 -.31239932E+00
   .80000000E-01 -.34647923E+00
   .11000000E+00 -.38137403E+00
   .14000000E+00 -.41712019E+00
   .17000000E+00 -.45375631E+00
   .20000000E+00 -.49132353E+00
   .23000000E+00 -.52986553E+00
   .26000000E+00 -.56942892E+00
   .29000000E+00 -.61006332E+00
   .32000000E+00 -.65182172E+00
   .35000000E+00 -.69476071E+00
   .38000000E+00 -.73894085E+00
   .41000000E+00 -.78442699E+00
   .44000000E+00 -.83128865E+00
   .47000000E+00 -.87960047E+00
   .50000000E+00 -.92944274E+00
   .53000000E+00 -.98090176E+00
   .56000000E+00 -.10340707E+01
   .59000000E+00 -.10890500E+01
   .62000000E+00 -.11459484E+01
   .65000000E+00 -.12048836E+01
   .68000000E+00 -.12659832E+01
   .71000000E+00 -.13293860E+01
   .74000000E+00 -.13952430E+01
   .77000000E+00 -.14637187E+01
   .80000000E+00 -.15349932E+01
   .83000000E+00 -.16092633E+01
   .86000000E+00 -.16867453E+01
   .89000000E+00 -.17676768E+01
   .92000000E+00 -.18523198E+01
   .95000000E+00 -.19409639E+01
   .98000000E+00 -.20339297E+01
   .10100000E+01 -.21315735E+01
   .10400000E+01 -.22342923E+01
   .10700000E+01 -.23425295E+01
   .11000000E+01 -.24567823E+01
   .11300000E+01 -.25776101E+01
   .11600000E+01 -.27056443E+01
   .11900000E+01 -.28416001E+01
   .12200000E+01 -.29862918E+01
   .12500000E+01 -.31406498E+01
   .12800000E+01 -.33057420E+01
   .13100000E+01 -.34828008E+01
   .13400000E+01 -.36732559E+01
   .13700000E+01 -.38787752E+01
   .14000000E+01 -.41013170E+01
   .14300000E+01 -.43431956E+01
   .14600000E+01 -.46071668E+01
   .14900000E+01 -.48965382E+01
   .15200000E+01 -.52153143E+01
   .15500000E+01 -.55683913E+01
   .15800000E+01 -.59618192E+01
   .16100000E+01 -.64031635E+01
   .16400000E+01 -.69020117E+01
   .16700000E+01 -.74706974E+01
   .17000000E+01 -.81253597E+01
   .17300000E+01 -.88875338E+01
   .17600000E+01 -.97866126E+01
   .17900000E+01 -.10863791E+02
   .18200000E+01 -.12178652E+02
   .18500000E+01 -.13820715E+02
   .18800000E+01 -.15930944E+02
   .19100000E+01 -.18744890E+02
   .19400000E+01 -.22688051E+02
   .19700000E+01 -.28615661E+02
   .20000000E+01 -.38538507E+02
KBPotential  L  =      3.00000    .00000
  -.40000000E+01  .22987971E+01
  -.39700000E+01  .22924365E+01
  -.39400000E+01  .22860597E+01
  -.39100000E+01  .22796667E+01
  -.38800000E+01  .22732572E+01
  -.38500000E+01  .22668316E+01
  -.38200000E+01  .22603890E+01
  -.37900000E+01  .22539298E+01
  -.37600000E+01  .22474537E+01
  -.37300000E+01  .22409607E+01
  -.37000000E+01  .22344505E+01
  -.36700000E+01  .22279231E+01
  -.36400000E+01  .22213784E+01
  -.36100000E+01  .22148162E+01
  -.35800000E+01  .22082364E+01
  -.35500000E+01  .22016388E+01
  -.35200000E+01  .21950234E+01
  -.34900000E+01  .21883899E+01
  -.34600000E+01  .21817384E+01
  -.34300000E+01  .21750685E+01
  -.34000000E+01  .21683802E+01
  -.33700000E+01  .21616734E+01
  -.33400000E+01  .21549478E+01
  -.33100000E+01  .21482034E+01
  -.32800000E+01  .21414400E+01
  -.32500000E+01  .21346575E+01
  -.32200000E+01  .21278557E+01
  -.31900000E+01  .21210344E+01
  -.31600000E+01  .21141935E+01
  -.31300000E+01  .21073329E+01
  -.31000000E+01  .21004523E+01
  -.30700000E+01  .20935517E+01
  -.30400000E+01  .20866309E+01
  -.30100000E+01  .20796897E+01
  -.29800000E+01  .20727279E+01
  -.29500000E+01  .20657453E+01
  -.29200000E+01  .20587419E+01
  -.28900000E+01  .20517174E+01
  -.28600000E+01  .20446717E+01
  -.28300000E+01  .20376046E+01
  -.28000000E+01  .20305158E+01
  -.27700000E+01  .20234053E+01
  -.27400000E+01  .20162728E+01
  -.27100000E+01  .20091182E+01
  -.26800000E+01  .20019412E+01
  -.26500000E+01  .19947417E+01
  -.26200000E+01  .19875195E+01
  -.25900000E+01  .19802744E+01
  -.25600000E+01  .19730061E+01
  -.25300000E+01  .19657146E+01
  -.25000000E+01  .19583995E+01
  -.24700000E+01  .19510608E+01
  -.24400000E+01  .19436981E+01
  -.24100000E+01  .19363112E+01
  -.23800000E+01  .19289000E+01
  -.23500000E+01  .19214642E+01
  -.23200000E+01  .19140036E+01
  -.22900000E+01  .19065181E+01
  -.22600000E+01  .18990072E+01
  -.22300000E+01  .18914709E+01
  -.22000000E+01  .18839089E+01
  -.21700000E+01  .18763209E+01
  -.21400000E+01  .18687068E+01
  -.21100000E+01  .18610662E+01
  -.20800000E+01  .18533990E+01
  -.20500000E+01  .18457048E+01
  -.20200000E+01  .18379834E+01
  -.19900000E+01  .18302347E+01
  -.19600000E+01  .18224582E+01
  -.19300000E+01  .18146537E+01
  -.19000000E+01  .18068211E+01
  -.18700000E+01  .17989599E+01
  -.18400000E+01  .17910699E+01
  -.18100000E+01  .17831509E+01
  -.17800000E+01  .17752026E+01
  -.17500000E+01  .17672246E+01
  -.17200000E+01  .17592167E+01
  -.16900000E+01  .17511785E+01
  -.16600000E+01  .17431098E+01
  -.16300000E+01  .17350103E+01
  -.16000000E+01  .17268797E+01
  -.15700000E+01  .17187175E+01
  -.15400000E+01  .17105236E+01
  -.15100000E+01  .17022976E+01
  -.14800000E+01  .16940391E+01
  -.14500000E+01  .16857478E+01
  -.14200000E+01  .16774234E+01
  -.13900000E+01  .16690656E+01
  -.13600000E+01  .16606739E+01
  -.13300000E+01  .16522480E+01
  -.13000000E+01  .16437875E+01
  -.12700000E+01  .16352922E+01
  -.12400000E+01  .16267615E+01
  -.12100000E+01  .16181952E+01
  -.11800000E+01  .16095927E+01
  -.11500000E+01  .16009538E+01
  -.11200000E+01  .15922781E+01
  -.10900000E+01  .15835650E+01
  -.10600000E+01  .15748143E+01
  -.10300000E+01  .15660254E+01
  -.10000000E+01  .15571980E+01
  -.97000000E+00  .15483316E+01
  -.94000000E+00  .15394258E+01
  -.91000000E+00  .15304801E+01
  -.88000000E+00  .15214940E+01
  -.85000000E+00  .15124671E+01
  -.82000000E+00  .15033990E+01
  -.79000000E+00  .14942890E+01
  -.76000000E+00  .14851368E+01
  -.73000000E+00  .14759418E+01
  -.70000000E+00  .14667036E+01
  -.67000000E+00  .14574215E+01
  -.64000000E+00  .14480951E+01
  -.61000000E+00  .14387238E+01
  -.58000000E+00  .14293071E+01
  -.55000000E+00  .14198444E+01
  -.52000000E+00  .14103352E+01
  -.49000000E+00  .14007788E+01
  -.46000000E+00  .13911747E+01
  -.43000000E+00  .13815223E+01
  -.40000000E+00  .13718209E+01
  -.37000000E+00  .13620700E+01
  -.34000000E+00  .13522689E+01
  -.31000000E+00  .13424170E+01
  -.28000000E+00  .13325135E+01
  -.25000000E+00  .13225578E+01
  -.22000000E+00  .13125493E+01
  -.19000000E+00  .13024872E+01
  -.16000000E+00  .12923708E+01
  -.13000000E+00  .12821994E+01
  -.10000000E+00  .12719722E+01
  -.70000000E-01  .12616885E+01
  -.40000000E-01  .12513475E+01
  -.10000000E-01  .12409485E+01
   .20000000E-01  .12304905E+01
   .50000000E-01  .12199728E+01
   .80000000E-01  .12093946E+01
   .11000000E+00  .11987550E+01
   .14000000E+00  .11880531E+01
   .17000000E+00  .11772881E+01
   .20000000E+00  .11664589E+01
   .23000000E+00  .11555648E+01
   .26000000E+00  .11446047E+01
   .29000000E+00  .11335776E+01
   .32000000E+00  .11224826E+01
   .35000000E+00  .11113187E+01
   .38000000E+00  .11000848E+01
   .41000000E+00  .10887799E+01
   .44000000E+00  .10774029E+01
   .47000000E+00  .10659526E+01
   .50000000E+00  .10544280E+01
   .53000000E+00  .10428279E+01
   .56000000E+00  .10311511E+01
   .59000000E+00  .10193964E+01
   .62000000E+00  .10075625E+01
   .65000000E+00  .99564827E+00
   .68000000E+00  .98365231E+00
   .71000000E+00  .97157332E+00
   .74000000E+00  .95940995E+00
   .77000000E+00  .94716081E+00
   .80000000E+00  .93482446E+00
   .83000000E+00  .92239946E+00
   .86000000E+00  .90988430E+00
   .89000000E+00  .89727747E+00
   .92000000E+00  .88457739E+00
   .95000000E+00  .87178245E+00
   .98000000E+00  .85889102E+00
   .10100000E+01  .84590140E+00
   .10400000E+01  .83281186E+00
   .10700000E+01  .81962063E+00
   .11000000E+01  .80632588E+00
   .11300000E+01  .79292576E+00
   .11600000E+01  .77941835E+00
   .11900000E+01  .76580167E+00
   .12200000E+01  .75207372E+00
   .12500000E+01  .73823242E+00
   .12800000E+01  .72427564E+00
   .13100000E+01  .71020121E+00
   .13400000E+01  .69600688E+00
   .13700000E+01  .68169033E+00
   .14000000E+01  .66724921E+00
   .14300000E+01  .65268109E+00
   .14600000E+01  .63798345E+00
   .14900000E+01  .62315373E+00
   .15200000E+01  .60818927E+00
   .15500000E+01  .59308737E+00
   .15800000E+01  .57784521E+00
   .16100000E+01  .56245991E+00
   .16400000E+01  .54692838E+00
   .16700000E+01  .53124783E+00
   .17000000E+01  .51541497E+00
   .17300000E+01  .49942659E+00
   .17600000E+01  .48327932E+00
   .17900000E+01  .46696974E+00
   .18200000E+01  .45049429E+00
   .18500000E+01  .43384933E+00
   .18800000E+01  .41703109E+00
   .19100000E+01  .40003566E+00
   .19400000E+01  .38285905E+00
   .19700000E+01  .36549711E+00
   .20000000E+01  .34794557E+00
KBPotential  L  =      4.00000    .00000
  -.40000000E+01  .25993160E+01
  -.39700000E+01  .25937419E+01
  -.39400000E+01  .25881586E+01
  -.39100000E+01  .25825645E+01
  -.38800000E+01  .25769607E+01
  -.38500000E+01  .25713451E+01
  -.38200000E+01  .25657182E+01
  -.37900000E+01  .25600787E+01
  -.37600000E+01  .25544295E+01
  -.37300000E+01  .25487695E+01
  -.37000000E+01  .25430986E+01
  -.36700000E+01  .25374177E+01
  -.36400000E+01  .25317239E+01
  -.36100000E+01  .25260187E+01
  -.35800000E+01  .25203018E+01
  -.35500000E+01  .25145724E+01
  -.35200000E+01  .25088327E+01
  -.34900000E+01  .25030813E+01
  -.34600000E+01  .24973185E+01
  -.34300000E+01  .24915434E+01
  -.34000000E+01  .24857569E+01
  -.33700000E+01  .24799588E+01
  -.33400000E+01  .24741496E+01
  -.33100000E+01  .24683256E+01
  -.32800000E+01  .24624916E+01
  -.32500000E+01  .24566442E+01
  -.32200000E+01  .24507871E+01
  -.31900000E+01  .24449142E+01
  -.31600000E+01  .24390306E+01
  -.31300000E+01  .24331356E+01
  -.31000000E+01  .24272257E+01
  -.30700000E+01  .24213046E+01
  -.30400000E+01  .24153709E+01
  -.30100000E+01  .24094241E+01
  -.29800000E+01  .24034657E+01
  -.29500000E+01  .23974934E+01
  -.29200000E+01  .23915083E+01
  -.28900000E+01  .23855101E+01
  -.28600000E+01  .23794973E+01
  -.28300000E+01  .23734728E+01
  -.28000000E+01  .23674346E+01
  -.27700000E+01  .23613847E+01
  -.27400000E+01  .23553177E+01
  -.27100000E+01  .23492400E+01
  -.26800000E+01  .23431479E+01
  -.26500000E+01  .23370425E+01
  -.26200000E+01  .23309228E+01
  -.25900000E+01  .23247909E+01
  -.25600000E+01  .23186437E+01
  -.25300000E+01  .23124824E+01
  -.25000000E+01  .23063059E+01
  -.24700000E+01  .23001163E+01
  -.24400000E+01  .22939123E+01
  -.24100000E+01  .22876952E+01
  -.23800000E+01  .22814614E+01
  -.23500000E+01  .22752141E+01
  -.23200000E+01  .22689519E+01
  -.22900000E+01  .22626746E+01
  -.22600000E+01  .22563834E+01
  -.22300000E+01  .22500781E+01
  -.22000000E+01  .22437564E+01
  -.21700000E+01  .22374185E+01
  -.21400000E+01  .22310659E+01
  -.21100000E+01  .22246986E+01
  -.20800000E+01  .22183174E+01
  -.20500000E+01  .22119191E+01
  -.20200000E+01  .22055042E+01
  -.19900000E+01  .21990745E+01
  -.19600000E+01  .21926289E+01
  -.19300000E+01  .21861674E+01
  -.19000000E+01  .21796894E+01
  -.18700000E+01  .21731957E+01
  -.18400000E+01  .21666854E+01
  -.18100000E+01  .21601595E+01
  -.17800000E+01  .21536158E+01
  -.17500000E+01  .21470567E+01
  -.17200000E+01  .21404802E+01
  -.16900000E+01  .21338871E+01
  -.16600000E+01  .21272770E+01
  -.16300000E+01  .21206500E+01
  -.16000000E+01  .21140054E+01
  -.15700000E+01  .21073438E+01
  -.15400000E+01  .21006647E+01
  -.15100000E+01  .20939690E+01
  -.14800000E+01  .20872548E+01
  -.14500000E+01  .20805227E+01
  -.14200000E+01  .20737715E+01
  -.13900000E+01  .20670045E+01
  -.13600000E+01  .20602171E+01
  -.13300000E+01  .20534136E+01
  -.13000000E+01  .20465894E+01
  -.12700000E+01  .20397478E+01
  -.12400000E+01  .20328874E+01
  -.12100000E+01  .20260083E+01
  -.11800000E+01  .20191101E+01
  -.11500000E+01  .20121927E+01
  -.11200000E+01  .20052561E+01
  -.10900000E+01  .19983001E+01
  -.10600000E+01  .19913246E+01
  -.10300000E+01  .19843289E+01
  -.10000000E+01  .19773143E+01
  -.97000000E+00  .19702792E+01
  -.94000000E+00  .19632237E+01
  -.91000000E+00  .19561482E+01
  -.88000000E+00  .19490520E+01
  -.85000000E+00  .19419355E+01
  -.82000000E+00  .19347981E+01
  -.79000000E+00  .19276398E+01
  -.76000000E+00  .19204606E+01
  -.73000000E+00  .19132597E+01
  -.70000000E+00  .19060377E+01
  -.67000000E+00  .18987940E+01
  -.64000000E+00  .18915287E+01
  -.61000000E+00  .18842413E+01
  -.58000000E+00  .18769319E+01
  -.55000000E+00  .18696004E+01
  -.52000000E+00  .18622461E+01
  -.49000000E+00  .18548693E+01
  -.46000000E+00  .18474699E+01
  -.43000000E+00  .18400471E+01
  -.40000000E+00  .18326014E+01
  -.37000000E+00  .18251323E+01
  -.34000000E+00  .18176396E+01
  -.31000000E+00  .18101231E+01
  -.28000000E+00  .18025828E+01
  -.25000000E+00  .17950181E+01
  -.22000000E+00  .17874293E+01
  -.19000000E+00  .17798159E+01
  -.16000000E+00  .17721777E+01
  -.13000000E+00  .17645146E+01
  -.10000000E+00  .17568262E+01
  -.70000000E-01  .17491125E+01
  -.40000000E-01  .17413731E+01
  -.10000000E-01  .17336080E+01
   .20000000E-01  .17258168E+01
   .50000000E-01  .17179993E+01
   .80000000E-01  .17101553E+01
   .11000000E+00  .17022846E+01
   .14000000E+00  .16943870E+01
   .17000000E+00  .16864621E+01
   .20000000E+00  .16785098E+01
   .23000000E+00  .16705299E+01
   .26000000E+00  .16625220E+01
   .29000000E+00  .16544859E+01
   .32000000E+00  .16464214E+01
   .35000000E+00  .16383282E+01
   .38000000E+00  .16302061E+01
   .41000000E+00  .16220547E+01
   .44000000E+00  .16138739E+01
   .47000000E+00  .16056634E+01
   .50000000E+00  .15974228E+01
   .53000000E+00  .15891519E+01
   .56000000E+00  .15808504E+01
   .59000000E+00  .15725180E+01
   .62000000E+00  .15641545E+01
   .65000000E+00  .15557596E+01
   .68000000E+00  .15473329E+01
   .71000000E+00  .15388742E+01
   .74000000E+00  .15303831E+01
   .77000000E+00  .15218593E+01
   .80000000E+00  .15133025E+01
   .83000000E+00  .15047125E+01
   .86000000E+00  .14960888E+01
   .89000000E+00  .14874311E+01
   .92000000E+00  .14787392E+01
   .95000000E+00  .14700126E+01
   .98000000E+00  .14612510E+01
   .10100000E+01  .14524541E+01
   .10400000E+01  .14436216E+01
   .10700000E+01  .14347530E+01
   .11000000E+01  .14258480E+01
   .11300000E+01  .14169062E+01
   .11600000E+01  .14079273E+01
   .11900000E+01  .13989108E+01
   .12200000E+01  .13898564E+01
   .12500000E+01  .13807637E+01
   .12800000E+01  .13716323E+01
   .13100000E+01  .13624618E+01
   .13400000E+01  .13532518E+01
   .13700000E+01  .13440017E+01
   .14000000E+01  .13347113E+01
   .14300000E+01  .13253801E+01
   .14600000E+01  .13160077E+01
   .14900000E+01  .13065936E+01
   .15200000E+01  .12971373E+01
   .15500000E+01  .12876385E+01
   .15800000E+01  .12780966E+01
   .16100000E+01  .12685111E+01
   .16400000E+01  .12588816E+01
   .16700000E+01  .12492076E+01
   .17000000E+01  .12394885E+01
   .17300000E+01  .12297240E+01
   .17600000E+01  .12199134E+01
   .17900000E+01  .12100563E+01
   .18200000E+01  .12001520E+01
   .18500000E+01  .11902001E+01
   .18800000E+01  .11802000E+01
   .19100000E+01  .11701513E+01
   .19400000E+01  .11600531E+01
   .19700000E+01  .11499051E+01
   .20000000E+01  .11397067E+01
