  PAW F_s                                
 100
Core Pot   L  =         .00000  -2.19894
  -.20000000E+01 -.24465028E+01
  -.19600000E+01 -.28126575E+01
  -.19200000E+01 -.32460996E+01
  -.18800000E+01 -.37678334E+01
  -.18400000E+01 -.44086263E+01
  -.18000000E+01 -.52154258E+01
  -.17600000E+01 -.62636067E+01
  -.17200000E+01 -.76823257E+01
  -.16800000E+01 -.97129032E+01
  -.16400000E+01 -.12864350E+02
  -.16000000E+01 -.18426975E+02
  -.15600000E+01 -.30904868E+02
  -.15200000E+01 -.84533559E+02
  -.14800000E+01  .13399376E+03
  -.14400000E+01  .38988028E+02
  -.14000000E+01  .23342835E+02
  -.13600000E+01  .16910973E+02
  -.13200000E+01  .13402067E+02
  -.12800000E+01  .11190435E+02
  -.12400000E+01  .96673943E+01
  -.12000000E+01  .85535458E+01
  -.11600000E+01  .77026319E+01
  -.11200000E+01  .70306719E+01
  -.10800000E+01  .64860036E+01
  -.10400000E+01  .60351013E+01
  -.10000000E+01  .56552591E+01
  -.96000000E+00  .53305521E+01
  -.92000000E+00  .50494805E+01
  -.88000000E+00  .48035326E+01
  -.84000000E+00  .45862734E+01
  -.80000000E+00  .43927476E+01
  -.76000000E+00  .42190775E+01
  -.72000000E+00  .40621850E+01
  -.68000000E+00  .39195956E+01
  -.64000000E+00  .37892975E+01
  -.60000000E+00  .36696382E+01
  -.56000000E+00  .35592475E+01
  -.52000000E+00  .34569799E+01
  -.48000000E+00  .33618704E+01
  -.44000000E+00  .32731000E+01
  -.40000000E+00  .31899692E+01
  -.36000000E+00  .31118772E+01
  -.32000000E+00  .30383047E+01
  -.28000000E+00  .29688008E+01
  -.24000000E+00  .29029718E+01
  -.20000000E+00  .28404728E+01
  -.16000000E+00  .27810001E+01
  -.12000000E+00  .27242850E+01
  -.80000000E-01  .26700895E+01
  -.40000000E-01  .26182015E+01
   .12351231E-14  .25684314E+01
   .40000000E-01  .25206096E+01
   .80000000E-01  .24745835E+01
   .12000000E+00  .24302155E+01
   .16000000E+00  .23873814E+01
   .20000000E+00  .23459685E+01
   .24000000E+00  .23058745E+01
   .28000000E+00  .22670064E+01
   .32000000E+00  .22292791E+01
   .36000000E+00  .21926149E+01
   .40000000E+00  .21569427E+01
   .44000000E+00  .21221971E+01
   .48000000E+00  .20883179E+01
   .52000000E+00  .20552498E+01
   .56000000E+00  .20229416E+01
   .60000000E+00  .19913461E+01
   .64000000E+00  .19604194E+01
   .68000000E+00  .19301208E+01
   .72000000E+00  .19004128E+01
   .76000000E+00  .18712601E+01
   .80000000E+00  .18426299E+01
   .84000000E+00  .18144919E+01
   .88000000E+00  .17868174E+01
   .92000000E+00  .17595797E+01
   .96000000E+00  .17327538E+01
   .10000000E+01  .17063164E+01
   .10400000E+01  .16802452E+01
   .10800000E+01  .16545197E+01
   .11200000E+01  .16291203E+01
   .11600000E+01  .16040287E+01
   .12000000E+01  .15792274E+01
   .12400000E+01  .15547002E+01
   .12800000E+01  .15304315E+01
   .13200000E+01  .15064066E+01
   .13600000E+01  .14826117E+01
   .14000000E+01  .14590336E+01
   .14400000E+01  .14356597E+01
   .14800000E+01  .14124781E+01
   .15200000E+01  .13894775E+01
   .15600000E+01  .13666472E+01
   .16000000E+01  .13439767E+01
   .16400000E+01  .13214564E+01
   .16800000E+01  .12990767E+01
   .17200000E+01  .12768287E+01
   .17600000E+01  .12547038E+01
   .18000000E+01  .12326939E+01
   .18400000E+01  .12107908E+01
   .18800000E+01  .11889872E+01
   .19200000E+01  .11672756E+01
   .19600000E+01  .11456491E+01
   .20000000E+01  .11241008E+01
Potential  L  =         .00000  -2.19894
  -.20000000E+01 -.25360722E+01
  -.19600000E+01 -.29431359E+01
  -.19200000E+01 -.34339386E+01
  -.18800000E+01 -.40380692E+01
  -.18400000E+01 -.48009257E+01
  -.18000000E+01 -.57959009E+01
  -.17600000E+01 -.71498962E+01
  -.17200000E+01 -.91029538E+01
  -.16800000E+01 -.12170515E+02
  -.16400000E+01 -.17697213E+02
  -.16000000E+01 -.30646020E+02
  -.15600000E+01 -.96788258E+02
  -.15200000E+01  .94625168E+02
  -.14800000E+01  .33088901E+02
  -.14400000E+01  .20508149E+02
  -.14000000E+01  .15082637E+02
  -.13600000E+01  .12056480E+02
  -.13200000E+01  .10124126E+02
  -.12800000E+01  .87817712E+01
  -.12400000E+01  .77938225E+01
  -.12000000E+01  .70353777E+01
  -.11600000E+01  .64340499E+01
  -.11200000E+01  .59449927E+01
  -.10800000E+01  .55389398E+01
  -.10400000E+01  .51959788E+01
  -.10000000E+01  .49020949E+01
  -.96000000E+00  .46471315E+01
  -.92000000E+00  .44235519E+01
  -.88000000E+00  .42256439E+01
  -.84000000E+00  .40490034E+01
  -.80000000E+00  .38901744E+01
  -.76000000E+00  .37464103E+01
  -.72000000E+00  .36154997E+01
  -.68000000E+00  .34956425E+01
  -.64000000E+00  .33853581E+01
  -.60000000E+00  .32834178E+01
  -.56000000E+00  .31887932E+01
  -.52000000E+00  .31006172E+01
  -.48000000E+00  .30181532E+01
  -.44000000E+00  .29407718E+01
  -.40000000E+00  .28679315E+01
  -.36000000E+00  .27991645E+01
  -.32000000E+00  .27340638E+01
  -.28000000E+00  .26722744E+01
  -.24000000E+00  .26134844E+01
  -.20000000E+00  .25574196E+01
  -.16000000E+00  .25038369E+01
  -.12000000E+00  .24525210E+01
  -.80000000E-01  .24032797E+01
  -.40000000E-01  .23559415E+01
   .12351231E-14  .23103524E+01
   .40000000E-01  .22663741E+01
   .80000000E-01  .22238817E+01
   .12000000E+00  .21827624E+01
   .16000000E+00  .21429137E+01
   .20000000E+00  .21042427E+01
   .24000000E+00  .20666647E+01
   .28000000E+00  .20301021E+01
   .32000000E+00  .19944842E+01
   .36000000E+00  .19597461E+01
   .40000000E+00  .19258280E+01
   .44000000E+00  .18926750E+01
   .48000000E+00  .18602365E+01
   .52000000E+00  .18284656E+01
   .56000000E+00  .17973189E+01
   .60000000E+00  .17667562E+01
   .64000000E+00  .17367402E+01
   .68000000E+00  .17072362E+01
   .72000000E+00  .16782118E+01
   .76000000E+00  .16496368E+01
   .80000000E+00  .16214829E+01
   .84000000E+00  .15937237E+01
   .88000000E+00  .15663345E+01
   .92000000E+00  .15392920E+01
   .96000000E+00  .15125743E+01
   .10000000E+01  .14861609E+01
   .10400000E+01  .14600324E+01
   .10800000E+01  .14341704E+01
   .11200000E+01  .14085577E+01
   .11600000E+01  .13831779E+01
   .12000000E+01  .13580155E+01
   .12400000E+01  .13330558E+01
   .12800000E+01  .13082847E+01
   .13200000E+01  .12836890E+01
   .13600000E+01  .12592560E+01
   .14000000E+01  .12349737E+01
   .14400000E+01  .12108304E+01
   .14800000E+01  .11868152E+01
   .15200000E+01  .11629175E+01
   .15600000E+01  .11391271E+01
   .16000000E+01  .11154344E+01
   .16400000E+01  .10918299E+01
   .16800000E+01  .10683048E+01
   .17200000E+01  .10448502E+01
   .17600000E+01  .10214580E+01
   .18000000E+01  .99811992E+00
   .18400000E+01  .97482824E+00
   .18800000E+01  .95157537E+00
   .19200000E+01  .92835396E+00
   .19600000E+01  .90515688E+00
   .20000000E+01  .88197720E+00
Core Pot   L  =        1.00000   -.82335
  -.20000000E+01  .89314038E+00
  -.19600000E+01  .86451040E+00
  -.19200000E+01  .83501790E+00
  -.18800000E+01  .80460785E+00
  -.18400000E+01  .77322029E+00
  -.18000000E+01  .74078978E+00
  -.17600000E+01  .70724472E+00
  -.17200000E+01  .67250668E+00
  -.16800000E+01  .63648947E+00
  -.16400000E+01  .59909822E+00
  -.16000000E+01  .56022825E+00
  -.15600000E+01  .51976372E+00
  -.15200000E+01  .47757615E+00
  -.14800000E+01  .43352264E+00
  -.14400000E+01  .38744373E+00
  -.14000000E+01  .33916098E+00
  -.13600000E+01  .28847406E+00
  -.13200000E+01  .23515724E+00
  -.12800000E+01  .17895526E+00
  -.12400000E+01  .11957829E+00
  -.12000000E+01  .56695945E-01
  -.11600000E+01 -.10070151E-01
  -.11200000E+01 -.81155376E-01
  -.10800000E+01 -.15706328E+00
  -.10400000E+01 -.23837949E+00
  -.10000000E+01 -.32578912E+00
  -.96000000E+00 -.42009892E+00
  -.92000000E+00 -.52226542E+00
  -.88000000E+00 -.63343153E+00
  -.84000000E+00 -.75497416E+00
  -.80000000E+00 -.88856744E+00
  -.76000000E+00 -.10362675E+01
  -.72000000E+00 -.12006278E+01
  -.68000000E+00 -.13848599E+01
  -.64000000E+00 -.15930590E+01
  -.60000000E+00 -.18305316E+01
  -.56000000E+00 -.21042781E+01
  -.52000000E+00 -.24237278E+01
  -.48000000E+00 -.28018926E+01
  -.44000000E+00 -.32572470E+01
  -.40000000E+00 -.38169310E+01
  -.36000000E+00 -.45225053E+01
  -.32000000E+00 -.54409980E+01
  -.28000000E+00 -.66879395E+01
  -.24000000E+00 -.84809245E+01
  -.20000000E+00 -.11284271E+02
  -.16000000E+00 -.16297052E+02
  -.12000000E+00 -.27857798E+02
  -.80000000E-01 -.83188687E+02
  -.40000000E-01  .95758844E+02
   .12351231E-14  .31598329E+02
   .40000000E-01  .19333115E+02
   .80000000E-01  .14126064E+02
   .12000000E+00  .11242511E+02
   .16000000E+00  .94086391E+01
   .20000000E+00  .81378802E+01
   .24000000E+00  .72041317E+01
   .28000000E+00  .64880403E+01
   .32000000E+00  .59206538E+01
   .36000000E+00  .54593569E+01
   .40000000E+00  .50763927E+01
   .44000000E+00  .47529059E+01
   .48000000E+00  .44756395E+01
   .52000000E+00  .42350002E+01
   .56000000E+00  .40238749E+01
   .60000000E+00  .38368774E+01
   .64000000E+00  .36698547E+01
   .68000000E+00  .35195528E+01
   .72000000E+00  .33833860E+01
   .76000000E+00  .32592736E+01
   .80000000E+00  .31455226E+01
   .84000000E+00  .30407410E+01
   .88000000E+00  .29437740E+01
   .92000000E+00  .28536554E+01
   .96000000E+00  .27695706E+01
   .10000000E+01  .26908280E+01
   .10400000E+01  .26168366E+01
   .10800000E+01  .25470882E+01
   .11200000E+01  .24811435E+01
   .11600000E+01  .24186209E+01
   .12000000E+01  .23591870E+01
   .12400000E+01  .23025495E+01
   .12800000E+01  .22484508E+01
   .13200000E+01  .21966631E+01
   .13600000E+01  .21469844E+01
   .14000000E+01  .20992343E+01
   .14400000E+01  .20532521E+01
   .14800000E+01  .20088932E+01
   .15200000E+01  .19660279E+01
   .15600000E+01  .19245391E+01
   .16000000E+01  .18843208E+01
   .16400000E+01  .18452770E+01
   .16800000E+01  .18073203E+01
   .17200000E+01  .17703713E+01
   .17600000E+01  .17343572E+01
   .18000000E+01  .16992116E+01
   .18400000E+01  .16648734E+01
   .18800000E+01  .16312865E+01
   .19200000E+01  .15983993E+01
   .19600000E+01  .15661641E+01
   .20000000E+01  .15345368E+01
Potential  L  =        1.00000   -.82335
  -.20000000E+01  .40107225E+00
  -.19600000E+01  .37227378E+00
  -.19200000E+01  .34292957E+00
  -.18800000E+01  .31301934E+00
  -.18400000E+01  .28252179E+00
  -.18000000E+01  .25141452E+00
  -.17600000E+01  .21967393E+00
  -.17200000E+01  .18727517E+00
  -.16800000E+01  .15419202E+00
  -.16400000E+01  .12039685E+00
  -.16000000E+01  .85860464E-01
  -.15600000E+01  .50552026E-01
  -.15200000E+01  .14438924E-01
  -.14800000E+01 -.22513351E-01
  -.14400000E+01 -.60341349E-01
  -.14000000E+01 -.99083815E-01
  -.13600000E+01 -.13878185E+00
  -.13200000E+01 -.17947911E+00
  -.12800000E+01 -.22122199E+00
  -.12400000E+01 -.26405984E+00
  -.12000000E+01 -.30804523E+00
  -.11600000E+01 -.35323420E+00
  -.11200000E+01 -.39968655E+00
  -.10800000E+01 -.44746615E+00
  -.10400000E+01 -.49664134E+00
  -.10000000E+01 -.54728527E+00
  -.96000000E+00 -.59947636E+00
  -.92000000E+00 -.65329879E+00
  -.88000000E+00 -.70884304E+00
  -.84000000E+00 -.76620646E+00
  -.80000000E+00 -.82549397E+00
  -.76000000E+00 -.88681880E+00
  -.72000000E+00 -.95030332E+00
  -.68000000E+00 -.10160800E+01
  -.64000000E+00 -.10842925E+01
  -.60000000E+00 -.11550968E+01
  -.56000000E+00 -.12286625E+01
  -.52000000E+00 -.13051748E+01
  -.48000000E+00 -.13848354E+01
  -.44000000E+00 -.14678655E+01
  -.40000000E+00 -.15545073E+01
  -.36000000E+00 -.16450271E+01
  -.32000000E+00 -.17397182E+01
  -.28000000E+00 -.18389044E+01
  -.24000000E+00 -.19429438E+01
  -.20000000E+00 -.20522342E+01
  -.16000000E+00 -.21672181E+01
  -.12000000E+00 -.22883892E+01
  -.80000000E-01 -.24163005E+01
  -.40000000E-01 -.25515730E+01
   .12351231E-14 -.26949067E+01
   .40000000E-01 -.28470935E+01
   .80000000E-01 -.30090330E+01
   .12000000E+00 -.31817512E+01
   .16000000E+00 -.33664234E+01
   .20000000E+00 -.35644030E+01
   .24000000E+00 -.37772559E+01
   .28000000E+00 -.40068043E+01
   .32000000E+00 -.42551811E+01
   .36000000E+00 -.45248995E+01
   .40000000E+00 -.48189412E+01
   .44000000E+00 -.51408713E+01
   .48000000E+00 -.54949883E+01
   .52000000E+00 -.58865225E+01
   .56000000E+00 -.63219039E+01
   .60000000E+00 -.68091259E+01
   .64000000E+00 -.73582522E+01
   .68000000E+00 -.79821329E+01
   .72000000E+00 -.86974412E+01
   .76000000E+00 -.95262086E+01
   .80000000E+00 -.10498166E+02
   .84000000E+00 -.11654431E+02
   .88000000E+00 -.13053530E+02
   .92000000E+00 -.14781712E+02
   .96000000E+00 -.16971560E+02
   .10000000E+01 -.19837935E+02
   .10400000E+01 -.23753523E+02
   .10800000E+01 -.29426339E+02
   .11200000E+01 -.38386343E+02
   .11600000E+01 -.54665890E+02
   .12000000E+01 -.93455076E+02
   .12400000E+01 -.30630566E+03
   .12800000E+01  .24864323E+03
   .13200000E+01  .89551222E+02
   .13600000E+01  .55013669E+02
   .14000000E+01  .39904069E+02
   .14400000E+01  .31425187E+02
   .14800000E+01  .25995681E+02
   .15200000E+01  .22219817E+02
   .15600000E+01  .19440888E+02
   .16000000E+01  .17309261E+02
   .16400000E+01  .15621678E+02
   .16800000E+01  .14251913E+02
   .17200000E+01  .13117438E+02
   .17600000E+01  .12162019E+02
   .18000000E+01  .11346017E+02
   .18400000E+01  .10640688E+02
   .18800000E+01  .10024679E+02
   .19200000E+01  .94817952E+01
   .19600000E+01  .89995340E+01
   .20000000E+01  .85680870E+01
Core Pot   L  =        2.00000    .00000
  -.20000000E+01  .18638462E+01
  -.19600000E+01  .18539069E+01
  -.19200000E+01  .18439259E+01
  -.18800000E+01  .18339026E+01
  -.18400000E+01  .18238367E+01
  -.18000000E+01  .18137277E+01
  -.17600000E+01  .18035751E+01
  -.17200000E+01  .17933784E+01
  -.16800000E+01  .17831372E+01
  -.16400000E+01  .17728509E+01
  -.16000000E+01  .17625190E+01
  -.15600000E+01  .17521411E+01
  -.15200000E+01  .17417165E+01
  -.14800000E+01  .17312449E+01
  -.14400000E+01  .17207255E+01
  -.14000000E+01  .17101580E+01
  -.13600000E+01  .16995416E+01
  -.13200000E+01  .16888759E+01
  -.12800000E+01  .16781603E+01
  -.12400000E+01  .16673942E+01
  -.12000000E+01  .16565769E+01
  -.11600000E+01  .16457079E+01
  -.11200000E+01  .16347866E+01
  -.10800000E+01  .16238123E+01
  -.10400000E+01  .16127844E+01
  -.10000000E+01  .16017022E+01
  -.96000000E+00  .15905651E+01
  -.92000000E+00  .15793724E+01
  -.88000000E+00  .15681233E+01
  -.84000000E+00  .15568173E+01
  -.80000000E+00  .15454535E+01
  -.76000000E+00  .15340313E+01
  -.72000000E+00  .15225498E+01
  -.68000000E+00  .15110085E+01
  -.64000000E+00  .14994063E+01
  -.60000000E+00  .14877427E+01
  -.56000000E+00  .14760168E+01
  -.52000000E+00  .14642277E+01
  -.48000000E+00  .14523747E+01
  -.44000000E+00  .14404569E+01
  -.40000000E+00  .14284734E+01
  -.36000000E+00  .14164234E+01
  -.32000000E+00  .14043059E+01
  -.28000000E+00  .13921200E+01
  -.24000000E+00  .13798648E+01
  -.20000000E+00  .13675394E+01
  -.16000000E+00  .13551428E+01
  -.12000000E+00  .13426739E+01
  -.80000000E-01  .13301318E+01
  -.40000000E-01  .13175154E+01
   .12351231E-14  .13048237E+01
   .40000000E-01  .12920557E+01
   .80000000E-01  .12792101E+01
   .12000000E+00  .12662859E+01
   .16000000E+00  .12532819E+01
   .20000000E+00  .12401970E+01
   .24000000E+00  .12270300E+01
   .28000000E+00  .12137796E+01
   .32000000E+00  .12004446E+01
   .36000000E+00  .11870238E+01
   .40000000E+00  .11735158E+01
   .44000000E+00  .11599193E+01
   .48000000E+00  .11462329E+01
   .52000000E+00  .11324553E+01
   .56000000E+00  .11185850E+01
   .60000000E+00  .11046206E+01
   .64000000E+00  .10905605E+01
   .68000000E+00  .10764034E+01
   .72000000E+00  .10621475E+01
   .76000000E+00  .10477914E+01
   .80000000E+00  .10333333E+01
   .84000000E+00  .10187717E+01
   .88000000E+00  .10041048E+01
   .92000000E+00  .98933093E+00
   .96000000E+00  .97444822E+00
   .10000000E+01  .95945486E+00
   .10400000E+01  .94434899E+00
   .10800000E+01  .92912868E+00
   .11200000E+01  .91379197E+00
   .11600000E+01  .89833685E+00
   .12000000E+01  .88276124E+00
   .12400000E+01  .86706304E+00
   .12800000E+01  .85124006E+00
   .13200000E+01  .83529009E+00
   .13600000E+01  .81921083E+00
   .14000000E+01  .80299996E+00
   .14400000E+01  .78665507E+00
   .14800000E+01  .77017370E+00
   .15200000E+01  .75355331E+00
   .15600000E+01  .73679132E+00
   .16000000E+01  .71988505E+00
   .16400000E+01  .70283178E+00
   .16800000E+01  .68562869E+00
   .17200000E+01  .66827290E+00
   .17600000E+01  .65076144E+00
   .18000000E+01  .63309126E+00
   .18400000E+01  .61525925E+00
   .18800000E+01  .59726216E+00
   .19200000E+01  .57909671E+00
   .19600000E+01  .56075948E+00
   .20000000E+01  .54224697E+00
Potential  L  =        2.00000    .00000
  -.20000000E+01  .18708264E+01
  -.19600000E+01  .18609979E+01
  -.19200000E+01  .18511297E+01
  -.18800000E+01  .18412214E+01
  -.18400000E+01  .18312727E+01
  -.18000000E+01  .18212830E+01
  -.17600000E+01  .18112520E+01
  -.17200000E+01  .18011793E+01
  -.16800000E+01  .17910643E+01
  -.16400000E+01  .17809067E+01
  -.16000000E+01  .17707060E+01
  -.15600000E+01  .17604618E+01
  -.15200000E+01  .17501735E+01
  -.14800000E+01  .17398407E+01
  -.14400000E+01  .17294630E+01
  -.14000000E+01  .17190398E+01
  -.13600000E+01  .17085706E+01
  -.13200000E+01  .16980550E+01
  -.12800000E+01  .16874923E+01
  -.12400000E+01  .16768822E+01
  -.12000000E+01  .16662241E+01
  -.11600000E+01  .16555173E+01
  -.11200000E+01  .16447615E+01
  -.10800000E+01  .16339560E+01
  -.10400000E+01  .16231002E+01
  -.10000000E+01  .16121937E+01
  -.96000000E+00  .16012357E+01
  -.92000000E+00  .15902257E+01
  -.88000000E+00  .15791631E+01
  -.84000000E+00  .15680473E+01
  -.80000000E+00  .15568777E+01
  -.76000000E+00  .15456536E+01
  -.72000000E+00  .15343743E+01
  -.68000000E+00  .15230393E+01
  -.64000000E+00  .15116478E+01
  -.60000000E+00  .15001992E+01
  -.56000000E+00  .14886927E+01
  -.52000000E+00  .14771277E+01
  -.48000000E+00  .14655034E+01
  -.44000000E+00  .14538191E+01
  -.40000000E+00  .14420741E+01
  -.36000000E+00  .14302676E+01
  -.32000000E+00  .14183988E+01
  -.28000000E+00  .14064669E+01
  -.24000000E+00  .13944712E+01
  -.20000000E+00  .13824107E+01
  -.16000000E+00  .13702848E+01
  -.12000000E+00  .13580925E+01
  -.80000000E-01  .13458330E+01
  -.40000000E-01  .13335054E+01
   .12351231E-14  .13211087E+01
   .40000000E-01  .13086422E+01
   .80000000E-01  .12961047E+01
   .12000000E+00  .12834955E+01
   .16000000E+00  .12708136E+01
   .20000000E+00  .12580578E+01
   .24000000E+00  .12452273E+01
   .28000000E+00  .12323210E+01
   .32000000E+00  .12193379E+01
   .36000000E+00  .12062769E+01
   .40000000E+00  .11931369E+01
   .44000000E+00  .11799168E+01
   .48000000E+00  .11666154E+01
   .52000000E+00  .11532317E+01
   .56000000E+00  .11397644E+01
   .60000000E+00  .11262123E+01
   .64000000E+00  .11125741E+01
   .68000000E+00  .10988488E+01
   .72000000E+00  .10850349E+01
   .76000000E+00  .10711311E+01
   .80000000E+00  .10571361E+01
   .84000000E+00  .10430486E+01
   .88000000E+00  .10288671E+01
   .92000000E+00  .10145903E+01
   .96000000E+00  .10002166E+01
   .10000000E+01  .98574460E+00
   .10400000E+01  .97117275E+00
   .10800000E+01  .95649952E+00
   .11200000E+01  .94172330E+00
   .11600000E+01  .92684247E+00
   .12000000E+01  .91185538E+00
   .12400000E+01  .89676032E+00
   .12800000E+01  .88155555E+00
   .13200000E+01  .86623931E+00
   .13600000E+01  .85080976E+00
   .14000000E+01  .83526506E+00
   .14400000E+01  .81960329E+00
   .14800000E+01  .80382251E+00
   .15200000E+01  .78792073E+00
   .15600000E+01  .77189589E+00
   .16000000E+01  .75574592E+00
   .16400000E+01  .73946866E+00
   .16800000E+01  .72306193E+00
   .17200000E+01  .70652348E+00
   .17600000E+01  .68985110E+00
   .18000000E+01  .67304224E+00
   .18400000E+01  .65609456E+00
   .18800000E+01  .63900561E+00
   .19200000E+01  .62177283E+00
   .19600000E+01  .60439361E+00
   .20000000E+01  .58686529E+00
Core Pot   L  =        3.00000    .00000
  -.20000000E+01  .24581319E+01
  -.19600000E+01  .24506335E+01
  -.19200000E+01  .24431170E+01
  -.18800000E+01  .24355824E+01
  -.18400000E+01  .24280294E+01
  -.18000000E+01  .24204580E+01
  -.17600000E+01  .24128681E+01
  -.17200000E+01  .24052595E+01
  -.16800000E+01  .23976321E+01
  -.16400000E+01  .23899859E+01
  -.16000000E+01  .23823207E+01
  -.15600000E+01  .23746363E+01
  -.15200000E+01  .23669326E+01
  -.14800000E+01  .23592096E+01
  -.14400000E+01  .23514670E+01
  -.14000000E+01  .23437048E+01
  -.13600000E+01  .23359229E+01
  -.13200000E+01  .23281210E+01
  -.12800000E+01  .23202991E+01
  -.12400000E+01  .23124571E+01
  -.12000000E+01  .23045947E+01
  -.11600000E+01  .22967119E+01
  -.11200000E+01  .22888086E+01
  -.10800000E+01  .22808845E+01
  -.10400000E+01  .22729396E+01
  -.10000000E+01  .22649737E+01
  -.96000000E+00  .22569867E+01
  -.92000000E+00  .22489784E+01
  -.88000000E+00  .22409486E+01
  -.84000000E+00  .22328973E+01
  -.80000000E+00  .22248243E+01
  -.76000000E+00  .22167294E+01
  -.72000000E+00  .22086125E+01
  -.68000000E+00  .22004735E+01
  -.64000000E+00  .21923121E+01
  -.60000000E+00  .21841282E+01
  -.56000000E+00  .21759217E+01
  -.52000000E+00  .21676924E+01
  -.48000000E+00  .21594401E+01
  -.44000000E+00  .21511647E+01
  -.40000000E+00  .21428660E+01
  -.36000000E+00  .21345438E+01
  -.32000000E+00  .21261980E+01
  -.28000000E+00  .21178285E+01
  -.24000000E+00  .21094349E+01
  -.20000000E+00  .21010172E+01
  -.16000000E+00  .20925752E+01
  -.12000000E+00  .20841088E+01
  -.80000000E-01  .20756176E+01
  -.40000000E-01  .20671016E+01
   .12351231E-14  .20585605E+01
   .40000000E-01  .20499942E+01
   .80000000E-01  .20414025E+01
   .12000000E+00  .20327852E+01
   .16000000E+00  .20241421E+01
   .20000000E+00  .20154731E+01
   .24000000E+00  .20067778E+01
   .28000000E+00  .19980561E+01
   .32000000E+00  .19893079E+01
   .36000000E+00  .19805329E+01
   .40000000E+00  .19717309E+01
   .44000000E+00  .19629017E+01
   .48000000E+00  .19540451E+01
   .52000000E+00  .19451608E+01
   .56000000E+00  .19362487E+01
   .60000000E+00  .19273086E+01
   .64000000E+00  .19183402E+01
   .68000000E+00  .19093433E+01
   .72000000E+00  .19003177E+01
   .76000000E+00  .18912631E+01
   .80000000E+00  .18821794E+01
   .84000000E+00  .18730662E+01
   .88000000E+00  .18639234E+01
   .92000000E+00  .18547507E+01
   .96000000E+00  .18455479E+01
   .10000000E+01  .18363147E+01
   .10400000E+01  .18270509E+01
   .10800000E+01  .18177562E+01
   .11200000E+01  .18084304E+01
   .11600000E+01  .17990733E+01
   .12000000E+01  .17896844E+01
   .12400000E+01  .17802637E+01
   .12800000E+01  .17708108E+01
   .13200000E+01  .17613255E+01
   .13600000E+01  .17518075E+01
   .14000000E+01  .17422565E+01
   .14400000E+01  .17326722E+01
   .14800000E+01  .17230544E+01
   .15200000E+01  .17134028E+01
   .15600000E+01  .17037170E+01
   .16000000E+01  .16939968E+01
   .16400000E+01  .16842419E+01
   .16800000E+01  .16744520E+01
   .17200000E+01  .16646268E+01
   .17600000E+01  .16547659E+01
   .18000000E+01  .16448691E+01
   .18400000E+01  .16349360E+01
   .18800000E+01  .16249664E+01
   .19200000E+01  .16149599E+01
   .19600000E+01  .16049161E+01
   .20000000E+01  .15948348E+01
Potential  L  =        3.00000    .00000
  -.20000000E+01  .24589589E+01
  -.19600000E+01  .24514695E+01
  -.19200000E+01  .24439620E+01
  -.18800000E+01  .24364366E+01
  -.18400000E+01  .24288929E+01
  -.18000000E+01  .24213310E+01
  -.17600000E+01  .24137506E+01
  -.17200000E+01  .24061518E+01
  -.16800000E+01  .23985343E+01
  -.16400000E+01  .23908980E+01
  -.16000000E+01  .23832429E+01
  -.15600000E+01  .23755687E+01
  -.15200000E+01  .23678755E+01
  -.14800000E+01  .23601630E+01
  -.14400000E+01  .23524311E+01
  -.14000000E+01  .23446798E+01
  -.13600000E+01  .23369088E+01
  -.13200000E+01  .23291181E+01
  -.12800000E+01  .23213075E+01
  -.12400000E+01  .23134769E+01
  -.12000000E+01  .23056261E+01
  -.11600000E+01  .22977551E+01
  -.11200000E+01  .22898637E+01
  -.10800000E+01  .22819517E+01
  -.10400000E+01  .22740191E+01
  -.10000000E+01  .22660656E+01
  -.96000000E+00  .22580912E+01
  -.92000000E+00  .22500957E+01
  -.88000000E+00  .22420789E+01
  -.84000000E+00  .22340407E+01
  -.80000000E+00  .22259811E+01
  -.76000000E+00  .22178997E+01
  -.72000000E+00  .22097965E+01
  -.68000000E+00  .22016713E+01
  -.64000000E+00  .21935240E+01
  -.60000000E+00  .21853544E+01
  -.56000000E+00  .21771624E+01
  -.52000000E+00  .21689478E+01
  -.48000000E+00  .21607104E+01
  -.44000000E+00  .21524501E+01
  -.40000000E+00  .21441667E+01
  -.36000000E+00  .21358601E+01
  -.32000000E+00  .21275301E+01
  -.28000000E+00  .21191765E+01
  -.24000000E+00  .21107992E+01
  -.20000000E+00  .21023979E+01
  -.16000000E+00  .20939726E+01
  -.12000000E+00  .20855230E+01
  -.80000000E-01  .20770490E+01
  -.40000000E-01  .20685504E+01
   .12351231E-14  .20600270E+01
   .40000000E-01  .20514786E+01
   .80000000E-01  .20429051E+01
   .12000000E+00  .20343062E+01
   .16000000E+00  .20256818E+01
   .20000000E+00  .20170316E+01
   .24000000E+00  .20083556E+01
   .28000000E+00  .19996535E+01
   .32000000E+00  .19909250E+01
   .36000000E+00  .19821701E+01
   .40000000E+00  .19733884E+01
   .44000000E+00  .19645798E+01
   .48000000E+00  .19557442E+01
   .52000000E+00  .19468812E+01
   .56000000E+00  .19379907E+01
   .60000000E+00  .19290725E+01
   .64000000E+00  .19201263E+01
   .68000000E+00  .19111519E+01
   .72000000E+00  .19021491E+01
   .76000000E+00  .18931178E+01
   .80000000E+00  .18840576E+01
   .84000000E+00  .18749683E+01
   .88000000E+00  .18658497E+01
   .92000000E+00  .18567016E+01
   .96000000E+00  .18475238E+01
   .10000000E+01  .18383159E+01
   .10400000E+01  .18290778E+01
   .10800000E+01  .18198092E+01
   .11200000E+01  .18105099E+01
   .11600000E+01  .18011796E+01
   .12000000E+01  .17918181E+01
   .12400000E+01  .17824250E+01
   .12800000E+01  .17730003E+01
   .13200000E+01  .17635435E+01
   .13600000E+01  .17540544E+01
   .14000000E+01  .17445328E+01
   .14400000E+01  .17349783E+01
   .14800000E+01  .17253908E+01
   .15200000E+01  .17157699E+01
   .15600000E+01  .17061154E+01
   .16000000E+01  .16964269E+01
   .16400000E+01  .16867041E+01
   .16800000E+01  .16769469E+01
   .17200000E+01  .16671548E+01
   .17600000E+01  .16573277E+01
   .18000000E+01  .16474651E+01
   .18400000E+01  .16375667E+01
   .18800000E+01  .16276324E+01
   .19200000E+01  .16176617E+01
   .19600000E+01  .16076543E+01
   .20000000E+01  .15976099E+01
Core Pot   L  =        4.00000    .00000
  -.20000000E+01  .30357625E+01
  -.19600000E+01  .30296499E+01
  -.19200000E+01  .30235274E+01
  -.18800000E+01  .30173948E+01
  -.18400000E+01  .30112524E+01
  -.18000000E+01  .30051018E+01
  -.17600000E+01  .29989373E+01
  -.17200000E+01  .29927646E+01
  -.16800000E+01  .29865813E+01
  -.16400000E+01  .29803878E+01
  -.16000000E+01  .29741842E+01
  -.15600000E+01  .29679708E+01
  -.15200000E+01  .29617477E+01
  -.14800000E+01  .29555115E+01
  -.14400000E+01  .29492660E+01
  -.14000000E+01  .29430103E+01
  -.13600000E+01  .29367446E+01
  -.13200000E+01  .29304671E+01
  -.12800000E+01  .29241795E+01
  -.12400000E+01  .29178829E+01
  -.12000000E+01  .29115738E+01
  -.11600000E+01  .29052523E+01
  -.11200000E+01  .28989217E+01
  -.10800000E+01  .28925799E+01
  -.10400000E+01  .28862277E+01
  -.10000000E+01  .28798637E+01
  -.96000000E+00  .28734893E+01
  -.92000000E+00  .28671051E+01
  -.88000000E+00  .28607079E+01
  -.84000000E+00  .28542985E+01
  -.80000000E+00  .28478788E+01
  -.76000000E+00  .28414484E+01
  -.72000000E+00  .28350061E+01
  -.68000000E+00  .28285526E+01
  -.64000000E+00  .28220891E+01
  -.60000000E+00  .28156111E+01
  -.56000000E+00  .28091235E+01
  -.52000000E+00  .28026236E+01
  -.48000000E+00  .27961125E+01
  -.44000000E+00  .27895895E+01
  -.40000000E+00  .27830556E+01
  -.36000000E+00  .27765072E+01
  -.32000000E+00  .27699485E+01
  -.28000000E+00  .27633785E+01
  -.24000000E+00  .27567958E+01
  -.20000000E+00  .27502008E+01
  -.16000000E+00  .27435940E+01
  -.12000000E+00  .27369750E+01
  -.80000000E-01  .27303437E+01
  -.40000000E-01  .27237001E+01
   .12351231E-14  .27170444E+01
   .40000000E-01  .27103760E+01
   .80000000E-01  .27036951E+01
   .12000000E+00  .26970017E+01
   .16000000E+00  .26902955E+01
   .20000000E+00  .26835768E+01
   .24000000E+00  .26768454E+01
   .28000000E+00  .26701014E+01
   .32000000E+00  .26633442E+01
   .36000000E+00  .26565741E+01
   .40000000E+00  .26497911E+01
   .44000000E+00  .26429951E+01
   .48000000E+00  .26361862E+01
   .52000000E+00  .26293639E+01
   .56000000E+00  .26225284E+01
   .60000000E+00  .26156805E+01
   .64000000E+00  .26088170E+01
   .68000000E+00  .26019413E+01
   .72000000E+00  .25950521E+01
   .76000000E+00  .25881493E+01
   .80000000E+00  .25812328E+01
   .84000000E+00  .25743028E+01
   .88000000E+00  .25673587E+01
   .92000000E+00  .25604010E+01
   .96000000E+00  .25534293E+01
   .10000000E+01  .25464434E+01
   .10400000E+01  .25394438E+01
   .10800000E+01  .25324299E+01
   .11200000E+01  .25254016E+01
   .11600000E+01  .25183591E+01
   .12000000E+01  .25113023E+01
   .12400000E+01  .25042311E+01
   .12800000E+01  .24971452E+01
   .13200000E+01  .24900449E+01
   .13600000E+01  .24829298E+01
   .14000000E+01  .24758001E+01
   .14400000E+01  .24686555E+01
   .14800000E+01  .24614959E+01
   .15200000E+01  .24543214E+01
   .15600000E+01  .24471319E+01
   .16000000E+01  .24399272E+01
   .16400000E+01  .24327073E+01
   .16800000E+01  .24254721E+01
   .17200000E+01  .24182216E+01
   .17600000E+01  .24109555E+01
   .18000000E+01  .24036739E+01
   .18400000E+01  .23963766E+01
   .18800000E+01  .23890636E+01
   .19200000E+01  .23817349E+01
   .19600000E+01  .23743902E+01
   .20000000E+01  .23670295E+01
Potential  L  =        4.00000    .00000
  -.20000000E+01  .30359106E+01
  -.19600000E+01  .30297991E+01
  -.19200000E+01  .30236796E+01
  -.18800000E+01  .30175461E+01
  -.18400000E+01  .30114047E+01
  -.18000000E+01  .30052540E+01
  -.17600000E+01  .29990916E+01
  -.17200000E+01  .29929204E+01
  -.16800000E+01  .29867387E+01
  -.16400000E+01  .29805467E+01
  -.16000000E+01  .29743442E+01
  -.15600000E+01  .29681328E+01
  -.15200000E+01  .29619097E+01
  -.14800000E+01  .29556748E+01
  -.14400000E+01  .29494309E+01
  -.14000000E+01  .29431764E+01
  -.13600000E+01  .29369114E+01
  -.13200000E+01  .29306360E+01
  -.12800000E+01  .29243497E+01
  -.12400000E+01  .29180531E+01
  -.12000000E+01  .29117471E+01
  -.11600000E+01  .29054284E+01
  -.11200000E+01  .28990991E+01
  -.10800000E+01  .28927574E+01
  -.10400000E+01  .28864066E+01
  -.10000000E+01  .28800442E+01
  -.96000000E+00  .28736713E+01
  -.92000000E+00  .28672869E+01
  -.88000000E+00  .28608915E+01
  -.84000000E+00  .28544851E+01
  -.80000000E+00  .28480678E+01
  -.76000000E+00  .28416383E+01
  -.72000000E+00  .28351978E+01
  -.68000000E+00  .28287461E+01
  -.64000000E+00  .28222843E+01
  -.60000000E+00  .28158097E+01
  -.56000000E+00  .28093217E+01
  -.52000000E+00  .28028241E+01
  -.48000000E+00  .27963146E+01
  -.44000000E+00  .27897934E+01
  -.40000000E+00  .27832603E+01
  -.36000000E+00  .27767172E+01
  -.32000000E+00  .27701586E+01
  -.28000000E+00  .27635899E+01
  -.24000000E+00  .27570094E+01
  -.20000000E+00  .27504170E+01
  -.16000000E+00  .27438120E+01
  -.12000000E+00  .27371967E+01
  -.80000000E-01  .27305658E+01
  -.40000000E-01  .27239244E+01
   .12351231E-14  .27172710E+01
   .40000000E-01  .27106047E+01
   .80000000E-01  .27039258E+01
   .12000000E+00  .26972347E+01
   .16000000E+00  .26905311E+01
   .20000000E+00  .26838158E+01
   .24000000E+00  .26770855E+01
   .28000000E+00  .26703436E+01
   .32000000E+00  .26635888E+01
   .36000000E+00  .26568215E+01
   .40000000E+00  .26500407E+01
   .44000000E+00  .26432485E+01
   .48000000E+00  .26364419E+01
   .52000000E+00  .26296207E+01
   .56000000E+00  .26227880E+01
   .60000000E+00  .26159415E+01
   .64000000E+00  .26090832E+01
   .68000000E+00  .26022088E+01
   .72000000E+00  .25953223E+01
   .76000000E+00  .25884223E+01
   .80000000E+00  .25815086E+01
   .84000000E+00  .25745826E+01
   .88000000E+00  .25676401E+01
   .92000000E+00  .25606852E+01
   .96000000E+00  .25537164E+01
   .10000000E+01  .25467337E+01
   .10400000E+01  .25397368E+01
   .10800000E+01  .25327259E+01
   .11200000E+01  .25257008E+01
   .11600000E+01  .25186614E+01
   .12000000E+01  .25116077E+01
   .12400000E+01  .25045396E+01
   .12800000E+01  .24974570E+01
   .13200000E+01  .24903599E+01
   .13600000E+01  .24832482E+01
   .14000000E+01  .24761218E+01
   .14400000E+01  .24689805E+01
   .14800000E+01  .24618245E+01
   .15200000E+01  .24546534E+01
   .15600000E+01  .24474674E+01
   .16000000E+01  .24402662E+01
   .16400000E+01  .24330499E+01
   .16800000E+01  .24258183E+01
   .17200000E+01  .24185714E+01
   .17600000E+01  .24113090E+01
   .18000000E+01  .24040311E+01
   .18400000E+01  .23967376E+01
   .18800000E+01  .23894285E+01
   .19200000E+01  .23821036E+01
   .19600000E+01  .23747629E+01
   .20000000E+01  .23674062E+01
KBPotential  L  =       .00000  -4.39789
  -.20000000E+01 -.24465525E+01
  -.19600000E+01 -.28127034E+01
  -.19200000E+01 -.32461371E+01
  -.18800000E+01 -.37678554E+01
  -.18400000E+01 -.44086209E+01
  -.18000000E+01 -.52153726E+01
  -.17600000E+01 -.62634691E+01
  -.17200000E+01 -.76820334E+01
  -.16800000E+01 -.97123079E+01
  -.16400000E+01 -.12863093E+02
  -.16000000E+01 -.18423980E+02
  -.15600000E+01 -.30895326E+02
  -.15200000E+01 -.84454137E+02
  -.14800000E+01  .13421361E+03
  -.14400000E+01  .39008254E+02
  -.14000000E+01  .23350658E+02
  -.13600000E+01  .16915377E+02
  -.13200000E+01  .13405019E+02
  -.12800000E+01  .11192622E+02
  -.12400000E+01  .96691237E+01
  -.12000000E+01  .85549760E+01
  -.11600000E+01  .77038544E+01
  -.11200000E+01  .70317435E+01
  -.10800000E+01  .64869616E+01
  -.10400000E+01  .60359714E+01
  -.10000000E+01  .56560599E+01
  -.96000000E+00  .53312971E+01
  -.92000000E+00  .50501801E+01
  -.88000000E+00  .48041947E+01
  -.84000000E+00  .45869045E+01
  -.80000000E+00  .43933527E+01
  -.76000000E+00  .42196608E+01
  -.72000000E+00  .40627499E+01
  -.68000000E+00  .39201451E+01
  -.64000000E+00  .37898340E+01
  -.60000000E+00  .36701638E+01
  -.56000000E+00  .35597642E+01
  -.52000000E+00  .34574893E+01
  -.48000000E+00  .33623741E+01
  -.44000000E+00  .32735991E+01
  -.40000000E+00  .31904649E+01
  -.36000000E+00  .31123704E+01
  -.32000000E+00  .30387965E+01
  -.28000000E+00  .29692921E+01
  -.24000000E+00  .29034634E+01
  -.20000000E+00  .28409655E+01
  -.16000000E+00  .27814946E+01
  -.12000000E+00  .27247821E+01
  -.80000000E-01  .26705898E+01
  -.40000000E-01  .26187056E+01
   .12351231E-14  .25689400E+01
   .40000000E-01  .25211233E+01
   .80000000E-01  .24751028E+01
   .12000000E+00  .24307410E+01
   .16000000E+00  .23879136E+01
   .20000000E+00  .23465081E+01
   .24000000E+00  .23064220E+01
   .28000000E+00  .22675622E+01
   .32000000E+00  .22298439E+01
   .36000000E+00  .21931892E+01
   .40000000E+00  .21575270E+01
   .44000000E+00  .21227919E+01
   .48000000E+00  .20889238E+01
   .52000000E+00  .20558673E+01
   .56000000E+00  .20235712E+01
   .60000000E+00  .19919884E+01
   .64000000E+00  .19610751E+01
   .68000000E+00  .19307904E+01
   .72000000E+00  .19010968E+01
   .76000000E+00  .18719591E+01
   .80000000E+00  .18433446E+01
   .84000000E+00  .18152227E+01
   .88000000E+00  .17875650E+01
   .92000000E+00  .17603447E+01
   .96000000E+00  .17335369E+01
   .10000000E+01  .17071181E+01
   .10400000E+01  .16810663E+01
   .10800000E+01  .16553608E+01
   .11200000E+01  .16299821E+01
   .11600000E+01  .16049118E+01
   .12000000E+01  .15801327E+01
   .12400000E+01  .15556283E+01
   .12800000E+01  .15313832E+01
   .13200000E+01  .15073827E+01
   .13600000E+01  .14836129E+01
   .14000000E+01  .14600606E+01
   .14400000E+01  .14367134E+01
   .14800000E+01  .14135595E+01
   .15200000E+01  .13905873E+01
   .15600000E+01  .13677862E+01
   .16000000E+01  .13451459E+01
   .16400000E+01  .13226567E+01
   .16800000E+01  .13003090E+01
   .17200000E+01  .12780941E+01
   .17600000E+01  .12560032E+01
   .18000000E+01  .12340282E+01
   .18400000E+01  .12121612E+01
   .18800000E+01  .11903947E+01
   .19200000E+01  .11687213E+01
   .19600000E+01  .11471341E+01
   .20000000E+01  .11256263E+01
KBPotential  L  =      1.00000  -1.64670
  -.20000000E+01  .89471508E+00
  -.19600000E+01  .86626669E+00
  -.19200000E+01  .83696810E+00
  -.18800000E+01  .80676502E+00
  -.18400000E+01  .77559832E+00
  -.18000000E+01  .74340345E+00
  -.17600000E+01  .71010982E+00
  -.17200000E+01  .67564001E+00
  -.16800000E+01  .63990901E+00
  -.16400000E+01  .60282321E+00
  -.16000000E+01  .56427930E+00
  -.15600000E+01  .52416293E+00
  -.15200000E+01  .48234737E+00
  -.14800000E+01  .43869150E+00
  -.14400000E+01  .39303790E+00
  -.14000000E+01  .34521040E+00
  -.13600000E+01  .29501116E+00
  -.13200000E+01  .24221723E+00
  -.12800000E+01  .18657649E+00
  -.12400000E+01  .12780262E+00
  -.12000000E+01  .65569163E-01
  -.11600000E+01 -.49780638E-03
  -.11200000E+01 -.70828622E-01
  -.10800000E+01 -.14592108E+00
  -.10400000E+01 -.22635425E+00
  -.10000000E+01 -.31280571E+00
  -.96000000E+00 -.40607350E+00
  -.92000000E+00 -.50710382E+00
  -.88000000E+00 -.61702841E+00
  -.84000000E+00 -.73721017E+00
  -.80000000E+00 -.86930709E+00
  -.76000000E+00 -.10153561E+01
  -.72000000E+00 -.11778882E+01
  -.68000000E+00 -.13600874E+01
  -.64000000E+00 -.15660165E+01
  -.60000000E+00 -.18009424E+01
  -.56000000E+00 -.20718181E+01
  -.52000000E+00 -.23880159E+01
  -.48000000E+00 -.27624802E+01
  -.44000000E+00 -.32136087E+01
  -.40000000E+00 -.37684618E+01
  -.36000000E+00 -.44685431E+01
  -.32000000E+00 -.53809142E+01
  -.28000000E+00 -.66214589E+01
  -.24000000E+00 -.84091870E+01
  -.20000000E+00 -.11213782E+02
  -.16000000E+00 -.16258002E+02
  -.12000000E+00 -.28036757E+02
  -.80000000E-01 -.87386173E+02
  -.40000000E-01  .88148909E+02
   .12351231E-14  .30439380E+02
   .40000000E-01  .18791629E+02
   .80000000E-01  .13783281E+02
   .12000000E+00  .10993198E+02
   .16000000E+00  .92125481E+01
   .20000000E+00  .79757924E+01
   .24000000E+00  .70655064E+01
   .28000000E+00  .63665195E+01
   .32000000E+00  .58121268E+01
   .36000000E+00  .53610221E+01
   .40000000E+00  .49862596E+01
   .44000000E+00  .46695127E+01
   .48000000E+00  .43978825E+01
   .52000000E+00  .41620268E+01
   .56000000E+00  .39550138E+01
   .60000000E+00  .37715910E+01
   .64000000E+00  .36077063E+01
   .68000000E+00  .34601833E+01
   .72000000E+00  .33264968E+01
   .76000000E+00  .32046141E+01
   .80000000E+00  .30928807E+01
   .84000000E+00  .29899359E+01
   .88000000E+00  .28946503E+01
   .92000000E+00  .28060791E+01
   .96000000E+00  .27234253E+01
   .10000000E+01  .26460123E+01
   .10400000E+01  .25732616E+01
   .10800000E+01  .25046760E+01
   .11200000E+01  .24398254E+01
   .11600000E+01  .23783362E+01
   .12000000E+01  .23198822E+01
   .12400000E+01  .22641769E+01
   .12800000E+01  .22109684E+01
   .13200000E+01  .21600336E+01
   .13600000E+01  .21111745E+01
   .14000000E+01  .20642149E+01
   .14400000E+01  .20189971E+01
   .14800000E+01  .19753798E+01
   .15200000E+01  .19332360E+01
   .15600000E+01  .18924510E+01
   .16000000E+01  .18529212E+01
   .16400000E+01  .18145526E+01
   .16800000E+01  .17772599E+01
   .17200000E+01  .17409653E+01
   .17600000E+01  .17055978E+01
   .18000000E+01  .16710924E+01
   .18400000E+01  .16373894E+01
   .18800000E+01  .16044343E+01
   .19200000E+01  .15721765E+01
   .19600000E+01  .15405696E+01
   .20000000E+01  .15095706E+01
KBPotential  L  =      2.00000    .00000
  -.20000000E+01  .18708264E+01
  -.19600000E+01  .18609979E+01
  -.19200000E+01  .18511297E+01
  -.18800000E+01  .18412214E+01
  -.18400000E+01  .18312727E+01
  -.18000000E+01  .18212830E+01
  -.17600000E+01  .18112520E+01
  -.17200000E+01  .18011793E+01
  -.16800000E+01  .17910643E+01
  -.16400000E+01  .17809067E+01
  -.16000000E+01  .17707060E+01
  -.15600000E+01  .17604618E+01
  -.15200000E+01  .17501735E+01
  -.14800000E+01  .17398407E+01
  -.14400000E+01  .17294630E+01
  -.14000000E+01  .17190398E+01
  -.13600000E+01  .17085706E+01
  -.13200000E+01  .16980550E+01
  -.12800000E+01  .16874923E+01
  -.12400000E+01  .16768822E+01
  -.12000000E+01  .16662241E+01
  -.11600000E+01  .16555173E+01
  -.11200000E+01  .16447615E+01
  -.10800000E+01  .16339560E+01
  -.10400000E+01  .16231002E+01
  -.10000000E+01  .16121937E+01
  -.96000000E+00  .16012357E+01
  -.92000000E+00  .15902257E+01
  -.88000000E+00  .15791631E+01
  -.84000000E+00  .15680473E+01
  -.80000000E+00  .15568777E+01
  -.76000000E+00  .15456536E+01
  -.72000000E+00  .15343743E+01
  -.68000000E+00  .15230393E+01
  -.64000000E+00  .15116478E+01
  -.60000000E+00  .15001992E+01
  -.56000000E+00  .14886927E+01
  -.52000000E+00  .14771277E+01
  -.48000000E+00  .14655034E+01
  -.44000000E+00  .14538191E+01
  -.40000000E+00  .14420741E+01
  -.36000000E+00  .14302676E+01
  -.32000000E+00  .14183988E+01
  -.28000000E+00  .14064669E+01
  -.24000000E+00  .13944712E+01
  -.20000000E+00  .13824107E+01
  -.16000000E+00  .13702848E+01
  -.12000000E+00  .13580925E+01
  -.80000000E-01  .13458330E+01
  -.40000000E-01  .13335054E+01
   .12351231E-14  .13211087E+01
   .40000000E-01  .13086422E+01
   .80000000E-01  .12961047E+01
   .12000000E+00  .12834955E+01
   .16000000E+00  .12708136E+01
   .20000000E+00  .12580578E+01
   .24000000E+00  .12452273E+01
   .28000000E+00  .12323210E+01
   .32000000E+00  .12193379E+01
   .36000000E+00  .12062769E+01
   .40000000E+00  .11931369E+01
   .44000000E+00  .11799168E+01
   .48000000E+00  .11666154E+01
   .52000000E+00  .11532317E+01
   .56000000E+00  .11397644E+01
   .60000000E+00  .11262123E+01
   .64000000E+00  .11125741E+01
   .68000000E+00  .10988488E+01
   .72000000E+00  .10850349E+01
   .76000000E+00  .10711311E+01
   .80000000E+00  .10571361E+01
   .84000000E+00  .10430486E+01
   .88000000E+00  .10288671E+01
   .92000000E+00  .10145903E+01
   .96000000E+00  .10002166E+01
   .10000000E+01  .98574460E+00
   .10400000E+01  .97117275E+00
   .10800000E+01  .95649952E+00
   .11200000E+01  .94172330E+00
   .11600000E+01  .92684247E+00
   .12000000E+01  .91185538E+00
   .12400000E+01  .89676032E+00
   .12800000E+01  .88155555E+00
   .13200000E+01  .86623931E+00
   .13600000E+01  .85080976E+00
   .14000000E+01  .83526506E+00
   .14400000E+01  .81960329E+00
   .14800000E+01  .80382251E+00
   .15200000E+01  .78792073E+00
   .15600000E+01  .77189589E+00
   .16000000E+01  .75574592E+00
   .16400000E+01  .73946866E+00
   .16800000E+01  .72306193E+00
   .17200000E+01  .70652348E+00
   .17600000E+01  .68985110E+00
   .18000000E+01  .67304224E+00
   .18400000E+01  .65609456E+00
   .18800000E+01  .63900561E+00
   .19200000E+01  .62177283E+00
   .19600000E+01  .60439361E+00
   .20000000E+01  .58686529E+00
KBPotential  L  =      3.00000    .00000
  -.20000000E+01  .24589589E+01
  -.19600000E+01  .24514695E+01
  -.19200000E+01  .24439620E+01
  -.18800000E+01  .24364366E+01
  -.18400000E+01  .24288929E+01
  -.18000000E+01  .24213310E+01
  -.17600000E+01  .24137506E+01
  -.17200000E+01  .24061518E+01
  -.16800000E+01  .23985343E+01
  -.16400000E+01  .23908980E+01
  -.16000000E+01  .23832429E+01
  -.15600000E+01  .23755687E+01
  -.15200000E+01  .23678755E+01
  -.14800000E+01  .23601630E+01
  -.14400000E+01  .23524311E+01
  -.14000000E+01  .23446798E+01
  -.13600000E+01  .23369088E+01
  -.13200000E+01  .23291181E+01
  -.12800000E+01  .23213075E+01
  -.12400000E+01  .23134769E+01
  -.12000000E+01  .23056261E+01
  -.11600000E+01  .22977551E+01
  -.11200000E+01  .22898637E+01
  -.10800000E+01  .22819517E+01
  -.10400000E+01  .22740191E+01
  -.10000000E+01  .22660656E+01
  -.96000000E+00  .22580912E+01
  -.92000000E+00  .22500957E+01
  -.88000000E+00  .22420789E+01
  -.84000000E+00  .22340407E+01
  -.80000000E+00  .22259811E+01
  -.76000000E+00  .22178997E+01
  -.72000000E+00  .22097965E+01
  -.68000000E+00  .22016713E+01
  -.64000000E+00  .21935240E+01
  -.60000000E+00  .21853544E+01
  -.56000000E+00  .21771624E+01
  -.52000000E+00  .21689478E+01
  -.48000000E+00  .21607104E+01
  -.44000000E+00  .21524501E+01
  -.40000000E+00  .21441667E+01
  -.36000000E+00  .21358601E+01
  -.32000000E+00  .21275301E+01
  -.28000000E+00  .21191765E+01
  -.24000000E+00  .21107992E+01
  -.20000000E+00  .21023979E+01
  -.16000000E+00  .20939726E+01
  -.12000000E+00  .20855230E+01
  -.80000000E-01  .20770490E+01
  -.40000000E-01  .20685504E+01
   .12351231E-14  .20600270E+01
   .40000000E-01  .20514786E+01
   .80000000E-01  .20429051E+01
   .12000000E+00  .20343062E+01
   .16000000E+00  .20256818E+01
   .20000000E+00  .20170316E+01
   .24000000E+00  .20083556E+01
   .28000000E+00  .19996535E+01
   .32000000E+00  .19909250E+01
   .36000000E+00  .19821701E+01
   .40000000E+00  .19733884E+01
   .44000000E+00  .19645798E+01
   .48000000E+00  .19557442E+01
   .52000000E+00  .19468812E+01
   .56000000E+00  .19379907E+01
   .60000000E+00  .19290725E+01
   .64000000E+00  .19201263E+01
   .68000000E+00  .19111519E+01
   .72000000E+00  .19021491E+01
   .76000000E+00  .18931178E+01
   .80000000E+00  .18840576E+01
   .84000000E+00  .18749683E+01
   .88000000E+00  .18658497E+01
   .92000000E+00  .18567016E+01
   .96000000E+00  .18475238E+01
   .10000000E+01  .18383159E+01
   .10400000E+01  .18290778E+01
   .10800000E+01  .18198092E+01
   .11200000E+01  .18105099E+01
   .11600000E+01  .18011796E+01
   .12000000E+01  .17918181E+01
   .12400000E+01  .17824250E+01
   .12800000E+01  .17730003E+01
   .13200000E+01  .17635435E+01
   .13600000E+01  .17540544E+01
   .14000000E+01  .17445328E+01
   .14400000E+01  .17349783E+01
   .14800000E+01  .17253908E+01
   .15200000E+01  .17157699E+01
   .15600000E+01  .17061154E+01
   .16000000E+01  .16964269E+01
   .16400000E+01  .16867041E+01
   .16800000E+01  .16769469E+01
   .17200000E+01  .16671548E+01
   .17600000E+01  .16573277E+01
   .18000000E+01  .16474651E+01
   .18400000E+01  .16375667E+01
   .18800000E+01  .16276324E+01
   .19200000E+01  .16176617E+01
   .19600000E+01  .16076543E+01
   .20000000E+01  .15976099E+01
KBPotential  L  =      4.00000    .00000
  -.20000000E+01  .30359106E+01
  -.19600000E+01  .30297991E+01
  -.19200000E+01  .30236796E+01
  -.18800000E+01  .30175461E+01
  -.18400000E+01  .30114047E+01
  -.18000000E+01  .30052540E+01
  -.17600000E+01  .29990916E+01
  -.17200000E+01  .29929204E+01
  -.16800000E+01  .29867387E+01
  -.16400000E+01  .29805467E+01
  -.16000000E+01  .29743442E+01
  -.15600000E+01  .29681328E+01
  -.15200000E+01  .29619097E+01
  -.14800000E+01  .29556748E+01
  -.14400000E+01  .29494309E+01
  -.14000000E+01  .29431764E+01
  -.13600000E+01  .29369114E+01
  -.13200000E+01  .29306360E+01
  -.12800000E+01  .29243497E+01
  -.12400000E+01  .29180531E+01
  -.12000000E+01  .29117471E+01
  -.11600000E+01  .29054284E+01
  -.11200000E+01  .28990991E+01
  -.10800000E+01  .28927574E+01
  -.10400000E+01  .28864066E+01
  -.10000000E+01  .28800442E+01
  -.96000000E+00  .28736713E+01
  -.92000000E+00  .28672869E+01
  -.88000000E+00  .28608915E+01
  -.84000000E+00  .28544851E+01
  -.80000000E+00  .28480678E+01
  -.76000000E+00  .28416383E+01
  -.72000000E+00  .28351978E+01
  -.68000000E+00  .28287461E+01
  -.64000000E+00  .28222843E+01
  -.60000000E+00  .28158097E+01
  -.56000000E+00  .28093217E+01
  -.52000000E+00  .28028241E+01
  -.48000000E+00  .27963146E+01
  -.44000000E+00  .27897934E+01
  -.40000000E+00  .27832603E+01
  -.36000000E+00  .27767172E+01
  -.32000000E+00  .27701586E+01
  -.28000000E+00  .27635899E+01
  -.24000000E+00  .27570094E+01
  -.20000000E+00  .27504170E+01
  -.16000000E+00  .27438120E+01
  -.12000000E+00  .27371967E+01
  -.80000000E-01  .27305658E+01
  -.40000000E-01  .27239244E+01
   .12351231E-14  .27172710E+01
   .40000000E-01  .27106047E+01
   .80000000E-01  .27039258E+01
   .12000000E+00  .26972347E+01
   .16000000E+00  .26905311E+01
   .20000000E+00  .26838158E+01
   .24000000E+00  .26770855E+01
   .28000000E+00  .26703436E+01
   .32000000E+00  .26635888E+01
   .36000000E+00  .26568215E+01
   .40000000E+00  .26500407E+01
   .44000000E+00  .26432485E+01
   .48000000E+00  .26364419E+01
   .52000000E+00  .26296207E+01
   .56000000E+00  .26227880E+01
   .60000000E+00  .26159415E+01
   .64000000E+00  .26090832E+01
   .68000000E+00  .26022088E+01
   .72000000E+00  .25953223E+01
   .76000000E+00  .25884223E+01
   .80000000E+00  .25815086E+01
   .84000000E+00  .25745826E+01
   .88000000E+00  .25676401E+01
   .92000000E+00  .25606852E+01
   .96000000E+00  .25537164E+01
   .10000000E+01  .25467337E+01
   .10400000E+01  .25397368E+01
   .10800000E+01  .25327259E+01
   .11200000E+01  .25257008E+01
   .11600000E+01  .25186614E+01
   .12000000E+01  .25116077E+01
   .12400000E+01  .25045396E+01
   .12800000E+01  .24974570E+01
   .13200000E+01  .24903599E+01
   .13600000E+01  .24832482E+01
   .14000000E+01  .24761218E+01
   .14400000E+01  .24689805E+01
   .14800000E+01  .24618245E+01
   .15200000E+01  .24546534E+01
   .15600000E+01  .24474674E+01
   .16000000E+01  .24402662E+01
   .16400000E+01  .24330499E+01
   .16800000E+01  .24258183E+01
   .17200000E+01  .24185714E+01
   .17600000E+01  .24113090E+01
   .18000000E+01  .24040311E+01
   .18400000E+01  .23967376E+01
   .18800000E+01  .23894285E+01
   .19200000E+01  .23821036E+01
   .19600000E+01  .23747629E+01
   .20000000E+01  .23674062E+01
