  PAW F                                  
 100
Core Pot   L  =         .00000  -2.17716
  -.30000000E+01 -.14297685E+00
  -.29500000E+01 -.18270526E+00
  -.29000000E+01 -.22320652E+00
  -.28500000E+01 -.26450789E+00
  -.28000000E+01 -.30663795E+00
  -.27500000E+01 -.34962666E+00
  -.27000000E+01 -.39350547E+00
  -.26500000E+01 -.43830739E+00
  -.26000000E+01 -.48406713E+00
  -.25500000E+01 -.53082114E+00
  -.25000000E+01 -.57860780E+00
  -.24500000E+01 -.62746749E+00
  -.24000000E+01 -.67744277E+00
  -.23500000E+01 -.72857847E+00
  -.23000000E+01 -.78092191E+00
  -.22500000E+01 -.83452301E+00
  -.22000000E+01 -.88943454E+00
  -.21500000E+01 -.94571227E+00
  -.21000000E+01 -.10034152E+01
  -.20500000E+01 -.10626058E+01
  -.20000000E+01 -.11233503E+01
  -.19500000E+01 -.11857190E+01
  -.19000000E+01 -.12497864E+01
  -.18500000E+01 -.13156318E+01
  -.18000000E+01 -.13833394E+01
  -.17500000E+01 -.14529989E+01
  -.17000000E+01 -.15247061E+01
  -.16500000E+01 -.15985628E+01
  -.16000000E+01 -.16746780E+01
  -.15500000E+01 -.17531682E+01
  -.15000000E+01 -.18341581E+01
  -.14500000E+01 -.19177812E+01
  -.14000000E+01 -.20041808E+01
  -.13500000E+01 -.20935109E+01
  -.13000000E+01 -.21859371E+01
  -.12500000E+01 -.22816378E+01
  -.12000000E+01 -.23808053E+01
  -.11500000E+01 -.24836476E+01
  -.11000000E+01 -.25903894E+01
  -.10500000E+01 -.27012745E+01
  -.10000000E+01 -.28165672E+01
  -.95000000E+00 -.29365550E+01
  -.90000000E+00 -.30615512E+01
  -.85000000E+00 -.31918973E+01
  -.80000000E+00 -.33279670E+01
  -.75000000E+00 -.34701696E+01
  -.70000000E+00 -.36189544E+01
  -.65000000E+00 -.37748159E+01
  -.60000000E+00 -.39382995E+01
  -.55000000E+00 -.41100080E+01
  -.50000000E+00 -.42906101E+01
  -.45000000E+00 -.44808486E+01
  -.40000000E+00 -.46815519E+01
  -.35000000E+00 -.48936461E+01
  -.30000000E+00 -.51181701E+01
  -.25000000E+00 -.53562933E+01
  -.20000000E+00 -.56093366E+01
  -.15000000E+00 -.58787980E+01
  -.10000000E+00 -.61663832E+01
  -.50000000E-01 -.64740428E+01
  -.22898350E-14 -.68040180E+01
   .50000000E-01 -.71588968E+01
   .10000000E+00 -.75416837E+01
   .15000000E+00 -.79558871E+01
   .20000000E+00 -.84056296E+01
   .25000000E+00 -.88957883E+01
   .30000000E+00 -.94321760E+01
   .35000000E+00 -.10021777E+02
   .40000000E+00 -.10673057E+02
   .45000000E+00 -.11396380E+02
   .50000000E+00 -.12204568E+02
   .55000000E+00 -.13113681E+02
   .60000000E+00 -.14144103E+02
   .65000000E+00 -.15322106E+02
   .70000000E+00 -.16682139E+02
   .75000000E+00 -.18270278E+02
   .80000000E+00 -.20149585E+02
   .85000000E+00 -.22408729E+02
   .90000000E+00 -.25176453E+02
   .95000000E+00 -.28647095E+02
   .10000000E+01 -.33128462E+02
   .10500000E+01 -.39138804E+02
   .11000000E+01 -.47623730E+02
   .11500000E+01 -.60511121E+02
   .12000000E+01 -.82433982E+02
   .12500000E+01 -.12803881E+03
   .13000000E+01 -.28083962E+03
   .13500000E+01  .16132191E+04
   .14000000E+01  .21122435E+03
   .14500000E+01  .11383089E+03
   .15000000E+01  .78282807E+02
   .15500000E+01  .59864982E+02
   .16000000E+01  .48597245E+02
   .16500000E+01  .40991338E+02
   .17000000E+01  .35510671E+02
   .17500000E+01  .31372870E+02
   .18000000E+01  .28137613E+02
   .18500000E+01  .25538113E+02
   .19000000E+01  .23403298E+02
   .19500000E+01  .21618420E+02
   .20000000E+01  .20103637E+02
Potential  L  =         .00000  -2.17716
  -.30000000E+01 -.28419998E-01
  -.29500000E+01 -.71727946E-01
  -.29000000E+01 -.11610719E+00
  -.28500000E+01 -.16160638E+00
  -.28000000E+01 -.20827722E+00
  -.27500000E+01 -.25617466E+00
  -.27000000E+01 -.30535722E+00
  -.26500000E+01 -.35588724E+00
  -.26000000E+01 -.40783119E+00
  -.25500000E+01 -.46126005E+00
  -.25000000E+01 -.51624969E+00
  -.24500000E+01 -.57288130E+00
  -.24000000E+01 -.63124185E+00
  -.23500000E+01 -.69142461E+00
  -.23000000E+01 -.75352979E+00
  -.22500000E+01 -.81766511E+00
  -.22000000E+01 -.88394658E+00
  -.21500000E+01 -.95249930E+00
  -.21000000E+01 -.10234584E+01
  -.20500000E+01 -.10969699E+01
  -.20000000E+01 -.11731921E+01
  -.19500000E+01 -.12522967E+01
  -.19000000E+01 -.13344704E+01
  -.18500000E+01 -.14199163E+01
  -.18000000E+01 -.15088561E+01
  -.17500000E+01 -.16015320E+01
  -.17000000E+01 -.16982093E+01
  -.16500000E+01 -.17991792E+01
  -.16000000E+01 -.19047619E+01
  -.15500000E+01 -.20153104E+01
  -.15000000E+01 -.21312148E+01
  -.14500000E+01 -.22529074E+01
  -.14000000E+01 -.23808685E+01
  -.13500000E+01 -.25156332E+01
  -.13000000E+01 -.26577995E+01
  -.12500000E+01 -.28080376E+01
  -.12000000E+01 -.29671018E+01
  -.11500000E+01 -.31358432E+01
  -.11000000E+01 -.33152266E+01
  -.10500000E+01 -.35063494E+01
  -.10000000E+01 -.37104658E+01
  -.95000000E+00 -.39290157E+01
  -.90000000E+00 -.41636599E+01
  -.85000000E+00 -.44163250E+01
  -.80000000E+00 -.46892579E+01
  -.75000000E+00 -.49850961E+01
  -.70000000E+00 -.53069557E+01
  -.65000000E+00 -.56585457E+01
  -.60000000E+00 -.60443157E+01
  -.55000000E+00 -.64696507E+01
  -.50000000E+00 -.69411303E+01
  -.45000000E+00 -.74668796E+01
  -.40000000E+00 -.80570512E+01
  -.35000000E+00 -.87245001E+01
  -.30000000E+00 -.94857460E+01
  -.25000000E+00 -.10362381E+02
  -.20000000E+00 -.11383176E+02
  -.15000000E+00 -.12587337E+02
  -.10000000E+00 -.14029709E+02
  -.50000000E-01 -.15789430E+02
  -.22898350E-14 -.17985067E+02
   .50000000E-01 -.20802661E+02
   .10000000E+00 -.24551679E+02
   .15000000E+00 -.29787740E+02
   .20000000E+00 -.37618075E+02
   .25000000E+00 -.50612094E+02
   .30000000E+00 -.76404573E+02
   .35000000E+00 -.15230866E+03
   .40000000E+00 -.54619722E+04
   .45000000E+00  .16484809E+03
   .50000000E+00  .82043459E+02
   .55000000E+00  .54973933E+02
   .60000000E+00  .41532873E+02
   .65000000E+00  .33495474E+02
   .70000000E+00  .28146769E+02
   .75000000E+00  .24329654E+02
   .80000000E+00  .21467682E+02
   .85000000E+00  .19241433E+02
   .90000000E+00  .17459626E+02
   .95000000E+00  .16000721E+02
   .10000000E+01  .14783789E+02
   .10500000E+01  .13752859E+02
   .11000000E+01  .12867981E+02
   .11500000E+01  .12099889E+02
   .12000000E+01  .11426637E+02
   .12500000E+01  .10831447E+02
   .13000000E+01  .10301288E+02
   .13500000E+01  .98258736E+01
   .14000000E+01  .93969742E+01
   .14500000E+01  .90079283E+01
   .15000000E+01  .86532909E+01
   .15500000E+01  .83285639E+01
   .16000000E+01  .80299998E+01
   .16500000E+01  .77544514E+01
   .17000000E+01  .74992559E+01
   .17500000E+01  .72621458E+01
   .18000000E+01  .70411774E+01
   .18500000E+01  .68346758E+01
   .19000000E+01  .66411891E+01
   .19500000E+01  .64594533E+01
   .20000000E+01  .62883622E+01
Core Pot   L  =        1.00000   -.83017
  -.30000000E+01  .96263406E+00
  -.29500000E+01  .93834302E+00
  -.29000000E+01  .91370048E+00
  -.28500000E+01  .88869591E+00
  -.28000000E+01  .86331830E+00
  -.27500000E+01  .83755623E+00
  -.27000000E+01  .81139777E+00
  -.26500000E+01  .78483047E+00
  -.26000000E+01  .75784135E+00
  -.25500000E+01  .73041685E+00
  -.25000000E+01  .70254281E+00
  -.24500000E+01  .67420443E+00
  -.24000000E+01  .64538624E+00
  -.23500000E+01  .61607205E+00
  -.23000000E+01  .58624491E+00
  -.22500000E+01  .55588709E+00
  -.22000000E+01  .52497999E+00
  -.21500000E+01  .49350413E+00
  -.21000000E+01  .46143937E+00
  -.20500000E+01  .42876363E+00
  -.20000000E+01  .39545468E+00
  -.19500000E+01  .36148884E+00
  -.19000000E+01  .32684121E+00
  -.18500000E+01  .29148559E+00
  -.18000000E+01  .25539438E+00
  -.17500000E+01  .21853851E+00
  -.17000000E+01  .18088733E+00
  -.16500000E+01  .14240850E+00
  -.16000000E+01  .10306788E+00
  -.15500000E+01  .62829366E-01
  -.15000000E+01  .21654807E-01
  -.14500000E+01 -.20496189E-01
  -.14000000E+01 -.63666405E-01
  -.13500000E+01 -.10790120E+00
  -.13000000E+01 -.15324869E+00
  -.12500000E+01 -.19976000E+00
  -.12000000E+01 -.24748946E+00
  -.11500000E+01 -.29649488E+00
  -.11000000E+01 -.34683783E+00
  -.10500000E+01 -.39858396E+00
  -.10000000E+01 -.45180333E+00
  -.95000000E+00 -.50657080E+00
  -.90000000E+00 -.56296645E+00
  -.85000000E+00 -.62107601E+00
  -.80000000E+00 -.68099143E+00
  -.75000000E+00 -.74281138E+00
  -.70000000E+00 -.80664196E+00
  -.65000000E+00 -.87259732E+00
  -.60000000E+00 -.94080052E+00
  -.55000000E+00 -.10113844E+01
  -.50000000E+00 -.10844925E+01
  -.45000000E+00 -.11602802E+01
  -.40000000E+00 -.12389161E+01
  -.35000000E+00 -.13205833E+01
  -.30000000E+00 -.14054809E+01
  -.25000000E+00 -.14938262E+01
  -.20000000E+00 -.15858562E+01
  -.15000000E+00 -.16818305E+01
  -.10000000E+00 -.17820338E+01
  -.50000000E-01 -.18867787E+01
  -.22898350E-14 -.19964099E+01
   .50000000E-01 -.21113078E+01
   .10000000E+00 -.22318936E+01
   .15000000E+00 -.23586347E+01
   .20000000E+00 -.24920514E+01
   .25000000E+00 -.26327246E+01
   .30000000E+00 -.27813046E+01
   .35000000E+00 -.29385221E+01
   .40000000E+00 -.31052011E+01
   .45000000E+00 -.32822738E+01
   .50000000E+00 -.34707995E+01
   .55000000E+00 -.36719867E+01
   .60000000E+00 -.38872205E+01
   .65000000E+00 -.41180959E+01
   .70000000E+00 -.43664595E+01
   .75000000E+00 -.46344604E+01
   .80000000E+00 -.49246159E+01
   .85000000E+00 -.52398928E+01
   .90000000E+00 -.55838131E+01
   .95000000E+00 -.59605900E+01
   .10000000E+01 -.63753065E+01
   .10500000E+01 -.68341514E+01
   .11000000E+01 -.73447381E+01
   .11500000E+01 -.79165391E+01
   .12000000E+01 -.85614904E+01
   .12500000E+01 -.92948483E+01
   .13000000E+01 -.10136430E+02
   .13500000E+01 -.11112455E+02
   .14000000E+01 -.12258361E+02
   .14500000E+01 -.13623239E+02
   .15000000E+01 -.15277117E+02
   .15500000E+01 -.17323448E+02
   .16000000E+01 -.19921758E+02
   .16500000E+01 -.23331593E+02
   .17000000E+01 -.28005471E+02
   .17500000E+01 -.34809182E+02
   .18000000E+01 -.45633154E+02
   .18500000E+01 -.65545161E+02
   .19000000E+01 -.11430342E+03
   .19500000E+01 -.41971146E+03
   .20000000E+01  .25985002E+03
Potential  L  =        1.00000   -.83017
  -.30000000E+01  .81592217E+00
  -.29500000E+01  .79173359E+00
  -.29000000E+01  .76724883E+00
  -.28500000E+01  .74246060E+00
  -.28000000E+01  .71736146E+00
  -.27500000E+01  .69194368E+00
  -.27000000E+01  .66619927E+00
  -.26500000E+01  .64011999E+00
  -.26000000E+01  .61369728E+00
  -.25500000E+01  .58692231E+00
  -.25000000E+01  .55978591E+00
  -.24500000E+01  .53227863E+00
  -.24000000E+01  .50439061E+00
  -.23500000E+01  .47611168E+00
  -.23000000E+01  .44743127E+00
  -.22500000E+01  .41833844E+00
  -.22000000E+01  .38882181E+00
  -.21500000E+01  .35886960E+00
  -.21000000E+01  .32846956E+00
  -.20500000E+01  .29760898E+00
  -.20000000E+01  .26627465E+00
  -.19500000E+01  .23445283E+00
  -.19000000E+01  .20212924E+00
  -.18500000E+01  .16928905E+00
  -.18000000E+01  .13591678E+00
  -.17500000E+01  .10199636E+00
  -.17000000E+01  .67511042E-01
  -.16500000E+01  .32443360E-01
  -.16000000E+01 -.32248739E-02
  -.15500000E+01 -.39512630E-01
  -.15000000E+01 -.76439697E-01
  -.14500000E+01 -.11402673E+00
  -.14000000E+01 -.15229530E+00
  -.13500000E+01 -.19126793E+00
  -.13000000E+01 -.23096818E+00
  -.12500000E+01 -.27142067E+00
  -.12000000E+01 -.31265116E+00
  -.11500000E+01 -.35468664E+00
  -.11000000E+01 -.39755533E+00
  -.10500000E+01 -.44128685E+00
  -.10000000E+01 -.48591224E+00
  -.95000000E+00 -.53146405E+00
  -.90000000E+00 -.57797646E+00
  -.85000000E+00 -.62548538E+00
  -.80000000E+00 -.67402853E+00
  -.75000000E+00 -.72364560E+00
  -.70000000E+00 -.77437835E+00
  -.65000000E+00 -.82627074E+00
  -.60000000E+00 -.87936912E+00
  -.55000000E+00 -.93372234E+00
  -.50000000E+00 -.98938196E+00
  -.45000000E+00 -.10464024E+01
  -.40000000E+00 -.11048413E+01
  -.35000000E+00 -.11647594E+01
  -.30000000E+00 -.12262212E+01
  -.25000000E+00 -.12892948E+01
  -.20000000E+00 -.13540527E+01
  -.15000000E+00 -.14205717E+01
  -.10000000E+00 -.14889332E+01
  -.50000000E-01 -.15592240E+01
  -.22898350E-14 -.16315363E+01
   .50000000E-01 -.17059684E+01
   .10000000E+00 -.17826250E+01
   .15000000E+00 -.18616180E+01
   .20000000E+00 -.19430670E+01
   .25000000E+00 -.20270996E+01
   .30000000E+00 -.21138528E+01
   .35000000E+00 -.22034735E+01
   .40000000E+00 -.22961191E+01
   .45000000E+00 -.23919592E+01
   .50000000E+00 -.24911760E+01
   .55000000E+00 -.25939660E+01
   .60000000E+00 -.27005416E+01
   .65000000E+00 -.28111319E+01
   .70000000E+00 -.29259854E+01
   .75000000E+00 -.30453713E+01
   .80000000E+00 -.31695823E+01
   .85000000E+00 -.32989365E+01
   .90000000E+00 -.34337811E+01
   .95000000E+00 -.35744952E+01
   .10000000E+01 -.37214937E+01
   .10500000E+01 -.38752315E+01
   .11000000E+01 -.40362089E+01
   .11500000E+01 -.42049767E+01
   .12000000E+01 -.43821434E+01
   .12500000E+01 -.45683827E+01
   .13000000E+01 -.47644423E+01
   .13500000E+01 -.49711546E+01
   .14000000E+01 -.51894488E+01
   .14500000E+01 -.54203657E+01
   .15000000E+01 -.56650749E+01
   .15500000E+01 -.59248951E+01
   .16000000E+01 -.62013189E+01
   .16500000E+01 -.64960423E+01
   .17000000E+01 -.68110007E+01
   .17500000E+01 -.71484126E+01
   .18000000E+01 -.75108335E+01
   .18500000E+01 -.79012219E+01
   .19000000E+01 -.83230228E+01
   .19500000E+01 -.87802713E+01
   .20000000E+01 -.92777250E+01
Core Pot   L  =        2.00000   -.90000
  -.30000000E+01  .24021261E+01
  -.29500000E+01  .23927284E+01
  -.29000000E+01  .23833036E+01
  -.28500000E+01  .23738516E+01
  -.28000000E+01  .23643721E+01
  -.27500000E+01  .23548651E+01
  -.27000000E+01  .23453301E+01
  -.26500000E+01  .23357672E+01
  -.26000000E+01  .23261760E+01
  -.25500000E+01  .23165563E+01
  -.25000000E+01  .23069080E+01
  -.24500000E+01  .22972308E+01
  -.24000000E+01  .22875246E+01
  -.23500000E+01  .22777890E+01
  -.23000000E+01  .22680239E+01
  -.22500000E+01  .22582291E+01
  -.22000000E+01  .22484043E+01
  -.21500000E+01  .22385493E+01
  -.21000000E+01  .22286639E+01
  -.20500000E+01  .22187478E+01
  -.20000000E+01  .22088009E+01
  -.19500000E+01  .21988228E+01
  -.19000000E+01  .21888134E+01
  -.18500000E+01  .21787724E+01
  -.18000000E+01  .21686995E+01
  -.17500000E+01  .21585946E+01
  -.17000000E+01  .21484573E+01
  -.16500000E+01  .21382874E+01
  -.16000000E+01  .21280846E+01
  -.15500000E+01  .21178488E+01
  -.15000000E+01  .21075796E+01
  -.14500000E+01  .20972767E+01
  -.14000000E+01  .20869399E+01
  -.13500000E+01  .20765690E+01
  -.13000000E+01  .20661636E+01
  -.12500000E+01  .20557235E+01
  -.12000000E+01  .20452484E+01
  -.11500000E+01  .20347380E+01
  -.11000000E+01  .20241921E+01
  -.10500000E+01  .20136102E+01
  -.10000000E+01  .20029922E+01
  -.95000000E+00  .19923378E+01
  -.90000000E+00  .19816466E+01
  -.85000000E+00  .19709183E+01
  -.80000000E+00  .19601527E+01
  -.75000000E+00  .19493493E+01
  -.70000000E+00  .19385080E+01
  -.65000000E+00  .19276284E+01
  -.60000000E+00  .19167101E+01
  -.55000000E+00  .19057528E+01
  -.50000000E+00  .18947563E+01
  -.45000000E+00  .18837201E+01
  -.40000000E+00  .18726439E+01
  -.35000000E+00  .18615274E+01
  -.30000000E+00  .18503703E+01
  -.25000000E+00  .18391721E+01
  -.20000000E+00  .18279326E+01
  -.15000000E+00  .18166513E+01
  -.10000000E+00  .18053278E+01
  -.50000000E-01  .17939620E+01
  -.22898350E-14  .17825532E+01
   .50000000E-01  .17711012E+01
   .10000000E+00  .17596057E+01
   .15000000E+00  .17480661E+01
   .20000000E+00  .17364820E+01
   .25000000E+00  .17248532E+01
   .30000000E+00  .17131792E+01
   .35000000E+00  .17014595E+01
   .40000000E+00  .16896938E+01
   .45000000E+00  .16778817E+01
   .50000000E+00  .16660226E+01
   .55000000E+00  .16541163E+01
   .60000000E+00  .16421621E+01
   .65000000E+00  .16301598E+01
   .70000000E+00  .16181088E+01
   .75000000E+00  .16060087E+01
   .80000000E+00  .15938590E+01
   .85000000E+00  .15816592E+01
   .90000000E+00  .15694090E+01
   .95000000E+00  .15571077E+01
   .10000000E+01  .15447549E+01
   .10500000E+01  .15323502E+01
   .11000000E+01  .15198929E+01
   .11500000E+01  .15073826E+01
   .12000000E+01  .14948188E+01
   .12500000E+01  .14822010E+01
   .13000000E+01  .14695286E+01
   .13500000E+01  .14568011E+01
   .14000000E+01  .14440179E+01
   .14500000E+01  .14311785E+01
   .15000000E+01  .14182823E+01
   .15500000E+01  .14053288E+01
   .16000000E+01  .13923173E+01
   .16500000E+01  .13792474E+01
   .17000000E+01  .13661183E+01
   .17500000E+01  .13529295E+01
   .18000000E+01  .13396804E+01
   .18500000E+01  .13263703E+01
   .19000000E+01  .13129987E+01
   .19500000E+01  .12995648E+01
   .20000000E+01  .12860681E+01
Potential  L  =        2.00000   -.90000
  -.30000000E+01  .24023816E+01
  -.29500000E+01  .23929746E+01
  -.29000000E+01  .23835407E+01
  -.28500000E+01  .23740796E+01
  -.28000000E+01  .23645913E+01
  -.27500000E+01  .23550754E+01
  -.27000000E+01  .23455318E+01
  -.26500000E+01  .23359604E+01
  -.26000000E+01  .23263609E+01
  -.25500000E+01  .23167330E+01
  -.25000000E+01  .23070767E+01
  -.24500000E+01  .22973916E+01
  -.24000000E+01  .22876776E+01
  -.23500000E+01  .22779345E+01
  -.23000000E+01  .22681621E+01
  -.22500000E+01  .22583601E+01
  -.22000000E+01  .22485283E+01
  -.21500000E+01  .22386665E+01
  -.21000000E+01  .22287745E+01
  -.20500000E+01  .22188521E+01
  -.20000000E+01  .22088989E+01
  -.19500000E+01  .21989149E+01
  -.19000000E+01  .21888998E+01
  -.18500000E+01  .21788532E+01
  -.18000000E+01  .21687751E+01
  -.17500000E+01  .21586651E+01
  -.17000000E+01  .21485230E+01
  -.16500000E+01  .21383486E+01
  -.16000000E+01  .21281416E+01
  -.15500000E+01  .21179017E+01
  -.15000000E+01  .21076288E+01
  -.14500000E+01  .20973225E+01
  -.14000000E+01  .20869826E+01
  -.13500000E+01  .20766088E+01
  -.13000000E+01  .20662009E+01
  -.12500000E+01  .20557586E+01
  -.12000000E+01  .20452816E+01
  -.11500000E+01  .20347696E+01
  -.11000000E+01  .20242224E+01
  -.10500000E+01  .20136397E+01
  -.10000000E+01  .20030212E+01
  -.95000000E+00  .19923666E+01
  -.90000000E+00  .19816756E+01
  -.85000000E+00  .19709480E+01
  -.80000000E+00  .19601834E+01
  -.75000000E+00  .19493815E+01
  -.70000000E+00  .19385420E+01
  -.65000000E+00  .19276646E+01
  -.60000000E+00  .19167491E+01
  -.55000000E+00  .19057950E+01
  -.50000000E+00  .18948020E+01
  -.45000000E+00  .18837700E+01
  -.40000000E+00  .18726984E+01
  -.35000000E+00  .18615870E+01
  -.30000000E+00  .18504354E+01
  -.25000000E+00  .18392434E+01
  -.20000000E+00  .18280105E+01
  -.15000000E+00  .18167364E+01
  -.10000000E+00  .18054208E+01
  -.50000000E-01  .17940632E+01
  -.22898350E-14  .17826634E+01
   .50000000E-01  .17712210E+01
   .10000000E+00  .17597356E+01
   .15000000E+00  .17482068E+01
   .20000000E+00  .17366342E+01
   .25000000E+00  .17250175E+01
   .30000000E+00  .17133563E+01
   .35000000E+00  .17016502E+01
   .40000000E+00  .16898987E+01
   .45000000E+00  .16781015E+01
   .50000000E+00  .16662582E+01
   .55000000E+00  .16543683E+01
   .60000000E+00  .16424314E+01
   .65000000E+00  .16304472E+01
   .70000000E+00  .16184151E+01
   .75000000E+00  .16063348E+01
   .80000000E+00  .15942057E+01
   .85000000E+00  .15820275E+01
   .90000000E+00  .15697997E+01
   .95000000E+00  .15575218E+01
   .10000000E+01  .15451933E+01
   .10500000E+01  .15328139E+01
   .11000000E+01  .15203829E+01
   .11500000E+01  .15079000E+01
   .12000000E+01  .14953646E+01
   .12500000E+01  .14827762E+01
   .13000000E+01  .14701344E+01
   .13500000E+01  .14574386E+01
   .14000000E+01  .14446883E+01
   .14500000E+01  .14318829E+01
   .15000000E+01  .14190220E+01
   .15500000E+01  .14061050E+01
   .16000000E+01  .13931313E+01
   .16500000E+01  .13801004E+01
   .17000000E+01  .13670117E+01
   .17500000E+01  .13538647E+01
   .18000000E+01  .13406588E+01
   .18500000E+01  .13273933E+01
   .19000000E+01  .13140677E+01
   .19500000E+01  .13006814E+01
   .20000000E+01  .12872338E+01
Core Pot   L  =        3.00000    .00000
  -.30000000E+01  .33100667E+01
  -.29500000E+01  .33031873E+01
  -.29000000E+01  .32962969E+01
  -.28500000E+01  .32893955E+01
  -.28000000E+01  .32824830E+01
  -.27500000E+01  .32755595E+01
  -.27000000E+01  .32686248E+01
  -.26500000E+01  .32616789E+01
  -.26000000E+01  .32547217E+01
  -.25500000E+01  .32477533E+01
  -.25000000E+01  .32407736E+01
  -.24500000E+01  .32337824E+01
  -.24000000E+01  .32267799E+01
  -.23500000E+01  .32197659E+01
  -.23000000E+01  .32127403E+01
  -.22500000E+01  .32057032E+01
  -.22000000E+01  .31986545E+01
  -.21500000E+01  .31915941E+01
  -.21000000E+01  .31845220E+01
  -.20500000E+01  .31774381E+01
  -.20000000E+01  .31703424E+01
  -.19500000E+01  .31632348E+01
  -.19000000E+01  .31561153E+01
  -.18500000E+01  .31489839E+01
  -.18000000E+01  .31418404E+01
  -.17500000E+01  .31346848E+01
  -.17000000E+01  .31275172E+01
  -.16500000E+01  .31203373E+01
  -.16000000E+01  .31131452E+01
  -.15500000E+01  .31059409E+01
  -.15000000E+01  .30987242E+01
  -.14500000E+01  .30914951E+01
  -.14000000E+01  .30842536E+01
  -.13500000E+01  .30769996E+01
  -.13000000E+01  .30697330E+01
  -.12500000E+01  .30624538E+01
  -.12000000E+01  .30551620E+01
  -.11500000E+01  .30478574E+01
  -.11000000E+01  .30405401E+01
  -.10500000E+01  .30332099E+01
  -.10000000E+01  .30258668E+01
  -.95000000E+00  .30185108E+01
  -.90000000E+00  .30111418E+01
  -.85000000E+00  .30037598E+01
  -.80000000E+00  .29963646E+01
  -.75000000E+00  .29889562E+01
  -.70000000E+00  .29815346E+01
  -.65000000E+00  .29740997E+01
  -.60000000E+00  .29666515E+01
  -.55000000E+00  .29591898E+01
  -.50000000E+00  .29517147E+01
  -.45000000E+00  .29442260E+01
  -.40000000E+00  .29367237E+01
  -.35000000E+00  .29292077E+01
  -.30000000E+00  .29216780E+01
  -.25000000E+00  .29141346E+01
  -.20000000E+00  .29065773E+01
  -.15000000E+00  .28990060E+01
  -.10000000E+00  .28914208E+01
  -.50000000E-01  .28838215E+01
  -.22898350E-14  .28762082E+01
   .50000000E-01  .28685806E+01
   .10000000E+00  .28609388E+01
   .15000000E+00  .28532827E+01
   .20000000E+00  .28456122E+01
   .25000000E+00  .28379273E+01
   .30000000E+00  .28302279E+01
   .35000000E+00  .28225139E+01
   .40000000E+00  .28147852E+01
   .45000000E+00  .28070418E+01
   .50000000E+00  .27992837E+01
   .55000000E+00  .27915106E+01
   .60000000E+00  .27837227E+01
   .65000000E+00  .27759197E+01
   .70000000E+00  .27681017E+01
   .75000000E+00  .27602685E+01
   .80000000E+00  .27524202E+01
   .85000000E+00  .27445565E+01
   .90000000E+00  .27366775E+01
   .95000000E+00  .27287830E+01
   .10000000E+01  .27208730E+01
   .10500000E+01  .27129474E+01
   .11000000E+01  .27050062E+01
   .11500000E+01  .26970492E+01
   .12000000E+01  .26890764E+01
   .12500000E+01  .26810877E+01
   .13000000E+01  .26730830E+01
   .13500000E+01  .26650623E+01
   .14000000E+01  .26570254E+01
   .14500000E+01  .26489723E+01
   .15000000E+01  .26409030E+01
   .15500000E+01  .26328172E+01
   .16000000E+01  .26247150E+01
   .16500000E+01  .26165963E+01
   .17000000E+01  .26084609E+01
   .17500000E+01  .26003088E+01
   .18000000E+01  .25921400E+01
   .18500000E+01  .25839542E+01
   .19000000E+01  .25757516E+01
   .19500000E+01  .25675318E+01
   .20000000E+01  .25592949E+01
Potential  L  =        3.00000    .00000
  -.30000000E+01  .33115454E+01
  -.29500000E+01  .33046524E+01
  -.29000000E+01  .32977483E+01
  -.28500000E+01  .32908331E+01
  -.28000000E+01  .32839067E+01
  -.27500000E+01  .32769692E+01
  -.27000000E+01  .32700204E+01
  -.26500000E+01  .32630603E+01
  -.26000000E+01  .32560889E+01
  -.25500000E+01  .32491060E+01
  -.25000000E+01  .32421118E+01
  -.24500000E+01  .32351060E+01
  -.24000000E+01  .32280887E+01
  -.23500000E+01  .32210598E+01
  -.23000000E+01  .32140193E+01
  -.22500000E+01  .32069671E+01
  -.22000000E+01  .31999032E+01
  -.21500000E+01  .31928274E+01
  -.21000000E+01  .31857399E+01
  -.20500000E+01  .31786405E+01
  -.20000000E+01  .31715291E+01
  -.19500000E+01  .31644057E+01
  -.19000000E+01  .31572703E+01
  -.18500000E+01  .31501228E+01
  -.18000000E+01  .31429632E+01
  -.17500000E+01  .31357914E+01
  -.17000000E+01  .31286073E+01
  -.16500000E+01  .31214109E+01
  -.16000000E+01  .31142022E+01
  -.15500000E+01  .31069811E+01
  -.15000000E+01  .30997475E+01
  -.14500000E+01  .30925013E+01
  -.14000000E+01  .30852426E+01
  -.13500000E+01  .30779713E+01
  -.13000000E+01  .30706873E+01
  -.12500000E+01  .30633905E+01
  -.12000000E+01  .30560810E+01
  -.11500000E+01  .30487586E+01
  -.11000000E+01  .30414233E+01
  -.10500000E+01  .30340750E+01
  -.10000000E+01  .30267137E+01
  -.95000000E+00  .30193393E+01
  -.90000000E+00  .30119517E+01
  -.85000000E+00  .30045510E+01
  -.80000000E+00  .29971370E+01
  -.75000000E+00  .29897096E+01
  -.70000000E+00  .29822689E+01
  -.65000000E+00  .29748148E+01
  -.60000000E+00  .29673471E+01
  -.55000000E+00  .29598659E+01
  -.50000000E+00  .29523710E+01
  -.45000000E+00  .29448624E+01
  -.40000000E+00  .29373401E+01
  -.35000000E+00  .29298040E+01
  -.30000000E+00  .29222539E+01
  -.25000000E+00  .29146900E+01
  -.20000000E+00  .29071120E+01
  -.15000000E+00  .28995199E+01
  -.10000000E+00  .28919137E+01
  -.50000000E-01  .28842933E+01
  -.22898350E-14  .28766586E+01
   .50000000E-01  .28690096E+01
   .10000000E+00  .28613462E+01
   .15000000E+00  .28536683E+01
   .20000000E+00  .28459758E+01
   .25000000E+00  .28382687E+01
   .30000000E+00  .28305470E+01
   .35000000E+00  .28228105E+01
   .40000000E+00  .28150591E+01
   .45000000E+00  .28072929E+01
   .50000000E+00  .27995117E+01
   .55000000E+00  .27917155E+01
   .60000000E+00  .27839041E+01
   .65000000E+00  .27760776E+01
   .70000000E+00  .27682358E+01
   .75000000E+00  .27603787E+01
   .80000000E+00  .27525061E+01
   .85000000E+00  .27446181E+01
   .90000000E+00  .27367146E+01
   .95000000E+00  .27287954E+01
   .10000000E+01  .27208605E+01
   .10500000E+01  .27129098E+01
   .11000000E+01  .27049432E+01
   .11500000E+01  .26969607E+01
   .12000000E+01  .26889622E+01
   .12500000E+01  .26809476E+01
   .13000000E+01  .26729168E+01
   .13500000E+01  .26648697E+01
   .14000000E+01  .26568063E+01
   .14500000E+01  .26487265E+01
   .15000000E+01  .26406302E+01
   .15500000E+01  .26325172E+01
   .16000000E+01  .26243877E+01
   .16500000E+01  .26162413E+01
   .17000000E+01  .26080781E+01
   .17500000E+01  .25998980E+01
   .18000000E+01  .25917008E+01
   .18500000E+01  .25834866E+01
   .19000000E+01  .25752552E+01
   .19500000E+01  .25670065E+01
   .20000000E+01  .25587404E+01
Core Pot   L  =        4.00000    .00000
  -.30000000E+01  .41673679E+01
  -.29500000E+01  .41618388E+01
  -.29000000E+01  .41563038E+01
  -.28500000E+01  .41507631E+01
  -.28000000E+01  .41452164E+01
  -.27500000E+01  .41396639E+01
  -.27000000E+01  .41341055E+01
  -.26500000E+01  .41285412E+01
  -.26000000E+01  .41229709E+01
  -.25500000E+01  .41173947E+01
  -.25000000E+01  .41118125E+01
  -.24500000E+01  .41062244E+01
  -.24000000E+01  .41006303E+01
  -.23500000E+01  .40950301E+01
  -.23000000E+01  .40894240E+01
  -.22500000E+01  .40838118E+01
  -.22000000E+01  .40781935E+01
  -.21500000E+01  .40725691E+01
  -.21000000E+01  .40669387E+01
  -.20500000E+01  .40613021E+01
  -.20000000E+01  .40556594E+01
  -.19500000E+01  .40500106E+01
  -.19000000E+01  .40443556E+01
  -.18500000E+01  .40386944E+01
  -.18000000E+01  .40330270E+01
  -.17500000E+01  .40273534E+01
  -.17000000E+01  .40216735E+01
  -.16500000E+01  .40159874E+01
  -.16000000E+01  .40102950E+01
  -.15500000E+01  .40045964E+01
  -.15000000E+01  .39988914E+01
  -.14500000E+01  .39931801E+01
  -.14000000E+01  .39874625E+01
  -.13500000E+01  .39817384E+01
  -.13000000E+01  .39760080E+01
  -.12500000E+01  .39702713E+01
  -.12000000E+01  .39645280E+01
  -.11500000E+01  .39587784E+01
  -.11000000E+01  .39530223E+01
  -.10500000E+01  .39472597E+01
  -.10000000E+01  .39414906E+01
  -.95000000E+00  .39357150E+01
  -.90000000E+00  .39299329E+01
  -.85000000E+00  .39241443E+01
  -.80000000E+00  .39183490E+01
  -.75000000E+00  .39125472E+01
  -.70000000E+00  .39067387E+01
  -.65000000E+00  .39009237E+01
  -.60000000E+00  .38951019E+01
  -.55000000E+00  .38892736E+01
  -.50000000E+00  .38834385E+01
  -.45000000E+00  .38775967E+01
  -.40000000E+00  .38717482E+01
  -.35000000E+00  .38658929E+01
  -.30000000E+00  .38600309E+01
  -.25000000E+00  .38541621E+01
  -.20000000E+00  .38482864E+01
  -.15000000E+00  .38424040E+01
  -.10000000E+00  .38365147E+01
  -.50000000E-01  .38306185E+01
  -.22898350E-14  .38247154E+01
   .50000000E-01  .38188055E+01
   .10000000E+00  .38128886E+01
   .15000000E+00  .38069647E+01
   .20000000E+00  .38010339E+01
   .25000000E+00  .37950960E+01
   .30000000E+00  .37891512E+01
   .35000000E+00  .37831993E+01
   .40000000E+00  .37772403E+01
   .45000000E+00  .37712743E+01
   .50000000E+00  .37653012E+01
   .55000000E+00  .37593209E+01
   .60000000E+00  .37533335E+01
   .65000000E+00  .37473389E+01
   .70000000E+00  .37413371E+01
   .75000000E+00  .37353282E+01
   .80000000E+00  .37293120E+01
   .85000000E+00  .37232885E+01
   .90000000E+00  .37172577E+01
   .95000000E+00  .37112197E+01
   .10000000E+01  .37051743E+01
   .10500000E+01  .36991216E+01
   .11000000E+01  .36930615E+01
   .11500000E+01  .36869940E+01
   .12000000E+01  .36809190E+01
   .12500000E+01  .36748367E+01
   .13000000E+01  .36687469E+01
   .13500000E+01  .36626496E+01
   .14000000E+01  .36565447E+01
   .14500000E+01  .36504324E+01
   .15000000E+01  .36443125E+01
   .15500000E+01  .36381850E+01
   .16000000E+01  .36320499E+01
   .16500000E+01  .36259072E+01
   .17000000E+01  .36197568E+01
   .17500000E+01  .36135987E+01
   .18000000E+01  .36074329E+01
   .18500000E+01  .36012594E+01
   .19000000E+01  .35950782E+01
   .19500000E+01  .35888892E+01
   .20000000E+01  .35826923E+01
Potential  L  =        4.00000    .00000
  -.30000000E+01  .41704847E+01
  -.29500000E+01  .41649549E+01
  -.29000000E+01  .41594188E+01
  -.28500000E+01  .41538765E+01
  -.28000000E+01  .41483287E+01
  -.27500000E+01  .41427749E+01
  -.27000000E+01  .41372155E+01
  -.26500000E+01  .41316500E+01
  -.26000000E+01  .41260784E+01
  -.25500000E+01  .41205007E+01
  -.25000000E+01  .41149171E+01
  -.24500000E+01  .41093279E+01
  -.24000000E+01  .41037324E+01
  -.23500000E+01  .40981310E+01
  -.23000000E+01  .40925233E+01
  -.22500000E+01  .40869096E+01
  -.22000000E+01  .40812901E+01
  -.21500000E+01  .40756643E+01
  -.21000000E+01  .40700322E+01
  -.20500000E+01  .40643942E+01
  -.20000000E+01  .40587500E+01
  -.19500000E+01  .40530998E+01
  -.19000000E+01  .40474432E+01
  -.18500000E+01  .40417803E+01
  -.18000000E+01  .40361115E+01
  -.17500000E+01  .40304364E+01
  -.17000000E+01  .40247547E+01
  -.16500000E+01  .40190671E+01
  -.16000000E+01  .40133729E+01
  -.15500000E+01  .40076728E+01
  -.15000000E+01  .40019658E+01
  -.14500000E+01  .39962528E+01
  -.14000000E+01  .39905337E+01
  -.13500000E+01  .39848079E+01
  -.13000000E+01  .39790757E+01
  -.12500000E+01  .39733371E+01
  -.12000000E+01  .39675921E+01
  -.11500000E+01  .39618404E+01
  -.11000000E+01  .39560824E+01
  -.10500000E+01  .39503180E+01
  -.10000000E+01  .39445472E+01
  -.95000000E+00  .39387699E+01
  -.90000000E+00  .39329858E+01
  -.85000000E+00  .39271947E+01
  -.80000000E+00  .39213975E+01
  -.75000000E+00  .39155936E+01
  -.70000000E+00  .39097831E+01
  -.65000000E+00  .39039659E+01
  -.60000000E+00  .38981423E+01
  -.55000000E+00  .38923118E+01
  -.50000000E+00  .38864744E+01
  -.45000000E+00  .38806304E+01
  -.40000000E+00  .38747797E+01
  -.35000000E+00  .38689222E+01
  -.30000000E+00  .38630580E+01
  -.25000000E+00  .38571868E+01
  -.20000000E+00  .38513089E+01
  -.15000000E+00  .38454241E+01
  -.10000000E+00  .38395325E+01
  -.50000000E-01  .38336338E+01
  -.22898350E-14  .38277283E+01
   .50000000E-01  .38218159E+01
   .10000000E+00  .38158966E+01
   .15000000E+00  .38099702E+01
   .20000000E+00  .38040368E+01
   .25000000E+00  .37980964E+01
   .30000000E+00  .37921489E+01
   .35000000E+00  .37861947E+01
   .40000000E+00  .37802331E+01
   .45000000E+00  .37742640E+01
   .50000000E+00  .37682884E+01
   .55000000E+00  .37623052E+01
   .60000000E+00  .37563151E+01
   .65000000E+00  .37503178E+01
   .70000000E+00  .37443131E+01
   .75000000E+00  .37383013E+01
   .80000000E+00  .37322823E+01
   .85000000E+00  .37262558E+01
   .90000000E+00  .37202222E+01
   .95000000E+00  .37141813E+01
   .10000000E+01  .37081326E+01
   .10500000E+01  .37020768E+01
   .11000000E+01  .36960139E+01
   .11500000E+01  .36899431E+01
   .12000000E+01  .36838650E+01
   .12500000E+01  .36777795E+01
   .13000000E+01  .36716864E+01
   .13500000E+01  .36655859E+01
   .14000000E+01  .36594778E+01
   .14500000E+01  .36533622E+01
   .15000000E+01  .36472390E+01
   .15500000E+01  .36411081E+01
   .16000000E+01  .36349695E+01
   .16500000E+01  .36288233E+01
   .17000000E+01  .36226693E+01
   .17500000E+01  .36165077E+01
   .18000000E+01  .36103385E+01
   .18500000E+01  .36041613E+01
   .19000000E+01  .35979764E+01
   .19500000E+01  .35917837E+01
   .20000000E+01  .35855832E+01
KBPotential  L  =       .00000  -4.35433
  -.30000000E+01 -.14297032E+00
  -.29500000E+01 -.18269895E+00
  -.29000000E+01 -.22320048E+00
  -.28500000E+01 -.26450217E+00
  -.28000000E+01 -.30663258E+00
  -.27500000E+01 -.34962168E+00
  -.27000000E+01 -.39350092E+00
  -.26500000E+01 -.43830332E+00
  -.26000000E+01 -.48406356E+00
  -.25500000E+01 -.53081811E+00
  -.25000000E+01 -.57860536E+00
  -.24500000E+01 -.62746568E+00
  -.24000000E+01 -.67744161E+00
  -.23500000E+01 -.72857801E+00
  -.23000000E+01 -.78092217E+00
  -.22500000E+01 -.83452403E+00
  -.22000000E+01 -.88943635E+00
  -.21500000E+01 -.94571489E+00
  -.21000000E+01 -.10034187E+01
  -.20500000E+01 -.10626102E+01
  -.20000000E+01 -.11233556E+01
  -.19500000E+01 -.11857252E+01
  -.19000000E+01 -.12497934E+01
  -.18500000E+01 -.13156403E+01
  -.18000000E+01 -.13833487E+01
  -.17500000E+01 -.14530089E+01
  -.17000000E+01 -.15247167E+01
  -.16500000E+01 -.15985748E+01
  -.16000000E+01 -.16746911E+01
  -.15500000E+01 -.17531824E+01
  -.15000000E+01 -.18341733E+01
  -.14500000E+01 -.19177975E+01
  -.14000000E+01 -.20041982E+01
  -.13500000E+01 -.20935294E+01
  -.13000000E+01 -.21859567E+01
  -.12500000E+01 -.22816585E+01
  -.12000000E+01 -.23808271E+01
  -.11500000E+01 -.24836705E+01
  -.11000000E+01 -.25904135E+01
  -.10500000E+01 -.27012997E+01
  -.10000000E+01 -.28165936E+01
  -.95000000E+00 -.29365826E+01
  -.90000000E+00 -.30615800E+01
  -.85000000E+00 -.31919274E+01
  -.80000000E+00 -.33279985E+01
  -.75000000E+00 -.34702024E+01
  -.70000000E+00 -.36189888E+01
  -.65000000E+00 -.37748519E+01
  -.60000000E+00 -.39383372E+01
  -.55000000E+00 -.41100478E+01
  -.50000000E+00 -.42906520E+01
  -.45000000E+00 -.44808930E+01
  -.40000000E+00 -.46815991E+01
  -.35000000E+00 -.48936966E+01
  -.30000000E+00 -.51182244E+01
  -.25000000E+00 -.53563521E+01
  -.20000000E+00 -.56094007E+01
  -.15000000E+00 -.58788685E+01
  -.10000000E+00 -.61664613E+01
  -.50000000E-01 -.64741302E+01
  -.22898350E-14 -.68041165E+01
   .50000000E-01 -.71590087E+01
   .10000000E+00 -.75418121E+01
   .15000000E+00 -.79560358E+01
   .20000000E+00 -.84058032E+01
   .25000000E+00 -.88959926E+01
   .30000000E+00 -.94324187E+01
   .35000000E+00 -.10022067E+02
   .40000000E+00 -.10673407E+02
   .45000000E+00 -.11396806E+02
   .50000000E+00 -.12205090E+02
   .55000000E+00 -.13114326E+02
   .60000000E+00 -.14144908E+02
   .65000000E+00 -.15323119E+02
   .70000000E+00 -.16683429E+02
   .75000000E+00 -.18271940E+02
   .80000000E+00 -.20151757E+02
   .85000000E+00 -.22411615E+02
   .90000000E+00 -.25180365E+02
   .95000000E+00 -.28652533E+02
   .10000000E+01 -.33136266E+02
   .10500000E+01 -.39150487E+02
   .11000000E+01 -.47642272E+02
   .11500000E+01 -.60543187E+02
   .12000000E+01 -.82497686E+02
   .12500000E+01 -.12820324E+03
   .13000000E+01 -.28168632E+03
   .13500000E+01  .15840201E+04
   .14000000E+01  .21068193E+03
   .14500000E+01  .11366281E+03
   .15000000E+01  .78198117E+02
   .15500000E+01  .59812272E+02
   .16000000E+01  .48560311E+02
   .16500000E+01  .40963421E+02
   .17000000E+01  .35488430E+02
   .17500000E+01  .31354458E+02
   .18000000E+01  .28121915E+02
   .18500000E+01  .25524418E+02
   .19000000E+01  .23391127E+02
   .19500000E+01  .21607437E+02
   .20000000E+01  .20093600E+02
KBPotential  L  =      1.00000  -1.66034
  -.30000000E+01  .96267618E+00
  -.29500000E+01  .93838378E+00
  -.29000000E+01  .91373990E+00
  -.28500000E+01  .88873400E+00
  -.28000000E+01  .86335510E+00
  -.27500000E+01  .83759175E+00
  -.27000000E+01  .81143204E+00
  -.26500000E+01  .78486350E+00
  -.26000000E+01  .75787316E+00
  -.25500000E+01  .73044746E+00
  -.25000000E+01  .70257225E+00
  -.24500000E+01  .67423271E+00
  -.24000000E+01  .64541338E+00
  -.23500000E+01  .61609806E+00
  -.23000000E+01  .58626982E+00
  -.22500000E+01  .55591092E+00
  -.22000000E+01  .52500276E+00
  -.21500000E+01  .49352585E+00
  -.21000000E+01  .46145975E+00
  -.20500000E+01  .42878300E+00
  -.20000000E+01  .39547306E+00
  -.19500000E+01  .36150626E+00
  -.19000000E+01  .32685768E+00
  -.18500000E+01  .29150120E+00
  -.18000000E+01  .25540902E+00
  -.17500000E+01  .21855228E+00
  -.17000000E+01  .18090026E+00
  -.16500000E+01  .14242061E+00
  -.16000000E+01  .10307918E+00
  -.15500000E+01  .62839902E-01
  -.15000000E+01  .21664607E-01
  -.14500000E+01 -.20487091E-01
  -.14000000E+01 -.63657972E-01
  -.13500000E+01 -.10789339E+00
  -.13000000E+01 -.15324146E+00
  -.12500000E+01 -.19975330E+00
  -.12000000E+01 -.24748323E+00
  -.11500000E+01 -.29648906E+00
  -.11000000E+01 -.34683236E+00
  -.10500000E+01 -.39857876E+00
  -.10000000E+01 -.45179831E+00
  -.95000000E+00 -.50656586E+00
  -.90000000E+00 -.56296147E+00
  -.85000000E+00 -.62107088E+00
  -.80000000E+00 -.68098600E+00
  -.75000000E+00 -.74280550E+00
  -.70000000E+00 -.80663544E+00
  -.65000000E+00 -.87258996E+00
  -.60000000E+00 -.94079209E+00
  -.55000000E+00 -.10113746E+01
  -.50000000E+00 -.10844811E+01
  -.45000000E+00 -.11602668E+01
  -.40000000E+00 -.12389004E+01
  -.35000000E+00 -.13205647E+01
  -.30000000E+00 -.14054591E+01
  -.25000000E+00 -.14938004E+01
  -.20000000E+00 -.15858259E+01
  -.15000000E+00 -.16817949E+01
  -.10000000E+00 -.17819919E+01
  -.50000000E-01 -.18867296E+01
  -.22898350E-14 -.19963524E+01
   .50000000E-01 -.21112406E+01
   .10000000E+00 -.22318151E+01
   .15000000E+00 -.23585431E+01
   .20000000E+00 -.24919447E+01
   .25000000E+00 -.26326003E+01
   .30000000E+00 -.27811598E+01
   .35000000E+00 -.29383537E+01
   .40000000E+00 -.31050050E+01
   .45000000E+00 -.32820456E+01
   .50000000E+00 -.34705338E+01
   .55000000E+00 -.36716772E+01
   .60000000E+00 -.38868596E+01
   .65000000E+00 -.41176746E+01
   .70000000E+00 -.43659669E+01
   .75000000E+00 -.46338837E+01
   .80000000E+00 -.49239391E+01
   .85000000E+00 -.52390968E+01
   .90000000E+00 -.55828743E+01
   .95000000E+00 -.59594791E+01
   .10000000E+01 -.63739871E+01
   .10500000E+01 -.68325776E+01
   .11000000E+01 -.73428516E+01
   .11500000E+01 -.79142649E+01
   .12000000E+01 -.85587310E+01
   .12500000E+01 -.92914747E+01
   .13000000E+01 -.10132269E+02
   .13500000E+01 -.11107269E+02
   .14000000E+01 -.12251818E+02
   .14500000E+01 -.13614862E+02
   .15000000E+01 -.15266197E+02
   .15500000E+01 -.17308895E+02
   .16000000E+01 -.19901814E+02
   .16500000E+01 -.23303249E+02
   .17000000E+01 -.27963168E+02
   .17500000E+01 -.34741497E+02
   .18000000E+01 -.45512724E+02
   .18500000E+01 -.65288103E+02
   .19000000E+01 -.11349619E+03
   .19500000E+01 -.40865714E+03
   .20000000E+01  .26443671E+03
KBPotential  L  =      2.00000    .00000
  -.30000000E+01  .24023816E+01
  -.29500000E+01  .23929746E+01
  -.29000000E+01  .23835407E+01
  -.28500000E+01  .23740796E+01
  -.28000000E+01  .23645913E+01
  -.27500000E+01  .23550754E+01
  -.27000000E+01  .23455318E+01
  -.26500000E+01  .23359604E+01
  -.26000000E+01  .23263609E+01
  -.25500000E+01  .23167330E+01
  -.25000000E+01  .23070767E+01
  -.24500000E+01  .22973916E+01
  -.24000000E+01  .22876776E+01
  -.23500000E+01  .22779345E+01
  -.23000000E+01  .22681621E+01
  -.22500000E+01  .22583601E+01
  -.22000000E+01  .22485283E+01
  -.21500000E+01  .22386665E+01
  -.21000000E+01  .22287745E+01
  -.20500000E+01  .22188521E+01
  -.20000000E+01  .22088989E+01
  -.19500000E+01  .21989149E+01
  -.19000000E+01  .21888998E+01
  -.18500000E+01  .21788532E+01
  -.18000000E+01  .21687751E+01
  -.17500000E+01  .21586651E+01
  -.17000000E+01  .21485230E+01
  -.16500000E+01  .21383486E+01
  -.16000000E+01  .21281416E+01
  -.15500000E+01  .21179017E+01
  -.15000000E+01  .21076288E+01
  -.14500000E+01  .20973225E+01
  -.14000000E+01  .20869826E+01
  -.13500000E+01  .20766088E+01
  -.13000000E+01  .20662009E+01
  -.12500000E+01  .20557586E+01
  -.12000000E+01  .20452816E+01
  -.11500000E+01  .20347696E+01
  -.11000000E+01  .20242224E+01
  -.10500000E+01  .20136397E+01
  -.10000000E+01  .20030212E+01
  -.95000000E+00  .19923666E+01
  -.90000000E+00  .19816756E+01
  -.85000000E+00  .19709480E+01
  -.80000000E+00  .19601834E+01
  -.75000000E+00  .19493815E+01
  -.70000000E+00  .19385420E+01
  -.65000000E+00  .19276646E+01
  -.60000000E+00  .19167491E+01
  -.55000000E+00  .19057950E+01
  -.50000000E+00  .18948020E+01
  -.45000000E+00  .18837700E+01
  -.40000000E+00  .18726984E+01
  -.35000000E+00  .18615870E+01
  -.30000000E+00  .18504354E+01
  -.25000000E+00  .18392434E+01
  -.20000000E+00  .18280105E+01
  -.15000000E+00  .18167364E+01
  -.10000000E+00  .18054208E+01
  -.50000000E-01  .17940632E+01
  -.22898350E-14  .17826634E+01
   .50000000E-01  .17712210E+01
   .10000000E+00  .17597356E+01
   .15000000E+00  .17482068E+01
   .20000000E+00  .17366342E+01
   .25000000E+00  .17250175E+01
   .30000000E+00  .17133563E+01
   .35000000E+00  .17016502E+01
   .40000000E+00  .16898987E+01
   .45000000E+00  .16781015E+01
   .50000000E+00  .16662582E+01
   .55000000E+00  .16543683E+01
   .60000000E+00  .16424314E+01
   .65000000E+00  .16304472E+01
   .70000000E+00  .16184151E+01
   .75000000E+00  .16063348E+01
   .80000000E+00  .15942057E+01
   .85000000E+00  .15820275E+01
   .90000000E+00  .15697997E+01
   .95000000E+00  .15575218E+01
   .10000000E+01  .15451933E+01
   .10500000E+01  .15328139E+01
   .11000000E+01  .15203829E+01
   .11500000E+01  .15079000E+01
   .12000000E+01  .14953646E+01
   .12500000E+01  .14827762E+01
   .13000000E+01  .14701344E+01
   .13500000E+01  .14574386E+01
   .14000000E+01  .14446883E+01
   .14500000E+01  .14318829E+01
   .15000000E+01  .14190220E+01
   .15500000E+01  .14061050E+01
   .16000000E+01  .13931313E+01
   .16500000E+01  .13801004E+01
   .17000000E+01  .13670117E+01
   .17500000E+01  .13538647E+01
   .18000000E+01  .13406588E+01
   .18500000E+01  .13273933E+01
   .19000000E+01  .13140677E+01
   .19500000E+01  .13006814E+01
   .20000000E+01  .12872338E+01
KBPotential  L  =      3.00000    .00000
  -.30000000E+01  .33115454E+01
  -.29500000E+01  .33046524E+01
  -.29000000E+01  .32977483E+01
  -.28500000E+01  .32908331E+01
  -.28000000E+01  .32839067E+01
  -.27500000E+01  .32769692E+01
  -.27000000E+01  .32700204E+01
  -.26500000E+01  .32630603E+01
  -.26000000E+01  .32560889E+01
  -.25500000E+01  .32491060E+01
  -.25000000E+01  .32421118E+01
  -.24500000E+01  .32351060E+01
  -.24000000E+01  .32280887E+01
  -.23500000E+01  .32210598E+01
  -.23000000E+01  .32140193E+01
  -.22500000E+01  .32069671E+01
  -.22000000E+01  .31999032E+01
  -.21500000E+01  .31928274E+01
  -.21000000E+01  .31857399E+01
  -.20500000E+01  .31786405E+01
  -.20000000E+01  .31715291E+01
  -.19500000E+01  .31644057E+01
  -.19000000E+01  .31572703E+01
  -.18500000E+01  .31501228E+01
  -.18000000E+01  .31429632E+01
  -.17500000E+01  .31357914E+01
  -.17000000E+01  .31286073E+01
  -.16500000E+01  .31214109E+01
  -.16000000E+01  .31142022E+01
  -.15500000E+01  .31069811E+01
  -.15000000E+01  .30997475E+01
  -.14500000E+01  .30925013E+01
  -.14000000E+01  .30852426E+01
  -.13500000E+01  .30779713E+01
  -.13000000E+01  .30706873E+01
  -.12500000E+01  .30633905E+01
  -.12000000E+01  .30560810E+01
  -.11500000E+01  .30487586E+01
  -.11000000E+01  .30414233E+01
  -.10500000E+01  .30340750E+01
  -.10000000E+01  .30267137E+01
  -.95000000E+00  .30193393E+01
  -.90000000E+00  .30119517E+01
  -.85000000E+00  .30045510E+01
  -.80000000E+00  .29971370E+01
  -.75000000E+00  .29897096E+01
  -.70000000E+00  .29822689E+01
  -.65000000E+00  .29748148E+01
  -.60000000E+00  .29673471E+01
  -.55000000E+00  .29598659E+01
  -.50000000E+00  .29523710E+01
  -.45000000E+00  .29448624E+01
  -.40000000E+00  .29373401E+01
  -.35000000E+00  .29298040E+01
  -.30000000E+00  .29222539E+01
  -.25000000E+00  .29146900E+01
  -.20000000E+00  .29071120E+01
  -.15000000E+00  .28995199E+01
  -.10000000E+00  .28919137E+01
  -.50000000E-01  .28842933E+01
  -.22898350E-14  .28766586E+01
   .50000000E-01  .28690096E+01
   .10000000E+00  .28613462E+01
   .15000000E+00  .28536683E+01
   .20000000E+00  .28459758E+01
   .25000000E+00  .28382687E+01
   .30000000E+00  .28305470E+01
   .35000000E+00  .28228105E+01
   .40000000E+00  .28150591E+01
   .45000000E+00  .28072929E+01
   .50000000E+00  .27995117E+01
   .55000000E+00  .27917155E+01
   .60000000E+00  .27839041E+01
   .65000000E+00  .27760776E+01
   .70000000E+00  .27682358E+01
   .75000000E+00  .27603787E+01
   .80000000E+00  .27525061E+01
   .85000000E+00  .27446181E+01
   .90000000E+00  .27367146E+01
   .95000000E+00  .27287954E+01
   .10000000E+01  .27208605E+01
   .10500000E+01  .27129098E+01
   .11000000E+01  .27049432E+01
   .11500000E+01  .26969607E+01
   .12000000E+01  .26889622E+01
   .12500000E+01  .26809476E+01
   .13000000E+01  .26729168E+01
   .13500000E+01  .26648697E+01
   .14000000E+01  .26568063E+01
   .14500000E+01  .26487265E+01
   .15000000E+01  .26406302E+01
   .15500000E+01  .26325172E+01
   .16000000E+01  .26243877E+01
   .16500000E+01  .26162413E+01
   .17000000E+01  .26080781E+01
   .17500000E+01  .25998980E+01
   .18000000E+01  .25917008E+01
   .18500000E+01  .25834866E+01
   .19000000E+01  .25752552E+01
   .19500000E+01  .25670065E+01
   .20000000E+01  .25587404E+01
KBPotential  L  =      4.00000    .00000
  -.30000000E+01  .41704847E+01
  -.29500000E+01  .41649549E+01
  -.29000000E+01  .41594188E+01
  -.28500000E+01  .41538765E+01
  -.28000000E+01  .41483287E+01
  -.27500000E+01  .41427749E+01
  -.27000000E+01  .41372155E+01
  -.26500000E+01  .41316500E+01
  -.26000000E+01  .41260784E+01
  -.25500000E+01  .41205007E+01
  -.25000000E+01  .41149171E+01
  -.24500000E+01  .41093279E+01
  -.24000000E+01  .41037324E+01
  -.23500000E+01  .40981310E+01
  -.23000000E+01  .40925233E+01
  -.22500000E+01  .40869096E+01
  -.22000000E+01  .40812901E+01
  -.21500000E+01  .40756643E+01
  -.21000000E+01  .40700322E+01
  -.20500000E+01  .40643942E+01
  -.20000000E+01  .40587500E+01
  -.19500000E+01  .40530998E+01
  -.19000000E+01  .40474432E+01
  -.18500000E+01  .40417803E+01
  -.18000000E+01  .40361115E+01
  -.17500000E+01  .40304364E+01
  -.17000000E+01  .40247547E+01
  -.16500000E+01  .40190671E+01
  -.16000000E+01  .40133729E+01
  -.15500000E+01  .40076728E+01
  -.15000000E+01  .40019658E+01
  -.14500000E+01  .39962528E+01
  -.14000000E+01  .39905337E+01
  -.13500000E+01  .39848079E+01
  -.13000000E+01  .39790757E+01
  -.12500000E+01  .39733371E+01
  -.12000000E+01  .39675921E+01
  -.11500000E+01  .39618404E+01
  -.11000000E+01  .39560824E+01
  -.10500000E+01  .39503180E+01
  -.10000000E+01  .39445472E+01
  -.95000000E+00  .39387699E+01
  -.90000000E+00  .39329858E+01
  -.85000000E+00  .39271947E+01
  -.80000000E+00  .39213975E+01
  -.75000000E+00  .39155936E+01
  -.70000000E+00  .39097831E+01
  -.65000000E+00  .39039659E+01
  -.60000000E+00  .38981423E+01
  -.55000000E+00  .38923118E+01
  -.50000000E+00  .38864744E+01
  -.45000000E+00  .38806304E+01
  -.40000000E+00  .38747797E+01
  -.35000000E+00  .38689222E+01
  -.30000000E+00  .38630580E+01
  -.25000000E+00  .38571868E+01
  -.20000000E+00  .38513089E+01
  -.15000000E+00  .38454241E+01
  -.10000000E+00  .38395325E+01
  -.50000000E-01  .38336338E+01
  -.22898350E-14  .38277283E+01
   .50000000E-01  .38218159E+01
   .10000000E+00  .38158966E+01
   .15000000E+00  .38099702E+01
   .20000000E+00  .38040368E+01
   .25000000E+00  .37980964E+01
   .30000000E+00  .37921489E+01
   .35000000E+00  .37861947E+01
   .40000000E+00  .37802331E+01
   .45000000E+00  .37742640E+01
   .50000000E+00  .37682884E+01
   .55000000E+00  .37623052E+01
   .60000000E+00  .37563151E+01
   .65000000E+00  .37503178E+01
   .70000000E+00  .37443131E+01
   .75000000E+00  .37383013E+01
   .80000000E+00  .37322823E+01
   .85000000E+00  .37262558E+01
   .90000000E+00  .37202222E+01
   .95000000E+00  .37141813E+01
   .10000000E+01  .37081326E+01
   .10500000E+01  .37020768E+01
   .11000000E+01  .36960139E+01
   .11500000E+01  .36899431E+01
   .12000000E+01  .36838650E+01
   .12500000E+01  .36777795E+01
   .13000000E+01  .36716864E+01
   .13500000E+01  .36655859E+01
   .14000000E+01  .36594778E+01
   .14500000E+01  .36533622E+01
   .15000000E+01  .36472390E+01
   .15500000E+01  .36411081E+01
   .16000000E+01  .36349695E+01
   .16500000E+01  .36288233E+01
   .17000000E+01  .36226693E+01
   .17500000E+01  .36165077E+01
   .18000000E+01  .36103385E+01
   .18500000E+01  .36041613E+01
   .19000000E+01  .35979764E+01
   .19500000E+01  .35917837E+01
   .20000000E+01  .35855832E+01
