   Pu                                    
 100
Core Pot   L  =         .00000  -4.03693
  -.30000000E+01  .15373025E+01
  -.29500000E+01  .15144787E+01
  -.29000000E+01  .14920109E+01
  -.28500000E+01  .14698259E+01
  -.28000000E+01  .14478618E+01
  -.27500000E+01  .14260658E+01
  -.27000000E+01  .14043919E+01
  -.26500000E+01  .13828005E+01
  -.26000000E+01  .13612561E+01
  -.25500000E+01  .13397277E+01
  -.25000000E+01  .13181870E+01
  -.24500000E+01  .12966084E+01
  -.24000000E+01  .12749688E+01
  -.23500000E+01  .12532464E+01
  -.23000000E+01  .12314211E+01
  -.22500000E+01  .12094741E+01
  -.22000000E+01  .11873872E+01
  -.21500000E+01  .11651434E+01
  -.21000000E+01  .11427260E+01
  -.20500000E+01  .11201188E+01
  -.20000000E+01  .10973061E+01
  -.19500000E+01  .10742722E+01
  -.19000000E+01  .10510016E+01
  -.18500000E+01  .10274789E+01
  -.18000000E+01  .10036884E+01
  -.17500000E+01  .97961439E+00
  -.17000000E+01  .95524093E+00
  -.16500000E+01  .93055170E+00
  -.16000000E+01  .90552999E+00
  -.15500000E+01  .88015862E+00
  -.15000000E+01  .85441986E+00
  -.14500000E+01  .82829535E+00
  -.14000000E+01  .80176604E+00
  -.13500000E+01  .77481205E+00
  -.13000000E+01  .74741267E+00
  -.12500000E+01  .71954617E+00
  -.12000000E+01  .69118981E+00
  -.11500000E+01  .66231964E+00
  -.11000000E+01  .63291045E+00
  -.10500000E+01  .60293561E+00
  -.10000000E+01  .57236699E+00
  -.95000000E+00  .54117477E+00
  -.90000000E+00  .50932731E+00
  -.85000000E+00  .47679100E+00
  -.80000000E+00  .44353002E+00
  -.75000000E+00  .40950620E+00
  -.70000000E+00  .37467877E+00
  -.65000000E+00  .33900409E+00
  -.60000000E+00  .30243543E+00
  -.55000000E+00  .26492260E+00
  -.50000000E+00  .22641166E+00
  -.45000000E+00  .18684453E+00
  -.40000000E+00  .14615856E+00
  -.35000000E+00  .10428604E+00
  -.30000000E+00  .61153691E-01
  -.25000000E+00  .16682030E-01
  -.20000000E+00 -.29215289E-01
  -.15000000E+00 -.76632263E-01
  -.10000000E+00 -.12567143E+00
  -.50000000E-01 -.17644486E+00
  -.22898350E-14 -.22907532E+00
   .50000000E-01 -.28369763E+00
   .10000000E+00 -.34046010E+00
   .15000000E+00 -.39952642E+00
   .20000000E+00 -.46107758E+00
   .25000000E+00 -.52531434E+00
   .30000000E+00 -.59246000E+00
   .35000000E+00 -.66276363E+00
   .40000000E+00 -.73650399E+00
   .45000000E+00 -.81399405E+00
   .50000000E+00 -.89558647E+00
   .55000000E+00 -.98168010E+00
   .60000000E+00 -.10727278E+01
   .65000000E+00 -.11692461E+01
   .70000000E+00 -.12718264E+01
   .75000000E+00 -.13811497E+01
   .80000000E+00 -.14980037E+01
   .85000000E+00 -.16233050E+01
   .90000000E+00 -.17581263E+01
   .95000000E+00 -.19037313E+01
   .10000000E+01 -.20616194E+01
   .10500000E+01 -.22335832E+01
   .11000000E+01 -.24217839E+01
   .11500000E+01 -.26288514E+01
   .12000000E+01 -.28580186E+01
   .12500000E+01 -.31133047E+01
   .13000000E+01 -.33997702E+01
   .13500000E+01 -.37238774E+01
   .14000000E+01 -.40940119E+01
   .14500000E+01 -.45212561E+01
   .15000000E+01 -.50205681E+01
   .15500000E+01 -.56126385E+01
   .16000000E+01 -.63269283E+01
   .16500000E+01 -.72068663E+01
   .17000000E+01 -.83192414E+01
   .17500000E+01 -.97723500E+01
   .18000000E+01 -.11754173E+02
   .18500000E+01 -.14622188E+02
   .19000000E+01 -.19150005E+02
   .19500000E+01 -.27381439E+02
   .20000000E+01 -.47052708E+02
Potential  L  =         .00000  -4.03693
  -.30000000E+01  .14267654E+01
  -.29500000E+01  .14032107E+01
  -.29000000E+01  .13797159E+01
  -.28500000E+01  .13562221E+01
  -.28000000E+01  .13326774E+01
  -.27500000E+01  .13090347E+01
  -.27000000E+01  .12852514E+01
  -.26500000E+01  .12612875E+01
  -.26000000E+01  .12371055E+01
  -.25500000E+01  .12126692E+01
  -.25000000E+01  .11879434E+01
  -.24500000E+01  .11628935E+01
  -.24000000E+01  .11374847E+01
  -.23500000E+01  .11116820E+01
  -.23000000E+01  .10854494E+01
  -.22500000E+01  .10587500E+01
  -.22000000E+01  .10315451E+01
  -.21500000E+01  .10037943E+01
  -.21000000E+01  .97545477E+00
  -.20500000E+01  .94648104E+00
  -.20000000E+01  .91682445E+00
  -.19500000E+01  .88643266E+00
  -.19000000E+01  .85524911E+00
  -.18500000E+01  .82321241E+00
  -.18000000E+01  .79025561E+00
  -.17500000E+01  .75630543E+00
  -.17000000E+01  .72128131E+00
  -.16500000E+01  .68509436E+00
  -.16000000E+01  .64764610E+00
  -.15500000E+01  .60882702E+00
  -.15000000E+01  .56851486E+00
  -.14500000E+01  .52657256E+00
  -.14000000E+01  .48284587E+00
  -.13500000E+01  .43716037E+00
  -.13000000E+01  .38931801E+00
  -.12500000E+01  .33909304E+00
  -.12000000E+01  .28622641E+00
  -.11500000E+01  .23041974E+00
  -.11000000E+01  .17132704E+00
  -.10500000E+01  .10854516E+00
  -.10000000E+01  .41600975E-01
  -.95000000E+00 -.30064487E-01
  -.90000000E+00 -.10711659E+00
  -.85000000E+00 -.19035385E+00
  -.80000000E+00 -.28074314E+00
  -.75000000E+00 -.37946671E+00
  -.70000000E+00 -.48798594E+00
  -.65000000E+00 -.60812913E+00
  -.60000000E+00 -.74221457E+00
  -.55000000E+00 -.89322683E+00
  -.50000000E+00 -.10650750E+01
  -.45000000E+00 -.12629814E+01
  -.40000000E+00 -.14940834E+01
  -.35000000E+00 -.17684015E+01
  -.30000000E+00 -.21004589E+01
  -.25000000E+00 -.25121318E+01
  -.20000000E+00 -.30379784E+01
  -.15000000E+00 -.37359898E+01
  -.10000000E+00 -.47115069E+01
  -.50000000E-01 -.61779483E+01
  -.22898350E-14 -.86432432E+01
   .50000000E-01 -.13685442E+02
   .10000000E+00 -.29907328E+02
   .15000000E+00  .27333399E+03
   .20000000E+00  .25909207E+02
   .25000000E+00  .13946993E+02
   .30000000E+00  .96855203E+01
   .35000000E+00  .74919130E+01
   .40000000E+00  .61499898E+01
   .45000000E+00  .52408744E+01
   .50000000E+00  .45816258E+01
   .55000000E+00  .40796248E+01
   .60000000E+00  .36829545E+01
   .65000000E+00  .33602536E+01
   .70000000E+00  .30914577E+01
   .75000000E+00  .28631318E+01
   .80000000E+00  .26659404E+01
   .85000000E+00  .24931934E+01
   .90000000E+00  .23399705E+01
   .95000000E+00  .22025710E+01
   .10000000E+01  .20781577E+01
   .10500000E+01  .19645178E+01
   .11000000E+01  .18598995E+01
   .11500000E+01  .17628973E+01
   .12000000E+01  .16723696E+01
   .12500000E+01  .15873789E+01
   .13000000E+01  .15071480E+01
   .13500000E+01  .14310267E+01
   .14000000E+01  .13584639E+01
   .14500000E+01  .12889922E+01
   .15000000E+01  .12222099E+01
   .15500000E+01  .11577701E+01
   .16000000E+01  .10953705E+01
   .16500000E+01  .10347464E+01
   .17000000E+01  .97566418E+00
   .17500000E+01  .91791622E+00
   .18000000E+01  .86131702E+00
   .18500000E+01  .80569962E+00
   .19000000E+01  .75091276E+00
   .19500000E+01  .69681848E+00
   .20000000E+01  .64329013E+00
Core Pot   L  =        1.00000  -1.98283
  -.30000000E+01  .12543193E+01
  -.29500000E+01  .12240575E+01
  -.29000000E+01  .11922347E+01
  -.28500000E+01  .11586387E+01
  -.28000000E+01  .11230149E+01
  -.27500000E+01  .10850550E+01
  -.27000000E+01  .10443820E+01
  -.26500000E+01  .10005296E+01
  -.26000000E+01  .95291406E+00
  -.25500000E+01  .90079489E+00
  -.25000000E+01  .84321786E+00
  -.24500000E+01  .77893191E+00
  -.24000000E+01  .70626363E+00
  -.23500000E+01  .62292228E+00
  -.23000000E+01  .52568582E+00
  -.22500000E+01  .40987352E+00
  -.22000000E+01  .26841434E+00
  -.21500000E+01  .90096951E-01
  -.21000000E+01 -.14398225E+00
  -.20500000E+01 -.46838347E+00
  -.20000000E+01 -.95376992E+00
  -.19500000E+01 -.17707221E+01
  -.19000000E+01 -.34629224E+01
  -.18500000E+01 -.91981514E+01
  -.18000000E+01  .51846866E+02
  -.17500000E+01  .86233391E+01
  -.17000000E+01  .51979877E+01
  -.16500000E+01  .39216305E+01
  -.16000000E+01  .32485662E+01
  -.15500000E+01  .28287010E+01
  -.15000000E+01  .25388574E+01
  -.14500000E+01  .23245617E+01
  -.14000000E+01  .21580037E+01
  -.13500000E+01  .20235004E+01
  -.13000000E+01  .19115342E+01
  -.12500000E+01  .18159935E+01
  -.12000000E+01  .17327732E+01
  -.11500000E+01  .16590131E+01
  -.11000000E+01  .15926585E+01
  -.10500000E+01  .15321947E+01
  -.10000000E+01  .14764799E+01
  -.95000000E+00  .14246365E+01
  -.90000000E+00  .13759784E+01
  -.85000000E+00  .13299609E+01
  -.80000000E+00  .12861458E+01
  -.75000000E+00  .12441758E+01
  -.70000000E+00  .12037563E+01
  -.65000000E+00  .11646419E+01
  -.60000000E+00  .11266260E+01
  -.55000000E+00  .10895332E+01
  -.50000000E+00  .10532130E+01
  -.45000000E+00  .10175350E+01
  -.40000000E+00  .98238578E+00
  -.35000000E+00  .94766537E+00
  -.30000000E+00  .91328511E+00
  -.25000000E+00  .87916570E+00
  -.20000000E+00  .84523564E+00
  -.15000000E+00  .81142990E+00
  -.10000000E+00  .77768887E+00
  -.50000000E-01  .74395744E+00
  -.22898350E-14  .71018424E+00
   .50000000E-01  .67632101E+00
   .10000000E+00  .64232199E+00
   .15000000E+00  .60814349E+00
   .20000000E+00  .57374342E+00
   .25000000E+00  .53908092E+00
   .30000000E+00  .50411605E+00
   .35000000E+00  .46880944E+00
   .40000000E+00  .43312201E+00
   .45000000E+00  .39701474E+00
   .50000000E+00  .36044840E+00
   .55000000E+00  .32338326E+00
   .60000000E+00  .28577896E+00
   .65000000E+00  .24759416E+00
   .70000000E+00  .20878641E+00
   .75000000E+00  .16931184E+00
   .80000000E+00  .12912495E+00
   .85000000E+00  .88178367E-01
   .90000000E+00  .46422546E-01
   .95000000E+00  .38055250E-02
   .10000000E+01 -.39727394E-01
   .10500000E+01 -.84233965E-01
   .11000000E+01 -.12977534E+00
   .11500000E+01 -.17641646E+00
   .12000000E+01 -.22422646E+00
   .12500000E+01 -.27327914E+00
   .13000000E+01 -.32365346E+00
   .13500000E+01 -.37543412E+00
   .14000000E+01 -.42871218E+00
   .14500000E+01 -.48358575E+00
   .15000000E+01 -.54016081E+00
   .15500000E+01 -.59855204E+00
   .16000000E+01 -.65888391E+00
   .16500000E+01 -.72129174E+00
   .17000000E+01 -.78592302E+00
   .17500000E+01 -.85293891E+00
   .18000000E+01 -.92251588E+00
   .18500000E+01 -.99484771E+00
   .19000000E+01 -.10701477E+01
   .19500000E+01 -.11486512E+01
   .20000000E+01 -.12306187E+01
Potential  L  =        1.00000  -1.98283
  -.30000000E+01  .12726793E+01
  -.29500000E+01  .12437221E+01
  -.29000000E+01  .12133296E+01
  -.28500000E+01  .11813052E+01
  -.28000000E+01  .11474119E+01
  -.27500000E+01  .11113618E+01
  -.27000000E+01  .10728010E+01
  -.26500000E+01  .10312895E+01
  -.26000000E+01  .98627354E+00
  -.25500000E+01  .93704559E+00
  -.25000000E+01  .88268698E+00
  -.24500000E+01  .82198249E+00
  -.24000000E+01  .75328967E+00
  -.23500000E+01  .67433230E+00
  -.23000000E+01  .58186278E+00
  -.22500000E+01  .47107843E+00
  -.22000000E+01  .33456557E+00
  -.21500000E+01  .16024337E+00
  -.21000000E+01 -.72997275E-01
  -.20500000E+01 -.40566841E+00
  -.20000000E+01 -.92664047E+00
  -.19500000E+01 -.18759947E+01
  -.19000000E+01 -.42047582E+01
  -.18500000E+01 -.19709650E+02
  -.18000000E+01  .12491238E+02
  -.17500000E+01  .56204941E+01
  -.17000000E+01  .39223772E+01
  -.16500000E+01  .31443621E+01
  -.16000000E+01  .26925916E+01
  -.15500000E+01  .23936889E+01
  -.15000000E+01  .21785717E+01
  -.14500000E+01  .20142784E+01
  -.14000000E+01  .18830872E+01
  -.13500000E+01  .17746195E+01
  -.13000000E+01  .16823915E+01
  -.12500000E+01  .16021423E+01
  -.12000000E+01  .15309553E+01
  -.11500000E+01  .14667654E+01
  -.11000000E+01  .14080683E+01
  -.10500000E+01  .13537410E+01
  -.10000000E+01  .13029271E+01
  -.95000000E+00  .12549614E+01
  -.90000000E+00  .12093178E+01
  -.85000000E+00  .11655745E+01
  -.80000000E+00  .11233878E+01
  -.75000000E+00  .10824743E+01
  -.70000000E+00  .10425973E+01
  -.65000000E+00  .10035564E+01
  -.60000000E+00  .96518040E+00
  -.55000000E+00  .92732080E+00
  -.50000000E+00  .88984765E+00
  -.45000000E+00  .85264578E+00
  -.40000000E+00  .81561190E+00
  -.35000000E+00  .77865233E+00
  -.30000000E+00  .74168105E+00
  -.25000000E+00  .70461815E+00
  -.20000000E+00  .66738848E+00
  -.15000000E+00  .62992056E+00
  -.10000000E+00  .59214560E+00
  -.50000000E-01  .55399663E+00
  -.22898350E-14  .51540773E+00
   .50000000E-01  .47631335E+00
   .10000000E+00  .43664776E+00
   .15000000E+00  .39634399E+00
   .20000000E+00  .35533387E+00
   .25000000E+00  .31354700E+00
   .30000000E+00  .27091021E+00
   .35000000E+00  .22734698E+00
   .40000000E+00  .18277677E+00
   .45000000E+00  .13711421E+00
   .50000000E+00  .90268259E-01
   .55000000E+00  .42142037E-01
   .60000000E+00 -.73692511E-02
   .65000000E+00 -.58378543E-01
   .70000000E+00 -.11100842E+00
   .75000000E+00 -.16539234E+00
   .80000000E+00 -.22167627E+00
   .85000000E+00 -.28002037E+00
   .90000000E+00 -.34060113E+00
   .95000000E+00 -.40361370E+00
   .10000000E+01 -.46927473E+00
   .10500000E+01 -.53782557E+00
   .11000000E+01 -.60953620E+00
   .11500000E+01 -.68470976E+00
   .12000000E+01 -.76368812E+00
   .12500000E+01 -.84685842E+00
   .13000000E+01 -.93466101E+00
   .13500000E+01 -.10275992E+01
   .14000000E+01 -.11262510E+01
   .14500000E+01 -.12312841E+01
   .15000000E+01 -.13434735E+01
   .15500000E+01 -.14637249E+01
   .16000000E+01 -.15931033E+01
   .16500000E+01 -.17328698E+01
   .17000000E+01 -.18845297E+01
   .17500000E+01 -.20498939E+01
   .18000000E+01 -.22311620E+01
   .18500000E+01 -.24310317E+01
   .19000000E+01 -.26528496E+01
   .19500000E+01 -.29008182E+01
   .20000000E+01 -.31802894E+01
Core Pot   L  =        2.00000   -.23497
  -.30000000E+01  .15776931E+01
  -.29500000E+01  .15610647E+01
  -.29000000E+01  .15442424E+01
  -.28500000E+01  .15272195E+01
  -.28000000E+01  .15099889E+01
  -.27500000E+01  .14925433E+01
  -.27000000E+01  .14748749E+01
  -.26500000E+01  .14569753E+01
  -.26000000E+01  .14388359E+01
  -.25500000E+01  .14204474E+01
  -.25000000E+01  .14017999E+01
  -.24500000E+01  .13828831E+01
  -.24000000E+01  .13636859E+01
  -.23500000E+01  .13441965E+01
  -.23000000E+01  .13244023E+01
  -.22500000E+01  .13042901E+01
  -.22000000E+01  .12838456E+01
  -.21500000E+01  .12630535E+01
  -.21000000E+01  .12418975E+01
  -.20500000E+01  .12203602E+01
  -.20000000E+01  .11984228E+01
  -.19500000E+01  .11760652E+01
  -.19000000E+01  .11532656E+01
  -.18500000E+01  .11300008E+01
  -.18000000E+01  .11062456E+01
  -.17500000E+01  .10819725E+01
  -.17000000E+01  .10571522E+01
  -.16500000E+01  .10317526E+01
  -.16000000E+01  .10057387E+01
  -.15500000E+01  .97907271E+00
  -.15000000E+01  .95171309E+00
  -.14500000E+01  .92361452E+00
  -.14000000E+01  .89472730E+00
  -.13500000E+01  .86499680E+00
  -.13000000E+01  .83436284E+00
  -.12500000E+01  .80275894E+00
  -.12000000E+01  .77011152E+00
  -.11500000E+01  .73633879E+00
  -.11000000E+01  .70134971E+00
  -.10500000E+01  .66504248E+00
  -.10000000E+01  .62730302E+00
  -.95000000E+00  .58800294E+00
  -.90000000E+00  .54699724E+00
  -.85000000E+00  .50412152E+00
  -.80000000E+00  .45918859E+00
  -.75000000E+00  .41198432E+00
  -.70000000E+00  .36226263E+00
  -.65000000E+00  .30973921E+00
  -.60000000E+00  .25408381E+00
  -.55000000E+00  .19491044E+00
  -.50000000E+00  .13176516E+00
  -.45000000E+00  .64110237E-01
  -.40000000E+00 -.86960821E-02
  -.35000000E+00 -.87426152E-01
  -.30000000E+00 -.17301799E+00
  -.25000000E+00 -.26662236E+00
  -.20000000E+00 -.36966677E+00
  -.15000000E+00 -.48394422E+00
  -.10000000E+00 -.61173831E+00
  -.50000000E-01 -.75600360E+00
  -.22898350E-14 -.92063181E+00
   .50000000E-01 -.11108557E+01
   .10000000E+00 -.13338817E+01
   .15000000E+00 -.15999177E+01
   .20000000E+00 -.19239180E+01
   .25000000E+00 -.23287056E+01
   .30000000E+00 -.28509334E+01
   .35000000E+00 -.35534316E+01
   .40000000E+00 -.45536590E+01
   .45000000E+00 -.60995708E+01
   .50000000E+00 -.88205465E+01
   .55000000E+00 -.14919140E+02
   .60000000E+00 -.41274969E+02
   .65000000E+00  .64142513E+02
   .70000000E+00  .18907049E+02
   .75000000E+00  .11355773E+02
   .80000000E+00  .82351157E+01
   .85000000E+00  .65238759E+01
   .90000000E+00  .54388877E+01
   .95000000E+00  .46864814E+01
   .10000000E+01  .41317306E+01
   .10500000E+01  .37039588E+01
   .11000000E+01  .33625634E+01
   .11500000E+01  .30825558E+01
   .12000000E+01  .28477136E+01
   .12500000E+01  .26470453E+01
   .13000000E+01  .24728385E+01
   .13500000E+01  .23195210E+01
   .14000000E+01  .21829662E+01
   .14500000E+01  .20600519E+01
   .15000000E+01  .19483717E+01
   .15500000E+01  .18460405E+01
   .16000000E+01  .17515600E+01
   .16500000E+01  .16637237E+01
   .17000000E+01  .15815487E+01
   .17500000E+01  .15042259E+01
   .18000000E+01  .14310823E+01
   .18500000E+01  .13615535E+01
   .19000000E+01  .12951619E+01
   .19500000E+01  .12315002E+01
   .20000000E+01  .11702186E+01
Potential  L  =        2.00000   -.23497
  -.30000000E+01  .15852026E+01
  -.29500000E+01  .15687676E+01
  -.29000000E+01  .15521447E+01
  -.28500000E+01  .15353274E+01
  -.28000000E+01  .15183090E+01
  -.27500000E+01  .15010823E+01
  -.27000000E+01  .14836397E+01
  -.26500000E+01  .14659732E+01
  -.26000000E+01  .14480743E+01
  -.25500000E+01  .14299340E+01
  -.25000000E+01  .14115427E+01
  -.24500000E+01  .13928903E+01
  -.24000000E+01  .13739661E+01
  -.23500000E+01  .13547584E+01
  -.23000000E+01  .13352550E+01
  -.22500000E+01  .13154428E+01
  -.22000000E+01  .12953079E+01
  -.21500000E+01  .12748352E+01
  -.21000000E+01  .12540087E+01
  -.20500000E+01  .12328112E+01
  -.20000000E+01  .12112240E+01
  -.19500000E+01  .11892273E+01
  -.19000000E+01  .11667994E+01
  -.18500000E+01  .11439172E+01
  -.18000000E+01  .11205554E+01
  -.17500000E+01  .10966867E+01
  -.17000000E+01  .10722815E+01
  -.16500000E+01  .10473075E+01
  -.16000000E+01  .10217293E+01
  -.15500000E+01  .99550863E+00
  -.15000000E+01  .96860313E+00
  -.14500000E+01  .94096650E+00
  -.14000000E+01  .91254773E+00
  -.13500000E+01  .88329049E+00
  -.13000000E+01  .85313244E+00
  -.12500000E+01  .82200440E+00
  -.12000000E+01  .78982931E+00
  -.11500000E+01  .75652114E+00
  -.11000000E+01  .72198344E+00
  -.10500000E+01  .68610776E+00
  -.10000000E+01  .64877166E+00
  -.95000000E+00  .60983635E+00
  -.90000000E+00  .56914385E+00
  -.85000000E+00  .52651352E+00
  -.80000000E+00  .48173779E+00
  -.75000000E+00  .43457681E+00
  -.70000000E+00  .38475231E+00
  -.65000000E+00  .33193882E+00
  -.60000000E+00  .27575361E+00
  -.55000000E+00  .21574351E+00
  -.50000000E+00  .15136738E+00
  -.45000000E+00  .81974204E-01
  -.40000000E+00  .67730864E-02
  -.35000000E+00 -.75206369E-01
  -.30000000E+00 -.16516826E+00
  -.25000000E+00 -.26462543E+00
  -.20000000E+00 -.37550544E+00
  -.15000000E+00 -.50030341E+00
  -.10000000E+00 -.64230783E+00
  -.50000000E-01 -.80594360E+00
  -.22898350E-14 -.99730985E+00
   .50000000E-01 -.12250551E+01
   .10000000E+00 -.15018660E+01
   .15000000E+00 -.18471360E+01
   .20000000E+00 -.22920752E+01
   .25000000E+00 -.28903288E+01
   .30000000E+00 -.37425577E+01
   .35000000E+00 -.50624032E+01
   .40000000E+00 -.73968360E+01
   .45000000E+00 -.12692012E+02
   .50000000E+00 -.36704680E+02
   .55000000E+00  .49255990E+02
   .60000000E+00  .15493176E+02
   .65000000E+00  .94292596E+01
   .70000000E+00  .68822216E+01
   .75000000E+00  .54736557E+01
   .80000000E+00  .45751590E+01
   .85000000E+00  .39488590E+01
   .90000000E+00  .34848303E+01
   .95000000E+00  .31252637E+01
   .10000000E+01  .28368515E+01
   .10500000E+01  .25990482E+01
   .11000000E+01  .23984913E+01
   .11500000E+01  .22261128E+01
   .12000000E+01  .20755412E+01
   .12500000E+01  .19421672E+01
   .13000000E+01  .18225728E+01
   .13500000E+01  .17141688E+01
   .14000000E+01  .16149567E+01
   .14500000E+01  .15233698E+01
   .15000000E+01  .14381588E+01
   .15500000E+01  .13583169E+01
   .16000000E+01  .12830221E+01
   .16500000E+01  .12115956E+01
   .17000000E+01  .11434711E+01
   .17500000E+01  .10781720E+01
   .18000000E+01  .10152930E+01
   .18500000E+01  .95448676E+00
   .19000000E+01  .89545310E+00
   .19500000E+01  .83793033E+00
   .20000000E+01  .78168857E+00
Core Pot   L  =        3.00000   -.65535
  -.30000000E+01  .18205660E+01
  -.29500000E+01  .18064645E+01
  -.29000000E+01  .17922326E+01
  -.28500000E+01  .17778658E+01
  -.28000000E+01  .17633589E+01
  -.27500000E+01  .17487066E+01
  -.27000000E+01  .17339032E+01
  -.26500000E+01  .17189426E+01
  -.26000000E+01  .17038179E+01
  -.25500000E+01  .16885219E+01
  -.25000000E+01  .16730468E+01
  -.24500000E+01  .16573839E+01
  -.24000000E+01  .16415237E+01
  -.23500000E+01  .16254561E+01
  -.23000000E+01  .16091694E+01
  -.22500000E+01  .15926513E+01
  -.22000000E+01  .15758877E+01
  -.21500000E+01  .15588632E+01
  -.21000000E+01  .15415603E+01
  -.20500000E+01  .15239595E+01
  -.20000000E+01  .15060387E+01
  -.19500000E+01  .14877730E+01
  -.19000000E+01  .14691337E+01
  -.18500000E+01  .14500881E+01
  -.18000000E+01  .14305982E+01
  -.17500000E+01  .14106199E+01
  -.17000000E+01  .13901017E+01
  -.16500000E+01  .13689825E+01
  -.16000000E+01  .13471896E+01
  -.15500000E+01  .13246357E+01
  -.15000000E+01  .13012149E+01
  -.14500000E+01  .12767968E+01
  -.14000000E+01  .12512196E+01
  -.13500000E+01  .12242794E+01
  -.13000000E+01  .11957151E+01
  -.12500000E+01  .11651871E+01
  -.12000000E+01  .11322441E+01
  -.11500000E+01  .10962735E+01
  -.11000000E+01  .10564212E+01
  -.10500000E+01  .10114582E+01
  -.10000000E+01  .95954927E+00
  -.95000000E+00  .89782429E+00
  -.90000000E+00  .82152712E+00
  -.85000000E+00  .72215815E+00
  -.80000000E+00  .58288314E+00
  -.75000000E+00  .36498830E+00
  -.70000000E+00 -.44799917E-01
  -.65000000E+00 -.11805923E+01
  -.60000000E+00 -.31469522E+02
  -.55000000E+00  .38014817E+01
  -.50000000E+00  .23760769E+01
  -.45000000E+00  .19118510E+01
  -.40000000E+00  .16736399E+01
  -.35000000E+00  .15235531E+01
  -.30000000E+00  .14168095E+01
  -.25000000E+00  .13344944E+01
  -.20000000E+00  .12672365E+01
  -.15000000E+00  .12098603E+01
  -.10000000E+00  .11592715E+01
  -.50000000E-01  .11135043E+01
  -.22898350E-14  .10712476E+01
   .50000000E-01  .10315918E+01
   .10000000E+00  .99388397E+00
   .15000000E+00  .95764175E+00
   .20000000E+00  .92249944E+00
   .25000000E+00  .88817324E+00
   .30000000E+00  .85443806E+00
   .35000000E+00  .82111173E+00
   .40000000E+00  .78804385E+00
   .45000000E+00  .75510786E+00
   .50000000E+00  .72219522E+00
   .55000000E+00  .68921115E+00
   .60000000E+00  .65607125E+00
   .65000000E+00  .62269909E+00
   .70000000E+00  .58902415E+00
   .75000000E+00  .55498025E+00
   .80000000E+00  .52050429E+00
   .85000000E+00  .48553511E+00
   .90000000E+00  .45001263E+00
   .95000000E+00  .41387701E+00
   .10000000E+01  .37706789E+00
   .10500000E+01  .33952381E+00
   .11000000E+01  .30118147E+00
   .11500000E+01  .26197516E+00
   .12000000E+01  .22183615E+00
   .12500000E+01  .18069197E+00
   .13000000E+01  .13846583E+00
   .13500000E+01  .95075832E-01
   .14000000E+01  .50434199E-01
   .14500000E+01  .44464440E-02
   .15000000E+01 -.42989607E-01
   .15500000E+01 -.91984878E-01
   .16000000E+01 -.14266025E+00
   .16500000E+01 -.19514795E+00
   .17000000E+01 -.24959311E+00
   .17500000E+01 -.30615560E+00
   .18000000E+01 -.36501212E+00
   .18500000E+01 -.42635868E+00
   .19000000E+01 -.49041347E+00
   .19500000E+01 -.55742024E+00
   .20000000E+01 -.62765231E+00
Potential  L  =        3.00000   -.65535
  -.30000000E+01  .16762466E+01
  -.29500000E+01  .16580414E+01
  -.29000000E+01  .16395280E+01
  -.28500000E+01  .16206912E+01
  -.28000000E+01  .16015144E+01
  -.27500000E+01  .15819802E+01
  -.27000000E+01  .15620693E+01
  -.26500000E+01  .15417612E+01
  -.26000000E+01  .15210336E+01
  -.25500000E+01  .14998623E+01
  -.25000000E+01  .14782212E+01
  -.24500000E+01  .14560816E+01
  -.24000000E+01  .14334125E+01
  -.23500000E+01  .14101798E+01
  -.23000000E+01  .13863464E+01
  -.22500000E+01  .13618714E+01
  -.22000000E+01  .13367100E+01
  -.21500000E+01  .13108125E+01
  -.21000000E+01  .12841243E+01
  -.20500000E+01  .12565848E+01
  -.20000000E+01  .12281264E+01
  -.19500000E+01  .11986741E+01
  -.19000000E+01  .11681438E+01
  -.18500000E+01  .11364411E+01
  -.18000000E+01  .11034598E+01
  -.17500000E+01  .10690798E+01
  -.17000000E+01  .10331647E+01
  -.16500000E+01  .99555914E+00
  -.16000000E+01  .95608517E+00
  -.15500000E+01  .91453804E+00
  -.15000000E+01  .87068093E+00
  -.14500000E+01  .82423836E+00
  -.14000000E+01  .77488797E+00
  -.13500000E+01  .72225003E+00
  -.13000000E+01  .66587407E+00
  -.12500000E+01  .60522121E+00
  -.12000000E+01  .53964274E+00
  -.11500000E+01  .46834812E+00
  -.11000000E+01  .39036584E+00
  -.10500000E+01  .30448783E+00
  -.10000000E+01  .20919261E+00
  -.95000000E+00  .10253662E+00
  -.90000000E+00 -.18003104E-01
  -.85000000E+00 -.15576346E+00
  -.80000000E+00 -.31525033E+00
  -.75000000E+00 -.50270191E+00
  -.70000000E+00 -.72700922E+00
  -.65000000E+00 -.10012946E+01
  -.60000000E+00 -.13457696E+01
  -.55000000E+00 -.17932700E+01
  -.50000000E+00 -.24009383E+01
  -.45000000E+00 -.32778243E+01
  -.40000000E+00 -.46611451E+01
  -.35000000E+00 -.71829349E+01
  -.30000000E+00 -.13276802E+02
  -.25000000E+00 -.49513959E+02
  -.20000000E+00  .35652072E+02
  -.15000000E+00  .14121233E+02
  -.10000000E+00  .91610651E+01
  -.50000000E-01  .69499372E+01
  -.22898350E-14  .56936246E+01
   .50000000E-01  .48802428E+01
   .10000000E+00  .43082927E+01
   .15000000E+00  .38823722E+01
   .20000000E+00  .35514673E+01
   .25000000E+00  .32858260E+01
   .30000000E+00  .30669254E+01
   .35000000E+00  .28826305E+01
   .40000000E+00  .27246585E+01
   .45000000E+00  .25871619E+01
   .50000000E+00  .24658949E+01
   .55000000E+00  .23576991E+01
   .60000000E+00  .22601764E+01
   .65000000E+00  .21714727E+01
   .70000000E+00  .20901318E+01
   .75000000E+00  .20149935E+01
   .80000000E+00  .19451220E+01
   .85000000E+00  .18797536E+01
   .90000000E+00  .18182591E+01
   .95000000E+00  .17601146E+01
   .10000000E+01  .17048805E+01
   .10500000E+01  .16521847E+01
   .11000000E+01  .16017104E+01
   .11500000E+01  .15531851E+01
   .12000000E+01  .15063738E+01
   .12500000E+01  .14610719E+01
   .13000000E+01  .14171005E+01
   .13500000E+01  .13743023E+01
   .14000000E+01  .13325380E+01
   .14500000E+01  .12916838E+01
   .15000000E+01  .12516291E+01
   .15500000E+01  .12122742E+01
   .16000000E+01  .11735294E+01
   .16500000E+01  .11353131E+01
   .17000000E+01  .10975506E+01
   .17500000E+01  .10601738E+01
   .18000000E+01  .10231195E+01
   .18500000E+01  .98632943E+00
   .19000000E+01  .94974915E+00
   .19500000E+01  .91332765E+00
   .20000000E+01  .87701694E+00
Core Pot   L  =        4.00000    .00000
  -.30000000E+01  .20951623E+01
  -.29500000E+01  .20834660E+01
  -.29000000E+01  .20717080E+01
  -.28500000E+01  .20598877E+01
  -.28000000E+01  .20480039E+01
  -.27500000E+01  .20360558E+01
  -.27000000E+01  .20240422E+01
  -.26500000E+01  .20119622E+01
  -.26000000E+01  .19998148E+01
  -.25500000E+01  .19875988E+01
  -.25000000E+01  .19753131E+01
  -.24500000E+01  .19629566E+01
  -.24000000E+01  .19505281E+01
  -.23500000E+01  .19380265E+01
  -.23000000E+01  .19254504E+01
  -.22500000E+01  .19127987E+01
  -.22000000E+01  .19000699E+01
  -.21500000E+01  .18872629E+01
  -.21000000E+01  .18743761E+01
  -.20500000E+01  .18614082E+01
  -.20000000E+01  .18483578E+01
  -.19500000E+01  .18352233E+01
  -.19000000E+01  .18220033E+01
  -.18500000E+01  .18086960E+01
  -.18000000E+01  .17953000E+01
  -.17500000E+01  .17818134E+01
  -.17000000E+01  .17682346E+01
  -.16500000E+01  .17545618E+01
  -.16000000E+01  .17407932E+01
  -.15500000E+01  .17269269E+01
  -.15000000E+01  .17129608E+01
  -.14500000E+01  .16988930E+01
  -.14000000E+01  .16847215E+01
  -.13500000E+01  .16704440E+01
  -.13000000E+01  .16560583E+01
  -.12500000E+01  .16415622E+01
  -.12000000E+01  .16269532E+01
  -.11500000E+01  .16122290E+01
  -.11000000E+01  .15973869E+01
  -.10500000E+01  .15824244E+01
  -.10000000E+01  .15673387E+01
  -.95000000E+00  .15521270E+01
  -.90000000E+00  .15367864E+01
  -.85000000E+00  .15213139E+01
  -.80000000E+00  .15057063E+01
  -.75000000E+00  .14899604E+01
  -.70000000E+00  .14740728E+01
  -.65000000E+00  .14580400E+01
  -.60000000E+00  .14418583E+01
  -.55000000E+00  .14255240E+01
  -.50000000E+00  .14090332E+01
  -.45000000E+00  .13923816E+01
  -.40000000E+00  .13755652E+01
  -.35000000E+00  .13585794E+01
  -.30000000E+00  .13414195E+01
  -.25000000E+00  .13240809E+01
  -.20000000E+00  .13065583E+01
  -.15000000E+00  .12888467E+01
  -.10000000E+00  .12709405E+01
  -.50000000E-01  .12528339E+01
  -.22898350E-14  .12345210E+01
   .50000000E-01  .12159955E+01
   .10000000E+00  .11972508E+01
   .15000000E+00  .11782801E+01
   .20000000E+00  .11590761E+01
   .25000000E+00  .11396312E+01
   .30000000E+00  .11199376E+01
   .35000000E+00  .10999868E+01
   .40000000E+00  .10797701E+01
   .45000000E+00  .10592783E+01
   .50000000E+00  .10385015E+01
   .55000000E+00  .10174296E+01
   .60000000E+00  .99605179E+00
   .65000000E+00  .97435653E+00
   .70000000E+00  .95233180E+00
   .75000000E+00  .92996484E+00
   .80000000E+00  .90724211E+00
   .85000000E+00  .88414930E+00
   .90000000E+00  .86067119E+00
   .95000000E+00  .83679164E+00
   .10000000E+01  .81249348E+00
   .10500000E+01  .78775846E+00
   .11000000E+01  .76256710E+00
   .11500000E+01  .73689863E+00
   .12000000E+01  .71073088E+00
   .12500000E+01  .68404012E+00
   .13000000E+01  .65680095E+00
   .13500000E+01  .62898613E+00
   .14000000E+01  .60056641E+00
   .14500000E+01  .57151033E+00
   .15000000E+01  .54178400E+00
   .15500000E+01  .51135088E+00
   .16000000E+01  .48017148E+00
   .16500000E+01  .44820305E+00
   .17000000E+01  .41539923E+00
   .17500000E+01  .38170970E+00
   .18000000E+01  .34707964E+00
   .18500000E+01  .31144930E+00
   .19000000E+01  .27475339E+00
   .19500000E+01  .23692036E+00
   .20000000E+01  .19787172E+00
Potential  L  =        4.00000    .00000
  -.30000000E+01  .20953906E+01
  -.29500000E+01  .20837018E+01
  -.29000000E+01  .20719519E+01
  -.28500000E+01  .20601397E+01
  -.28000000E+01  .20482636E+01
  -.27500000E+01  .20363247E+01
  -.27000000E+01  .20243211E+01
  -.26500000E+01  .20122524E+01
  -.26000000E+01  .20001143E+01
  -.25500000E+01  .19879101E+01
  -.25000000E+01  .19756353E+01
  -.24500000E+01  .19632922E+01
  -.24000000E+01  .19508760E+01
  -.23500000E+01  .19383880E+01
  -.23000000E+01  .19258258E+01
  -.22500000E+01  .19131888E+01
  -.22000000E+01  .19004754E+01
  -.21500000E+01  .18876835E+01
  -.21000000E+01  .18748147E+01
  -.20500000E+01  .18618644E+01
  -.20000000E+01  .18488316E+01
  -.19500000E+01  .18357177E+01
  -.19000000E+01  .18225182E+01
  -.18500000E+01  .18092311E+01
  -.18000000E+01  .17958587E+01
  -.17500000E+01  .17823958E+01
  -.17000000E+01  .17688416E+01
  -.16500000E+01  .17551950E+01
  -.16000000E+01  .17414527E+01
  -.15500000E+01  .17276163E+01
  -.15000000E+01  .17136803E+01
  -.14500000E+01  .16996432E+01
  -.14000000E+01  .16855058E+01
  -.13500000E+01  .16712633E+01
  -.13000000E+01  .16569138E+01
  -.12500000E+01  .16424564E+01
  -.12000000E+01  .16278892E+01
  -.11500000E+01  .16132069E+01
  -.11000000E+01  .15984109E+01
  -.10500000E+01  .15834958E+01
  -.10000000E+01  .15684595E+01
  -.95000000E+00  .15533014E+01
  -.90000000E+00  .15380164E+01
  -.85000000E+00  .15226025E+01
  -.80000000E+00  .15070568E+01
  -.75000000E+00  .14913760E+01
  -.70000000E+00  .14755565E+01
  -.65000000E+00  .14595971E+01
  -.60000000E+00  .14434914E+01
  -.55000000E+00  .14272382E+01
  -.50000000E+00  .14108337E+01
  -.45000000E+00  .13942726E+01
  -.40000000E+00  .13775518E+01
  -.35000000E+00  .13606672E+01
  -.30000000E+00  .13436145E+01
  -.25000000E+00  .13263892E+01
  -.20000000E+00  .13089868E+01
  -.15000000E+00  .12914025E+01
  -.10000000E+00  .12736311E+01
  -.50000000E-01  .12556677E+01
  -.22898350E-14  .12375066E+01
   .50000000E-01  .12191422E+01
   .10000000E+00  .12005687E+01
   .15000000E+00  .11817797E+01
   .20000000E+00  .11627690E+01
   .25000000E+00  .11435297E+01
   .30000000E+00  .11240548E+01
   .35000000E+00  .11043370E+01
   .40000000E+00  .10843683E+01
   .45000000E+00  .10641409E+01
   .50000000E+00  .10436461E+01
   .55000000E+00  .10228751E+01
   .60000000E+00  .10018185E+01
   .65000000E+00  .98046642E+00
   .70000000E+00  .95880858E+00
   .75000000E+00  .93683408E+00
   .80000000E+00  .91453147E+00
   .85000000E+00  .89188866E+00
   .90000000E+00  .86889293E+00
   .95000000E+00  .84553083E+00
   .10000000E+01  .82178817E+00
   .10500000E+01  .79764992E+00
   .11000000E+01  .77310020E+00
   .11500000E+01  .74812219E+00
   .12000000E+01  .72269803E+00
   .12500000E+01  .69680880E+00
   .13000000E+01  .67043437E+00
   .13500000E+01  .64355336E+00
   .14000000E+01  .61614300E+00
   .14500000E+01  .58817903E+00
   .15000000E+01  .55963555E+00
   .15500000E+01  .53048492E+00
   .16000000E+01  .50069743E+00
   .16500000E+01  .47024169E+00
   .17000000E+01  .43908363E+00
   .17500000E+01  .40718682E+00
   .18000000E+01  .37451205E+00
   .18500000E+01  .34101718E+00
   .19000000E+01  .30665676E+00
   .19500000E+01  .27138166E+00
   .20000000E+01  .23513880E+00
KBPotential  L  =       .00000  -8.07386
  -.30000000E+01  .15366473E+01
  -.29500000E+01  .15138217E+01
  -.29000000E+01  .14913522E+01
  -.28500000E+01  .14691656E+01
  -.28000000E+01  .14472001E+01
  -.27500000E+01  .14254027E+01
  -.27000000E+01  .14037279E+01
  -.26500000E+01  .13821356E+01
  -.26000000E+01  .13605908E+01
  -.25500000E+01  .13390621E+01
  -.25000000E+01  .13175215E+01
  -.24500000E+01  .12959436E+01
  -.24000000E+01  .12743048E+01
  -.23500000E+01  .12525835E+01
  -.23000000E+01  .12307600E+01
  -.22500000E+01  .12088153E+01
  -.22000000E+01  .11867314E+01
  -.21500000E+01  .11644911E+01
  -.21000000E+01  .11420778E+01
  -.20500000E+01  .11194754E+01
  -.20000000E+01  .10966682E+01
  -.19500000E+01  .10736405E+01
  -.19000000E+01  .10503769E+01
  -.18500000E+01  .10268619E+01
  -.18000000E+01  .10030799E+01
  -.17500000E+01  .97901539E+00
  -.17000000E+01  .95465226E+00
  -.16500000E+01  .92997427E+00
  -.16000000E+01  .90496476E+00
  -.15500000E+01  .87960658E+00
  -.15000000E+01  .85388246E+00
  -.14500000E+01  .82777317E+00
  -.14000000E+01  .80125962E+00
  -.13500000E+01  .77432338E+00
  -.13000000E+01  .74694233E+00
  -.12500000E+01  .71909523E+00
  -.12000000E+01  .69075925E+00
  -.11500000E+01  .66191046E+00
  -.11000000E+01  .63252356E+00
  -.10500000E+01  .60257174E+00
  -.10000000E+01  .57202703E+00
  -.95000000E+00  .54085937E+00
  -.90000000E+00  .50903699E+00
  -.85000000E+00  .47652606E+00
  -.80000000E+00  .44329055E+00
  -.75000000E+00  .40929200E+00
  -.70000000E+00  .37448928E+00
  -.65000000E+00  .33883835E+00
  -.60000000E+00  .30229195E+00
  -.55000000E+00  .26479932E+00
  -.50000000E+00  .22630576E+00
  -.45000000E+00  .18675236E+00
  -.40000000E+00  .14607553E+00
  -.35000000E+00  .10420609E+00
  -.30000000E+00  .61069327E-01
  -.25000000E+00  .16584290E-01
  -.20000000E+00 -.29337713E-01
  -.15000000E+00 -.76793067E-01
  -.10000000E+00 -.12588725E+00
  -.50000000E-01 -.17673582E+00
  -.22898350E-14 -.22946576E+00
   .50000000E-01 -.28421692E+00
   .10000000E+00 -.34114418E+00
   .15000000E+00 -.40041674E+00
   .20000000E+00 -.46222522E+00
   .25000000E+00 -.52678056E+00
   .30000000E+00 -.59431845E+00
   .35000000E+00 -.66510284E+00
   .40000000E+00 -.73943080E+00
   .45000000E+00 -.81763735E+00
   .50000000E+00 -.90010213E+00
   .55000000E+00 -.98725689E+00
   .60000000E+00 -.10795955E+01
   .65000000E+00 -.11776845E+01
   .70000000E+00 -.12821780E+01
   .75000000E+00 -.13938351E+01
   .80000000E+00 -.15135415E+01
   .85000000E+00 -.16423382E+01
   .90000000E+00 -.17814563E+01
   .95000000E+00 -.19323634E+01
   .10000000E+01 -.20968225E+01
   .10500000E+01 -.22769722E+01
   .11000000E+01 -.24754304E+01
   .11500000E+01 -.26954396E+01
   .12000000E+01 -.29410630E+01
   .12500000E+01 -.32174672E+01
   .13000000E+01 -.35313153E+01
   .13500000E+01 -.38913629E+01
   .14000000E+01 -.43093428E+01
   .14500000E+01 -.48013562E+01
   .15000000E+01 -.53901131E+01
   .15500000E+01 -.61087141E+01
   .16000000E+01 -.70073683E+01
   .16500000E+01 -.81660948E+01
   .17000000E+01 -.97207071E+01
   .17500000E+01 -.11921742E+02
   .18000000E+01 -.15288050E+02
   .18500000E+01 -.21097337E+02
   .19000000E+01 -.33573692E+02
   .19500000E+01 -.79942048E+02
   .20000000E+01  .22288088E+03
KBPotential  L  =      1.00000  -3.96567
  -.30000000E+01  .12511324E+01
  -.29500000E+01  .12208909E+01
  -.29000000E+01  .11890930E+01
  -.28500000E+01  .11555272E+01
  -.28000000E+01  .11199396E+01
  -.27500000E+01  .10820228E+01
  -.27000000E+01  .10414008E+01
  -.26500000E+01  .99760826E+00
  -.26000000E+01  .95006316E+00
  -.25500000E+01  .89802666E+00
  -.25000000E+01  .84054667E+00
  -.24500000E+01  .77637478E+00
  -.24000000E+01  .70384076E+00
  -.23500000E+01  .62065790E+00
  -.23000000E+01  .52360909E+00
  -.22500000E+01  .40801944E+00
  -.22000000E+01  .26682447E+00
  -.21500000E+01  .88818577E-01
  -.21000000E+01 -.14490179E+00
  -.20500000E+01 -.46892161E+00
  -.20000000E+01 -.95402573E+00
  -.19500000E+01 -.17713553E+01
  -.19000000E+01 -.34679255E+01
  -.18500000E+01 -.92551227E+01
  -.18000000E+01  .49508878E+02
  -.17500000E+01  .85398544E+01
  -.17000000E+01  .51620501E+01
  -.16500000E+01  .38982207E+01
  -.16000000E+01  .32305883E+01
  -.15500000E+01  .28136794E+01
  -.15000000E+01  .25256686E+01
  -.14500000E+01  .23126092E+01
  -.14000000E+01  .21469358E+01
  -.13500000E+01  .20130935E+01
  -.13000000E+01  .19016381E+01
  -.12500000E+01  .18065027E+01
  -.12000000E+01  .17236113E+01
  -.11500000E+01  .16501228E+01
  -.11000000E+01  .15839963E+01
  -.10500000E+01  .15237267E+01
  -.10000000E+01  .14681794E+01
  -.95000000E+00  .14164822E+01
  -.90000000E+00  .13679533E+01
  -.85000000E+00  .13220511E+01
  -.80000000E+00  .12783400E+01
  -.75000000E+00  .12364649E+01
  -.70000000E+00  .11961329E+01
  -.65000000E+00  .11571001E+01
  -.60000000E+00  .11191611E+01
  -.55000000E+00  .10821415E+01
  -.50000000E+00  .10458916E+01
  -.45000000E+00  .10102820E+01
  -.40000000E+00  .97519980E+00
  -.35000000E+00  .94054573E+00
  -.30000000E+00  .90623167E+00
  -.25000000E+00  .87217886E+00
  -.20000000E+00  .83831626E+00
  -.15000000E+00  .80457928E+00
  -.10000000E+00  .77090874E+00
  -.50000000E-01  .73724992E+00
  -.22898350E-14  .70355184E+00
   .50000000E-01  .66976660E+00
   .10000000E+00  .63584878E+00
   .15000000E+00  .60175504E+00
   .20000000E+00  .56744371E+00
   .25000000E+00  .53287409E+00
   .30000000E+00  .49800665E+00
   .35000000E+00  .46280231E+00
   .40000000E+00  .42722234E+00
   .45000000E+00  .39122799E+00
   .50000000E+00  .35478031E+00
   .55000000E+00  .31783989E+00
   .60000000E+00  .28036662E+00
   .65000000E+00  .24231945E+00
   .70000000E+00  .20365614E+00
   .75000000E+00  .16433306E+00
   .80000000E+00  .12430493E+00
   .85000000E+00  .83524553E-01
   .90000000E+00  .41942505E-01
   .95000000E+00 -.49306588E-03
   .10000000E+01 -.43836809E-01
   .10500000E+01 -.88146484E-01
   .11000000E+01 -.13348333E+00
   .11500000E+01 -.17991248E+00
   .12000000E+01 -.22750331E+00
   .12500000E+01 -.27633010E+00
   .13000000E+01 -.32647242E+00
   .13500000E+01 -.37801557E+00
   .14000000E+01 -.43105166E+00
   .14500000E+01 -.48568001E+00
   .15000000E+01 -.54200820E+00
   .15500000E+01 -.60015330E+00
   .16000000E+01 -.66024124E+00
   .16500000E+01 -.72241071E+00
   .17000000E+01 -.78681278E+00
   .17500000E+01 -.85361293E+00
   .18000000E+01 -.92299291E+00
   .18500000E+01 -.99515300E+00
   .19000000E+01 -.10703142E+01
   .19500000E+01 -.11487213E+01
   .20000000E+01 -.12306463E+01
KBPotential  L  =      2.00000   -.46994
  -.30000000E+01  .15772996E+01
  -.29500000E+01  .15606732E+01
  -.29000000E+01  .15438581E+01
  -.28500000E+01  .15268490E+01
  -.28000000E+01  .15096202E+01
  -.27500000E+01  .14921822E+01
  -.27000000E+01  .14745196E+01
  -.26500000E+01  .14566285E+01
  -.26000000E+01  .14385046E+01
  -.25500000E+01  .14201169E+01
  -.25000000E+01  .14014775E+01
  -.24500000E+01  .13825753E+01
  -.24000000E+01  .13633793E+01
  -.23500000E+01  .13439043E+01
  -.23000000E+01  .13241181E+01
  -.22500000E+01  .13040140E+01
  -.22000000E+01  .12835771E+01
  -.21500000E+01  .12627929E+01
  -.21000000E+01  .12416448E+01
  -.20500000E+01  .12201153E+01
  -.20000000E+01  .11981856E+01
  -.19500000E+01  .11758353E+01
  -.19000000E+01  .11530437E+01
  -.18500000E+01  .11297864E+01
  -.18000000E+01  .11060386E+01
  -.17500000E+01  .10817731E+01
  -.17000000E+01  .10569567E+01
  -.16500000E+01  .10315642E+01
  -.16000000E+01  .10055572E+01
  -.15500000E+01  .97889804E+00
  -.15000000E+01  .95154503E+00
  -.14500000E+01  .92345276E+00
  -.14000000E+01  .89457187E+00
  -.13500000E+01  .86484735E+00
  -.13000000E+01  .83421912E+00
  -.12500000E+01  .80262072E+00
  -.12000000E+01  .76997846E+00
  -.11500000E+01  .73621060E+00
  -.11000000E+01  .70122597E+00
  -.10500000E+01  .66492284E+00
  -.10000000E+01  .62718723E+00
  -.95000000E+00  .58789052E+00
  -.90000000E+00  .54689282E+00
  -.85000000E+00  .50401987E+00
  -.80000000E+00  .45908908E+00
  -.75000000E+00  .41188651E+00
  -.70000000E+00  .36216599E+00
  -.65000000E+00  .30964324E+00
  -.60000000E+00  .25398793E+00
  -.55000000E+00  .19481409E+00
  -.50000000E+00  .13166774E+00
  -.45000000E+00  .64011140E-01
  -.40000000E+00 -.87974880E-02
  -.35000000E+00 -.87530512E-01
  -.30000000E+00 -.17312598E+00
  -.25000000E+00 -.26673466E+00
  -.20000000E+00 -.36978416E+00
  -.15000000E+00 -.48406745E+00
  -.10000000E+00 -.61186836E+00
  -.50000000E-01 -.75614159E+00
  -.22898350E-14 -.92077925E+00
   .50000000E-01 -.11110148E+01
   .10000000E+00 -.13340557E+01
   .15000000E+00 -.16001123E+01
   .20000000E+00 -.19241431E+01
   .25000000E+00 -.23289791E+01
   .30000000E+00 -.28512905E+01
   .35000000E+00 -.35539452E+01
   .40000000E+00 -.45544947E+01
   .45000000E+00 -.61011550E+01
   .50000000E+00 -.88242953E+01
   .55000000E+00 -.14931482E+02
   .60000000E+00 -.41387077E+02
   .65000000E+00  .63818973E+02
   .70000000E+00  .18872865E+02
   .75000000E+00  .11340809E+02
   .80000000E+00  .82255692E+01
   .85000000E+00  .65166280E+01
   .90000000E+00  .54328175E+01
   .95000000E+00  .46810773E+01
   .10000000E+01  .41267107E+01
   .10500000E+01  .36991581E+01
   .11000000E+01  .33578698E+01
   .11500000E+01  .30778932E+01
   .12000000E+01  .28430239E+01
   .12500000E+01  .26422811E+01
   .13000000E+01  .24679522E+01
   .13500000E+01  .23144876E+01
   .14000000E+01  .21777537E+01
   .14500000E+01  .20546327E+01
   .15000000E+01  .19427172E+01
   .15500000E+01  .18401220E+01
   .16000000E+01  .17453500E+01
   .16500000E+01  .16571949E+01
   .17000000E+01  .15746711E+01
   .17500000E+01  .14969696E+01
   .18000000E+01  .14234165E+01
   .18500000E+01  .13534451E+01
   .19000000E+01  .12865765E+01
   .19500000E+01  .12224011E+01
   .20000000E+01  .11605669E+01
KBPotential  L  =      3.00000  -1.31070
  -.30000000E+01  .18213974E+01
  -.29500000E+01  .18072752E+01
  -.29000000E+01  .17930221E+01
  -.28500000E+01  .17786334E+01
  -.28000000E+01  .17641042E+01
  -.27500000E+01  .17494291E+01
  -.27000000E+01  .17346024E+01
  -.26500000E+01  .17196178E+01
  -.26000000E+01  .17044687E+01
  -.25500000E+01  .16891479E+01
  -.25000000E+01  .16736474E+01
  -.24500000E+01  .16579586E+01
  -.24000000E+01  .16420721E+01
  -.23500000E+01  .16259777E+01
  -.23000000E+01  .16096639E+01
  -.22500000E+01  .15931182E+01
  -.22000000E+01  .15763267E+01
  -.21500000E+01  .15592739E+01
  -.21000000E+01  .15419424E+01
  -.20500000E+01  .15243128E+01
  -.20000000E+01  .15063630E+01
  -.19500000E+01  .14880680E+01
  -.19000000E+01  .14693994E+01
  -.18500000E+01  .14503243E+01
  -.18000000E+01  .14308050E+01
  -.17500000E+01  .14107973E+01
  -.17000000E+01  .13902499E+01
  -.16500000E+01  .13691016E+01
  -.16000000E+01  .13472801E+01
  -.15500000E+01  .13246980E+01
  -.15000000E+01  .13012494E+01
  -.14500000E+01  .12768042E+01
  -.14000000E+01  .12512008E+01
  -.13500000E+01  .12242352E+01
  -.13000000E+01  .11956466E+01
  -.12500000E+01  .11650954E+01
  -.12000000E+01  .11321308E+01
  -.11500000E+01  .10961401E+01
  -.11000000E+01  .10562695E+01
  -.10500000E+01  .10112901E+01
  -.10000000E+01  .95936694E+00
  -.95000000E+00  .89763006E+00
  -.90000000E+00  .82132346E+00
  -.85000000E+00  .72194754E+00
  -.80000000E+00  .58266787E+00
  -.75000000E+00  .36477021E+00
  -.70000000E+00 -.45020092E-01
  -.65000000E+00 -.11808014E+01
  -.60000000E+00 -.31452784E+02
  -.55000000E+00  .38016927E+01
  -.50000000E+00  .23761274E+01
  -.45000000E+00  .19118971E+01
  -.40000000E+00  .16737166E+01
  -.35000000E+00  .15236789E+01
  -.30000000E+00  .14169987E+01
  -.25000000E+00  .13347606E+01
  -.20000000E+00  .12675935E+01
  -.15000000E+00  .12103225E+01
  -.10000000E+00  .11598543E+01
  -.50000000E-01  .11142386E+01
  -.22898350E-14  .10721403E+01
   .50000000E-01  .10326772E+01
   .10000000E+00  .99516036E+00
   .15000000E+00  .95913226E+00
   .20000000E+00  .92422937E+00
   .25000000E+00  .89017029E+00
   .30000000E+00  .85673258E+00
   .35000000E+00  .82378373E+00
   .40000000E+00  .79070970E+00
   .45000000E+00  .75850719E+00
   .50000000E+00  .72604531E+00
   .55000000E+00  .69355996E+00
   .60000000E+00  .66097144E+00
   .65000000E+00  .62820842E+00
   .70000000E+00  .59520606E+00
   .75000000E+00  .56190447E+00
   .80000000E+00  .52824745E+00
   .85000000E+00  .47640233E+00
   .90000000E+00  .45971832E+00
   .95000000E+00  .42406028E+00
   .10000000E+01  .38917717E+00
   .10500000E+01  .35298474E+00
   .11000000E+01  .31613222E+00
   .11500000E+01  .27856839E+00
   .12000000E+01  .24024071E+00
   .12500000E+01  .20109485E+00
   .13000000E+01  .16107431E+00
   .13500000E+01  .12011996E+00
   .14000000E+01  .78169647E-01
   .14500000E+01  .35157715E-01
   .15000000E+01 -.89854617E-02
   .15500000E+01 -.54334024E-01
   .16000000E+01 -.10096714E+00
   .16500000E+01 -.14896970E+00
   .17000000E+01 -.19843290E+00
   .17500000E+01 -.24867535E+00
   .18000000E+01 -.30270404E+00
   .18500000E+01 -.38473425E+00
   .19000000E+01 -.44164752E+00
   .19500000E+01 -.47141997E+00
   .20000000E+01 -.53245215E+00
KBPotential  L  =      4.00000    .00000
  -.30000000E+01  .20953906E+01
  -.29500000E+01  .20837018E+01
  -.29000000E+01  .20719519E+01
  -.28500000E+01  .20601397E+01
  -.28000000E+01  .20482636E+01
  -.27500000E+01  .20363247E+01
  -.27000000E+01  .20243211E+01
  -.26500000E+01  .20122524E+01
  -.26000000E+01  .20001143E+01
  -.25500000E+01  .19879101E+01
  -.25000000E+01  .19756353E+01
  -.24500000E+01  .19632922E+01
  -.24000000E+01  .19508760E+01
  -.23500000E+01  .19383880E+01
  -.23000000E+01  .19258258E+01
  -.22500000E+01  .19131888E+01
  -.22000000E+01  .19004754E+01
  -.21500000E+01  .18876835E+01
  -.21000000E+01  .18748147E+01
  -.20500000E+01  .18618644E+01
  -.20000000E+01  .18488316E+01
  -.19500000E+01  .18357177E+01
  -.19000000E+01  .18225182E+01
  -.18500000E+01  .18092311E+01
  -.18000000E+01  .17958587E+01
  -.17500000E+01  .17823958E+01
  -.17000000E+01  .17688416E+01
  -.16500000E+01  .17551950E+01
  -.16000000E+01  .17414527E+01
  -.15500000E+01  .17276163E+01
  -.15000000E+01  .17136803E+01
  -.14500000E+01  .16996432E+01
  -.14000000E+01  .16855058E+01
  -.13500000E+01  .16712633E+01
  -.13000000E+01  .16569138E+01
  -.12500000E+01  .16424564E+01
  -.12000000E+01  .16278892E+01
  -.11500000E+01  .16132069E+01
  -.11000000E+01  .15984109E+01
  -.10500000E+01  .15834958E+01
  -.10000000E+01  .15684595E+01
  -.95000000E+00  .15533014E+01
  -.90000000E+00  .15380164E+01
  -.85000000E+00  .15226025E+01
  -.80000000E+00  .15070568E+01
  -.75000000E+00  .14913760E+01
  -.70000000E+00  .14755565E+01
  -.65000000E+00  .14595971E+01
  -.60000000E+00  .14434914E+01
  -.55000000E+00  .14272382E+01
  -.50000000E+00  .14108337E+01
  -.45000000E+00  .13942726E+01
  -.40000000E+00  .13775518E+01
  -.35000000E+00  .13606672E+01
  -.30000000E+00  .13436145E+01
  -.25000000E+00  .13263892E+01
  -.20000000E+00  .13089868E+01
  -.15000000E+00  .12914025E+01
  -.10000000E+00  .12736311E+01
  -.50000000E-01  .12556677E+01
  -.22898350E-14  .12375066E+01
   .50000000E-01  .12191422E+01
   .10000000E+00  .12005687E+01
   .15000000E+00  .11817797E+01
   .20000000E+00  .11627690E+01
   .25000000E+00  .11435297E+01
   .30000000E+00  .11240548E+01
   .35000000E+00  .11043370E+01
   .40000000E+00  .10843683E+01
   .45000000E+00  .10641409E+01
   .50000000E+00  .10436461E+01
   .55000000E+00  .10228751E+01
   .60000000E+00  .10018185E+01
   .65000000E+00  .98046642E+00
   .70000000E+00  .95880858E+00
   .75000000E+00  .93683408E+00
   .80000000E+00  .91453147E+00
   .85000000E+00  .89188866E+00
   .90000000E+00  .86889293E+00
   .95000000E+00  .84553083E+00
   .10000000E+01  .82178817E+00
   .10500000E+01  .79764992E+00
   .11000000E+01  .77310020E+00
   .11500000E+01  .74812219E+00
   .12000000E+01  .72269803E+00
   .12500000E+01  .69680880E+00
   .13000000E+01  .67043437E+00
   .13500000E+01  .64355336E+00
   .14000000E+01  .61614300E+00
   .14500000E+01  .58817903E+00
   .15000000E+01  .55963555E+00
   .15500000E+01  .53048492E+00
   .16000000E+01  .50069743E+00
   .16500000E+01  .47024169E+00
   .17000000E+01  .43908363E+00
   .17500000E+01  .40718682E+00
   .18000000E+01  .37451205E+00
   .18500000E+01  .34101718E+00
   .19000000E+01  .30665676E+00
   .19500000E+01  .27138166E+00
   .20000000E+01  .23513880E+00
