Os: 5p6s5d                                
   15  76.   .002000 190.20000 125.   .10E-03 .100  400F91 62.00000
   .7  1.0   0
  1.0   .0   .5-5394.5554 2.0000
  2.0   .0   .5 -940.2439 2.0000
  2.0  1.0  1.5 -819.6110 6.0000
  3.0   .0   .5 -218.8014 2.0000
  3.0  1.0  1.5 -183.3091 6.0000
  3.0  2.0  2.5 -143.604410.0000
  4.0   .0   .5  -46.0238 2.0000
  4.0  1.0  1.5  -34.3611 6.0000
  4.0  2.0  2.5  -19.849810.0000
  4.0  3.0  3.5   -3.671514.0000
  5.0   .0   .5   -6.5255 2.0000
  5.0  1.0  1.5   -3.5660 6.0000
  5.0  2.0  2.5    -.3516 7.0000
  6.0   .0   .5    -.4016 1.0000
  5.0  3.0  2.5    -.5000  .0000
