   Th                                    
 100
Core Pot   L  =         .00000  -3.17137
  -.30000000E+01  .45642969E+01
  -.29500000E+01  .33971320E+01
  -.29000000E+01  .28527062E+01
  -.28500000E+01  .25331108E+01
  -.28000000E+01  .23198559E+01
  -.27500000E+01  .21652300E+01
  -.27000000E+01  .20463174E+01
  -.26500000E+01  .19507409E+01
  -.26000000E+01  .18712280E+01
  -.25500000E+01  .18032242E+01
  -.25000000E+01  .17437311E+01
  -.24500000E+01  .16906936E+01
  -.24000000E+01  .16426554E+01
  -.23500000E+01  .15985553E+01
  -.23000000E+01  .15576011E+01
  -.22500000E+01  .15191892E+01
  -.22000000E+01  .14828512E+01
  -.21500000E+01  .14482175E+01
  -.21000000E+01  .14149924E+01
  -.20500000E+01  .13829361E+01
  -.20000000E+01  .13518516E+01
  -.19500000E+01  .13215757E+01
  -.19000000E+01  .12919710E+01
  -.18500000E+01  .12629214E+01
  -.18000000E+01  .12343274E+01
  -.17500000E+01  .12061033E+01
  -.17000000E+01  .11781742E+01
  -.16500000E+01  .11504743E+01
  -.16000000E+01  .11229455E+01
  -.15500000E+01  .10955354E+01
  -.15000000E+01  .10681973E+01
  -.14500000E+01  .10408883E+01
  -.14000000E+01  .10135692E+01
  -.13500000E+01  .98620371E+00
  -.13000000E+01  .95875808E+00
  -.12500000E+01  .93120046E+00
  -.12000000E+01  .90350066E+00
  -.11500000E+01  .87562985E+00
  -.11000000E+01  .84756020E+00
  -.10500000E+01  .81926473E+00
  -.10000000E+01  .79071702E+00
  -.95000000E+00  .76189103E+00
  -.90000000E+00  .73276096E+00
  -.85000000E+00  .70330102E+00
  -.80000000E+00  .67348533E+00
  -.75000000E+00  .64328772E+00
  -.70000000E+00  .61268163E+00
  -.65000000E+00  .58163994E+00
  -.60000000E+00  .55013486E+00
  -.55000000E+00  .51813776E+00
  -.50000000E+00  .48561903E+00
  -.45000000E+00  .45254796E+00
  -.40000000E+00  .41889256E+00
  -.35000000E+00  .38461942E+00
  -.30000000E+00  .34969353E+00
  -.25000000E+00  .31407812E+00
  -.20000000E+00  .27773444E+00
  -.15000000E+00  .24062156E+00
  -.10000000E+00  .20269619E+00
  -.50000000E-01  .16391236E+00
  -.22898350E-14  .12422121E+00
   .50000000E-01  .83570694E-01
   .10000000E+00  .41905228E-01
   .15000000E+00 -.83463146E-03
   .20000000E+00 -.44712615E-01
   .25000000E+00 -.89797160E-01
   .30000000E+00 -.13616191E+00
   .35000000E+00 -.18388625E+00
   .40000000E+00 -.23305593E+00
   .45000000E+00 -.28376379E+00
   .50000000E+00 -.33611051E+00
   .55000000E+00 -.39020545E+00
   .60000000E+00 -.44616780E+00
   .65000000E+00 -.50412756E+00
   .70000000E+00 -.56422695E+00
   .75000000E+00 -.62662190E+00
   .80000000E+00 -.69148374E+00
   .85000000E+00 -.75900123E+00
   .90000000E+00 -.82938284E+00
   .95000000E+00 -.90285944E+00
   .10000000E+01 -.97968742E+00
   .10500000E+01 -.10601524E+01
   .11000000E+01 -.11445734E+01
   .11500000E+01 -.12333082E+01
   .12000000E+01 -.13267591E+01
   .12500000E+01 -.14253804E+01
   .13000000E+01 -.15296869E+01
   .13500000E+01 -.16402644E+01
   .14000000E+01 -.17577827E+01
   .14500000E+01 -.18830110E+01
   .15000000E+01 -.20168368E+01
   .15500000E+01 -.21602904E+01
   .16000000E+01 -.23145740E+01
   .16500000E+01 -.24811001E+01
   .17000000E+01 -.26615385E+01
   .17500000E+01 -.28578789E+01
   .18000000E+01 -.30725108E+01
   .18500000E+01 -.33083292E+01
   .19000000E+01 -.35688764E+01
   .19500000E+01 -.38585331E+01
   .20000000E+01 -.41827827E+01
Potential  L  =         .00000  -3.17137
  -.30000000E+01  .29878212E+01
  -.29500000E+01  .24638624E+01
  -.29000000E+01  .21796170E+01
  -.28500000E+01  .19969524E+01
  -.28000000E+01  .18666775E+01
  -.27500000E+01  .17668793E+01
  -.27000000E+01  .16863131E+01
  -.26500000E+01  .16186120E+01
  -.26000000E+01  .15598979E+01
  -.25500000E+01  .15076714E+01
  -.25000000E+01  .14602472E+01
  -.24500000E+01  .14164452E+01
  -.24000000E+01  .13754129E+01
  -.23500000E+01  .13365170E+01
  -.23000000E+01  .12992755E+01
  -.22500000E+01  .12633135E+01
  -.22000000E+01  .12283334E+01
  -.21500000E+01  .11940940E+01
  -.21000000E+01  .11603965E+01
  -.20500000E+01  .11270741E+01
  -.20000000E+01  .10939837E+01
  -.19500000E+01  .10610011E+01
  -.19000000E+01  .10280157E+01
  -.18500000E+01  .99492777E+00
  -.18000000E+01  .96164554E+00
  -.17500000E+01  .92808292E+00
  -.17000000E+01  .89415782E+00
  -.16500000E+01  .85979058E+00
  -.16000000E+01  .82490263E+00
  -.15500000E+01  .78941530E+00
  -.15000000E+01  .75324870E+00
  -.14500000E+01  .71632061E+00
  -.14000000E+01  .67854548E+00
  -.13500000E+01  .63983330E+00
  -.13000000E+01  .60008849E+00
  -.12500000E+01  .55920860E+00
  -.12000000E+01  .51708307E+00
  -.11500000E+01  .47359164E+00
  -.11000000E+01  .42860267E+00
  -.10500000E+01  .38197117E+00
  -.10000000E+01  .33353653E+00
  -.95000000E+00  .28311988E+00
  -.90000000E+00  .23052082E+00
  -.85000000E+00  .17551375E+00
  -.80000000E+00  .11784333E+00
  -.75000000E+00  .57218926E-01
  -.70000000E+00 -.66920017E-02
  -.65000000E+00 -.74272191E-01
  -.60000000E+00 -.14596476E+00
  -.55000000E+00 -.22228598E+00
  -.50000000E+00 -.30384137E+00
  -.45000000E+00 -.39134624E+00
  -.40000000E+00 -.48565210E+00
  -.35000000E+00 -.58778107E+00
  -.30000000E+00 -.69897129E+00
  -.25000000E+00 -.82073748E+00
  -.20000000E+00 -.95495328E+00
  -.15000000E+00 -.11039646E+01
  -.10000000E+00 -.12707490E+01
  -.50000000E-01 -.14591441E+01
  -.22898350E-14 -.16741830E+01
   .50000000E-01 -.19225996E+01
   .10000000E+00 -.22136144E+01
   .15000000E+00 -.25601997E+01
   .20000000E+00 -.29812054E+01
   .25000000E+00 -.35051142E+01
   .30000000E+00 -.41770987E+01
   .35000000E+00 -.50733463E+01
   .40000000E+00 -.63331967E+01
   .45000000E+00 -.82416878E+01
   .50000000E+00 -.11487399E+02
   .55000000E+00 -.18267854E+02
   .60000000E+00 -.41431172E+02
   .65000000E+00  .20037195E+03
   .70000000E+00  .30450711E+02
   .75000000E+00  .16782257E+02
   .80000000E+00  .11711415E+02
   .85000000E+00  .90596478E+01
   .90000000E+00  .74243832E+01
   .95000000E+00  .63116395E+01
   .10000000E+01  .55028339E+01
   .10500000E+01  .48863361E+01
   .11000000E+01  .43991815E+01
   .11500000E+01  .40031558E+01
   .12000000E+01  .36737210E+01
   .12500000E+01  .33943982E+01
   .13000000E+01  .31537092E+01
   .13500000E+01  .29434121E+01
   .14000000E+01  .27574355E+01
   .14500000E+01  .25912066E+01
   .15000000E+01  .24412153E+01
   .15500000E+01  .23047218E+01
   .16000000E+01  .21795552E+01
   .16500000E+01  .20639728E+01
   .17000000E+01  .19565586E+01
   .17500000E+01  .18561498E+01
   .18000000E+01  .17617816E+01
   .18500000E+01  .16726466E+01
   .19000000E+01  .15880630E+01
   .19500000E+01  .15074507E+01
   .20000000E+01  .14303125E+01
Core Pot   L  =        1.00000  -1.57255
  -.30000000E+01  .12734976E+01
  -.29500000E+01  .12481242E+01
  -.29000000E+01  .12219482E+01
  -.28500000E+01  .11949006E+01
  -.28000000E+01  .11669032E+01
  -.27500000E+01  .11378680E+01
  -.27000000E+01  .11076943E+01
  -.26500000E+01  .10762675E+01
  -.26000000E+01  .10434559E+01
  -.25500000E+01  .10091074E+01
  -.25000000E+01  .97304582E+00
  -.24500000E+01  .93506519E+00
  -.24000000E+01  .89492374E+00
  -.23500000E+01  .85233541E+00
  -.23000000E+01  .80695921E+00
  -.22500000E+01  .75838537E+00
  -.22000000E+01  .70611690E+00
  -.21500000E+01  .64954502E+00
  -.21000000E+01  .58791580E+00
  -.20500000E+01  .52028394E+00
  -.20000000E+01  .44544782E+00
  -.19500000E+01  .36185614E+00
  -.19000000E+01  .26747036E+00
  -.18500000E+01  .15955721E+00
  -.18000000E+01  .34364334E-01
  -.17500000E+01 -.11340363E+00
  -.17000000E+01 -.29146968E+00
  -.16500000E+01 -.51155656E+00
  -.16000000E+01 -.79236214E+00
  -.15500000E+01 -.11656555E+01
  -.15000000E+01 -.16901204E+01
  -.14500000E+01 -.24875208E+01
  -.14000000E+01 -.38586134E+01
  -.13500000E+01 -.68031639E+01
  -.13000000E+01 -.17867269E+02
  -.12500000E+01  .50262618E+02
  -.12000000E+01  .11826252E+02
  -.11500000E+01  .71053068E+01
  -.11000000E+01  .52526957E+01
  -.10500000E+01  .42572954E+01
  -.10000000E+01  .36318537E+01
  -.95000000E+00  .31995181E+01
  -.90000000E+00  .28806189E+01
  -.85000000E+00  .26339766E+01
  -.80000000E+00  .24361613E+01
  -.75000000E+00  .22728585E+01
  -.70000000E+00  .21348284E+01
  -.65000000E+00  .20158393E+01
  -.60000000E+00  .19115347E+01
  -.55000000E+00  .18187767E+01
  -.50000000E+00  .17352473E+01
  -.45000000E+00  .16591963E+01
  -.40000000E+00  .15892768E+01
  -.35000000E+00  .15244351E+01
  -.30000000E+00  .14638345E+01
  -.25000000E+00  .14068015E+01
  -.20000000E+00  .13527877E+01
  -.15000000E+00  .13013414E+01
  -.10000000E+00  .12520867E+01
  -.50000000E-01  .12047081E+01
  -.22898350E-14  .11589382E+01
   .50000000E-01  .11145485E+01
   .10000000E+00  .10713423E+01
   .15000000E+00  .10291489E+01
   .20000000E+00  .98781905E+00
   .25000000E+00  .94722127E+00
   .30000000E+00  .90723899E+00
   .35000000E+00  .86776812E+00
   .40000000E+00  .82871501E+00
   .45000000E+00  .78999482E+00
   .50000000E+00  .75153019E+00
   .55000000E+00  .71325005E+00
   .60000000E+00  .67508862E+00
   .65000000E+00  .63698462E+00
   .70000000E+00  .59888052E+00
   .75000000E+00  .56072194E+00
   .80000000E+00  .52245708E+00
   .85000000E+00  .48403625E+00
   .90000000E+00  .44541144E+00
   .95000000E+00  .40653596E+00
   .10000000E+01  .36736405E+00
   .10500000E+01  .32785058E+00
   .11000000E+01  .28795079E+00
   .11500000E+01  .24761988E+00
   .12000000E+01  .20681291E+00
   .12500000E+01  .16548443E+00
   .13000000E+01  .12358824E+00
   .13500000E+01  .81077176E-01
   .14000000E+01  .37902800E-01
   .14500000E+01 -.59848130E-02
   .15000000E+01 -.50637365E-01
   .15500000E+01 -.96108621E-01
   .16000000E+01 -.14245468E+00
   .16500000E+01 -.18973429E+00
   .17000000E+01 -.23800919E+00
   .17500000E+01 -.28734446E+00
   .18000000E+01 -.33780894E+00
   .18500000E+01 -.38947556E+00
   .19000000E+01 -.44242190E+00
   .19500000E+01 -.49673066E+00
   .20000000E+01 -.55249017E+00
Potential  L  =        1.00000  -1.57255
  -.30000000E+01  .13095866E+01
  -.29500000E+01  .12859108E+01
  -.29000000E+01  .12615415E+01
  -.28500000E+01  .12364185E+01
  -.28000000E+01  .12104734E+01
  -.27500000E+01  .11836282E+01
  -.27000000E+01  .11557938E+01
  -.26500000E+01  .11268679E+01
  -.26000000E+01  .10967318E+01
  -.25500000E+01  .10652480E+01
  -.25000000E+01  .10322551E+01
  -.24500000E+01  .99756325E+00
  -.24000000E+01  .96094680E+00
  -.23500000E+01  .92213590E+00
  -.23000000E+01  .88080473E+00
  -.22500000E+01  .83655608E+00
  -.22000000E+01  .78890056E+00
  -.21500000E+01  .73722805E+00
  -.21000000E+01  .68076775E+00
  -.20500000E+01  .61853096E+00
  -.20000000E+01  .54922943E+00
  -.19500000E+01  .47114961E+00
  -.19000000E+01  .38196296E+00
  -.18500000E+01  .27842150E+00
  -.18000000E+01  .15585356E+00
  -.17500000E+01  .72867504E-02
  -.17000000E+01 -.17817008E+00
  -.16500000E+01 -.41852919E+00
  -.16000000E+01 -.74588805E+00
  -.15500000E+01 -.12235465E+01
  -.15000000E+01 -.19961054E+01
  -.14500000E+01 -.34817507E+01
  -.14000000E+01 -.76001025E+01
  -.13500000E+01 -.83577481E+02
  -.13000000E+01  .11922723E+02
  -.12500000E+01  .61244083E+01
  -.12000000E+01  .43302061E+01
  -.11500000E+01  .34486664E+01
  -.11000000E+01  .29192384E+01
  -.10500000E+01  .25623092E+01
  -.10000000E+01  .23025969E+01
  -.95000000E+00  .21030001E+01
  -.90000000E+00  .19431130E+01
  -.85000000E+00  .18107857E+01
  -.80000000E+00  .16983233E+01
  -.75000000E+00  .16006195E+01
  -.70000000E+00  .15141482E+01
  -.65000000E+00  .14363952E+01
  -.60000000E+00  .13655178E+01
  -.55000000E+00  .13001332E+01
  -.50000000E+00  .12391823E+01
  -.45000000E+00  .11818388E+01
  -.40000000E+00  .11274471E+01
  -.35000000E+00  .10754795E+01
  -.30000000E+00  .10255052E+01
  -.25000000E+00  .97716741E+00
  -.20000000E+00  .93016756E+00
  -.15000000E+00  .88425229E+00
  -.10000000E+00  .83920422E+00
  -.50000000E-01  .79483462E+00
  -.22898350E-14  .75097766E+00
   .50000000E-01  .70748594E+00
   .10000000E+00  .66422688E+00
   .15000000E+00  .62107973E+00
   .20000000E+00  .57793323E+00
   .25000000E+00  .53468356E+00
   .30000000E+00  .49123266E+00
   .35000000E+00  .44748692E+00
   .40000000E+00  .40335538E+00
   .45000000E+00  .35874934E+00
   .50000000E+00  .31358089E+00
   .55000000E+00  .26776206E+00
   .60000000E+00  .22120387E+00
   .65000000E+00  .17381552E+00
   .70000000E+00  .12550352E+00
   .75000000E+00  .76170695E-01
   .80000000E+00  .25715154E-01
   .85000000E+00 -.25969736E-01
   .90000000E+00 -.78997860E-01
   .95000000E+00 -.13349054E+00
   .10000000E+01 -.18957797E+00
   .10500000E+01 -.24740068E+00
   .11000000E+01 -.30711098E+00
   .11500000E+01 -.36887483E+00
   .12000000E+01 -.43287387E+00
   .12500000E+01 -.49930767E+00
   .13000000E+01 -.56839656E+00
   .13500000E+01 -.64038469E+00
   .14000000E+01 -.71554379E+00
   .14500000E+01 -.79417757E+00
   .15000000E+01 -.87662688E+00
   .15500000E+01 -.96327592E+00
   .16000000E+01 -.10545597E+01
   .16500000E+01 -.11509732E+01
   .17000000E+01 -.12530822E+01
   .17500000E+01 -.13615368E+01
   .18000000E+01 -.14770880E+01
   .18500000E+01 -.16006087E+01
   .19000000E+01 -.17331192E+01
   .19500000E+01 -.18758207E+01
   .20000000E+01 -.20301373E+01
Core Pot   L  =        2.00000   -.17831
  -.30000000E+01  .15652933E+01
  -.29500000E+01  .15487209E+01
  -.29000000E+01  .15319655E+01
  -.28500000E+01  .15150215E+01
  -.28000000E+01  .14978828E+01
  -.27500000E+01  .14805430E+01
  -.27000000E+01  .14629953E+01
  -.26500000E+01  .14452327E+01
  -.26000000E+01  .14272479E+01
  -.25500000E+01  .14090329E+01
  -.25000000E+01  .13905796E+01
  -.24500000E+01  .13718792E+01
  -.24000000E+01  .13529227E+01
  -.23500000E+01  .13337004E+01
  -.23000000E+01  .13142019E+01
  -.22500000E+01  .12944165E+01
  -.22000000E+01  .12743328E+01
  -.21500000E+01  .12539384E+01
  -.21000000E+01  .12332206E+01
  -.20500000E+01  .12121657E+01
  -.20000000E+01  .11907589E+01
  -.19500000E+01  .11689848E+01
  -.19000000E+01  .11468268E+01
  -.18500000E+01  .11242671E+01
  -.18000000E+01  .11012870E+01
  -.17500000E+01  .10778660E+01
  -.17000000E+01  .10539825E+01
  -.16500000E+01  .10296134E+01
  -.16000000E+01  .10047334E+01
  -.15500000E+01  .97931570E+00
  -.15000000E+01  .95333131E+00
  -.14500000E+01  .92674888E+00
  -.14000000E+01  .89953454E+00
  -.13500000E+01  .87165161E+00
  -.13000000E+01  .84306029E+00
  -.12500000E+01  .81371733E+00
  -.12000000E+01  .78357561E+00
  -.11500000E+01  .75258372E+00
  -.11000000E+01  .72068545E+00
  -.10500000E+01  .68781917E+00
  -.10000000E+01  .65391724E+00
  -.95000000E+00  .61890515E+00
  -.90000000E+00  .58270066E+00
  -.85000000E+00  .54521279E+00
  -.80000000E+00  .50634053E+00
  -.75000000E+00  .46597151E+00
  -.70000000E+00  .42398026E+00
  -.65000000E+00  .38022628E+00
  -.60000000E+00  .33455165E+00
  -.55000000E+00  .28677827E+00
  -.50000000E+00  .23670450E+00
  -.45000000E+00  .18410111E+00
  -.40000000E+00  .12870633E+00
  -.35000000E+00  .70219909E-01
  -.30000000E+00  .82956840E-02
  -.25000000E+00 -.57467609E-01
  -.20000000E+00 -.12753769E+00
  -.15000000E+00 -.20246321E+00
  -.10000000E+00 -.28289213E+00
  -.50000000E-01 -.36959523E+00
  -.22898350E-14 -.46349680E+00
   .50000000E-01 -.56571491E+00
   .10000000E+00 -.67761509E+00
   .15000000E+00 -.80088295E+00
   .20000000E+00 -.93762388E+00
   .25000000E+00 -.10905026E+01
   .30000000E+00 -.12629422E+01
   .35000000E+00 -.14594151E+01
   .40000000E+00 -.16858783E+01
   .45000000E+00 -.19504458E+01
   .50000000E+00 -.22644626E+01
   .55000000E+00 -.26442908E+01
   .60000000E+00 -.31144289E+01
   .65000000E+00 -.37132881E+01
   .70000000E+00 -.45047038E+01
   .75000000E+00 -.56031448E+01
   .80000000E+00 -.72363348E+01
   .85000000E+00 -.99313580E+01
   .90000000E+00 -.15247394E+02
   .95000000E+00 -.30724569E+02
   .10000000E+01 -.76921917E+03
   .10500000E+01  .35216270E+02
   .11000000E+01  .17621605E+02
   .11500000E+01  .11913313E+02
   .12000000E+01  .90801432E+01
   .12500000E+01  .73820254E+01
   .13000000E+01  .62472614E+01
   .13500000E+01  .54328427E+01
   .14000000E+01  .48179157E+01
   .14500000E+01  .43355939E+01
   .15000000E+01  .39458581E+01
   .15500000E+01  .36232965E+01
   .16000000E+01  .33509963E+01
   .16500000E+01  .31172641E+01
   .17000000E+01  .29137559E+01
   .17500000E+01  .27343575E+01
   .18000000E+01  .25744857E+01
   .18500000E+01  .24306369E+01
   .19000000E+01  .23000862E+01
   .19500000E+01  .21806822E+01
   .20000000E+01  .20707030E+01
Potential  L  =        2.00000   -.17831
  -.30000000E+01  .15728511E+01
  -.29500000E+01  .15565232E+01
  -.29000000E+01  .15400182E+01
  -.28500000E+01  .15233305E+01
  -.28000000E+01  .15064542E+01
  -.27500000E+01  .14893831E+01
  -.27000000E+01  .14721107E+01
  -.26500000E+01  .14546301E+01
  -.26000000E+01  .14369342E+01
  -.25500000E+01  .14190152E+01
  -.25000000E+01  .14008652E+01
  -.24500000E+01  .13824756E+01
  -.24000000E+01  .13638375E+01
  -.23500000E+01  .13449413E+01
  -.23000000E+01  .13257770E+01
  -.22500000E+01  .13063337E+01
  -.22000000E+01  .12866002E+01
  -.21500000E+01  .12665644E+01
  -.21000000E+01  .12462134E+01
  -.20500000E+01  .12255335E+01
  -.20000000E+01  .12045100E+01
  -.19500000E+01  .11831274E+01
  -.19000000E+01  .11613688E+01
  -.18500000E+01  .11392164E+01
  -.18000000E+01  .11166510E+01
  -.17500000E+01  .10936518E+01
  -.17000000E+01  .10701967E+01
  -.16500000E+01  .10462617E+01
  -.16000000E+01  .10218211E+01
  -.15500000E+01  .99684670E+00
  -.15000000E+01  .97130841E+00
  -.14500000E+01  .94517333E+00
  -.14000000E+01  .91840575E+00
  -.13500000E+01  .89096677E+00
  -.13000000E+01  .86281392E+00
  -.12500000E+01  .83390075E+00
  -.12000000E+01  .80417631E+00
  -.11500000E+01  .77358462E+00
  -.11000000E+01  .74206399E+00
  -.10500000E+01  .70954628E+00
  -.10000000E+01  .67595599E+00
  -.95000000E+00  .64120928E+00
  -.90000000E+00  .60521268E+00
  -.85000000E+00  .56786176E+00
  -.80000000E+00  .52903933E+00
  -.75000000E+00  .48861351E+00
  -.70000000E+00  .44643524E+00
  -.65000000E+00  .40233537E+00
  -.60000000E+00  .35612138E+00
  -.55000000E+00  .30757264E+00
  -.50000000E+00  .25643550E+00
  -.45000000E+00  .20241653E+00
  -.40000000E+00  .14517462E+00
  -.35000000E+00  .84310650E-01
  -.30000000E+00  .19354541E-01
  -.25000000E+00 -.50251286E-01
  -.20000000E+00 -.12517337E+00
  -.15000000E+00 -.20621531E+00
  -.10000000E+00 -.29435502E+00
  -.50000000E-01 -.39079483E+00
  -.22898350E-14 -.49703004E+00
   .50000000E-01 -.61494404E+00
   .10000000E+00 -.74694327E+00
   .15000000E+00 -.89615266E+00
   .20000000E+00 -.10667057E+01
   .25000000E+00 -.12641877E+01
   .30000000E+00 -.14963348E+01
   .35000000E+00 -.17741807E+01
   .40000000E+00 -.21140239E+01
   .45000000E+00 -.25409949E+01
   .50000000E+00 -.30959778E+01
   .55000000E+00 -.38502516E+01
   .60000000E+00 -.49401885E+01
   .65000000E+00 -.66635523E+01
   .70000000E+00 -.98185824E+01
   .75000000E+00 -.17517566E+02
   .80000000E+00 -.65650567E+02
   .85000000E+00  .41367930E+02
   .90000000E+00  .16254657E+02
   .95000000E+00  .10293926E+02
   .10000000E+01  .76141114E+01
   .10500000E+01  .60846651E+01
   .11000000E+01  .50913847E+01
   .11500000E+01  .43911716E+01
   .12000000E+01  .38685299E+01
   .12500000E+01  .34615535E+01
   .13000000E+01  .31340720E+01
   .13500000E+01  .28635348E+01
   .14000000E+01  .26351502E+01
   .14500000E+01  .24388116E+01
   .15000000E+01  .22673770E+01
   .15500000E+01  .21156551E+01
   .16000000E+01  .19797807E+01
   .16500000E+01  .18568158E+01
   .17000000E+01  .17444860E+01
   .17500000E+01  .16410020E+01
   .18000000E+01  .15449363E+01
   .18500000E+01  .14551358E+01
   .19000000E+01  .13706556E+01
   .19500000E+01  .12907159E+01
   .20000000E+01  .12146650E+01
Core Pot   L  =        3.00000   -.10570
  -.30000000E+01  .18022577E+01
  -.29500000E+01  .17880528E+01
  -.29000000E+01  .17737214E+01
  -.28500000E+01  .17592598E+01
  -.28000000E+01  .17446638E+01
  -.27500000E+01  .17299291E+01
  -.27000000E+01  .17150513E+01
  -.26500000E+01  .17000254E+01
  -.26000000E+01  .16848463E+01
  -.25500000E+01  .16695087E+01
  -.25000000E+01  .16540068E+01
  -.24500000E+01  .16383343E+01
  -.24000000E+01  .16224848E+01
  -.23500000E+01  .16064511E+01
  -.23000000E+01  .15902259E+01
  -.22500000E+01  .15738009E+01
  -.22000000E+01  .15571674E+01
  -.21500000E+01  .15403163E+01
  -.21000000E+01  .15232372E+01
  -.20500000E+01  .15059194E+01
  -.20000000E+01  .14883508E+01
  -.19500000E+01  .14705187E+01
  -.19000000E+01  .14524090E+01
  -.18500000E+01  .14340063E+01
  -.18000000E+01  .14152938E+01
  -.17500000E+01  .13962530E+01
  -.17000000E+01  .13768635E+01
  -.16500000E+01  .13571028E+01
  -.16000000E+01  .13369458E+01
  -.15500000E+01  .13163647E+01
  -.15000000E+01  .12953283E+01
  -.14500000E+01  .12738017E+01
  -.14000000E+01  .12517454E+01
  -.13500000E+01  .12291147E+01
  -.13000000E+01  .12058590E+01
  -.12500000E+01  .11819201E+01
  -.12000000E+01  .11572313E+01
  -.11500000E+01  .11317153E+01
  -.11000000E+01  .11052822E+01
  -.10500000E+01  .10778267E+01
  -.10000000E+01  .10492245E+01
  -.95000000E+00  .10193275E+01
  -.90000000E+00  .98795836E+00
  -.85000000E+00  .95490183E+00
  -.80000000E+00  .91989459E+00
  -.75000000E+00  .88261055E+00
  -.70000000E+00  .84264071E+00
  -.65000000E+00  .79946475E+00
  -.60000000E+00  .75240996E+00
  -.55000000E+00  .70059065E+00
  -.50000000E+00  .64281592E+00
  -.45000000E+00  .57744512E+00
  -.40000000E+00  .50215239E+00
  -.35000000E+00  .41352591E+00
  -.30000000E+00  .30634872E+00
  -.25000000E+00  .17221989E+00
  -.20000000E+00 -.33147918E-02
  -.15000000E+00 -.24741968E+00
  -.10000000E+00 -.61788639E+00
  -.50000000E-01 -.12632626E+01
  -.22898350E-14 -.27162217E+01
   .50000000E-01 -.94061726E+01
   .10000000E+00  .13330239E+02
   .15000000E+00  .47451342E+01
   .20000000E+00  .31406717E+01
   .25000000E+00  .24520992E+01
   .30000000E+00  .20621756E+01
   .35000000E+00  .18064042E+01
   .40000000E+00  .16222429E+01
   .45000000E+00  .14807072E+01
   .50000000E+00  .13665206E+01
   .55000000E+00  .12708640E+01
   .60000000E+00  .11882866E+01
   .65000000E+00  .11152347E+01
   .70000000E+00  .10492898E+01
   .75000000E+00  .98874630E+00
   .80000000E+00  .93236437E+00
   .85000000E+00  .87921881E+00
   .90000000E+00  .82860303E+00
   .95000000E+00  .77996594E+00
   .10000000E+01  .73286931E+00
   .10500000E+01  .68695831E+00
   .11000000E+01  .64194056E+00
   .11500000E+01  .59757105E+00
   .12000000E+01  .55364099E+00
   .12500000E+01  .50996950E+00
   .13000000E+01  .46639725E+00
   .13500000E+01  .42278152E+00
   .14000000E+01  .37899235E+00
   .14500000E+01  .33490937E+00
   .15000000E+01  .29041937E+00
   .15500000E+01  .24541402E+00
   .16000000E+01  .19978822E+00
   .16500000E+01  .15343839E+00
   .17000000E+01  .10626115E+00
   .17500000E+01  .58151934E-01
   .18000000E+01  .90038042E-02
   .18500000E+01 -.41293803E-01
   .19000000E+01 -.92856284E-01
   .19500000E+01 -.14580511E+00
   .20000000E+01 -.20026916E+00
Potential  L  =        3.00000   -.10570
  -.30000000E+01  .17275120E+01
  -.29500000E+01  .17114362E+01
  -.29000000E+01  .16951673E+01
  -.28500000E+01  .16786984E+01
  -.28000000E+01  .16620221E+01
  -.27500000E+01  .16451307E+01
  -.27000000E+01  .16280160E+01
  -.26500000E+01  .16106691E+01
  -.26000000E+01  .15930808E+01
  -.25500000E+01  .15752414E+01
  -.25000000E+01  .15571405E+01
  -.24500000E+01  .15387668E+01
  -.24000000E+01  .15201086E+01
  -.23500000E+01  .15011533E+01
  -.23000000E+01  .14818875E+01
  -.22500000E+01  .14622968E+01
  -.22000000E+01  .14423657E+01
  -.21500000E+01  .14220779E+01
  -.21000000E+01  .14014155E+01
  -.20500000E+01  .13803597E+01
  -.20000000E+01  .13588899E+01
  -.19500000E+01  .13369841E+01
  -.19000000E+01  .13146186E+01
  -.18500000E+01  .12917674E+01
  -.18000000E+01  .12684029E+01
  -.17500000E+01  .12444947E+01
  -.17000000E+01  .12200100E+01
  -.16500000E+01  .11949129E+01
  -.16000000E+01  .11691644E+01
  -.15500000E+01  .11427217E+01
  -.15000000E+01  .11155379E+01
  -.14500000E+01  .10875616E+01
  -.14000000E+01  .10587362E+01
  -.13500000E+01  .10289990E+01
  -.13000000E+01  .99828070E+00
  -.12500000E+01  .96650452E+00
  -.12000000E+01  .93358483E+00
  -.11500000E+01  .89942605E+00
  -.11000000E+01  .86392110E+00
  -.10500000E+01  .82694959E+00
  -.10000000E+01  .78837570E+00
  -.95000000E+00  .74804556E+00
  -.90000000E+00  .70578416E+00
  -.85000000E+00  .66139158E+00
  -.80000000E+00  .61463834E+00
  -.75000000E+00  .56525974E+00
  -.70000000E+00  .51294853E+00
  -.65000000E+00  .45734691E+00
  -.60000000E+00  .39803416E+00
  -.55000000E+00  .33451326E+00
  -.50000000E+00  .26619235E+00
  -.45000000E+00  .19236099E+00
  -.40000000E+00  .11215891E+00
  -.35000000E+00  .24533568E-01
  -.30000000E+00 -.71815603E-01
  -.25000000E+00 -.17851593E+00
  -.20000000E+00 -.29763078E+00
  -.15000000E+00 -.43181626E+00
  -.10000000E+00 -.58455083E+00
  -.50000000E-01 -.76048024E+00
  -.22898350E-14 -.96595254E+00
   .50000000E-01 -.12098766E+01
   .10000000E+00 -.15051588E+01
   .15000000E+00 -.18712288E+01
   .20000000E+00 -.23387586E+01
   .25000000E+00 -.29591686E+01
   .30000000E+00 -.38257466E+01
   .35000000E+00 -.51271507E+01
   .40000000E+00 -.73111327E+01
   .45000000E+00 -.11761893E+02
   .50000000E+00 -.25931057E+02
   .55000000E+00  .28354536E+03
   .60000000E+00  .23815740E+02
   .65000000E+00  .12917630E+02
   .70000000E+00  .90678616E+01
   .75000000E+00  .70931728E+01
   .80000000E+00  .58877628E+01
   .85000000E+00  .50724383E+01
   .90000000E+00  .44820121E+01
   .95000000E+00  .40329952E+01
   .10000000E+01  .36786466E+01
   .10500000E+01  .33907576E+01
   .11000000E+01  .31512950E+01
   .11500000E+01  .29481916E+01
   .12000000E+01  .27730671E+01
   .12500000E+01  .26199192E+01
   .13000000E+01  .24843358E+01
   .13500000E+01  .23630005E+01
   .14000000E+01  .22533718E+01
   .14500000E+01  .21534692E+01
   .15000000E+01  .20617260E+01
   .15500000E+01  .19768860E+01
   .16000000E+01  .18979304E+01
   .16500000E+01  .18240235E+01
   .17000000E+01  .17544732E+01
   .17500000E+01  .16887010E+01
   .18000000E+01  .16262195E+01
   .18500000E+01  .15666148E+01
   .19000000E+01  .15095328E+01
   .19500000E+01  .14546686E+01
   .20000000E+01  .14017579E+01
Core Pot   L  =        4.00000    .00000
  -.30000000E+01  .20800793E+01
  -.29500000E+01  .20682813E+01
  -.29000000E+01  .20564201E+01
  -.28500000E+01  .20444946E+01
  -.28000000E+01  .20325039E+01
  -.27500000E+01  .20204469E+01
  -.27000000E+01  .20083226E+01
  -.26500000E+01  .19961299E+01
  -.26000000E+01  .19838678E+01
  -.25500000E+01  .19715350E+01
  -.25000000E+01  .19591303E+01
  -.24500000E+01  .19466527E+01
  -.24000000E+01  .19341009E+01
  -.23500000E+01  .19214735E+01
  -.23000000E+01  .19087693E+01
  -.22500000E+01  .18959870E+01
  -.22000000E+01  .18831252E+01
  -.21500000E+01  .18701825E+01
  -.21000000E+01  .18571574E+01
  -.20500000E+01  .18440485E+01
  -.20000000E+01  .18308542E+01
  -.19500000E+01  .18175728E+01
  -.19000000E+01  .18042029E+01
  -.18500000E+01  .17907427E+01
  -.18000000E+01  .17771905E+01
  -.17500000E+01  .17635445E+01
  -.17000000E+01  .17498029E+01
  -.16500000E+01  .17359637E+01
  -.16000000E+01  .17220251E+01
  -.15500000E+01  .17079850E+01
  -.15000000E+01  .16938413E+01
  -.14500000E+01  .16795920E+01
  -.14000000E+01  .16652347E+01
  -.13500000E+01  .16507672E+01
  -.13000000E+01  .16361871E+01
  -.12500000E+01  .16214920E+01
  -.12000000E+01  .16066793E+01
  -.11500000E+01  .15917465E+01
  -.11000000E+01  .15766907E+01
  -.10500000E+01  .15615093E+01
  -.10000000E+01  .15461992E+01
  -.95000000E+00  .15307575E+01
  -.90000000E+00  .15151810E+01
  -.85000000E+00  .14994665E+01
  -.80000000E+00  .14836107E+01
  -.75000000E+00  .14676100E+01
  -.70000000E+00  .14514607E+01
  -.65000000E+00  .14351592E+01
  -.60000000E+00  .14187015E+01
  -.55000000E+00  .14020835E+01
  -.50000000E+00  .13853010E+01
  -.45000000E+00  .13683494E+01
  -.40000000E+00  .13512244E+01
  -.35000000E+00  .13339209E+01
  -.30000000E+00  .13164340E+01
  -.25000000E+00  .12987585E+01
  -.20000000E+00  .12808889E+01
  -.15000000E+00  .12628195E+01
  -.10000000E+00  .12445444E+01
  -.50000000E-01  .12260572E+01
  -.22898350E-14  .12073515E+01
   .50000000E-01  .11884203E+01
   .10000000E+00  .11692566E+01
   .15000000E+00  .11498529E+01
   .20000000E+00  .11302011E+01
   .25000000E+00  .11102930E+01
   .30000000E+00  .10901199E+01
   .35000000E+00  .10696725E+01
   .40000000E+00  .10489414E+01
   .45000000E+00  .10279161E+01
   .50000000E+00  .10065862E+01
   .55000000E+00  .98494005E+00
   .60000000E+00  .96296587E+00
   .65000000E+00  .94065096E+00
   .70000000E+00  .91798193E+00
   .75000000E+00  .89494458E+00
   .80000000E+00  .87152387E+00
   .85000000E+00  .84770384E+00
   .90000000E+00  .82346752E+00
   .95000000E+00  .79879685E+00
   .10000000E+01  .77367262E+00
   .10500000E+01  .74807434E+00
   .11000000E+01  .72198013E+00
   .11500000E+01  .69536662E+00
   .12000000E+01  .66820880E+00
   .12500000E+01  .64047986E+00
   .13000000E+01  .61215106E+00
   .13500000E+01  .58319148E+00
   .14000000E+01  .55356788E+00
   .14500000E+01  .52324443E+00
   .15000000E+01  .49218245E+00
   .15500000E+01  .46034012E+00
   .16000000E+01  .42767214E+00
   .16500000E+01  .39412938E+00
   .17000000E+01  .35965841E+00
   .17500000E+01  .32420106E+00
   .18000000E+01  .28769385E+00
   .18500000E+01  .25006733E+00
   .19000000E+01  .21124542E+00
   .19500000E+01  .17114451E+00
   .20000000E+01  .12967254E+00
Potential  L  =        4.00000    .00000
  -.30000000E+01  .20815830E+01
  -.29500000E+01  .20698290E+01
  -.29000000E+01  .20580121E+01
  -.28500000E+01  .20461351E+01
  -.28000000E+01  .20341933E+01
  -.27500000E+01  .20221872E+01
  -.27000000E+01  .20101154E+01
  -.26500000E+01  .19979764E+01
  -.26000000E+01  .19857717E+01
  -.25500000E+01  .19734974E+01
  -.25000000E+01  .19611538E+01
  -.24500000E+01  .19487394E+01
  -.24000000E+01  .19362530E+01
  -.23500000E+01  .19236934E+01
  -.23000000E+01  .19110600E+01
  -.22500000E+01  .18983509E+01
  -.22000000E+01  .18855652E+01
  -.21500000E+01  .18727016E+01
  -.21000000E+01  .18597586E+01
  -.20500000E+01  .18467343E+01
  -.20000000E+01  .18336288E+01
  -.19500000E+01  .18204395E+01
  -.19000000E+01  .18071664E+01
  -.18500000E+01  .17938059E+01
  -.18000000E+01  .17803574E+01
  -.17500000E+01  .17668193E+01
  -.17000000E+01  .17531900E+01
  -.16500000E+01  .17394678E+01
  -.16000000E+01  .17256510E+01
  -.15500000E+01  .17117377E+01
  -.15000000E+01  .16977262E+01
  -.14500000E+01  .16836147E+01
  -.14000000E+01  .16694009E+01
  -.13500000E+01  .16550821E+01
  -.13000000E+01  .16406588E+01
  -.12500000E+01  .16261265E+01
  -.12000000E+01  .16114836E+01
  -.11500000E+01  .15967280E+01
  -.11000000E+01  .15818576E+01
  -.10500000E+01  .15668694E+01
  -.10000000E+01  .15517612E+01
  -.95000000E+00  .15365305E+01
  -.90000000E+00  .15211745E+01
  -.85000000E+00  .15056906E+01
  -.80000000E+00  .14900759E+01
  -.75000000E+00  .14743276E+01
  -.70000000E+00  .14584425E+01
  -.65000000E+00  .14424168E+01
  -.60000000E+00  .14262488E+01
  -.55000000E+00  .14099343E+01
  -.50000000E+00  .13934706E+01
  -.45000000E+00  .13768526E+01
  -.40000000E+00  .13600775E+01
  -.35000000E+00  .13431411E+01
  -.30000000E+00  .13260396E+01
  -.25000000E+00  .13087687E+01
  -.20000000E+00  .12913243E+01
  -.15000000E+00  .12737018E+01
  -.10000000E+00  .12558964E+01
  -.50000000E-01  .12379034E+01
  -.22898350E-14  .12197178E+01
   .50000000E-01  .12013342E+01
   .10000000E+00  .11827473E+01
   .15000000E+00  .11639512E+01
   .20000000E+00  .11449403E+01
   .25000000E+00  .11257081E+01
   .30000000E+00  .11062484E+01
   .35000000E+00  .10865544E+01
   .40000000E+00  .10666190E+01
   .45000000E+00  .10464350E+01
   .50000000E+00  .10259947E+01
   .55000000E+00  .10052901E+01
   .60000000E+00  .98431289E+00
   .65000000E+00  .96305421E+00
   .70000000E+00  .94150491E+00
   .75000000E+00  .91965538E+00
   .80000000E+00  .89749555E+00
   .85000000E+00  .87501477E+00
   .90000000E+00  .85220196E+00
   .95000000E+00  .82904543E+00
   .10000000E+01  .80553288E+00
   .10500000E+01  .78165138E+00
   .11000000E+01  .75738732E+00
   .11500000E+01  .73272634E+00
   .12000000E+01  .70765329E+00
   .12500000E+01  .68215221E+00
   .13000000E+01  .65620621E+00
   .13500000E+01  .62979745E+00
   .14000000E+01  .60290685E+00
   .14500000E+01  .57551480E+00
   .15000000E+01  .54759988E+00
   .15500000E+01  .51913962E+00
   .16000000E+01  .49011013E+00
   .16500000E+01  .46048600E+00
   .17000000E+01  .43024021E+00
   .17500000E+01  .39934395E+00
   .18000000E+01  .36776652E+00
   .18500000E+01  .33547513E+00
   .19000000E+01  .30243474E+00
   .19500000E+01  .26860783E+00
   .20000000E+01  .23395422E+00
KBPotential  L  =       .00000  -6.34274
  -.30000000E+01  .45550086E+01
  -.29500000E+01  .33911133E+01
  -.29000000E+01  .28479620E+01
  -.28500000E+01  .25290400E+01
  -.28000000E+01  .23162028E+01
  -.27500000E+01  .21618640E+01
  -.27000000E+01  .20431638E+01
  -.26500000E+01  .19477531E+01
  -.26000000E+01  .18683752E+01
  -.25500000E+01  .18004848E+01
  -.25000000E+01  .17410904E+01
  -.24500000E+01  .16881407E+01
  -.24000000E+01  .16401821E+01
  -.23500000E+01  .15961554E+01
  -.23000000E+01  .15552702E+01
  -.22500000E+01  .15169238E+01
  -.22000000E+01  .14806487E+01
  -.21500000E+01  .14460760E+01
  -.21000000E+01  .14129106E+01
  -.20500000E+01  .13809131E+01
  -.20000000E+01  .13498868E+01
  -.19500000E+01  .13196687E+01
  -.19000000E+01  .12901219E+01
  -.18500000E+01  .12611303E+01
  -.18000000E+01  .12325946E+01
  -.17500000E+01  .12044292E+01
  -.17000000E+01  .11765594E+01
  -.16500000E+01  .11489194E+01
  -.16000000E+01  .11214511E+01
  -.15500000E+01  .10941023E+01
  -.15000000E+01  .10668262E+01
  -.14500000E+01  .10395799E+01
  -.14000000E+01  .10123237E+01
  -.13500000E+01  .98502232E+00
  -.13000000E+01  .95764143E+00
  -.12500000E+01  .93014894E+00
  -.12000000E+01  .90251484E+00
  -.11500000E+01  .87471003E+00
  -.11000000E+01  .84670650E+00
  -.10500000E+01  .81847710E+00
  -.10000000E+01  .78999519E+00
  -.95000000E+00  .76123449E+00
  -.90000000E+00  .73216887E+00
  -.85000000E+00  .70277227E+00
  -.80000000E+00  .67301829E+00
  -.75000000E+00  .64288042E+00
  -.70000000E+00  .61233199E+00
  -.65000000E+00  .58134438E+00
  -.60000000E+00  .54988942E+00
  -.55000000E+00  .51793789E+00
  -.50000000E+00  .48545935E+00
  -.45000000E+00  .45242189E+00
  -.40000000E+00  .41879257E+00
  -.35000000E+00  .38453667E+00
  -.30000000E+00  .34961769E+00
  -.25000000E+00  .31399727E+00
  -.20000000E+00  .27763471E+00
  -.15000000E+00  .24048722E+00
  -.10000000E+00  .20250980E+00
  -.50000000E-01  .16365188E+00
  -.22898350E-14  .12386268E+00
   .50000000E-01  .83086704E-01
   .10000000E+00  .41264286E-01
   .15000000E+00 -.16685577E-02
   .20000000E+00 -.45782099E-01
   .25000000E+00 -.91148021E-01
   .30000000E+00 -.13784728E+00
   .35000000E+00 -.18596796E+00
   .40000000E+00 -.23560456E+00
   .45000000E+00 -.28685909E+00
   .50000000E+00 -.33984433E+00
   .55000000E+00 -.39468275E+00
   .60000000E+00 -.45150928E+00
   .65000000E+00 -.51047463E+00
   .70000000E+00 -.57173532E+00
   .75000000E+00 -.63547443E+00
   .80000000E+00 -.70189114E+00
   .85000000E+00 -.77120659E+00
   .90000000E+00 -.84366394E+00
   .95000000E+00 -.91954528E+00
   .10000000E+01 -.99915619E+00
   .10500000E+01 -.10828453E+01
   .11000000E+01 -.11710057E+01
   .11500000E+01 -.12640826E+01
   .12000000E+01 -.13625839E+01
   .12500000E+01 -.14670928E+01
   .13000000E+01 -.15782756E+01
   .13500000E+01 -.16969054E+01
   .14000000E+01 -.18238808E+01
   .14500000E+01 -.19602518E+01
   .15000000E+01 -.21072532E+01
   .15500000E+01 -.22663514E+01
   .16000000E+01 -.24392941E+01
   .16500000E+01 -.26281893E+01
   .17000000E+01 -.28355963E+01
   .17500000E+01 -.30646592E+01
   .18000000E+01 -.33192777E+01
   .18500000E+01 -.36043587E+01
   .19000000E+01 -.39261546E+01
   .19500000E+01 -.42927637E+01
   .20000000E+01 -.47148671E+01
KBPotential  L  =      1.00000  -3.14510
  -.30000000E+01  .12732137E+01
  -.29500000E+01  .12478542E+01
  -.29000000E+01  .12216920E+01
  -.28500000E+01  .11946578E+01
  -.28000000E+01  .11666737E+01
  -.27500000E+01  .11376512E+01
  -.27000000E+01  .11074900E+01
  -.26500000E+01  .10760752E+01
  -.26000000E+01  .10432751E+01
  -.25500000E+01  .10089376E+01
  -.25000000E+01  .97288626E+00
  -.24500000E+01  .93491521E+00
  -.24000000E+01  .89478258E+00
  -.23500000E+01  .85220216E+00
  -.23000000E+01  .80683298E+00
  -.22500000E+01  .75826511E+00
  -.22000000E+01  .70600104E+00
  -.21500000E+01  .64943267E+00
  -.21000000E+01  .58780557E+00
  -.20500000E+01  .52017431E+00
  -.20000000E+01  .44533712E+00
  -.19500000E+01  .36174250E+00
  -.19000000E+01  .26735181E+00
  -.18500000E+01  .15943144E+00
  -.18000000E+01  .34228765E-01
  -.17500000E+01 -.11355197E+00
  -.17000000E+01 -.29163378E+00
  -.16500000E+01 -.51174152E+00
  -.16000000E+01 -.79257417E+00
  -.15500000E+01 -.11659042E+01
  -.15000000E+01 -.16904227E+01
  -.14500000E+01 -.24879136E+01
  -.14000000E+01 -.38591997E+01
  -.13500000E+01 -.68043759E+01
  -.13000000E+01 -.17873756E+02
  -.12500000E+01  .50212105E+02
  -.12000000E+01  .11822836E+02
  -.11500000E+01  .71036302E+01
  -.11000000E+01  .52514167E+01
  -.10500000E+01  .42561344E+01
  -.10000000E+01  .36307098E+01
  -.95000000E+00  .31983419E+01
  -.90000000E+00  .28793806E+01
  -.85000000E+00  .26326545E+01
  -.80000000E+00  .24347377E+01
  -.75000000E+00  .22713175E+01
  -.70000000E+00  .21331548E+01
  -.65000000E+00  .20140182E+01
  -.60000000E+00  .19095508E+01
  -.55000000E+00  .18166141E+01
  -.50000000E+00  .17328891E+01
  -.45000000E+00  .16566251E+01
  -.40000000E+00  .15864741E+01
  -.35000000E+00  .15213810E+01
  -.30000000E+00  .14605078E+01
  -.25000000E+00  .14031795E+01
  -.20000000E+00  .13488461E+01
  -.15000000E+00  .12970541E+01
  -.10000000E+00  .12474259E+01
  -.50000000E-01  .11996437E+01
  -.22898350E-14  .11534379E+01
   .50000000E-01  .11085777E+01
   .10000000E+00  .10648637E+01
   .15000000E+00  .10221224E+01
   .20000000E+00  .98020129E+00
   .25000000E+00  .93896555E+00
   .30000000E+00  .89829521E+00
   .35000000E+00  .85808207E+00
   .40000000E+00  .81822820E+00
   .45000000E+00  .77864411E+00
   .50000000E+00  .73924734E+00
   .55000000E+00  .69996129E+00
   .60000000E+00  .66071418E+00
   .65000000E+00  .62143833E+00
   .70000000E+00  .58206869E+00
   .75000000E+00  .54254322E+00
   .80000000E+00  .50280154E+00
   .85000000E+00  .46278462E+00
   .90000000E+00  .42243421E+00
   .95000000E+00  .38169229E+00
   .10000000E+01  .34050076E+00
   .10500000E+01  .29880094E+00
   .11000000E+01  .25653302E+00
   .11500000E+01  .21363584E+00
   .12000000E+01  .17004618E+00
   .12500000E+01  .12569851E+00
   .13000000E+01  .80524392E-01
   .13500000E+01  .34452045E-01
   .14000000E+01 -.12594274E-01
   .14500000E+01 -.60694901E-01
   .15000000E+01 -.10993538E+00
   .15500000E+01 -.16040718E+00
   .16000000E+01 -.21220850E+00
   .16500000E+01 -.26544526E+00
   .17000000E+01 -.32023211E+00
   .17500000E+01 -.37669358E+00
   .18000000E+01 -.43496542E+00
   .18500000E+01 -.49519602E+00
   .19000000E+01 -.55754845E+00
   .19500000E+01 -.62220241E+00
   .20000000E+01 -.68935644E+00
KBPotential  L  =      2.00000   -.35662
  -.30000000E+01  .15644683E+01
  -.29500000E+01  .15479228E+01
  -.29000000E+01  .15311927E+01
  -.28500000E+01  .15142745E+01
  -.28000000E+01  .14971721E+01
  -.27500000E+01  .14798494E+01
  -.27000000E+01  .14623259E+01
  -.26500000E+01  .14445848E+01
  -.26000000E+01  .14266229E+01
  -.25500000E+01  .14084401E+01
  -.25000000E+01  .13900021E+01
  -.24500000E+01  .13713247E+01
  -.24000000E+01  .13523952E+01
  -.23500000E+01  .13331855E+01
  -.23000000E+01  .13137095E+01
  -.22500000E+01  .12939422E+01
  -.22000000E+01  .12738775E+01
  -.21500000E+01  .12535019E+01
  -.21000000E+01  .12328023E+01
  -.20500000E+01  .12117666E+01
  -.20000000E+01  .11903771E+01
  -.19500000E+01  .11686268E+01
  -.19000000E+01  .11464853E+01
  -.18500000E+01  .11239346E+01
  -.18000000E+01  .11009766E+01
  -.17500000E+01  .10775706E+01
  -.17000000E+01  .10537018E+01
  -.16500000E+01  .10293463E+01
  -.16000000E+01  .10044798E+01
  -.15500000E+01  .97907514E+00
  -.15000000E+01  .95310334E+00
  -.14500000E+01  .92653265E+00
  -.14000000E+01  .89932976E+00
  -.13500000E+01  .87145775E+00
  -.13000000E+01  .84287651E+00
  -.12500000E+01  .81354276E+00
  -.12000000E+01  .78341008E+00
  -.11500000E+01  .75242714E+00
  -.11000000E+01  .72053287E+00
  -.10500000E+01  .68767377E+00
  -.10000000E+01  .65377860E+00
  -.95000000E+00  .61877265E+00
  -.90000000E+00  .58257370E+00
  -.85000000E+00  .54509069E+00
  -.80000000E+00  .50622278E+00
  -.75000000E+00  .46585734E+00
  -.70000000E+00  .42386917E+00
  -.65000000E+00  .38011756E+00
  -.60000000E+00  .33444468E+00
  -.55000000E+00  .28667239E+00
  -.50000000E+00  .23659911E+00
  -.45000000E+00  .18399558E+00
  -.40000000E+00  .12860007E+00
  -.35000000E+00  .70118438E-01
  -.30000000E+00  .81925036E-02
  -.25000000E+00 -.57573019E-01
  -.20000000E+00 -.12764583E+00
  -.15000000E+00 -.20257457E+00
  -.10000000E+00 -.28300716E+00
  -.50000000E-01 -.36971437E+00
  -.22898350E-14 -.46362048E+00
   .50000000E-01 -.56584361E+00
   .10000000E+00 -.67774955E+00
   .15000000E+00 -.80102377E+00
   .20000000E+00 -.93777211E+00
   .25000000E+00 -.10906598E+01
   .30000000E+00 -.12631111E+01
   .35000000E+00 -.14595999E+01
   .40000000E+00 -.16860852E+01
   .45000000E+00 -.19506864E+01
   .50000000E+00 -.22647567E+01
   .55000000E+00 -.26446724E+01
   .60000000E+00 -.31149585E+01
   .65000000E+00 -.37140777E+01
   .70000000E+00 -.45059725E+01
   .75000000E+00 -.56053547E+01
   .80000000E+00 -.72405762E+01
   .85000000E+00 -.99406755E+01
   .90000000E+00 -.15273217E+02
   .95000000E+00 -.30848433E+02
   .10000000E+01 -.87266642E+03
   .10500000E+01  .34992493E+02
   .11000000E+01  .17555604E+02
   .11500000E+01  .11877933E+02
   .12000000E+01  .90561179E+01
   .12500000E+01  .73635225E+01
   .13000000E+01  .62318670E+01
   .13500000E+01  .54193599E+01
   .14000000E+01  .48056634E+01
   .14500000E+01  .43241550E+01
   .15000000E+01  .39349553E+01
   .15500000E+01  .36127409E+01
   .16000000E+01  .33406470E+01
   .16500000E+01  .31070133E+01
   .17000000E+01  .29035166E+01
   .17500000E+01  .27240583E+01
   .18000000E+01  .25640673E+01
   .18500000E+01  .24200461E+01
   .19000000E+01  .22892731E+01
   .19500000E+01  .21695979E+01
   .20000000E+01  .20593112E+01
KBPotential  L  =      3.00000   -.21141
  -.30000000E+01  .18039134E+01
  -.29500000E+01  .17896868E+01
  -.29000000E+01  .17753331E+01
  -.28500000E+01  .17608485E+01
  -.28000000E+01  .17462287E+01
  -.27500000E+01  .17314697E+01
  -.27000000E+01  .17165667E+01
  -.26500000E+01  .17015149E+01
  -.26000000E+01  .16863093E+01
  -.25500000E+01  .16709444E+01
  -.25000000E+01  .16554145E+01
  -.24500000E+01  .16397133E+01
  -.24000000E+01  .16238343E+01
  -.23500000E+01  .16077704E+01
  -.23000000E+01  .15915142E+01
  -.22500000E+01  .15750576E+01
  -.22000000E+01  .15583918E+01
  -.21500000E+01  .15415075E+01
  -.21000000E+01  .15243946E+01
  -.20500000E+01  .15070422E+01
  -.20000000E+01  .14894385E+01
  -.19500000E+01  .14715705E+01
  -.19000000E+01  .14534242E+01
  -.18500000E+01  .14349844E+01
  -.18000000E+01  .14162341E+01
  -.17500000E+01  .13971549E+01
  -.17000000E+01  .13777264E+01
  -.16500000E+01  .13579262E+01
  -.16000000E+01  .13377292E+01
  -.15500000E+01  .13171077E+01
  -.15000000E+01  .12960304E+01
  -.14500000E+01  .12744626E+01
  -.14000000E+01  .12523648E+01
  -.13500000E+01  .12296924E+01
  -.13000000E+01  .12063948E+01
  -.12500000E+01  .11824140E+01
  -.12000000E+01  .11576832E+01
  -.11500000E+01  .11321253E+01
  -.11000000E+01  .11056506E+01
  -.10500000E+01  .10781538E+01
  -.10000000E+01  .10495107E+01
  -.95000000E+00  .10195735E+01
  -.90000000E+00  .98816479E+00
  -.85000000E+00  .95506961E+00
  -.80000000E+00  .92002477E+00
  -.75000000E+00  .88270442E+00
  -.70000000E+00  .84269975E+00
  -.65000000E+00  .79949065E+00
  -.60000000E+00  .75240466E+00
  -.55000000E+00  .70055634E+00
  -.50000000E+00  .64275509E+00
  -.45000000E+00  .57736054E+00
  -.40000000E+00  .50204713E+00
  -.35000000E+00  .41340339E+00
  -.30000000E+00  .30621262E+00
  -.25000000E+00  .17207430E+00
  -.20000000E+00 -.34656557E-02
  -.15000000E+00 -.24757125E+00
  -.10000000E+00 -.61803382E+00
  -.50000000E-01 -.12633992E+01
  -.22898350E-14 -.27163245E+01
   .50000000E-01 -.94230773E+01
   .10000000E+00  .13332465E+02
   .15000000E+00  .47455164E+01
   .20000000E+00  .31409560E+01
   .25000000E+00  .24524078E+01
   .30000000E+00  .20625483E+01
   .35000000E+00  .18068662E+01
   .40000000E+00  .16228150E+01
   .45000000E+00  .14814098E+01
   .50000000E+00  .13674378E+01
   .55000000E+00  .12718928E+01
   .60000000E+00  .11895140E+01
   .65000000E+00  .11166871E+01
   .70000000E+00  .10509960E+01
   .75000000E+00  .99073771E+00
   .80000000E+00  .93467529E+00
   .85000000E+00  .88188686E+00
   .90000000E+00  .83166884E+00
   .95000000E+00  .78351843E+00
   .10000000E+01  .73699748E+00
   .10500000E+01  .69165413E+00
   .11000000E+01  .64725578E+00
   .11500000E+01  .60357158E+00
   .12000000E+01  .56039919E+00
   .12500000E+01  .51756479E+00
   .13000000E+01  .47491695E+00
   .13500000E+01  .43232169E+00
   .14000000E+01  .38965859E+00
   .14500000E+01  .34681806E+00
   .15000000E+01  .30369871E+00
   .15500000E+01  .26020549E+00
   .16000000E+01  .21624793E+00
   .16500000E+01  .17173890E+00
   .17000000E+01  .12659332E+00
   .17500000E+01  .80727112E-01
   .18000000E+01  .34056305E-01
   .18500000E+01 -.13503925E-01
   .19000000E+01 -.62039976E-01
   .19500000E+01 -.11164073E+00
   .20000000E+01 -.16239827E+00
KBPotential  L  =      4.00000    .00000
  -.30000000E+01  .20815830E+01
  -.29500000E+01  .20698290E+01
  -.29000000E+01  .20580121E+01
  -.28500000E+01  .20461351E+01
  -.28000000E+01  .20341933E+01
  -.27500000E+01  .20221872E+01
  -.27000000E+01  .20101154E+01
  -.26500000E+01  .19979764E+01
  -.26000000E+01  .19857717E+01
  -.25500000E+01  .19734974E+01
  -.25000000E+01  .19611538E+01
  -.24500000E+01  .19487394E+01
  -.24000000E+01  .19362530E+01
  -.23500000E+01  .19236934E+01
  -.23000000E+01  .19110600E+01
  -.22500000E+01  .18983509E+01
  -.22000000E+01  .18855652E+01
  -.21500000E+01  .18727016E+01
  -.21000000E+01  .18597586E+01
  -.20500000E+01  .18467343E+01
  -.20000000E+01  .18336288E+01
  -.19500000E+01  .18204395E+01
  -.19000000E+01  .18071664E+01
  -.18500000E+01  .17938059E+01
  -.18000000E+01  .17803574E+01
  -.17500000E+01  .17668193E+01
  -.17000000E+01  .17531900E+01
  -.16500000E+01  .17394678E+01
  -.16000000E+01  .17256510E+01
  -.15500000E+01  .17117377E+01
  -.15000000E+01  .16977262E+01
  -.14500000E+01  .16836147E+01
  -.14000000E+01  .16694009E+01
  -.13500000E+01  .16550821E+01
  -.13000000E+01  .16406588E+01
  -.12500000E+01  .16261265E+01
  -.12000000E+01  .16114836E+01
  -.11500000E+01  .15967280E+01
  -.11000000E+01  .15818576E+01
  -.10500000E+01  .15668694E+01
  -.10000000E+01  .15517612E+01
  -.95000000E+00  .15365305E+01
  -.90000000E+00  .15211745E+01
  -.85000000E+00  .15056906E+01
  -.80000000E+00  .14900759E+01
  -.75000000E+00  .14743276E+01
  -.70000000E+00  .14584425E+01
  -.65000000E+00  .14424168E+01
  -.60000000E+00  .14262488E+01
  -.55000000E+00  .14099343E+01
  -.50000000E+00  .13934706E+01
  -.45000000E+00  .13768526E+01
  -.40000000E+00  .13600775E+01
  -.35000000E+00  .13431411E+01
  -.30000000E+00  .13260396E+01
  -.25000000E+00  .13087687E+01
  -.20000000E+00  .12913243E+01
  -.15000000E+00  .12737018E+01
  -.10000000E+00  .12558964E+01
  -.50000000E-01  .12379034E+01
  -.22898350E-14  .12197178E+01
   .50000000E-01  .12013342E+01
   .10000000E+00  .11827473E+01
   .15000000E+00  .11639512E+01
   .20000000E+00  .11449403E+01
   .25000000E+00  .11257081E+01
   .30000000E+00  .11062484E+01
   .35000000E+00  .10865544E+01
   .40000000E+00  .10666190E+01
   .45000000E+00  .10464350E+01
   .50000000E+00  .10259947E+01
   .55000000E+00  .10052901E+01
   .60000000E+00  .98431289E+00
   .65000000E+00  .96305421E+00
   .70000000E+00  .94150491E+00
   .75000000E+00  .91965538E+00
   .80000000E+00  .89749555E+00
   .85000000E+00  .87501477E+00
   .90000000E+00  .85220196E+00
   .95000000E+00  .82904543E+00
   .10000000E+01  .80553288E+00
   .10500000E+01  .78165138E+00
   .11000000E+01  .75738732E+00
   .11500000E+01  .73272634E+00
   .12000000E+01  .70765329E+00
   .12500000E+01  .68215221E+00
   .13000000E+01  .65620621E+00
   .13500000E+01  .62979745E+00
   .14000000E+01  .60290685E+00
   .14500000E+01  .57551480E+00
   .15000000E+01  .54759988E+00
   .15500000E+01  .51913962E+00
   .16000000E+01  .49011013E+00
   .16500000E+01  .46048600E+00
   .17000000E+01  .43024021E+00
   .17500000E+01  .39934395E+00
   .18000000E+01  .36776652E+00
   .18500000E+01  .33547513E+00
   .19000000E+01  .30243474E+00
   .19500000E+01  .26860783E+00
   .20000000E+01  .23395422E+00
