  PAW N                                  
 100
Core Pot   L  =         .00000  -1.35331
  -.20000000E+01  .16229248E-01
  -.19600000E+01 -.17703443E-01
  -.19200000E+01 -.52322713E-01
  -.18800000E+01 -.87654373E-01
  -.18400000E+01 -.12372556E+00
  -.18000000E+01 -.16056484E+00
  -.17600000E+01 -.19820229E+00
  -.17200000E+01 -.23666958E+00
  -.16800000E+01 -.27600013E+00
  -.16400000E+01 -.31622920E+00
  -.16000000E+01 -.35739401E+00
  -.15600000E+01 -.39953391E+00
  -.15200000E+01 -.44269050E+00
  -.14800000E+01 -.48690782E+00
  -.14400000E+01 -.53223251E+00
  -.14000000E+01 -.57871404E+00
  -.13600000E+01 -.62640488E+00
  -.13200000E+01 -.67536077E+00
  -.12800000E+01 -.72564096E+00
  -.12400000E+01 -.77730851E+00
  -.12000000E+01 -.83043056E+00
  -.11600000E+01 -.88507872E+00
  -.11200000E+01 -.94132941E+00
  -.10800000E+01 -.99926428E+00
  -.10400000E+01 -.10589707E+01
  -.10000000E+01 -.11205422E+01
  -.96000000E+00 -.11840790E+01
  -.92000000E+00 -.12496889E+01
  -.88000000E+00 -.13174875E+01
  -.84000000E+00 -.13875994E+01
  -.80000000E+00 -.14601590E+01
  -.76000000E+00 -.15353111E+01
  -.72000000E+00 -.16132124E+01
  -.68000000E+00 -.16940326E+01
  -.64000000E+00 -.17779555E+01
  -.60000000E+00 -.18651810E+01
  -.56000000E+00 -.19559265E+01
  -.52000000E+00 -.20504290E+01
  -.48000000E+00 -.21489474E+01
  -.44000000E+00 -.22517651E+01
  -.40000000E+00 -.23591927E+01
  -.36000000E+00 -.24715718E+01
  -.32000000E+00 -.25892785E+01
  -.28000000E+00 -.27127285E+01
  -.24000000E+00 -.28423814E+01
  -.20000000E+00 -.29787479E+01
  -.16000000E+00 -.31223963E+01
  -.12000000E+00 -.32739609E+01
  -.80000000E-01 -.34341522E+01
  -.40000000E-01 -.36037686E+01
   .12351231E-14 -.37837102E+01
   .40000000E-01 -.39749957E+01
   .80000000E-01 -.41787827E+01
   .12000000E+00 -.43963920E+01
   .16000000E+00 -.46293376E+01
   .20000000E+00 -.48793632E+01
   .24000000E+00 -.51484876E+01
   .28000000E+00 -.54390612E+01
   .32000000E+00 -.57538368E+01
   .36000000E+00 -.60960600E+01
   .40000000E+00 -.64695840E+01
   .44000000E+00 -.68790194E+01
   .48000000E+00 -.73299296E+01
   .52000000E+00 -.78290903E+01
   .56000000E+00 -.83848389E+01
   .60000000E+00 -.90075521E+01
   .64000000E+00 -.97103094E+01
   .68000000E+00 -.10509835E+02
   .72000000E+00 -.11427863E+02
   .76000000E+00 -.12493162E+02
   .80000000E+00 -.13744638E+02
   .84000000E+00 -.15236224E+02
   .88000000E+00 -.17044914E+02
   .92000000E+00 -.19284563E+02
   .96000000E+00 -.22130952E+02
   .10000000E+01 -.25870499E+02
   .10400000E+01 -.31003577E+02
   .10800000E+01 -.38490162E+02
   .11200000E+01 -.50434814E+02
   .11600000E+01 -.72516969E+02
   .12000000E+01 -.12718397E+03
   .12400000E+01 -.48992819E+03
   .12800000E+01  .27180206E+03
   .13200000E+01  .10749857E+03
   .13600000E+01  .67417787E+02
   .14000000E+01  .49323397E+02
   .14400000E+01  .39015851E+02
   .14800000E+01  .32356988E+02
   .15200000E+01  .27699576E+02
   .15600000E+01  .24258229E+02
   .16000000E+01  .21610945E+02
   .16400000E+01  .19510735E+02
   .16800000E+01  .17803416E+02
   .17200000E+01  .16387767E+02
   .17600000E+01  .15194586E+02
   .18000000E+01  .14174954E+02
   .18400000E+01  .13293317E+02
   .18800000E+01  .12523209E+02
   .19200000E+01  .11844524E+02
   .19600000E+01  .11241715E+02
   .20000000E+01  .10702569E+02
Potential  L  =         .00000  -1.35331
  -.20000000E+01  .73924697E-01
  -.19600000E+01  .38329281E-01
  -.19200000E+01  .18795416E-02
  -.18800000E+01 -.35463448E-01
  -.18400000E+01 -.73741062E-01
  -.18000000E+01 -.11299732E+00
  -.17600000E+01 -.15327912E+00
  -.17200000E+01 -.19463642E+00
  -.16800000E+01 -.23712258E+00
  -.16400000E+01 -.28079457E+00
  -.16000000E+01 -.32571335E+00
  -.15600000E+01 -.37194419E+00
  -.15200000E+01 -.41955706E+00
  -.14800000E+01 -.46862707E+00
  -.14400000E+01 -.51923494E+00
  -.14000000E+01 -.57146758E+00
  -.13600000E+01 -.62541860E+00
  -.13200000E+01 -.68118909E+00
  -.12800000E+01 -.73888829E+00
  -.12400000E+01 -.79863446E+00
  -.12000000E+01 -.86055584E+00
  -.11600000E+01 -.92479172E+00
  -.11200000E+01 -.99149366E+00
  -.10800000E+01 -.10608269E+01
  -.10400000E+01 -.11329718E+01
  -.10000000E+01 -.12081259E+01
  -.96000000E+00 -.12865056E+01
  -.92000000E+00 -.13683491E+01
  -.88000000E+00 -.14539183E+01
  -.84000000E+00 -.15435027E+01
  -.80000000E+00 -.16374228E+01
  -.76000000E+00 -.17360342E+01
  -.72000000E+00 -.18397327E+01
  -.68000000E+00 -.19489603E+01
  -.64000000E+00 -.20642117E+01
  -.60000000E+00 -.21860429E+01
  -.56000000E+00 -.23150808E+01
  -.52000000E+00 -.24520348E+01
  -.48000000E+00 -.25977108E+01
  -.44000000E+00 -.27530286E+01
  -.40000000E+00 -.29190420E+01
  -.36000000E+00 -.30969651E+01
  -.32000000E+00 -.32882030E+01
  -.28000000E+00 -.34943916E+01
  -.24000000E+00 -.37174469E+01
  -.20000000E+00 -.39596274E+01
  -.16000000E+00 -.42236143E+01
  -.12000000E+00 -.45126155E+01
  -.80000000E-01 -.48305012E+01
  -.40000000E-01 -.51819848E+01
   .12351231E-14 -.55728647E+01
   .40000000E-01 -.60103569E+01
   .80000000E-01 -.65035551E+01
   .12000000E+00 -.70640854E+01
   .16000000E+00 -.77070524E+01
   .20000000E+00 -.84524464E+01
   .24000000E+00 -.93272919E+01
   .28000000E+00 -.10369041E+02
   .32000000E+00 -.11631138E+02
   .36000000E+00 -.13192579E+02
   .40000000E+00 -.15175250E+02
   .44000000E+00 -.17777614E+02
   .48000000E+00 -.21346047E+02
   .52000000E+00 -.26544200E+02
   .56000000E+00 -.34824155E+02
   .60000000E+00 -.50091952E+02
   .64000000E+00 -.87683786E+02
   .68000000E+00 -.33012202E+03
   .72000000E+00  .19331402E+03
   .76000000E+00  .75693991E+02
   .80000000E+00  .47406511E+02
   .84000000E+00  .34685488E+02
   .88000000E+00  .27451336E+02
   .92000000E+00  .22781897E+02
   .96000000E+00  .19517190E+02
   .10000000E+01  .17105103E+02
   .10400000E+01  .15249335E+02
   .10800000E+01  .13776623E+02
   .11200000E+01  .12578880E+02
   .11600000E+01  .11585185E+02
   .12000000E+01  .10747073E+02
   .12400000E+01  .10030299E+02
   .12800000E+01  .94099776E+01
   .13200000E+01  .88675919E+01
   .13600000E+01  .83890775E+01
   .14000000E+01  .79635603E+01
   .14400000E+01  .75825006E+01
   .14800000E+01  .72390985E+01
   .15200000E+01  .69278722E+01
   .15600000E+01  .66443535E+01
   .16000000E+01  .63848637E+01
   .16400000E+01  .61463468E+01
   .16800000E+01  .59262430E+01
   .17200000E+01  .57223916E+01
   .17600000E+01  .55329567E+01
   .18000000E+01  .53563680E+01
   .18400000E+01  .51912743E+01
   .18800000E+01  .50365070E+01
   .19200000E+01  .48910499E+01
   .19600000E+01  .47540153E+01
   .20000000E+01  .46246242E+01
Core Pot   L  =        1.00000   -.53235
  -.20000000E+01  .79277876E+00
  -.19600000E+01  .77014098E+00
  -.19200000E+01  .74714184E+00
  -.18800000E+01  .72376922E+00
  -.18400000E+01  .70001043E+00
  -.18000000E+01  .67585216E+00
  -.17600000E+01  .65128049E+00
  -.17200000E+01  .62628080E+00
  -.16800000E+01  .60083776E+00
  -.16400000E+01  .57493527E+00
  -.16000000E+01  .54855642E+00
  -.15600000E+01  .52168344E+00
  -.15200000E+01  .49429762E+00
  -.14800000E+01  .46637929E+00
  -.14400000E+01  .43790770E+00
  -.14000000E+01  .40886102E+00
  -.13600000E+01  .37921620E+00
  -.13200000E+01  .34894891E+00
  -.12800000E+01  .31803345E+00
  -.12400000E+01  .28644265E+00
  -.12000000E+01  .25414778E+00
  -.11600000E+01  .22111840E+00
  -.11200000E+01  .18732226E+00
  -.10800000E+01  .15272515E+00
  -.10400000E+01  .11729076E+00
  -.10000000E+01  .80980488E-01
  -.96000000E+00  .43753299E-01
  -.92000000E+00  .55654938E-02
  -.88000000E+00 -.33629496E-01
  -.84000000E+00 -.73881349E-01
  -.80000000E+00 -.11524312E+00
  -.76000000E+00 -.15777155E+00
  -.72000000E+00 -.20152734E+00
  -.68000000E+00 -.24657556E+00
  -.64000000E+00 -.29298603E+00
  -.60000000E+00 -.34083377E+00
  -.56000000E+00 -.39019945E+00
  -.52000000E+00 -.44116999E+00
  -.48000000E+00 -.49383917E+00
  -.44000000E+00 -.54830828E+00
  -.40000000E+00 -.60468692E+00
  -.36000000E+00 -.66309388E+00
  -.32000000E+00 -.72365810E+00
  -.28000000E+00 -.78651978E+00
  -.24000000E+00 -.85183167E+00
  -.20000000E+00 -.91976047E+00
  -.16000000E+00 -.99048846E+00
  -.12000000E+00 -.10642154E+01
  -.80000000E-01 -.11411607E+01
  -.40000000E-01 -.12215658E+01
   .12351231E-14 -.13056971E+01
   .40000000E-01 -.13938491E+01
   .80000000E-01 -.14863485E+01
   .12000000E+00 -.15835587E+01
   .16000000E+00 -.16858847E+01
   .20000000E+00 -.17937795E+01
   .24000000E+00 -.19077518E+01
   .28000000E+00 -.20283740E+01
   .32000000E+00 -.21562933E+01
   .36000000E+00 -.22922439E+01
   .40000000E+00 -.24370622E+01
   .44000000E+00 -.25917053E+01
   .48000000E+00 -.27572735E+01
   .52000000E+00 -.29350383E+01
   .56000000E+00 -.31264769E+01
   .60000000E+00 -.33333153E+01
   .64000000E+00 -.35575836E+01
   .68000000E+00 -.38016857E+01
   .72000000E+00 -.40684894E+01
   .76000000E+00 -.43614442E+01
   .80000000E+00 -.46847367E+01
   .84000000E+00 -.50434982E+01
   .88000000E+00 -.54440877E+01
   .92000000E+00 -.58944820E+01
   .96000000E+00 -.64048252E+01
   .10000000E+01 -.69882187E+01
   .10400000E+01 -.76618834E+01
   .10800000E+01 -.84489170E+01
   .11200000E+01 -.93810349E+01
   .11600000E+01 -.10503002E+02
   .12000000E+01 -.11880116E+02
   .12400000E+01 -.13611500E+02
   .12800000E+01 -.15855273E+02
   .13200000E+01 -.18880102E+02
   .13600000E+01 -.23182283E+02
   .14000000E+01 -.29791605E+02
   .14400000E+01 -.41251627E+02
   .14800000E+01 -.66017303E+02
   .15200000E+01 -.15944248E+03
   .15600000E+01  .41706940E+03
   .16000000E+01  .91975864E+02
   .16400000E+01  .52183813E+02
   .16800000E+01  .36657453E+02
   .17200000E+01  .28383640E+02
   .17600000E+01  .23240714E+02
   .18000000E+01  .19732746E+02
   .18400000E+01  .17185872E+02
   .18800000E+01  .15251809E+02
   .19200000E+01  .13732417E+02
   .19600000E+01  .12506659E+02
   .20000000E+01  .11496424E+02
Potential  L  =        1.00000   -.53235
  -.20000000E+01  .76112547E+00
  -.19600000E+01  .73841996E+00
  -.19200000E+01  .71536982E+00
  -.18800000E+01  .69196437E+00
  -.18400000E+01  .66819234E+00
  -.18000000E+01  .64404202E+00
  -.17600000E+01  .61950121E+00
  -.17200000E+01  .59455703E+00
  -.16800000E+01  .56919616E+00
  -.16400000E+01  .54340461E+00
  -.16000000E+01  .51716776E+00
  -.15600000E+01  .49047027E+00
  -.15200000E+01  .46329609E+00
  -.14800000E+01  .43562840E+00
  -.14400000E+01  .40744955E+00
  -.14000000E+01  .37874102E+00
  -.13600000E+01  .34948336E+00
  -.13200000E+01  .31965615E+00
  -.12800000E+01  .28923789E+00
  -.12400000E+01  .25820600E+00
  -.12000000E+01  .22653669E+00
  -.11600000E+01  .19420488E+00
  -.11200000E+01  .16118418E+00
  -.10800000E+01  .12744670E+00
  -.10400000E+01  .92963024E-01
  -.10000000E+01  .57702079E-01
  -.96000000E+00  .21630997E-01
  -.92000000E+00 -.15284994E-01
  -.88000000E+00 -.53082718E-01
  -.84000000E+00 -.91801206E-01
  -.80000000E+00 -.13148186E+00
  -.76000000E+00 -.17216864E+00
  -.72000000E+00 -.21390827E+00
  -.68000000E+00 -.25675044E+00
  -.64000000E+00 -.30074807E+00
  -.60000000E+00 -.34595755E+00
  -.56000000E+00 -.39243907E+00
  -.52000000E+00 -.44025689E+00
  -.48000000E+00 -.48947975E+00
  -.44000000E+00 -.54018123E+00
  -.40000000E+00 -.59244018E+00
  -.36000000E+00 -.64634122E+00
  -.32000000E+00 -.70197530E+00
  -.28000000E+00 -.75944022E+00
  -.24000000E+00 -.81884140E+00
  -.20000000E+00 -.88029254E+00
  -.16000000E+00 -.94391652E+00
  -.12000000E+00 -.10098463E+01
  -.80000000E-01 -.10782260E+01
  -.40000000E-01 -.11492121E+01
   .12351231E-14 -.12229747E+01
   .40000000E-01 -.12996994E+01
   .80000000E-01 -.13795883E+01
   .12000000E+00 -.14628630E+01
   .16000000E+00 -.15497660E+01
   .20000000E+00 -.16405639E+01
   .24000000E+00 -.17355498E+01
   .28000000E+00 -.18350477E+01
   .32000000E+00 -.19394154E+01
   .36000000E+00 -.20490503E+01
   .40000000E+00 -.21643939E+01
   .44000000E+00 -.22859389E+01
   .48000000E+00 -.24142366E+01
   .52000000E+00 -.25499058E+01
   .56000000E+00 -.26936433E+01
   .60000000E+00 -.28462370E+01
   .64000000E+00 -.30085811E+01
   .68000000E+00 -.31816946E+01
   .72000000E+00 -.33667437E+01
   .76000000E+00 -.35650700E+01
   .80000000E+00 -.37782240E+01
   .84000000E+00 -.40080079E+01
   .88000000E+00 -.42565287E+01
   .92000000E+00 -.45262655E+01
   .96000000E+00 -.48201552E+01
   .10000000E+01 -.51417040E+01
   .10400000E+01 -.54951313E+01
   .10800000E+01 -.58855619E+01
   .11200000E+01 -.63192818E+01
   .11600000E+01 -.68040872E+01
   .12000000E+01 -.73497668E+01
   .12400000E+01 -.79687822E+01
   .12800000E+01 -.86772466E+01
   .13200000E+01 -.94963685E+01
   .13600000E+01 -.10454638E+02
   .14000000E+01 -.11591247E+02
   .14400000E+01 -.12961631E+02
   .14800000E+01 -.14646864E+02
   .15200000E+01 -.16770410E+02
   .15600000E+01 -.19530001E+02
   .16000000E+01 -.23263362E+02
   .16400000E+01 -.28598748E+02
   .16800000E+01 -.36852961E+02
   .17200000E+01 -.51330601E+02
   .17600000E+01 -.83348580E+02
   .18000000E+01 -.21389183E+03
   .18400000E+01  .40096816E+03
   .18800000E+01  .10507153E+03
   .19200000E+01  .60968590E+02
   .19600000E+01  .43188444E+02
   .20000000E+01  .33578414E+02
Core Pot   L  =        2.00000   -.60000
  -.20000000E+01  .19126763E+01
  -.19600000E+01  .19032829E+01
  -.19200000E+01  .18938559E+01
  -.18800000E+01  .18843952E+01
  -.18400000E+01  .18749003E+01
  -.18000000E+01  .18653711E+01
  -.17600000E+01  .18558071E+01
  -.17200000E+01  .18462081E+01
  -.16800000E+01  .18365737E+01
  -.16400000E+01  .18269037E+01
  -.16000000E+01  .18171977E+01
  -.15600000E+01  .18074553E+01
  -.15200000E+01  .17976763E+01
  -.14800000E+01  .17878603E+01
  -.14400000E+01  .17780069E+01
  -.14000000E+01  .17681159E+01
  -.13600000E+01  .17581868E+01
  -.13200000E+01  .17482193E+01
  -.12800000E+01  .17382130E+01
  -.12400000E+01  .17281676E+01
  -.12000000E+01  .17180827E+01
  -.11600000E+01  .17079579E+01
  -.11200000E+01  .16977929E+01
  -.10800000E+01  .16875871E+01
  -.10400000E+01  .16773404E+01
  -.10000000E+01  .16670521E+01
  -.96000000E+00  .16567220E+01
  -.92000000E+00  .16463497E+01
  -.88000000E+00  .16359346E+01
  -.84000000E+00  .16254764E+01
  -.80000000E+00  .16149747E+01
  -.76000000E+00  .16044290E+01
  -.72000000E+00  .15938389E+01
  -.68000000E+00  .15832039E+01
  -.64000000E+00  .15725236E+01
  -.60000000E+00  .15617975E+01
  -.56000000E+00  .15510251E+01
  -.52000000E+00  .15402060E+01
  -.48000000E+00  .15293397E+01
  -.44000000E+00  .15184257E+01
  -.40000000E+00  .15074634E+01
  -.36000000E+00  .14964524E+01
  -.32000000E+00  .14853923E+01
  -.28000000E+00  .14742823E+01
  -.24000000E+00  .14631221E+01
  -.20000000E+00  .14519111E+01
  -.16000000E+00  .14406487E+01
  -.12000000E+00  .14293344E+01
  -.80000000E-01  .14179676E+01
  -.40000000E-01  .14065477E+01
   .12351231E-14  .13950742E+01
   .40000000E-01  .13835465E+01
   .80000000E-01  .13719640E+01
   .12000000E+00  .13603261E+01
   .16000000E+00  .13486321E+01
   .20000000E+00  .13368814E+01
   .24000000E+00  .13250734E+01
   .28000000E+00  .13132074E+01
   .32000000E+00  .13012828E+01
   .36000000E+00  .12892989E+01
   .40000000E+00  .12772550E+01
   .44000000E+00  .12651505E+01
   .48000000E+00  .12529846E+01
   .52000000E+00  .12407565E+01
   .56000000E+00  .12284657E+01
   .60000000E+00  .12161113E+01
   .64000000E+00  .12036925E+01
   .68000000E+00  .11912087E+01
   .72000000E+00  .11786590E+01
   .76000000E+00  .11660427E+01
   .80000000E+00  .11533589E+01
   .84000000E+00  .11406068E+01
   .88000000E+00  .11277856E+01
   .92000000E+00  .11148944E+01
   .96000000E+00  .11019324E+01
   .10000000E+01  .10888987E+01
   .10400000E+01  .10757923E+01
   .10800000E+01  .10626125E+01
   .11200000E+01  .10493582E+01
   .11600000E+01  .10360285E+01
   .12000000E+01  .10226225E+01
   .12400000E+01  .10091391E+01
   .12800000E+01  .99557736E+00
   .13200000E+01  .98193631E+00
   .13600000E+01  .96821488E+00
   .14000000E+01  .95441201E+00
   .14400000E+01  .94052665E+00
   .14800000E+01  .92655768E+00
   .15200000E+01  .91250400E+00
   .15600000E+01  .89836447E+00
   .16000000E+01  .88413794E+00
   .16400000E+01  .86982323E+00
   .16800000E+01  .85541914E+00
   .17200000E+01  .84092444E+00
   .17600000E+01  .82633789E+00
   .18000000E+01  .81165820E+00
   .18400000E+01  .79688409E+00
   .18800000E+01  .78201424E+00
   .19200000E+01  .76704728E+00
   .19600000E+01  .75198185E+00
   .20000000E+01  .73681654E+00
Potential  L  =        2.00000   -.60000
  -.20000000E+01  .19126873E+01
  -.19600000E+01  .19032923E+01
  -.19200000E+01  .18938638E+01
  -.18800000E+01  .18844015E+01
  -.18400000E+01  .18749052E+01
  -.18000000E+01  .18653744E+01
  -.17600000E+01  .18558090E+01
  -.17200000E+01  .18462086E+01
  -.16800000E+01  .18365729E+01
  -.16400000E+01  .18269015E+01
  -.16000000E+01  .18171942E+01
  -.15600000E+01  .18074506E+01
  -.15200000E+01  .17976704E+01
  -.14800000E+01  .17878532E+01
  -.14400000E+01  .17779987E+01
  -.14000000E+01  .17681066E+01
  -.13600000E+01  .17581764E+01
  -.13200000E+01  .17482079E+01
  -.12800000E+01  .17382007E+01
  -.12400000E+01  .17281545E+01
  -.12000000E+01  .17180687E+01
  -.11600000E+01  .17079432E+01
  -.11200000E+01  .16977774E+01
  -.10800000E+01  .16875710E+01
  -.10400000E+01  .16773237E+01
  -.10000000E+01  .16670349E+01
  -.96000000E+00  .16567044E+01
  -.92000000E+00  .16463316E+01
  -.88000000E+00  .16359163E+01
  -.84000000E+00  .16254579E+01
  -.80000000E+00  .16149560E+01
  -.76000000E+00  .16044103E+01
  -.72000000E+00  .15938202E+01
  -.68000000E+00  .15831853E+01
  -.64000000E+00  .15725052E+01
  -.60000000E+00  .15617793E+01
  -.56000000E+00  .15510074E+01
  -.52000000E+00  .15401888E+01
  -.48000000E+00  .15293230E+01
  -.44000000E+00  .15184097E+01
  -.40000000E+00  .15074483E+01
  -.36000000E+00  .14964383E+01
  -.32000000E+00  .14853791E+01
  -.28000000E+00  .14742704E+01
  -.24000000E+00  .14631115E+01
  -.20000000E+00  .14519019E+01
  -.16000000E+00  .14406410E+01
  -.12000000E+00  .14293284E+01
  -.80000000E-01  .14179635E+01
  -.40000000E-01  .14065457E+01
   .12351231E-14  .13950744E+01
   .40000000E-01  .13835490E+01
   .80000000E-01  .13719690E+01
   .12000000E+00  .13603337E+01
   .16000000E+00  .13486425E+01
   .20000000E+00  .13368949E+01
   .24000000E+00  .13250901E+01
   .28000000E+00  .13132275E+01
   .32000000E+00  .13013066E+01
   .36000000E+00  .12893265E+01
   .40000000E+00  .12772866E+01
   .44000000E+00  .12651863E+01
   .48000000E+00  .12530249E+01
   .52000000E+00  .12408016E+01
   .56000000E+00  .12285157E+01
   .60000000E+00  .12161665E+01
   .64000000E+00  .12037533E+01
   .68000000E+00  .11912752E+01
   .72000000E+00  .11787315E+01
   .76000000E+00  .11661215E+01
   .80000000E+00  .11534443E+01
   .84000000E+00  .11406991E+01
   .88000000E+00  .11278851E+01
   .92000000E+00  .11150015E+01
   .96000000E+00  .11020473E+01
   .10000000E+01  .10890218E+01
   .10400000E+01  .10759241E+01
   .10800000E+01  .10627532E+01
   .11200000E+01  .10495082E+01
   .11600000E+01  .10361882E+01
   .12000000E+01  .10227923E+01
   .12400000E+01  .10093195E+01
   .12800000E+01  .99576871E+00
   .13200000E+01  .98213907E+00
   .13600000E+01  .96842950E+00
   .14000000E+01  .95463898E+00
   .14400000E+01  .94076644E+00
   .14800000E+01  .92681080E+00
   .15200000E+01  .91277097E+00
   .15600000E+01  .89864583E+00
   .16000000E+01  .88443425E+00
   .16400000E+01  .87013505E+00
   .16800000E+01  .85574705E+00
   .17200000E+01  .84126906E+00
   .17600000E+01  .82669984E+00
   .18000000E+01  .81203814E+00
   .18400000E+01  .79728268E+00
   .18800000E+01  .78243217E+00
   .19200000E+01  .76748526E+00
   .19600000E+01  .75244062E+00
   .20000000E+01  .73729686E+00
Core Pot   L  =        3.00000    .00000
  -.20000000E+01  .26488829E+01
  -.19600000E+01  .26420182E+01
  -.19200000E+01  .26351399E+01
  -.18800000E+01  .26282480E+01
  -.18400000E+01  .26213423E+01
  -.18000000E+01  .26144229E+01
  -.17600000E+01  .26074896E+01
  -.17200000E+01  .26005424E+01
  -.16800000E+01  .25935812E+01
  -.16400000E+01  .25866059E+01
  -.16000000E+01  .25796165E+01
  -.15600000E+01  .25726129E+01
  -.15200000E+01  .25655950E+01
  -.14800000E+01  .25585627E+01
  -.14400000E+01  .25515160E+01
  -.14000000E+01  .25444548E+01
  -.13600000E+01  .25373790E+01
  -.13200000E+01  .25302886E+01
  -.12800000E+01  .25231833E+01
  -.12400000E+01  .25160633E+01
  -.12000000E+01  .25089284E+01
  -.11600000E+01  .25017785E+01
  -.11200000E+01  .24946135E+01
  -.10800000E+01  .24874334E+01
  -.10400000E+01  .24802381E+01
  -.10000000E+01  .24730275E+01
  -.96000000E+00  .24658014E+01
  -.92000000E+00  .24585600E+01
  -.88000000E+00  .24513029E+01
  -.84000000E+00  .24440303E+01
  -.80000000E+00  .24367419E+01
  -.76000000E+00  .24294377E+01
  -.72000000E+00  .24221176E+01
  -.68000000E+00  .24147815E+01
  -.64000000E+00  .24074294E+01
  -.60000000E+00  .24000611E+01
  -.56000000E+00  .23926765E+01
  -.52000000E+00  .23852756E+01
  -.48000000E+00  .23778583E+01
  -.44000000E+00  .23704245E+01
  -.40000000E+00  .23629740E+01
  -.36000000E+00  .23555068E+01
  -.32000000E+00  .23480229E+01
  -.28000000E+00  .23405220E+01
  -.24000000E+00  .23330042E+01
  -.20000000E+00  .23254692E+01
  -.16000000E+00  .23179171E+01
  -.12000000E+00  .23103477E+01
  -.80000000E-01  .23027609E+01
  -.40000000E-01  .22951566E+01
   .12351231E-14  .22875348E+01
   .40000000E-01  .22798952E+01
   .80000000E-01  .22722379E+01
   .12000000E+00  .22645627E+01
   .16000000E+00  .22568695E+01
   .20000000E+00  .22491582E+01
   .24000000E+00  .22414286E+01
   .28000000E+00  .22336808E+01
   .32000000E+00  .22259146E+01
   .36000000E+00  .22181298E+01
   .40000000E+00  .22103264E+01
   .44000000E+00  .22025042E+01
   .48000000E+00  .21946632E+01
   .52000000E+00  .21868032E+01
   .56000000E+00  .21789241E+01
   .60000000E+00  .21710258E+01
   .64000000E+00  .21631082E+01
   .68000000E+00  .21551711E+01
   .72000000E+00  .21472145E+01
   .76000000E+00  .21392382E+01
   .80000000E+00  .21312422E+01
   .84000000E+00  .21232262E+01
   .88000000E+00  .21151902E+01
   .92000000E+00  .21071340E+01
   .96000000E+00  .20990576E+01
   .10000000E+01  .20909607E+01
   .10400000E+01  .20828433E+01
   .10800000E+01  .20747053E+01
   .11200000E+01  .20665464E+01
   .11600000E+01  .20583667E+01
   .12000000E+01  .20501658E+01
   .12400000E+01  .20419438E+01
   .12800000E+01  .20337005E+01
   .13200000E+01  .20254358E+01
   .13600000E+01  .20171494E+01
   .14000000E+01  .20088413E+01
   .14400000E+01  .20005114E+01
   .14800000E+01  .19921594E+01
   .15200000E+01  .19837853E+01
   .15600000E+01  .19753889E+01
   .16000000E+01  .19669701E+01
   .16400000E+01  .19585287E+01
   .16800000E+01  .19500645E+01
   .17200000E+01  .19415775E+01
   .17600000E+01  .19330675E+01
   .18000000E+01  .19245343E+01
   .18400000E+01  .19159778E+01
   .18800000E+01  .19073977E+01
   .19200000E+01  .18987941E+01
   .19600000E+01  .18901666E+01
   .20000000E+01  .18815152E+01
Potential  L  =        3.00000    .00000
  -.20000000E+01  .26490871E+01
  -.19600000E+01  .26422209E+01
  -.19200000E+01  .26353411E+01
  -.18800000E+01  .26284477E+01
  -.18400000E+01  .26215405E+01
  -.18000000E+01  .26146195E+01
  -.17600000E+01  .26076846E+01
  -.17200000E+01  .26007358E+01
  -.16800000E+01  .25937730E+01
  -.16400000E+01  .25867961E+01
  -.16000000E+01  .25798050E+01
  -.15600000E+01  .25727997E+01
  -.15200000E+01  .25657801E+01
  -.14800000E+01  .25587461E+01
  -.14400000E+01  .25516977E+01
  -.14000000E+01  .25446347E+01
  -.13600000E+01  .25375571E+01
  -.13200000E+01  .25304648E+01
  -.12800000E+01  .25233577E+01
  -.12400000E+01  .25162358E+01
  -.12000000E+01  .25090990E+01
  -.11600000E+01  .25019472E+01
  -.11200000E+01  .24947802E+01
  -.10800000E+01  .24875981E+01
  -.10400000E+01  .24804008E+01
  -.10000000E+01  .24731882E+01
  -.96000000E+00  .24659601E+01
  -.92000000E+00  .24587165E+01
  -.88000000E+00  .24514573E+01
  -.84000000E+00  .24441825E+01
  -.80000000E+00  .24368920E+01
  -.76000000E+00  .24295856E+01
  -.72000000E+00  .24222632E+01
  -.68000000E+00  .24149249E+01
  -.64000000E+00  .24075704E+01
  -.60000000E+00  .24001998E+01
  -.56000000E+00  .23928129E+01
  -.52000000E+00  .23854096E+01
  -.48000000E+00  .23779898E+01
  -.44000000E+00  .23705535E+01
  -.40000000E+00  .23631006E+01
  -.36000000E+00  .23556309E+01
  -.32000000E+00  .23481443E+01
  -.28000000E+00  .23406409E+01
  -.24000000E+00  .23331204E+01
  -.20000000E+00  .23255827E+01
  -.16000000E+00  .23180279E+01
  -.12000000E+00  .23104557E+01
  -.80000000E-01  .23028661E+01
  -.40000000E-01  .22952590E+01
   .12351231E-14  .22876343E+01
   .40000000E-01  .22799918E+01
   .80000000E-01  .22723315E+01
   .12000000E+00  .22646533E+01
   .16000000E+00  .22569571E+01
   .20000000E+00  .22492427E+01
   .24000000E+00  .22415100E+01
   .28000000E+00  .22337590E+01
   .32000000E+00  .22259895E+01
   .36000000E+00  .22182015E+01
   .40000000E+00  .22103947E+01
   .44000000E+00  .22025692E+01
   .48000000E+00  .21947248E+01
   .52000000E+00  .21868613E+01
   .56000000E+00  .21789787E+01
   .60000000E+00  .21710768E+01
   .64000000E+00  .21631556E+01
   .68000000E+00  .21552149E+01
   .72000000E+00  .21472546E+01
   .76000000E+00  .21392745E+01
   .80000000E+00  .21312746E+01
   .84000000E+00  .21232548E+01
   .88000000E+00  .21152149E+01
   .92000000E+00  .21071547E+01
   .96000000E+00  .20990742E+01
   .10000000E+01  .20909732E+01
   .10400000E+01  .20828517E+01
   .10800000E+01  .20747094E+01
   .11200000E+01  .20665463E+01
   .11600000E+01  .20583622E+01
   .12000000E+01  .20501569E+01
   .12400000E+01  .20419305E+01
   .12800000E+01  .20336826E+01
   .13200000E+01  .20254132E+01
   .13600000E+01  .20171222E+01
   .14000000E+01  .20088094E+01
   .14400000E+01  .20004746E+01
   .14800000E+01  .19921178E+01
   .15200000E+01  .19837388E+01
   .15600000E+01  .19753373E+01
   .16000000E+01  .19669134E+01
   .16400000E+01  .19584668E+01
   .16800000E+01  .19499975E+01
   .17200000E+01  .19415052E+01
   .17600000E+01  .19329897E+01
   .18000000E+01  .19244511E+01
   .18400000E+01  .19158890E+01
   .18800000E+01  .19073033E+01
   .19200000E+01  .18986940E+01
   .19600000E+01  .18900607E+01
   .20000000E+01  .18814034E+01
Core Pot   L  =        4.00000    .00000
  -.20000000E+01  .33429630E+01
  -.19600000E+01  .33374536E+01
  -.19200000E+01  .33319371E+01
  -.18800000E+01  .33264134E+01
  -.18400000E+01  .33208824E+01
  -.18000000E+01  .33153442E+01
  -.17600000E+01  .33097987E+01
  -.17200000E+01  .33042458E+01
  -.16800000E+01  .32986856E+01
  -.16400000E+01  .32931180E+01
  -.16000000E+01  .32875431E+01
  -.15600000E+01  .32819607E+01
  -.15200000E+01  .32763708E+01
  -.14800000E+01  .32707735E+01
  -.14400000E+01  .32651687E+01
  -.14000000E+01  .32595564E+01
  -.13600000E+01  .32539365E+01
  -.13200000E+01  .32483090E+01
  -.12800000E+01  .32426739E+01
  -.12400000E+01  .32370312E+01
  -.12000000E+01  .32313808E+01
  -.11600000E+01  .32257228E+01
  -.11200000E+01  .32200570E+01
  -.10800000E+01  .32143835E+01
  -.10400000E+01  .32087022E+01
  -.10000000E+01  .32030131E+01
  -.96000000E+00  .31973162E+01
  -.92000000E+00  .31916115E+01
  -.88000000E+00  .31858988E+01
  -.84000000E+00  .31801783E+01
  -.80000000E+00  .31744498E+01
  -.76000000E+00  .31687133E+01
  -.72000000E+00  .31629689E+01
  -.68000000E+00  .31572164E+01
  -.64000000E+00  .31514559E+01
  -.60000000E+00  .31456873E+01
  -.56000000E+00  .31399106E+01
  -.52000000E+00  .31341257E+01
  -.48000000E+00  .31283327E+01
  -.44000000E+00  .31225314E+01
  -.40000000E+00  .31167220E+01
  -.36000000E+00  .31109043E+01
  -.32000000E+00  .31050782E+01
  -.28000000E+00  .30992439E+01
  -.24000000E+00  .30934012E+01
  -.20000000E+00  .30875501E+01
  -.16000000E+00  .30816907E+01
  -.12000000E+00  .30758227E+01
  -.80000000E-01  .30699463E+01
  -.40000000E-01  .30640614E+01
   .12351231E-14  .30581679E+01
   .40000000E-01  .30522659E+01
   .80000000E-01  .30463552E+01
   .12000000E+00  .30404359E+01
   .16000000E+00  .30345080E+01
   .20000000E+00  .30285713E+01
   .24000000E+00  .30226260E+01
   .28000000E+00  .30166718E+01
   .32000000E+00  .30107088E+01
   .36000000E+00  .30047370E+01
   .40000000E+00  .29987564E+01
   .44000000E+00  .29927668E+01
   .48000000E+00  .29867683E+01
   .52000000E+00  .29807608E+01
   .56000000E+00  .29747443E+01
   .60000000E+00  .29687188E+01
   .64000000E+00  .29626842E+01
   .68000000E+00  .29566405E+01
   .72000000E+00  .29505877E+01
   .76000000E+00  .29445256E+01
   .80000000E+00  .29384544E+01
   .84000000E+00  .29323739E+01
   .88000000E+00  .29262841E+01
   .92000000E+00  .29201850E+01
   .96000000E+00  .29140765E+01
   .10000000E+01  .29079586E+01
   .10400000E+01  .29018313E+01
   .10800000E+01  .28956945E+01
   .11200000E+01  .28895482E+01
   .11600000E+01  .28833924E+01
   .12000000E+01  .28772269E+01
   .12400000E+01  .28710519E+01
   .12800000E+01  .28648672E+01
   .13200000E+01  .28586728E+01
   .13600000E+01  .28524686E+01
   .14000000E+01  .28462547E+01
   .14400000E+01  .28400310E+01
   .14800000E+01  .28337974E+01
   .15200000E+01  .28275539E+01
   .15600000E+01  .28213005E+01
   .16000000E+01  .28150370E+01
   .16400000E+01  .28087636E+01
   .16800000E+01  .28024802E+01
   .17200000E+01  .27961866E+01
   .17600000E+01  .27898829E+01
   .18000000E+01  .27835690E+01
   .18400000E+01  .27772449E+01
   .18800000E+01  .27709105E+01
   .19200000E+01  .27645658E+01
   .19600000E+01  .27582108E+01
   .20000000E+01  .27518454E+01
Potential  L  =        4.00000    .00000
  -.20000000E+01  .33433077E+01
  -.19600000E+01  .33377992E+01
  -.19200000E+01  .33322835E+01
  -.18800000E+01  .33267607E+01
  -.18400000E+01  .33212305E+01
  -.18000000E+01  .33156932E+01
  -.17600000E+01  .33101485E+01
  -.17200000E+01  .33045965E+01
  -.16800000E+01  .32990372E+01
  -.16400000E+01  .32934706E+01
  -.16000000E+01  .32878965E+01
  -.15600000E+01  .32823150E+01
  -.15200000E+01  .32767261E+01
  -.14800000E+01  .32711297E+01
  -.14400000E+01  .32655258E+01
  -.14000000E+01  .32599144E+01
  -.13600000E+01  .32542955E+01
  -.13200000E+01  .32486690E+01
  -.12800000E+01  .32430348E+01
  -.12400000E+01  .32373931E+01
  -.12000000E+01  .32317437E+01
  -.11600000E+01  .32260866E+01
  -.11200000E+01  .32204219E+01
  -.10800000E+01  .32147493E+01
  -.10400000E+01  .32090691E+01
  -.10000000E+01  .32033810E+01
  -.96000000E+00  .31976851E+01
  -.92000000E+00  .31919814E+01
  -.88000000E+00  .31862698E+01
  -.84000000E+00  .31805503E+01
  -.80000000E+00  .31748228E+01
  -.76000000E+00  .31690875E+01
  -.72000000E+00  .31633441E+01
  -.68000000E+00  .31575927E+01
  -.64000000E+00  .31518332E+01
  -.60000000E+00  .31460657E+01
  -.56000000E+00  .31402901E+01
  -.52000000E+00  .31345063E+01
  -.48000000E+00  .31287144E+01
  -.44000000E+00  .31229143E+01
  -.40000000E+00  .31171060E+01
  -.36000000E+00  .31112894E+01
  -.32000000E+00  .31054645E+01
  -.28000000E+00  .30996313E+01
  -.24000000E+00  .30937898E+01
  -.20000000E+00  .30879398E+01
  -.16000000E+00  .30820815E+01
  -.12000000E+00  .30762148E+01
  -.80000000E-01  .30703395E+01
  -.40000000E-01  .30644558E+01
   .12351231E-14  .30585635E+01
   .40000000E-01  .30526627E+01
   .80000000E-01  .30467533E+01
   .12000000E+00  .30408352E+01
   .16000000E+00  .30349085E+01
   .20000000E+00  .30289731E+01
   .24000000E+00  .30230289E+01
   .28000000E+00  .30170760E+01
   .32000000E+00  .30111143E+01
   .36000000E+00  .30051438E+01
   .40000000E+00  .29991644E+01
   .44000000E+00  .29931761E+01
   .48000000E+00  .29871789E+01
   .52000000E+00  .29811727E+01
   .56000000E+00  .29751576E+01
   .60000000E+00  .29691333E+01
   .64000000E+00  .29631001E+01
   .68000000E+00  .29570577E+01
   .72000000E+00  .29510062E+01
   .76000000E+00  .29449455E+01
   .80000000E+00  .29388756E+01
   .84000000E+00  .29327964E+01
   .88000000E+00  .29267080E+01
   .92000000E+00  .29206103E+01
   .96000000E+00  .29145032E+01
   .10000000E+01  .29083867E+01
   .10400000E+01  .29022607E+01
   .10800000E+01  .28961254E+01
   .11200000E+01  .28899805E+01
   .11600000E+01  .28838261E+01
   .12000000E+01  .28776621E+01
   .12400000E+01  .28714885E+01
   .12800000E+01  .28653052E+01
   .13200000E+01  .28591122E+01
   .13600000E+01  .28529095E+01
   .14000000E+01  .28466971E+01
   .14400000E+01  .28404748E+01
   .14800000E+01  .28342427E+01
   .15200000E+01  .28280007E+01
   .15600000E+01  .28217487E+01
   .16000000E+01  .28154868E+01
   .16400000E+01  .28092149E+01
   .16800000E+01  .28029330E+01
   .17200000E+01  .27966409E+01
   .17600000E+01  .27903387E+01
   .18000000E+01  .27840264E+01
   .18400000E+01  .27777038E+01
   .18800000E+01  .27713710E+01
   .19200000E+01  .27650279E+01
   .19600000E+01  .27586744E+01
   .20000000E+01  .27523106E+01
KBPotential  L  =       .00000  -2.70662
  -.20000000E+01  .16126713E-01
  -.19600000E+01 -.17806212E-01
  -.19200000E+01 -.52425758E-01
  -.18800000E+01 -.87757736E-01
  -.18400000E+01 -.12382929E+00
  -.18000000E+01 -.16066899E+00
  -.17600000E+01 -.19830691E+00
  -.17200000E+01 -.23677473E+00
  -.16800000E+01 -.27610589E+00
  -.16400000E+01 -.31633563E+00
  -.16000000E+01 -.35750119E+00
  -.15600000E+01 -.39964192E+00
  -.15200000E+01 -.44279943E+00
  -.14800000E+01 -.48701778E+00
  -.14400000E+01 -.53234361E+00
  -.14000000E+01 -.57882639E+00
  -.13600000E+01 -.62651862E+00
  -.13200000E+01 -.67547604E+00
  -.12800000E+01 -.72575792E+00
  -.12400000E+01 -.77742732E+00
  -.12000000E+01 -.83055141E+00
  -.11600000E+01 -.88520181E+00
  -.11200000E+01 -.94145497E+00
  -.10800000E+01 -.99939256E+00
  -.10400000E+01 -.10591019E+01
  -.10000000E+01 -.11206767E+01
  -.96000000E+00 -.11842171E+01
  -.92000000E+00 -.12498310E+01
  -.88000000E+00 -.13176340E+01
  -.84000000E+00 -.13877507E+01
  -.80000000E+00 -.14603156E+01
  -.76000000E+00 -.15354735E+01
  -.72000000E+00 -.16133813E+01
  -.68000000E+00 -.16942085E+01
  -.64000000E+00 -.17781392E+01
  -.60000000E+00 -.18653733E+01
  -.56000000E+00 -.19561283E+01
  -.52000000E+00 -.20506414E+01
  -.48000000E+00 -.21491715E+01
  -.44000000E+00 -.22520016E+01
  -.40000000E+00 -.23594436E+01
  -.36000000E+00 -.24718380E+01
  -.32000000E+00 -.25895625E+01
  -.28000000E+00 -.27130321E+01
  -.24000000E+00 -.28427072E+01
  -.20000000E+00 -.29790985E+01
  -.16000000E+00 -.31227748E+01
  -.12000000E+00 -.32743707E+01
  -.80000000E-01 -.34345973E+01
  -.40000000E-01 -.36042535E+01
   .12351231E-14 -.37842401E+01
   .40000000E-01 -.39755766E+01
   .80000000E-01 -.41794215E+01
   .12000000E+00 -.43970969E+01
   .16000000E+00 -.46301180E+01
   .20000000E+00 -.48802301E+01
   .24000000E+00 -.51494545E+01
   .28000000E+00 -.54401435E+01
   .32000000E+00 -.57550534E+01
   .36000000E+00 -.60974316E+01
   .40000000E+00 -.64711408E+01
   .44000000E+00 -.68807942E+01
   .48000000E+00 -.73319638E+01
   .52000000E+00 -.78314364E+01
   .56000000E+00 -.83875611E+01
   .60000000E+00 -.90107329E+01
   .64000000E+00 -.97140556E+01
   .68000000E+00 -.10514287E+02
   .72000000E+00 -.11433205E+02
   .76000000E+00 -.12499648E+02
   .80000000E+00 -.13752619E+02
   .84000000E+00 -.15246199E+02
   .88000000E+00 -.17057621E+02
   .92000000E+00 -.19301130E+02
   .96000000E+00 -.22153185E+02
   .10000000E+01 -.25901477E+02
   .10400000E+01 -.31048964E+02
   .10800000E+01 -.38561567E+02
   .11200000E+01 -.50560037E+02
   .11600000E+01 -.72781664E+02
   .12000000E+01 -.12801818E+03
   .12400000E+01 -.50282699E+03
   .12800000E+01  .26790418E+03
   .13200000E+01  .10686970E+03
   .13600000E+01  .67164232E+02
   .14000000E+01  .49184399E+02
   .14400000E+01  .38926787E+02
   .14800000E+01  .32294253E+02
   .15200000E+01  .27652488E+02
   .15600000E+01  .24221232E+02
   .16000000E+01  .21580860E+02
   .16400000E+01  .19485605E+02
   .16800000E+01  .17781970E+02
   .17200000E+01  .16369139E+02
   .17600000E+01  .15178166E+02
   .18000000E+01  .14160300E+02
   .18400000E+01  .13280099E+02
   .18800000E+01  .12511175E+02
   .19200000E+01  .11833480E+02
   .19600000E+01  .11231507E+02
   .20000000E+01  .10693073E+02
KBPotential  L  =      1.00000  -1.06469
  -.20000000E+01  .79270527E+00
  -.19600000E+01  .77006719E+00
  -.19200000E+01  .74706775E+00
  -.18800000E+01  .72369484E+00
  -.18400000E+01  .69993576E+00
  -.18000000E+01  .67577721E+00
  -.17600000E+01  .65120525E+00
  -.17200000E+01  .62620527E+00
  -.16800000E+01  .60076195E+00
  -.16400000E+01  .57485917E+00
  -.16000000E+01  .54848004E+00
  -.15600000E+01  .52160676E+00
  -.15200000E+01  .49422065E+00
  -.14800000E+01  .46630196E+00
  -.14400000E+01  .43783008E+00
  -.14000000E+01  .40878309E+00
  -.13600000E+01  .37913800E+00
  -.13200000E+01  .34887037E+00
  -.12800000E+01  .31795457E+00
  -.12400000E+01  .28636343E+00
  -.12000000E+01  .25406819E+00
  -.11600000E+01  .22103844E+00
  -.11200000E+01  .18724190E+00
  -.10800000E+01  .15264438E+00
  -.10400000E+01  .11720955E+00
  -.10000000E+01  .80898814E-01
  -.96000000E+00  .43671136E-01
  -.92000000E+00  .54828113E-02
  -.88000000E+00 -.33712733E-01
  -.84000000E+00 -.73965182E-01
  -.80000000E+00 -.11532759E+00
  -.76000000E+00 -.15785669E+00
  -.72000000E+00 -.20161322E+00
  -.68000000E+00 -.24666224E+00
  -.64000000E+00 -.29307357E+00
  -.60000000E+00 -.34092224E+00
  -.56000000E+00 -.39028893E+00
  -.52000000E+00 -.44126058E+00
  -.48000000E+00 -.49393095E+00
  -.44000000E+00 -.54840137E+00
  -.40000000E+00 -.60478144E+00
  -.36000000E+00 -.66318996E+00
  -.32000000E+00 -.72375589E+00
  -.28000000E+00 -.78661945E+00
  -.24000000E+00 -.85193340E+00
  -.20000000E+00 -.91986447E+00
  -.16000000E+00 -.99059497E+00
  -.12000000E+00 -.10643247E+01
  -.80000000E-01 -.11412730E+01
  -.40000000E-01 -.12216815E+01
   .12351231E-14 -.13058165E+01
   .40000000E-01 -.13939726E+01
   .80000000E-01 -.14864767E+01
   .12000000E+00 -.15836920E+01
   .16000000E+00 -.16860237E+01
   .20000000E+00 -.17939250E+01
   .24000000E+00 -.19079044E+01
   .28000000E+00 -.20285347E+01
   .32000000E+00 -.21564631E+01
   .36000000E+00 -.22924240E+01
   .40000000E+00 -.24372539E+01
   .44000000E+00 -.25919102E+01
   .48000000E+00 -.27574936E+01
   .52000000E+00 -.29352756E+01
   .56000000E+00 -.31267339E+01
   .60000000E+00 -.33335951E+01
   .64000000E+00 -.35578898E+01
   .68000000E+00 -.38020227E+01
   .72000000E+00 -.40688624E+01
   .76000000E+00 -.43618597E+01
   .80000000E+00 -.46852026E+01
   .84000000E+00 -.50440244E+01
   .88000000E+00 -.54446866E+01
   .92000000E+00 -.58951694E+01
   .96000000E+00 -.64056217E+01
   .10000000E+01 -.69891514E+01
   .10400000E+01 -.76629885E+01
   .10800000E+01 -.84502441E+01
   .11200000E+01 -.93826534E+01
   .11600000E+01 -.10505013E+02
   .12000000E+01 -.11882669E+02
   .12400000E+01 -.13614833E+02
   .12800000E+01 -.15859775E+02
   .13200000E+01 -.18886465E+02
   .13600000E+01 -.23191859E+02
   .14000000E+01 -.29807409E+02
   .14400000E+01 -.41281939E+02
   .14800000E+01 -.66095061E+02
   .15200000E+01 -.15989773E+03
   .15600000E+01  .41397758E+03
   .16000000E+01  .91824087E+02
   .16400000E+01  .52134714E+02
   .16800000E+01  .36633100E+02
   .17200000E+01  .28368959E+02
   .17600000E+01  .23230813E+02
   .18000000E+01  .19725563E+02
   .18400000E+01  .17180386E+02
   .18800000E+01  .15247459E+02
   .19200000E+01  .13728864E+02
   .19600000E+01  .12503690E+02
   .20000000E+01  .11493895E+02
KBPotential  L  =      2.00000    .00000
  -.20000000E+01  .19126873E+01
  -.19600000E+01  .19032923E+01
  -.19200000E+01  .18938638E+01
  -.18800000E+01  .18844015E+01
  -.18400000E+01  .18749052E+01
  -.18000000E+01  .18653744E+01
  -.17600000E+01  .18558090E+01
  -.17200000E+01  .18462086E+01
  -.16800000E+01  .18365729E+01
  -.16400000E+01  .18269015E+01
  -.16000000E+01  .18171942E+01
  -.15600000E+01  .18074506E+01
  -.15200000E+01  .17976704E+01
  -.14800000E+01  .17878532E+01
  -.14400000E+01  .17779987E+01
  -.14000000E+01  .17681066E+01
  -.13600000E+01  .17581764E+01
  -.13200000E+01  .17482079E+01
  -.12800000E+01  .17382007E+01
  -.12400000E+01  .17281545E+01
  -.12000000E+01  .17180687E+01
  -.11600000E+01  .17079432E+01
  -.11200000E+01  .16977774E+01
  -.10800000E+01  .16875710E+01
  -.10400000E+01  .16773237E+01
  -.10000000E+01  .16670349E+01
  -.96000000E+00  .16567044E+01
  -.92000000E+00  .16463316E+01
  -.88000000E+00  .16359163E+01
  -.84000000E+00  .16254579E+01
  -.80000000E+00  .16149560E+01
  -.76000000E+00  .16044103E+01
  -.72000000E+00  .15938202E+01
  -.68000000E+00  .15831853E+01
  -.64000000E+00  .15725052E+01
  -.60000000E+00  .15617793E+01
  -.56000000E+00  .15510074E+01
  -.52000000E+00  .15401888E+01
  -.48000000E+00  .15293230E+01
  -.44000000E+00  .15184097E+01
  -.40000000E+00  .15074483E+01
  -.36000000E+00  .14964383E+01
  -.32000000E+00  .14853791E+01
  -.28000000E+00  .14742704E+01
  -.24000000E+00  .14631115E+01
  -.20000000E+00  .14519019E+01
  -.16000000E+00  .14406410E+01
  -.12000000E+00  .14293284E+01
  -.80000000E-01  .14179635E+01
  -.40000000E-01  .14065457E+01
   .12351231E-14  .13950744E+01
   .40000000E-01  .13835490E+01
   .80000000E-01  .13719690E+01
   .12000000E+00  .13603337E+01
   .16000000E+00  .13486425E+01
   .20000000E+00  .13368949E+01
   .24000000E+00  .13250901E+01
   .28000000E+00  .13132275E+01
   .32000000E+00  .13013066E+01
   .36000000E+00  .12893265E+01
   .40000000E+00  .12772866E+01
   .44000000E+00  .12651863E+01
   .48000000E+00  .12530249E+01
   .52000000E+00  .12408016E+01
   .56000000E+00  .12285157E+01
   .60000000E+00  .12161665E+01
   .64000000E+00  .12037533E+01
   .68000000E+00  .11912752E+01
   .72000000E+00  .11787315E+01
   .76000000E+00  .11661215E+01
   .80000000E+00  .11534443E+01
   .84000000E+00  .11406991E+01
   .88000000E+00  .11278851E+01
   .92000000E+00  .11150015E+01
   .96000000E+00  .11020473E+01
   .10000000E+01  .10890218E+01
   .10400000E+01  .10759241E+01
   .10800000E+01  .10627532E+01
   .11200000E+01  .10495082E+01
   .11600000E+01  .10361882E+01
   .12000000E+01  .10227923E+01
   .12400000E+01  .10093195E+01
   .12800000E+01  .99576871E+00
   .13200000E+01  .98213907E+00
   .13600000E+01  .96842950E+00
   .14000000E+01  .95463898E+00
   .14400000E+01  .94076644E+00
   .14800000E+01  .92681080E+00
   .15200000E+01  .91277097E+00
   .15600000E+01  .89864583E+00
   .16000000E+01  .88443425E+00
   .16400000E+01  .87013505E+00
   .16800000E+01  .85574705E+00
   .17200000E+01  .84126906E+00
   .17600000E+01  .82669984E+00
   .18000000E+01  .81203814E+00
   .18400000E+01  .79728268E+00
   .18800000E+01  .78243217E+00
   .19200000E+01  .76748526E+00
   .19600000E+01  .75244062E+00
   .20000000E+01  .73729686E+00
KBPotential  L  =      3.00000    .00000
  -.20000000E+01  .26490871E+01
  -.19600000E+01  .26422209E+01
  -.19200000E+01  .26353411E+01
  -.18800000E+01  .26284477E+01
  -.18400000E+01  .26215405E+01
  -.18000000E+01  .26146195E+01
  -.17600000E+01  .26076846E+01
  -.17200000E+01  .26007358E+01
  -.16800000E+01  .25937730E+01
  -.16400000E+01  .25867961E+01
  -.16000000E+01  .25798050E+01
  -.15600000E+01  .25727997E+01
  -.15200000E+01  .25657801E+01
  -.14800000E+01  .25587461E+01
  -.14400000E+01  .25516977E+01
  -.14000000E+01  .25446347E+01
  -.13600000E+01  .25375571E+01
  -.13200000E+01  .25304648E+01
  -.12800000E+01  .25233577E+01
  -.12400000E+01  .25162358E+01
  -.12000000E+01  .25090990E+01
  -.11600000E+01  .25019472E+01
  -.11200000E+01  .24947802E+01
  -.10800000E+01  .24875981E+01
  -.10400000E+01  .24804008E+01
  -.10000000E+01  .24731882E+01
  -.96000000E+00  .24659601E+01
  -.92000000E+00  .24587165E+01
  -.88000000E+00  .24514573E+01
  -.84000000E+00  .24441825E+01
  -.80000000E+00  .24368920E+01
  -.76000000E+00  .24295856E+01
  -.72000000E+00  .24222632E+01
  -.68000000E+00  .24149249E+01
  -.64000000E+00  .24075704E+01
  -.60000000E+00  .24001998E+01
  -.56000000E+00  .23928129E+01
  -.52000000E+00  .23854096E+01
  -.48000000E+00  .23779898E+01
  -.44000000E+00  .23705535E+01
  -.40000000E+00  .23631006E+01
  -.36000000E+00  .23556309E+01
  -.32000000E+00  .23481443E+01
  -.28000000E+00  .23406409E+01
  -.24000000E+00  .23331204E+01
  -.20000000E+00  .23255827E+01
  -.16000000E+00  .23180279E+01
  -.12000000E+00  .23104557E+01
  -.80000000E-01  .23028661E+01
  -.40000000E-01  .22952590E+01
   .12351231E-14  .22876343E+01
   .40000000E-01  .22799918E+01
   .80000000E-01  .22723315E+01
   .12000000E+00  .22646533E+01
   .16000000E+00  .22569571E+01
   .20000000E+00  .22492427E+01
   .24000000E+00  .22415100E+01
   .28000000E+00  .22337590E+01
   .32000000E+00  .22259895E+01
   .36000000E+00  .22182015E+01
   .40000000E+00  .22103947E+01
   .44000000E+00  .22025692E+01
   .48000000E+00  .21947248E+01
   .52000000E+00  .21868613E+01
   .56000000E+00  .21789787E+01
   .60000000E+00  .21710768E+01
   .64000000E+00  .21631556E+01
   .68000000E+00  .21552149E+01
   .72000000E+00  .21472546E+01
   .76000000E+00  .21392745E+01
   .80000000E+00  .21312746E+01
   .84000000E+00  .21232548E+01
   .88000000E+00  .21152149E+01
   .92000000E+00  .21071547E+01
   .96000000E+00  .20990742E+01
   .10000000E+01  .20909732E+01
   .10400000E+01  .20828517E+01
   .10800000E+01  .20747094E+01
   .11200000E+01  .20665463E+01
   .11600000E+01  .20583622E+01
   .12000000E+01  .20501569E+01
   .12400000E+01  .20419305E+01
   .12800000E+01  .20336826E+01
   .13200000E+01  .20254132E+01
   .13600000E+01  .20171222E+01
   .14000000E+01  .20088094E+01
   .14400000E+01  .20004746E+01
   .14800000E+01  .19921178E+01
   .15200000E+01  .19837388E+01
   .15600000E+01  .19753373E+01
   .16000000E+01  .19669134E+01
   .16400000E+01  .19584668E+01
   .16800000E+01  .19499975E+01
   .17200000E+01  .19415052E+01
   .17600000E+01  .19329897E+01
   .18000000E+01  .19244511E+01
   .18400000E+01  .19158890E+01
   .18800000E+01  .19073033E+01
   .19200000E+01  .18986940E+01
   .19600000E+01  .18900607E+01
   .20000000E+01  .18814034E+01
KBPotential  L  =      4.00000    .00000
  -.20000000E+01  .33433077E+01
  -.19600000E+01  .33377992E+01
  -.19200000E+01  .33322835E+01
  -.18800000E+01  .33267607E+01
  -.18400000E+01  .33212305E+01
  -.18000000E+01  .33156932E+01
  -.17600000E+01  .33101485E+01
  -.17200000E+01  .33045965E+01
  -.16800000E+01  .32990372E+01
  -.16400000E+01  .32934706E+01
  -.16000000E+01  .32878965E+01
  -.15600000E+01  .32823150E+01
  -.15200000E+01  .32767261E+01
  -.14800000E+01  .32711297E+01
  -.14400000E+01  .32655258E+01
  -.14000000E+01  .32599144E+01
  -.13600000E+01  .32542955E+01
  -.13200000E+01  .32486690E+01
  -.12800000E+01  .32430348E+01
  -.12400000E+01  .32373931E+01
  -.12000000E+01  .32317437E+01
  -.11600000E+01  .32260866E+01
  -.11200000E+01  .32204219E+01
  -.10800000E+01  .32147493E+01
  -.10400000E+01  .32090691E+01
  -.10000000E+01  .32033810E+01
  -.96000000E+00  .31976851E+01
  -.92000000E+00  .31919814E+01
  -.88000000E+00  .31862698E+01
  -.84000000E+00  .31805503E+01
  -.80000000E+00  .31748228E+01
  -.76000000E+00  .31690875E+01
  -.72000000E+00  .31633441E+01
  -.68000000E+00  .31575927E+01
  -.64000000E+00  .31518332E+01
  -.60000000E+00  .31460657E+01
  -.56000000E+00  .31402901E+01
  -.52000000E+00  .31345063E+01
  -.48000000E+00  .31287144E+01
  -.44000000E+00  .31229143E+01
  -.40000000E+00  .31171060E+01
  -.36000000E+00  .31112894E+01
  -.32000000E+00  .31054645E+01
  -.28000000E+00  .30996313E+01
  -.24000000E+00  .30937898E+01
  -.20000000E+00  .30879398E+01
  -.16000000E+00  .30820815E+01
  -.12000000E+00  .30762148E+01
  -.80000000E-01  .30703395E+01
  -.40000000E-01  .30644558E+01
   .12351231E-14  .30585635E+01
   .40000000E-01  .30526627E+01
   .80000000E-01  .30467533E+01
   .12000000E+00  .30408352E+01
   .16000000E+00  .30349085E+01
   .20000000E+00  .30289731E+01
   .24000000E+00  .30230289E+01
   .28000000E+00  .30170760E+01
   .32000000E+00  .30111143E+01
   .36000000E+00  .30051438E+01
   .40000000E+00  .29991644E+01
   .44000000E+00  .29931761E+01
   .48000000E+00  .29871789E+01
   .52000000E+00  .29811727E+01
   .56000000E+00  .29751576E+01
   .60000000E+00  .29691333E+01
   .64000000E+00  .29631001E+01
   .68000000E+00  .29570577E+01
   .72000000E+00  .29510062E+01
   .76000000E+00  .29449455E+01
   .80000000E+00  .29388756E+01
   .84000000E+00  .29327964E+01
   .88000000E+00  .29267080E+01
   .92000000E+00  .29206103E+01
   .96000000E+00  .29145032E+01
   .10000000E+01  .29083867E+01
   .10400000E+01  .29022607E+01
   .10800000E+01  .28961254E+01
   .11200000E+01  .28899805E+01
   .11600000E+01  .28838261E+01
   .12000000E+01  .28776621E+01
   .12400000E+01  .28714885E+01
   .12800000E+01  .28653052E+01
   .13200000E+01  .28591122E+01
   .13600000E+01  .28529095E+01
   .14000000E+01  .28466971E+01
   .14400000E+01  .28404748E+01
   .14800000E+01  .28342427E+01
   .15200000E+01  .28280007E+01
   .15600000E+01  .28217487E+01
   .16000000E+01  .28154868E+01
   .16400000E+01  .28092149E+01
   .16800000E+01  .28029330E+01
   .17200000E+01  .27966409E+01
   .17600000E+01  .27903387E+01
   .18000000E+01  .27840264E+01
   .18400000E+01  .27777038E+01
   .18800000E+01  .27713710E+01
   .19200000E+01  .27650279E+01
   .19600000E+01  .27586744E+01
   .20000000E+01  .27523106E+01
