B: s2p1                                 
  .212485283E-05  .215909249E-05  .219388382E-05  .222923570E-05  .226515716E-05
  .230165738E-05  .233874568E-05  .237643154E-05  .241472457E-05  .245363456E-05
  .249317145E-05  .253334534E-05  .257416649E-05  .261564532E-05  .265779242E-05
  .270061857E-05  .274413470E-05  .278835192E-05  .283328153E-05  .287893500E-05
  .292532399E-05  .297246035E-05  .302035612E-05  .306902352E-05  .311847500E-05
  .316872317E-05  .321978087E-05  .327166114E-05  .332437722E-05  .337794259E-05
  .343237092E-05  .348767610E-05  .354387227E-05  .360097376E-05  .365899517E-05
  .371795132E-05  .377785724E-05  .383872825E-05  .390057988E-05  .396342794E-05
  .402728846E-05  .409217775E-05  .415811239E-05  .422510920E-05  .429318531E-05
  .436235808E-05  .443264518E-05  .450406455E-05  .457663444E-05  .465037336E-05
  .472530016E-05  .480143395E-05  .487879418E-05  .495740059E-05  .503727326E-05
  .511843258E-05  .520089927E-05  .528469437E-05  .536983930E-05  .545635577E-05
  .554426588E-05  .563359208E-05  .572435716E-05  .581658429E-05  .591029703E-05
  .600551929E-05  .610227538E-05  .620058999E-05  .630048824E-05  .640199561E-05
  .650513802E-05  .660994179E-05  .671643368E-05  .682464087E-05  .693459098E-05
  .704631207E-05  .715983266E-05  .727518172E-05  .739238870E-05  .751148351E-05
  .763249655E-05  .775545870E-05  .788040134E-05  .800735636E-05  .813635617E-05
  .826743368E-05  .840062234E-05  .853595616E-05  .867346966E-05  .881319793E-05
  .895517664E-05  .909944201E-05  .924603086E-05  .939498060E-05  .954632923E-05
  .970011538E-05  .985637828E-05  .100151578E-04  .101764945E-04  .103404295E-04
  .105070046E-04  .106762623E-04  .108482459E-04  .110229992E-04  .112005668E-04
  .113809940E-04  .115643267E-04  .117506119E-04  .119398970E-04  .121322304E-04
  .123276610E-04  .125262387E-04  .127280142E-04  .129330390E-04  .131413653E-04
  .133530464E-04  .135681361E-04  .137866894E-04  .140087620E-04  .142344106E-04
  .144636927E-04  .146966667E-04  .149333922E-04  .151739295E-04  .154183399E-04
  .156666858E-04  .159190304E-04  .161754383E-04  .164359747E-04  .167007060E-04
  .169696999E-04  .172430249E-04  .175207506E-04  .178029480E-04  .180896890E-04
  .183810466E-04  .186770953E-04  .189779104E-04  .192835686E-04  .195941480E-04
  .199097276E-04  .202303880E-04  .205562108E-04  .208872792E-04  .212236776E-04
  .215654917E-04  .219128087E-04  .222657170E-04  .226243067E-04  .229886691E-04
  .233588972E-04  .237350853E-04  .241173292E-04  .245057265E-04  .249003761E-04
  .253013786E-04  .257088361E-04  .261228527E-04  .265435336E-04  .269709862E-04
  .274053194E-04  .278466439E-04  .282950721E-04  .287507183E-04  .292136985E-04
  .296841309E-04  .301621352E-04  .306478332E-04  .311413486E-04  .316428073E-04
  .321523369E-04  .326700673E-04  .331961304E-04  .337306601E-04  .342737927E-04
  .348256664E-04  .353864220E-04  .359562021E-04  .365351519E-04  .371234190E-04
  .377211530E-04  .383285063E-04  .389456335E-04  .395726918E-04  .402098409E-04
  .408572430E-04  .415150630E-04  .421834684E-04  .428626294E-04  .435527189E-04
  .442539126E-04  .449663891E-04  .456903297E-04  .464259187E-04  .471733435E-04
  .479327942E-04  .487044643E-04  .494885501E-04  .502852512E-04  .510947704E-04
  .519173138E-04  .527530907E-04  .536023138E-04  .544651992E-04  .553419666E-04
  .562328390E-04  .571380431E-04  .580578094E-04  .589923717E-04  .599419680E-04
  .609068397E-04  .618872325E-04  .628833957E-04  .638955827E-04  .649240510E-04
  .659690623E-04  .670308824E-04  .681097813E-04  .692060335E-04  .703199177E-04
  .714517174E-04  .726017202E-04  .737702187E-04  .749575101E-04  .761638961E-04
  .773896836E-04  .786351842E-04  .799007146E-04  .811865966E-04  .824931570E-04
  .838207280E-04  .851696471E-04  .865402572E-04  .879329065E-04  .893479492E-04
  .907857449E-04  .922466589E-04  .937310625E-04  .952393330E-04  .967718535E-04
  .983290136E-04  .999112088E-04  .101518841E-03  .103152319E-03  .104812058E-03
  .106498478E-03  .108212009E-03  .109953086E-03  .111722151E-03  .113519654E-03
  .115346050E-03  .117201803E-03  .119087386E-03  .121003276E-03  .122949961E-03
  .124927933E-03  .126937697E-03  .128979761E-03  .131054644E-03  .133162873E-03
  .135304983E-03  .137481517E-03  .139693029E-03  .141940079E-03  .144223237E-03
  .146543083E-03  .148900205E-03  .151295202E-03  .153728681E-03  .156201260E-03
  .158713565E-03  .161266234E-03  .163859914E-03  .166495263E-03  .169172950E-03
  .171893654E-03  .174658063E-03  .177466880E-03  .180320817E-03  .183220596E-03
  .186166954E-03  .189160637E-03  .192202403E-03  .195293024E-03  .198433283E-03
  .201623976E-03  .204865911E-03  .208159909E-03  .211506806E-03  .214907449E-03
  .218362700E-03  .221873434E-03  .225440539E-03  .229064921E-03  .232747495E-03
  .236489196E-03  .240290969E-03  .244153779E-03  .248078602E-03  .252066433E-03
  .256118281E-03  .260235171E-03  .264418145E-03  .268668262E-03  .272986598E-03
  .277374245E-03  .281832312E-03  .286361929E-03  .290964240E-03  .295640410E-03
  .300391622E-03  .305219076E-03  .310123995E-03  .315107617E-03  .320171203E-03
  .325316034E-03  .330543409E-03  .335854650E-03  .341251099E-03  .346734120E-03
  .352305099E-03  .357965442E-03  .363716581E-03  .369559967E-03  .375497078E-03
  .381529412E-03  .387658492E-03  .393885868E-03  .400213110E-03  .406641816E-03
  .413173610E-03  .419810139E-03  .426553079E-03  .433404132E-03  .440365026E-03
  .447437518E-03  .454623392E-03  .461924460E-03  .469342564E-03  .476879575E-03
  .484537393E-03  .492317950E-03  .500223207E-03  .508255157E-03  .516415824E-03
  .524707266E-03  .533131570E-03  .541690861E-03  .550387295E-03  .559223062E-03
  .568200388E-03  .577321534E-03  .586588796E-03  .596004509E-03  .605571043E-03
  .615290805E-03  .625166243E-03  .635199841E-03  .645394125E-03  .655751658E-03
  .666275048E-03  .676966940E-03  .687830024E-03  .698867032E-03  .710080739E-03
  .721473963E-03  .733049568E-03  .744810465E-03  .756759608E-03  .768900000E-03
  .781234690E-03  .793766778E-03  .806499410E-03  .819435784E-03  .832579148E-03
  .845932802E-03  .859500097E-03  .873284439E-03  .887289286E-03  .901518152E-03
  .915974607E-03  .930662277E-03  .945584844E-03  .960746051E-03  .976149699E-03
  .991799648E-03  .100769982E-02  .102385420E-02  .104026684E-02  .105694184E-02
  .107388339E-02  .109109572E-02  .110858314E-02  .112635004E-02  .114440086E-02
  .116274012E-02  .118137240E-02  .120030236E-02  .121953475E-02  .123907437E-02
  .125892610E-02  .127909491E-02  .129958584E-02  .132040401E-02  .134155462E-02
  .136304295E-02  .138487438E-02  .140705434E-02  .142958839E-02  .145248213E-02
  .147574130E-02  .149937168E-02  .152337918E-02  .154776978E-02  .157254957E-02
  .159772472E-02  .162330150E-02  .164928630E-02  .167568558E-02  .170250592E-02
  .172975401E-02  .175743662E-02  .178556064E-02  .181413308E-02  .184316105E-02
  .187265177E-02  .190261256E-02  .193305089E-02  .196397432E-02  .199539054E-02
  .202730735E-02  .205973268E-02  .209267459E-02  .212614125E-02  .216014098E-02
  .219468221E-02  .222977352E-02  .226542360E-02  .230164131E-02  .233843563E-02
  .237581566E-02  .241379069E-02  .245237012E-02  .249156349E-02  .253138053E-02
  .257183109E-02  .261292518E-02  .265467297E-02  .269708479E-02  .274017113E-02
  .278394263E-02  .282841013E-02  .287358461E-02  .291947722E-02  .296609931E-02
  .301346239E-02  .306157814E-02  .311045845E-02  .316011536E-02  .321056113E-02
  .326180819E-02  .331386918E-02  .336675693E-02  .342048445E-02  .347506499E-02
  .353051198E-02  .358683907E-02  .364406011E-02  .370218918E-02  .376124056E-02
  .382122879E-02  .388216859E-02  .394407494E-02  .400696303E-02  .407084831E-02
  .413574645E-02  .420167337E-02  .426864525E-02  .433667849E-02  .440578977E-02
  .447599603E-02  .454731445E-02  .461976249E-02  .469335789E-02  .476811865E-02
  .484406304E-02  .492120964E-02  .499957730E-02  .507918516E-02  .516005266E-02
  .524219954E-02  .532564584E-02  .541041192E-02  .549651844E-02  .558398639E-02
  .567283708E-02  .576309214E-02  .585477355E-02  .594790361E-02  .604250498E-02
  .613860066E-02  .623621400E-02  .633536871E-02  .643608888E-02  .653839895E-02
  .664232374E-02  .674788846E-02  .685511869E-02  .696404043E-02  .707468004E-02
  .718706432E-02  .730122046E-02  .741717607E-02  .753495919E-02  .765459828E-02
  .777612223E-02  .789956039E-02  .802494254E-02  .815229892E-02  .828166024E-02
  .841305767E-02  .854652286E-02  .868208793E-02  .881978551E-02  .895964870E-02
  .910171114E-02  .924600693E-02  .939257075E-02  .954143775E-02  .969264366E-02
  .984622472E-02  .100022177E-01  .101606600E-01  .103215896E-01  .104850449E-01
  .106510650E-01  .108196896E-01  .109909590E-01  .111649140E-01  .113415961E-01
  .115210475E-01  .117033110E-01  .118884299E-01  .120764483E-01  .122674109E-01
  .124613631E-01  .126583511E-01  .128584215E-01  .130616218E-01  .132680003E-01
  .134776059E-01  .136904881E-01  .139066974E-01  .141262849E-01  .143493026E-01
  .145758030E-01  .148058398E-01  .150394671E-01  .152767401E-01  .155177146E-01
  .157624474E-01  .160109961E-01  .162634191E-01  .165197757E-01  .167801262E-01
  .170445315E-01  .173130537E-01  .175857557E-01  .178627014E-01  .181439555E-01
  .184295838E-01  .187196530E-01  .190142309E-01  .193133861E-01  .196171883E-01
  .199257084E-01  .202390181E-01  .205571902E-01  .208802987E-01  .212084186E-01
  .215416260E-01  .218799982E-01  .222236134E-01  .225725512E-01  .229268924E-01
  .232867186E-01  .236521131E-01  .240231600E-01  .243999448E-01  .247825544E-01
  .251710766E-01  .255656007E-01  .259662175E-01  .263730186E-01  .267860974E-01
  .272055485E-01  .276314678E-01  .280639526E-01  .285031017E-01  .289490153E-01
  .294017949E-01  .298615436E-01  .303283661E-01  .308023684E-01  .312836580E-01
  .317723442E-01  .322685375E-01  .327723504E-01  .332838966E-01  .338032918E-01
  .343306530E-01  .348660992E-01  .354097507E-01  .359617300E-01  .365221610E-01
  .370911694E-01  .376688827E-01  .382554303E-01  .388509433E-01  .394555548E-01
  .400693996E-01  .406926146E-01  .413253384E-01  .419677117E-01  .426198772E-01
  .432819795E-01  .439541653E-01  .446365832E-01  .453293841E-01  .460327208E-01
  .467467485E-01  .474716243E-01  .482075074E-01  .489545597E-01  .497129447E-01
  .504828286E-01  .512643799E-01  .520577691E-01  .528631693E-01  .536807560E-01
  .545107070E-01  .553532025E-01  .562084253E-01  .570765606E-01  .579577962E-01
  .588523224E-01  .597603321E-01  .606820209E-01  .616175868E-01  .625672308E-01
  .635311564E-01  .645095700E-01  .655026807E-01  .665107002E-01  .675338435E-01
  .685723280E-01  .696263745E-01  .706962062E-01  .717820496E-01  .728841343E-01
  .740026927E-01  .751379605E-01  .762901762E-01  .774595817E-01  .786464221E-01
  .798509456E-01  .810734037E-01  .823140511E-01  .835731461E-01  .848509501E-01
  .861477279E-01  .874637478E-01  .887992817E-01  .901546049E-01  .915299961E-01
  .929257379E-01  .943421162E-01  .957794207E-01  .972379450E-01  .987179860E-01
  .100219845E+00  .101743826E+00  .103290238E+00  .104859394E+00  .106451610E+00
  .108067206E+00  .109706506E+00  .111369840E+00  .113057539E+00  .114769941E+00
  .116507385E+00  .118270218E+00  .120058788E+00  .121873448E+00  .123714558E+00
  .125582478E+00  .127477576E+00  .129400223E+00  .131350794E+00  .133329669E+00
  .135337233E+00  .137373875E+00  .139439990E+00  .141535975E+00  .143662234E+00
  .145819176E+00  .148007212E+00  .150226761E+00  .152478245E+00  .154762092E+00
  .157078735E+00  .159428610E+00  .161812161E+00  .164229834E+00  .166682083E+00
  .169169366E+00  .171692145E+00  .174250889E+00  .176846071E+00  .179478170E+00
  .182147671E+00  .184855063E+00  .187600840E+00  .190385504E+00  .193209560E+00
  .196073519E+00  .198977899E+00  .201923222E+00  .204910016E+00  .207938815E+00
  .211010158E+00  .214124590E+00  .217282663E+00  .220484932E+00  .223731961E+00
  .227024318E+00  .230362576E+00  .233747315E+00  .237179123E+00  .240658589E+00
  .244186313E+00  .247762897E+00  .251388952E+00  .255065092E+00  .258791941E+00
  .262570125E+00  .266400279E+00  .270283041E+00  .274219060E+00  .278208985E+00
  .282253476E+00  .286353198E+00  .290508819E+00  .294721018E+00  .298990477E+00
  .303317885E+00  .307703937E+00  .312149333E+00  .316654783E+00  .321220999E+00
  .325848701E+00  .330538615E+00  .335291472E+00  .340108012E+00  .344988978E+00
  .349935120E+00  .354947195E+00  .360025966E+00  .365172201E+00  .370386675E+00
  .375670168E+00  .381023466E+00  .386447363E+00  .391942656E+00  .397510150E+00
  .403150655E+00  .408864987E+00  .414653966E+00  .420518421E+00  .426459184E+00
  .432477094E+00  .438572995E+00  .444747736E+00  .451002173E+00  .457337165E+00
  .463753577E+00  .470252281E+00  .476834153E+00  .483500072E+00  .490250926E+00
  .497087604E+00  .504011001E+00  .511022019E+00  .518121561E+00  .525310537E+00
  .532589860E+00  .539960447E+00  .547423220E+00  .554979106E+00  .562629033E+00
  .570373935E+00  .578214748E+00  .586152414E+00  .594187875E+00  .602322078E+00
  .610555974E+00  .618890513E+00  .627326653E+00  .635865350E+00  .644507564E+00
  .653254256E+00  .662106392E+00  .671064937E+00  .680130856E+00  .689305120E+00
  .698588697E+00  .707982557E+00  .717487672E+00  .727105012E+00  .736835549E+00
  .746680253E+00  .756640096E+00  .766716048E+00  .776909078E+00  .787220154E+00
  .797650242E+00  .808200307E+00  .818871312E+00  .829664216E+00  .840579977E+00
  .851619549E+00  .862783884E+00  .874073929E+00  .885490626E+00  .897034915E+00
  .908707729E+00  .920509997E+00  .932442642E+00  .944506581E+00  .956702725E+00
  .969031978E+00  .981495236E+00  .994093390E+00  .100682732E+01  .101969790E+01
  .103270599E+01  .104585244E+01  .105913811E+01  .107256382E+01  .108613040E+01
  .109983866E+01  .111368939E+01  .112768339E+01  .114182143E+01  .115610427E+01
  .117053266E+01  .118510733E+01  .119982899E+01  .121469835E+01  .122971609E+01
  .124488288E+01  .126019936E+01  .127566618E+01  .129128394E+01  .130705324E+01
  .132297465E+01  .133904872E+01  .135527599E+01  .137165695E+01  .138819211E+01
  .140488191E+01  .142172681E+01  .143872720E+01  .145588348E+01  .147319602E+01
  .149066513E+01  .150829113E+01  .152607430E+01  .154401488E+01  .156211308E+01
  .158036910E+01  .159878309E+01  .161735517E+01  .163608542E+01  .165497390E+01
  .167402062E+01  .169322557E+01  .171258869E+01  .173210988E+01  .175178902E+01
  .177162593E+01  .179162040E+01  .181177218E+01  .183208096E+01  .185254641E+01
  .187316815E+01  .189394574E+01  .191487871E+01  .193596653E+01  .195720865E+01
  .197860443E+01  .200015322E+01  .202185428E+01  .204370685E+01  .206571011E+01
  .208786317E+01  .211016511E+01  .213261493E+01  .215521160E+01  .217795401E+01
  .220084100E+01  .222387135E+01  .224704377E+01  .227035694E+01  .229380945E+01
  .231739982E+01  .234112652E+01  .236498797E+01  .238898249E+01  .241310836E+01
  .243736378E+01  .246174688E+01  .248625573E+01  .251088831E+01  .253564255E+01
  .256051630E+01  .258550733E+01  .261061334E+01  .263583196E+01  .266116074E+01
  .268659714E+01  .271213857E+01  .273778234E+01  .276352568E+01  .278936576E+01
  .281529964E+01  .284132433E+01  .286743674E+01  .289363369E+01  .291991194E+01
  .294626814E+01  .297269887E+01  .299920062E+01  .302576981E+01  .305240274E+01
  .307909565E+01  .310584468E+01  .313264590E+01  .315949527E+01  .318638867E+01
  .321332189E+01  .324029063E+01  .326729052E+01  .329431706E+01  .332136569E+01
  .334843176E+01  .337551052E+01  .340259712E+01  .342968665E+01  .345677409E+01
  .348385432E+01  .351092215E+01  .353797229E+01  .356499937E+01  .359199792E+01
  .361896238E+01  .364588711E+01  .367276638E+01  .369959437E+01  .372636518E+01
  .375307282E+01  .377971120E+01  .380627417E+01  .383275548E+01  .385914880E+01
  .388544772E+01  .391164576E+01  .393773634E+01  .396371281E+01  .398956844E+01
  .401529644E+01  .404088993E+01  .406634194E+01  .409164548E+01  .411679343E+01
  .414177864E+01  .416659389E+01  .419123189E+01  .421568528E+01  .423994664E+01
  .426400851E+01  .428786335E+01  .431150359E+01  .433492159E+01  .435810966E+01
  .438106008E+01  .440376508E+01  .442621683E+01  .444840749E+01  .447032917E+01
  .449197394E+01  .451333386E+01  .453440094E+01  .455516720E+01  .457562460E+01
  .459576511E+01  .461558069E+01  .463506327E+01  .465420479E+01  .467299719E+01
  .469143240E+01  .470950237E+01  .472719904E+01  .474451439E+01  .476144039E+01
  .477796906E+01  .479409243E+01  .480980256E+01  .482509156E+01  .483995157E+01
  .485437477E+01  .486835340E+01  .488187975E+01  .489494617E+01  .490754508E+01
  .491966895E+01  .493131034E+01  .494246190E+01  .495311633E+01  .496326646E+01
  .497290519E+01  .498202552E+01  .499062057E+01  .499868355E+01  .500620781E+01
  .501318680E+01  .501961413E+01  .502548349E+01  .503078876E+01  .503552394E+01
  .503968319E+01  .504326080E+01  .504625125E+01  .504864917E+01  .505044937E+01
  .505164683E+01  .505223673E+01  .505221442E+01  .505157545E+01  .505031557E+01
  .504843073E+01  .504591711E+01  .504277108E+01  .503898925E+01  .503456845E+01
  .502950575E+01  .502379844E+01  .501744406E+01  .501044042E+01  .500278554E+01
  .499447773E+01  .498551555E+01  .497589783E+01  .496562368E+01  .495469245E+01
  .494310382E+01  .493085772E+01  .491795438E+01  .490439433E+01  .489017837E+01
  .487530762E+01  .485978351E+01  .484360777E+01  .482678243E+01  .480930983E+01
  .479119265E+01  .477243387E+01  .475303680E+01  .473300506E+01  .471234260E+01
  .469105371E+01  .466914298E+01  .464661537E+01  .462347614E+01  .459973088E+01
  .457538553E+01  .455044636E+01  .452491997E+01  .449881329E+01  .447213357E+01
  .444488843E+01  .441708578E+01  .438873389E+01  .435984134E+01  .433041705E+01
  .430047025E+01  .427001050E+01  .423904770E+01  .420759202E+01  .417565400E+01
  .414324445E+01  .411037449E+01  .407705558E+01  .404329943E+01  .400911807E+01
  .397452382E+01  .393952927E+01  .390414731E+01  .386839107E+01  .383227397E+01
  .379580969E+01  .375901216E+01  .372189553E+01  .368447423E+01  .364676290E+01
  .360877640E+01  .357052980E+01  .353203840E+01  .349331766E+01  .345438326E+01
  .341525105E+01  .337593704E+01  .333645742E+01  .329682849E+01  .325706672E+01
  .321718871E+01  .317721117E+01  .313715090E+01  .309702482E+01  .305684991E+01
  .301664324E+01  .297642194E+01  .293620318E+01  .289600416E+01  .285584211E+01
  .281573427E+01  .277569789E+01  .273575018E+01  .269590835E+01  .265618955E+01
  .261661089E+01  .257718940E+01  .253794204E+01  .249888567E+01  .246003706E+01
  .242141284E+01  .238302952E+01  .234490347E+01  .230705089E+01  .226948780E+01
  .223223008E+01  .219529335E+01  .215869306E+01  .212244443E+01  .208656245E+01
  .205106184E+01  .201595708E+01  .198126237E+01  .194699163E+01  .191315848E+01
  .187977623E+01  .184685789E+01  .181441611E+01  .178246323E+01  .175101121E+01
  .172007167E+01  .168965586E+01  .165977464E+01  .163043848E+01  .160165746E+01
  .157344125E+01  .154579911E+01  .151873986E+01  .149227192E+01  .146640324E+01
  .144114136E+01  .141649334E+01  .139246581E+01  .136906492E+01  .134629639E+01
  .132416542E+01  .130267678E+01  .128183474E+01  .126164311E+01  .124210520E+01
  .122322385E+01  .120500142E+01  .118743975E+01  .117054023E+01  .115430375E+01
  .113873071E+01  .112382103E+01  .110957414E+01  .109598901E+01  .108306409E+01
  .107079739E+01  .105918643E+01  .104822827E+01  .103791949E+01  .102825621E+01
  .101923411E+01  .101084839E+01  .100309384E+01  .995964776E+00  .989455098E+00
  .983558282E+00  .978267372E+00  .973575014E+00  .969473436E+00  .965954484E+00
  .963009602E+00  .960629873E+00  .958805989E+00  .957528305E+00  .956786804E+00
  .956571148E+00  .956870648E+00  .957674319E+00  .958970840E+00  .960748619E+00
  .962995749E+00  .965700074E+00  .968849147E+00  .972430293E+00  .976430570E+00
  .980836832E+00  .985635690E+00  .990813577E+00  .996356703E+00  .100225113E+01
  .100848271E+01  .101503719E+01  .102190013E+01  .102905699E+01  .103649308E+01
  .104419365E+01  .105214381E+01  .106032863E+01  .106873308E+01  .107734213E+01
  .108614063E+01  .109511347E+01  .110424549E+01  .111352156E+01  .112292651E+01
  .113244526E+01  .114206268E+01  .115176379E+01  .116153357E+01  .117135716E+01
  .118121971E+01  .119110655E+01  .120100303E+01  .121089469E+01  .122076716E+01
  .123060626E+01  .124039790E+01  .125012824E+01  .125978352E+01  .126935027E+01
  .127881514E+01  .128816505E+01  .129738707E+01  .130646859E+01  .131539714E+01
  .132416059E+01  .133274699E+01  .134114473E+01  .134934242E+01  .135732898E+01
  .136509360E+01  .137262582E+01  .137991542E+01  .138695255E+01  .139372763E+01
  .140023147E+01  .140645515E+01  .141239015E+01  .141802824E+01  .142336159E+01
  .142838267E+01  .143308438E+01  .143745990E+01  .144150287E+01  .144520720E+01
  .144856729E+01  .145157780E+01  .145423386E+01  .145653091E+01  .145846484E+01
  .146003185E+01  .146122861E+01  .146205207E+01  .146249969E+01  .146256917E+01
  .146225873E+01  .146156685E+01  .146049251E+01  .145903496E+01  .145719391E+01
  .145496936E+01  .145236177E+01  .144937189E+01  .144600089E+01  .144225024E+01
  .143812184E+01  .143361784E+01  .142874085E+01  .142349369E+01  .141787965E+01
  .141190219E+01  .140556526E+01  .139887296E+01  .139182984E+01  .138444061E+01
  .137671040E+01  .136864450E+01  .136024860E+01  .135152853E+01  .134249048E+01
  .133314080E+01  .132348618E+01  .131353341E+01  .130328964E+01  .129276210E+01
  .128195834E+01  .127088598E+01  .125955293E+01  .124796718E+01  .123613695E+01
  .122407055E+01  .121177648E+01  .119926331E+01  .118653980E+01  .117361473E+01
  .116049706E+01  .114719575E+01  .113371994E+01  .112007869E+01  .110628128E+01
  .109233686E+01  .107825476E+01  .106404422E+01  .104971459E+01  .103527510E+01
  .102073509E+01  .100610378E+01  .991390459E+00  .976604256E+00  .961754383E+00
  .946849859E+00  .931899767E+00  .916912981E+00  .901898421E+00  .886864779E+00
  .871820777E+00  .856774902E+00  .841735620E+00  .826711196E+00  .811709829E+00
  .796739507E+00  .781808140E+00  .766923415E+00  .752092927E+00  .737324034E+00
  .722623994E+00  .707999815E+00  .693458394E+00  .679006372E+00  .664650267E+00
  .650396331E+00  .636250690E+00  .622219194E+00  .608307560E+00  .594521225E+00
  .580865488E+00  .567345362E+00  .553965719E+00  .540731141E+00  .527646069E+00
  .514714648E+00  .501940884E+00  .489328487E+00  .476881025E+00  .464601771E+00
  .452493858E+00  .440560128E+00  .428803281E+00  .417225731E+00  .405829754E+00
  .394617343E+00  .383590357E+00  .372750377E+00  .362098856E+00  .351636976E+00
  .341365795E+00  .331286106E+00  .321398585E+00  .311703655E+00  .302201632E+00
  .292892577E+00  .283776458E+00  .274852997E+00  .266121831E+00  .257582360E+00
  .249233912E+00  .241075584E+00  .233106412E+00  .225325214E+00  .217730751E+00
  .210321583E+00  .203096222E+00  .196052986E+00  .189190150E+00  .182505844E+00
  .175998106E+00  .169664880E+00  .163504018E+00  .157513289E+00  .151690384E+00
  .146032916E+00  .140538433E+00  .135204419E+00  .130028298E+00  .125007443E+00
  .120139178E+00  .115420782E+00  .110849497E+00  .106422533E+00  .102137067E+00
  .979902554E-01  .939792313E-01  .901011136E-01  .863530087E-01  .827320157E-01
  .792352295E-01  .758597453E-01  .726026614E-01  .694610835E-01  .664321276E-01
  .635129231E-01  .607006164E-01  .579923731E-01  .553853814E-01  .528768542E-01
  .504640322E-01  .481441854E-01  .459146162E-01  .437726608E-01  .417156912E-01
  .397411173E-01  .378463883E-01  .360289940E-01  .342864666E-01  .326163817E-01
  .310163593E-01  .294840651E-01  .280172110E-01  .266135561E-01  .252709073E-01
  .239871198E-01  .227600975E-01  .215877935E-01  .204682099E-01  .193993985E-01
  .183794604E-01  .174065463E-01  .164788559E-01  .155946385E-01  .147521918E-01
  .139498623E-01  .131860445E-01  .124591807E-01  .117677602E-01  .111103191E-01
  .104854395E-01  .989174858E-02  .932791848E-02  .879266515E-02  .828474773E-02
  .780296774E-02  .734616829E-02  .691323322E-02  .650308624E-02  .611469006E-02
  .574704554E-02  .539919073E-02  .507020001E-02  .475918314E-02  .446528438E-02
  .418768154E-02  .392558508E-02  .367823716E-02  .344491080E-02  .322490886E-02
  .301756325E-02  .282223395E-02  .263830819E-02  .246519952E-02  .230234702E-02
  .214921436E-02  .200528904E-02  .187008155E-02  .174312454E-02  .162397206E-02
  .151219876E-02  .140739917E-02  .130918691E-02  .121719402E-02  .113107021E-02
  .105048220E-02  .975113055E-03  .904661494E-03  .838841301E-03  .777380687E-03
  .720021698E-03  .666519631E-03  .616642474E-03  .570170362E-03  .526895047E-03
  .486619388E-03  .449156857E-03  .414331064E-03  .381975290E-03  .351932051E-03
  .324052661E-03  .298196820E-03  .274232220E-03  .252034154E-03  .231485152E-03
  .212474622E-03  .194898512E-03  .178658976E-03  .163664067E-03  .149827426E-03
  .137068000E-03  .125309755E-03  .114481419E-03  .104516222E-03  .953516498E-04
  .869292170E-04  .791942394E-04  .720956223E-04  .655856577E-04  .596198304E-04
  .541566326E-04  .491573888E-04  .445860876E-04  .404092226E-04  .365956408E-04
  .331163987E-04  .299446257E-04  .270553941E-04  .244255968E-04  .220338304E-04
  .198602850E-04  .178866406E-04  .160959677E-04  .144726351E-04  .130022215E-04
  .116714332E-04  .104680258E-04  .938073128E-05  .839918842E-05  .751387842E-05
  .671606385E-05  .599773161E-05  .535153943E-05  .477076580E-05  .424926318E-05
  .378141421E-05  .336209095E-05  .298661682E-05  .265073119E-05  .235055651E-05
  .208256776E-05  .184356416E-05  .163064310E-05  .144117595E-05  .127278615E-05
  .112117975E-05  .986677147E-06  .867463370E-06  .761903134E-06  .668524413E-06
  .586003372E-06  .513150576E-06  .448898364E-06  .392289318E-06  .342465721E-06
  .298659941E-06  .260185668E-06  .226429921E-06  .196845783E-06  .170945791E-06
  .148295936E-06  .128510212E-06  .111245681E-06  .961980023E-07  .830973874E-07
  .717049439E-07  .618093780E-07  .532240195E-07  .457841427E-07  .393445563E-07
  .337774379E-07  .289703900E-07  .248246978E-07  .212537686E-07  .181817367E-07
  .155422173E-07  .132771942E-07  .113360297E-07  .967458309E-08  .825442742E-08
  .704215455E-08  .600875920E-08  .512909398E-08  .438138776E-08  .374682091E-08
  .320915112E-08  .275438448E-08  .237048700E-08  .204713204E-08  .177547995E-08
  .154798641E-08  .135823644E-08  .120080154E-08  .107111762E-08  .965381992E-09
  .880467719E-09  .813854379E-09  .763574321E-09  .728174215E-09  .706691355E-09
  .698647609E-09  .704058263E-09  .578104249E-09  .473932188E-09  .387911992E-09
  .316994401E-09  .258622167E-09  .210654147E-09  .171300521E-09  .139067615E-09
  .112710970E-09  .911954952E-10  .736616949E-10  .593970967E-10  .478121124E-10
  .384196866E-10  .308181664E-10  .246769077E-10  .197242029E-10  .157371739E-10
  .125333251E-10  .996349754E-11  .790600170E-11  .626174146E-11  .495016895E-11
  .390593525E-11  .307612232E-11  .241795974E-11  .189694501E-11  .148529899E-11
  .116069922E-11  .905243293E-12  .704601949E-12  .547328803E-12  .424298683E-12
  .328251640E-12  .253423469E-12  .195246957E-12  .150110814E-12  .115165567E-12
  .881675777E-13  .673539916E-13  .513426701E-13  .390523077E-13  .296387912E-13
  .224446139E-13  .169587536E-13  .127849217E-13  .961649274E-14  .721675440E-14
  .540338292E-14  .403626919E-14  .300799390E-14  .223639265E-14  .165876629E-14
  .122738293E-14  .905991907E-15  .667128481E-15  .490034957E-15  .359061204E-15
  .262437023E-15  .191332263E-15  .139139043E-15  .100924979E-15  .730177159E-16
  .526900665E-16  .379219889E-16  .272211321E-16  .194878873E-16  .139141778E-16
  .990775334E-17  .703571489E-17  .498249845E-17  .351870141E-17  .247801707E-17
  .174021561E-17  .121862166E-17  .850926185E-18  .592464130E-18  .411310079E-18
  .284710586E-18  .196496413E-18  .135211017E-18  .927610340E-19  .634460605E-19
  .432632121E-19  .294101499E-19  .199310127E-19  .134649371E-19  .906799402E-20
  .608750132E-20  .407358499E-20  .271714740E-20  .180649625E-20  .119711820E-20
  .790681666E-21  .520498450E-21  .341490581E-21  .223289252E-21  .145503989E-21
  .944904836E-22  .611498411E-22  .394352490E-22  .253421609E-22  .162278211E-22
  .103543276E-22  .658288428E-23  .416994748E-23  .263179648E-23  .165488790E-23
  .103673204E-23  .647042983E-24  .402304885E-24  .249183818E-24  .153749392E-24
  .944979956E-25  .578540649E-25  .352804092E-25  .214293034E-25  .129641290E-25
  .781133946E-26  .468749133E-26  .280139305E-26  .166729294E-26  .988188168E-27
  .583233847E-27  .342772891E-27  .200593159E-27  .116884461E-27  .678130754E-28
  .391715691E-28  .225275577E-28  .128981519E-28  .735183245E-29  .417160161E-29
  .235631536E-29  .132486457E-29  .741482730E-30  .413053154E-30  .229018165E-30
  .126379495E-30  .694079897E-31  .379360256E-31  .206341657E-31  .111685758E-31
  .601544011E-32  .322387768E-32  .171915051E-32  .912128379E-33  .481489853E-33
  .252865545E-33  .132113020E-33  .686652471E-34  .355014070E-34  .182579923E-34
  .933987075E-35  .475215367E-35  .240482272E-35  .121031860E-35  .605788904E-36
  .301528696E-36  .149245870E-36  .734552402E-37  .359476356E-37  .174914213E-37
  .846188405E-38  .406982802E-38  .194595018E-38  .924939954E-39  .437019538E-39
  .205245110E-39  .958094676E-40  .444515086E-40  .204967831E-40  .939257158E-41
  .427721654E-41  .193550374E-41  .870283611E-42  .388811759E-42  .172586721E-42
  .761100825E-43  .333442595E-43  .145117936E-43  .627363307E-44  .269396429E-44
  .114898870E-44  .486706560E-45  .204749232E-45  .855375763E-46  .354851719E-46
  .146173197E-46  .597853513E-47  .242774565E-47  .978741249E-48  .391709098E-48
  .155619864E-48  .613686191E-49  .240204841E-49  .933136489E-50  .359757885E-50
  .137641916E-50  .522564177E-51  .196856688E-51  .735792225E-52  .272852126E-52
  .100378117E-52  .366321579E-53  .132607994E-53  .476137519E-54  .169559503E-54
  .598839161E-55  .209733427E-55  .728392315E-56  .250826779E-56  .856374366E-57
  .289870995E-57  .972673530E-58  .323534290E-58  .106667919E-58  .348559380E-59
  .112880282E-59  .000000000E+00  .000000000E+00  .000000000E+00  .000000000E+00
  .000000000E+00  .000000000E+00  .000000000E+00  .000000000E+00  .000000000E+00
  .000000000E+00  .000000000E+00  .000000000E+00  .000000000E+00  .000000000E+00
  .000000000E+00  .000000000E+00  .000000000E+00  .000000000E+00  .000000000E+00
  .000000000E+00  .000000000E+00  .000000000E+00  .000000000E+00  .000000000E+00
  .000000000E+00  .000000000E+00  .000000000E+00  .000000000E+00  .000000000E+00
  .000000000E+00  .000000000E+00  .000000000E+00  .000000000E+00  .000000000E+00
  .000000000E+00  .000000000E+00  .000000000E+00  .000000000E+00  .000000000E+00
  .000000000E+00  .000000000E+00  .000000000E+00  .000000000E+00  .000000000E+00
  .000000000E+00  .000000000E+00  .000000000E+00  .000000000E+00  .000000000E+00
  .000000000E+00  .000000000E+00  .000000000E+00  .000000000E+00  .000000000E+00
  .000000000E+00  .000000000E+00  .000000000E+00  .000000000E+00  .000000000E+00
  .000000000E+00  .000000000E+00  .000000000E+00  .000000000E+00  .000000000E+00
  .000000000E+00  .000000000E+00  .000000000E+00  .000000000E+00  .000000000E+00
  .000000000E+00  .000000000E+00  .000000000E+00  .000000000E+00  .000000000E+00
  .000000000E+00  .000000000E+00  .000000000E+00  .000000000E+00  .000000000E+00
  .000000000E+00  .000000000E+00  .000000000E+00  .000000000E+00  .000000000E+00
  .000000000E+00  .000000000E+00  .000000000E+00  .000000000E+00  .000000000E+00
  .000000000E+00  .000000000E+00  .000000000E+00  .000000000E+00  .000000000E+00
  .000000000E+00  .000000000E+00  .000000000E+00  .000000000E+00  .000000000E+00
  .000000000E+00  .000000000E+00  .000000000E+00  .000000000E+00  .000000000E+00
  .000000000E+00  .000000000E+00  .000000000E+00  .000000000E+00  .000000000E+00
  .000000000E+00  .000000000E+00  .000000000E+00  .000000000E+00  .000000000E+00
  .000000000E+00  .000000000E+00  .000000000E+00  .000000000E+00  .000000000E+00
  .000000000E+00  .000000000E+00  .000000000E+00  .000000000E+00  .000000000E+00
  .000000000E+00  .000000000E+00  .000000000E+00  .000000000E+00  .000000000E+00
  .000000000E+00  .000000000E+00  .000000000E+00  .000000000E+00  .000000000E+00
  .000000000E+00  .000000000E+00  .000000000E+00  .000000000E+00  .000000000E+00
  .000000000E+00  .000000000E+00  .000000000E+00  .000000000E+00  .000000000E+00
