Hg: 10s 2d fine mesh  91                
  .458132662E+00  .464047305E+00  .470037624E+00  .476104574E+00  .482249122E+00
  .488472245E+00  .494774935E+00  .501158194E+00  .507623035E+00  .514170488E+00
  .520801592E+00  .527517399E+00  .534318976E+00  .541207400E+00  .548183764E+00
  .555249174E+00  .562404747E+00  .569651617E+00  .576990930E+00  .584423847E+00
  .591951541E+00  .599575203E+00  .607296035E+00  .615115255E+00  .623034097E+00
  .631053808E+00  .639175652E+00  .647400908E+00  .655730868E+00  .664166844E+00
  .672710160E+00  .681362159E+00  .690124199E+00  .698997654E+00  .707983916E+00
  .717084392E+00  .726300507E+00  .735633705E+00  .745085444E+00  .754657201E+00
  .764350473E+00  .774166772E+00  .784107630E+00  .794174596E+00  .804369238E+00
  .814693145E+00  .825147923E+00  .835735197E+00  .846456612E+00  .857313833E+00
  .868308546E+00  .879442454E+00  .890717284E+00  .902134782E+00  .913696713E+00
  .925404866E+00  .937261051E+00  .949267097E+00  .961424858E+00  .973736207E+00
  .986203042E+00  .998827283E+00  .101161087E+01  .102455577E+01  .103766397E+01
  .105093748E+01  .106437834E+01  .107798861E+01  .109177036E+01  .110572572E+01
  .111985681E+01  .113416579E+01  .114865485E+01  .116332619E+01  .117818206E+01
  .119322470E+01  .120845641E+01  .122387950E+01  .123949633E+01  .125530924E+01
  .127132065E+01  .128753297E+01  .130394866E+01  .132057020E+01  .133740010E+01
  .135444090E+01  .137169516E+01  .138916549E+01  .140685452E+01  .142476490E+01
  .144289932E+01  .146126050E+01  .147985119E+01  .149867418E+01  .151773229E+01
  .153702835E+01  .155656525E+01  .157634590E+01  .159637325E+01  .161665028E+01
  .163718000E+01  .165796546E+01  .167900974E+01  .170031596E+01  .172188727E+01
  .174372686E+01  .176583796E+01  .178822382E+01  .181088775E+01  .183383308E+01
  .185706317E+01  .188058145E+01  .190439136E+01  .192849638E+01  .195290005E+01
  .197760592E+01  .200261761E+01  .202793875E+01  .205357303E+01  .207952419E+01
  .210579598E+01  .213239221E+01  .215931674E+01  .218657347E+01  .221416632E+01
  .224209928E+01  .227037636E+01  .229900165E+01  .232797925E+01  .235731331E+01
  .238700803E+01  .241706768E+01  .244749653E+01  .247829893E+01  .250947927E+01
  .254104198E+01  .257299154E+01  .260533248E+01  .263806938E+01  .267120687E+01
  .270474963E+01  .273870238E+01  .277306990E+01  .280785702E+01  .284306861E+01
  .287870961E+01  .291478501E+01  .295129982E+01  .298825916E+01  .302566814E+01
  .306353198E+01  .310185592E+01  .314064526E+01  .317990536E+01  .321964163E+01
  .325985956E+01  .330056466E+01  .334176251E+01  .338345876E+01  .342565911E+01
  .346836932E+01  .351159519E+01  .355534260E+01  .359961749E+01  .364442586E+01
  .368977374E+01  .373566727E+01  .378211261E+01  .382911600E+01  .387668375E+01
  .392482221E+01  .397353781E+01  .402283704E+01  .407272646E+01  .412321267E+01
  .417430236E+01  .422600228E+01  .427831924E+01  .433126011E+01  .438483185E+01
  .443904145E+01  .449389601E+01  .454940267E+01  .460556863E+01  .466240119E+01
  .471990769E+01  .477809555E+01  .483697227E+01  .489654541E+01  .495682258E+01
  .501781151E+01  .507951994E+01  .514195574E+01  .520512682E+01  .526904116E+01
  .533370682E+01  .539913194E+01  .546532472E+01  .553229344E+01  .560004645E+01
  .566859219E+01  .573793916E+01  .580809592E+01  .587907114E+01  .595087354E+01
  .602351192E+01  .609699517E+01  .617133224E+01  .624653215E+01  .632260402E+01
  .639955703E+01  .647740045E+01  .655614361E+01  .663579593E+01  .671636691E+01
  .679786611E+01  .688030319E+01  .696368788E+01  .704802998E+01  .713333937E+01
  .721962603E+01  .730689999E+01  .739517138E+01  .748445039E+01  .757474730E+01
  .766607248E+01  .775843635E+01  .785184943E+01  .794632231E+01  .804186568E+01
  .813849027E+01  .823620692E+01  .833502654E+01  .843496012E+01  .853601871E+01
  .863821346E+01  .874155560E+01  .884605642E+01  .895172730E+01  .905857969E+01
  .916662512E+01  .927587521E+01  .938634163E+01  .949803614E+01  .961097058E+01
  .972515686E+01  .984060697E+01  .995733296E+01  .100753470E+02  .101946612E+02
  .103152880E+02  .104372396E+02  .105605285E+02  .106851671E+02  .108111681E+02
  .109385441E+02  .110673078E+02  .111974719E+02  .113290493E+02  .114620529E+02
  .115964957E+02  .117323907E+02  .118697510E+02  .120085898E+02  .121489203E+02
  .122907557E+02  .124341095E+02  .125789950E+02  .127254256E+02  .128734150E+02
  .130229767E+02  .131741242E+02  .133268713E+02  .134812317E+02  .136372192E+02
  .137948475E+02  .139541306E+02  .141150824E+02  .142777168E+02  .144420478E+02
  .146080895E+02  .147758559E+02  .149453611E+02  .151166193E+02  .152896445E+02
  .154644512E+02  .156410533E+02  .158194653E+02  .159997013E+02  .161817757E+02
  .163657028E+02  .165514969E+02  .167391723E+02  .169287433E+02  .171202244E+02
  .173136299E+02  .175089741E+02  .177062714E+02  .179055362E+02  .181067828E+02
  .183100255E+02  .185152786E+02  .187225565E+02  .189318735E+02  .191432437E+02
  .193566815E+02  .195722010E+02  .197898165E+02  .200095419E+02  .202313915E+02
  .204553793E+02  .206815192E+02  .209098252E+02  .211403111E+02  .213729909E+02
  .216078781E+02  .218449866E+02  .220843299E+02  .223259215E+02  .225697748E+02
  .228159033E+02  .230643201E+02  .233150384E+02  .235680712E+02  .238234315E+02
  .240811321E+02  .243411856E+02  .246036047E+02  .248684017E+02  .251355890E+02
  .254051787E+02  .256771829E+02  .259516132E+02  .262284815E+02  .265077992E+02
  .267895776E+02  .270738280E+02  .273605613E+02  .276497881E+02  .279415192E+02
  .282357648E+02  .285325351E+02  .288318400E+02  .291336892E+02  .294380921E+02
  .297450578E+02  .300545955E+02  .303667137E+02  .306814208E+02  .309987250E+02
  .313186340E+02  .316411556E+02  .319662969E+02  .322940648E+02  .326244660E+02
  .329575067E+02  .332931930E+02  .336315303E+02  .339725241E+02  .343161790E+02
  .346624998E+02  .350114904E+02  .353631546E+02  .357174958E+02  .360745168E+02
  .364342202E+02  .367966081E+02  .371616820E+02  .375294431E+02  .378998922E+02
  .382730294E+02  .386488546E+02  .390273669E+02  .394085651E+02  .397924476E+02
  .401790118E+02  .405682551E+02  .409601741E+02  .413547648E+02  .417520227E+02
  .421519428E+02  .425545193E+02  .429597459E+02  .433676157E+02  .437781213E+02
  .441912544E+02  .446070061E+02  .450253671E+02  .454463271E+02  .458698753E+02
  .462960001E+02  .467246892E+02  .471559297E+02  .475897078E+02  .480260090E+02
  .484648182E+02  .489061192E+02  .493498953E+02  .497961290E+02  .502448018E+02
  .506958944E+02  .511493869E+02  .516052583E+02  .520634869E+02  .525240501E+02
  .529869243E+02  .534520851E+02  .539195073E+02  .543891645E+02  .548610297E+02
  .553350747E+02  .558112706E+02  .562895872E+02  .567699937E+02  .572524579E+02
  .577369470E+02  .582234270E+02  .587118628E+02  .592022184E+02  .596944568E+02
  .601885398E+02  .606844283E+02  .611820819E+02  .616814593E+02  .621825181E+02
  .626852148E+02  .631895047E+02  .636953420E+02  .642026798E+02  .647114702E+02
  .652216639E+02  .657332106E+02  .662460589E+02  .667601560E+02  .672754482E+02
  .677918805E+02  .683093967E+02  .688279394E+02  .693474500E+02  .698678688E+02
  .703891349E+02  .709111859E+02  .714339586E+02  .719573884E+02  .724814094E+02
  .730059545E+02  .735309557E+02  .740563433E+02  .745820467E+02  .751079940E+02
  .756341121E+02  .761603267E+02  .766865621E+02  .772127417E+02  .777387875E+02
  .782646203E+02  .787901598E+02  .793153245E+02  .798400317E+02  .803641974E+02
  .808877367E+02  .814105633E+02  .819325898E+02  .824537279E+02  .829738879E+02
  .834929791E+02  .840109097E+02  .845275870E+02  .850429168E+02  .855568043E+02
  .860691536E+02  .865798674E+02  .870888480E+02  .875959964E+02  .881012126E+02
  .886043959E+02  .891054446E+02  .896042560E+02  .901007269E+02  .905947530E+02
  .910862292E+02  .915750500E+02  .920611087E+02  .925442983E+02  .930245110E+02
  .935016384E+02  .939755714E+02  .944462007E+02  .949134161E+02  .953771072E+02
  .958371631E+02  .962934727E+02  .967459242E+02  .971944060E+02  .976388059E+02
  .980790116E+02  .985149109E+02  .989463914E+02  .993733404E+02  .997956458E+02
  .100213195E+03  .100625876E+03  .101033577E+03  .101436186E+03  .101833593E+03
  .102225685E+03  .102612353E+03  .102993487E+03  .103368977E+03  .103738715E+03
  .104102593E+03  .104460505E+03  .104812343E+03  .105158004E+03  .105497383E+03
  .105830377E+03  .106156884E+03  .106476804E+03  .106790039E+03  .107096490E+03
  .107396063E+03  .107688661E+03  .107974194E+03  .108252570E+03  .108523701E+03
  .108787500E+03  .109043882E+03  .109292764E+03  .109534068E+03  .109767714E+03
  .109993628E+03  .110211737E+03  .110421971E+03  .110624264E+03  .110818550E+03
  .111004768E+03  .111182861E+03  .111352773E+03  .111514452E+03  .111667852E+03
  .111812925E+03  .111949633E+03  .112077936E+03  .112197802E+03  .112309201E+03
  .112412107E+03  .112506499E+03  .112592359E+03  .112669675E+03  .112738438E+03
  .112798644E+03  .112850294E+03  .112893393E+03  .112927951E+03  .112953984E+03
  .112971512E+03  .112980560E+03  .112981159E+03  .112973345E+03  .112957158E+03
  .112932646E+03  .112899861E+03  .112858861E+03  .112809709E+03  .112752476E+03
  .112687236E+03  .112614071E+03  .112533068E+03  .112444321E+03  .112347928E+03
  .112243997E+03  .112132639E+03  .112013973E+03  .111888122E+03  .111755219E+03
  .111615402E+03  .111468813E+03  .111315603E+03  .111155931E+03  .110989959E+03
  .110817857E+03  .110639803E+03  .110455979E+03  .110266577E+03  .110071791E+03
  .109871826E+03  .109666890E+03  .109457200E+03  .109242979E+03  .109024455E+03
  .108801863E+03  .108575446E+03  .108345451E+03  .108112131E+03  .107875748E+03
  .107636568E+03  .107394861E+03  .107150907E+03  .106904989E+03  .106657396E+03
  .106408423E+03  .106158370E+03  .105907541E+03  .105656247E+03  .105404804E+03
  .105153529E+03  .104902749E+03  .104652792E+03  .104403989E+03  .104156678E+03
  .103911199E+03  .103667895E+03  .103427115E+03  .103189206E+03  .102954523E+03
  .102723420E+03  .102496255E+03  .102273387E+03  .102055177E+03  .101841986E+03
  .101634179E+03  .101432118E+03  .101236169E+03  .101046694E+03  .100864059E+03
  .100688627E+03  .100520759E+03  .100360816E+03  .100209158E+03  .100066140E+03
  .999321180E+02  .998074422E+02  .996924606E+02  .995875173E+02  .994929521E+02
  .994091000E+02  .993362913E+02  .992748504E+02  .992250960E+02  .991873402E+02
  .991618884E+02  .991490385E+02  .991490810E+02  .991622978E+02  .991889622E+02
  .992293384E+02  .992836810E+02  .993522344E+02  .994352331E+02  .995328991E+02
  .996454443E+02  .997730682E+02  .999159581E+02  .100074288E+03  .100248219E+03
  .100437899E+03  .100643461E+03  .100865022E+03  .101102687E+03  .101356544E+03
  .101626664E+03  .101913104E+03  .102215903E+03  .102535083E+03  .102870649E+03
  .103222588E+03  .103590869E+03  .103975444E+03  .104376243E+03  .104793180E+03
  .105226148E+03  .105675021E+03  .106139655E+03  .106619883E+03  .107115520E+03
  .107626359E+03  .108152174E+03  .108692718E+03  .109247722E+03  .109816898E+03
  .110399936E+03  .110996506E+03  .111606256E+03  .112228814E+03  .112863787E+03
  .113510761E+03  .114169302E+03  .114838955E+03  .115519244E+03  .116209676E+03
  .116909735E+03  .117618887E+03  .118336579E+03  .119062237E+03  .119795272E+03
  .120535075E+03  .121281019E+03  .122032461E+03  .122788742E+03  .123549185E+03
  .124313099E+03  .125079779E+03  .125848505E+03  .126618542E+03  .127389147E+03
  .128159560E+03  .128929014E+03  .129696729E+03  .130461918E+03  .131223785E+03
  .131981526E+03  .132734331E+03  .133481384E+03  .134221867E+03  .134954956E+03
  .135679826E+03  .136395653E+03  .137101609E+03  .137796872E+03  .138480619E+03
  .139152033E+03  .139810301E+03  .140454617E+03  .141084184E+03  .141698211E+03
  .142295920E+03  .142876544E+03  .143439328E+03  .143983534E+03  .144508437E+03
  .145013331E+03  .145497528E+03  .145960360E+03  .146401181E+03  .146819366E+03
  .147214317E+03  .147585458E+03  .147932242E+03  .148254150E+03  .148550692E+03
  .148821408E+03  .149065870E+03  .149283686E+03  .149474494E+03  .149637971E+03
  .149773828E+03  .149881816E+03  .149961724E+03  .150013379E+03  .150036651E+03
  .150031451E+03  .149997732E+03  .149935490E+03  .149844766E+03  .149725644E+03
  .149578254E+03  .149402771E+03  .149199418E+03  .148968462E+03  .148710218E+03
  .148425047E+03  .148113357E+03  .147775605E+03  .147412293E+03  .147023969E+03
  .146611229E+03  .146174716E+03  .145715116E+03  .145233163E+03  .144729633E+03
  .144205349E+03  .143661173E+03  .143098011E+03  .142516811E+03  .141918559E+03
  .141304280E+03  .140675037E+03  .140031927E+03  .139376082E+03  .138708667E+03
  .138030877E+03  .137343935E+03  .136649093E+03  .135947625E+03  .135240829E+03
  .134530024E+03  .133816546E+03  .133101746E+03  .132386990E+03  .131673651E+03
  .130963114E+03  .130256766E+03  .129555997E+03  .128862196E+03  .128176751E+03
  .127501040E+03  .126836433E+03  .126184288E+03  .125545947E+03  .124922733E+03
  .124315948E+03  .123726867E+03  .123156740E+03  .122606782E+03  .122078177E+03
  .121572071E+03  .121089567E+03  .120631727E+03  .120199565E+03  .119794046E+03
  .119416083E+03  .119066533E+03  .118746195E+03  .118455807E+03  .118196045E+03
  .117967518E+03  .117770767E+03  .117606264E+03  .117474406E+03  .117375517E+03
  .117309845E+03  .117277559E+03  .117278750E+03  .117313425E+03  .117381512E+03
  .117482853E+03  .117617209E+03  .117784252E+03  .117983574E+03  .118214676E+03
  .118476978E+03  .118769811E+03  .119092425E+03  .119443982E+03  .119823562E+03
  .120230162E+03  .120662700E+03  .121120013E+03  .121600859E+03  .122103923E+03
  .122627815E+03  .123171074E+03  .123732173E+03  .124309515E+03  .124901447E+03
  .125506253E+03  .126122162E+03  .126747354E+03  .127379959E+03  .128018065E+03
  .128659719E+03  .129302935E+03  .129945697E+03  .130585964E+03  .131221672E+03
  .131850745E+03  .132471095E+03  .133080631E+03  .133677260E+03  .134258897E+03
  .134823469E+03  .135368917E+03  .135893209E+03  .136394338E+03  .136870332E+03
  .137319260E+03  .137739234E+03  .138128418E+03  .138485031E+03  .138807355E+03
  .139093739E+03  .139342603E+03  .139552444E+03  .139721843E+03  .139849466E+03
  .139934071E+03  .139974513E+03  .139969746E+03  .139918827E+03  .139820922E+03
  .139675307E+03  .139481372E+03  .139238626E+03  .138946695E+03  .138605327E+03
  .138214394E+03  .137773893E+03  .137283947E+03  .136744806E+03  .136156847E+03
  .135520576E+03  .134836626E+03  .134105754E+03  .133328847E+03  .132506913E+03
  .131641085E+03  .130732613E+03  .129782868E+03  .128793335E+03  .127765610E+03
  .126701397E+03  .125602505E+03  .124470841E+03  .123308408E+03  .122117299E+03
  .120899691E+03  .119657840E+03  .118394075E+03  .117110792E+03  .115810447E+03
  .114495550E+03  .113168658E+03  .111832366E+03  .110489303E+03  .109142123E+03
  .107793495E+03  .106446100E+03  .105102620E+03  .103765732E+03  .102438098E+03
  .101122358E+03  .998211240E+02  .985369698E+02  .972724240E+02  .960299636E+02
  .948120044E+02  .936208955E+02  .924589109E+02  .913282434E+02  .902309969E+02
  .891691812E+02  .881447043E+02  .871593680E+02  .862148605E+02  .853127531E+02
  .844544935E+02  .836414027E+02  .828746696E+02  .821553483E+02  .814843536E+02
  .808624595E+02  .802902950E+02  .797683441E+02  .792969419E+02  .788762754E+02
  .785063816E+02  .781871480E+02  .779183122E+02  .776994631E+02  .775300416E+02
  .774093423E+02  .773365153E+02  .773105689E+02  .773303720E+02  .773946581E+02
  .775020296E+02  .776509616E+02  .778398086E+02  .780668101E+02  .783300977E+02
  .786277018E+02  .789575587E+02  .793175175E+02  .797053479E+02  .801187460E+02
  .805553425E+02  .810127090E+02  .814883662E+02  .819797905E+02  .824844231E+02
  .829996766E+02  .835229459E+02  .840516123E+02  .845830560E+02  .851146622E+02
  .856438314E+02  .861679855E+02  .866845779E+02  .871910998E+02  .876850894E+02
  .881641378E+02  .886258975E+02  .890680878E+02  .894885029E+02  .898850157E+02
  .902555861E+02  .905982638E+02  .909111956E+02  .911926280E+02  .914409132E+02
  .916545116E+02  .918319968E+02  .919720575E+02  .920735016E+02  .921352578E+02
  .921563785E+02  .921360405E+02  .920735476E+02  .919683299E+02  .918199454E+02
  .916280790E+02  .913925426E+02  .911132731E+02  .907903320E+02  .904239026E+02
  .900142880E+02  .895619085E+02  .890672981E+02  .885311017E+02  .879540705E+02
  .873370589E+02  .866810193E+02  .859869987E+02  .852561323E+02  .844896403E+02
  .836888211E+02  .828550477E+02  .819897602E+02  .810944625E+02  .801707142E+02
  .792201275E+02  .782443584E+02  .772451043E+02  .762240943E+02  .751830875E+02
  .741238630E+02  .730482182E+02  .719579593E+02  .708548994E+02  .697408492E+02
  .686176156E+02  .674869924E+02  .663507595E+02  .652106733E+02  .640684670E+02
  .629258409E+02  .617844633E+02  .606459610E+02  .595119203E+02  .583838797E+02
  .572633299E+02  .561517060E+02  .550503901E+02  .539607028E+02  .528839064E+02
  .518211978E+02  .507737110E+02  .497425109E+02  .487285971E+02  .477328971E+02
  .467562711E+02  .457995061E+02  .448633204E+02  .439483586E+02  .430551969E+02
  .421843398E+02  .413362203E+02  .405112018E+02  .397095811E+02  .389315855E+02
  .381773786E+02  .374470572E+02  .367406573E+02  .360581521E+02  .353994575E+02
  .347644306E+02  .341528758E+02  .335645431E+02  .329991344E+02  .324563024E+02
  .319356565E+02  .314367625E+02  .309591478E+02  .305023020E+02  .300656816E+02
  .296487108E+02  .292507864E+02  .288712785E+02  .285095354E+02  .281648841E+02
  .278366354E+02  .275240844E+02  .272265152E+02  .269432019E+02  .266734121E+02
  .264164092E+02  .261714548E+02  .259378108E+02  .257147423E+02  .255015194E+02
  .252974193E+02  .251017284E+02  .249137444E+02  .247327776E+02  .245581531E+02
  .243892124E+02  .242253143E+02  .240658369E+02  .239101786E+02  .237577589E+02
  .236080201E+02  .234604274E+02  .233144703E+02  .231696629E+02  .230255446E+02
  .228816805E+02  .227376614E+02  .225931048E+02  .224476541E+02  .223009793E+02
  .221527766E+02  .220027682E+02  .218507022E+02  .216963525E+02  .215395176E+02
  .213800211E+02  .212177103E+02  .210524564E+02  .208841530E+02  .207127161E+02
  .205380827E+02  .203602109E+02  .201790777E+02  .199946796E+02  .198070305E+02
  .196161615E+02  .194221197E+02  .192249673E+02  .190247804E+02  .188216484E+02
  .186156727E+02  .184069660E+02  .181956511E+02  .179818601E+02  .177657334E+02
  .175474187E+02  .173270701E+02  .171048477E+02  .168809157E+02  .166554425E+02
  .164285996E+02  .162005605E+02  .159715005E+02  .157415958E+02  .155110224E+02
  .152799562E+02  .150485723E+02  .148170431E+02  .145855390E+02  .143542282E+02
  .141232753E+02  .138928417E+02  .136630842E+02  .134341559E+02  .132062047E+02
  .129793739E+02  .127538012E+02  .125296194E+02  .123069550E+02  .120859293E+02
  .118666572E+02  .116492482E+02  .114338051E+02  .112204250E+02  .110091986E+02
  .108002106E+02  .105935395E+02  .103892578E+02  .101874320E+02  .998812256E+01
  .979138419E+01  .959726599E+01  .940581125E+01  .921705810E+01  .903103907E+01
  .884778186E+01  .866730895E+01  .848963827E+01  .831478293E+01  .814275187E+01
  .797354956E+01  .780717670E+01  .764362983E+01  .748290200E+01  .732498300E+01
  .716985876E+01  .701751311E+01  .686792630E+01  .672107645E+01  .657693893E+01
  .643548717E+01  .629669225E+01  .616052369E+01  .602694899E+01  .589593448E+01
  .576744476E+01  .564144359E+01  .551789334E+01  .539675584E+01  .527799179E+01
  .516156163E+01  .504742494E+01  .493554131E+01  .482586967E+01  .471836920E+01
  .461299864E+01  .450971716E+01  .440848369E+01  .430925773E+01  .421199873E+01
  .411666688E+01  .402322239E+01  .393162637E+01  .384184006E+01  .375382572E+01
  .366754582E+01  .358296389E+01  .350004377E+01  .341875047E+01  .333904931E+01
  .326090680E+01  .318428985E+01  .310916660E+01  .303550554E+01  .296327645E+01
  .289244948E+01  .282299607E+01  .275488800E+01  .268809834E+01  .262260050E+01
  .255836917E+01  .249537934E+01  .243360725E+01  .237302945E+01  .231362368E+01
  .225536795E+01  .219824143E+01  .214222354E+01  .208729482E+01  .203343599E+01
  .198062886E+01  .192885540E+01  .187809861E+01  .182834159E+01  .177956845E+01
  .173176335E+01  .168491139E+01  .163899771E+01  .159400833E+01  .154992924E+01
  .150674732E+01  .146444940E+01  .142302291E+01  .138245557E+01  .134273542E+01
  .130385077E+01  .126579027E+01  .122854275E+01  .119209737E+01  .115644343E+01
  .112157052E+01  .108746832E+01  .105412679E+01  .102153595E+01  .989686036E+00
  .958567351E+00  .928170368E+00  .898485593E+00  .869503685E+00  .841215319E+00
  .813611259E+00  .786682313E+00  .760419327E+00  .734813178E+00  .709854761E+00
  .685534984E+00  .661844756E+00  .638774984E+00  .616316565E+00  .594460377E+00
  .573197281E+00  .552518110E+00  .532413668E+00  .512874728E+00  .493892029E+00
  .475456273E+00  .457558130E+00  .440188229E+00  .423337166E+00  .406995503E+00
  .391153770E+00  .375802468E+00  .360932069E+00  .346533026E+00  .332595771E+00
  .319110725E+00  .306068297E+00  .293458896E+00  .281272932E+00  .269500825E+00
  .258133010E+00  .247159944E+00  .236572114E+00  .226360040E+00  .216514289E+00
  .207025475E+00  .197884269E+00  .189081408E+00  .180607698E+00  .172454025E+00
  .164611360E+00  .157070763E+00  .149823395E+00  .142860521E+00  .136173516E+00
  .129753870E+00  .123593198E+00  .117683242E+00  .112015873E+00  .106583104E+00
  .101377088E+00  .963901229E-01  .916146586E-01  .870432977E-01  .826687998E-01
  .784840845E-01  .744822340E-01  .706564956E-01  .670002838E-01  .635071818E-01
  .601709437E-01  .569854952E-01  .539449351E-01  .510435358E-01  .482757443E-01
  .456361823E-01  .431196469E-01  .407211101E-01  .384357191E-01  .362587960E-01
  .341858368E-01  .322125114E-01  .303346615E-01  .285483000E-01  .268496081E-01
  .252349333E-01  .237007852E-01  .222438316E-01  .208608929E-01  .195489356E-01
  .183050645E-01  .171265141E-01  .160106388E-01  .149549032E-01  .139568707E-01
  .130141935E-01  .121246025E-01  .112858975E-01  .104959396E-01  .975264402E-02
  .905397474E-02  .839794068E-02  .778259327E-02  .720602526E-02  .666637064E-02
  .616180547E-02  .569054937E-02  .525086736E-02  .484107203E-02  .445952566E-02
  .410464237E-02  .377488998E-02  .346879165E-02  .318492716E-02  .292193388E-02
  .267850737E-02  .245340156E-02  .224542863E-02  .205345861E-02  .187641862E-02
  .171329184E-02  .156311635E-02  .142498369E-02  .129803725E-02  .118147062E-02
  .107452577E-02  .976491124E-03  .886699699E-03  .804527093E-03  .729389530E-03
  .660741889E-03  .598075755E-03  .540917494E-03  .488826376E-03  .441392740E-03
  .398236210E-03  .359003977E-03  .323369139E-03  .291029106E-03  .261704071E-03
  .235135553E-03  .211085004E-03  .189332484E-03  .169675407E-03  .151927348E-03
  .135916918E-03  .121486700E-03  .108492247E-03  .968011387E-04  .862920949E-04
  .768541433E-04  .683858392E-04  .607945362E-04  .539957029E-04  .479122866E-04
  .424741184E-04  .376173600E-04  .332839892E-04  .294213208E-04  .259815631E-04
  .229214058E-04  .202016390E-04  .177868001E-04  .156448484E-04  .137468639E-04
  .120667701E-04  .105810786E-04  .926865400E-05  .811049842E-05  .708955284E-05
  .619051571E-05  .539967647E-05  .470476339E-05  .409480450E-05  .356000050E-05
  .309160965E-05  .268184106E-05  .232376078E-05  .201120258E-05  .173869106E-05
  .150136861E-05  .129493141E-05  .111557019E-05  .959917584E-06  .825000416E-06
  .708196671E-06  .607196787E-06  .519968787E-06  .444728381E-06  .379905130E-06
  .324135314E-06  .276202031E-06  .235065930E-06  .199797366E-06  .169595487E-06
  .143772241E-06  .121716175E-06  .102908700E-06  .868899367E-07  .732648821E-07
  .616916742E-07  .518748540E-07  .435594222E-07  .365256070E-07  .305842658E-07
  .255728478E-07  .213518564E-07  .178017517E-07  .148202456E-07  .123199396E-07
  .102262686E-07  .847571058E-08  .701423280E-08  .579594360E-08  .478192522E-08
  .393922474E-08  .323998300E-08  .266068402E-08  .218150907E-08  .178578186E-08
  .145949266E-08  .119089087E-08  .970136674E-09  .789003833E-09  .640626367E-09
  .519283159E-09  .420215025E-09  .339469653E-09  .273770378E-09  .220405338E-09
  .177133987E-09  .142108402E-09  .113807154E-09  .909798371E-10  .726006171E-10
  .578294105E-10  .459794947E-10  .364905347E-10  .289061624E-10  .228553750E-10
  .180371302E-10  .142076129E-10  .111697319E-10  .876446975E-11  .686377541E-11
  .536473414E-11  .418479524E-11  .325787323E-11  .253116900E-11  .196258321E-11
  .151861578E-11  .117266375E-11  .903644608E-12  .694885325E-12  .533227610E-12
  .408308819E-12  .311985283E-12  .237870828E-12  .180968275E-12  .137375816E-12
  .104053581E-12  .786384526E-13  .592974851E-13  .446121470E-13  .334871041E-13
  .250785081E-13  .187377480E-13  .139674324E-13  .103870225E-13  .770606443E-14
  .570338866E-14  .421098500E-14  .310153279E-14  .227878058E-14  .167014247E-14
  .122101433E-14  .890421264E-15  .647692731E-15  .469929176E-15  .340076607E-15
  .245466979E-15  .176714545E-15  .126883537E-15  .908621083E-16  .648926642E-16
  .462204642E-16  .328314049E-16  .232568873E-16  .164289981E-16  .115733283E-16
  .812986682E-17  .569477712E-17  .397766567E-17  .277030822E-17  .192382743E-17
  .133208583E-17  .919636401E-18  .633005743E-18  .434406499E-18  .297215652E-18
  .202732413E-18  .137860616E-18  .934570421E-19  .631579222E-19  .425477627E-19
  .285724666E-19  .191262480E-19  .127617935E-19  .848754881E-20  .562639419E-20
  .371743941E-20  .244800328E-20  .160665575E-20  .105090801E-20  .685055585E-21
  .445035097E-21  .288109824E-21  .185868220E-21  .119487727E-21  .765420808E-22
  .488566470E-22  .310728439E-22  .196906350E-22  .124321756E-22  .782042697E-23
  .490113683E-23  .306008321E-23  .190338483E-23  .117940709E-23  .727999910E-24
  .447626690E-24  .274160045E-24  .167256217E-24  .101633426E-24  .615110589E-25
  .370781652E-25  .222596122E-25  .133087450E-25  .792432857E-26  .469871712E-26
  .277442545E-26  .163128228E-26  .955064542E-27  .556761245E-27  .323163985E-27
  .186758116E-27  .107454190E-27  .615515806E-28  .351003604E-28  .199262169E-28
  .112606463E-28  .633448216E-29  .354692722E-29  .197683623E-29  .109660477E-29
  .605444345E-30  .332679846E-30  .181924126E-30  .990031218E-31  .536148845E-31
  .288923408E-31  .154925815E-31  .826592121E-32  .438801099E-32  .231758435E-32
  .121780311E-32  .636611439E-33  .331062225E-33  .171263380E-33  .881293978E-34
  .451086750E-34  .229648568E-34  .116282160E-34  .585584059E-35  .293273746E-35
  .146064858E-35  .723415121E-36  .356269986E-36  .174462090E-36  .849441163E-37
  .411202726E-37  .197901470E-37  .946873908E-38  .450365334E-38  .212934903E-38
  .100073044E-38  .467471157E-39  .217039565E-39  .100149353E-39  .459262659E-40
  .209293770E-40  .947789535E-41  .426487248E-41  .190685051E-41  .847074190E-42
  .373850554E-42  .163916921E-42  .713963404E-43  .308909714E-43  .132760078E-43
  .566709432E-44  .240263003E-44  .101163351E-44  .423005000E-45  .175642554E-45
  .724188644E-46  .296474257E-46  .120506641E-46  .486293985E-47  .194816511E-47
  .774758596E-48  .305840829E-48  .119836022E-48  .466032735E-49  .179869129E-49
  .688940743E-50  .261857969E-50  .987601797E-51  .369575653E-51  .137215539E-51
  .505422452E-52  .184684177E-52  .669423929E-53  .240680716E-53  .858266350E-54
  .303541051E-54  .106463403E-54  .370299116E-55  .127732560E-55  .437016301E-56
  .148395135E-56  .501977131E-57  .169845027E-57  .590917657E-58  .221769099E-58
  .104223864E-58  .784840420E-59  .000000000E+00  .000000000E+00  .000000000E+00
  .000000000E+00  .000000000E+00  .000000000E+00  .000000000E+00  .000000000E+00
  .000000000E+00  .000000000E+00  .000000000E+00  .000000000E+00  .000000000E+00
  .000000000E+00  .000000000E+00  .000000000E+00  .000000000E+00  .000000000E+00
  .000000000E+00  .000000000E+00  .000000000E+00  .000000000E+00  .000000000E+00
  .000000000E+00  .000000000E+00  .000000000E+00  .000000000E+00  .000000000E+00
  .000000000E+00  .000000000E+00  .000000000E+00  .000000000E+00  .000000000E+00
  .000000000E+00  .000000000E+00  .000000000E+00  .000000000E+00  .000000000E+00
  .000000000E+00  .000000000E+00  .000000000E+00  .000000000E+00  .000000000E+00
  .000000000E+00  .000000000E+00  .000000000E+00  .000000000E+00  .000000000E+00
  .000000000E+00  .000000000E+00  .000000000E+00  .000000000E+00  .000000000E+00
  .000000000E+00  .000000000E+00  .000000000E+00  .000000000E+00  .000000000E+00
  .000000000E+00  .000000000E+00  .000000000E+00  .000000000E+00  .000000000E+00
  .000000000E+00  .000000000E+00  .000000000E+00  .000000000E+00  .000000000E+00
  .000000000E+00  .000000000E+00  .000000000E+00  .000000000E+00  .000000000E+00
  .000000000E+00  .000000000E+00  .000000000E+00  .000000000E+00  .000000000E+00
  .000000000E+00  .000000000E+00  .000000000E+00  .000000000E+00  .000000000E+00
  .000000000E+00  .000000000E+00  .000000000E+00  .000000000E+00  .000000000E+00
  .000000000E+00  .000000000E+00  .000000000E+00  .000000000E+00  .000000000E+00
  .000000000E+00  .000000000E+00  .000000000E+00  .000000000E+00  .000000000E+00
  .000000000E+00  .000000000E+00  .000000000E+00  .000000000E+00  .000000000E+00
  .000000000E+00  .000000000E+00  .000000000E+00  .000000000E+00  .000000000E+00
  .000000000E+00  .000000000E+00  .000000000E+00  .000000000E+00  .000000000E+00
  .000000000E+00  .000000000E+00  .000000000E+00  .000000000E+00  .000000000E+00
  .000000000E+00  .000000000E+00  .000000000E+00  .000000000E+00  .000000000E+00
  .000000000E+00  .000000000E+00  .000000000E+00  .000000000E+00  .000000000E+00
  .000000000E+00  .000000000E+00  .000000000E+00  .000000000E+00  .000000000E+00
  .000000000E+00  .000000000E+00  .000000000E+00  .000000000E+00  .000000000E+00
  .000000000E+00  .000000000E+00  .000000000E+00  .000000000E+00  .000000000E+00
  .000000000E+00  .000000000E+00  .000000000E+00  .000000000E+00  .000000000E+00
  .000000000E+00  .000000000E+00  .000000000E+00  .000000000E+00  .000000000E+00
  .000000000E+00  .000000000E+00  .000000000E+00  .000000000E+00  .000000000E+00
  .000000000E+00  .000000000E+00  .000000000E+00  .000000000E+00  .000000000E+00
  .000000000E+00  .000000000E+00  .000000000E+00  .000000000E+00  .000000000E+00
  .000000000E+00  .000000000E+00  .000000000E+00  .000000000E+00  .000000000E+00
  .000000000E+00  .000000000E+00  .000000000E+00  .000000000E+00  .000000000E+00
  .000000000E+00  .000000000E+00  .000000000E+00  .000000000E+00  .000000000E+00
  .000000000E+00  .000000000E+00  .000000000E+00  .000000000E+00  .000000000E+00
  .000000000E+00  .000000000E+00  .000000000E+00  .000000000E+00  .000000000E+00
  .000000000E+00  .000000000E+00  .000000000E+00  .000000000E+00  .000000000E+00
  .000000000E+00  .000000000E+00  .000000000E+00  .000000000E+00  .000000000E+00
  .000000000E+00  .000000000E+00  .000000000E+00  .000000000E+00  .000000000E+00
  .000000000E+00  .000000000E+00  .000000000E+00  .000000000E+00  .000000000E+00
  .000000000E+00  .000000000E+00  .000000000E+00  .000000000E+00  .000000000E+00
  .000000000E+00  .000000000E+00  .000000000E+00  .000000000E+00  .000000000E+00
  .000000000E+00  .000000000E+00  .000000000E+00  .000000000E+00  .000000000E+00
  .000000000E+00  .000000000E+00  .000000000E+00  .000000000E+00  .000000000E+00
  .000000000E+00  .000000000E+00  .000000000E+00  .000000000E+00  .000000000E+00
  .000000000E+00  .000000000E+00  .000000000E+00  .000000000E+00  .000000000E+00
  .000000000E+00  .000000000E+00  .000000000E+00  .000000000E+00  .000000000E+00
  .000000000E+00  .000000000E+00  .000000000E+00  .000000000E+00  .000000000E+00
  .000000000E+00  .000000000E+00  .000000000E+00  .000000000E+00  .000000000E+00
  .000000000E+00  .000000000E+00  .000000000E+00  .000000000E+00  .000000000E+00
  .000000000E+00  .000000000E+00  .000000000E+00  .000000000E+00  .000000000E+00
  .000000000E+00  .000000000E+00  .000000000E+00  .000000000E+00  .000000000E+00
  .000000000E+00  .000000000E+00  .000000000E+00  .000000000E+00  .000000000E+00
  .000000000E+00  .000000000E+00  .000000000E+00  .000000000E+00  .000000000E+00
  .000000000E+00  .000000000E+00  .000000000E+00  .000000000E+00  .000000000E+00
  .000000000E+00  .000000000E+00  .000000000E+00  .000000000E+00  .000000000E+00
  .000000000E+00  .000000000E+00  .000000000E+00  .000000000E+00  .000000000E+00
  .000000000E+00  .000000000E+00  .000000000E+00  .000000000E+00  .000000000E+00
