  PAW Te                                 
 100
Core Pot   L  =         .00000  -1.12573
  -.20000000E+01  .73695132E+00
  -.19600000E+01  .70372579E+00
  -.19200000E+01  .66913356E+00
  -.18800000E+01  .63305222E+00
  -.18400000E+01  .59534376E+00
  -.18000000E+01  .55585195E+00
  -.17600000E+01  .51439928E+00
  -.17200000E+01  .47078319E+00
  -.16800000E+01  .42477139E+00
  -.16400000E+01  .37609630E+00
  -.16000000E+01  .32444796E+00
  -.15600000E+01  .26946532E+00
  -.15200000E+01  .21072525E+00
  -.14800000E+01  .14772850E+00
  -.14400000E+01  .79881805E-01
  -.14000000E+01  .64745973E-02
  -.13600000E+01 -.73351530E-01
  -.13200000E+01 -.16064345E+00
  -.12800000E+01 -.25669125E+00
  -.12400000E+01 -.36310335E+00
  -.12000000E+01 -.48191118E+00
  -.11600000E+01 -.61571812E+00
  -.11200000E+01 -.76791618E+00
  -.10800000E+01 -.94300920E+00
  -.10400000E+01 -.11471093E+01
  -.10000000E+01 -.13887251E+01
  -.96000000E+00 -.16800646E+01
  -.92000000E+00 -.20392909E+01
  -.88000000E+00 -.24946585E+01
  -.84000000E+00 -.30926521E+01
  -.80000000E+00 -.39155195E+01
  -.76000000E+00 -.51238557E+01
  -.72000000E+00 -.70790564E+01
  -.68000000E+00 -.10799878E+02
  -.64000000E+00 -.20703579E+02
  -.60000000E+00 -.12996852E+03
  -.56000000E+00  .33573557E+02
  -.52000000E+00  .15480736E+02
  -.48000000E+00  .10296604E+02
  -.44000000E+00  .78325184E+01
  -.40000000E+00  .63887120E+01
  -.36000000E+00  .54374806E+01
  -.32000000E+00  .47614904E+01
  -.28000000E+00  .42548461E+01
  -.24000000E+00  .38597806E+01
  -.20000000E+00  .35421021E+01
  -.16000000E+00  .32802804E+01
  -.12000000E+00  .30600823E+01
  -.80000000E-01  .28717213E+01
  -.40000000E-01  .27082468E+01
   .12351231E-14  .25645859E+01
   .40000000E-01  .24369489E+01
   .80000000E-01  .23224480E+01
   .12000000E+00  .22188436E+01
   .16000000E+00  .21243718E+01
   .20000000E+00  .20376246E+01
   .24000000E+00  .19574639E+01
   .28000000E+00  .18829599E+01
   .32000000E+00  .18133454E+01
   .36000000E+00  .17479813E+01
   .40000000E+00  .16863313E+01
   .44000000E+00  .16279412E+01
   .48000000E+00  .15724243E+01
   .52000000E+00  .15194489E+01
   .56000000E+00  .14687287E+01
   .60000000E+00  .14200151E+01
   .64000000E+00  .13730915E+01
   .68000000E+00  .13277675E+01
   .72000000E+00  .12838756E+01
   .76000000E+00  .12412675E+01
   .80000000E+00  .11998111E+01
   .84000000E+00  .11593885E+01
   .88000000E+00  .11198941E+01
   .92000000E+00  .10812326E+01
   .96000000E+00  .10433180E+01
   .10000000E+01  .10060723E+01
   .10400000E+01  .96942421E+00
   .10800000E+01  .93330879E+00
   .11200000E+01  .89766637E+00
   .11600000E+01  .86244198E+00
   .12000000E+01  .82758482E+00
   .12400000E+01  .79304777E+00
   .12800000E+01  .75878692E+00
   .13200000E+01  .72476126E+00
   .13600000E+01  .69093227E+00
   .14000000E+01  .65726378E+00
   .14400000E+01  .62372149E+00
   .14800000E+01  .59027291E+00
   .15200000E+01  .55688709E+00
   .15600000E+01  .52353442E+00
   .16000000E+01  .49018649E+00
   .16400000E+01  .45681594E+00
   .16800000E+01  .42339627E+00
   .17200000E+01  .38990177E+00
   .17600000E+01  .35630740E+00
   .18000000E+01  .32258856E+00
   .18400000E+01  .28872117E+00
   .18800000E+01  .25468149E+00
   .19200000E+01  .22044600E+00
   .19600000E+01  .18599132E+00
   .20000000E+01  .15129417E+00
Potential  L  =         .00000  -1.12573
  -.20000000E+01  .84059780E+00
  -.19600000E+01  .81135639E+00
  -.19200000E+01  .78089442E+00
  -.18800000E+01  .74908396E+00
  -.18400000E+01  .71577724E+00
  -.18000000E+01  .68080258E+00
  -.17600000E+01  .64395930E+00
  -.17200000E+01  .60501123E+00
  -.16800000E+01  .56367849E+00
  -.16400000E+01  .51962668E+00
  -.16000000E+01  .47245279E+00
  -.15600000E+01  .42166706E+00
  -.15200000E+01  .36666715E+00
  -.14800000E+01  .30670449E+00
  -.14400000E+01  .24083650E+00
  -.14000000E+01  .16785925E+00
  -.13600000E+01  .86209399E-01
  -.13200000E+01 -.61803384E-02
  -.12800000E+01 -.11210321E+00
  -.12400000E+01 -.23542816E+00
  -.12000000E+01 -.38167361E+00
  -.11600000E+01 -.55899246E+00
  -.11200000E+01 -.77995867E+00
  -.10800000E+01 -.10650361E+01
  -.10400000E+01 -.14499213E+01
  -.10000000E+01 -.20029627E+01
  -.96000000E+00 -.28735712E+01
  -.92000000E+00 -.44630680E+01
  -.88000000E+00 -.83424825E+01
  -.84000000E+00 -.32959297E+02
  -.80000000E+00  .20805996E+02
  -.76000000E+00  .84823472E+01
  -.72000000E+00  .55237633E+01
  -.68000000E+00  .41852713E+01
  -.64000000E+00  .34164226E+01
  -.60000000E+00  .29133976E+01
  -.56000000E+00  .25557361E+01
  -.52000000E+00  .22861431E+01
  -.48000000E+00  .20738823E+01
  -.44000000E+00  .19009826E+01
  -.40000000E+00  .17562327E+01
  -.36000000E+00  .16322734E+01
  -.32000000E+00  .15240734E+01
  -.28000000E+00  .14280713E+01
  -.24000000E+00  .13416791E+01
  -.20000000E+00  .12629649E+01
  -.16000000E+00  .11904579E+01
  -.12000000E+00  .11230167E+01
  -.80000000E-01  .10597411E+01
  -.40000000E-01  .99990991E+00
   .12351231E-14  .94293735E+00
   .40000000E-01  .88834162E+00
   .80000000E-01  .83572146E+00
   .12000000E+00  .78473882E+00
   .16000000E+00  .73510570E+00
   .20000000E+00  .68657397E+00
   .24000000E+00  .63892757E+00
   .28000000E+00  .59197622E+00
   .32000000E+00  .54555057E+00
   .36000000E+00  .49949815E+00
   .40000000E+00  .45368028E+00
   .44000000E+00  .40796894E+00
   .48000000E+00  .36224514E+00
   .52000000E+00  .31639667E+00
   .56000000E+00  .27031648E+00
   .60000000E+00  .22390134E+00
   .64000000E+00  .17705052E+00
   .68000000E+00  .12966449E+00
   .72000000E+00  .81644426E-01
   .76000000E+00  .32890378E-01
   .80000000E+00 -.16699183E-01
   .84000000E+00 -.67228476E-01
   .88000000E+00 -.11880537E+00
   .92000000E+00 -.17154241E+00
   .96000000E+00 -.22555789E+00
   .10000000E+01 -.28097699E+00
   .10400000E+01 -.33793301E+00
   .10800000E+01 -.39656870E+00
   .11200000E+01 -.45703786E+00
   .11600000E+01 -.51950687E+00
   .12000000E+01 -.58415687E+00
   .12400000E+01 -.65118576E+00
   .12800000E+01 -.72081068E+00
   .13200000E+01 -.79327117E+00
   .13600000E+01 -.86883247E+00
   .14000000E+01 -.94778935E+00
   .14400000E+01 -.10304711E+01
   .14800000E+01 -.11172471E+01
   .15200000E+01 -.12085332E+01
   .15600000E+01 -.13048003E+01
   .16000000E+01 -.14065834E+01
   .16400000E+01 -.15144938E+01
   .16800000E+01 -.16292336E+01
   .17200000E+01 -.17516131E+01
   .17600000E+01 -.18825733E+01
   .18000000E+01 -.20232141E+01
   .18400000E+01 -.21748284E+01
   .18800000E+01 -.23389482E+01
   .19200000E+01 -.25174018E+01
   .19600000E+01 -.27123904E+01
   .20000000E+01 -.29265878E+01
Core Pot   L  =        1.00000   -.44955
  -.20000000E+01  .10514128E+01
  -.19600000E+01  .10312629E+01
  -.19200000E+01  .10107471E+01
  -.18800000E+01  .98984872E+00
  -.18400000E+01  .96855014E+00
  -.18000000E+01  .94683255E+00
  -.17600000E+01  .92467583E+00
  -.17200000E+01  .90205846E+00
  -.16800000E+01  .87895738E+00
  -.16400000E+01  .85534786E+00
  -.16000000E+01  .83120334E+00
  -.15600000E+01  .80649525E+00
  -.15200000E+01  .78119282E+00
  -.14800000E+01  .75526283E+00
  -.14400000E+01  .72866943E+00
  -.14000000E+01  .70137380E+00
  -.13600000E+01  .67333387E+00
  -.13200000E+01  .64450395E+00
  -.12800000E+01  .61483434E+00
  -.12400000E+01  .58427089E+00
  -.12000000E+01  .55275444E+00
  -.11600000E+01  .52022027E+00
  -.11200000E+01  .48659741E+00
  -.10800000E+01  .45180786E+00
  -.10400000E+01  .41576567E+00
  -.10000000E+01  .37837593E+00
  -.96000000E+00  .33953353E+00
  -.92000000E+00  .29912181E+00
  -.88000000E+00  .25701080E+00
  -.84000000E+00  .21305540E+00
  -.80000000E+00  .16709298E+00
  -.76000000E+00  .11894072E+00
  -.72000000E+00  .68392321E-01
  -.68000000E+00  .15214112E-01
  -.64000000E+00 -.40859654E-01
  -.60000000E+00 -.10013252E+00
  -.56000000E+00 -.16295284E+00
  -.52000000E+00 -.22972230E+00
  -.48000000E+00 -.30090668E+00
  -.44000000E+00 -.37704907E+00
  -.40000000E+00 -.45878672E+00
  -.36000000E+00 -.54687235E+00
  -.32000000E+00 -.64220161E+00
  -.28000000E+00 -.74584871E+00
  -.24000000E+00 -.85911336E+00
  -.20000000E+00 -.98358315E+00
  -.16000000E+00 -.11212182E+01
  -.12000000E+00 -.12744669E+01
  -.80000000E-01 -.14464288E+01
  -.40000000E-01 -.16410860E+01
   .12351231E-14 -.18636415E+01
   .40000000E-01 -.21210265E+01
   .80000000E-01 -.24226829E+01
   .12000000E+00 -.27818132E+01
   .16000000E+00 -.32174606E+01
   .20000000E+00 -.37581407E+01
   .24000000E+00 -.44485678E+01
   .28000000E+00 -.53630623E+01
   .32000000E+00 -.66349152E+01
   .36000000E+00 -.85293529E+01
   .40000000E+00 -.11660459E+02
   .44000000E+00 -.17845774E+02
   .48000000E+00 -.35886207E+02
   .52000000E+00 -.93183681E+03
   .56000000E+00  .40819957E+02
   .60000000E+00  .20414823E+02
   .64000000E+00  .13791792E+02
   .68000000E+00  .10506984E+02
   .72000000E+00  .85408095E+01
   .76000000E+00  .72293500E+01
   .80000000E+00  .62903064E+01
   .84000000E+00  .55832566E+01
   .88000000E+00  .50304733E+01
   .92000000E+00  .45854474E+01
   .96000000E+00  .42186448E+01
   .10000000E+01  .39104091E+01
   .10400000E+01  .36471504E+01
   .10800000E+01  .34191723E+01
   .11200000E+01  .32193707E+01
   .11600000E+01  .30424211E+01
   .12000000E+01  .28842545E+01
   .12400000E+01  .27417073E+01
   .12800000E+01  .26122829E+01
   .13200000E+01  .24939844E+01
   .13600000E+01  .23851954E+01
   .14000000E+01  .22845932E+01
   .14400000E+01  .21910851E+01
   .14800000E+01  .21037602E+01
   .15200000E+01  .20218529E+01
   .15600000E+01  .19447152E+01
   .16000000E+01  .18717944E+01
   .16400000E+01  .18026165E+01
   .16800000E+01  .17367722E+01
   .17200000E+01  .16739064E+01
   .17600000E+01  .16137091E+01
   .18000000E+01  .15559088E+01
   .18400000E+01  .15002662E+01
   .18800000E+01  .14465694E+01
   .19200000E+01  .13946304E+01
   .19600000E+01  .13442813E+01
   .20000000E+01  .12953719E+01
Potential  L  =        1.00000   -.44955
  -.20000000E+01  .10762733E+01
  -.19600000E+01  .10567575E+01
  -.19200000E+01  .10368901E+01
  -.18800000E+01  .10166544E+01
  -.18400000E+01  .99603244E+00
  -.18000000E+01  .97500501E+00
  -.17600000E+01  .95355142E+00
  -.17200000E+01  .93164939E+00
  -.16800000E+01  .90927494E+00
  -.16400000E+01  .88640214E+00
  -.16000000E+01  .86300298E+00
  -.15600000E+01  .83904709E+00
  -.15200000E+01  .81450153E+00
  -.14800000E+01  .78933046E+00
  -.14400000E+01  .76349484E+00
  -.14000000E+01  .73695206E+00
  -.13600000E+01  .70965548E+00
  -.13200000E+01  .68155396E+00
  -.12800000E+01  .65259133E+00
  -.12400000E+01  .62270566E+00
  -.12000000E+01  .59182856E+00
  -.11600000E+01  .55988429E+00
  -.11200000E+01  .52678872E+00
  -.10800000E+01  .49244814E+00
  -.10400000E+01  .45675782E+00
  -.10000000E+01  .41960024E+00
  -.96000000E+00  .38084343E+00
  -.92000000E+00  .34033807E+00
  -.88000000E+00  .29791496E+00
  -.84000000E+00  .25338148E+00
  -.80000000E+00  .20651714E+00
  -.76000000E+00  .15706873E+00
  -.72000000E+00  .10474367E+00
  -.68000000E+00  .49202074E-01
  -.64000000E+00 -.99532358E-02
  -.60000000E+00 -.73189381E-01
  -.56000000E+00 -.14105961E+00
  -.52000000E+00 -.21422417E+00
  -.48000000E+00 -.29347756E+00
  -.44000000E+00 -.37978457E+00
  -.40000000E+00 -.47432861E+00
  -.36000000E+00 -.57857748E+00
  -.32000000E+00 -.69437438E+00
  -.28000000E+00 -.82406632E+00
  -.24000000E+00 -.97068907E+00
  -.20000000E+00 -.11382401E+01
  -.16000000E+00 -.13320926E+01
  -.12000000E+00 -.15596431E+01
  -.80000000E-01 -.18313635E+01
  -.40000000E-01 -.21625856E+01
   .12351231E-14 -.25766915E+01
   .40000000E-01 -.31111963E+01
   .80000000E-01 -.38303294E+01
   .12000000E+00 -.48539661E+01
   .16000000E+00 -.64345550E+01
   .20000000E+00 -.92104309E+01
   .24000000E+00 -.15399194E+02
   .28000000E+00 -.41600220E+02
   .32000000E+00  .68849122E+02
   .36000000E+00  .19573982E+02
   .40000000E+00  .11635480E+02
   .44000000E+00  .83790426E+01
   .48000000E+00  .65999978E+01
   .52000000E+00  .54749004E+01
   .56000000E+00  .46963078E+01
   .60000000E+00  .41233377E+01
   .64000000E+00  .36823261E+01
   .68000000E+00  .33310090E+01
   .72000000E+00  .30434016E+01
   .76000000E+00  .28026478E+01
   .80000000E+00  .25973342E+01
   .84000000E+00  .24194565E+01
   .88000000E+00  .22632344E+01
   .92000000E+00  .21243884E+01
   .96000000E+00  .19996821E+01
   .10000000E+01  .18866218E+01
   .10400000E+01  .17832542E+01
   .10800000E+01  .16880274E+01
   .11200000E+01  .15996920E+01
   .11600000E+01  .15172302E+01
   .12000000E+01  .14398044E+01
   .12400000E+01  .13667181E+01
   .12800000E+01  .12973874E+01
   .13200000E+01  .12313166E+01
   .13600000E+01  .11680860E+01
   .14000000E+01  .11073327E+01
   .14400000E+01  .10487440E+01
   .14800000E+01  .99204701E+00
   .15200000E+01  .93700257E+00
   .15600000E+01  .88339974E+00
   .16000000E+01  .83105120E+00
   .16400000E+01  .77978959E+00
   .16800000E+01  .72946448E+00
   .17200000E+01  .67993978E+00
   .17600000E+01  .63109164E+00
   .18000000E+01  .58280662E+00
   .18400000E+01  .53498014E+00
   .18800000E+01  .48751534E+00
   .19200000E+01  .44032137E+00
   .19600000E+01  .39331318E+00
   .20000000E+01  .34641014E+00
Core Pot   L  =        2.00000   -.50000
  -.20000000E+01  .14141947E+01
  -.19600000E+01  .13989216E+01
  -.19200000E+01  .13836105E+01
  -.18800000E+01  .13682495E+01
  -.18400000E+01  .13528282E+01
  -.18000000E+01  .13373367E+01
  -.17600000E+01  .13217661E+01
  -.17200000E+01  .13061078E+01
  -.16800000E+01  .12903539E+01
  -.16400000E+01  .12744967E+01
  -.16000000E+01  .12585290E+01
  -.15600000E+01  .12424437E+01
  -.15200000E+01  .12262339E+01
  -.14800000E+01  .12098929E+01
  -.14400000E+01  .11934141E+01
  -.14000000E+01  .11767907E+01
  -.13600000E+01  .11600164E+01
  -.13200000E+01  .11430843E+01
  -.12800000E+01  .11259880E+01
  -.12400000E+01  .11087207E+01
  -.12000000E+01  .10912755E+01
  -.11600000E+01  .10736456E+01
  -.11200000E+01  .10558238E+01
  -.10800000E+01  .10378028E+01
  -.10400000E+01  .10195753E+01
  -.10000000E+01  .10011335E+01
  -.96000000E+00  .98246949E+00
  -.92000000E+00  .96357506E+00
  -.88000000E+00  .94444173E+00
  -.84000000E+00  .92506068E+00
  -.80000000E+00  .90542276E+00
  -.76000000E+00  .88551842E+00
  -.72000000E+00  .86533772E+00
  -.68000000E+00  .84487029E+00
  -.64000000E+00  .82410527E+00
  -.60000000E+00  .80303133E+00
  -.56000000E+00  .78163656E+00
  -.52000000E+00  .75990848E+00
  -.48000000E+00  .73783401E+00
  -.44000000E+00  .71539935E+00
  -.40000000E+00  .69259002E+00
  -.36000000E+00  .66939075E+00
  -.32000000E+00  .64578542E+00
  -.28000000E+00  .62175704E+00
  -.24000000E+00  .59728763E+00
  -.20000000E+00  .57235818E+00
  -.16000000E+00  .54694855E+00
  -.12000000E+00  .52103740E+00
  -.80000000E-01  .49460206E+00
  -.40000000E-01  .46761846E+00
   .12351231E-14  .44006099E+00
   .40000000E-01  .41190237E+00
   .80000000E-01  .38311353E+00
   .12000000E+00  .35366343E+00
   .16000000E+00  .32351889E+00
   .20000000E+00  .29264441E+00
   .24000000E+00  .26100197E+00
   .28000000E+00  .22855076E+00
   .32000000E+00  .19524694E+00
   .36000000E+00  .16104334E+00
   .40000000E+00  .12588916E+00
   .44000000E+00  .89729544E-01
   .48000000E+00  .52505250E-01
   .52000000E+00  .14152126E-01
   .56000000E+00 -.25399382E-01
   .60000000E+00 -.66224826E-01
   .64000000E+00 -.10840642E+00
   .68000000E+00 -.15203378E+00
   .72000000E+00 -.19720483E+00
   .76000000E+00 -.24402675E+00
   .80000000E+00 -.29261710E+00
   .84000000E+00 -.34310515E+00
   .88000000E+00 -.39563335E+00
   .92000000E+00 -.45035911E+00
   .96000000E+00 -.50745674E+00
   .10000000E+01 -.56711989E+00
   .10400000E+01 -.62956424E+00
   .10800000E+01 -.69503079E+00
   .11200000E+01 -.76378965E+00
   .11600000E+01 -.83614463E+00
   .12000000E+01 -.91243864E+00
   .12400000E+01 -.99306025E+00
   .12800000E+01 -.10784515E+01
   .13200000E+01 -.11691176E+01
   .13600000E+01 -.12656383E+01
   .14000000E+01 -.13686827E+01
   .14400000E+01 -.14790267E+01
   .14800000E+01 -.15975755E+01
   .15200000E+01 -.17253916E+01
   .15600000E+01 -.18637307E+01
   .16000000E+01 -.20140876E+01
   .16400000E+01 -.21782558E+01
   .16800000E+01 -.23584069E+01
   .17200000E+01 -.25571946E+01
   .17600000E+01 -.27778977E+01
   .18000000E+01 -.30246145E+01
   .18400000E+01 -.33025370E+01
   .18800000E+01 -.36183415E+01
   .19200000E+01 -.39807599E+01
   .19600000E+01 -.44014368E+01
   .20000000E+01 -.48962555E+01
Potential  L  =        2.00000   -.50000
  -.20000000E+01  .13781309E+01
  -.19600000E+01  .13642437E+01
  -.19200000E+01  .13502400E+01
  -.18800000E+01  .13361173E+01
  -.18400000E+01  .13218728E+01
  -.18000000E+01  .13075040E+01
  -.17600000E+01  .12930079E+01
  -.17200000E+01  .12783818E+01
  -.16800000E+01  .12636226E+01
  -.16400000E+01  .12487272E+01
  -.16000000E+01  .12336925E+01
  -.15600000E+01  .12185150E+01
  -.15200000E+01  .12031914E+01
  -.14800000E+01  .11877180E+01
  -.14400000E+01  .11720913E+01
  -.14000000E+01  .11563074E+01
  -.13600000E+01  .11403623E+01
  -.13200000E+01  .11242519E+01
  -.12800000E+01  .11079719E+01
  -.12400000E+01  .10915179E+01
  -.12000000E+01  .10748853E+01
  -.11600000E+01  .10580692E+01
  -.11200000E+01  .10410648E+01
  -.10800000E+01  .10238668E+01
  -.10400000E+01  .10064698E+01
  -.10000000E+01  .98886829E+00
  -.96000000E+00  .97105631E+00
  -.92000000E+00  .95302782E+00
  -.88000000E+00  .93477646E+00
  -.84000000E+00  .91629560E+00
  -.80000000E+00  .89757833E+00
  -.76000000E+00  .87861743E+00
  -.72000000E+00  .85940537E+00
  -.68000000E+00  .83993425E+00
  -.64000000E+00  .82019583E+00
  -.60000000E+00  .80018149E+00
  -.56000000E+00  .77988218E+00
  -.52000000E+00  .75928846E+00
  -.48000000E+00  .73839039E+00
  -.44000000E+00  .71717758E+00
  -.40000000E+00  .69563910E+00
  -.36000000E+00  .67376349E+00
  -.32000000E+00  .65153868E+00
  -.28000000E+00  .62895201E+00
  -.24000000E+00  .60599013E+00
  -.20000000E+00  .58263900E+00
  -.16000000E+00  .55888381E+00
  -.12000000E+00  .53470893E+00
  -.80000000E-01  .51009790E+00
  -.40000000E-01  .48503329E+00
   .12351231E-14  .45949670E+00
   .40000000E-01  .43346865E+00
   .80000000E-01  .40692851E+00
   .12000000E+00  .37985441E+00
   .16000000E+00  .35222319E+00
   .20000000E+00  .32401017E+00
   .24000000E+00  .29518915E+00
   .28000000E+00  .26573234E+00
   .32000000E+00  .23561003E+00
   .36000000E+00  .20479059E+00
   .40000000E+00  .17324024E+00
   .44000000E+00  .14092291E+00
   .48000000E+00  .10779996E+00
   .52000000E+00  .73830064E-01
   .56000000E+00  .38968848E-01
   .60000000E+00  .31686793E-02
   .64000000E+00 -.33621645E-01
   .68000000E+00 -.71457298E-01
   .72000000E+00 -.11039775E+00
   .76000000E+00 -.15050724E+00
   .80000000E+00 -.19185527E+00
   .84000000E+00 -.23451711E+00
   .88000000E+00 -.27857447E+00
   .92000000E+00 -.32411616E+00
   .96000000E+00 -.37123895E+00
   .10000000E+01 -.42004840E+00
   .10400000E+01 -.47065996E+00
   .10800000E+01 -.52320009E+00
   .11200000E+01 -.57780772E+00
   .11600000E+01 -.63463570E+00
   .12000000E+01 -.69385268E+00
   .12400000E+01 -.75564519E+00
   .12800000E+01 -.82022008E+00
   .13200000E+01 -.88780739E+00
   .13600000E+01 -.95866367E+00
   .14000000E+01 -.10330760E+01
   .14400000E+01 -.11113664E+01
   .14800000E+01 -.11938979E+01
   .15200000E+01 -.12810808E+01
   .15600000E+01 -.13733806E+01
   .16000000E+01 -.14713282E+01
   .16400000E+01 -.15755307E+01
   .16800000E+01 -.16866873E+01
   .17200000E+01 -.18056056E+01
   .17600000E+01 -.19332251E+01
   .18000000E+01 -.20706440E+01
   .18400000E+01 -.22191552E+01
   .18800000E+01 -.23802909E+01
   .19200000E+01 -.25558809E+01
   .19600000E+01 -.27481286E+01
   .20000000E+01 -.29597112E+01
Core Pot   L  =        3.00000   -.10000
  -.20000000E+01  .16414863E+01
  -.19600000E+01  .16294790E+01
  -.19200000E+01  .16173869E+01
  -.18800000E+01  .16052083E+01
  -.18400000E+01  .15929413E+01
  -.18000000E+01  .15805842E+01
  -.17600000E+01  .15681348E+01
  -.17200000E+01  .15555912E+01
  -.16800000E+01  .15429512E+01
  -.16400000E+01  .15302128E+01
  -.16000000E+01  .15173735E+01
  -.15600000E+01  .15044311E+01
  -.15200000E+01  .14913832E+01
  -.14800000E+01  .14782271E+01
  -.14400000E+01  .14649603E+01
  -.14000000E+01  .14515800E+01
  -.13600000E+01  .14380834E+01
  -.13200000E+01  .14244675E+01
  -.12800000E+01  .14107292E+01
  -.12400000E+01  .13968653E+01
  -.12000000E+01  .13828724E+01
  -.11600000E+01  .13687470E+01
  -.11200000E+01  .13544854E+01
  -.10800000E+01  .13400839E+01
  -.10400000E+01  .13255383E+01
  -.10000000E+01  .13108446E+01
  -.96000000E+00  .12959983E+01
  -.92000000E+00  .12809949E+01
  -.88000000E+00  .12658294E+01
  -.84000000E+00  .12504968E+01
  -.80000000E+00  .12349919E+01
  -.76000000E+00  .12193090E+01
  -.72000000E+00  .12034421E+01
  -.68000000E+00  .11873852E+01
  -.64000000E+00  .11711317E+01
  -.60000000E+00  .11546746E+01
  -.56000000E+00  .11380067E+01
  -.52000000E+00  .11211203E+01
  -.48000000E+00  .11040072E+01
  -.44000000E+00  .10866587E+01
  -.40000000E+00  .10690657E+01
  -.36000000E+00  .10512185E+01
  -.32000000E+00  .10331066E+01
  -.28000000E+00  .10147192E+01
  -.24000000E+00  .99604432E+00
  -.20000000E+00  .97706956E+00
  -.16000000E+00  .95778147E+00
  -.12000000E+00  .93816573E+00
  -.80000000E-01  .91820697E+00
  -.40000000E-01  .89788868E+00
   .12351231E-14  .87719313E+00
   .40000000E-01  .85610123E+00
   .80000000E-01  .83459238E+00
   .12000000E+00  .81264433E+00
   .16000000E+00  .79023299E+00
   .20000000E+00  .76733224E+00
   .24000000E+00  .74391368E+00
   .28000000E+00  .71994640E+00
   .32000000E+00  .69539666E+00
   .36000000E+00  .67022756E+00
   .40000000E+00  .64439866E+00
   .44000000E+00  .61786548E+00
   .48000000E+00  .59057903E+00
   .52000000E+00  .56248518E+00
   .56000000E+00  .53352394E+00
   .60000000E+00  .50362862E+00
   .64000000E+00  .47272490E+00
   .68000000E+00  .44072959E+00
   .72000000E+00  .40754932E+00
   .76000000E+00  .37307885E+00
   .80000000E+00  .33719910E+00
   .84000000E+00  .29977481E+00
   .88000000E+00  .26065152E+00
   .92000000E+00  .21965210E+00
   .96000000E+00  .17657237E+00
   .10000000E+01  .13117559E+00
   .10400000E+01  .83185667E-01
   .10800000E+01  .32278559E-01
   .11200000E+01 -.21928745E-01
   .11600000E+01 -.79892394E-01
   .12000000E+01 -.14216014E+00
   .12400000E+01 -.20939569E+00
   .12800000E+01 -.28241133E+00
   .13200000E+01 -.36221218E+00
   .13600000E+01 -.45005726E+00
   .14000000E+01 -.54754548E+00
   .14400000E+01 -.65673893E+00
   .14800000E+01 -.78034425E+00
   .15200000E+01 -.92198641E+00
   .15600000E+01 -.10866351E+01
   .16000000E+01 -.12812928E+01
   .16400000E+01 -.15161542E+01
   .16800000E+01 -.18066608E+01
   .17200000E+01 -.21773771E+01
   .17600000E+01 -.26698995E+01
   .18000000E+01 -.33607183E+01
   .18400000E+01 -.44075275E+01
   .18800000E+01 -.61959341E+01
   .19200000E+01 -.99842004E+01
   .19600000E+01 -.23588494E+02
   .20000000E+01  .79630808E+02
Potential  L  =        3.00000   -.10000
  -.20000000E+01  .16396933E+01
  -.19600000E+01  .16276477E+01
  -.19200000E+01  .16155170E+01
  -.18800000E+01  .16032996E+01
  -.18400000E+01  .15909937E+01
  -.18000000E+01  .15785974E+01
  -.17600000E+01  .15661089E+01
  -.17200000E+01  .15535262E+01
  -.16800000E+01  .15408472E+01
  -.16400000E+01  .15280698E+01
  -.16000000E+01  .15151920E+01
  -.15600000E+01  .15022114E+01
  -.15200000E+01  .14891257E+01
  -.14800000E+01  .14759325E+01
  -.14400000E+01  .14626294E+01
  -.14000000E+01  .14492138E+01
  -.13600000E+01  .14356829E+01
  -.13200000E+01  .14220340E+01
  -.12800000E+01  .14082642E+01
  -.12400000E+01  .13943706E+01
  -.12000000E+01  .13803500E+01
  -.11600000E+01  .13661993E+01
  -.11200000E+01  .13519150E+01
  -.10800000E+01  .13374936E+01
  -.10400000E+01  .13229316E+01
  -.10000000E+01  .13082252E+01
  -.96000000E+00  .12933705E+01
  -.92000000E+00  .12783633E+01
  -.88000000E+00  .12631993E+01
  -.84000000E+00  .12478743E+01
  -.80000000E+00  .12323834E+01
  -.76000000E+00  .12167218E+01
  -.72000000E+00  .12008845E+01
  -.68000000E+00  .11848662E+01
  -.64000000E+00  .11686613E+01
  -.60000000E+00  .11522640E+01
  -.56000000E+00  .11356683E+01
  -.52000000E+00  .11188677E+01
  -.48000000E+00  .11018557E+01
  -.44000000E+00  .10846252E+01
  -.40000000E+00  .10671689E+01
  -.36000000E+00  .10494790E+01
  -.32000000E+00  .10315475E+01
  -.28000000E+00  .10133656E+01
  -.24000000E+00  .99492461E+00
  -.20000000E+00  .97621486E+00
  -.16000000E+00  .95722640E+00
  -.12000000E+00  .93794866E+00
  -.80000000E-01  .91837050E+00
  -.40000000E-01  .89848012E+00
   .12351231E-14  .87826504E+00
   .40000000E-01  .85771205E+00
   .80000000E-01  .83680713E+00
   .12000000E+00  .81553542E+00
   .16000000E+00  .79388111E+00
   .20000000E+00  .77182742E+00
   .24000000E+00  .74935646E+00
   .28000000E+00  .72644919E+00
   .32000000E+00  .70308528E+00
   .36000000E+00  .67924301E+00
   .40000000E+00  .65489920E+00
   .44000000E+00  .63002897E+00
   .48000000E+00  .60460570E+00
   .52000000E+00  .57860080E+00
   .56000000E+00  .55198352E+00
   .60000000E+00  .52472079E+00
   .64000000E+00  .49677694E+00
   .68000000E+00  .46811347E+00
   .72000000E+00  .43868876E+00
   .76000000E+00  .40845770E+00
   .80000000E+00  .37737137E+00
   .84000000E+00  .34537662E+00
   .88000000E+00  .31241549E+00
   .92000000E+00  .27842486E+00
   .96000000E+00  .24333564E+00
   .10000000E+01  .20707216E+00
   .10400000E+01  .16955135E+00
   .10800000E+01  .13068178E+00
   .11200000E+01  .90362573E-01
   .11600000E+01  .48482169E-01
   .12000000E+01  .49168506E-02
   .12400000E+01 -.40470975E-01
   .12800000E+01 -.87834781E-01
   .13200000E+01 -.13734629E+00
   .13600000E+01 -.18919831E+00
   .14000000E+01 -.24360802E+00
   .14400000E+01 -.30082104E+00
   .14800000E+01 -.36111624E+00
   .15200000E+01 -.42481153E+00
   .15600000E+01 -.49227101E+00
   .16000000E+01 -.56391373E+00
   .16400000E+01 -.64022439E+00
   .16800000E+01 -.72176685E+00
   .17200000E+01 -.80920095E+00
   .17600000E+01 -.90330390E+00
   .18000000E+01 -.10049976E+01
   .18400000E+01 -.11153842E+01
   .18800000E+01 -.12357919E+01
   .19200000E+01 -.13678370E+01
   .19600000E+01 -.15135057E+01
   .20000000E+01 -.16752670E+01
Core Pot   L  =        4.00000    .00000
  -.20000000E+01  .19601481E+01
  -.19600000E+01  .19503494E+01
  -.19200000E+01  .19405073E+01
  -.18800000E+01  .19306213E+01
  -.18400000E+01  .19206910E+01
  -.18000000E+01  .19107156E+01
  -.17600000E+01  .19006947E+01
  -.17200000E+01  .18906277E+01
  -.16800000E+01  .18805140E+01
  -.16400000E+01  .18703530E+01
  -.16000000E+01  .18601442E+01
  -.15600000E+01  .18498868E+01
  -.15200000E+01  .18395802E+01
  -.14800000E+01  .18292239E+01
  -.14400000E+01  .18188171E+01
  -.14000000E+01  .18083592E+01
  -.13600000E+01  .17978494E+01
  -.13200000E+01  .17872872E+01
  -.12800000E+01  .17766717E+01
  -.12400000E+01  .17660022E+01
  -.12000000E+01  .17552780E+01
  -.11600000E+01  .17444984E+01
  -.11200000E+01  .17336625E+01
  -.10800000E+01  .17227695E+01
  -.10400000E+01  .17118187E+01
  -.10000000E+01  .17008092E+01
  -.96000000E+00  .16897401E+01
  -.92000000E+00  .16786107E+01
  -.88000000E+00  .16674199E+01
  -.84000000E+00  .16561668E+01
  -.80000000E+00  .16448507E+01
  -.76000000E+00  .16334704E+01
  -.72000000E+00  .16220251E+01
  -.68000000E+00  .16105136E+01
  -.64000000E+00  .15989351E+01
  -.60000000E+00  .15872885E+01
  -.56000000E+00  .15755726E+01
  -.52000000E+00  .15637864E+01
  -.48000000E+00  .15519288E+01
  -.44000000E+00  .15399986E+01
  -.40000000E+00  .15279946E+01
  -.36000000E+00  .15159157E+01
  -.32000000E+00  .15037605E+01
  -.28000000E+00  .14915279E+01
  -.24000000E+00  .14792165E+01
  -.20000000E+00  .14668250E+01
  -.16000000E+00  .14543519E+01
  -.12000000E+00  .14417960E+01
  -.80000000E-01  .14291558E+01
  -.40000000E-01  .14164297E+01
   .12351231E-14  .14036162E+01
   .40000000E-01  .13907138E+01
   .80000000E-01  .13777210E+01
   .12000000E+00  .13646359E+01
   .16000000E+00  .13514570E+01
   .20000000E+00  .13381825E+01
   .24000000E+00  .13248105E+01
   .28000000E+00  .13113394E+01
   .32000000E+00  .12977671E+01
   .36000000E+00  .12840916E+01
   .40000000E+00  .12703111E+01
   .44000000E+00  .12564234E+01
   .48000000E+00  .12424265E+01
   .52000000E+00  .12283180E+01
   .56000000E+00  .12140958E+01
   .60000000E+00  .11997575E+01
   .64000000E+00  .11853007E+01
   .68000000E+00  .11707230E+01
   .72000000E+00  .11560217E+01
   .76000000E+00  .11411943E+01
   .80000000E+00  .11262381E+01
   .84000000E+00  .11111502E+01
   .88000000E+00  .10959278E+01
   .92000000E+00  .10805678E+01
   .96000000E+00  .10650672E+01
   .10000000E+01  .10494228E+01
   .10400000E+01  .10336312E+01
   .10800000E+01  .10176891E+01
   .11200000E+01  .10015929E+01
   .11600000E+01  .98533900E+00
   .12000000E+01  .96892356E+00
   .12400000E+01  .95234270E+00
   .12800000E+01  .93559233E+00
   .13200000E+01  .91866827E+00
   .13600000E+01  .90156614E+00
   .14000000E+01  .88428142E+00
   .14400000E+01  .86680942E+00
   .14800000E+01  .84914527E+00
   .15200000E+01  .83128390E+00
   .15600000E+01  .81322007E+00
   .16000000E+01  .79494832E+00
   .16400000E+01  .77646296E+00
   .16800000E+01  .75775810E+00
   .17200000E+01  .73882759E+00
   .17600000E+01  .71966505E+00
   .18000000E+01  .70026380E+00
   .18400000E+01  .68061692E+00
   .18800000E+01  .66071717E+00
   .19200000E+01  .64055700E+00
   .19600000E+01  .62012856E+00
   .20000000E+01  .59942362E+00
Potential  L  =        4.00000    .00000
  -.20000000E+01  .19595855E+01
  -.19600000E+01  .19497682E+01
  -.19200000E+01  .19399071E+01
  -.18800000E+01  .19300015E+01
  -.18400000E+01  .19200509E+01
  -.18000000E+01  .19100548E+01
  -.17600000E+01  .19000127E+01
  -.17200000E+01  .18899237E+01
  -.16800000E+01  .18797875E+01
  -.16400000E+01  .18696034E+01
  -.16000000E+01  .18593706E+01
  -.15600000E+01  .18490887E+01
  -.15200000E+01  .18387569E+01
  -.14800000E+01  .18283747E+01
  -.14400000E+01  .18179411E+01
  -.14000000E+01  .18074557E+01
  -.13600000E+01  .17969177E+01
  -.13200000E+01  .17863264E+01
  -.12800000E+01  .17756808E+01
  -.12400000E+01  .17649806E+01
  -.12000000E+01  .17542246E+01
  -.11600000E+01  .17434123E+01
  -.11200000E+01  .17325427E+01
  -.10800000E+01  .17216151E+01
  -.10400000E+01  .17106286E+01
  -.10000000E+01  .16995822E+01
  -.96000000E+00  .16884753E+01
  -.92000000E+00  .16773068E+01
  -.88000000E+00  .16660757E+01
  -.84000000E+00  .16547812E+01
  -.80000000E+00  .16434224E+01
  -.76000000E+00  .16319981E+01
  -.72000000E+00  .16205073E+01
  -.68000000E+00  .16089491E+01
  -.64000000E+00  .15973224E+01
  -.60000000E+00  .15856260E+01
  -.56000000E+00  .15738588E+01
  -.52000000E+00  .15620197E+01
  -.48000000E+00  .15501075E+01
  -.44000000E+00  .15381210E+01
  -.40000000E+00  .15260590E+01
  -.36000000E+00  .15139202E+01
  -.32000000E+00  .15017032E+01
  -.28000000E+00  .14894067E+01
  -.24000000E+00  .14770294E+01
  -.20000000E+00  .14645698E+01
  -.16000000E+00  .14520266E+01
  -.12000000E+00  .14393981E+01
  -.80000000E-01  .14266829E+01
  -.40000000E-01  .14138794E+01
   .12351231E-14  .14009861E+01
   .40000000E-01  .13880011E+01
   .80000000E-01  .13749229E+01
   .12000000E+00  .13617496E+01
   .16000000E+00  .13484795E+01
   .20000000E+00  .13351107E+01
   .24000000E+00  .13216413E+01
   .28000000E+00  .13080693E+01
   .32000000E+00  .12943927E+01
   .36000000E+00  .12806095E+01
   .40000000E+00  .12667173E+01
   .44000000E+00  .12527142E+01
   .48000000E+00  .12385977E+01
   .52000000E+00  .12243655E+01
   .56000000E+00  .12100151E+01
   .60000000E+00  .11955441E+01
   .64000000E+00  .11809499E+01
   .68000000E+00  .11662298E+01
   .72000000E+00  .11513811E+01
   .76000000E+00  .11364008E+01
   .80000000E+00  .11212861E+01
   .84000000E+00  .11060340E+01
   .88000000E+00  .10906412E+01
   .92000000E+00  .10751045E+01
   .96000000E+00  .10594206E+01
   .10000000E+01  .10435859E+01
   .10400000E+01  .10275969E+01
   .10800000E+01  .10114499E+01
   .11200000E+01  .99514093E+00
   .11600000E+01  .97866601E+00
   .12000000E+01  .96202100E+00
   .12400000E+01  .94520158E+00
   .12800000E+01  .92820329E+00
   .13200000E+01  .91102147E+00
   .13600000E+01  .89365131E+00
   .14000000E+01  .87608781E+00
   .14400000E+01  .85832576E+00
   .14800000E+01  .84035976E+00
   .15200000E+01  .82218416E+00
   .15600000E+01  .80379311E+00
   .16000000E+01  .78518053E+00
   .16400000E+01  .76634006E+00
   .16800000E+01  .74726509E+00
   .17200000E+01  .72794873E+00
   .17600000E+01  .70838377E+00
   .18000000E+01  .68856272E+00
   .18400000E+01  .66847773E+00
   .18800000E+01  .64812063E+00
   .19200000E+01  .62748285E+00
   .19600000E+01  .60655544E+00
   .20000000E+01  .58532906E+00
KBPotential  L  =       .00000  -2.25146
  -.20000000E+01  .73689811E+00
  -.19600000E+01  .70367236E+00
  -.19200000E+01  .66907974E+00
  -.18800000E+01  .63299778E+00
  -.18400000E+01  .59528848E+00
  -.18000000E+01  .55579556E+00
  -.17600000E+01  .51434156E+00
  -.17200000E+01  .47072385E+00
  -.16800000E+01  .42470990E+00
  -.16400000E+01  .37603254E+00
  -.16000000E+01  .32438162E+00
  -.15600000E+01  .26939600E+00
  -.15200000E+01  .21065252E+00
  -.14800000E+01  .14765190E+00
  -.14400000E+01  .79800835E-01
  -.14000000E+01  .63890441E-02
  -.13600000E+01 -.73442577E-01
  -.13200000E+01 -.16074062E+00
  -.12800000E+01 -.25679527E+00
  -.12400000E+01 -.36321504E+00
  -.12000000E+01 -.48203157E+00
  -.11600000E+01 -.61584824E+00
  -.11200000E+01 -.76805738E+00
  -.10800000E+01 -.94316318E+00
  -.10400000E+01 -.11472782E+01
  -.10000000E+01 -.13889120E+01
  -.96000000E+00 -.16802738E+01
  -.92000000E+00 -.20395291E+01
  -.88000000E+00 -.24949361E+01
  -.84000000E+00 -.30929878E+01
  -.80000000E+00 -.39159490E+01
  -.76000000E+00 -.51244568E+01
  -.72000000E+00 -.70800295E+01
  -.68000000E+00 -.10801904E+02
  -.64000000E+00 -.20710702E+02
  -.60000000E+00 -.13025765E+03
  -.56000000E+00  .33552451E+02
  -.52000000E+00  .15475565E+02
  -.48000000E+00  .10293884E+02
  -.44000000E+00  .78306152E+01
  -.40000000E+00  .63871710E+01
  -.36000000E+00  .54361215E+01
  -.32000000E+00  .47602254E+01
  -.28000000E+00  .42536261E+01
  -.24000000E+00  .38585748E+01
  -.20000000E+00  .35408894E+01
  -.16000000E+00  .32790457E+01
  -.12000000E+00  .30588132E+01
  -.80000000E-01  .28704075E+01
  -.40000000E-01  .27068793E+01
   .12351231E-14  .25631564E+01
   .40000000E-01  .24354496E+01
   .80000000E-01  .23208714E+01
   .12000000E+00  .22171820E+01
   .16000000E+00  .21226176E+01
   .20000000E+00  .20357699E+01
   .24000000E+00  .19555007E+01
   .28000000E+00  .18808797E+01
   .32000000E+00  .18111394E+01
   .36000000E+00  .17456403E+01
   .40000000E+00  .16838454E+01
   .44000000E+00  .16253001E+01
   .48000000E+00  .15696171E+01
   .52000000E+00  .15164640E+01
   .56000000E+00  .14655536E+01
   .60000000E+00  .14166367E+01
   .64000000E+00  .13694957E+01
   .68000000E+00  .13239395E+01
   .72000000E+00  .12797993E+01
   .76000000E+00  .12369257E+01
   .80000000E+00  .11951856E+01
   .84000000E+00  .11544597E+01
   .88000000E+00  .11146410E+01
   .92000000E+00  .10756328E+01
   .96000000E+00  .10373473E+01
   .10000000E+01  .99970475E+00
   .10400000E+01  .96263209E+00
   .10800000E+01  .92606220E+00
   .11200000E+01  .88993306E+00
   .11600000E+01  .85418713E+00
   .12000000E+01  .81877185E+00
   .12400000E+01  .78363614E+00
   .12800000E+01  .74873337E+00
   .13200000E+01  .71401901E+00
   .13600000E+01  .67945085E+00
   .14000000E+01  .64498857E+00
   .14400000E+01  .61059341E+00
   .14800000E+01  .57622801E+00
   .15200000E+01  .54185598E+00
   .15600000E+01  .50744198E+00
   .16000000E+01  .47295094E+00
   .16400000E+01  .43834850E+00
   .16800000E+01  .40360030E+00
   .17200000E+01  .36867189E+00
   .17600000E+01  .33352885E+00
   .18000000E+01  .29813614E+00
   .18400000E+01  .26245761E+00
   .18800000E+01  .22645659E+00
   .19200000E+01  .19009538E+00
   .19600000E+01  .15333413E+00
   .20000000E+01  .11613169E+00
KBPotential  L  =      1.00000   -.89910
  -.20000000E+01  .10512699E+01
  -.19600000E+01  .10311244E+01
  -.19200000E+01  .10106127E+01
  -.18800000E+01  .98971840E+00
  -.18400000E+01  .96842382E+00
  -.18000000E+01  .94671011E+00
  -.17600000E+01  .92455718E+00
  -.17200000E+01  .90194348E+00
  -.16800000E+01  .87884596E+00
  -.16400000E+01  .85523987E+00
  -.16000000E+01  .83109866E+00
  -.15600000E+01  .80639375E+00
  -.15200000E+01  .78109434E+00
  -.14800000E+01  .75516724E+00
  -.14400000E+01  .72857658E+00
  -.14000000E+01  .70128353E+00
  -.13600000E+01  .67324602E+00
  -.13200000E+01  .64441835E+00
  -.12800000E+01  .61475081E+00
  -.12400000E+01  .58418925E+00
  -.12000000E+01  .55267451E+00
  -.11600000E+01  .52014185E+00
  -.11200000E+01  .48652030E+00
  -.10800000E+01  .45173184E+00
  -.10400000E+01  .41569052E+00
  -.10000000E+01  .37830144E+00
  -.96000000E+00  .33945946E+00
  -.92000000E+00  .29904791E+00
  -.88000000E+00  .25693686E+00
  -.84000000E+00  .21298109E+00
  -.80000000E+00  .16701812E+00
  -.76000000E+00  .11886504E+00
  -.72000000E+00  .68315600E-01
  -.68000000E+00  .15136024E-01
  -.64000000E+00 -.40939407E-01
  -.60000000E+00 -.10021424E+00
  -.56000000E+00 -.16303683E+00
  -.52000000E+00 -.22980890E+00
  -.48000000E+00 -.30099622E+00
  -.44000000E+00 -.37714194E+00
  -.40000000E+00 -.45888332E+00
  -.36000000E+00 -.54697315E+00
  -.32000000E+00 -.64230713E+00
  -.28000000E+00 -.74595960E+00
  -.24000000E+00 -.85923035E+00
  -.20000000E+00 -.98370728E+00
  -.16000000E+00 -.11213507E+01
  -.12000000E+00 -.12746096E+01
  -.80000000E-01 -.14465842E+01
  -.40000000E-01 -.16412573E+01
   .12351231E-14 -.18638337E+01
   .40000000E-01 -.21212471E+01
   .80000000E-01 -.24229430E+01
   .12000000E+00 -.27821306E+01
   .16000000E+00 -.32178637E+01
   .20000000E+00 -.37586774E+01
   .24000000E+00 -.44493223E+01
   .28000000E+00 -.53641919E+01
   .32000000E+00 -.66367396E+01
   .36000000E+00 -.85326008E+01
   .40000000E+00 -.11667109E+02
   .44000000E+00 -.17863063E+02
   .48000000E+00 -.35964610E+02
   .52000000E+00 -.99537094E+03
   .56000000E+00  .40691100E+02
   .60000000E+00  .20378175E+02
   .64000000E+00  .13772767E+02
   .68000000E+00  .10494422E+02
   .72000000E+00  .85313702E+01
   .76000000E+00  .72216654E+01
   .80000000E+00  .62837028E+01
   .84000000E+00  .55773590E+01
   .88000000E+00  .50250533E+01
   .92000000E+00  .45803561E+01
   .96000000E+00  .42137796E+01
   .10000000E+01  .39056960E+01
   .10400000E+01  .36425337E+01
   .10800000E+01  .34146087E+01
   .11200000E+01  .32148252E+01
   .11600000E+01  .30378649E+01
   .12000000E+01  .28796629E+01
   .12400000E+01  .27370588E+01
   .12800000E+01  .26075583E+01
   .13200000E+01  .24891660E+01
   .13600000E+01  .23802662E+01
   .14000000E+01  .22795382E+01
   .14400000E+01  .21858893E+01
   .14800000E+01  .20984090E+01
   .15200000E+01  .20163319E+01
   .15600000E+01  .19390098E+01
   .16000000E+01  .18658907E+01
   .16400000E+01  .17964993E+01
   .16800000E+01  .17304266E+01
   .17200000E+01  .16673169E+01
   .17600000E+01  .16068601E+01
   .18000000E+01  .15487839E+01
   .18400000E+01  .14928485E+01
   .18800000E+01  .14388414E+01
   .19200000E+01  .13865737E+01
   .19600000E+01  .13358770E+01
   .20000000E+01  .12866001E+01
KBPotential  L  =      2.00000  -1.00000
  -.20000000E+01  .13880477E+01
  -.19600000E+01  .13742264E+01
  -.19200000E+01  .13602840E+01
  -.18800000E+01  .13462176E+01
  -.18400000E+01  .13320238E+01
  -.18000000E+01  .13176998E+01
  -.17600000E+01  .13032419E+01
  -.17200000E+01  .12886465E+01
  -.16800000E+01  .12739101E+01
  -.16400000E+01  .12590287E+01
  -.16000000E+01  .12439983E+01
  -.15600000E+01  .12288148E+01
  -.15200000E+01  .12134736E+01
  -.14800000E+01  .11979703E+01
  -.14400000E+01  .11823000E+01
  -.14000000E+01  .11664577E+01
  -.13600000E+01  .11504380E+01
  -.13200000E+01  .11342353E+01
  -.12800000E+01  .11178440E+01
  -.12400000E+01  .11012580E+01
  -.12000000E+01  .10844701E+01
  -.11600000E+01  .10674743E+01
  -.11200000E+01  .10502632E+01
  -.10800000E+01  .10328292E+01
  -.10400000E+01  .10151647E+01
  -.10000000E+01  .99726065E+00
  -.96000000E+00  .97910781E+00
  -.92000000E+00  .96069753E+00
  -.88000000E+00  .94202186E+00
  -.84000000E+00  .92306322E+00
  -.80000000E+00  .90381741E+00
  -.76000000E+00  .88426961E+00
  -.72000000E+00  .86440730E+00
  -.68000000E+00  .84421658E+00
  -.64000000E+00  .82368291E+00
  -.60000000E+00  .80279064E+00
  -.56000000E+00  .78152302E+00
  -.52000000E+00  .75986207E+00
  -.48000000E+00  .73778846E+00
  -.44000000E+00  .71528141E+00
  -.40000000E+00  .69231851E+00
  -.36000000E+00  .66887555E+00
  -.32000000E+00  .64492637E+00
  -.28000000E+00  .62044261E+00
  -.24000000E+00  .59539346E+00
  -.20000000E+00  .56974541E+00
  -.16000000E+00  .54346195E+00
  -.12000000E+00  .51650313E+00
  -.80000000E-01  .48882528E+00
  -.40000000E-01  .46038038E+00
   .12351231E-14  .43111561E+00
   .40000000E-01  .40097266E+00
   .80000000E-01  .36988710E+00
   .12000000E+00  .33778724E+00
   .16000000E+00  .30459352E+00
   .20000000E+00  .27021683E+00
   .24000000E+00  .23455748E+00
   .28000000E+00  .19750322E+00
   .32000000E+00  .15892753E+00
   .36000000E+00  .11868668E+00
   .40000000E+00  .76617089E-01
   .44000000E+00  .32531960E-01
   .48000000E+00 -.13783985E-01
   .52000000E+00 -.62579229E-01
   .56000000E+00 -.11414247E+00
   .60000000E+00 -.16881162E+00
   .64000000E+00 -.22698432E+00
   .68000000E+00 -.28911897E+00
   .72000000E+00 -.35580397E+00
   .76000000E+00 -.42772145E+00
   .80000000E+00 -.50569010E+00
   .84000000E+00 -.59067831E+00
   .88000000E+00 -.68400941E+00
   .92000000E+00 -.78725450E+00
   .96000000E+00 -.90244652E+00
   .10000000E+01 -.10322255E+01
   .10400000E+01 -.11800845E+01
   .10800000E+01 -.13507434E+01
   .11200000E+01 -.15507429E+01
   .11600000E+01 -.17894155E+01
   .12000000E+01 -.20805545E+01
   .12400000E+01 -.24454431E+01
   .12800000E+01 -.29187401E+01
   .13200000E+01 -.35609492E+01
   .13600000E+01 -.44880365E+01
   .14000000E+01 -.59538884E+01
   .14400000E+01 -.86421320E+01
   .14800000E+01 -.15242491E+02
   .15200000E+01 -.58076531E+02
   .15600000E+01  .33522192E+02
   .16000000E+01  .13176132E+02
   .16400000E+01  .82436880E+01
   .16800000E+01  .60102734E+01
   .17200000E+01  .47294270E+01
   .17600000E+01  .38939782E+01
   .18000000E+01  .33024523E+01
   .18400000E+01  .28588424E+01
   .18800000E+01  .25116308E+01
   .19200000E+01  .22306695E+01
   .19600000E+01  .19971420E+01
   .20000000E+01  .17986955E+01
KBPotential  L  =      3.00000    .00000
  -.20000000E+01  .16396933E+01
  -.19600000E+01  .16276477E+01
  -.19200000E+01  .16155170E+01
  -.18800000E+01  .16032996E+01
  -.18400000E+01  .15909937E+01
  -.18000000E+01  .15785974E+01
  -.17600000E+01  .15661089E+01
  -.17200000E+01  .15535262E+01
  -.16800000E+01  .15408472E+01
  -.16400000E+01  .15280698E+01
  -.16000000E+01  .15151920E+01
  -.15600000E+01  .15022114E+01
  -.15200000E+01  .14891257E+01
  -.14800000E+01  .14759325E+01
  -.14400000E+01  .14626294E+01
  -.14000000E+01  .14492138E+01
  -.13600000E+01  .14356829E+01
  -.13200000E+01  .14220340E+01
  -.12800000E+01  .14082642E+01
  -.12400000E+01  .13943706E+01
  -.12000000E+01  .13803500E+01
  -.11600000E+01  .13661993E+01
  -.11200000E+01  .13519150E+01
  -.10800000E+01  .13374936E+01
  -.10400000E+01  .13229316E+01
  -.10000000E+01  .13082252E+01
  -.96000000E+00  .12933705E+01
  -.92000000E+00  .12783633E+01
  -.88000000E+00  .12631993E+01
  -.84000000E+00  .12478743E+01
  -.80000000E+00  .12323834E+01
  -.76000000E+00  .12167218E+01
  -.72000000E+00  .12008845E+01
  -.68000000E+00  .11848662E+01
  -.64000000E+00  .11686613E+01
  -.60000000E+00  .11522640E+01
  -.56000000E+00  .11356683E+01
  -.52000000E+00  .11188677E+01
  -.48000000E+00  .11018557E+01
  -.44000000E+00  .10846252E+01
  -.40000000E+00  .10671689E+01
  -.36000000E+00  .10494790E+01
  -.32000000E+00  .10315475E+01
  -.28000000E+00  .10133656E+01
  -.24000000E+00  .99492461E+00
  -.20000000E+00  .97621486E+00
  -.16000000E+00  .95722640E+00
  -.12000000E+00  .93794866E+00
  -.80000000E-01  .91837050E+00
  -.40000000E-01  .89848012E+00
   .12351231E-14  .87826504E+00
   .40000000E-01  .85771205E+00
   .80000000E-01  .83680713E+00
   .12000000E+00  .81553542E+00
   .16000000E+00  .79388111E+00
   .20000000E+00  .77182742E+00
   .24000000E+00  .74935646E+00
   .28000000E+00  .72644919E+00
   .32000000E+00  .70308528E+00
   .36000000E+00  .67924301E+00
   .40000000E+00  .65489920E+00
   .44000000E+00  .63002897E+00
   .48000000E+00  .60460570E+00
   .52000000E+00  .57860080E+00
   .56000000E+00  .55198352E+00
   .60000000E+00  .52472079E+00
   .64000000E+00  .49677694E+00
   .68000000E+00  .46811347E+00
   .72000000E+00  .43868876E+00
   .76000000E+00  .40845770E+00
   .80000000E+00  .37737137E+00
   .84000000E+00  .34537662E+00
   .88000000E+00  .31241549E+00
   .92000000E+00  .27842486E+00
   .96000000E+00  .24333564E+00
   .10000000E+01  .20707216E+00
   .10400000E+01  .16955135E+00
   .10800000E+01  .13068178E+00
   .11200000E+01  .90362573E-01
   .11600000E+01  .48482169E-01
   .12000000E+01  .49168506E-02
   .12400000E+01 -.40470975E-01
   .12800000E+01 -.87834781E-01
   .13200000E+01 -.13734629E+00
   .13600000E+01 -.18919831E+00
   .14000000E+01 -.24360802E+00
   .14400000E+01 -.30082104E+00
   .14800000E+01 -.36111624E+00
   .15200000E+01 -.42481153E+00
   .15600000E+01 -.49227101E+00
   .16000000E+01 -.56391373E+00
   .16400000E+01 -.64022439E+00
   .16800000E+01 -.72176685E+00
   .17200000E+01 -.80920095E+00
   .17600000E+01 -.90330390E+00
   .18000000E+01 -.10049976E+01
   .18400000E+01 -.11153842E+01
   .18800000E+01 -.12357919E+01
   .19200000E+01 -.13678370E+01
   .19600000E+01 -.15135057E+01
   .20000000E+01 -.16752670E+01
KBPotential  L  =      4.00000    .00000
  -.20000000E+01  .19595855E+01
  -.19600000E+01  .19497682E+01
  -.19200000E+01  .19399071E+01
  -.18800000E+01  .19300015E+01
  -.18400000E+01  .19200509E+01
  -.18000000E+01  .19100548E+01
  -.17600000E+01  .19000127E+01
  -.17200000E+01  .18899237E+01
  -.16800000E+01  .18797875E+01
  -.16400000E+01  .18696034E+01
  -.16000000E+01  .18593706E+01
  -.15600000E+01  .18490887E+01
  -.15200000E+01  .18387569E+01
  -.14800000E+01  .18283747E+01
  -.14400000E+01  .18179411E+01
  -.14000000E+01  .18074557E+01
  -.13600000E+01  .17969177E+01
  -.13200000E+01  .17863264E+01
  -.12800000E+01  .17756808E+01
  -.12400000E+01  .17649806E+01
  -.12000000E+01  .17542246E+01
  -.11600000E+01  .17434123E+01
  -.11200000E+01  .17325427E+01
  -.10800000E+01  .17216151E+01
  -.10400000E+01  .17106286E+01
  -.10000000E+01  .16995822E+01
  -.96000000E+00  .16884753E+01
  -.92000000E+00  .16773068E+01
  -.88000000E+00  .16660757E+01
  -.84000000E+00  .16547812E+01
  -.80000000E+00  .16434224E+01
  -.76000000E+00  .16319981E+01
  -.72000000E+00  .16205073E+01
  -.68000000E+00  .16089491E+01
  -.64000000E+00  .15973224E+01
  -.60000000E+00  .15856260E+01
  -.56000000E+00  .15738588E+01
  -.52000000E+00  .15620197E+01
  -.48000000E+00  .15501075E+01
  -.44000000E+00  .15381210E+01
  -.40000000E+00  .15260590E+01
  -.36000000E+00  .15139202E+01
  -.32000000E+00  .15017032E+01
  -.28000000E+00  .14894067E+01
  -.24000000E+00  .14770294E+01
  -.20000000E+00  .14645698E+01
  -.16000000E+00  .14520266E+01
  -.12000000E+00  .14393981E+01
  -.80000000E-01  .14266829E+01
  -.40000000E-01  .14138794E+01
   .12351231E-14  .14009861E+01
   .40000000E-01  .13880011E+01
   .80000000E-01  .13749229E+01
   .12000000E+00  .13617496E+01
   .16000000E+00  .13484795E+01
   .20000000E+00  .13351107E+01
   .24000000E+00  .13216413E+01
   .28000000E+00  .13080693E+01
   .32000000E+00  .12943927E+01
   .36000000E+00  .12806095E+01
   .40000000E+00  .12667173E+01
   .44000000E+00  .12527142E+01
   .48000000E+00  .12385977E+01
   .52000000E+00  .12243655E+01
   .56000000E+00  .12100151E+01
   .60000000E+00  .11955441E+01
   .64000000E+00  .11809499E+01
   .68000000E+00  .11662298E+01
   .72000000E+00  .11513811E+01
   .76000000E+00  .11364008E+01
   .80000000E+00  .11212861E+01
   .84000000E+00  .11060340E+01
   .88000000E+00  .10906412E+01
   .92000000E+00  .10751045E+01
   .96000000E+00  .10594206E+01
   .10000000E+01  .10435859E+01
   .10400000E+01  .10275969E+01
   .10800000E+01  .10114499E+01
   .11200000E+01  .99514093E+00
   .11600000E+01  .97866601E+00
   .12000000E+01  .96202100E+00
   .12400000E+01  .94520158E+00
   .12800000E+01  .92820329E+00
   .13200000E+01  .91102147E+00
   .13600000E+01  .89365131E+00
   .14000000E+01  .87608781E+00
   .14400000E+01  .85832576E+00
   .14800000E+01  .84035976E+00
   .15200000E+01  .82218416E+00
   .15600000E+01  .80379311E+00
   .16000000E+01  .78518053E+00
   .16400000E+01  .76634006E+00
   .16800000E+01  .74726509E+00
   .17200000E+01  .72794873E+00
   .17600000E+01  .70838377E+00
   .18000000E+01  .68856272E+00
   .18400000E+01  .66847773E+00
   .18800000E+01  .64812063E+00
   .19200000E+01  .62748285E+00
   .19600000E+01  .60655544E+00
   .20000000E+01  .58532906E+00
