  PAW C                                  
 100
Core Pot   L  =         .00000  -1.00239
  -.20000000E+01  .40765611E+00
  -.19600000E+01  .38078394E+00
  -.19200000E+01  .35344790E+00
  -.18800000E+01  .32563213E+00
  -.18400000E+01  .29732003E+00
  -.18000000E+01  .26849421E+00
  -.17600000E+01  .23913643E+00
  -.17200000E+01  .20922757E+00
  -.16800000E+01  .17874754E+00
  -.16400000E+01  .14767524E+00
  -.16000000E+01  .11598851E+00
  -.15600000E+01  .83664022E-01
  -.15200000E+01  .50677252E-01
  -.14800000E+01  .17002358E-01
  -.14400000E+01 -.17387890E-01
  -.14000000E+01 -.52522202E-01
  -.13600000E+01 -.88430881E-01
  -.13200000E+01 -.12514592E+00
  -.12800000E+01 -.16270115E+00
  -.12400000E+01 -.20113234E+00
  -.12000000E+01 -.24047734E+00
  -.11600000E+01 -.28077629E+00
  -.11200000E+01 -.32207171E+00
  -.10800000E+01 -.36440876E+00
  -.10400000E+01 -.40783539E+00
  -.10000000E+01 -.45240258E+00
  -.96000000E+00 -.49816461E+00
  -.92000000E+00 -.54517927E+00
  -.88000000E+00 -.59350823E+00
  -.84000000E+00 -.64321729E+00
  -.80000000E+00 -.69437679E+00
  -.76000000E+00 -.74706198E+00
  -.72000000E+00 -.80135347E+00
  -.68000000E+00 -.85733770E+00
  -.64000000E+00 -.91510751E+00
  -.60000000E+00 -.97476271E+00
  -.56000000E+00 -.10364108E+01
  -.52000000E+00 -.11001675E+01
  -.48000000E+00 -.11661581E+01
  -.44000000E+00 -.12345177E+01
  -.40000000E+00 -.13053929E+01
  -.36000000E+00 -.13789427E+01
  -.32000000E+00 -.14553397E+01
  -.28000000E+00 -.15347719E+01
  -.24000000E+00 -.16174443E+01
  -.20000000E+00 -.17035811E+01
  -.16000000E+00 -.17934274E+01
  -.12000000E+00 -.18872525E+01
  -.80000000E-01 -.19853523E+01
  -.40000000E-01 -.20880530E+01
   .12351231E-14 -.21957149E+01
   .40000000E-01 -.23087374E+01
   .80000000E-01 -.24275639E+01
   .12000000E+00 -.25526882E+01
   .16000000E+00 -.26846620E+01
   .20000000E+00 -.28241038E+01
   .24000000E+00 -.29717088E+01
   .28000000E+00 -.31282618E+01
   .32000000E+00 -.32946515E+01
   .36000000E+00 -.34718889E+01
   .40000000E+00 -.36611283E+01
   .44000000E+00 -.38636948E+01
   .48000000E+00 -.40811157E+01
   .52000000E+00 -.43151619E+01
   .56000000E+00 -.45678976E+01
   .60000000E+00 -.48417441E+01
   .64000000E+00 -.51395600E+01
   .68000000E+00 -.54647456E+01
   .72000000E+00 -.58213763E+01
   .76000000E+00 -.62143803E+01
   .80000000E+00 -.66497725E+01
   .84000000E+00 -.71349728E+01
   .88000000E+00 -.76792412E+01
   .92000000E+00 -.82942858E+01
   .96000000E+00 -.89951295E+01
   .10000000E+01 -.98013720E+01
   .10400000E+01 -.10739077E+02
   .10800000E+01 -.11843677E+02
   .11200000E+01 -.13164594E+02
   .11600000E+01 -.14772911E+02
   .12000000E+01 -.16774684E+02
   .12400000E+01 -.19335479E+02
   .12800000E+01 -.22728924E+02
   .13200000E+01 -.27442045E+02
   .13600000E+01 -.34433711E+02
   .14000000E+01 -.45888653E+02
   .14400000E+01 -.68096742E+02
   .14800000E+01 -.12963692E+03
   .15200000E+01 -.11467681E+04
   .15600000E+01  .17103821E+03
   .16000000E+01  .80334393E+02
   .16400000E+01  .52805266E+02
   .16800000E+01  .39493606E+02
   .17200000E+01  .31643396E+02
   .17600000E+01  .26463999E+02
   .18000000E+01  .22789315E+02
   .18400000E+01  .20045833E+02
   .18800000E+01  .17918636E+02
   .19200000E+01  .16220417E+02
   .19600000E+01  .14832788E+02
   .20000000E+01  .13677251E+02
Potential  L  =         .00000  -1.00239
  -.20000000E+01  .43436495E+00
  -.19600000E+01  .40730371E+00
  -.19200000E+01  .37974188E+00
  -.18800000E+01  .35166071E+00
  -.18400000E+01  .32304044E+00
  -.18000000E+01  .29386029E+00
  -.17600000E+01  .26409836E+00
  -.17200000E+01  .23373154E+00
  -.16800000E+01  .20273546E+00
  -.16400000E+01  .17108436E+00
  -.16000000E+01  .13875106E+00
  -.15600000E+01  .10570676E+00
  -.15200000E+01  .71921015E-01
  -.14800000E+01  .37361543E-01
  -.14400000E+01  .19941269E-02
  -.14000000E+01 -.34217552E-01
  -.13600000E+01 -.71312074E-01
  -.13200000E+01 -.10933046E+00
  -.12800000E+01 -.14831637E+00
  -.12400000E+01 -.18831631E+00
  -.12000000E+01 -.22937990E+00
  -.11600000E+01 -.27156009E+00
  -.11200000E+01 -.31491348E+00
  -.10800000E+01 -.35950065E+00
  -.10400000E+01 -.40538646E+00
  -.10000000E+01 -.45264053E+00
  -.96000000E+00 -.50133757E+00
  -.92000000E+00 -.55155797E+00
  -.88000000E+00 -.60338826E+00
  -.84000000E+00 -.65692177E+00
  -.80000000E+00 -.71225927E+00
  -.76000000E+00 -.76950975E+00
  -.72000000E+00 -.82879129E+00
  -.68000000E+00 -.89023199E+00
  -.64000000E+00 -.95397110E+00
  -.60000000E+00 -.10201602E+01
  -.56000000E+00 -.10889647E+01
  -.52000000E+00 -.11605654E+01
  -.48000000E+00 -.12351602E+01
  -.44000000E+00 -.13129665E+01
  -.40000000E+00 -.13942232E+01
  -.36000000E+00 -.14791938E+01
  -.32000000E+00 -.15681698E+01
  -.28000000E+00 -.16614737E+01
  -.24000000E+00 -.17594643E+01
  -.20000000E+00 -.18625413E+01
  -.16000000E+00 -.19711513E+01
  -.12000000E+00 -.20857952E+01
  -.80000000E-01 -.22070365E+01
  -.40000000E-01 -.23355116E+01
   .12351231E-14 -.24719415E+01
   .40000000E-01 -.26171473E+01
   .80000000E-01 -.27720668E+01
   .12000000E+00 -.29377776E+01
   .16000000E+00 -.31155227E+01
   .20000000E+00 -.33067446E+01
   .24000000E+00 -.35131265E+01
   .28000000E+00 -.37366445E+01
   .32000000E+00 -.39796348E+01
   .36000000E+00 -.42448794E+01
   .40000000E+00 -.45357173E+01
   .44000000E+00 -.48561922E+01
   .48000000E+00 -.52112480E+01
   .52000000E+00 -.56069941E+01
   .56000000E+00 -.60510713E+01
   .60000000E+00 -.65531624E+01
   .64000000E+00 -.71257243E+01
   .68000000E+00 -.77850575E+01
   .72000000E+00 -.85529130E+01
   .76000000E+00 -.94589777E+01
   .80000000E+00 -.10544858E+02
   .84000000E+00 -.11870727E+02
   .88000000E+00 -.13526988E+02
   .92000000E+00 -.15655974E+02
   .96000000E+00 -.18495504E+02
   .10000000E+01 -.22475074E+02
   .10400000E+01 -.28457705E+02
   .10800000E+01 -.38471558E+02
   .11200000E+01 -.58677971E+02
   .11600000E+01 -.12083554E+03
   .12000000E+01  .31592581E+04
   .12400000E+01  .11435934E+03
   .12800000E+01  .58764413E+02
   .13200000E+01  .39771614E+02
   .13600000E+01  .30182184E+02
   .14000000E+01  .24395728E+02
   .14400000E+01  .20522448E+02
   .14800000E+01  .17746726E+02
   .15200000E+01  .15658862E+02
   .15600000E+01  .14030500E+02
   .16000000E+01  .12724284E+02
   .16400000E+01  .11652639E+02
   .16800000E+01  .10757091E+02
   .17200000E+01  .99971059E+01
   .17600000E+01  .93437009E+01
   .18000000E+01  .87756021E+01
   .18400000E+01  .82768419E+01
   .18800000E+01  .78352014E+01
   .19200000E+01  .74411710E+01
   .19600000E+01  .70872395E+01
   .20000000E+01  .67673948E+01
Core Pot   L  =        1.00000   -.39844
  -.20000000E+01  .93245940E+00
  -.19600000E+01  .91212609E+00
  -.19200000E+01  .89149386E+00
  -.18800000E+01  .87055295E+00
  -.18400000E+01  .84929316E+00
  -.18000000E+01  .82770379E+00
  -.17600000E+01  .80577365E+00
  -.17200000E+01  .78349100E+00
  -.16800000E+01  .76084354E+00
  -.16400000E+01  .73781835E+00
  -.16000000E+01  .71440190E+00
  -.15600000E+01  .69057993E+00
  -.15200000E+01  .66633749E+00
  -.14800000E+01  .64165884E+00
  -.14400000E+01  .61652741E+00
  -.14000000E+01  .59092575E+00
  -.13600000E+01  .56483547E+00
  -.13200000E+01  .53823718E+00
  -.12800000E+01  .51111039E+00
  -.12400000E+01  .48343349E+00
  -.12000000E+01  .45518360E+00
  -.11600000E+01  .42633655E+00
  -.11200000E+01  .39686670E+00
  -.10800000E+01  .36674692E+00
  -.10400000E+01  .33594841E+00
  -.10000000E+01  .30444061E+00
  -.96000000E+00  .27219103E+00
  -.92000000E+00  .23916512E+00
  -.88000000E+00  .20532609E+00
  -.84000000E+00  .17063474E+00
  -.80000000E+00  .13504923E+00
  -.76000000E+00  .98524882E-01
  -.72000000E+00  .61013930E-01
  -.68000000E+00  .22465231E-01
  -.64000000E+00 -.17176025E-01
  -.60000000E+00 -.57968657E-01
  -.56000000E+00 -.99975863E-01
  -.52000000E+00 -.14326564E+00
  -.48000000E+00 -.18791124E+00
  -.44000000E+00 -.23399172E+00
  -.40000000E+00 -.28159247E+00
  -.36000000E+00 -.33080594E+00
  -.32000000E+00 -.38173230E+00
  -.28000000E+00 -.43448035E+00
  -.24000000E+00 -.48916840E+00
  -.20000000E+00 -.54592537E+00
  -.16000000E+00 -.60489202E+00
  -.12000000E+00 -.66622230E+00
  -.80000000E-01 -.73008498E+00
  -.40000000E-01 -.79666545E+00
   .12351231E-14 -.86616781E+00
   .40000000E-01 -.93881735E+00
   .80000000E-01 -.10148633E+01
   .12000000E+00 -.10945822E+01
   .16000000E+00 -.11782816E+01
   .20000000E+00 -.12663046E+01
   .24000000E+00 -.13590353E+01
   .28000000E+00 -.14569050E+01
   .32000000E+00 -.15603994E+01
   .36000000E+00 -.16700680E+01
   .40000000E+00 -.17865344E+01
   .44000000E+00 -.19105099E+01
   .48000000E+00 -.20428087E+01
   .52000000E+00 -.21843677E+01
   .56000000E+00 -.23362703E+01
   .60000000E+00 -.24997767E+01
   .64000000E+00 -.26763608E+01
   .68000000E+00 -.28677578E+01
   .72000000E+00 -.30760250E+01
   .76000000E+00 -.33036200E+01
   .80000000E+00 -.35535030E+01
   .84000000E+00 -.38292725E+01
   .88000000E+00 -.41353466E+01
   .92000000E+00 -.44772113E+01
   .96000000E+00 -.48617629E+01
   .10000000E+01 -.52977933E+01
   .10400000E+01 -.57966888E+01
   .10800000E+01 -.63734634E+01
   .11200000E+01 -.70483289E+01
   .11600000E+01 -.78491572E+01
   .12000000E+01 -.88154891E+01
   .12400000E+01 -.10005355E+02
   .12800000E+01 -.11507511E+02
   .13200000E+01 -.13464885E+02
   .13600000E+01 -.16123333E+02
   .14000000E+01 -.19944653E+02
   .14400000E+01 -.25910369E+02
   .14800000E+01 -.36539131E+02
   .15200000E+01 -.60831886E+02
   .15600000E+01 -.17275818E+03
   .16000000E+01  .21737248E+03
   .16400000E+01  .67824106E+02
   .16800000E+01  .40555359E+02
   .17200000E+01  .29107351E+02
   .17600000E+01  .22804377E+02
   .18000000E+01  .18812115E+02
   .18400000E+01  .16055098E+02
   .18800000E+01  .14035617E+02
   .19200000E+01  .12491679E+02
   .19600000E+01  .11272236E+02
   .20000000E+01  .10284082E+02
Potential  L  =        1.00000   -.39844
  -.20000000E+01  .92103042E+00
  -.19600000E+01  .90061322E+00
  -.19200000E+01  .87990109E+00
  -.18800000E+01  .85888470E+00
  -.18400000E+01  .83755431E+00
  -.18000000E+01  .81589972E+00
  -.17600000E+01  .79391030E+00
  -.17200000E+01  .77157489E+00
  -.16800000E+01  .74888185E+00
  -.16400000E+01  .72581894E+00
  -.16000000E+01  .70237339E+00
  -.15600000E+01  .67853176E+00
  -.15200000E+01  .65427994E+00
  -.14800000E+01  .62960325E+00
  -.14400000E+01  .60448609E+00
  -.14000000E+01  .57891218E+00
  -.13600000E+01  .55286437E+00
  -.13200000E+01  .52632456E+00
  -.12800000E+01  .49927375E+00
  -.12400000E+01  .47169191E+00
  -.12000000E+01  .44355791E+00
  -.11600000E+01  .41484943E+00
  -.11200000E+01  .38554294E+00
  -.10800000E+01  .35561352E+00
  -.10400000E+01  .32503484E+00
  -.10000000E+01  .29377902E+00
  -.96000000E+00  .26181652E+00
  -.92000000E+00  .22911599E+00
  -.88000000E+00  .19564420E+00
  -.84000000E+00  .16136581E+00
  -.80000000E+00  .12624324E+00
  -.76000000E+00  .90236515E-01
  -.72000000E+00  .53303018E-01
  -.68000000E+00  .15397300E-01
  -.64000000E+00 -.23529164E-01
  -.60000000E+00 -.63528248E-01
  -.56000000E+00 -.10465546E+00
  -.52000000E+00 -.14697028E+00
  -.48000000E+00 -.19053651E+00
  -.44000000E+00 -.23542268E+00
  -.40000000E+00 -.28170248E+00
  -.36000000E+00 -.32945529E+00
  -.32000000E+00 -.37876672E+00
  -.28000000E+00 -.42972922E+00
  -.24000000E+00 -.48244280E+00
  -.20000000E+00 -.53701582E+00
  -.16000000E+00 -.59356587E+00
  -.12000000E+00 -.65222078E+00
  -.80000000E-01 -.71311975E+00
  -.40000000E-01 -.77641467E+00
   .12351231E-14 -.84227157E+00
   .40000000E-01 -.91087236E+00
   .80000000E-01 -.98241668E+00
   .12000000E+00 -.10571242E+01
   .16000000E+00 -.11352372E+01
   .20000000E+00 -.12170236E+01
   .24000000E+00 -.13027801E+01
   .28000000E+00 -.13928367E+01
   .32000000E+00 -.14875613E+01
   .36000000E+00 -.15873648E+01
   .40000000E+00 -.16927086E+01
   .44000000E+00 -.18041116E+01
   .48000000E+00 -.19221600E+01
   .52000000E+00 -.20475185E+01
   .56000000E+00 -.21809438E+01
   .60000000E+00 -.23233013E+01
   .64000000E+00 -.24755848E+01
   .68000000E+00 -.26389420E+01
   .72000000E+00 -.28147051E+01
   .76000000E+00 -.30044292E+01
   .80000000E+00 -.32099415E+01
   .84000000E+00 -.34334030E+01
   .88000000E+00 -.36773889E+01
   .92000000E+00 -.39449925E+01
   .96000000E+00 -.42399624E+01
   .10000000E+01 -.45668859E+01
   .10400000E+01 -.49314373E+01
   .10800000E+01 -.53407206E+01
   .11200000E+01 -.58037493E+01
   .11600000E+01 -.63321350E+01
   .12000000E+01 -.69410957E+01
   .12400000E+01 -.76509739E+01
   .12800000E+01 -.84895923E+01
   .13200000E+01 -.94960400E+01
   .13600000E+01 -.10727017E+02
   .14000000E+01 -.12268011E+02
   .14400000E+01 -.14254227E+02
   .14800000E+01 -.16912871E+02
   .15200000E+01 -.20657456E+02
   .15600000E+01 -.26327997E+02
   .16000000E+01 -.35931930E+02
   .16400000E+01 -.55751977E+02
   .16800000E+01 -.12068789E+03
   .17200000E+01  .88029732E+03
   .17600000E+01  .96692028E+02
   .18000000E+01  .51692902E+02
   .18400000E+01  .35515914E+02
   .18800000E+01  .27183315E+02
   .19200000E+01  .22100397E+02
   .19600000E+01  .18674634E+02
   .20000000E+01  .16207951E+02
Core Pot   L  =        2.00000   -.40000
  -.20000000E+01  .18107273E+01
  -.19600000E+01  .18007268E+01
  -.19200000E+01  .17906854E+01
  -.18800000E+01  .17806027E+01
  -.18400000E+01  .17704783E+01
  -.18000000E+01  .17603117E+01
  -.17600000E+01  .17501024E+01
  -.17200000E+01  .17398502E+01
  -.16800000E+01  .17295544E+01
  -.16400000E+01  .17192146E+01
  -.16000000E+01  .17088304E+01
  -.15600000E+01  .16984013E+01
  -.15200000E+01  .16879268E+01
  -.14800000E+01  .16774065E+01
  -.14400000E+01  .16668397E+01
  -.14000000E+01  .16562261E+01
  -.13600000E+01  .16455651E+01
  -.13200000E+01  .16348562E+01
  -.12800000E+01  .16240989E+01
  -.12400000E+01  .16132926E+01
  -.12000000E+01  .16024367E+01
  -.11600000E+01  .15915308E+01
  -.11200000E+01  .15805742E+01
  -.10800000E+01  .15695664E+01
  -.10400000E+01  .15585069E+01
  -.10000000E+01  .15473949E+01
  -.96000000E+00  .15362299E+01
  -.92000000E+00  .15250113E+01
  -.88000000E+00  .15137385E+01
  -.84000000E+00  .15024108E+01
  -.80000000E+00  .14910276E+01
  -.76000000E+00  .14795883E+01
  -.72000000E+00  .14680921E+01
  -.68000000E+00  .14565384E+01
  -.64000000E+00  .14449265E+01
  -.60000000E+00  .14332556E+01
  -.56000000E+00  .14215252E+01
  -.52000000E+00  .14097344E+01
  -.48000000E+00  .13978825E+01
  -.44000000E+00  .13859687E+01
  -.40000000E+00  .13739923E+01
  -.36000000E+00  .13619526E+01
  -.32000000E+00  .13498486E+01
  -.28000000E+00  .13376796E+01
  -.24000000E+00  .13254448E+01
  -.20000000E+00  .13131434E+01
  -.16000000E+00  .13007744E+01
  -.12000000E+00  .12883370E+01
  -.80000000E-01  .12758303E+01
  -.40000000E-01  .12632534E+01
   .12351231E-14  .12506054E+01
   .40000000E-01  .12378853E+01
   .80000000E-01  .12250923E+01
   .12000000E+00  .12122252E+01
   .16000000E+00  .11992831E+01
   .20000000E+00  .11862651E+01
   .24000000E+00  .11731700E+01
   .28000000E+00  .11599968E+01
   .32000000E+00  .11467445E+01
   .36000000E+00  .11334119E+01
   .40000000E+00  .11199979E+01
   .44000000E+00  .11065014E+01
   .48000000E+00  .10929212E+01
   .52000000E+00  .10792561E+01
   .56000000E+00  .10655049E+01
   .60000000E+00  .10516665E+01
   .64000000E+00  .10377394E+01
   .68000000E+00  .10237224E+01
   .72000000E+00  .10096143E+01
   .76000000E+00  .99541364E+00
   .80000000E+00  .98111906E+00
   .84000000E+00  .96672918E+00
   .88000000E+00  .95224256E+00
   .92000000E+00  .93765774E+00
   .96000000E+00  .92297324E+00
   .10000000E+01  .90818751E+00
   .10400000E+01  .89329902E+00
   .10800000E+01  .87830615E+00
   .11200000E+01  .86320729E+00
   .11600000E+01  .84800078E+00
   .12000000E+01  .83268490E+00
   .12400000E+01  .81725792E+00
   .12800000E+01  .80171806E+00
   .13200000E+01  .78606350E+00
   .13600000E+01  .77029238E+00
   .14000000E+01  .75440280E+00
   .14400000E+01  .73839280E+00
   .14800000E+01  .72226040E+00
   .15200000E+01  .70600355E+00
   .15600000E+01  .68962016E+00
   .16000000E+01  .67310809E+00
   .16400000E+01  .65646516E+00
   .16800000E+01  .63968912E+00
   .17200000E+01  .62277767E+00
   .17600000E+01  .60572847E+00
   .18000000E+01  .58853909E+00
   .18400000E+01  .57120708E+00
   .18800000E+01  .55372988E+00
   .19200000E+01  .53610492E+00
   .19600000E+01  .51832953E+00
   .20000000E+01  .50040099E+00
Potential  L  =        2.00000   -.40000
  -.20000000E+01  .18107393E+01
  -.19600000E+01  .18007379E+01
  -.19200000E+01  .17906956E+01
  -.18800000E+01  .17806121E+01
  -.18400000E+01  .17704868E+01
  -.18000000E+01  .17603194E+01
  -.17600000E+01  .17501093E+01
  -.17200000E+01  .17398562E+01
  -.16800000E+01  .17295597E+01
  -.16400000E+01  .17192192E+01
  -.16000000E+01  .17088342E+01
  -.15600000E+01  .16984044E+01
  -.15200000E+01  .16879292E+01
  -.14800000E+01  .16774082E+01
  -.14400000E+01  .16668408E+01
  -.14000000E+01  .16562266E+01
  -.13600000E+01  .16455650E+01
  -.13200000E+01  .16348555E+01
  -.12800000E+01  .16240976E+01
  -.12400000E+01  .16132907E+01
  -.12000000E+01  .16024344E+01
  -.11600000E+01  .15915280E+01
  -.11200000E+01  .15805710E+01
  -.10800000E+01  .15695628E+01
  -.10400000E+01  .15585028E+01
  -.10000000E+01  .15473905E+01
  -.96000000E+00  .15362252E+01
  -.92000000E+00  .15250064E+01
  -.88000000E+00  .15137334E+01
  -.84000000E+00  .15024055E+01
  -.80000000E+00  .14910222E+01
  -.76000000E+00  .14795827E+01
  -.72000000E+00  .14680865E+01
  -.68000000E+00  .14565328E+01
  -.64000000E+00  .14449209E+01
  -.60000000E+00  .14332502E+01
  -.56000000E+00  .14215199E+01
  -.52000000E+00  .14097293E+01
  -.48000000E+00  .13978777E+01
  -.44000000E+00  .13859643E+01
  -.40000000E+00  .13739884E+01
  -.36000000E+00  .13619491E+01
  -.32000000E+00  .13498457E+01
  -.28000000E+00  .13376773E+01
  -.24000000E+00  .13254432E+01
  -.20000000E+00  .13131425E+01
  -.16000000E+00  .13007744E+01
  -.12000000E+00  .12883379E+01
  -.80000000E-01  .12758323E+01
  -.40000000E-01  .12632565E+01
   .12351231E-14  .12506097E+01
   .40000000E-01  .12378910E+01
   .80000000E-01  .12250994E+01
   .12000000E+00  .12122338E+01
   .16000000E+00  .11992934E+01
   .20000000E+00  .11862771E+01
   .24000000E+00  .11731839E+01
   .28000000E+00  .11600128E+01
   .32000000E+00  .11467626E+01
   .36000000E+00  .11334323E+01
   .40000000E+00  .11200207E+01
   .44000000E+00  .11065267E+01
   .48000000E+00  .10929493E+01
   .52000000E+00  .10792871E+01
   .56000000E+00  .10655389E+01
   .60000000E+00  .10517037E+01
   .64000000E+00  .10377800E+01
   .68000000E+00  .10237666E+01
   .72000000E+00  .10096622E+01
   .76000000E+00  .99546553E+00
   .80000000E+00  .98117512E+00
   .84000000E+00  .96678962E+00
   .88000000E+00  .95230761E+00
   .92000000E+00  .93772763E+00
   .96000000E+00  .92304820E+00
   .10000000E+01  .90826780E+00
   .10400000E+01  .89338488E+00
   .10800000E+01  .87839787E+00
   .11200000E+01  .86330515E+00
   .11600000E+01  .84810505E+00
   .12000000E+01  .83279589E+00
   .12400000E+01  .81737595E+00
   .12800000E+01  .80184345E+00
   .13200000E+01  .78619659E+00
   .13600000E+01  .77043353E+00
   .14000000E+01  .75455236E+00
   .14400000E+01  .73855115E+00
   .14800000E+01  .72242794E+00
   .15200000E+01  .70618068E+00
   .15600000E+01  .68980731E+00
   .16000000E+01  .67330571E+00
   .16400000E+01  .65667370E+00
   .16800000E+01  .63990905E+00
   .17200000E+01  .62300952E+00
   .17600000E+01  .60597272E+00
   .18000000E+01  .58879629E+00
   .18400000E+01  .57147776E+00
   .18800000E+01  .55401465E+00
   .19200000E+01  .53640438E+00
   .19600000E+01  .51864430E+00
   .20000000E+01  .50073171E+00
Core Pot   L  =        3.00000    .00000
  -.20000000E+01  .24592586E+01
  -.19600000E+01  .24518335E+01
  -.19200000E+01  .24443911E+01
  -.18800000E+01  .24369314E+01
  -.18400000E+01  .24294541E+01
  -.18000000E+01  .24219593E+01
  -.17600000E+01  .24144468E+01
  -.17200000E+01  .24069165E+01
  -.16800000E+01  .23993683E+01
  -.16400000E+01  .23918020E+01
  -.16000000E+01  .23842177E+01
  -.15600000E+01  .23766150E+01
  -.15200000E+01  .23689941E+01
  -.14800000E+01  .23613546E+01
  -.14400000E+01  .23536966E+01
  -.14000000E+01  .23460199E+01
  -.13600000E+01  .23383244E+01
  -.13200000E+01  .23306099E+01
  -.12800000E+01  .23228764E+01
  -.12400000E+01  .23151238E+01
  -.12000000E+01  .23073518E+01
  -.11600000E+01  .22995604E+01
  -.11200000E+01  .22917495E+01
  -.10800000E+01  .22839189E+01
  -.10400000E+01  .22760685E+01
  -.10000000E+01  .22681983E+01
  -.96000000E+00  .22603079E+01
  -.92000000E+00  .22523974E+01
  -.88000000E+00  .22444666E+01
  -.84000000E+00  .22365154E+01
  -.80000000E+00  .22285436E+01
  -.76000000E+00  .22205510E+01
  -.72000000E+00  .22125377E+01
  -.68000000E+00  .22045033E+01
  -.64000000E+00  .21964479E+01
  -.60000000E+00  .21883712E+01
  -.56000000E+00  .21802730E+01
  -.52000000E+00  .21721534E+01
  -.48000000E+00  .21640121E+01
  -.44000000E+00  .21558489E+01
  -.40000000E+00  .21476637E+01
  -.36000000E+00  .21394565E+01
  -.32000000E+00  .21312269E+01
  -.28000000E+00  .21229749E+01
  -.24000000E+00  .21147003E+01
  -.20000000E+00  .21064030E+01
  -.16000000E+00  .20980828E+01
  -.12000000E+00  .20897396E+01
  -.80000000E-01  .20813731E+01
  -.40000000E-01  .20729833E+01
   .12351231E-14  .20645699E+01
   .40000000E-01  .20561328E+01
   .80000000E-01  .20476719E+01
   .12000000E+00  .20391869E+01
   .16000000E+00  .20306777E+01
   .20000000E+00  .20221442E+01
   .24000000E+00  .20135861E+01
   .28000000E+00  .20050033E+01
   .32000000E+00  .19963955E+01
   .36000000E+00  .19877627E+01
   .40000000E+00  .19791046E+01
   .44000000E+00  .19704211E+01
   .48000000E+00  .19617120E+01
   .52000000E+00  .19529770E+01
   .56000000E+00  .19442160E+01
   .60000000E+00  .19354289E+01
   .64000000E+00  .19266153E+01
   .68000000E+00  .19177752E+01
   .72000000E+00  .19089083E+01
   .76000000E+00  .19000144E+01
   .80000000E+00  .18910933E+01
   .84000000E+00  .18821448E+01
   .88000000E+00  .18731688E+01
   .92000000E+00  .18641649E+01
   .96000000E+00  .18551330E+01
   .10000000E+01  .18460729E+01
   .10400000E+01  .18369844E+01
   .10800000E+01  .18278672E+01
   .11200000E+01  .18187212E+01
   .11600000E+01  .18095460E+01
   .12000000E+01  .18003415E+01
   .12400000E+01  .17911075E+01
   .12800000E+01  .17818437E+01
   .13200000E+01  .17725498E+01
   .13600000E+01  .17632258E+01
   .14000000E+01  .17538712E+01
   .14400000E+01  .17444859E+01
   .14800000E+01  .17350696E+01
   .15200000E+01  .17256221E+01
   .15600000E+01  .17161432E+01
   .16000000E+01  .17066325E+01
   .16400000E+01  .16970898E+01
   .16800000E+01  .16875149E+01
   .17200000E+01  .16779075E+01
   .17600000E+01  .16682673E+01
   .18000000E+01  .16585941E+01
   .18400000E+01  .16488876E+01
   .18800000E+01  .16391476E+01
   .19200000E+01  .16293736E+01
   .19600000E+01  .16195656E+01
   .20000000E+01  .16097231E+01
Potential  L  =        3.00000    .00000
  -.20000000E+01  .24593494E+01
  -.19600000E+01  .24519239E+01
  -.19200000E+01  .24444810E+01
  -.18800000E+01  .24370208E+01
  -.18400000E+01  .24295431E+01
  -.18000000E+01  .24220478E+01
  -.17600000E+01  .24145348E+01
  -.17200000E+01  .24070039E+01
  -.16800000E+01  .23994552E+01
  -.16400000E+01  .23918885E+01
  -.16000000E+01  .23843036E+01
  -.15600000E+01  .23767004E+01
  -.15200000E+01  .23690789E+01
  -.14800000E+01  .23614390E+01
  -.14400000E+01  .23537804E+01
  -.14000000E+01  .23461032E+01
  -.13600000E+01  .23384071E+01
  -.13200000E+01  .23306921E+01
  -.12800000E+01  .23229580E+01
  -.12400000E+01  .23152047E+01
  -.12000000E+01  .23074322E+01
  -.11600000E+01  .22996402E+01
  -.11200000E+01  .22918286E+01
  -.10800000E+01  .22839974E+01
  -.10400000E+01  .22761464E+01
  -.10000000E+01  .22682755E+01
  -.96000000E+00  .22603845E+01
  -.92000000E+00  .22524734E+01
  -.88000000E+00  .22445419E+01
  -.84000000E+00  .22365899E+01
  -.80000000E+00  .22286174E+01
  -.76000000E+00  .22206242E+01
  -.72000000E+00  .22126101E+01
  -.68000000E+00  .22045751E+01
  -.64000000E+00  .21965189E+01
  -.60000000E+00  .21884414E+01
  -.56000000E+00  .21803425E+01
  -.52000000E+00  .21722221E+01
  -.48000000E+00  .21640799E+01
  -.44000000E+00  .21559160E+01
  -.40000000E+00  .21477300E+01
  -.36000000E+00  .21395219E+01
  -.32000000E+00  .21312915E+01
  -.28000000E+00  .21230386E+01
  -.24000000E+00  .21147631E+01
  -.20000000E+00  .21064649E+01
  -.16000000E+00  .20981438E+01
  -.12000000E+00  .20897996E+01
  -.80000000E-01  .20814322E+01
  -.40000000E-01  .20730414E+01
   .12351231E-14  .20646270E+01
   .40000000E-01  .20561890E+01
   .80000000E-01  .20477270E+01
   .12000000E+00  .20392410E+01
   .16000000E+00  .20307307E+01
   .20000000E+00  .20221961E+01
   .24000000E+00  .20136369E+01
   .28000000E+00  .20050529E+01
   .32000000E+00  .19964440E+01
   .36000000E+00  .19878100E+01
   .40000000E+00  .19791508E+01
   .44000000E+00  .19704660E+01
   .48000000E+00  .19617556E+01
   .52000000E+00  .19530194E+01
   .56000000E+00  .19442571E+01
   .60000000E+00  .19354687E+01
   .64000000E+00  .19266538E+01
   .68000000E+00  .19178122E+01
   .72000000E+00  .19089439E+01
   .76000000E+00  .19000486E+01
   .80000000E+00  .18911261E+01
   .84000000E+00  .18821761E+01
   .88000000E+00  .18731985E+01
   .92000000E+00  .18641931E+01
   .96000000E+00  .18551597E+01
   .10000000E+01  .18460980E+01
   .10400000E+01  .18370078E+01
   .10800000E+01  .18278890E+01
   .11200000E+01  .18187412E+01
   .11600000E+01  .18095643E+01
   .12000000E+01  .18003580E+01
   .12400000E+01  .17911222E+01
   .12800000E+01  .17818565E+01
   .13200000E+01  .17725608E+01
   .13600000E+01  .17632348E+01
   .14000000E+01  .17538783E+01
   .14400000E+01  .17444910E+01
   .14800000E+01  .17350726E+01
   .15200000E+01  .17256231E+01
   .15600000E+01  .17161420E+01
   .16000000E+01  .17066291E+01
   .16400000E+01  .16970842E+01
   .16800000E+01  .16875070E+01
   .17200000E+01  .16778973E+01
   .17600000E+01  .16682548E+01
   .18000000E+01  .16585792E+01
   .18400000E+01  .16488702E+01
   .18800000E+01  .16391277E+01
   .19200000E+01  .16293512E+01
   .19600000E+01  .16195405E+01
   .20000000E+01  .16096953E+01
Core Pot   L  =        4.00000    .00000
  -.20000000E+01  .30798772E+01
  -.19600000E+01  .30738822E+01
  -.19200000E+01  .30678785E+01
  -.18800000E+01  .30618647E+01
  -.18400000E+01  .30558422E+01
  -.18000000E+01  .30498094E+01
  -.17600000E+01  .30437677E+01
  -.17200000E+01  .30377166E+01
  -.16800000E+01  .30316573E+01
  -.16400000E+01  .30255852E+01
  -.16000000E+01  .30195052E+01
  -.15600000E+01  .30134157E+01
  -.15200000E+01  .30073163E+01
  -.14800000E+01  .30012076E+01
  -.14400000E+01  .29950886E+01
  -.14000000E+01  .29889598E+01
  -.13600000E+01  .29828214E+01
  -.13200000E+01  .29766745E+01
  -.12800000E+01  .29705143E+01
  -.12400000E+01  .29643461E+01
  -.12000000E+01  .29581678E+01
  -.11600000E+01  .29519794E+01
  -.11200000E+01  .29457809E+01
  -.10800000E+01  .29395723E+01
  -.10400000E+01  .29333534E+01
  -.10000000E+01  .29271243E+01
  -.96000000E+00  .29208850E+01
  -.92000000E+00  .29146353E+01
  -.88000000E+00  .29083752E+01
  -.84000000E+00  .29021047E+01
  -.80000000E+00  .28958237E+01
  -.76000000E+00  .28895323E+01
  -.72000000E+00  .28832303E+01
  -.68000000E+00  .28769176E+01
  -.64000000E+00  .28705944E+01
  -.60000000E+00  .28642604E+01
  -.56000000E+00  .28579157E+01
  -.52000000E+00  .28515603E+01
  -.48000000E+00  .28451939E+01
  -.44000000E+00  .28388168E+01
  -.40000000E+00  .28324286E+01
  -.36000000E+00  .28260295E+01
  -.32000000E+00  .28196194E+01
  -.28000000E+00  .28131982E+01
  -.24000000E+00  .28067659E+01
  -.20000000E+00  .28003223E+01
  -.16000000E+00  .27938676E+01
  -.12000000E+00  .27874016E+01
  -.80000000E-01  .27809243E+01
  -.40000000E-01  .27744356E+01
   .12351231E-14  .27679354E+01
   .40000000E-01  .27614238E+01
   .80000000E-01  .27549006E+01
   .12000000E+00  .27483659E+01
   .16000000E+00  .27418195E+01
   .20000000E+00  .27352614E+01
   .24000000E+00  .27286916E+01
   .28000000E+00  .27221100E+01
   .32000000E+00  .27155165E+01
   .36000000E+00  .27089111E+01
   .40000000E+00  .27022937E+01
   .44000000E+00  .26956644E+01
   .48000000E+00  .26890229E+01
   .52000000E+00  .26823693E+01
   .56000000E+00  .26757036E+01
   .60000000E+00  .26690255E+01
   .64000000E+00  .26623352E+01
   .68000000E+00  .26556325E+01
   .72000000E+00  .26489174E+01
   .76000000E+00  .26421898E+01
   .80000000E+00  .26354497E+01
   .84000000E+00  .26286970E+01
   .88000000E+00  .26219316E+01
   .92000000E+00  .26151535E+01
   .96000000E+00  .26083626E+01
   .10000000E+01  .26015589E+01
   .10400000E+01  .25947422E+01
   .10800000E+01  .25879127E+01
   .11200000E+01  .25810700E+01
   .11600000E+01  .25742143E+01
   .12000000E+01  .25673455E+01
   .12400000E+01  .25604634E+01
   .12800000E+01  .25535680E+01
   .13200000E+01  .25466593E+01
   .13600000E+01  .25397371E+01
   .14000000E+01  .25328015E+01
   .14400000E+01  .25258524E+01
   .14800000E+01  .25188896E+01
   .15200000E+01  .25119132E+01
   .15600000E+01  .25049230E+01
   .16000000E+01  .24979189E+01
   .16400000E+01  .24909010E+01
   .16800000E+01  .24838692E+01
   .17200000E+01  .24768233E+01
   .17600000E+01  .24697633E+01
   .18000000E+01  .24626891E+01
   .18400000E+01  .24556007E+01
   .18800000E+01  .24484980E+01
   .19200000E+01  .24413810E+01
   .19600000E+01  .24342494E+01
   .20000000E+01  .24271033E+01
Potential  L  =        4.00000    .00000
  -.20000000E+01  .30800042E+01
  -.19600000E+01  .30740098E+01
  -.19200000E+01  .30680061E+01
  -.18800000E+01  .30619930E+01
  -.18400000E+01  .30559706E+01
  -.18000000E+01  .30499388E+01
  -.17600000E+01  .30438975E+01
  -.17200000E+01  .30378467E+01
  -.16800000E+01  .30317864E+01
  -.16400000E+01  .30257166E+01
  -.16000000E+01  .30196371E+01
  -.15600000E+01  .30135480E+01
  -.15200000E+01  .30074492E+01
  -.14800000E+01  .30013407E+01
  -.14400000E+01  .29952224E+01
  -.14000000E+01  .29890943E+01
  -.13600000E+01  .29829564E+01
  -.13200000E+01  .29768086E+01
  -.12800000E+01  .29706508E+01
  -.12400000E+01  .29644831E+01
  -.12000000E+01  .29583054E+01
  -.11600000E+01  .29521176E+01
  -.11200000E+01  .29459197E+01
  -.10800000E+01  .29397116E+01
  -.10400000E+01  .29334934E+01
  -.10000000E+01  .29272649E+01
  -.96000000E+00  .29210262E+01
  -.92000000E+00  .29147772E+01
  -.88000000E+00  .29085178E+01
  -.84000000E+00  .29022479E+01
  -.80000000E+00  .28959677E+01
  -.76000000E+00  .28896769E+01
  -.72000000E+00  .28833756E+01
  -.68000000E+00  .28770637E+01
  -.64000000E+00  .28707412E+01
  -.60000000E+00  .28644079E+01
  -.56000000E+00  .28580640E+01
  -.52000000E+00  .28517093E+01
  -.48000000E+00  .28453438E+01
  -.44000000E+00  .28389673E+01
  -.40000000E+00  .28325800E+01
  -.36000000E+00  .28261817E+01
  -.32000000E+00  .28197724E+01
  -.28000000E+00  .28133520E+01
  -.24000000E+00  .28069205E+01
  -.20000000E+00  .28004778E+01
  -.16000000E+00  .27940239E+01
  -.12000000E+00  .27875588E+01
  -.80000000E-01  .27810823E+01
  -.40000000E-01  .27745945E+01
   .12351231E-14  .27680952E+01
   .40000000E-01  .27615845E+01
   .80000000E-01  .27550623E+01
   .12000000E+00  .27485285E+01
   .16000000E+00  .27419830E+01
   .20000000E+00  .27354259E+01
   .24000000E+00  .27288570E+01
   .28000000E+00  .27222763E+01
   .32000000E+00  .27156839E+01
   .36000000E+00  .27090794E+01
   .40000000E+00  .27024631E+01
   .44000000E+00  .26958347E+01
   .48000000E+00  .26891943E+01
   .52000000E+00  .26825418E+01
   .56000000E+00  .26758770E+01
   .60000000E+00  .26692000E+01
   .64000000E+00  .26625108E+01
   .68000000E+00  .26558092E+01
   .72000000E+00  .26490952E+01
   .76000000E+00  .26423687E+01
   .80000000E+00  .26356297E+01
   .84000000E+00  .26288781E+01
   .88000000E+00  .26221138E+01
   .92000000E+00  .26153369E+01
   .96000000E+00  .26085472E+01
   .10000000E+01  .26017446E+01
   .10400000E+01  .25949292E+01
   .10800000E+01  .25881008E+01
   .11200000E+01  .25812594E+01
   .11600000E+01  .25744049E+01
   .12000000E+01  .25675373E+01
   .12400000E+01  .25606564E+01
   .12800000E+01  .25537623E+01
   .13200000E+01  .25468549E+01
   .13600000E+01  .25399341E+01
   .14000000E+01  .25329997E+01
   .14400000E+01  .25260519E+01
   .14800000E+01  .25190904E+01
   .15200000E+01  .25121153E+01
   .15600000E+01  .25051265E+01
   .16000000E+01  .24981238E+01
   .16400000E+01  .24911073E+01
   .16800000E+01  .24840768E+01
   .17200000E+01  .24770323E+01
   .17600000E+01  .24699737E+01
   .18000000E+01  .24629010E+01
   .18400000E+01  .24558141E+01
   .18800000E+01  .24487128E+01
   .19200000E+01  .24415972E+01
   .19600000E+01  .24344671E+01
   .20000000E+01  .24273225E+01
KBPotential  L  =       .00000  -2.00477
  -.20000000E+01  .40759024E+00
  -.19600000E+01  .38071822E+00
  -.19200000E+01  .35338229E+00
  -.18800000E+01  .32556660E+00
  -.18400000E+01  .29725457E+00
  -.18000000E+01  .26842878E+00
  -.17600000E+01  .23907102E+00
  -.17200000E+01  .20916213E+00
  -.16800000E+01  .17868205E+00
  -.16400000E+01  .14760968E+00
  -.16000000E+01  .11592284E+00
  -.15600000E+01  .83598224E-01
  -.15200000E+01  .50611290E-01
  -.14800000E+01  .16936199E-01
  -.14400000E+01 -.17454275E-01
  -.14000000E+01 -.52588849E-01
  -.13600000E+01 -.88497829E-01
  -.13200000E+01 -.12521319E+00
  -.12800000E+01 -.16276879E+00
  -.12400000E+01 -.20120038E+00
  -.12000000E+01 -.24054584E+00
  -.11600000E+01 -.28084527E+00
  -.11200000E+01 -.32214124E+00
  -.10800000E+01 -.36447887E+00
  -.10400000E+01 -.40790614E+00
  -.10000000E+01 -.45247404E+00
  -.96000000E+00 -.49823683E+00
  -.92000000E+00 -.54525233E+00
  -.88000000E+00 -.59358220E+00
  -.84000000E+00 -.64329225E+00
  -.80000000E+00 -.69445283E+00
  -.76000000E+00 -.74713921E+00
  -.72000000E+00 -.80143200E+00
  -.68000000E+00 -.85741766E+00
  -.64000000E+00 -.91518904E+00
  -.60000000E+00 -.97484597E+00
  -.56000000E+00 -.10364959E+01
  -.52000000E+00 -.11002548E+01
  -.48000000E+00 -.11662477E+01
  -.44000000E+00 -.12346100E+01
  -.40000000E+00 -.13054881E+01
  -.36000000E+00 -.13790411E+01
  -.32000000E+00 -.14554417E+01
  -.28000000E+00 -.15348780E+01
  -.24000000E+00 -.16175550E+01
  -.20000000E+00 -.17036969E+01
  -.16000000E+00 -.17935491E+01
  -.12000000E+00 -.18873807E+01
  -.80000000E-01 -.19854880E+01
  -.40000000E-01 -.20881971E+01
   .12351231E-14 -.21958687E+01
   .40000000E-01 -.23089023E+01
   .80000000E-01 -.24277413E+01
   .12000000E+00 -.25528800E+01
   .16000000E+00 -.26848705E+01
   .20000000E+00 -.28243314E+01
   .24000000E+00 -.29719585E+01
   .28000000E+00 -.31285370E+01
   .32000000E+00 -.32949564E+01
   .36000000E+00 -.34722282E+01
   .40000000E+00 -.36615079E+01
   .44000000E+00 -.38641216E+01
   .48000000E+00 -.40815978E+01
   .52000000E+00 -.43157094E+01
   .56000000E+00 -.45685228E+01
   .60000000E+00 -.48424621E+01
   .64000000E+00 -.51403882E+01
   .68000000E+00 -.54657069E+01
   .72000000E+00 -.58224989E+01
   .76000000E+00 -.62156983E+01
   .80000000E+00 -.66513297E+01
   .84000000E+00 -.71368252E+01
   .88000000E+00 -.76814614E+01
   .92000000E+00 -.82969691E+01
   .96000000E+00 -.89984026E+01
   .10000000E+01 -.98054068E+01
   .10400000E+01 -.10744110E+02
   .10800000E+01 -.11850043E+02
   .11200000E+01 -.13172781E+02
   .11600000E+01 -.14783649E+02
   .12000000E+01 -.16789112E+02
   .12400000E+01 -.19355469E+02
   .12800000E+01 -.22757736E+02
   .13200000E+01 -.27485870E+02
   .13600000E+01 -.34505742E+02
   .14000000E+01 -.46022260E+02
   .14400000E+01 -.68404412E+02
   .14800000E+01 -.13080633E+03
   .15200000E+01 -.12499892E+04
   .15600000E+01  .16886635E+03
   .16000000E+01  .79830752E+02
   .16400000E+01  .52577547E+02
   .16800000E+01  .39360441E+02
   .17200000E+01  .31554059E+02
   .17600000E+01  .26398713E+02
   .18000000E+01  .22738737E+02
   .18400000E+01  .20004954E+02
   .18800000E+01  .17884520E+02
   .19200000E+01  .16191219E+02
   .19600000E+01  .14807289E+02
   .20000000E+01  .13654610E+02
KBPotential  L  =      1.00000   -.79689
  -.20000000E+01  .93241425E+00
  -.19600000E+01  .91208061E+00
  -.19200000E+01  .89144807E+00
  -.18800000E+01  .87050686E+00
  -.18400000E+01  .84924677E+00
  -.18000000E+01  .82765711E+00
  -.17600000E+01  .80572668E+00
  -.17200000E+01  .78344374E+00
  -.16800000E+01  .76079600E+00
  -.16400000E+01  .73777055E+00
  -.16000000E+01  .71435383E+00
  -.15600000E+01  .69053160E+00
  -.15200000E+01  .66628891E+00
  -.14800000E+01  .64161000E+00
  -.14400000E+01  .61647833E+00
  -.14000000E+01  .59087642E+00
  -.13600000E+01  .56478591E+00
  -.13200000E+01  .53818739E+00
  -.12800000E+01  .51106038E+00
  -.12400000E+01  .48338321E+00
  -.12000000E+01  .45513310E+00
  -.11600000E+01  .42628587E+00
  -.11200000E+01  .39681581E+00
  -.10800000E+01  .36669581E+00
  -.10400000E+01  .33589709E+00
  -.10000000E+01  .30438906E+00
  -.96000000E+00  .27213927E+00
  -.92000000E+00  .23911313E+00
  -.88000000E+00  .20527388E+00
  -.84000000E+00  .17058229E+00
  -.80000000E+00  .13499653E+00
  -.76000000E+00  .98471927E-01
  -.72000000E+00  .60960713E-01
  -.68000000E+00  .22411739E-01
  -.64000000E+00 -.17229806E-01
  -.60000000E+00 -.58022743E-01
  -.56000000E+00 -.10003027E+00
  -.52000000E+00 -.14332040E+00
  -.48000000E+00 -.18796638E+00
  -.44000000E+00 -.23404726E+00
  -.40000000E+00 -.28164846E+00
  -.36000000E+00 -.33086240E+00
  -.32000000E+00 -.38178930E+00
  -.28000000E+00 -.43453792E+00
  -.24000000E+00 -.48922661E+00
  -.20000000E+00 -.54598429E+00
  -.16000000E+00 -.60495173E+00
  -.12000000E+00 -.66628288E+00
  -.80000000E-01 -.73014654E+00
  -.40000000E-01 -.79672810E+00
   .12351231E-14 -.86623169E+00
   .40000000E-01 -.93888260E+00
   .80000000E-01 -.10149301E+01
   .12000000E+00 -.10946507E+01
   .16000000E+00 -.11783521E+01
   .20000000E+00 -.12663774E+01
   .24000000E+00 -.13591106E+01
   .28000000E+00 -.14569832E+01
   .32000000E+00 -.15604809E+01
   .36000000E+00 -.16701532E+01
   .40000000E+00 -.17866240E+01
   .44000000E+00 -.19106044E+01
   .48000000E+00 -.20429089E+01
   .52000000E+00 -.21844745E+01
   .56000000E+00 -.23363849E+01
   .60000000E+00 -.24999002E+01
   .64000000E+00 -.26764947E+01
   .68000000E+00 -.28679040E+01
   .72000000E+00 -.30761858E+01
   .76000000E+00 -.33037980E+01
   .80000000E+00 -.35537017E+01
   .84000000E+00 -.38294960E+01
   .88000000E+00 -.41356003E+01
   .92000000E+00 -.44775019E+01
   .96000000E+00 -.48620991E+01
   .10000000E+01 -.52981864E+01
   .10400000E+01 -.57971539E+01
   .10800000E+01 -.63740210E+01
   .11200000E+01 -.70490074E+01
   .11600000E+01 -.78499969E+01
   .12000000E+01 -.88165489E+01
   .12400000E+01 -.10006724E+02
   .12800000E+01 -.11509333E+02
   .13200000E+01 -.13467399E+02
   .13600000E+01 -.16126973E+02
   .14000000E+01 -.19950290E+02
   .14400000E+01 -.25920010E+02
   .14800000E+01 -.36558593E+02
   .15200000E+01 -.60886729E+02
   .15600000E+01 -.17320904E+03
   .16000000E+01  .21664960E+03
   .16400000E+01  .67752177E+02
   .16800000E+01  .40529098E+02
   .17200000E+01  .29093529E+02
   .17600000E+01  .22795703E+02
   .18000000E+01  .18806076E+02
   .18400000E+01  .16050596E+02
   .18800000E+01  .14032093E+02
   .19200000E+01  .12488818E+02
   .19600000E+01  .11269848E+02
   .20000000E+01  .10282043E+02
KBPotential  L  =      2.00000    .00000
  -.20000000E+01  .18107393E+01
  -.19600000E+01  .18007379E+01
  -.19200000E+01  .17906956E+01
  -.18800000E+01  .17806121E+01
  -.18400000E+01  .17704868E+01
  -.18000000E+01  .17603194E+01
  -.17600000E+01  .17501093E+01
  -.17200000E+01  .17398562E+01
  -.16800000E+01  .17295597E+01
  -.16400000E+01  .17192192E+01
  -.16000000E+01  .17088342E+01
  -.15600000E+01  .16984044E+01
  -.15200000E+01  .16879292E+01
  -.14800000E+01  .16774082E+01
  -.14400000E+01  .16668408E+01
  -.14000000E+01  .16562266E+01
  -.13600000E+01  .16455650E+01
  -.13200000E+01  .16348555E+01
  -.12800000E+01  .16240976E+01
  -.12400000E+01  .16132907E+01
  -.12000000E+01  .16024344E+01
  -.11600000E+01  .15915280E+01
  -.11200000E+01  .15805710E+01
  -.10800000E+01  .15695628E+01
  -.10400000E+01  .15585028E+01
  -.10000000E+01  .15473905E+01
  -.96000000E+00  .15362252E+01
  -.92000000E+00  .15250064E+01
  -.88000000E+00  .15137334E+01
  -.84000000E+00  .15024055E+01
  -.80000000E+00  .14910222E+01
  -.76000000E+00  .14795827E+01
  -.72000000E+00  .14680865E+01
  -.68000000E+00  .14565328E+01
  -.64000000E+00  .14449209E+01
  -.60000000E+00  .14332502E+01
  -.56000000E+00  .14215199E+01
  -.52000000E+00  .14097293E+01
  -.48000000E+00  .13978777E+01
  -.44000000E+00  .13859643E+01
  -.40000000E+00  .13739884E+01
  -.36000000E+00  .13619491E+01
  -.32000000E+00  .13498457E+01
  -.28000000E+00  .13376773E+01
  -.24000000E+00  .13254432E+01
  -.20000000E+00  .13131425E+01
  -.16000000E+00  .13007744E+01
  -.12000000E+00  .12883379E+01
  -.80000000E-01  .12758323E+01
  -.40000000E-01  .12632565E+01
   .12351231E-14  .12506097E+01
   .40000000E-01  .12378910E+01
   .80000000E-01  .12250994E+01
   .12000000E+00  .12122338E+01
   .16000000E+00  .11992934E+01
   .20000000E+00  .11862771E+01
   .24000000E+00  .11731839E+01
   .28000000E+00  .11600128E+01
   .32000000E+00  .11467626E+01
   .36000000E+00  .11334323E+01
   .40000000E+00  .11200207E+01
   .44000000E+00  .11065267E+01
   .48000000E+00  .10929493E+01
   .52000000E+00  .10792871E+01
   .56000000E+00  .10655389E+01
   .60000000E+00  .10517037E+01
   .64000000E+00  .10377800E+01
   .68000000E+00  .10237666E+01
   .72000000E+00  .10096622E+01
   .76000000E+00  .99546553E+00
   .80000000E+00  .98117512E+00
   .84000000E+00  .96678962E+00
   .88000000E+00  .95230761E+00
   .92000000E+00  .93772763E+00
   .96000000E+00  .92304820E+00
   .10000000E+01  .90826780E+00
   .10400000E+01  .89338488E+00
   .10800000E+01  .87839787E+00
   .11200000E+01  .86330515E+00
   .11600000E+01  .84810505E+00
   .12000000E+01  .83279589E+00
   .12400000E+01  .81737595E+00
   .12800000E+01  .80184345E+00
   .13200000E+01  .78619659E+00
   .13600000E+01  .77043353E+00
   .14000000E+01  .75455236E+00
   .14400000E+01  .73855115E+00
   .14800000E+01  .72242794E+00
   .15200000E+01  .70618068E+00
   .15600000E+01  .68980731E+00
   .16000000E+01  .67330571E+00
   .16400000E+01  .65667370E+00
   .16800000E+01  .63990905E+00
   .17200000E+01  .62300952E+00
   .17600000E+01  .60597272E+00
   .18000000E+01  .58879629E+00
   .18400000E+01  .57147776E+00
   .18800000E+01  .55401465E+00
   .19200000E+01  .53640438E+00
   .19600000E+01  .51864430E+00
   .20000000E+01  .50073171E+00
KBPotential  L  =      3.00000    .00000
  -.20000000E+01  .24593494E+01
  -.19600000E+01  .24519239E+01
  -.19200000E+01  .24444810E+01
  -.18800000E+01  .24370208E+01
  -.18400000E+01  .24295431E+01
  -.18000000E+01  .24220478E+01
  -.17600000E+01  .24145348E+01
  -.17200000E+01  .24070039E+01
  -.16800000E+01  .23994552E+01
  -.16400000E+01  .23918885E+01
  -.16000000E+01  .23843036E+01
  -.15600000E+01  .23767004E+01
  -.15200000E+01  .23690789E+01
  -.14800000E+01  .23614390E+01
  -.14400000E+01  .23537804E+01
  -.14000000E+01  .23461032E+01
  -.13600000E+01  .23384071E+01
  -.13200000E+01  .23306921E+01
  -.12800000E+01  .23229580E+01
  -.12400000E+01  .23152047E+01
  -.12000000E+01  .23074322E+01
  -.11600000E+01  .22996402E+01
  -.11200000E+01  .22918286E+01
  -.10800000E+01  .22839974E+01
  -.10400000E+01  .22761464E+01
  -.10000000E+01  .22682755E+01
  -.96000000E+00  .22603845E+01
  -.92000000E+00  .22524734E+01
  -.88000000E+00  .22445419E+01
  -.84000000E+00  .22365899E+01
  -.80000000E+00  .22286174E+01
  -.76000000E+00  .22206242E+01
  -.72000000E+00  .22126101E+01
  -.68000000E+00  .22045751E+01
  -.64000000E+00  .21965189E+01
  -.60000000E+00  .21884414E+01
  -.56000000E+00  .21803425E+01
  -.52000000E+00  .21722221E+01
  -.48000000E+00  .21640799E+01
  -.44000000E+00  .21559160E+01
  -.40000000E+00  .21477300E+01
  -.36000000E+00  .21395219E+01
  -.32000000E+00  .21312915E+01
  -.28000000E+00  .21230386E+01
  -.24000000E+00  .21147631E+01
  -.20000000E+00  .21064649E+01
  -.16000000E+00  .20981438E+01
  -.12000000E+00  .20897996E+01
  -.80000000E-01  .20814322E+01
  -.40000000E-01  .20730414E+01
   .12351231E-14  .20646270E+01
   .40000000E-01  .20561890E+01
   .80000000E-01  .20477270E+01
   .12000000E+00  .20392410E+01
   .16000000E+00  .20307307E+01
   .20000000E+00  .20221961E+01
   .24000000E+00  .20136369E+01
   .28000000E+00  .20050529E+01
   .32000000E+00  .19964440E+01
   .36000000E+00  .19878100E+01
   .40000000E+00  .19791508E+01
   .44000000E+00  .19704660E+01
   .48000000E+00  .19617556E+01
   .52000000E+00  .19530194E+01
   .56000000E+00  .19442571E+01
   .60000000E+00  .19354687E+01
   .64000000E+00  .19266538E+01
   .68000000E+00  .19178122E+01
   .72000000E+00  .19089439E+01
   .76000000E+00  .19000486E+01
   .80000000E+00  .18911261E+01
   .84000000E+00  .18821761E+01
   .88000000E+00  .18731985E+01
   .92000000E+00  .18641931E+01
   .96000000E+00  .18551597E+01
   .10000000E+01  .18460980E+01
   .10400000E+01  .18370078E+01
   .10800000E+01  .18278890E+01
   .11200000E+01  .18187412E+01
   .11600000E+01  .18095643E+01
   .12000000E+01  .18003580E+01
   .12400000E+01  .17911222E+01
   .12800000E+01  .17818565E+01
   .13200000E+01  .17725608E+01
   .13600000E+01  .17632348E+01
   .14000000E+01  .17538783E+01
   .14400000E+01  .17444910E+01
   .14800000E+01  .17350726E+01
   .15200000E+01  .17256231E+01
   .15600000E+01  .17161420E+01
   .16000000E+01  .17066291E+01
   .16400000E+01  .16970842E+01
   .16800000E+01  .16875070E+01
   .17200000E+01  .16778973E+01
   .17600000E+01  .16682548E+01
   .18000000E+01  .16585792E+01
   .18400000E+01  .16488702E+01
   .18800000E+01  .16391277E+01
   .19200000E+01  .16293512E+01
   .19600000E+01  .16195405E+01
   .20000000E+01  .16096953E+01
KBPotential  L  =      4.00000    .00000
  -.20000000E+01  .30800042E+01
  -.19600000E+01  .30740098E+01
  -.19200000E+01  .30680061E+01
  -.18800000E+01  .30619930E+01
  -.18400000E+01  .30559706E+01
  -.18000000E+01  .30499388E+01
  -.17600000E+01  .30438975E+01
  -.17200000E+01  .30378467E+01
  -.16800000E+01  .30317864E+01
  -.16400000E+01  .30257166E+01
  -.16000000E+01  .30196371E+01
  -.15600000E+01  .30135480E+01
  -.15200000E+01  .30074492E+01
  -.14800000E+01  .30013407E+01
  -.14400000E+01  .29952224E+01
  -.14000000E+01  .29890943E+01
  -.13600000E+01  .29829564E+01
  -.13200000E+01  .29768086E+01
  -.12800000E+01  .29706508E+01
  -.12400000E+01  .29644831E+01
  -.12000000E+01  .29583054E+01
  -.11600000E+01  .29521176E+01
  -.11200000E+01  .29459197E+01
  -.10800000E+01  .29397116E+01
  -.10400000E+01  .29334934E+01
  -.10000000E+01  .29272649E+01
  -.96000000E+00  .29210262E+01
  -.92000000E+00  .29147772E+01
  -.88000000E+00  .29085178E+01
  -.84000000E+00  .29022479E+01
  -.80000000E+00  .28959677E+01
  -.76000000E+00  .28896769E+01
  -.72000000E+00  .28833756E+01
  -.68000000E+00  .28770637E+01
  -.64000000E+00  .28707412E+01
  -.60000000E+00  .28644079E+01
  -.56000000E+00  .28580640E+01
  -.52000000E+00  .28517093E+01
  -.48000000E+00  .28453438E+01
  -.44000000E+00  .28389673E+01
  -.40000000E+00  .28325800E+01
  -.36000000E+00  .28261817E+01
  -.32000000E+00  .28197724E+01
  -.28000000E+00  .28133520E+01
  -.24000000E+00  .28069205E+01
  -.20000000E+00  .28004778E+01
  -.16000000E+00  .27940239E+01
  -.12000000E+00  .27875588E+01
  -.80000000E-01  .27810823E+01
  -.40000000E-01  .27745945E+01
   .12351231E-14  .27680952E+01
   .40000000E-01  .27615845E+01
   .80000000E-01  .27550623E+01
   .12000000E+00  .27485285E+01
   .16000000E+00  .27419830E+01
   .20000000E+00  .27354259E+01
   .24000000E+00  .27288570E+01
   .28000000E+00  .27222763E+01
   .32000000E+00  .27156839E+01
   .36000000E+00  .27090794E+01
   .40000000E+00  .27024631E+01
   .44000000E+00  .26958347E+01
   .48000000E+00  .26891943E+01
   .52000000E+00  .26825418E+01
   .56000000E+00  .26758770E+01
   .60000000E+00  .26692000E+01
   .64000000E+00  .26625108E+01
   .68000000E+00  .26558092E+01
   .72000000E+00  .26490952E+01
   .76000000E+00  .26423687E+01
   .80000000E+00  .26356297E+01
   .84000000E+00  .26288781E+01
   .88000000E+00  .26221138E+01
   .92000000E+00  .26153369E+01
   .96000000E+00  .26085472E+01
   .10000000E+01  .26017446E+01
   .10400000E+01  .25949292E+01
   .10800000E+01  .25881008E+01
   .11200000E+01  .25812594E+01
   .11600000E+01  .25744049E+01
   .12000000E+01  .25675373E+01
   .12400000E+01  .25606564E+01
   .12800000E+01  .25537623E+01
   .13200000E+01  .25468549E+01
   .13600000E+01  .25399341E+01
   .14000000E+01  .25329997E+01
   .14400000E+01  .25260519E+01
   .14800000E+01  .25190904E+01
   .15200000E+01  .25121153E+01
   .15600000E+01  .25051265E+01
   .16000000E+01  .24981238E+01
   .16400000E+01  .24911073E+01
   .16800000E+01  .24840768E+01
   .17200000E+01  .24770323E+01
   .17600000E+01  .24699737E+01
   .18000000E+01  .24629010E+01
   .18400000E+01  .24558141E+01
   .18800000E+01  .24487128E+01
   .19200000E+01  .24415972E+01
   .19600000E+01  .24344671E+01
   .20000000E+01  .24273225E+01
