O: s2p4                                 
  .123701173E-04  .125691920E-04  .127714697E-04  .129770019E-04  .131858410E-04
  .133980402E-04  .136136535E-04  .138327358E-04  .140553429E-04  .142815314E-04
  .145113591E-04  .147448844E-04  .149821668E-04  .152232668E-04  .154682456E-04
  .157171657E-04  .159700905E-04  .162270844E-04  .164882128E-04  .167535422E-04
  .170231402E-04  .172970754E-04  .175754176E-04  .178582376E-04  .181456074E-04
  .184376003E-04  .187342905E-04  .190357535E-04  .193420662E-04  .196533065E-04
  .199695537E-04  .202908882E-04  .206173919E-04  .209491478E-04  .212862405E-04
  .216287558E-04  .219767807E-04  .223304040E-04  .226897156E-04  .230548070E-04
  .234257712E-04  .238027025E-04  .241856969E-04  .245748518E-04  .249702664E-04
  .253720412E-04  .257802785E-04  .261950822E-04  .266165579E-04  .270448129E-04
  .274799561E-04  .279220982E-04  .283713518E-04  .288278312E-04  .292916526E-04
  .297629339E-04  .302417952E-04  .307283582E-04  .312227468E-04  .317250867E-04
  .322355058E-04  .327541339E-04  .332811030E-04  .338165472E-04  .343606027E-04
  .349134078E-04  .354751033E-04  .360458320E-04  .366257392E-04  .372149722E-04
  .378136811E-04  .384220181E-04  .390401380E-04  .396681980E-04  .403063578E-04
  .409547798E-04  .416136288E-04  .422830725E-04  .429632811E-04  .436544277E-04
  .443566879E-04  .450702404E-04  .457952666E-04  .465319509E-04  .472804806E-04
  .480410462E-04  .488138409E-04  .495990613E-04  .503969071E-04  .512075810E-04
  .520312893E-04  .528682413E-04  .537186498E-04  .545827310E-04  .554607047E-04
  .563527939E-04  .572592255E-04  .581802299E-04  .591160413E-04  .600668973E-04
  .610330399E-04  .620147145E-04  .630121706E-04  .640256618E-04  .650554457E-04
  .661017839E-04  .671649423E-04  .682451912E-04  .693428050E-04  .704580627E-04
  .715912477E-04  .727426479E-04  .739125558E-04  .751012687E-04  .763090886E-04
  .775363224E-04  .787832819E-04  .800502838E-04  .813376500E-04  .826457075E-04
  .839747887E-04  .853252311E-04  .866973777E-04  .880915770E-04  .895081832E-04
  .909475560E-04  .924100609E-04  .938960695E-04  .954059590E-04  .969401128E-04
  .984989206E-04  .100082778E-03  .101692088E-03  .103327258E-03  .104988703E-03
  .106676846E-03  .108392115E-03  .110134946E-03  .111905780E-03  .113705068E-03
  .115533266E-03  .117390838E-03  .119278255E-03  .121195997E-03  .123144551E-03
  .125124410E-03  .127136078E-03  .129180064E-03  .131256887E-03  .133367075E-03
  .135511163E-03  .137689694E-03  .139903221E-03  .142152307E-03  .144437521E-03
  .146759443E-03  .149118662E-03  .151515776E-03  .153951394E-03  .156426134E-03
  .158940622E-03  .161495496E-03  .164091405E-03  .166729006E-03  .169408968E-03
  .172131972E-03  .174898706E-03  .177709873E-03  .180566186E-03  .183468367E-03
  .186417154E-03  .189413293E-03  .192457543E-03  .195550677E-03  .198693478E-03
  .201886742E-03  .205131280E-03  .208427912E-03  .211777474E-03  .215180815E-03
  .218638796E-03  .222152295E-03  .225722201E-03  .229349418E-03  .233034865E-03
  .236779475E-03  .240584197E-03  .244449994E-03  .248377845E-03  .252368745E-03
  .256423704E-03  .260543749E-03  .264729923E-03  .268983285E-03  .273304912E-03
  .277695899E-03  .282157356E-03  .286690413E-03  .291296216E-03  .295975932E-03
  .300730744E-03  .305561855E-03  .310470488E-03  .315457885E-03  .320525306E-03
  .325674035E-03  .330905373E-03  .336220643E-03  .341621190E-03  .347108379E-03
  .352683597E-03  .358348255E-03  .364103785E-03  .369951641E-03  .375893302E-03
  .381930269E-03  .388064069E-03  .394296252E-03  .400628392E-03  .407062090E-03
  .413598972E-03  .420240688E-03  .426988917E-03  .433845364E-03  .440811760E-03
  .447889865E-03  .455081467E-03  .462388381E-03  .469812453E-03  .477355557E-03
  .485019598E-03  .492806511E-03  .500718260E-03  .508756843E-03  .516924289E-03
  .525222659E-03  .533654047E-03  .542220580E-03  .550924420E-03  .559767762E-03
  .568752837E-03  .577881911E-03  .587157288E-03  .596581304E-03  .606156338E-03
  .615884803E-03  .625769152E-03  .635811876E-03  .646015507E-03  .656382617E-03
  .666915818E-03  .677617764E-03  .688491152E-03  .699538721E-03  .710763254E-03
  .722167579E-03  .733754567E-03  .745527136E-03  .757488252E-03  .769640925E-03
  .781988216E-03  .794533231E-03  .807279129E-03  .820229117E-03  .833386454E-03
  .846754451E-03  .860336471E-03  .874135930E-03  .888156299E-03  .902401105E-03
  .916873930E-03  .931578413E-03  .946518250E-03  .961697197E-03  .977119070E-03
  .992787744E-03  .100870716E-02  .102488131E-02  .104131426E-02  .105801014E-02
  .107497315E-02  .109220754E-02  .110971764E-02  .112750785E-02  .114558263E-02
  .116394652E-02  .118260413E-02  .120156014E-02  .122081931E-02  .124038647E-02
  .126026652E-02  .128046446E-02  .130098534E-02  .132183432E-02  .134301662E-02
  .136453754E-02  .138640249E-02  .140861694E-02  .143118646E-02  .145411671E-02
  .147741341E-02  .150108242E-02  .152512966E-02  .154956114E-02  .157438299E-02
  .159960141E-02  .162522272E-02  .165125333E-02  .167769975E-02  .170456860E-02
  .173186659E-02  .175960055E-02  .178777742E-02  .181640424E-02  .184548816E-02
  .187503645E-02  .190505650E-02  .193555580E-02  .196654197E-02  .199802274E-02
  .203000599E-02  .206249969E-02  .209551195E-02  .212905102E-02  .216312525E-02
  .219774315E-02  .223291335E-02  .226864463E-02  .230494588E-02  .234182617E-02
  .237929468E-02  .241736075E-02  .245603386E-02  .249532364E-02  .253523988E-02
  .257579252E-02  .261699165E-02  .265884753E-02  .270137056E-02  .274457134E-02
  .278846060E-02  .283304927E-02  .287834841E-02  .292436931E-02  .297112339E-02
  .301862227E-02  .306687775E-02  .311590182E-02  .316570664E-02  .321630459E-02
  .326770822E-02  .331993029E-02  .337298375E-02  .342688177E-02  .348163770E-02
  .353726513E-02  .359377783E-02  .365118983E-02  .370951533E-02  .376876879E-02
  .382896487E-02  .389011849E-02  .395224477E-02  .401535909E-02  .407947706E-02
  .414461455E-02  .421078765E-02  .427801273E-02  .434630639E-02  .441568552E-02
  .448616724E-02  .455776897E-02  .463050837E-02  .470440341E-02  .477947231E-02
  .485573360E-02  .493320607E-02  .501190883E-02  .509186128E-02  .517308312E-02
  .525559435E-02  .533941529E-02  .542456658E-02  .551106918E-02  .559894437E-02
  .568821376E-02  .577889931E-02  .587102331E-02  .596460839E-02  .605967755E-02
  .615625415E-02  .625436188E-02  .635402483E-02  .645526745E-02  .655811459E-02
  .666259145E-02  .676872365E-02  .687653719E-02  .698605849E-02  .709731437E-02
  .721033207E-02  .732513923E-02  .744176396E-02  .756023476E-02  .768058061E-02
  .780283091E-02  .792701553E-02  .805316481E-02  .818130952E-02  .831148095E-02
  .844371086E-02  .857803148E-02  .871447557E-02  .885307637E-02  .899386764E-02
  .913688366E-02  .928215925E-02  .942972975E-02  .957963106E-02  .973189961E-02
  .988657242E-02  .100436870E-01  .102032817E-01  .103653950E-01  .105300664E-01
  .106973357E-01  .108672436E-01  .110398312E-01  .112151404E-01  .113932135E-01
  .115740937E-01  .117578246E-01  .119444509E-01  .121340175E-01  .123265702E-01
  .125221556E-01  .127208208E-01  .129226139E-01  .131275834E-01  .133357788E-01
  .135472501E-01  .137620485E-01  .139802255E-01  .142018336E-01  .144269262E-01
  .146555573E-01  .148877819E-01  .151236557E-01  .153632353E-01  .156065782E-01
  .158537428E-01  .161047882E-01  .163597747E-01  .166187631E-01  .168818156E-01
  .171489950E-01  .174203652E-01  .176959909E-01  .179759380E-01  .182602733E-01
  .185490646E-01  .188423807E-01  .191402916E-01  .194428680E-01  .197501821E-01
  .200623069E-01  .203793165E-01  .207012864E-01  .210282928E-01  .213604134E-01
  .216977270E-01  .220403134E-01  .223882538E-01  .227416305E-01  .231005272E-01
  .234650286E-01  .238352208E-01  .242111913E-01  .245930287E-01  .249808231E-01
  .253746658E-01  .257746495E-01  .261808684E-01  .265934179E-01  .270123951E-01
  .274378983E-01  .278700273E-01  .283088835E-01  .287545697E-01  .292071902E-01
  .296668510E-01  .301336596E-01  .306077250E-01  .310891579E-01  .315780706E-01
  .320745771E-01  .325787930E-01  .330908358E-01  .336108245E-01  .341388800E-01
  .346751249E-01  .352196837E-01  .357726826E-01  .363342498E-01  .369045152E-01
  .374836107E-01  .380716703E-01  .386688296E-01  .392752266E-01  .398910008E-01
  .405162944E-01  .411512510E-01  .417960167E-01  .424507398E-01  .431155703E-01
  .437906609E-01  .444761661E-01  .451722430E-01  .458790508E-01  .465967508E-01
  .473255071E-01  .480654857E-01  .488168554E-01  .495797871E-01  .503544543E-01
  .511410332E-01  .519397021E-01  .527506423E-01  .535740374E-01  .544100737E-01
  .552589403E-01  .561208289E-01  .569959339E-01  .578844525E-01  .587865848E-01
  .597025336E-01  .606325048E-01  .615767070E-01  .625353519E-01  .635086542E-01
  .644968315E-01  .655001047E-01  .665186975E-01  .675528372E-01  .686027539E-01
  .696686811E-01  .707508557E-01  .718495177E-01  .729649107E-01  .740972814E-01
  .752468802E-01  .764139610E-01  .775987812E-01  .788016016E-01  .800226870E-01
  .812623055E-01  .825207291E-01  .837982337E-01  .850950987E-01  .864116077E-01
  .877480479E-01  .891047107E-01  .904818914E-01  .918798893E-01  .932990079E-01
  .947395549E-01  .962018420E-01  .976861854E-01  .991929055E-01  .100722327E+00
  .102274779E+00  .103850595E+00  .105450114E+00  .107073678E+00  .108721634E+00
  .110394334E+00  .112092136E+00  .113815400E+00  .115564494E+00  .117339788E+00
  .119141659E+00  .120970487E+00  .122826660E+00  .124710569E+00  .126622610E+00
  .128563185E+00  .130532702E+00  .132531572E+00  .134560215E+00  .136619053E+00
  .138708516E+00  .140829038E+00  .142981059E+00  .145165026E+00  .147381390E+00
  .149630609E+00  .151913146E+00  .154229472E+00  .156580061E+00  .158965395E+00
  .161385963E+00  .163842258E+00  .166334781E+00  .168864039E+00  .171430544E+00
  .174034817E+00  .176677383E+00  .179358776E+00  .182079536E+00  .184840208E+00
  .187641346E+00  .190483509E+00  .193367266E+00  .196293189E+00  .199261860E+00
  .202273868E+00  .205329808E+00  .208430282E+00  .211575901E+00  .214767283E+00
  .218005053E+00  .221289843E+00  .224622294E+00  .228003054E+00  .231432778E+00
  .234912130E+00  .238441783E+00  .242022415E+00  .245654714E+00  .249339375E+00
  .253077103E+00  .256868610E+00  .260714616E+00  .264615849E+00  .268573048E+00
  .272586958E+00  .276658333E+00  .280787936E+00  .284976539E+00  .289224922E+00
  .293533874E+00  .297904194E+00  .302336689E+00  .306832175E+00  .311391477E+00
  .316015430E+00  .320704876E+00  .325460669E+00  .330283672E+00  .335174754E+00
  .340134798E+00  .345164694E+00  .350265342E+00  .355437651E+00  .360682541E+00
  .366000940E+00  .371393787E+00  .376862030E+00  .382406629E+00  .388028551E+00
  .393728774E+00  .399508286E+00  .405368086E+00  .411309182E+00  .417332592E+00
  .423439344E+00  .429630478E+00  .435907042E+00  .442270095E+00  .448720706E+00
  .455259956E+00  .461888934E+00  .468608741E+00  .475420487E+00  .482325294E+00
  .489324292E+00  .496418625E+00  .503609444E+00  .510897913E+00  .518285204E+00
  .525772501E+00  .533360999E+00  .541051902E+00  .548846426E+00  .556745795E+00
  .564751246E+00  .572864025E+00  .581085389E+00  .589416605E+00  .597858950E+00
  .606413713E+00  .615082191E+00  .623865693E+00  .632765538E+00  .641783053E+00
  .650919578E+00  .660176461E+00  .669555062E+00  .679056749E+00  .688682900E+00
  .698434905E+00  .708314161E+00  .718322076E+00  .728460067E+00  .738729561E+00
  .749131994E+00  .759668812E+00  .770341467E+00  .781151425E+00  .792100158E+00
  .803189146E+00  .814419879E+00  .825793855E+00  .837312581E+00  .848977571E+00
  .860790348E+00  .872752443E+00  .884865393E+00  .897130745E+00  .909550051E+00
  .922124872E+00  .934856773E+00  .947747330E+00  .960798121E+00  .974010733E+00
  .987386758E+00  .100092779E+01  .101463544E+01  .102851132E+01  .104255703E+01
  .105677419E+01  .107116443E+01  .108572938E+01  .110047065E+01  .111538990E+01
  .113048875E+01  .114576884E+01  .116123181E+01  .117687932E+01  .119271300E+01
  .120873449E+01  .122494546E+01  .124134754E+01  .125794239E+01  .127473164E+01
  .129171695E+01  .130889996E+01  .132628232E+01  .134386566E+01  .136165163E+01
  .137964185E+01  .139783797E+01  .141624160E+01  .143485436E+01  .145367788E+01
  .147271377E+01  .149196362E+01  .151142903E+01  .153111160E+01  .155101289E+01
  .157113449E+01  .159147795E+01  .161204482E+01  .163283664E+01  .165385494E+01
  .167510123E+01  .169657701E+01  .171828377E+01  .174022299E+01  .176239611E+01
  .178480458E+01  .180744982E+01  .183033324E+01  .185345621E+01  .187682011E+01
  .190042628E+01  .192427604E+01  .194837069E+01  .197271151E+01  .199729975E+01
  .202213663E+01  .204722337E+01  .207256112E+01  .209815104E+01  .212399424E+01
  .215009180E+01  .217644478E+01  .220305419E+01  .222992102E+01  .225704623E+01
  .228443072E+01  .231207537E+01  .233998103E+01  .236814848E+01  .239657850E+01
  .242527179E+01  .245422903E+01  .248345085E+01  .251293783E+01  .254269050E+01
  .257270934E+01  .260299481E+01  .263354727E+01  .266436706E+01  .269545447E+01
  .272680971E+01  .275843295E+01  .279032430E+01  .282248381E+01  .285491146E+01
  .288760717E+01  .292057082E+01  .295380219E+01  .298730100E+01  .302106693E+01
  .305509956E+01  .308939840E+01  .312396290E+01  .315879242E+01  .319388627E+01
  .322924365E+01  .326486370E+01  .330074547E+01  .333688793E+01  .337328997E+01
  .340995039E+01  .344686790E+01  .348404113E+01  .352146860E+01  .355914875E+01
  .359707992E+01  .363526038E+01  .367368826E+01  .371236162E+01  .375127840E+01
  .379043646E+01  .382983354E+01  .386946727E+01  .390933519E+01  .394943471E+01
  .398976315E+01  .403031770E+01  .407109544E+01  .411209334E+01  .415330824E+01
  .419473689E+01  .423637589E+01  .427822172E+01  .432027075E+01  .436251923E+01
  .440496325E+01  .444759881E+01  .449042176E+01  .453342782E+01  .457661259E+01
  .461997152E+01  .466349994E+01  .470719302E+01  .475104582E+01  .479505325E+01
  .483921007E+01  .488351092E+01  .492795027E+01  .497252247E+01  .501722172E+01
  .506204207E+01  .510697741E+01  .515202152E+01  .519716799E+01  .524241028E+01
  .528774172E+01  .533315545E+01  .537864448E+01  .542420167E+01  .546981972E+01
  .551549119E+01  .556120847E+01  .560696381E+01  .565274930E+01  .569855688E+01
  .574437833E+01  .579020528E+01  .583602922E+01  .588184146E+01  .592763317E+01
  .597339538E+01  .601911895E+01  .606479460E+01  .611041288E+01  .615596422E+01
  .620143887E+01  .624682696E+01  .629211845E+01  .633730316E+01  .638237078E+01
  .642731083E+01  .647211272E+01  .651676569E+01  .656125886E+01  .660558121E+01
  .664972158E+01  .669366868E+01  .673741110E+01  .678093729E+01  .682423558E+01
  .686729418E+01  .691010117E+01  .695264454E+01  .699491213E+01  .703689169E+01
  .707857087E+01  .711993720E+01  .716097814E+01  .720168101E+01  .724203307E+01
  .728202149E+01  .732163335E+01  .736085565E+01  .739967533E+01  .743807925E+01
  .747605420E+01  .751358692E+01  .755066409E+01  .758727236E+01  .762339831E+01
  .765902850E+01  .769414946E+01  .772874768E+01  .776280965E+01  .779632185E+01
  .782927072E+01  .786164274E+01  .789342438E+01  .792460213E+01  .795516249E+01
  .798509201E+01  .801437726E+01  .804300486E+01  .807096148E+01  .809823386E+01
  .812480879E+01  .815067316E+01  .817581393E+01  .820021815E+01  .822387298E+01
  .824676569E+01  .826888367E+01  .829021444E+01  .831074565E+01  .833046510E+01
  .834936075E+01  .836742073E+01  .838463333E+01  .840098704E+01  .841647055E+01
  .843107272E+01  .844478267E+01  .845758972E+01  .846948342E+01  .848045358E+01
  .849049025E+01  .849958375E+01  .850772468E+01  .851490392E+01  .852111265E+01
  .852634235E+01  .853058482E+01  .853383219E+01  .853607690E+01  .853731178E+01
  .853752999E+01  .853672505E+01  .853489088E+01  .853202176E+01  .852811239E+01
  .852315787E+01  .851715372E+01  .851009586E+01  .850198067E+01  .849280499E+01
  .848256607E+01  .847126166E+01  .845888996E+01  .844544966E+01  .843093994E+01
  .841536048E+01  .839871145E+01  .838099355E+01  .836220800E+01  .834235653E+01
  .832144143E+01  .829946552E+01  .827643216E+01  .825234528E+01  .822720936E+01
  .820102947E+01  .817381121E+01  .814556079E+01  .811628499E+01  .808599117E+01
  .805468730E+01  .802238191E+01  .798908416E+01  .795480377E+01  .791955109E+01
  .788333706E+01  .784617322E+01  .780807172E+01  .776904531E+01  .772910734E+01
  .768827176E+01  .764655312E+01  .760396659E+01  .756052791E+01  .751625342E+01
  .747116006E+01  .742526535E+01  .737858738E+01  .733114484E+01  .728295696E+01
  .723404357E+01  .718442502E+01  .713412224E+01  .708315667E+01  .703155033E+01
  .697932570E+01  .692650584E+01  .687311426E+01  .681917498E+01  .676471252E+01
  .670975184E+01  .665431835E+01  .659843794E+01  .654213689E+01  .648544190E+01
  .642838008E+01  .637097892E+01  .631326625E+01  .625527027E+01  .619701951E+01
  .613854280E+01  .607986928E+01  .602102836E+01  .596204967E+01  .590296314E+01
  .584379885E+01  .578458711E+01  .572535839E+01  .566614331E+01  .560697262E+01
  .554787716E+01  .548888787E+01  .543003574E+01  .537135178E+01  .531286703E+01
  .525461250E+01  .519661918E+01  .513891795E+01  .508153965E+01  .502451499E+01
  .496787452E+01  .491164865E+01  .485586757E+01  .480056128E+01  .474575951E+01
  .469149174E+01  .463778716E+01  .458467460E+01  .453218259E+01  .448033926E+01
  .442917236E+01  .437870918E+01  .432897662E+01  .428000105E+01  .423180838E+01
  .418442398E+01  .413787269E+01  .409217877E+01  .404736589E+01  .400345711E+01
  .396047484E+01  .391844086E+01  .387737624E+01  .383730137E+01  .379823591E+01
  .376019880E+01  .372320819E+01  .368728149E+01  .365243530E+01  .361868540E+01
  .358604676E+01  .355453351E+01  .352415891E+01  .349493538E+01  .346687442E+01
  .343998667E+01  .341428184E+01  .338976874E+01  .336645525E+01  .334434830E+01
  .332345390E+01  .330377709E+01  .328532196E+01  .326809164E+01  .325208827E+01
  .323731305E+01  .322376616E+01  .321144683E+01  .320035330E+01  .319048280E+01
  .318183159E+01  .317439495E+01  .316816714E+01  .316314147E+01  .315931022E+01
  .315666471E+01  .315519527E+01  .315489124E+01  .315574098E+01  .315773190E+01
  .316085040E+01  .316508195E+01  .317041106E+01  .317682127E+01  .318429520E+01
  .319281453E+01  .320236004E+01  .321291160E+01  .322444818E+01  .323694790E+01
  .325038801E+01  .326474494E+01  .327999432E+01  .329611097E+01  .331306898E+01
  .333084168E+01  .334940170E+01  .336872101E+01  .338877092E+01  .340952212E+01
  .343094474E+01  .345300833E+01  .347568194E+01  .349893412E+01  .352273298E+01
  .354704620E+01  .357184107E+01  .359708453E+01  .362274321E+01  .364878342E+01
  .367517125E+01  .370187255E+01  .372885299E+01  .375607806E+01  .378351315E+01
  .381112355E+01  .383887450E+01  .386673119E+01  .389465883E+01  .392262266E+01
  .395058800E+01  .397852026E+01  .400638499E+01  .403414788E+01  .406177484E+01
  .408923200E+01  .411648575E+01  .414350275E+01  .417025001E+01  .419669487E+01
  .422280504E+01  .424854866E+01  .427389430E+01  .429881101E+01  .432326831E+01
  .434723627E+01  .437068550E+01  .439358717E+01  .441591309E+01  .443763567E+01
  .445872798E+01  .447916377E+01  .449891748E+01  .451796429E+01  .453628009E+01
  .455384156E+01  .457062614E+01  .458661209E+01  .460177847E+01  .461610519E+01
  .462957298E+01  .464216347E+01  .465385913E+01  .466464334E+01  .467450037E+01
  .468341542E+01  .469137458E+01  .469836489E+01  .470437432E+01  .470939176E+01
  .471340709E+01  .471641109E+01  .471839552E+01  .471935310E+01  .471927748E+01
  .471816329E+01  .471600611E+01  .471280244E+01  .470854976E+01  .470324649E+01
  .469689197E+01  .468948648E+01  .468103123E+01  .467152833E+01  .466098081E+01
  .464939258E+01  .463676843E+01  .462311406E+01  .460843597E+01  .459274155E+01
  .457603900E+01  .455833733E+01  .453964636E+01  .451997667E+01  .449933964E+01
  .447774735E+01  .445521263E+01  .443174902E+01  .440737072E+01  .438209262E+01
  .435593023E+01  .432889969E+01  .430101776E+01  .427230172E+01  .424276945E+01
  .421243934E+01  .418133029E+01  .414946166E+01  .411685329E+01  .408352542E+01
  .404949873E+01  .401479425E+01  .397943337E+01  .394343782E+01  .390682961E+01
  .386963099E+01  .383186456E+01  .379355298E+01  .375471924E+01  .371538651E+01
  .367557799E+01  .363531716E+01  .359462744E+01  .355353250E+01  .351205590E+01
  .347022134E+01  .342805245E+01  .338557292E+01  .334280628E+01  .329977615E+01
  .325650589E+01  .321301892E+01  .316933838E+01  .312548738E+01  .308148876E+01
  .303736528E+01  .299313934E+01  .294883329E+01  .290446904E+01  .286006843E+01
  .281565285E+01  .277124352E+01  .272686126E+01  .268252662E+01  .263825975E+01
  .259408052E+01  .255000834E+01  .250606234E+01  .246226115E+01  .241862310E+01
  .237516601E+01  .233190736E+01  .228886412E+01  .224605290E+01  .220348977E+01
  .216119045E+01  .211917007E+01  .207744343E+01  .203602473E+01  .199492781E+01
  .195416590E+01  .191375189E+01  .187369804E+01  .183401625E+01  .179471782E+01
  .175581365E+01  .171731407E+01  .167922900E+01  .164156778E+01  .160433936E+01
  .156755211E+01  .153121399E+01  .149533242E+01  .145991440E+01  .142496638E+01
  .139049445E+01  .135650410E+01  .132300050E+01  .128998823E+01  .125747155E+01
  .122545415E+01  .119393940E+01  .116293014E+01  .113242888E+01  .110243762E+01
  .107295805E+01  .104399136E+01  .101553845E+01  .987599733E+00  .960175347E+00
  .933264962E+00  .906867984E+00  .880983416E+00  .855609933E+00  .830745882E+00
  .806389290E+00  .782537871E+00  .759189038E+00  .736339916E+00  .713987344E+00
  .692127891E+00  .670757867E+00  .649873328E+00  .629470090E+00  .609543736E+00
  .590089632E+00  .571102931E+00  .552578585E+00  .534511358E+00  .516895832E+00
  .499726421E+00  .482997378E+00  .466702806E+00  .450836670E+00  .435392803E+00
  .420364918E+00  .405746620E+00  .391531410E+00  .377712699E+00  .364283816E+00
  .351238015E+00  .338568489E+00  .326268372E+00  .314330754E+00  .302748685E+00
  .291515185E+00  .280623255E+00  .270065877E+00  .259836029E+00  .249926689E+00
  .240330844E+00  .231041495E+00  .222051664E+00  .213354400E+00  .204942790E+00
  .196809957E+00  .188949071E+00  .181353354E+00  .174016084E+00  .166930600E+00
  .160090307E+00  .153488682E+00  .147119275E+00  .140975715E+00  .135051715E+00
  .129341073E+00  .123837677E+00  .118535506E+00  .113428636E+00  .108511239E+00
  .103777589E+00  .992220618E-01  .948391372E-01  .906234017E-01  .865695494E-01
  .826723838E-01  .789268187E-01  .753278796E-01  .718707041E-01  .685505433E-01
  .653627618E-01  .623028383E-01  .593663661E-01  .565490530E-01  .538467215E-01
  .512553084E-01  .487708651E-01  .463895569E-01  .441076624E-01  .419215735E-01
  .398277943E-01  .378229401E-01  .359037371E-01  .340670206E-01  .323097343E-01
  .306289285E-01  .290217583E-01  .274854821E-01  .260174592E-01  .246151473E-01
  .232760995E-01  .219979619E-01  .207784692E-01  .196154419E-01  .185067816E-01
  .174504670E-01  .164445494E-01  .154871483E-01  .145764467E-01  .137106866E-01
  .128881647E-01  .121072284E-01  .113662721E-01  .106637340E-01  .999809298E-02
  .936786635E-02  .877160802E-02  .820790696E-02  .767538616E-02  .717270199E-02
  .669854390E-02  .625163427E-02  .583072866E-02  .543461599E-02  .506211902E-02
  .471209470E-02  .438343467E-02  .407506560E-02  .378594960E-02  .351508442E-02
  .326150364E-02  .302427675E-02  .280250906E-02  .259534153E-02  .240195054E-02
  .222154743E-02  .205337810E-02  .189672236E-02  .175089329E-02  .161523652E-02
  .148912942E-02  .137198024E-02  .126322722E-02  .116233763E-02  .106880682E-02
  .982157238E-03  .901937419E-03  .827720976E-03  .759105598E-03  .695712041E-03
  .637183130E-03  .583182783E-03  .533395036E-03  .487523098E-03  .445288426E-03
  .406429821E-03  .370702552E-03  .337877505E-03  .307740359E-03  .280090797E-03
  .254741736E-03  .231518594E-03  .210258584E-03  .190810037E-03  .173031751E-03
  .156792378E-03  .141969828E-03  .128450705E-03  .116129778E-03  .104909460E-03
  .946993350E-04  .854156891E-04  .769810812E-04  .693239281E-04  .623781157E-04
  .560826300E-04  .503812104E-04  .452220211E-04  .405573436E-04  .363432854E-04
  .325395076E-04  .291089681E-04  .260176815E-04  .232344932E-04  .207308685E-04
  .184806952E-04  .164600983E-04  .146472685E-04  .130223003E-04  .115670428E-04
  .102649601E-04  .910100060E-05  .806147734E-05  .713395522E-05  .630714732E-05
  .557081853E-05  .491569637E-05  .433338852E-05  .381630666E-05  .335759614E-05
  .295107113E-05  .259115491E-05  .227282511E-05  .199156263E-05  .174330626E-05
  .152440900E-05  .133160013E-05  .116194890E-05  .101283213E-05  .881904402E-06
  .767070915E-06  .666462716E-06  .578414172E-06  .501442485E-06  .434229085E-06
  .375602737E-06  .324524202E-06  .280072954E-06  .241432189E-06  .207885073E-06
  .178788717E-06  .153586586E-06  .131778190E-06  .112929320E-06  .966581813E-07
  .826294811E-07  .705491310E-07  .601595042E-07  .512351989E-07  .435792577E-07
  .370197978E-07  .314070116E-07  .266105016E-07  .225169132E-07  .190278371E-07
  .160579526E-07  .135333855E-07  .113902586E-07  .957341402E-08  .803528829E-08
  .673492319E-08  .563709754E-08  .471156607E-08  .393239315E-08  .327737033E-08
  .272750802E-08  .226659246E-08  .188080007E-08  .155836246E-08  .128927571E-08
  .106504848E-08  .878484179E-09  .723492765E-09  .594928492E-09  .488450181E-09
  .400401108E-09  .327705906E-09  .267782220E-09  .218465115E-09  .177942516E-09
  .144700141E-09  .117474624E-09  .952136672E-10  .770422270E-10  .622338707E-10
  .501865500E-10  .404021483E-10  .324692428E-10  .260486006E-10  .208609972E-10
  .166770032E-10  .133084366E-10  .106012212E-10  .842943136E-11  .669033452E-11
  .530027197E-11  .419124247E-11  .330807403E-11  .260608690E-11  .204916624E-11
  .160817552E-11  .125965303E-11  .984742954E-12  .768320561E-12  .598277638E-12
  .464939971E-12  .360593421E-12  .279099116E-12  .215581635E-12  .166176853E-12
  .127828455E-12  .981240608E-13  .751635186E-13  .574532906E-13  .438219268E-13
  .333525670E-13  .253291558E-13  .191936768E-13  .145122232E-13  .109481381E-13
  .824079858E-14  .618889564E-14  .463728613E-14  .346667784E-14  .258555542E-14
  .192387498E-14  .142815143E-14  .105763987E-14  .781374375E-15  .575877224E-15
  .423390929E-15  .310517127E-15  .227171225E-15  .165781531E-15  .120677216E-15
  .876217481E-16  .634581110E-16  .458397245E-16  .330268728E-16  .237330960E-16
  .170095821E-16  .121583864E-16  .866746222E-17  .616215036E-17  .436905450E-17
  .308921343E-17  .217823141E-17  .153160247E-17  .107390102E-17  .750842313E-18
  .523467313E-18  .363895528E-18  .252231943E-18  .174320910E-18  .120119813E-18
  .825249423E-19  .565263308E-19  .386012023E-19  .262799623E-19  .178365901E-19
  .120684457E-19  .814015010E-20  .547323509E-20  .366838897E-20  .245084093E-20
  .163212017E-20  .108336575E-20  .716758159E-21  .472643060E-21  .310631469E-21
  .203468638E-21  .132824322E-21  .864119864E-22  .560240727E-22  .361965875E-22
  .233045492E-22  .149513936E-22  .955824594E-23  .608860572E-23  .386445358E-23
  .244385987E-23  .153981921E-23  .966619513E-24  .604534150E-24  .376662630E-24
  .233796227E-24  .144564773E-24  .890459394E-25  .546360078E-25  .333920761E-25
  .203279616E-25  .123258363E-25  .744384322E-26  .447736277E-26  .268211548E-26
  .160010524E-26  .950651111E-27  .562446015E-27  .331369873E-27  .194403013E-27
  .113562762E-27  .660536695E-28  .382534799E-28  .220568137E-28  .126618491E-28
  .723633407E-29  .411710234E-29  .233185012E-29  .131470930E-29  .737841451E-30
  .412177748E-30  .229180700E-30  .126831536E-30  .698579352E-31  .382936677E-31
  .208902780E-31  .113409827E-31  .612673943E-32  .329354270E-32  .176171285E-32
  .937621415E-33  .496504263E-33  .261579600E-33  .137104720E-33  .714908828E-34
  .370834873E-34  .191347997E-34  .982115044E-35  .501391997E-35  .254595296E-35
  .128576768E-35  .645795242E-36  .322573207E-36  .160229919E-36  .791446218E-37
  .388724692E-37  .189839276E-37  .921792924E-38  .445004104E-38  .213578648E-38
  .101904764E-38  .483340832E-39  .227884178E-39  .106796183E-39  .497458876E-40
  .230301827E-40  .105963188E-40  .484516542E-41  .220159034E-41  .994069864E-42
  .445992765E-42  .198814049E-42  .880546604E-43  .387454882E-43  .169367767E-43
  .735458828E-44  .317234866E-44  .135917441E-44  .578386046E-45  .244447268E-45
  .102601469E-45  .427660399E-46  .177009853E-46  .727485735E-47  .296862720E-47
  .120272489E-47  .483761739E-48  .193164028E-48  .765641127E-49  .301233363E-49
  .117634324E-49  .455923932E-50  .175368676E-50  .669401581E-51  .253553779E-51
  .952961719E-52  .355366103E-52  .131475451E-52  .482563209E-53  .175702198E-53
  .634579281E-54  .227327850E-54  .807702572E-55  .284613649E-55  .994598682E-56
  .344711767E-56  .118504560E-56  .404362981E-57  .137463155E-57  .467526497E-58
  .163538509E-58  .617411276E-59  .291809969E-59  .220309312E-59  .000000000E+00
  .000000000E+00  .000000000E+00  .000000000E+00  .000000000E+00  .000000000E+00
  .000000000E+00  .000000000E+00  .000000000E+00  .000000000E+00  .000000000E+00
  .000000000E+00  .000000000E+00  .000000000E+00  .000000000E+00  .000000000E+00
  .000000000E+00  .000000000E+00  .000000000E+00  .000000000E+00  .000000000E+00
  .000000000E+00  .000000000E+00  .000000000E+00  .000000000E+00  .000000000E+00
  .000000000E+00  .000000000E+00  .000000000E+00  .000000000E+00  .000000000E+00
  .000000000E+00  .000000000E+00  .000000000E+00  .000000000E+00  .000000000E+00
  .000000000E+00  .000000000E+00  .000000000E+00  .000000000E+00  .000000000E+00
  .000000000E+00  .000000000E+00  .000000000E+00  .000000000E+00  .000000000E+00
  .000000000E+00  .000000000E+00  .000000000E+00  .000000000E+00  .000000000E+00
  .000000000E+00  .000000000E+00  .000000000E+00  .000000000E+00  .000000000E+00
  .000000000E+00  .000000000E+00  .000000000E+00  .000000000E+00  .000000000E+00
  .000000000E+00  .000000000E+00  .000000000E+00  .000000000E+00  .000000000E+00
  .000000000E+00  .000000000E+00  .000000000E+00  .000000000E+00  .000000000E+00
  .000000000E+00  .000000000E+00  .000000000E+00  .000000000E+00  .000000000E+00
  .000000000E+00  .000000000E+00  .000000000E+00  .000000000E+00  .000000000E+00
  .000000000E+00  .000000000E+00  .000000000E+00  .000000000E+00  .000000000E+00
  .000000000E+00  .000000000E+00  .000000000E+00  .000000000E+00  .000000000E+00
  .000000000E+00  .000000000E+00  .000000000E+00  .000000000E+00  .000000000E+00
  .000000000E+00  .000000000E+00  .000000000E+00  .000000000E+00  .000000000E+00
  .000000000E+00  .000000000E+00  .000000000E+00  .000000000E+00  .000000000E+00
  .000000000E+00  .000000000E+00  .000000000E+00  .000000000E+00  .000000000E+00
  .000000000E+00  .000000000E+00  .000000000E+00  .000000000E+00  .000000000E+00
  .000000000E+00  .000000000E+00  .000000000E+00  .000000000E+00  .000000000E+00
  .000000000E+00  .000000000E+00  .000000000E+00  .000000000E+00  .000000000E+00
  .000000000E+00  .000000000E+00  .000000000E+00  .000000000E+00  .000000000E+00
  .000000000E+00  .000000000E+00  .000000000E+00  .000000000E+00  .000000000E+00
  .000000000E+00  .000000000E+00  .000000000E+00  .000000000E+00  .000000000E+00
  .000000000E+00  .000000000E+00  .000000000E+00  .000000000E+00  .000000000E+00
  .000000000E+00  .000000000E+00  .000000000E+00  .000000000E+00  .000000000E+00
  .000000000E+00  .000000000E+00  .000000000E+00  .000000000E+00  .000000000E+00
  .000000000E+00  .000000000E+00  .000000000E+00  .000000000E+00  .000000000E+00
  .000000000E+00  .000000000E+00  .000000000E+00  .000000000E+00  .000000000E+00
  .000000000E+00  .000000000E+00  .000000000E+00  .000000000E+00  .000000000E+00
  .000000000E+00  .000000000E+00  .000000000E+00  .000000000E+00  .000000000E+00
  .000000000E+00  .000000000E+00  .000000000E+00  .000000000E+00  .000000000E+00
  .000000000E+00  .000000000E+00  .000000000E+00  .000000000E+00  .000000000E+00
  .000000000E+00  .000000000E+00  .000000000E+00  .000000000E+00  .000000000E+00
  .000000000E+00  .000000000E+00  .000000000E+00  .000000000E+00  .000000000E+00
  .000000000E+00  .000000000E+00  .000000000E+00  .000000000E+00  .000000000E+00
  .000000000E+00  .000000000E+00  .000000000E+00  .000000000E+00  .000000000E+00
  .000000000E+00  .000000000E+00  .000000000E+00  .000000000E+00  .000000000E+00
  .000000000E+00  .000000000E+00  .000000000E+00  .000000000E+00  .000000000E+00
