  PAW_GGA Hf 6May2002                    
 100
Core Pot   L  =         .00000   -.34995
  -.30000000E+01  .14721962E+01
  -.29500000E+01  .14545517E+01
  -.29000000E+01  .14367343E+01
  -.28500000E+01  .14187365E+01
  -.28000000E+01  .14005506E+01
  -.27500000E+01  .13821691E+01
  -.27000000E+01  .13635840E+01
  -.26500000E+01  .13447872E+01
  -.26000000E+01  .13257704E+01
  -.25500000E+01  .13065248E+01
  -.25000000E+01  .12870416E+01
  -.24500000E+01  .12673114E+01
  -.24000000E+01  .12473246E+01
  -.23500000E+01  .12270710E+01
  -.23000000E+01  .12065400E+01
  -.22500000E+01  .11857206E+01
  -.22000000E+01  .11646012E+01
  -.21500000E+01  .11431696E+01
  -.21000000E+01  .11214129E+01
  -.20500000E+01  .10993176E+01
  -.20000000E+01  .10768695E+01
  -.19500000E+01  .10540534E+01
  -.19000000E+01  .10308534E+01
  -.18500000E+01  .10072525E+01
  -.18000000E+01  .98323297E+00
  -.17500000E+01  .95877561E+00
  -.17000000E+01  .93386019E+00
  -.16500000E+01  .90846514E+00
  -.16000000E+01  .88256746E+00
  -.15500000E+01  .85614257E+00
  -.15000000E+01  .82916421E+00
  -.14500000E+01  .80160424E+00
  -.14000000E+01  .77343251E+00
  -.13500000E+01  .74461663E+00
  -.13000000E+01  .71512178E+00
  -.12500000E+01  .68491042E+00
  -.12000000E+01  .65394211E+00
  -.11500000E+01  .62217311E+00
  -.11000000E+01  .58955608E+00
  -.10500000E+01  .55603972E+00
  -.10000000E+01  .52156828E+00
  -.95000000E+00  .48608109E+00
  -.90000000E+00  .44951199E+00
  -.85000000E+00  .41178871E+00
  -.80000000E+00  .37283210E+00
  -.75000000E+00  .33255531E+00
  -.70000000E+00  .29086279E+00
  -.65000000E+00  .24764920E+00
  -.60000000E+00  .20279808E+00
  -.55000000E+00  .15618033E+00
  -.50000000E+00  .10765246E+00
  -.45000000E+00  .57054494E-01
  -.40000000E+00  .42075077E-02
  -.35000000E+00 -.51089259E-01
  -.30000000E+00 -.10906187E+00
  -.25000000E+00 -.16996584E+00
  -.20000000E+00 -.23409109E+00
  -.15000000E+00 -.30176797E+00
  -.10000000E+00 -.37337464E+00
  -.50000000E-01 -.44934596E+00
  -.22898350E-14 -.53018474E+00
   .50000000E-01 -.61647544E+00
   .10000000E+00 -.70890143E+00
   .15000000E+00 -.80826714E+00
   .20000000E+00 -.91552598E+00
   .25000000E+00 -.10318166E+01
   .30000000E+00 -.11585101E+01
   .35000000E+00 -.12972731E+01
   .40000000E+00 -.14501514E+01
   .45000000E+00 -.16196846E+01
   .50000000E+00 -.18090651E+01
   .55000000E+00 -.20223620E+01
   .60000000E+00 -.22648448E+01
   .65000000E+00 -.25434611E+01
   .70000000E+00 -.28675629E+01
   .75000000E+00 -.32500455E+01
   .80000000E+00 -.37092020E+01
   .85000000E+00 -.42718772E+01
   .90000000E+00 -.49791284E+01
   .95000000E+00 -.58970657E+01
   .10000000E+01 -.71394022E+01
   .10500000E+01 -.89197084E+01
   .11000000E+01 -.11691863E+02
   .11500000E+01 -.16620342E+02
   .12000000E+01 -.27865222E+02
   .12500000E+01 -.79574193E+02
   .13000000E+01  .10098585E+03
   .13500000E+01  .31626471E+02
   .14000000E+01  .18985309E+02
   .14500000E+01  .13671792E+02
   .15000000E+01  .10740369E+02
   .15500000E+01  .88785163E+01
   .16000000E+01  .75882978E+01
   .16500000E+01  .66392989E+01
   .17000000E+01  .59102385E+01
   .17500000E+01  .53311965E+01
   .18000000E+01  .48590273E+01
   .18500000E+01  .44656628E+01
   .19000000E+01  .41320551E+01
   .19500000E+01  .38448215E+01
   .20000000E+01  .35942838E+01
Potential  L  =         .00000   -.34995
  -.30000000E+01  .14605581E+01
  -.29500000E+01  .14434637E+01
  -.29000000E+01  .14261807E+01
  -.28500000E+01  .14087036E+01
  -.28000000E+01  .13910262E+01
  -.27500000E+01  .13731422E+01
  -.27000000E+01  .13550451E+01
  -.26500000E+01  .13367279E+01
  -.26000000E+01  .13181834E+01
  -.25500000E+01  .12994039E+01
  -.25000000E+01  .12803812E+01
  -.24500000E+01  .12611070E+01
  -.24000000E+01  .12415723E+01
  -.23500000E+01  .12217677E+01
  -.23000000E+01  .12016832E+01
  -.22500000E+01  .11813083E+01
  -.22000000E+01  .11606319E+01
  -.21500000E+01  .11396422E+01
  -.21000000E+01  .11183268E+01
  -.20500000E+01  .10966724E+01
  -.20000000E+01  .10746650E+01
  -.19500000E+01  .10522896E+01
  -.19000000E+01  .10295305E+01
  -.18500000E+01  .10063706E+01
  -.18000000E+01  .98279187E+00
  -.17500000E+01  .95877513E+00
  -.17000000E+01  .93429976E+00
  -.16500000E+01  .90934370E+00
  -.16000000E+01  .88388331E+00
  -.15500000E+01  .85789321E+00
  -.15000000E+01  .83134612E+00
  -.14500000E+01  .80421265E+00
  -.14000000E+01  .77646114E+00
  -.13500000E+01  .74805736E+00
  -.13000000E+01  .71896428E+00
  -.12500000E+01  .68914178E+00
  -.12000000E+01  .65854627E+00
  -.11500000E+01  .62713034E+00
  -.11000000E+01  .59484230E+00
  -.10500000E+01  .56162568E+00
  -.10000000E+01  .52741866E+00
  -.95000000E+00  .49215342E+00
  -.90000000E+00  .45575535E+00
  -.85000000E+00  .41814216E+00
  -.80000000E+00  .37922293E+00
  -.75000000E+00  .33889677E+00
  -.70000000E+00  .29705159E+00
  -.65000000E+00  .25356236E+00
  -.60000000E+00  .20828917E+00
  -.55000000E+00  .16107496E+00
  -.50000000E+00  .11174273E+00
  -.45000000E+00  .60092289E-01
  -.40000000E+00  .58962798E-02
  -.35000000E+00 -.51104650E-01
  -.30000000E+00 -.11120774E+00
  -.25000000E+00 -.17475532E+00
  -.20000000E+00 -.24214374E+00
  -.15000000E+00 -.31383462E+00
  -.10000000E+00 -.39036886E+00
  -.50000000E-01 -.47238450E+00
  -.22898350E-14 -.56063975E+00
   .50000000E-01 -.65604271E+00
   .10000000E+00 -.75969052E+00
   .15000000E+00 -.87292143E+00
   .20000000E+00 -.99738503E+00
   .25000000E+00 -.11351386E+01
   .30000000E+00 -.12887819E+01
   .35000000E+00 -.14616483E+01
   .40000000E+00 -.16580844E+01
   .45000000E+00 -.18838665E+01
   .50000000E+00 -.21468422E+01
   .55000000E+00 -.24579509E+01
   .60000000E+00 -.28329139E+01
   .65000000E+00 -.32951688E+01
   .70000000E+00 -.38812687E+01
   .75000000E+00 -.46515506E+01
   .80000000E+00 -.57132418E+01
   .85000000E+00 -.72770018E+01
   .90000000E+00 -.98212813E+01
   .95000000E+00 -.14716101E+02
   .10000000E+01 -.28111215E+02
   .10500000E+01 -.22404479E+03
   .11000000E+01  .39108473E+02
   .11500000E+01  .18280793E+02
   .12000000E+01  .12034566E+02
   .12500000E+01  .90176231E+01
   .13000000E+01  .72336872E+01
   .13500000E+01  .60506386E+01
   .14000000E+01  .52052837E+01
   .14500000E+01  .45684744E+01
   .15000000E+01  .40694056E+01
   .15500000E+01  .36660095E+01
   .16000000E+01  .33317167E+01
   .16500000E+01  .30489180E+01
   .17000000E+01  .28054789E+01
   .17500000E+01  .25927633E+01
   .18000000E+01  .24044554E+01
   .18500000E+01  .22358274E+01
   .19000000E+01  .20832686E+01
   .19500000E+01  .19439716E+01
   .20000000E+01  .18157197E+01
Core Pot   L  =        1.00000   -.40000
  -.30000000E+01  .13717886E+01
  -.29500000E+01  .13331823E+01
  -.29000000E+01  .12889627E+01
  -.28500000E+01  .12369429E+01
  -.28000000E+01  .11735986E+01
  -.27500000E+01  .10928603E+01
  -.27000000E+01  .98330670E+00
  -.26500000E+01  .82059268E+00
  -.26000000E+01  .54194917E+00
  -.25500000E+01 -.79051202E-01
  -.25000000E+01 -.29647420E+01
  -.24500000E+01  .64649775E+01
  -.24000000E+01  .30068611E+01
  -.23500000E+01  .23396546E+01
  -.23000000E+01  .20474998E+01
  -.22500000E+01  .18783366E+01
  -.22000000E+01  .17645599E+01
  -.21500000E+01  .16803836E+01
  -.21000000E+01  .16138341E+01
  -.20500000E+01  .15585926E+01
  -.20000000E+01  .15110079E+01
  -.19500000E+01  .14688220E+01
  -.19000000E+01  .14305622E+01
  -.18500000E+01  .13952263E+01
  -.18000000E+01  .13621076E+01
  -.17500000E+01  .13306928E+01
  -.17000000E+01  .13005993E+01
  -.16500000E+01  .12715353E+01
  -.16000000E+01  .12432737E+01
  -.15500000E+01  .12156348E+01
  -.15000000E+01  .11884735E+01
  -.14500000E+01  .11616711E+01
  -.14000000E+01  .11351289E+01
  -.13500000E+01  .11087637E+01
  -.13000000E+01  .10825042E+01
  -.12500000E+01  .10562885E+01
  -.12000000E+01  .10300622E+01
  -.11500000E+01  .10037769E+01
  -.11000000E+01  .97738866E+00
  -.10500000E+01  .95085739E+00
  -.10000000E+01  .92414579E+00
  -.95000000E+00  .89721887E+00
  -.90000000E+00  .87004331E+00
  -.85000000E+00  .84258707E+00
  -.80000000E+00  .81481897E+00
  -.75000000E+00  .78670832E+00
  -.70000000E+00  .75822469E+00
  -.65000000E+00  .72933758E+00
  -.60000000E+00  .70001618E+00
  -.55000000E+00  .67022913E+00
  -.50000000E+00  .63994431E+00
  -.45000000E+00  .60912861E+00
  -.40000000E+00  .57774768E+00
  -.35000000E+00  .54576574E+00
  -.30000000E+00  .51314534E+00
  -.25000000E+00  .47984711E+00
  -.20000000E+00  .44582947E+00
  -.15000000E+00  .41104841E+00
  -.10000000E+00  .37545717E+00
  -.50000000E-01  .33900592E+00
  -.22898350E-14  .30164136E+00
   .50000000E-01  .26330641E+00
   .10000000E+00  .22393970E+00
   .15000000E+00  .18347512E+00
   .20000000E+00  .14184127E+00
   .25000000E+00  .98960877E-01
   .30000000E+00  .54750048E-01
   .35000000E+00  .91175202E-02
   .40000000E+00 -.38036233E-01
   .45000000E+00 -.86819995E-01
   .50000000E+00 -.13735302E+00
   .55000000E+00 -.18976633E+00
   .60000000E+00 -.24420426E+00
   .65000000E+00 -.30082627E+00
   .70000000E+00 -.35980902E+00
   .75000000E+00 -.42134881E+00
   .80000000E+00 -.48566440E+00
   .85000000E+00 -.55300043E+00
   .90000000E+00 -.62363135E+00
   .95000000E+00 -.69786622E+00
   .10000000E+01 -.77605431E+00
   .10500000E+01 -.85859201E+00
   .11000000E+01 -.94593104E+00
   .11500000E+01 -.10385885E+01
   .12000000E+01 -.11371594E+01
   .12500000E+01 -.12423314E+01
   .13000000E+01 -.13549045E+01
   .13500000E+01 -.14758143E+01
   .14000000E+01 -.16061624E+01
   .14500000E+01 -.17472550E+01
   .15000000E+01 -.19006528E+01
   .15500000E+01 -.20682358E+01
   .16000000E+01 -.22522906E+01
   .16500000E+01 -.24556252E+01
   .17000000E+01 -.26817282E+01
   .17500000E+01 -.29349874E+01
   .18000000E+01 -.32210001E+01
   .18500000E+01 -.35470212E+01
   .19000000E+01 -.39226251E+01
   .19500000E+01 -.43607149E+01
   .20000000E+01 -.48791058E+01
Potential  L  =        1.00000   -.40000
  -.30000000E+01  .16096315E+01
  -.29500000E+01  .15947397E+01
  -.29000000E+01  .15797285E+01
  -.28500000E+01  .15645952E+01
  -.28000000E+01  .15493371E+01
  -.27500000E+01  .15339515E+01
  -.27000000E+01  .15184354E+01
  -.26500000E+01  .15027860E+01
  -.26000000E+01  .14870000E+01
  -.25500000E+01  .14710744E+01
  -.25000000E+01  .14550058E+01
  -.24500000E+01  .14387908E+01
  -.24000000E+01  .14224259E+01
  -.23500000E+01  .14059074E+01
  -.23000000E+01  .13892314E+01
  -.22500000E+01  .13723941E+01
  -.22000000E+01  .13553912E+01
  -.21500000E+01  .13382185E+01
  -.21000000E+01  .13208716E+01
  -.20500000E+01  .13033458E+01
  -.20000000E+01  .12856363E+01
  -.19500000E+01  .12677382E+01
  -.19000000E+01  .12496461E+01
  -.18500000E+01  .12313548E+01
  -.18000000E+01  .12128584E+01
  -.17500000E+01  .11941512E+01
  -.17000000E+01  .11752269E+01
  -.16500000E+01  .11560791E+01
  -.16000000E+01  .11367011E+01
  -.15500000E+01  .11170858E+01
  -.15000000E+01  .10972259E+01
  -.14500000E+01  .10771138E+01
  -.14000000E+01  .10567413E+01
  -.13500000E+01  .10361001E+01
  -.13000000E+01  .10151812E+01
  -.12500000E+01  .99397540E+00
  -.12000000E+01  .97247295E+00
  -.11500000E+01  .95066361E+00
  -.11000000E+01  .92853661E+00
  -.10500000E+01  .90608062E+00
  -.10000000E+01  .88328372E+00
  -.95000000E+00  .86013334E+00
  -.90000000E+00  .83661623E+00
  -.85000000E+00  .81271841E+00
  -.80000000E+00  .78842512E+00
  -.75000000E+00  .76372072E+00
  -.70000000E+00  .73858872E+00
  -.65000000E+00  .71301160E+00
  -.60000000E+00  .68697082E+00
  -.55000000E+00  .66044671E+00
  -.50000000E+00  .63341836E+00
  -.45000000E+00  .60586357E+00
  -.40000000E+00  .57775868E+00
  -.35000000E+00  .54907851E+00
  -.30000000E+00  .51979618E+00
  -.25000000E+00  .48988301E+00
  -.20000000E+00  .45930831E+00
  -.15000000E+00  .42803927E+00
  -.10000000E+00  .39604069E+00
  -.50000000E-01  .36327482E+00
  -.22898350E-14  .32970107E+00
   .50000000E-01  .29527575E+00
   .10000000E+00  .25995183E+00
   .15000000E+00  .22367849E+00
   .20000000E+00  .18640081E+00
   .25000000E+00  .14805933E+00
   .30000000E+00  .10858954E+00
   .35000000E+00  .67921361E-01
   .40000000E+00  .25978448E-01
   .45000000E+00 -.17322414E-01
   .50000000E+00 -.62072198E-01
   .55000000E+00 -.10837054E+00
   .60000000E+00 -.15632682E+00
   .65000000E+00 -.20606136E+00
   .70000000E+00 -.25770688E+00
   .75000000E+00 -.31141013E+00
   .80000000E+00 -.36733380E+00
   .85000000E+00 -.42565877E+00
   .90000000E+00 -.48658674E+00
   .95000000E+00 -.55034332E+00
   .10000000E+01 -.61718174E+00
   .10500000E+01 -.68738716E+00
   .11000000E+01 -.76128199E+00
   .11500000E+01 -.83923211E+00
   .12000000E+01 -.92165452E+00
   .12500000E+01 -.10090266E+01
   .13000000E+01 -.11018977E+01
   .13500000E+01 -.12009027E+01
   .14000000E+01 -.13067802E+01
   .14500000E+01 -.14203938E+01
   .15000000E+01 -.15427607E+01
   .15500000E+01 -.16750864E+01
   .16000000E+01 -.18188114E+01
   .16500000E+01 -.19756714E+01
   .17000000E+01 -.21477762E+01
   .17500000E+01 -.23377176E+01
   .18000000E+01 -.25487146E+01
   .18500000E+01 -.27848160E+01
   .19000000E+01 -.30511861E+01
   .19500000E+01 -.33545178E+01
   .20000000E+01 -.37036435E+01
Core Pot   L  =        2.00000   -.15037
  -.30000000E+01  .16785624E+01
  -.29500000E+01  .16632031E+01
  -.29000000E+01  .16476859E+01
  -.28500000E+01  .16320058E+01
  -.28000000E+01  .16161572E+01
  -.27500000E+01  .16001344E+01
  -.27000000E+01  .15839311E+01
  -.26500000E+01  .15675409E+01
  -.26000000E+01  .15509568E+01
  -.25500000E+01  .15341716E+01
  -.25000000E+01  .15171775E+01
  -.24500000E+01  .14999661E+01
  -.24000000E+01  .14825287E+01
  -.23500000E+01  .14648557E+01
  -.23000000E+01  .14469371E+01
  -.22500000E+01  .14287622E+01
  -.22000000E+01  .14103193E+01
  -.21500000E+01  .13915959E+01
  -.21000000E+01  .13725788E+01
  -.20500000E+01  .13532535E+01
  -.20000000E+01  .13336043E+01
  -.19500000E+01  .13136146E+01
  -.19000000E+01  .12932659E+01
  -.18500000E+01  .12725386E+01
  -.18000000E+01  .12514109E+01
  -.17500000E+01  .12298594E+01
  -.17000000E+01  .12078584E+01
  -.16500000E+01  .11853795E+01
  -.16000000E+01  .11623917E+01
  -.15500000E+01  .11388610E+01
  -.15000000E+01  .11147494E+01
  -.14500000E+01  .10900153E+01
  -.14000000E+01  .10646119E+01
  -.13500000E+01  .10384873E+01
  -.13000000E+01  .10115835E+01
  -.12500000E+01  .98383499E+00
  -.12000000E+01  .95516822E+00
  -.11500000E+01  .92549967E+00
  -.11000000E+01  .89473439E+00
  -.10500000E+01  .86276381E+00
  -.10000000E+01  .82946322E+00
  -.95000000E+00  .79468861E+00
  -.90000000E+00  .75827262E+00
  -.85000000E+00  .72001966E+00
  -.80000000E+00  .67969954E+00
  -.75000000E+00  .63703939E+00
  -.70000000E+00  .59171317E+00
  -.65000000E+00  .54332796E+00
  -.60000000E+00  .49140568E+00
  -.55000000E+00  .43535856E+00
  -.50000000E+00  .37445555E+00
  -.45000000E+00  .30777556E+00
  -.40000000E+00  .23414109E+00
  -.35000000E+00  .15202206E+00
  -.30000000E+00  .59392540E-01
  -.25000000E+00 -.46488225E-01
  -.20000000E+00 -.16942235E+00
  -.15000000E+00 -.31484326E+00
  -.10000000E+00 -.49079682E+00
  -.50000000E-01 -.70972769E+00
  -.22898350E-14 -.99196385E+00
   .50000000E-01 -.13731372E+01
   .10000000E+00 -.19219307E+01
   .15000000E+00 -.27899788E+01
   .20000000E+00 -.43912901E+01
   .25000000E+00 -.84024260E+01
   .30000000E+00 -.38019604E+02
   .35000000E+00  .18350573E+02
   .40000000E+00  .79197686E+01
   .45000000E+00  .52321179E+01
   .50000000E+00  .39893379E+01
   .55000000E+00  .32666770E+01
   .60000000E+00  .27896522E+01
   .65000000E+00  .24479291E+01
   .70000000E+00  .21885706E+01
   .75000000E+00  .19830055E+01
   .80000000E+00  .18144532E+01
   .85000000E+00  .16724079E+01
   .90000000E+00  .15499541E+01
   .95000000E+00  .14423513E+01
   .10000000E+01  .13462396E+01
   .10500000E+01  .12591691E+01
   .11000000E+01  .11793097E+01
   .11500000E+01  .11052652E+01
   .12000000E+01  .10359501E+01
   .12500000E+01  .97050633E+00
   .13000000E+01  .90824521E+00
   .13500000E+01  .84860596E+00
   .14000000E+01  .79112601E+00
   .14500000E+01  .73541894E+00
   .15000000E+01  .68115803E+00
   .15500000E+01  .62806374E+00
   .16000000E+01  .57589413E+00
   .16500000E+01  .52443734E+00
   .17000000E+01  .47350568E+00
   .17500000E+01  .42293092E+00
   .18000000E+01  .37256048E+00
   .18500000E+01  .32225428E+00
   .19000000E+01  .27188219E+00
   .19500000E+01  .22132181E+00
   .20000000E+01  .17045664E+00
Potential  L  =        2.00000   -.15037
  -.30000000E+01  .16718507E+01
  -.29500000E+01  .16562617E+01
  -.29000000E+01  .16405056E+01
  -.28500000E+01  .16245766E+01
  -.28000000E+01  .16084688E+01
  -.27500000E+01  .15921759E+01
  -.27000000E+01  .15756912E+01
  -.26500000E+01  .15590076E+01
  -.26000000E+01  .15421176E+01
  -.25500000E+01  .15250133E+01
  -.25000000E+01  .15076862E+01
  -.24500000E+01  .14901273E+01
  -.24000000E+01  .14723271E+01
  -.23500000E+01  .14542752E+01
  -.23000000E+01  .14359609E+01
  -.22500000E+01  .14173723E+01
  -.22000000E+01  .13984971E+01
  -.21500000E+01  .13793217E+01
  -.21000000E+01  .13598318E+01
  -.20500000E+01  .13400120E+01
  -.20000000E+01  .13198454E+01
  -.19500000E+01  .12993140E+01
  -.19000000E+01  .12783984E+01
  -.18500000E+01  .12570774E+01
  -.18000000E+01  .12353281E+01
  -.17500000E+01  .12131256E+01
  -.17000000E+01  .11904426E+01
  -.16500000E+01  .11672494E+01
  -.16000000E+01  .11435135E+01
  -.15500000E+01  .11191992E+01
  -.15000000E+01  .10942672E+01
  -.14500000E+01  .10686743E+01
  -.14000000E+01  .10423724E+01
  -.13500000E+01  .10153084E+01
  -.13000000E+01  .98742309E+00
  -.12500000E+01  .95865044E+00
  -.12000000E+01  .92891643E+00
  -.11500000E+01  .89813785E+00
  -.11000000E+01  .86622082E+00
  -.10500000E+01  .83305897E+00
  -.10000000E+01  .79853122E+00
  -.95000000E+00  .76249919E+00
  -.90000000E+00  .72480392E+00
  -.85000000E+00  .68526182E+00
  -.80000000E+00  .64365969E+00
  -.75000000E+00  .59974847E+00
  -.70000000E+00  .55323524E+00
  -.65000000E+00  .50377308E+00
  -.60000000E+00  .45094796E+00
  -.55000000E+00  .39426146E+00
  -.50000000E+00  .33310836E+00
  -.45000000E+00  .26674568E+00
  -.40000000E+00  .19425157E+00
  -.35000000E+00  .11446726E+00
  -.30000000E+00  .25916130E-01
  -.25000000E+00 -.73314067E-01
  -.20000000E+00 -.18574481E+00
  -.15000000E+00 -.31477086E+00
  -.10000000E+00 -.46507472E+00
  -.50000000E-01 -.64330188E+00
  -.22898350E-14 -.85921078E+00
   .50000000E-01 -.11277386E+01
   .10000000E+00 -.14729638E+01
   .15000000E+00 -.19363648E+01
   .20000000E+00 -.25960065E+01
   .25000000E+00 -.36182988E+01
   .30000000E+00 -.54322916E+01
   .35000000E+00 -.95855469E+01
   .40000000E+00 -.29210396E+02
   .45000000E+00  .35367403E+02
   .50000000E+00  .11796186E+02
   .55000000E+00  .73277805E+01
   .60000000E+00  .54258861E+01
   .65000000E+00  .43661678E+01
   .70000000E+00  .36862268E+01
   .75000000E+00  .32097242E+01
   .80000000E+00  .28547968E+01
   .85000000E+00  .25782577E+01
   .90000000E+00  .23551662E+01
   .95000000E+00  .21701104E+01
   .10000000E+01  .20130519E+01
   .10500000E+01  .18771699E+01
   .11000000E+01  .17576668E+01
   .11500000E+01  .16510681E+01
   .12000000E+01  .15547959E+01
   .12500000E+01  .14668923E+01
   .13000000E+01  .13858489E+01
   .13500000E+01  .13104783E+01
   .14000000E+01  .12398344E+01
   .14500000E+01  .11731531E+01
   .15000000E+01  .11098094E+01
   .15500000E+01  .10492861E+01
   .16000000E+01  .99115108E+00
   .16500000E+01  .93503930E+00
   .17000000E+01  .88063962E+00
   .17500000E+01  .82768431E+00
   .18000000E+01  .77594094E+00
   .18500000E+01  .72520593E+00
   .19000000E+01  .67529939E+00
   .19500000E+01  .62606094E+00
   .20000000E+01  .57734637E+00
Core Pot   L  =        3.00000    .00000
  -.30000000E+01  .19026201E+01
  -.29500000E+01  .18895740E+01
  -.29000000E+01  .18764366E+01
  -.28500000E+01  .18632058E+01
  -.28000000E+01  .18498790E+01
  -.27500000E+01  .18364537E+01
  -.27000000E+01  .18229272E+01
  -.26500000E+01  .18092965E+01
  -.26000000E+01  .17955586E+01
  -.25500000E+01  .17817100E+01
  -.25000000E+01  .17677470E+01
  -.24500000E+01  .17536656E+01
  -.24000000E+01  .17394614E+01
  -.23500000E+01  .17251295E+01
  -.23000000E+01  .17106645E+01
  -.22500000E+01  .16960603E+01
  -.22000000E+01  .16813099E+01
  -.21500000E+01  .16664055E+01
  -.21000000E+01  .16513379E+01
  -.20500000E+01  .16360962E+01
  -.20000000E+01  .16206678E+01
  -.19500000E+01  .16050371E+01
  -.19000000E+01  .15891852E+01
  -.18500000E+01  .15730885E+01
  -.18000000E+01  .15567169E+01
  -.17500000E+01  .15400310E+01
  -.17000000E+01  .15229783E+01
  -.16500000E+01  .15054860E+01
  -.16000000E+01  .14874507E+01
  -.15500000E+01  .14687184E+01
  -.15000000E+01  .14490485E+01
  -.14500000E+01  .14280417E+01
  -.14000000E+01  .14049798E+01
  -.13500000E+01  .13784233E+01
  -.13000000E+01  .13449956E+01
  -.12500000E+01  .12944475E+01
  -.12000000E+01  .11739679E+01
  -.11500000E+01  .66103562E+01
  -.11000000E+01  .15302206E+01
  -.10500000E+01  .14200880E+01
  -.10000000E+01  .13706147E+01
  -.95000000E+00  .13365706E+01
  -.90000000E+00  .13086376E+01
  -.85000000E+00  .12836668E+01
  -.80000000E+00  .12602950E+01
  -.75000000E+00  .12378336E+01
  -.70000000E+00  .12158953E+01
  -.65000000E+00  .11942435E+01
  -.60000000E+00  .11727241E+01
  -.55000000E+00  .11512310E+01
  -.50000000E+00  .11296872E+01
  -.45000000E+00  .11080346E+01
  -.40000000E+00  .10862274E+01
  -.35000000E+00  .10642279E+01
  -.30000000E+00  .10420041E+01
  -.25000000E+00  .10195277E+01
  -.20000000E+00  .99677322E+00
  -.15000000E+00  .97371665E+00
  -.10000000E+00  .95033517E+00
  -.50000000E-01  .92660649E+00
  -.22898350E-14  .90250849E+00
   .50000000E-01  .87801888E+00
   .10000000E+00  .85311494E+00
   .15000000E+00  .82777330E+00
   .20000000E+00  .80196968E+00
   .25000000E+00  .77567873E+00
   .30000000E+00  .74887378E+00
   .35000000E+00  .72152669E+00
   .40000000E+00  .69360757E+00
   .45000000E+00  .66508465E+00
   .50000000E+00  .63592394E+00
   .55000000E+00  .60608908E+00
   .60000000E+00  .57554094E+00
   .65000000E+00  .54423742E+00
   .70000000E+00  .51213305E+00
   .75000000E+00  .47917860E+00
   .80000000E+00  .44532066E+00
   .85000000E+00  .41050112E+00
   .90000000E+00  .37465666E+00
   .95000000E+00  .33771809E+00
   .10000000E+01  .29960957E+00
   .10500000E+01  .26024785E+00
   .11000000E+01  .21954123E+00
   .11500000E+01  .17738850E+00
   .12000000E+01  .13367760E+00
   .12500000E+01  .88284088E-01
   .13000000E+01  .41069378E-01
   .13500000E+01 -.81213652E-02
   .14000000E+01 -.59461758E-01
   .14500000E+01 -.11314710E+00
   .15000000E+01 -.16939798E+00
   .15500000E+01 -.22846449E+00
   .16000000E+01 -.29063138E+00
   .16500000E+01 -.35622440E+00
   .17000000E+01 -.42561791E+00
   .17500000E+01 -.49924437E+00
   .18000000E+01 -.57760624E+00
   .18500000E+01 -.66129065E+00
   .19000000E+01 -.75098835E+00
   .19500000E+01 -.84751729E+00
   .20000000E+01 -.95185389E+00
Potential  L  =        3.00000    .00000
  -.30000000E+01  .19053769E+01
  -.29500000E+01  .18924617E+01
  -.29000000E+01  .18794639E+01
  -.28500000E+01  .18663819E+01
  -.28000000E+01  .18532142E+01
  -.27500000E+01  .18399593E+01
  -.27000000E+01  .18266154E+01
  -.26500000E+01  .18131809E+01
  -.26000000E+01  .17996541E+01
  -.25500000E+01  .17860331E+01
  -.25000000E+01  .17723161E+01
  -.24500000E+01  .17585012E+01
  -.24000000E+01  .17445865E+01
  -.23500000E+01  .17305698E+01
  -.23000000E+01  .17164492E+01
  -.22500000E+01  .17022224E+01
  -.22000000E+01  .16878873E+01
  -.21500000E+01  .16734415E+01
  -.21000000E+01  .16588826E+01
  -.20500000E+01  .16442082E+01
  -.20000000E+01  .16294158E+01
  -.19500000E+01  .16145026E+01
  -.19000000E+01  .15994661E+01
  -.18500000E+01  .15843032E+01
  -.18000000E+01  .15690113E+01
  -.17500000E+01  .15535871E+01
  -.17000000E+01  .15380276E+01
  -.16500000E+01  .15223296E+01
  -.16000000E+01  .15064896E+01
  -.15500000E+01  .14905041E+01
  -.15000000E+01  .14743696E+01
  -.14500000E+01  .14580821E+01
  -.14000000E+01  .14416380E+01
  -.13500000E+01  .14250329E+01
  -.13000000E+01  .14082628E+01
  -.12500000E+01  .13913231E+01
  -.12000000E+01  .13742093E+01
  -.11500000E+01  .13569166E+01
  -.11000000E+01  .13394401E+01
  -.10500000E+01  .13217744E+01
  -.10000000E+01  .13039143E+01
  -.95000000E+00  .12858539E+01
  -.90000000E+00  .12675875E+01
  -.85000000E+00  .12491088E+01
  -.80000000E+00  .12304113E+01
  -.75000000E+00  .12114884E+01
  -.70000000E+00  .11923328E+01
  -.65000000E+00  .11729373E+01
  -.60000000E+00  .11532940E+01
  -.55000000E+00  .11333947E+01
  -.50000000E+00  .11132310E+01
  -.45000000E+00  .10927938E+01
  -.40000000E+00  .10720737E+01
  -.35000000E+00  .10510607E+01
  -.30000000E+00  .10297443E+01
  -.25000000E+00  .10081137E+01
  -.20000000E+00  .98615699E+00
  -.15000000E+00  .96386210E+00
  -.10000000E+00  .94121603E+00
  -.50000000E-01  .91820508E+00
  -.22898350E-14  .89481479E+00
   .50000000E-01  .87102982E+00
   .10000000E+00  .84683393E+00
   .15000000E+00  .82220989E+00
   .20000000E+00  .79713939E+00
   .25000000E+00  .77160297E+00
   .30000000E+00  .74557995E+00
   .35000000E+00  .71904828E+00
   .40000000E+00  .69198443E+00
   .45000000E+00  .66436331E+00
   .50000000E+00  .63615810E+00
   .55000000E+00  .60734004E+00
   .60000000E+00  .57787838E+00
   .65000000E+00  .54774009E+00
   .70000000E+00  .51688970E+00
   .75000000E+00  .48528917E+00
   .80000000E+00  .45289705E+00
   .85000000E+00  .41966908E+00
   .90000000E+00  .38555725E+00
   .95000000E+00  .35050962E+00
   .10000000E+01  .31446979E+00
   .10500000E+01  .27737653E+00
   .11000000E+01  .23916316E+00
   .11500000E+01  .19975693E+00
   .12000000E+01  .15907841E+00
   .12500000E+01  .11704053E+00
   .13000000E+01  .73547529E-01
   .13500000E+01  .28494746E-01
   .14000000E+01 -.18233961E-01
   .14500000E+01 -.66766762E-01
   .15000000E+01 -.11724578E+00
   .15500000E+01 -.16982899E+00
   .16000000E+01 -.22469255E+00
   .16500000E+01 -.28203352E+00
   .17000000E+01 -.34207306E+00
   .17500000E+01 -.40506027E+00
   .18000000E+01 -.47127675E+00
   .18500000E+01 -.54104208E+00
   .19000000E+01 -.61472055E+00
   .19500000E+01 -.69272920E+00
   .20000000E+01 -.77554788E+00
Core Pot   L  =        4.00000    .00000
  -.30000000E+01  .21493981E+01
  -.29500000E+01  .21380788E+01
  -.29000000E+01  .21267050E+01
  -.28500000E+01  .21152742E+01
  -.28000000E+01  .21037897E+01
  -.27500000E+01  .20922454E+01
  -.27000000E+01  .20806458E+01
  -.26500000E+01  .20689858E+01
  -.26000000E+01  .20572662E+01
  -.25500000E+01  .20454861E+01
  -.25000000E+01  .20336446E+01
  -.24500000E+01  .20217407E+01
  -.24000000E+01  .20097737E+01
  -.23500000E+01  .19977425E+01
  -.23000000E+01  .19856462E+01
  -.22500000E+01  .19734837E+01
  -.22000000E+01  .19612541E+01
  -.21500000E+01  .19489562E+01
  -.21000000E+01  .19365892E+01
  -.20500000E+01  .19241518E+01
  -.20000000E+01  .19116429E+01
  -.19500000E+01  .18990615E+01
  -.19000000E+01  .18864062E+01
  -.18500000E+01  .18736760E+01
  -.18000000E+01  .18608696E+01
  -.17500000E+01  .18479856E+01
  -.17000000E+01  .18350229E+01
  -.16500000E+01  .18219800E+01
  -.16000000E+01  .18088557E+01
  -.15500000E+01  .17956484E+01
  -.15000000E+01  .17823568E+01
  -.14500000E+01  .17689793E+01
  -.14000000E+01  .17555144E+01
  -.13500000E+01  .17419606E+01
  -.13000000E+01  .17283163E+01
  -.12500000E+01  .17145797E+01
  -.12000000E+01  .17007492E+01
  -.11500000E+01  .16868230E+01
  -.11000000E+01  .16727993E+01
  -.10500000E+01  .16586762E+01
  -.10000000E+01  .16444519E+01
  -.95000000E+00  .16301243E+01
  -.90000000E+00  .16156914E+01
  -.85000000E+00  .16011511E+01
  -.80000000E+00  .15865013E+01
  -.75000000E+00  .15717397E+01
  -.70000000E+00  .15568639E+01
  -.65000000E+00  .15418717E+01
  -.60000000E+00  .15267606E+01
  -.55000000E+00  .15115281E+01
  -.50000000E+00  .14961714E+01
  -.45000000E+00  .14806880E+01
  -.40000000E+00  .14650750E+01
  -.35000000E+00  .14493295E+01
  -.30000000E+00  .14334486E+01
  -.25000000E+00  .14174292E+01
  -.20000000E+00  .14012680E+01
  -.15000000E+00  .13849617E+01
  -.10000000E+00  .13685070E+01
  -.50000000E-01  .13519002E+01
  -.22898350E-14  .13351376E+01
   .50000000E-01  .13182155E+01
   .10000000E+00  .13011299E+01
   .15000000E+00  .12838765E+01
   .20000000E+00  .12664513E+01
   .25000000E+00  .12488496E+01
   .30000000E+00  .12310669E+01
   .35000000E+00  .12130984E+01
   .40000000E+00  .11949391E+01
   .45000000E+00  .11765838E+01
   .50000000E+00  .11580271E+01
   .55000000E+00  .11392632E+01
   .60000000E+00  .11202864E+01
   .65000000E+00  .11010905E+01
   .70000000E+00  .10816690E+01
   .75000000E+00  .10620154E+01
   .80000000E+00  .10421226E+01
   .85000000E+00  .10219833E+01
   .90000000E+00  .10015899E+01
   .95000000E+00  .98093442E+00
   .10000000E+01  .96000846E+00
   .10500000E+01  .93880327E+00
   .11000000E+01  .91730967E+00
   .11500000E+01  .89551802E+00
   .12000000E+01  .87341821E+00
   .12500000E+01  .85099960E+00
   .13000000E+01  .82825102E+00
   .13500000E+01  .80516071E+00
   .14000000E+01  .78171632E+00
   .14500000E+01  .75790479E+00
   .15000000E+01  .73371239E+00
   .15500000E+01  .70912461E+00
   .16000000E+01  .68412613E+00
   .16500000E+01  .65870076E+00
   .17000000E+01  .63283138E+00
   .17500000E+01  .60649983E+00
   .18000000E+01  .57968691E+00
   .18500000E+01  .55237221E+00
   .19000000E+01  .52453408E+00
   .19500000E+01  .49614950E+00
   .20000000E+01  .46719397E+00
Potential  L  =        4.00000    .00000
  -.30000000E+01  .21499576E+01
  -.29500000E+01  .21386535E+01
  -.29000000E+01  .21272947E+01
  -.28500000E+01  .21158813E+01
  -.28000000E+01  .21044116E+01
  -.27500000E+01  .20928859E+01
  -.27000000E+01  .20813021E+01
  -.26500000E+01  .20696606E+01
  -.26000000E+01  .20579598E+01
  -.25500000E+01  .20462006E+01
  -.25000000E+01  .20343782E+01
  -.24500000E+01  .20224965E+01
  -.24000000E+01  .20105510E+01
  -.23500000E+01  .19985424E+01
  -.23000000E+01  .19864683E+01
  -.22500000E+01  .19743309E+01
  -.22000000E+01  .19621262E+01
  -.21500000E+01  .19498531E+01
  -.21000000E+01  .19375140E+01
  -.20500000E+01  .19251029E+01
  -.20000000E+01  .19126242E+01
  -.19500000E+01  .19000711E+01
  -.19000000E+01  .18874473E+01
  -.18500000E+01  .18747492E+01
  -.18000000E+01  .18619768E+01
  -.17500000E+01  .18491264E+01
  -.17000000E+01  .18362003E+01
  -.16500000E+01  .18231936E+01
  -.16000000E+01  .18101087E+01
  -.15500000E+01  .17969413E+01
  -.15000000E+01  .17836910E+01
  -.14500000E+01  .17703555E+01
  -.14000000E+01  .17569365E+01
  -.13500000E+01  .17434280E+01
  -.13000000E+01  .17298321E+01
  -.12500000E+01  .17161455E+01
  -.12000000E+01  .17023672E+01
  -.11500000E+01  .16884952E+01
  -.11000000E+01  .16745278E+01
  -.10500000E+01  .16604630E+01
  -.10000000E+01  .16462998E+01
  -.95000000E+00  .16320353E+01
  -.90000000E+00  .16176683E+01
  -.85000000E+00  .16031966E+01
  -.80000000E+00  .15886190E+01
  -.75000000E+00  .15739317E+01
  -.70000000E+00  .15591334E+01
  -.65000000E+00  .15442219E+01
  -.60000000E+00  .15291948E+01
  -.55000000E+00  .15140490E+01
  -.50000000E+00  .14987836E+01
  -.45000000E+00  .14833955E+01
  -.40000000E+00  .14678818E+01
  -.35000000E+00  .14522400E+01
  -.30000000E+00  .14364672E+01
  -.25000000E+00  .14205607E+01
  -.20000000E+00  .14045173E+01
  -.15000000E+00  .13883341E+01
  -.10000000E+00  .13720080E+01
  -.50000000E-01  .13555356E+01
  -.22898350E-14  .13389135E+01
   .50000000E-01  .13221384E+01
   .10000000E+00  .13052064E+01
   .15000000E+00  .12881139E+01
   .20000000E+00  .12708570E+01
   .25000000E+00  .12534316E+01
   .30000000E+00  .12358335E+01
   .35000000E+00  .12180584E+01
   .40000000E+00  .12001018E+01
   .45000000E+00  .11819590E+01
   .50000000E+00  .11636252E+01
   .55000000E+00  .11450953E+01
   .60000000E+00  .11263640E+01
   .65000000E+00  .11074258E+01
   .70000000E+00  .10882752E+01
   .75000000E+00  .10689061E+01
   .80000000E+00  .10493125E+01
   .85000000E+00  .10294879E+01
   .90000000E+00  .10094256E+01
   .95000000E+00  .98911860E+00
   .10000000E+01  .96855965E+00
   .10500000E+01  .94774118E+00
   .11000000E+01  .92665521E+00
   .11500000E+01  .90529344E+00
   .12000000E+01  .88364720E+00
   .12500000E+01  .86170739E+00
   .13000000E+01  .83946452E+00
   .13500000E+01  .81690861E+00
   .14000000E+01  .79402923E+00
   .14500000E+01  .77081539E+00
   .15000000E+01  .74725565E+00
   .15500000E+01  .72333790E+00
   .16000000E+01  .69904946E+00
   .16500000E+01  .67437698E+00
   .17000000E+01  .64930642E+00
   .17500000E+01  .62382297E+00
   .18000000E+01  .59791105E+00
   .18500000E+01  .57155421E+00
   .19000000E+01  .54473509E+00
   .19500000E+01  .51743533E+00
   .20000000E+01  .48963555E+00
KBPotential  L  =      2.00000   -.30074
  -.30000000E+01  .16791562E+01
  -.29500000E+01  .16637865E+01
  -.29000000E+01  .16482589E+01
  -.28500000E+01  .16325680E+01
  -.28000000E+01  .16167084E+01
  -.27500000E+01  .16006873E+01
  -.27000000E+01  .15844720E+01
  -.26500000E+01  .15680696E+01
  -.26000000E+01  .15514808E+01
  -.25500000E+01  .15346826E+01
  -.25000000E+01  .15176752E+01
  -.24500000E+01  .15004504E+01
  -.24000000E+01  .14829993E+01
  -.23500000E+01  .14653124E+01
  -.23000000E+01  .14473798E+01
  -.22500000E+01  .14291905E+01
  -.22000000E+01  .14107331E+01
  -.21500000E+01  .13919951E+01
  -.21000000E+01  .13729631E+01
  -.20500000E+01  .13536338E+01
  -.20000000E+01  .13339695E+01
  -.19500000E+01  .13139644E+01
  -.19000000E+01  .12936003E+01
  -.18500000E+01  .12728574E+01
  -.18000000E+01  .12517141E+01
  -.17500000E+01  .12301468E+01
  -.17000000E+01  .12081300E+01
  -.16500000E+01  .11856352E+01
  -.16000000E+01  .11626328E+01
  -.15500000E+01  .11390862E+01
  -.15000000E+01  .11149588E+01
  -.14500000E+01  .10902088E+01
  -.14000000E+01  .10647897E+01
  -.13500000E+01  .10386495E+01
  -.13000000E+01  .10117302E+01
  -.12500000E+01  .98396652E+00
  -.12000000E+01  .95528471E+00
  -.11500000E+01  .92560137E+00
  -.11000000E+01  .89482159E+00
  -.10500000E+01  .86283685E+00
  -.10000000E+01  .82952249E+00
  -.95000000E+00  .79473516E+00
  -.90000000E+00  .75830701E+00
  -.85000000E+00  .72004179E+00
  -.80000000E+00  .67970830E+00
  -.75000000E+00  .63703694E+00
  -.70000000E+00  .59170016E+00
  -.65000000E+00  .54330525E+00
  -.60000000E+00  .49137394E+00
  -.55000000E+00  .43531954E+00
  -.50000000E+00  .37440878E+00
  -.45000000E+00  .30772240E+00
  -.40000000E+00  .23411855E+00
  -.35000000E+00  .15195842E+00
  -.30000000E+00  .59323111E-01
  -.25000000E+00 -.46562131E-01
  -.20000000E+00 -.16949898E+00
  -.15000000E+00 -.31492360E+00
  -.10000000E+00 -.49088271E+00
  -.50000000E-01 -.70982590E+00
  -.22898350E-14 -.99208481E+00
   .50000000E-01 -.13732899E+01
   .10000000E+00 -.19221103E+01
   .15000000E+00 -.27901919E+01
   .20000000E+00 -.43914145E+01
   .25000000E+00 -.84017746E+01
   .30000000E+00 -.37980145E+02
   .35000000E+00  .18366521E+02
   .40000000E+00  .79243485E+01
   .45000000E+00  .52349803E+01
   .50000000E+00  .39916356E+01
   .55000000E+00  .32687399E+01
   .60000000E+00  .27916204E+01
   .65000000E+00  .24498849E+01
   .70000000E+00  .21905614E+01
   .75000000E+00  .19850747E+01
   .80000000E+00  .18166311E+01
   .85000000E+00  .16747209E+01
   .90000000E+00  .15524264E+01
   .95000000E+00  .14450067E+01
   .10000000E+01  .13491015E+01
   .10500000E+01  .12622617E+01
   .11000000E+01  .11826579E+01
   .11500000E+01  .11088953E+01
   .12000000E+01  .10398887E+01
   .12500000E+01  .97477210E+00
   .13000000E+01  .91288176E+00
   .13500000E+01  .85364849E+00
   .14000000E+01  .79661104E+00
   .14500000E+01  .74140610E+00
   .15000000E+01  .68764853E+00
   .15500000E+01  .63512432E+00
   .16000000E+01  .58357364E+00
   .16500000E+01  .53279247E+00
   .17000000E+01  .48259367E+00
   .17500000E+01  .43281596E+00
   .18000000E+01  .38331238E+00
   .18500000E+01  .33395180E+00
   .19000000E+01  .28460976E+00
   .19500000E+01  .23516019E+00
   .20000000E+01  .18550868E+00
KBPotential  L  =       .00000   -.69989
  -.30000000E+01  .14629581E+01
  -.29500000E+01  .14457499E+01
  -.29000000E+01  .14283481E+01
  -.28500000E+01  .14107466E+01
  -.28000000E+01  .13929394E+01
  -.27500000E+01  .13749200E+01
  -.27000000E+01  .13566816E+01
  -.26500000E+01  .13382171E+01
  -.26000000E+01  .13195191E+01
  -.25500000E+01  .13005797E+01
  -.25000000E+01  .12813908E+01
  -.24500000E+01  .12619436E+01
  -.24000000E+01  .12422293E+01
  -.23500000E+01  .12222381E+01
  -.23000000E+01  .12019600E+01
  -.22500000E+01  .11813844E+01
  -.22000000E+01  .11605001E+01
  -.21500000E+01  .11392953E+01
  -.21000000E+01  .11177574E+01
  -.20500000E+01  .10958734E+01
  -.20000000E+01  .10736290E+01
  -.19500000E+01  .10510096E+01
  -.19000000E+01  .10279993E+01
  -.18500000E+01  .10045815E+01
  -.18000000E+01  .98073838E+00
  -.17500000E+01  .95645111E+00
  -.17000000E+01  .93169943E+00
  -.16500000E+01  .90646192E+00
  -.16000000E+01  .88071567E+00
  -.15500000E+01  .85443620E+00
  -.15000000E+01  .82759726E+00
  -.14500000E+01  .80017080E+00
  -.14000000E+01  .77212665E+00
  -.13500000E+01  .74343245E+00
  -.13000000E+01  .71405337E+00
  -.12500000E+01  .68395189E+00
  -.12000000E+01  .65308751E+00
  -.11500000E+01  .62141647E+00
  -.11000000E+01  .58889138E+00
  -.10500000E+01  .55546093E+00
  -.10000000E+01  .52106930E+00
  -.95000000E+00  .48565577E+00
  -.90000000E+00  .44915416E+00
  -.85000000E+00  .41149214E+00
  -.80000000E+00  .37259056E+00
  -.75000000E+00  .33236252E+00
  -.70000000E+00  .29071249E+00
  -.65000000E+00  .24753518E+00
  -.60000000E+00  .20271421E+00
  -.55000000E+00  .15612061E+00
  -.50000000E+00  .10761109E+00
  -.45000000E+00  .57025915E-01
  -.40000000E+00  .41865311E-02
  -.35000000E+00 -.51107338E-01
  -.30000000E+00 -.10908114E+00
  -.25000000E+00 -.16998966E+00
  -.20000000E+00 -.23412185E+00
  -.15000000E+00 -.30180696E+00
  -.10000000E+00 -.37342184E+00
  -.50000000E-01 -.44939993E+00
  -.22898350E-14 -.53024258E+00
   .50000000E-01 -.61653309E+00
   .10000000E+00 -.70895460E+00
   .15000000E+00 -.80831315E+00
   .20000000E+00 -.91556828E+00
   .25000000E+00 -.10318740E+01
   .30000000E+00 -.11586377E+01
   .35000000E+00 -.12976082E+01
   .40000000E+00 -.14510300E+01
   .45000000E+00 -.16219740E+01
   .50000000E+00 -.18153909E+01
   .55000000E+00 -.20448341E+01
   .60000000E+00 -.11328949E+01
   .65000000E+00 -.24850460E+01
   .70000000E+00 -.28195919E+01
   .75000000E+00 -.31985829E+01
   .80000000E+00 -.36474601E+01
   .85000000E+00 -.41926698E+01
   .90000000E+00 -.48721506E+01
   .95000000E+00 -.57454130E+01
   .10000000E+01 -.69125608E+01
   .10500000E+01 -.85565950E+01
   .11000000E+01 -.11051973E+02
   .11500000E+01 -.15304020E+02
   .12000000E+01 -.24206523E+02
   .12500000E+01 -.54750521E+02
   .13000000E+01  .25594697E+03
   .13500000E+01  .39521904E+02
   .14000000E+01  .21734327E+02
   .14500000E+01  .15126110E+02
   .15000000E+01  .11671591E+02
   .15500000E+01  .95438330E+01
   .16000000E+01  .80985801E+01
   .16500000E+01  .70505496E+01
   .17000000E+01  .62539770E+01
   .17500000E+01  .56266158E+01
   .18000000E+01  .51185390E+01
   .18500000E+01  .46976821E+01
   .19000000E+01  .43425105E+01
   .19500000E+01  .40380233E+01
   .20000000E+01  .37734507E+01
KBPotential  L  =      1.00000   -.80000
  -.30000000E+01  .16276054E+01
  -.29500000E+01  .16129054E+01
  -.29000000E+01  .15980868E+01
  -.28500000E+01  .15831468E+01
  -.28000000E+01  .15680823E+01
  -.27500000E+01  .15528906E+01
  -.27000000E+01  .15375683E+01
  -.26500000E+01  .15221124E+01
  -.26000000E+01  .15065193E+01
  -.25500000E+01  .14907856E+01
  -.25000000E+01  .14749076E+01
  -.24500000E+01  .14588814E+01
  -.24000000E+01  .14427031E+01
  -.23500000E+01  .14263685E+01
  -.23000000E+01  .14098730E+01
  -.22500000E+01  .13932123E+01
  -.22000000E+01  .13763814E+01
  -.21500000E+01  .13593753E+01
  -.21000000E+01  .13421888E+01
  -.20500000E+01  .13248161E+01
  -.20000000E+01  .13072516E+01
  -.19500000E+01  .12894890E+01
  -.19000000E+01  .12715217E+01
  -.18500000E+01  .12533431E+01
  -.18000000E+01  .12349457E+01
  -.17500000E+01  .12163221E+01
  -.17000000E+01  .11974639E+01
  -.16500000E+01  .11783627E+01
  -.16000000E+01  .11590093E+01
  -.15500000E+01  .11393940E+01
  -.15000000E+01  .11195065E+01
  -.14500000E+01  .10993356E+01
  -.14000000E+01  .10788697E+01
  -.13500000E+01  .10580961E+01
  -.13000000E+01  .10370013E+01
  -.12500000E+01  .10155708E+01
  -.12000000E+01  .99378905E+00
  -.11500000E+01  .97163916E+00
  -.11000000E+01  .94910296E+00
  -.10500000E+01  .92616077E+00
  -.10000000E+01  .90279123E+00
  -.95000000E+00  .87897111E+00
  -.90000000E+00  .85467506E+00
  -.85000000E+00  .82987537E+00
  -.80000000E+00  .80454165E+00
  -.75000000E+00  .77864043E+00
  -.70000000E+00  .75213482E+00
  -.65000000E+00  .72498394E+00
  -.60000000E+00  .69714238E+00
  -.55000000E+00  .66855948E+00
  -.50000000E+00  .63917850E+00
  -.45000000E+00  .60893561E+00
  -.40000000E+00  .57775869E+00
  -.35000000E+00  .54556586E+00
  -.30000000E+00  .51226368E+00
  -.25000000E+00  .47774490E+00
  -.20000000E+00  .44188570E+00
  -.15000000E+00  .40454221E+00
  -.10000000E+00  .36554611E+00
  -.50000000E-01  .32469898E+00
  -.22898350E-14  .28176501E+00
   .50000000E-01  .23646148E+00
   .10000000E+00  .18844613E+00
   .15000000E+00  .13730006E+00
   .20000000E+00  .82504819E-01
   .25000000E+00  .23409847E-01
   .30000000E+00 -.40812949E-01
   .35000000E+00 -.11123527E+00
   .40000000E+00 -.18927042E+00
   .45000000E+00 -.27682280E+00
   .50000000E+00 -.37652375E+00
   .55000000E+00 -.49211773E+00
   .60000000E+00 -.62912439E+00
   .65000000E+00 -.79603791E+00
   .70000000E+00 -.10066501E+01
   .75000000E+00 -.12849560E+01
   .80000000E+00 -.16767513E+01
   .85000000E+00 -.22817030E+01
   .90000000E+00 -.33656485E+01
   .95000000E+00 -.59546845E+01
   .10000000E+01 -.21373808E+02
   .10500000E+01  .14365279E+02
   .11000000E+01  .54284188E+01
   .11500000E+01  .33343697E+01
   .12000000E+01  .23823869E+01
   .12500000E+01  .18272529E+01
   .13000000E+01  .14558696E+01
   .13500000E+01  .11842255E+01
   .14000000E+01  .97248344E+00
   .14500000E+01  .79929950E+00
   .15000000E+01  .65218993E+00
   .15500000E+01  .52334883E+00
   .16000000E+01  .40762937E+00
   .16500000E+01  .30148485E+00
   .17000000E+01  .20237772E+00
   .17500000E+01  .10842990E+00
   .18000000E+01  .18207597E-01
   .18500000E+01 -.69416686E-01
   .19000000E+01 -.15535587E+00
   .19500000E+01 -.24037095E+00
   .20000000E+01 -.32511525E+00
KBPotential  L  =      3.00000    .00000
  -.30000000E+01  .19053769E+01
  -.29500000E+01  .18924617E+01
  -.29000000E+01  .18794639E+01
  -.28500000E+01  .18663819E+01
  -.28000000E+01  .18532142E+01
  -.27500000E+01  .18399593E+01
  -.27000000E+01  .18266154E+01
  -.26500000E+01  .18131809E+01
  -.26000000E+01  .17996541E+01
  -.25500000E+01  .17860331E+01
  -.25000000E+01  .17723161E+01
  -.24500000E+01  .17585012E+01
  -.24000000E+01  .17445865E+01
  -.23500000E+01  .17305698E+01
  -.23000000E+01  .17164492E+01
  -.22500000E+01  .17022224E+01
  -.22000000E+01  .16878873E+01
  -.21500000E+01  .16734415E+01
  -.21000000E+01  .16588826E+01
  -.20500000E+01  .16442082E+01
  -.20000000E+01  .16294158E+01
  -.19500000E+01  .16145026E+01
  -.19000000E+01  .15994661E+01
  -.18500000E+01  .15843032E+01
  -.18000000E+01  .15690113E+01
  -.17500000E+01  .15535871E+01
  -.17000000E+01  .15380276E+01
  -.16500000E+01  .15223296E+01
  -.16000000E+01  .15064896E+01
  -.15500000E+01  .14905041E+01
  -.15000000E+01  .14743696E+01
  -.14500000E+01  .14580821E+01
  -.14000000E+01  .14416380E+01
  -.13500000E+01  .14250329E+01
  -.13000000E+01  .14082628E+01
  -.12500000E+01  .13913231E+01
  -.12000000E+01  .13742093E+01
  -.11500000E+01  .13569166E+01
  -.11000000E+01  .13394401E+01
  -.10500000E+01  .13217744E+01
  -.10000000E+01  .13039143E+01
  -.95000000E+00  .12858539E+01
  -.90000000E+00  .12675875E+01
  -.85000000E+00  .12491088E+01
  -.80000000E+00  .12304113E+01
  -.75000000E+00  .12114884E+01
  -.70000000E+00  .11923328E+01
  -.65000000E+00  .11729373E+01
  -.60000000E+00  .11532940E+01
  -.55000000E+00  .11333947E+01
  -.50000000E+00  .11132310E+01
  -.45000000E+00  .10927938E+01
  -.40000000E+00  .10720737E+01
  -.35000000E+00  .10510607E+01
  -.30000000E+00  .10297443E+01
  -.25000000E+00  .10081137E+01
  -.20000000E+00  .98615699E+00
  -.15000000E+00  .96386210E+00
  -.10000000E+00  .94121603E+00
  -.50000000E-01  .91820508E+00
  -.22898350E-14  .89481479E+00
   .50000000E-01  .87102982E+00
   .10000000E+00  .84683393E+00
   .15000000E+00  .82220989E+00
   .20000000E+00  .79713939E+00
   .25000000E+00  .77160297E+00
   .30000000E+00  .74557995E+00
   .35000000E+00  .71904828E+00
   .40000000E+00  .69198443E+00
   .45000000E+00  .66436331E+00
   .50000000E+00  .63615810E+00
   .55000000E+00  .60734004E+00
   .60000000E+00  .57787838E+00
   .65000000E+00  .54774009E+00
   .70000000E+00  .51688970E+00
   .75000000E+00  .48528917E+00
   .80000000E+00  .45289705E+00
   .85000000E+00  .41966908E+00
   .90000000E+00  .38555725E+00
   .95000000E+00  .35050962E+00
   .10000000E+01  .31446979E+00
   .10500000E+01  .27737653E+00
   .11000000E+01  .23916316E+00
   .11500000E+01  .19975693E+00
   .12000000E+01  .15907841E+00
   .12500000E+01  .11704053E+00
   .13000000E+01  .73547529E-01
   .13500000E+01  .28494746E-01
   .14000000E+01 -.18233961E-01
   .14500000E+01 -.66766762E-01
   .15000000E+01 -.11724578E+00
   .15500000E+01 -.16982899E+00
   .16000000E+01 -.22469255E+00
   .16500000E+01 -.28203352E+00
   .17000000E+01 -.34207306E+00
   .17500000E+01 -.40506027E+00
   .18000000E+01 -.47127675E+00
   .18500000E+01 -.54104208E+00
   .19000000E+01 -.61472055E+00
   .19500000E+01 -.69272920E+00
   .20000000E+01 -.77554788E+00
KBPotential  L  =      4.00000    .00000
  -.30000000E+01  .21499576E+01
  -.29500000E+01  .21386535E+01
  -.29000000E+01  .21272947E+01
  -.28500000E+01  .21158813E+01
  -.28000000E+01  .21044116E+01
  -.27500000E+01  .20928859E+01
  -.27000000E+01  .20813021E+01
  -.26500000E+01  .20696606E+01
  -.26000000E+01  .20579598E+01
  -.25500000E+01  .20462006E+01
  -.25000000E+01  .20343782E+01
  -.24500000E+01  .20224965E+01
  -.24000000E+01  .20105510E+01
  -.23500000E+01  .19985424E+01
  -.23000000E+01  .19864683E+01
  -.22500000E+01  .19743309E+01
  -.22000000E+01  .19621262E+01
  -.21500000E+01  .19498531E+01
  -.21000000E+01  .19375140E+01
  -.20500000E+01  .19251029E+01
  -.20000000E+01  .19126242E+01
  -.19500000E+01  .19000711E+01
  -.19000000E+01  .18874473E+01
  -.18500000E+01  .18747492E+01
  -.18000000E+01  .18619768E+01
  -.17500000E+01  .18491264E+01
  -.17000000E+01  .18362003E+01
  -.16500000E+01  .18231936E+01
  -.16000000E+01  .18101087E+01
  -.15500000E+01  .17969413E+01
  -.15000000E+01  .17836910E+01
  -.14500000E+01  .17703555E+01
  -.14000000E+01  .17569365E+01
  -.13500000E+01  .17434280E+01
  -.13000000E+01  .17298321E+01
  -.12500000E+01  .17161455E+01
  -.12000000E+01  .17023672E+01
  -.11500000E+01  .16884952E+01
  -.11000000E+01  .16745278E+01
  -.10500000E+01  .16604630E+01
  -.10000000E+01  .16462998E+01
  -.95000000E+00  .16320353E+01
  -.90000000E+00  .16176683E+01
  -.85000000E+00  .16031966E+01
  -.80000000E+00  .15886190E+01
  -.75000000E+00  .15739317E+01
  -.70000000E+00  .15591334E+01
  -.65000000E+00  .15442219E+01
  -.60000000E+00  .15291948E+01
  -.55000000E+00  .15140490E+01
  -.50000000E+00  .14987836E+01
  -.45000000E+00  .14833955E+01
  -.40000000E+00  .14678818E+01
  -.35000000E+00  .14522400E+01
  -.30000000E+00  .14364672E+01
  -.25000000E+00  .14205607E+01
  -.20000000E+00  .14045173E+01
  -.15000000E+00  .13883341E+01
  -.10000000E+00  .13720080E+01
  -.50000000E-01  .13555356E+01
  -.22898350E-14  .13389135E+01
   .50000000E-01  .13221384E+01
   .10000000E+00  .13052064E+01
   .15000000E+00  .12881139E+01
   .20000000E+00  .12708570E+01
   .25000000E+00  .12534316E+01
   .30000000E+00  .12358335E+01
   .35000000E+00  .12180584E+01
   .40000000E+00  .12001018E+01
   .45000000E+00  .11819590E+01
   .50000000E+00  .11636252E+01
   .55000000E+00  .11450953E+01
   .60000000E+00  .11263640E+01
   .65000000E+00  .11074258E+01
   .70000000E+00  .10882752E+01
   .75000000E+00  .10689061E+01
   .80000000E+00  .10493125E+01
   .85000000E+00  .10294879E+01
   .90000000E+00  .10094256E+01
   .95000000E+00  .98911860E+00
   .10000000E+01  .96855965E+00
   .10500000E+01  .94774118E+00
   .11000000E+01  .92665521E+00
   .11500000E+01  .90529344E+00
   .12000000E+01  .88364720E+00
   .12500000E+01  .86170739E+00
   .13000000E+01  .83946452E+00
   .13500000E+01  .81690861E+00
   .14000000E+01  .79402923E+00
   .14500000E+01  .77081539E+00
   .15000000E+01  .74725565E+00
   .15500000E+01  .72333790E+00
   .16000000E+01  .69904946E+00
   .16500000E+01  .67437698E+00
   .17000000E+01  .64930642E+00
   .17500000E+01  .62382297E+00
   .18000000E+01  .59791105E+00
   .18500000E+01  .57155421E+00
   .19000000E+01  .54473509E+00
   .19500000E+01  .51743533E+00
   .20000000E+01  .48963555E+00
