  PAW H                                  
 100
Core Pot   L  =         .00000   -.34624
  -.20000000E+01  .11312451E+01
  -.19600000E+01  .11203658E+01
  -.19200000E+01  .11094507E+01
  -.18800000E+01  .10984994E+01
  -.18400000E+01  .10875117E+01
  -.18000000E+01  .10764874E+01
  -.17600000E+01  .10654262E+01
  -.17200000E+01  .10543279E+01
  -.16800000E+01  .10431922E+01
  -.16400000E+01  .10320189E+01
  -.16000000E+01  .10208076E+01
  -.15600000E+01  .10095582E+01
  -.15200000E+01  .99827031E+00
  -.14800000E+01  .98694371E+00
  -.14400000E+01  .97557812E+00
  -.14000000E+01  .96417326E+00
  -.13600000E+01  .95272886E+00
  -.13200000E+01  .94124463E+00
  -.12800000E+01  .92972028E+00
  -.12400000E+01  .91815554E+00
  -.12000000E+01  .90655011E+00
  -.11600000E+01  .89490370E+00
  -.11200000E+01  .88321601E+00
  -.10800000E+01  .87148674E+00
  -.10400000E+01  .85971560E+00
  -.10000000E+01  .84790228E+00
  -.96000000E+00  .83604646E+00
  -.92000000E+00  .82414785E+00
  -.88000000E+00  .81220612E+00
  -.84000000E+00  .80022095E+00
  -.80000000E+00  .78819204E+00
  -.76000000E+00  .77611905E+00
  -.72000000E+00  .76400165E+00
  -.68000000E+00  .75183952E+00
  -.64000000E+00  .73963233E+00
  -.60000000E+00  .72737973E+00
  -.56000000E+00  .71508138E+00
  -.52000000E+00  .70273694E+00
  -.48000000E+00  .69034607E+00
  -.44000000E+00  .67790840E+00
  -.40000000E+00  .66542359E+00
  -.36000000E+00  .65289128E+00
  -.32000000E+00  .64031110E+00
  -.28000000E+00  .62768269E+00
  -.24000000E+00  .61500568E+00
  -.20000000E+00  .60227969E+00
  -.16000000E+00  .58950434E+00
  -.12000000E+00  .57667926E+00
  -.80000000E-01  .56380405E+00
  -.40000000E-01  .55087832E+00
   .12351231E-14  .53790169E+00
   .40000000E-01  .52487375E+00
   .80000000E-01  .51179410E+00
   .12000000E+00  .49866233E+00
   .16000000E+00  .48547802E+00
   .20000000E+00  .47224077E+00
   .24000000E+00  .45895015E+00
   .28000000E+00  .44560574E+00
   .32000000E+00  .43220710E+00
   .36000000E+00  .41875380E+00
   .40000000E+00  .40524540E+00
   .44000000E+00  .39168145E+00
   .48000000E+00  .37806151E+00
   .52000000E+00  .36438512E+00
   .56000000E+00  .35065182E+00
   .60000000E+00  .33686114E+00
   .64000000E+00  .32301262E+00
   .68000000E+00  .30910578E+00
   .72000000E+00  .29514014E+00
   .76000000E+00  .28111521E+00
   .80000000E+00  .26703050E+00
   .84000000E+00  .25288551E+00
   .88000000E+00  .23867974E+00
   .92000000E+00  .22441268E+00
   .96000000E+00  .21008382E+00
   .10000000E+01  .19569263E+00
   .10400000E+01  .18123859E+00
   .10800000E+01  .16672117E+00
   .11200000E+01  .15213982E+00
   .11600000E+01  .13749400E+00
   .12000000E+01  .12278315E+00
   .12400000E+01  .10800673E+00
   .12800000E+01  .93164166E-01
   .13200000E+01  .78254883E-01
   .13600000E+01  .63278305E-01
   .14000000E+01  .48233847E-01
   .14400000E+01  .33120917E-01
   .14800000E+01  .17938915E-01
   .15200000E+01  .26872352E-02
   .15600000E+01 -.12634737E-01
   .16000000E+01 -.28027621E-01
   .16400000E+01 -.43492048E-01
   .16800000E+01 -.59028653E-01
   .17200000E+01 -.74638080E-01
   .17600000E+01 -.90320981E-01
   .18000000E+01 -.10607802E+00
   .18400000E+01 -.12190986E+00
   .18800000E+01 -.13781717E+00
   .19200000E+01 -.15380065E+00
   .19600000E+01 -.16986099E+00
   .20000000E+01 -.18599888E+00
Potential  L  =         .00000   -.34624
  -.20000000E+01  .11397660E+01
  -.19600000E+01  .11293367E+01
  -.19200000E+01  .11188758E+01
  -.18800000E+01  .11083833E+01
  -.18400000E+01  .10978589E+01
  -.18000000E+01  .10873024E+01
  -.17600000E+01  .10767136E+01
  -.17200000E+01  .10660923E+01
  -.16800000E+01  .10554382E+01
  -.16400000E+01  .10447513E+01
  -.16000000E+01  .10340312E+01
  -.15600000E+01  .10232778E+01
  -.15200000E+01  .10124908E+01
  -.14800000E+01  .10016701E+01
  -.14400000E+01  .99081530E+00
  -.14000000E+01  .97992633E+00
  -.13600000E+01  .96900293E+00
  -.13200000E+01  .95804486E+00
  -.12800000E+01  .94705190E+00
  -.12400000E+01  .93602383E+00
  -.12000000E+01  .92496040E+00
  -.11600000E+01  .91386140E+00
  -.11200000E+01  .90272658E+00
  -.10800000E+01  .89155570E+00
  -.10400000E+01  .88034854E+00
  -.10000000E+01  .86910484E+00
  -.96000000E+00  .85782436E+00
  -.92000000E+00  .84650685E+00
  -.88000000E+00  .83515208E+00
  -.84000000E+00  .82375978E+00
  -.80000000E+00  .81232971E+00
  -.76000000E+00  .80086160E+00
  -.72000000E+00  .78935521E+00
  -.68000000E+00  .77781026E+00
  -.64000000E+00  .76622651E+00
  -.60000000E+00  .75460368E+00
  -.56000000E+00  .74294150E+00
  -.52000000E+00  .73123971E+00
  -.48000000E+00  .71949804E+00
  -.44000000E+00  .70771620E+00
  -.40000000E+00  .69589392E+00
  -.36000000E+00  .68403092E+00
  -.32000000E+00  .67212691E+00
  -.28000000E+00  .66018162E+00
  -.24000000E+00  .64819475E+00
  -.20000000E+00  .63616601E+00
  -.16000000E+00  .62409510E+00
  -.12000000E+00  .61198173E+00
  -.80000000E-01  .59982560E+00
  -.40000000E-01  .58762641E+00
   .12351231E-14  .57538384E+00
   .40000000E-01  .56309759E+00
   .80000000E-01  .55076736E+00
   .12000000E+00  .53839281E+00
   .16000000E+00  .52597364E+00
   .20000000E+00  .51350953E+00
   .24000000E+00  .50100014E+00
   .28000000E+00  .48844515E+00
   .32000000E+00  .47584424E+00
   .36000000E+00  .46319705E+00
   .40000000E+00  .45050327E+00
   .44000000E+00  .43776254E+00
   .48000000E+00  .42497453E+00
   .52000000E+00  .41213888E+00
   .56000000E+00  .39925524E+00
   .60000000E+00  .38632325E+00
   .64000000E+00  .37334257E+00
   .68000000E+00  .36031282E+00
   .72000000E+00  .34723364E+00
   .76000000E+00  .33410466E+00
   .80000000E+00  .32092550E+00
   .84000000E+00  .30769579E+00
   .88000000E+00  .29441515E+00
   .92000000E+00  .28108319E+00
   .96000000E+00  .26769952E+00
   .10000000E+01  .25426374E+00
   .10400000E+01  .24077547E+00
   .10800000E+01  .22723429E+00
   .11200000E+01  .21363981E+00
   .11600000E+01  .19999160E+00
   .12000000E+01  .18628926E+00
   .12400000E+01  .17253237E+00
   .12800000E+01  .15872050E+00
   .13200000E+01  .14485322E+00
   .13600000E+01  .13093011E+00
   .14000000E+01  .11695072E+00
   .14400000E+01  .10291461E+00
   .14800000E+01  .88821340E-01
   .15200000E+01  .74670452E-01
   .15600000E+01  .60461490E-01
   .16000000E+01  .46193993E-01
   .16400000E+01  .31867494E-01
   .16800000E+01  .17481522E-01
   .17200000E+01  .30355991E-02
   .17600000E+01 -.11470756E-01
   .18000000E+01 -.26038032E-01
   .18400000E+01 -.40666722E-01
   .18800000E+01 -.55357323E-01
   .19200000E+01 -.70110340E-01
   .19600000E+01 -.84926282E-01
   .20000000E+01 -.99805665E-01
Core Pot   L  =        1.00000   -.30000
  -.20000000E+01  .27798367E+01
  -.19600000E+01  .27740637E+01
  -.19200000E+01  .27682838E+01
  -.18800000E+01  .27624971E+01
  -.18400000E+01  .27567034E+01
  -.18000000E+01  .27509029E+01
  -.17600000E+01  .27450954E+01
  -.17200000E+01  .27392809E+01
  -.16800000E+01  .27334595E+01
  -.16400000E+01  .27276311E+01
  -.16000000E+01  .27217956E+01
  -.15600000E+01  .27159531E+01
  -.15200000E+01  .27101036E+01
  -.14800000E+01  .27042470E+01
  -.14400000E+01  .26983833E+01
  -.14000000E+01  .26925125E+01
  -.13600000E+01  .26866345E+01
  -.13200000E+01  .26807494E+01
  -.12800000E+01  .26748572E+01
  -.12400000E+01  .26689577E+01
  -.12000000E+01  .26630510E+01
  -.11600000E+01  .26571371E+01
  -.11200000E+01  .26512159E+01
  -.10800000E+01  .26452875E+01
  -.10400000E+01  .26393518E+01
  -.10000000E+01  .26334087E+01
  -.96000000E+00  .26274583E+01
  -.92000000E+00  .26215006E+01
  -.88000000E+00  .26155354E+01
  -.84000000E+00  .26095629E+01
  -.80000000E+00  .26035829E+01
  -.76000000E+00  .25975956E+01
  -.72000000E+00  .25916007E+01
  -.68000000E+00  .25855984E+01
  -.64000000E+00  .25795885E+01
  -.60000000E+00  .25735711E+01
  -.56000000E+00  .25675462E+01
  -.52000000E+00  .25615137E+01
  -.48000000E+00  .25554736E+01
  -.44000000E+00  .25494259E+01
  -.40000000E+00  .25433706E+01
  -.36000000E+00  .25373075E+01
  -.32000000E+00  .25312369E+01
  -.28000000E+00  .25251585E+01
  -.24000000E+00  .25190723E+01
  -.20000000E+00  .25129785E+01
  -.16000000E+00  .25068768E+01
  -.12000000E+00  .25007674E+01
  -.80000000E-01  .24946502E+01
  -.40000000E-01  .24885251E+01
   .12351231E-14  .24823921E+01
   .40000000E-01  .24762513E+01
   .80000000E-01  .24701025E+01
   .12000000E+00  .24639458E+01
   .16000000E+00  .24577812E+01
   .20000000E+00  .24516086E+01
   .24000000E+00  .24454280E+01
   .28000000E+00  .24392393E+01
   .32000000E+00  .24330426E+01
   .36000000E+00  .24268379E+01
   .40000000E+00  .24206250E+01
   .44000000E+00  .24144040E+01
   .48000000E+00  .24081749E+01
   .52000000E+00  .24019376E+01
   .56000000E+00  .23956921E+01
   .60000000E+00  .23894383E+01
   .64000000E+00  .23831764E+01
   .68000000E+00  .23769061E+01
   .72000000E+00  .23706276E+01
   .76000000E+00  .23643408E+01
   .80000000E+00  .23580456E+01
   .84000000E+00  .23517420E+01
   .88000000E+00  .23454301E+01
   .92000000E+00  .23391097E+01
   .96000000E+00  .23327809E+01
   .10000000E+01  .23264436E+01
   .10400000E+01  .23200978E+01
   .10800000E+01  .23137435E+01
   .11200000E+01  .23073807E+01
   .11600000E+01  .23010093E+01
   .12000000E+01  .22946293E+01
   .12400000E+01  .22882406E+01
   .12800000E+01  .22818433E+01
   .13200000E+01  .22754374E+01
   .13600000E+01  .22690227E+01
   .14000000E+01  .22625993E+01
   .14400000E+01  .22561671E+01
   .14800000E+01  .22497262E+01
   .15200000E+01  .22432764E+01
   .15600000E+01  .22368178E+01
   .16000000E+01  .22303503E+01
   .16400000E+01  .22238740E+01
   .16800000E+01  .22173887E+01
   .17200000E+01  .22108945E+01
   .17600000E+01  .22043913E+01
   .18000000E+01  .21978790E+01
   .18400000E+01  .21913578E+01
   .18800000E+01  .21848275E+01
   .19200000E+01  .21782881E+01
   .19600000E+01  .21717396E+01
   .20000000E+01  .21651819E+01
Potential  L  =        1.00000   -.30000
  -.20000000E+01  .27453277E+01
  -.19600000E+01  .27395293E+01
  -.19200000E+01  .27337240E+01
  -.18800000E+01  .27279118E+01
  -.18400000E+01  .27220927E+01
  -.18000000E+01  .27162667E+01
  -.17600000E+01  .27104336E+01
  -.17200000E+01  .27045936E+01
  -.16800000E+01  .26987467E+01
  -.16400000E+01  .26928926E+01
  -.16000000E+01  .26870316E+01
  -.15600000E+01  .26811635E+01
  -.15200000E+01  .26752883E+01
  -.14800000E+01  .26694060E+01
  -.14400000E+01  .26635166E+01
  -.14000000E+01  .26576201E+01
  -.13600000E+01  .26517164E+01
  -.13200000E+01  .26458055E+01
  -.12800000E+01  .26398874E+01
  -.12400000E+01  .26339622E+01
  -.12000000E+01  .26280296E+01
  -.11600000E+01  .26220899E+01
  -.11200000E+01  .26161428E+01
  -.10800000E+01  .26101885E+01
  -.10400000E+01  .26042268E+01
  -.10000000E+01  .25982578E+01
  -.96000000E+00  .25922814E+01
  -.92000000E+00  .25862977E+01
  -.88000000E+00  .25803065E+01
  -.84000000E+00  .25743079E+01
  -.80000000E+00  .25683019E+01
  -.76000000E+00  .25622884E+01
  -.72000000E+00  .25562675E+01
  -.68000000E+00  .25502390E+01
  -.64000000E+00  .25442030E+01
  -.60000000E+00  .25381594E+01
  -.56000000E+00  .25321083E+01
  -.52000000E+00  .25260496E+01
  -.48000000E+00  .25199832E+01
  -.44000000E+00  .25139093E+01
  -.40000000E+00  .25078276E+01
  -.36000000E+00  .25017383E+01
  -.32000000E+00  .24956413E+01
  -.28000000E+00  .24895365E+01
  -.24000000E+00  .24834240E+01
  -.20000000E+00  .24773038E+01
  -.16000000E+00  .24711757E+01
  -.12000000E+00  .24650398E+01
  -.80000000E-01  .24588961E+01
  -.40000000E-01  .24527445E+01
   .12351231E-14  .24465851E+01
   .40000000E-01  .24404177E+01
   .80000000E-01  .24342424E+01
   .12000000E+00  .24280591E+01
   .16000000E+00  .24218679E+01
   .20000000E+00  .24156687E+01
   .24000000E+00  .24094614E+01
   .28000000E+00  .24032461E+01
   .32000000E+00  .23970227E+01
   .36000000E+00  .23907912E+01
   .40000000E+00  .23845516E+01
   .44000000E+00  .23783039E+01
   .48000000E+00  .23720480E+01
   .52000000E+00  .23657839E+01
   .56000000E+00  .23595116E+01
   .60000000E+00  .23532311E+01
   .64000000E+00  .23469422E+01
   .68000000E+00  .23406451E+01
   .72000000E+00  .23343397E+01
   .76000000E+00  .23280260E+01
   .80000000E+00  .23217038E+01
   .84000000E+00  .23153733E+01
   .88000000E+00  .23090344E+01
   .92000000E+00  .23026871E+01
   .96000000E+00  .22963312E+01
   .10000000E+01  .22899669E+01
   .10400000E+01  .22835941E+01
   .10800000E+01  .22772127E+01
   .11200000E+01  .22708228E+01
   .11600000E+01  .22644242E+01
   .12000000E+01  .22580171E+01
   .12400000E+01  .22516013E+01
   .12800000E+01  .22451768E+01
   .13200000E+01  .22387437E+01
   .13600000E+01  .22323018E+01
   .14000000E+01  .22258511E+01
   .14400000E+01  .22193917E+01
   .14800000E+01  .22129235E+01
   .15200000E+01  .22064464E+01
   .15600000E+01  .21999605E+01
   .16000000E+01  .21934657E+01
   .16400000E+01  .21869620E+01
   .16800000E+01  .21804494E+01
   .17200000E+01  .21739278E+01
   .17600000E+01  .21673972E+01
   .18000000E+01  .21608575E+01
   .18400000E+01  .21543089E+01
   .18800000E+01  .21477511E+01
   .19200000E+01  .21411842E+01
   .19600000E+01  .21346082E+01
   .20000000E+01  .21280231E+01
Core Pot   L  =        2.00000    .00000
  -.20000000E+01  .42484700E+01
  -.19600000E+01  .42444230E+01
  -.19200000E+01  .42403733E+01
  -.18800000E+01  .42363211E+01
  -.18400000E+01  .42322663E+01
  -.18000000E+01  .42282088E+01
  -.17600000E+01  .42241488E+01
  -.17200000E+01  .42200861E+01
  -.16800000E+01  .42160209E+01
  -.16400000E+01  .42119530E+01
  -.16000000E+01  .42078825E+01
  -.15600000E+01  .42038094E+01
  -.15200000E+01  .41997337E+01
  -.14800000E+01  .41956553E+01
  -.14400000E+01  .41915743E+01
  -.14000000E+01  .41874907E+01
  -.13600000E+01  .41834044E+01
  -.13200000E+01  .41793155E+01
  -.12800000E+01  .41752239E+01
  -.12400000E+01  .41711296E+01
  -.12000000E+01  .41670327E+01
  -.11600000E+01  .41629331E+01
  -.11200000E+01  .41588309E+01
  -.10800000E+01  .41547260E+01
  -.10400000E+01  .41506184E+01
  -.10000000E+01  .41465081E+01
  -.96000000E+00  .41423951E+01
  -.92000000E+00  .41382795E+01
  -.88000000E+00  .41341611E+01
  -.84000000E+00  .41300401E+01
  -.80000000E+00  .41259163E+01
  -.76000000E+00  .41217899E+01
  -.72000000E+00  .41176607E+01
  -.68000000E+00  .41135288E+01
  -.64000000E+00  .41093942E+01
  -.60000000E+00  .41052569E+01
  -.56000000E+00  .41011168E+01
  -.52000000E+00  .40969740E+01
  -.48000000E+00  .40928285E+01
  -.44000000E+00  .40886802E+01
  -.40000000E+00  .40845291E+01
  -.36000000E+00  .40803754E+01
  -.32000000E+00  .40762188E+01
  -.28000000E+00  .40720595E+01
  -.24000000E+00  .40678975E+01
  -.20000000E+00  .40637326E+01
  -.16000000E+00  .40595650E+01
  -.12000000E+00  .40553946E+01
  -.80000000E-01  .40512215E+01
  -.40000000E-01  .40470455E+01
   .12351231E-14  .40428668E+01
   .40000000E-01  .40386852E+01
   .80000000E-01  .40345009E+01
   .12000000E+00  .40303137E+01
   .16000000E+00  .40261237E+01
   .20000000E+00  .40219310E+01
   .24000000E+00  .40177354E+01
   .28000000E+00  .40135369E+01
   .32000000E+00  .40093357E+01
   .36000000E+00  .40051316E+01
   .40000000E+00  .40009247E+01
   .44000000E+00  .39967149E+01
   .48000000E+00  .39925023E+01
   .52000000E+00  .39882868E+01
   .56000000E+00  .39840685E+01
   .60000000E+00  .39798473E+01
   .64000000E+00  .39756233E+01
   .68000000E+00  .39713963E+01
   .72000000E+00  .39671665E+01
   .76000000E+00  .39629339E+01
   .80000000E+00  .39586983E+01
   .84000000E+00  .39544598E+01
   .88000000E+00  .39502185E+01
   .92000000E+00  .39459742E+01
   .96000000E+00  .39417271E+01
   .10000000E+01  .39374770E+01
   .10400000E+01  .39332240E+01
   .10800000E+01  .39289682E+01
   .11200000E+01  .39247093E+01
   .11600000E+01  .39204476E+01
   .12000000E+01  .39161829E+01
   .12400000E+01  .39119153E+01
   .12800000E+01  .39076447E+01
   .13200000E+01  .39033712E+01
   .13600000E+01  .38990948E+01
   .14000000E+01  .38948153E+01
   .14400000E+01  .38905330E+01
   .14800000E+01  .38862476E+01
   .15200000E+01  .38819593E+01
   .15600000E+01  .38776680E+01
   .16000000E+01  .38733737E+01
   .16400000E+01  .38690764E+01
   .16800000E+01  .38647762E+01
   .17200000E+01  .38604729E+01
   .17600000E+01  .38561667E+01
   .18000000E+01  .38518574E+01
   .18400000E+01  .38475451E+01
   .18800000E+01  .38432298E+01
   .19200000E+01  .38389115E+01
   .19600000E+01  .38345901E+01
   .20000000E+01  .38302657E+01
Potential  L  =        2.00000    .00000
  -.20000000E+01  .42599106E+01
  -.19600000E+01  .42558808E+01
  -.19200000E+01  .42518485E+01
  -.18800000E+01  .42478136E+01
  -.18400000E+01  .42437762E+01
  -.18000000E+01  .42397363E+01
  -.17600000E+01  .42356937E+01
  -.17200000E+01  .42316486E+01
  -.16800000E+01  .42276010E+01
  -.16400000E+01  .42235507E+01
  -.16000000E+01  .42194979E+01
  -.15600000E+01  .42154425E+01
  -.15200000E+01  .42113846E+01
  -.14800000E+01  .42073240E+01
  -.14400000E+01  .42032608E+01
  -.14000000E+01  .41991951E+01
  -.13600000E+01  .41951267E+01
  -.13200000E+01  .41910558E+01
  -.12800000E+01  .41869822E+01
  -.12400000E+01  .41829060E+01
  -.12000000E+01  .41788272E+01
  -.11600000E+01  .41747458E+01
  -.11200000E+01  .41706617E+01
  -.10800000E+01  .41665750E+01
  -.10400000E+01  .41624857E+01
  -.10000000E+01  .41583938E+01
  -.96000000E+00  .41542992E+01
  -.92000000E+00  .41502019E+01
  -.88000000E+00  .41461020E+01
  -.84000000E+00  .41419995E+01
  -.80000000E+00  .41378943E+01
  -.76000000E+00  .41337864E+01
  -.72000000E+00  .41296759E+01
  -.68000000E+00  .41255627E+01
  -.64000000E+00  .41214468E+01
  -.60000000E+00  .41173282E+01
  -.56000000E+00  .41132070E+01
  -.52000000E+00  .41090830E+01
  -.48000000E+00  .41049564E+01
  -.44000000E+00  .41008271E+01
  -.40000000E+00  .40966950E+01
  -.36000000E+00  .40925603E+01
  -.32000000E+00  .40884228E+01
  -.28000000E+00  .40842827E+01
  -.24000000E+00  .40801398E+01
  -.20000000E+00  .40759942E+01
  -.16000000E+00  .40718459E+01
  -.12000000E+00  .40676948E+01
  -.80000000E-01  .40635410E+01
  -.40000000E-01  .40593845E+01
   .12351231E-14  .40552252E+01
   .40000000E-01  .40510632E+01
   .80000000E-01  .40468984E+01
   .12000000E+00  .40427308E+01
   .16000000E+00  .40385605E+01
   .20000000E+00  .40343874E+01
   .24000000E+00  .40302116E+01
   .28000000E+00  .40260330E+01
   .32000000E+00  .40218516E+01
   .36000000E+00  .40176674E+01
   .40000000E+00  .40134804E+01
   .44000000E+00  .40092906E+01
   .48000000E+00  .40050980E+01
   .52000000E+00  .40009027E+01
   .56000000E+00  .39967045E+01
   .60000000E+00  .39925035E+01
   .64000000E+00  .39882997E+01
   .68000000E+00  .39840931E+01
   .72000000E+00  .39798836E+01
   .76000000E+00  .39756713E+01
   .80000000E+00  .39714562E+01
   .84000000E+00  .39672382E+01
   .88000000E+00  .39630174E+01
   .92000000E+00  .39587937E+01
   .96000000E+00  .39545672E+01
   .10000000E+01  .39503379E+01
   .10400000E+01  .39461056E+01
   .10800000E+01  .39418705E+01
   .11200000E+01  .39376326E+01
   .11600000E+01  .39333917E+01
   .12000000E+01  .39291480E+01
   .12400000E+01  .39249014E+01
   .12800000E+01  .39206518E+01
   .13200000E+01  .39163994E+01
   .13600000E+01  .39121441E+01
   .14000000E+01  .39078859E+01
   .14400000E+01  .39036248E+01
   .14800000E+01  .38993607E+01
   .15200000E+01  .38950938E+01
   .15600000E+01  .38908239E+01
   .16000000E+01  .38865511E+01
   .16400000E+01  .38822753E+01
   .16800000E+01  .38779967E+01
   .17200000E+01  .38737150E+01
   .17600000E+01  .38694304E+01
   .18000000E+01  .38651429E+01
   .18400000E+01  .38608524E+01
   .18800000E+01  .38565589E+01
   .19200000E+01  .38522625E+01
   .19600000E+01  .38479631E+01
   .20000000E+01  .38436607E+01
Core Pot   L  =        3.00000    .00000
  -.20000000E+01  .56905198E+01
  -.19600000E+01  .56873898E+01
  -.19200000E+01  .56842586E+01
  -.18800000E+01  .56811261E+01
  -.18400000E+01  .56779923E+01
  -.18000000E+01  .56748573E+01
  -.17600000E+01  .56717210E+01
  -.17200000E+01  .56685834E+01
  -.16800000E+01  .56654446E+01
  -.16400000E+01  .56623045E+01
  -.16000000E+01  .56591632E+01
  -.15600000E+01  .56560205E+01
  -.15200000E+01  .56528766E+01
  -.14800000E+01  .56497315E+01
  -.14400000E+01  .56465850E+01
  -.14000000E+01  .56434373E+01
  -.13600000E+01  .56402883E+01
  -.13200000E+01  .56371380E+01
  -.12800000E+01  .56339864E+01
  -.12400000E+01  .56308335E+01
  -.12000000E+01  .56276794E+01
  -.11600000E+01  .56245240E+01
  -.11200000E+01  .56213673E+01
  -.10800000E+01  .56182093E+01
  -.10400000E+01  .56150500E+01
  -.10000000E+01  .56118894E+01
  -.96000000E+00  .56087276E+01
  -.92000000E+00  .56055644E+01
  -.88000000E+00  .56024000E+01
  -.84000000E+00  .55992342E+01
  -.80000000E+00  .55960672E+01
  -.76000000E+00  .55928988E+01
  -.72000000E+00  .55897292E+01
  -.68000000E+00  .55865582E+01
  -.64000000E+00  .55833860E+01
  -.60000000E+00  .55802124E+01
  -.56000000E+00  .55770376E+01
  -.52000000E+00  .55738614E+01
  -.48000000E+00  .55706840E+01
  -.44000000E+00  .55675052E+01
  -.40000000E+00  .55643251E+01
  -.36000000E+00  .55611437E+01
  -.32000000E+00  .55579610E+01
  -.28000000E+00  .55547770E+01
  -.24000000E+00  .55515916E+01
  -.20000000E+00  .55484050E+01
  -.16000000E+00  .55452170E+01
  -.12000000E+00  .55420277E+01
  -.80000000E-01  .55388371E+01
  -.40000000E-01  .55356452E+01
   .12351231E-14  .55324519E+01
   .40000000E-01  .55292573E+01
   .80000000E-01  .55260614E+01
   .12000000E+00  .55228641E+01
   .16000000E+00  .55196656E+01
   .20000000E+00  .55164657E+01
   .24000000E+00  .55132644E+01
   .28000000E+00  .55100619E+01
   .32000000E+00  .55068580E+01
   .36000000E+00  .55036527E+01
   .40000000E+00  .55004461E+01
   .44000000E+00  .54972382E+01
   .48000000E+00  .54940290E+01
   .52000000E+00  .54908184E+01
   .56000000E+00  .54876064E+01
   .60000000E+00  .54843931E+01
   .64000000E+00  .54811785E+01
   .68000000E+00  .54779625E+01
   .72000000E+00  .54747452E+01
   .76000000E+00  .54715265E+01
   .80000000E+00  .54683065E+01
   .84000000E+00  .54650851E+01
   .88000000E+00  .54618623E+01
   .92000000E+00  .54586382E+01
   .96000000E+00  .54554128E+01
   .10000000E+01  .54521859E+01
   .10400000E+01  .54489578E+01
   .10800000E+01  .54457282E+01
   .11200000E+01  .54424973E+01
   .11600000E+01  .54392650E+01
   .12000000E+01  .54360314E+01
   .12400000E+01  .54327964E+01
   .12800000E+01  .54295600E+01
   .13200000E+01  .54263223E+01
   .13600000E+01  .54230832E+01
   .14000000E+01  .54198427E+01
   .14400000E+01  .54166008E+01
   .14800000E+01  .54133576E+01
   .15200000E+01  .54101130E+01
   .15600000E+01  .54068670E+01
   .16000000E+01  .54036196E+01
   .16400000E+01  .54003708E+01
   .16800000E+01  .53971207E+01
   .17200000E+01  .53938691E+01
   .17600000E+01  .53906162E+01
   .18000000E+01  .53873619E+01
   .18400000E+01  .53841062E+01
   .18800000E+01  .53808491E+01
   .19200000E+01  .53775906E+01
   .19600000E+01  .53743308E+01
   .20000000E+01  .53710695E+01
Potential  L  =        3.00000    .00000
  -.20000000E+01  .56958404E+01
  -.19600000E+01  .56927157E+01
  -.19200000E+01  .56895898E+01
  -.18800000E+01  .56864626E+01
  -.18400000E+01  .56833342E+01
  -.18000000E+01  .56802045E+01
  -.17600000E+01  .56770736E+01
  -.17200000E+01  .56739414E+01
  -.16800000E+01  .56708079E+01
  -.16400000E+01  .56676732E+01
  -.16000000E+01  .56645373E+01
  -.15600000E+01  .56614001E+01
  -.15200000E+01  .56582616E+01
  -.14800000E+01  .56551218E+01
  -.14400000E+01  .56519808E+01
  -.14000000E+01  .56488385E+01
  -.13600000E+01  .56456950E+01
  -.13200000E+01  .56425502E+01
  -.12800000E+01  .56394041E+01
  -.12400000E+01  .56362568E+01
  -.12000000E+01  .56331081E+01
  -.11600000E+01  .56299582E+01
  -.11200000E+01  .56268071E+01
  -.10800000E+01  .56236546E+01
  -.10400000E+01  .56205009E+01
  -.10000000E+01  .56173459E+01
  -.96000000E+00  .56141896E+01
  -.92000000E+00  .56110320E+01
  -.88000000E+00  .56078732E+01
  -.84000000E+00  .56047131E+01
  -.80000000E+00  .56015517E+01
  -.76000000E+00  .55983889E+01
  -.72000000E+00  .55952250E+01
  -.68000000E+00  .55920597E+01
  -.64000000E+00  .55888931E+01
  -.60000000E+00  .55857252E+01
  -.56000000E+00  .55825561E+01
  -.52000000E+00  .55793856E+01
  -.48000000E+00  .55762139E+01
  -.44000000E+00  .55730409E+01
  -.40000000E+00  .55698665E+01
  -.36000000E+00  .55666909E+01
  -.32000000E+00  .55635139E+01
  -.28000000E+00  .55603357E+01
  -.24000000E+00  .55571561E+01
  -.20000000E+00  .55539753E+01
  -.16000000E+00  .55507931E+01
  -.12000000E+00  .55476097E+01
  -.80000000E-01  .55444249E+01
  -.40000000E-01  .55412388E+01
   .12351231E-14  .55380514E+01
   .40000000E-01  .55348627E+01
   .80000000E-01  .55316726E+01
   .12000000E+00  .55284813E+01
   .16000000E+00  .55252886E+01
   .20000000E+00  .55220947E+01
   .24000000E+00  .55188994E+01
   .28000000E+00  .55157027E+01
   .32000000E+00  .55125048E+01
   .36000000E+00  .55093055E+01
   .40000000E+00  .55061049E+01
   .44000000E+00  .55029030E+01
   .48000000E+00  .54996997E+01
   .52000000E+00  .54964952E+01
   .56000000E+00  .54932892E+01
   .60000000E+00  .54900820E+01
   .64000000E+00  .54868734E+01
   .68000000E+00  .54836635E+01
   .72000000E+00  .54804523E+01
   .76000000E+00  .54772397E+01
   .80000000E+00  .54740257E+01
   .84000000E+00  .54708105E+01
   .88000000E+00  .54675938E+01
   .92000000E+00  .54643759E+01
   .96000000E+00  .54611566E+01
   .10000000E+01  .54579359E+01
   .10400000E+01  .54547139E+01
   .10800000E+01  .54514906E+01
   .11200000E+01  .54482659E+01
   .11600000E+01  .54450398E+01
   .12000000E+01  .54418124E+01
   .12400000E+01  .54385837E+01
   .12800000E+01  .54353536E+01
   .13200000E+01  .54321221E+01
   .13600000E+01  .54288892E+01
   .14000000E+01  .54256550E+01
   .14400000E+01  .54224195E+01
   .14800000E+01  .54191826E+01
   .15200000E+01  .54159443E+01
   .15600000E+01  .54127046E+01
   .16000000E+01  .54094636E+01
   .16400000E+01  .54062212E+01
   .16800000E+01  .54029774E+01
   .17200000E+01  .53997323E+01
   .17600000E+01  .53964858E+01
   .18000000E+01  .53932379E+01
   .18400000E+01  .53899886E+01
   .18800000E+01  .53867380E+01
   .19200000E+01  .53834860E+01
   .19600000E+01  .53802326E+01
   .20000000E+01  .53769778E+01
Core Pot   L  =        4.00000    .00000
  -.20000000E+01  .71246523E+01
  -.19600000E+01  .71220936E+01
  -.19200000E+01  .71195378E+01
  -.18800000E+01  .71169814E+01
  -.18400000E+01  .71144242E+01
  -.18000000E+01  .71118663E+01
  -.17600000E+01  .71093077E+01
  -.17200000E+01  .71067483E+01
  -.16800000E+01  .71041883E+01
  -.16400000E+01  .71016323E+01
  -.16000000E+01  .70990708E+01
  -.15600000E+01  .70965084E+01
  -.15200000E+01  .70939455E+01
  -.14800000E+01  .70913819E+01
  -.14400000E+01  .70888176E+01
  -.14000000E+01  .70862525E+01
  -.13600000E+01  .70836847E+01
  -.13200000E+01  .70811181E+01
  -.12800000E+01  .70785509E+01
  -.12400000E+01  .70759830E+01
  -.12000000E+01  .70734144E+01
  -.11600000E+01  .70708462E+01
  -.11200000E+01  .70682763E+01
  -.10800000E+01  .70657057E+01
  -.10400000E+01  .70631342E+01
  -.10000000E+01  .70605616E+01
  -.96000000E+00  .70579886E+01
  -.92000000E+00  .70554149E+01
  -.88000000E+00  .70528405E+01
  -.84000000E+00  .70502655E+01
  -.80000000E+00  .70476904E+01
  -.76000000E+00  .70451140E+01
  -.72000000E+00  .70425367E+01
  -.68000000E+00  .70399588E+01
  -.64000000E+00  .70373798E+01
  -.60000000E+00  .70348004E+01
  -.56000000E+00  .70322197E+01
  -.52000000E+00  .70296387E+01
  -.48000000E+00  .70270571E+01
  -.44000000E+00  .70244747E+01
  -.40000000E+00  .70218877E+01
  -.36000000E+00  .70193039E+01
  -.32000000E+00  .70167193E+01
  -.28000000E+00  .70141388E+01
  -.24000000E+00  .70115528E+01
  -.20000000E+00  .70089664E+01
  -.16000000E+00  .70063783E+01
  -.12000000E+00  .70037899E+01
  -.80000000E-01  .70012010E+01
  -.40000000E-01  .69986116E+01
   .12351231E-14  .69960212E+01
   .40000000E-01  .69934299E+01
   .80000000E-01  .69908380E+01
   .12000000E+00  .69882448E+01
   .16000000E+00  .69856514E+01
   .20000000E+00  .69830573E+01
   .24000000E+00  .69804625E+01
   .28000000E+00  .69778669E+01
   .32000000E+00  .69752707E+01
   .36000000E+00  .69726736E+01
   .40000000E+00  .69700758E+01
   .44000000E+00  .69674773E+01
   .48000000E+00  .69648780E+01
   .52000000E+00  .69622780E+01
   .56000000E+00  .69596770E+01
   .60000000E+00  .69570755E+01
   .64000000E+00  .69544733E+01
   .68000000E+00  .69518703E+01
   .72000000E+00  .69492666E+01
   .76000000E+00  .69466621E+01
   .80000000E+00  .69440569E+01
   .84000000E+00  .69414516E+01
   .88000000E+00  .69388448E+01
   .92000000E+00  .69362374E+01
   .96000000E+00  .69336292E+01
   .10000000E+01  .69310202E+01
   .10400000E+01  .69284099E+01
   .10800000E+01  .69257994E+01
   .11200000E+01  .69231889E+01
   .11600000E+01  .69205769E+01
   .12000000E+01  .69179642E+01
   .12400000E+01  .69153507E+01
   .12800000E+01  .69127363E+01
   .13200000E+01  .69101214E+01
   .13600000E+01  .69075057E+01
   .14000000E+01  .69048858E+01
   .14400000E+01  .69022686E+01
   .14800000E+01  .68996506E+01
   .15200000E+01  .68970319E+01
   .15600000E+01  .68944124E+01
   .16000000E+01  .68917921E+01
   .16400000E+01  .68891749E+01
   .16800000E+01  .68865531E+01
   .17200000E+01  .68839306E+01
   .17600000E+01  .68813076E+01
   .18000000E+01  .68786836E+01
   .18400000E+01  .68760588E+01
   .18800000E+01  .68734332E+01
   .19200000E+01  .68708067E+01
   .19600000E+01  .68681796E+01
   .20000000E+01  .68655512E+01
Potential  L  =        4.00000    .00000
  -.20000000E+01  .71275596E+01
  -.19600000E+01  .71250066E+01
  -.19200000E+01  .71224529E+01
  -.18800000E+01  .71198985E+01
  -.18400000E+01  .71173434E+01
  -.18000000E+01  .71147879E+01
  -.17600000E+01  .71122314E+01
  -.17200000E+01  .71096742E+01
  -.16800000E+01  .71071162E+01
  -.16400000E+01  .71045576E+01
  -.16000000E+01  .71019967E+01
  -.15600000E+01  .70994364E+01
  -.15200000E+01  .70968756E+01
  -.14800000E+01  .70943140E+01
  -.14400000E+01  .70917517E+01
  -.14000000E+01  .70891898E+01
  -.13600000E+01  .70866262E+01
  -.13200000E+01  .70840622E+01
  -.12800000E+01  .70814972E+01
  -.12400000E+01  .70789314E+01
  -.12000000E+01  .70763647E+01
  -.11600000E+01  .70737974E+01
  -.11200000E+01  .70712295E+01
  -.10800000E+01  .70686609E+01
  -.10400000E+01  .70660923E+01
  -.10000000E+01  .70635222E+01
  -.96000000E+00  .70609515E+01
  -.92000000E+00  .70583801E+01
  -.88000000E+00  .70558079E+01
  -.84000000E+00  .70532350E+01
  -.80000000E+00  .70506613E+01
  -.76000000E+00  .70480870E+01
  -.72000000E+00  .70455119E+01
  -.68000000E+00  .70429355E+01
  -.64000000E+00  .70403590E+01
  -.60000000E+00  .70377782E+01
  -.56000000E+00  .70351999E+01
  -.52000000E+00  .70326218E+01
  -.48000000E+00  .70300462E+01
  -.44000000E+00  .70274660E+01
  -.40000000E+00  .70248855E+01
  -.36000000E+00  .70223037E+01
  -.32000000E+00  .70197215E+01
  -.28000000E+00  .70171384E+01
  -.24000000E+00  .70145549E+01
  -.20000000E+00  .70119704E+01
  -.16000000E+00  .70093852E+01
  -.12000000E+00  .70067992E+01
  -.80000000E-01  .70042126E+01
  -.40000000E-01  .70016252E+01
   .12351231E-14  .69990371E+01
   .40000000E-01  .69964476E+01
   .80000000E-01  .69938580E+01
   .12000000E+00  .69912677E+01
   .16000000E+00  .69886766E+01
   .20000000E+00  .69860849E+01
   .24000000E+00  .69834923E+01
   .28000000E+00  .69808991E+01
   .32000000E+00  .69783051E+01
   .36000000E+00  .69757104E+01
   .40000000E+00  .69731150E+01
   .44000000E+00  .69705188E+01
   .48000000E+00  .69679219E+01
   .52000000E+00  .69653247E+01
   .56000000E+00  .69627263E+01
   .60000000E+00  .69601272E+01
   .64000000E+00  .69575265E+01
   .68000000E+00  .69549259E+01
   .72000000E+00  .69523246E+01
   .76000000E+00  .69497237E+01
   .80000000E+00  .69471209E+01
   .84000000E+00  .69445173E+01
   .88000000E+00  .69419130E+01
   .92000000E+00  .69393073E+01
   .96000000E+00  .69367015E+01
   .10000000E+01  .69340950E+01
   .10400000E+01  .69314880E+01
   .10800000E+01  .69288766E+01
   .11200000E+01  .69262679E+01
   .11600000E+01  .69236584E+01
   .12000000E+01  .69210480E+01
   .12400000E+01  .69184370E+01
   .12800000E+01  .69158285E+01
   .13200000E+01  .69132160E+01
   .13600000E+01  .69106028E+01
   .14000000E+01  .69079896E+01
   .14400000E+01  .69053748E+01
   .14800000E+01  .69027593E+01
   .15200000E+01  .69001431E+01
   .15600000E+01  .68975260E+01
   .16000000E+01  .68949077E+01
   .16400000E+01  .68922892E+01
   .16800000E+01  .68896700E+01
   .17200000E+01  .68870500E+01
   .17600000E+01  .68844292E+01
   .18000000E+01  .68818084E+01
   .18400000E+01  .68791861E+01
   .18800000E+01  .68765631E+01
   .19200000E+01  .68739393E+01
   .19600000E+01  .68713147E+01
   .20000000E+01  .68686887E+01
KBPotential  L  =       .00000   -.69247
  -.20000000E+01  .11412251E+01
  -.19600000E+01  .11308665E+01
  -.19200000E+01  .11204718E+01
  -.18800000E+01  .11100405E+01
  -.18400000E+01  .10995726E+01
  -.18000000E+01  .10890677E+01
  -.17600000E+01  .10785255E+01
  -.17200000E+01  .10679459E+01
  -.16800000E+01  .10573286E+01
  -.16400000E+01  .10466732E+01
  -.16000000E+01  .10359796E+01
  -.15600000E+01  .10252475E+01
  -.15200000E+01  .10144766E+01
  -.14800000E+01  .10036667E+01
  -.14400000E+01  .99281742E+00
  -.14000000E+01  .98192855E+00
  -.13600000E+01  .97099980E+00
  -.13200000E+01  .96003092E+00
  -.12800000E+01  .94902157E+00
  -.12400000E+01  .93797149E+00
  -.12000000E+01  .92688040E+00
  -.11600000E+01  .91574800E+00
  -.11200000E+01  .90457400E+00
  -.10800000E+01  .89335810E+00
  -.10400000E+01  .88210000E+00
  -.10000000E+01  .87079939E+00
  -.96000000E+00  .85945598E+00
  -.92000000E+00  .84806946E+00
  -.88000000E+00  .83663950E+00
  -.84000000E+00  .82516579E+00
  -.80000000E+00  .81364802E+00
  -.76000000E+00  .80208587E+00
  -.72000000E+00  .79047900E+00
  -.68000000E+00  .77882709E+00
  -.64000000E+00  .76712981E+00
  -.60000000E+00  .75538682E+00
  -.56000000E+00  .74359778E+00
  -.52000000E+00  .73176236E+00
  -.48000000E+00  .71988020E+00
  -.44000000E+00  .70795095E+00
  -.40000000E+00  .69597427E+00
  -.36000000E+00  .68394979E+00
  -.32000000E+00  .67187718E+00
  -.28000000E+00  .65975602E+00
  -.24000000E+00  .64758599E+00
  -.20000000E+00  .63536669E+00
  -.16000000E+00  .62309776E+00
  -.12000000E+00  .61077881E+00
  -.80000000E-01  .59840946E+00
  -.40000000E-01  .58598933E+00
   .12351231E-14  .57351802E+00
   .40000000E-01  .56099513E+00
   .80000000E-01  .54842027E+00
   .12000000E+00  .53579303E+00
   .16000000E+00  .52311300E+00
   .20000000E+00  .51037976E+00
   .24000000E+00  .49759290E+00
   .28000000E+00  .48475200E+00
   .32000000E+00  .47185662E+00
   .36000000E+00  .45890635E+00
   .40000000E+00  .44590073E+00
   .44000000E+00  .43283933E+00
   .48000000E+00  .41972170E+00
   .52000000E+00  .40654739E+00
   .56000000E+00  .39331594E+00
   .60000000E+00  .38002690E+00
   .64000000E+00  .36667979E+00
   .68000000E+00  .35327414E+00
   .72000000E+00  .33980949E+00
   .76000000E+00  .32628533E+00
   .80000000E+00  .31270120E+00
   .84000000E+00  .29905658E+00
   .88000000E+00  .28535099E+00
   .92000000E+00  .27158392E+00
   .96000000E+00  .25775486E+00
   .10000000E+01  .24386328E+00
   .10400000E+01  .22990868E+00
   .10800000E+01  .21589052E+00
   .11200000E+01  .20180827E+00
   .11600000E+01  .18766138E+00
   .12000000E+01  .17344932E+00
   .12400000E+01  .15917152E+00
   .12800000E+01  .14482742E+00
   .13200000E+01  .13041647E+00
   .13600000E+01  .11593808E+00
   .14000000E+01  .10139169E+00
   .14400000E+01  .86776689E-01
   .14800000E+01  .72092500E-01
   .15200000E+01  .57338518E-01
   .15600000E+01  .42514135E-01
   .16000000E+01  .27618736E-01
   .16400000E+01  .12651700E-01
   .16800000E+01 -.23876052E-02
   .17200000E+01 -.17499816E-01
   .17600000E+01 -.32685577E-01
   .18000000E+01 -.47945542E-01
   .18400000E+01 -.63280372E-01
   .18800000E+01 -.78690737E-01
   .19200000E+01 -.94177313E-01
   .19600000E+01 -.10974079E+00
   .20000000E+01 -.12538185E+00
KBPotential  L  =      1.00000   -.60000
  -.20000000E+01  .27408432E+01
  -.19600000E+01  .27350723E+01
  -.19200000E+01  .27292981E+01
  -.18800000E+01  .27235207E+01
  -.18400000E+01  .27177400E+01
  -.18000000E+01  .27119560E+01
  -.17600000E+01  .27061688E+01
  -.17200000E+01  .27003782E+01
  -.16800000E+01  .26945843E+01
  -.16400000E+01  .26887871E+01
  -.16000000E+01  .26829866E+01
  -.15600000E+01  .26771827E+01
  -.15200000E+01  .26713755E+01
  -.14800000E+01  .26655649E+01
  -.14400000E+01  .26597510E+01
  -.14000000E+01  .26539336E+01
  -.13600000E+01  .26481129E+01
  -.13200000E+01  .26422888E+01
  -.12800000E+01  .26364612E+01
  -.12400000E+01  .26306302E+01
  -.12000000E+01  .26247958E+01
  -.11600000E+01  .26189580E+01
  -.11200000E+01  .26131167E+01
  -.10800000E+01  .26072719E+01
  -.10400000E+01  .26014236E+01
  -.10000000E+01  .25955719E+01
  -.96000000E+00  .25897166E+01
  -.92000000E+00  .25838579E+01
  -.88000000E+00  .25779956E+01
  -.84000000E+00  .25721298E+01
  -.80000000E+00  .25662604E+01
  -.76000000E+00  .25603875E+01
  -.72000000E+00  .25545110E+01
  -.68000000E+00  .25486310E+01
  -.64000000E+00  .25427474E+01
  -.60000000E+00  .25368601E+01
  -.56000000E+00  .25309693E+01
  -.52000000E+00  .25250748E+01
  -.48000000E+00  .25191767E+01
  -.44000000E+00  .25132749E+01
  -.40000000E+00  .25073695E+01
  -.36000000E+00  .25014604E+01
  -.32000000E+00  .24955477E+01
  -.28000000E+00  .24896312E+01
  -.24000000E+00  .24837111E+01
  -.20000000E+00  .24777872E+01
  -.16000000E+00  .24718596E+01
  -.12000000E+00  .24659283E+01
  -.80000000E-01  .24599932E+01
  -.40000000E-01  .24540544E+01
   .12351231E-14  .24481118E+01
   .40000000E-01  .24421654E+01
   .80000000E-01  .24362153E+01
   .12000000E+00  .24302613E+01
   .16000000E+00  .24243035E+01
   .20000000E+00  .24183419E+01
   .24000000E+00  .24123764E+01
   .28000000E+00  .24064071E+01
   .32000000E+00  .24004339E+01
   .36000000E+00  .23944568E+01
   .40000000E+00  .23884758E+01
   .44000000E+00  .23824910E+01
   .48000000E+00  .23765022E+01
   .52000000E+00  .23705095E+01
   .56000000E+00  .23645129E+01
   .60000000E+00  .23585123E+01
   .64000000E+00  .23525077E+01
   .68000000E+00  .23464992E+01
   .72000000E+00  .23404867E+01
   .76000000E+00  .23344702E+01
   .80000000E+00  .23284496E+01
   .84000000E+00  .23224251E+01
   .88000000E+00  .23163965E+01
   .92000000E+00  .23103639E+01
   .96000000E+00  .23043272E+01
   .10000000E+01  .22982864E+01
   .10400000E+01  .22922415E+01
   .10800000E+01  .22861926E+01
   .11200000E+01  .22801395E+01
   .11600000E+01  .22740823E+01
   .12000000E+01  .22680210E+01
   .12400000E+01  .22619555E+01
   .12800000E+01  .22558858E+01
   .13200000E+01  .22498120E+01
   .13600000E+01  .22437340E+01
   .14000000E+01  .22376518E+01
   .14400000E+01  .22315653E+01
   .14800000E+01  .22254746E+01
   .15200000E+01  .22193797E+01
   .15600000E+01  .22132806E+01
   .16000000E+01  .22071771E+01
   .16400000E+01  .22010694E+01
   .16800000E+01  .21949574E+01
   .17200000E+01  .21888411E+01
   .17600000E+01  .21827205E+01
   .18000000E+01  .21765955E+01
   .18400000E+01  .21704662E+01
   .18800000E+01  .21643325E+01
   .19200000E+01  .21581944E+01
   .19600000E+01  .21520520E+01
   .20000000E+01  .21459051E+01
KBPotential  L  =      2.00000    .00000
  -.20000000E+01  .42599106E+01
  -.19600000E+01  .42558808E+01
  -.19200000E+01  .42518485E+01
  -.18800000E+01  .42478136E+01
  -.18400000E+01  .42437762E+01
  -.18000000E+01  .42397363E+01
  -.17600000E+01  .42356937E+01
  -.17200000E+01  .42316486E+01
  -.16800000E+01  .42276010E+01
  -.16400000E+01  .42235507E+01
  -.16000000E+01  .42194979E+01
  -.15600000E+01  .42154425E+01
  -.15200000E+01  .42113846E+01
  -.14800000E+01  .42073240E+01
  -.14400000E+01  .42032608E+01
  -.14000000E+01  .41991951E+01
  -.13600000E+01  .41951267E+01
  -.13200000E+01  .41910558E+01
  -.12800000E+01  .41869822E+01
  -.12400000E+01  .41829060E+01
  -.12000000E+01  .41788272E+01
  -.11600000E+01  .41747458E+01
  -.11200000E+01  .41706617E+01
  -.10800000E+01  .41665750E+01
  -.10400000E+01  .41624857E+01
  -.10000000E+01  .41583938E+01
  -.96000000E+00  .41542992E+01
  -.92000000E+00  .41502019E+01
  -.88000000E+00  .41461020E+01
  -.84000000E+00  .41419995E+01
  -.80000000E+00  .41378943E+01
  -.76000000E+00  .41337864E+01
  -.72000000E+00  .41296759E+01
  -.68000000E+00  .41255627E+01
  -.64000000E+00  .41214468E+01
  -.60000000E+00  .41173282E+01
  -.56000000E+00  .41132070E+01
  -.52000000E+00  .41090830E+01
  -.48000000E+00  .41049564E+01
  -.44000000E+00  .41008271E+01
  -.40000000E+00  .40966950E+01
  -.36000000E+00  .40925603E+01
  -.32000000E+00  .40884228E+01
  -.28000000E+00  .40842827E+01
  -.24000000E+00  .40801398E+01
  -.20000000E+00  .40759942E+01
  -.16000000E+00  .40718459E+01
  -.12000000E+00  .40676948E+01
  -.80000000E-01  .40635410E+01
  -.40000000E-01  .40593845E+01
   .12351231E-14  .40552252E+01
   .40000000E-01  .40510632E+01
   .80000000E-01  .40468984E+01
   .12000000E+00  .40427308E+01
   .16000000E+00  .40385605E+01
   .20000000E+00  .40343874E+01
   .24000000E+00  .40302116E+01
   .28000000E+00  .40260330E+01
   .32000000E+00  .40218516E+01
   .36000000E+00  .40176674E+01
   .40000000E+00  .40134804E+01
   .44000000E+00  .40092906E+01
   .48000000E+00  .40050980E+01
   .52000000E+00  .40009027E+01
   .56000000E+00  .39967045E+01
   .60000000E+00  .39925035E+01
   .64000000E+00  .39882997E+01
   .68000000E+00  .39840931E+01
   .72000000E+00  .39798836E+01
   .76000000E+00  .39756713E+01
   .80000000E+00  .39714562E+01
   .84000000E+00  .39672382E+01
   .88000000E+00  .39630174E+01
   .92000000E+00  .39587937E+01
   .96000000E+00  .39545672E+01
   .10000000E+01  .39503379E+01
   .10400000E+01  .39461056E+01
   .10800000E+01  .39418705E+01
   .11200000E+01  .39376326E+01
   .11600000E+01  .39333917E+01
   .12000000E+01  .39291480E+01
   .12400000E+01  .39249014E+01
   .12800000E+01  .39206518E+01
   .13200000E+01  .39163994E+01
   .13600000E+01  .39121441E+01
   .14000000E+01  .39078859E+01
   .14400000E+01  .39036248E+01
   .14800000E+01  .38993607E+01
   .15200000E+01  .38950938E+01
   .15600000E+01  .38908239E+01
   .16000000E+01  .38865511E+01
   .16400000E+01  .38822753E+01
   .16800000E+01  .38779967E+01
   .17200000E+01  .38737150E+01
   .17600000E+01  .38694304E+01
   .18000000E+01  .38651429E+01
   .18400000E+01  .38608524E+01
   .18800000E+01  .38565589E+01
   .19200000E+01  .38522625E+01
   .19600000E+01  .38479631E+01
   .20000000E+01  .38436607E+01
KBPotential  L  =      3.00000    .00000
  -.20000000E+01  .56958404E+01
  -.19600000E+01  .56927157E+01
  -.19200000E+01  .56895898E+01
  -.18800000E+01  .56864626E+01
  -.18400000E+01  .56833342E+01
  -.18000000E+01  .56802045E+01
  -.17600000E+01  .56770736E+01
  -.17200000E+01  .56739414E+01
  -.16800000E+01  .56708079E+01
  -.16400000E+01  .56676732E+01
  -.16000000E+01  .56645373E+01
  -.15600000E+01  .56614001E+01
  -.15200000E+01  .56582616E+01
  -.14800000E+01  .56551218E+01
  -.14400000E+01  .56519808E+01
  -.14000000E+01  .56488385E+01
  -.13600000E+01  .56456950E+01
  -.13200000E+01  .56425502E+01
  -.12800000E+01  .56394041E+01
  -.12400000E+01  .56362568E+01
  -.12000000E+01  .56331081E+01
  -.11600000E+01  .56299582E+01
  -.11200000E+01  .56268071E+01
  -.10800000E+01  .56236546E+01
  -.10400000E+01  .56205009E+01
  -.10000000E+01  .56173459E+01
  -.96000000E+00  .56141896E+01
  -.92000000E+00  .56110320E+01
  -.88000000E+00  .56078732E+01
  -.84000000E+00  .56047131E+01
  -.80000000E+00  .56015517E+01
  -.76000000E+00  .55983889E+01
  -.72000000E+00  .55952250E+01
  -.68000000E+00  .55920597E+01
  -.64000000E+00  .55888931E+01
  -.60000000E+00  .55857252E+01
  -.56000000E+00  .55825561E+01
  -.52000000E+00  .55793856E+01
  -.48000000E+00  .55762139E+01
  -.44000000E+00  .55730409E+01
  -.40000000E+00  .55698665E+01
  -.36000000E+00  .55666909E+01
  -.32000000E+00  .55635139E+01
  -.28000000E+00  .55603357E+01
  -.24000000E+00  .55571561E+01
  -.20000000E+00  .55539753E+01
  -.16000000E+00  .55507931E+01
  -.12000000E+00  .55476097E+01
  -.80000000E-01  .55444249E+01
  -.40000000E-01  .55412388E+01
   .12351231E-14  .55380514E+01
   .40000000E-01  .55348627E+01
   .80000000E-01  .55316726E+01
   .12000000E+00  .55284813E+01
   .16000000E+00  .55252886E+01
   .20000000E+00  .55220947E+01
   .24000000E+00  .55188994E+01
   .28000000E+00  .55157027E+01
   .32000000E+00  .55125048E+01
   .36000000E+00  .55093055E+01
   .40000000E+00  .55061049E+01
   .44000000E+00  .55029030E+01
   .48000000E+00  .54996997E+01
   .52000000E+00  .54964952E+01
   .56000000E+00  .54932892E+01
   .60000000E+00  .54900820E+01
   .64000000E+00  .54868734E+01
   .68000000E+00  .54836635E+01
   .72000000E+00  .54804523E+01
   .76000000E+00  .54772397E+01
   .80000000E+00  .54740257E+01
   .84000000E+00  .54708105E+01
   .88000000E+00  .54675938E+01
   .92000000E+00  .54643759E+01
   .96000000E+00  .54611566E+01
   .10000000E+01  .54579359E+01
   .10400000E+01  .54547139E+01
   .10800000E+01  .54514906E+01
   .11200000E+01  .54482659E+01
   .11600000E+01  .54450398E+01
   .12000000E+01  .54418124E+01
   .12400000E+01  .54385837E+01
   .12800000E+01  .54353536E+01
   .13200000E+01  .54321221E+01
   .13600000E+01  .54288892E+01
   .14000000E+01  .54256550E+01
   .14400000E+01  .54224195E+01
   .14800000E+01  .54191826E+01
   .15200000E+01  .54159443E+01
   .15600000E+01  .54127046E+01
   .16000000E+01  .54094636E+01
   .16400000E+01  .54062212E+01
   .16800000E+01  .54029774E+01
   .17200000E+01  .53997323E+01
   .17600000E+01  .53964858E+01
   .18000000E+01  .53932379E+01
   .18400000E+01  .53899886E+01
   .18800000E+01  .53867380E+01
   .19200000E+01  .53834860E+01
   .19600000E+01  .53802326E+01
   .20000000E+01  .53769778E+01
KBPotential  L  =      4.00000    .00000
  -.20000000E+01  .71275596E+01
  -.19600000E+01  .71250066E+01
  -.19200000E+01  .71224529E+01
  -.18800000E+01  .71198985E+01
  -.18400000E+01  .71173434E+01
  -.18000000E+01  .71147879E+01
  -.17600000E+01  .71122314E+01
  -.17200000E+01  .71096742E+01
  -.16800000E+01  .71071162E+01
  -.16400000E+01  .71045576E+01
  -.16000000E+01  .71019967E+01
  -.15600000E+01  .70994364E+01
  -.15200000E+01  .70968756E+01
  -.14800000E+01  .70943140E+01
  -.14400000E+01  .70917517E+01
  -.14000000E+01  .70891898E+01
  -.13600000E+01  .70866262E+01
  -.13200000E+01  .70840622E+01
  -.12800000E+01  .70814972E+01
  -.12400000E+01  .70789314E+01
  -.12000000E+01  .70763647E+01
  -.11600000E+01  .70737974E+01
  -.11200000E+01  .70712295E+01
  -.10800000E+01  .70686609E+01
  -.10400000E+01  .70660923E+01
  -.10000000E+01  .70635222E+01
  -.96000000E+00  .70609515E+01
  -.92000000E+00  .70583801E+01
  -.88000000E+00  .70558079E+01
  -.84000000E+00  .70532350E+01
  -.80000000E+00  .70506613E+01
  -.76000000E+00  .70480870E+01
  -.72000000E+00  .70455119E+01
  -.68000000E+00  .70429355E+01
  -.64000000E+00  .70403590E+01
  -.60000000E+00  .70377782E+01
  -.56000000E+00  .70351999E+01
  -.52000000E+00  .70326218E+01
  -.48000000E+00  .70300462E+01
  -.44000000E+00  .70274660E+01
  -.40000000E+00  .70248855E+01
  -.36000000E+00  .70223037E+01
  -.32000000E+00  .70197215E+01
  -.28000000E+00  .70171384E+01
  -.24000000E+00  .70145549E+01
  -.20000000E+00  .70119704E+01
  -.16000000E+00  .70093852E+01
  -.12000000E+00  .70067992E+01
  -.80000000E-01  .70042126E+01
  -.40000000E-01  .70016252E+01
   .12351231E-14  .69990371E+01
   .40000000E-01  .69964476E+01
   .80000000E-01  .69938580E+01
   .12000000E+00  .69912677E+01
   .16000000E+00  .69886766E+01
   .20000000E+00  .69860849E+01
   .24000000E+00  .69834923E+01
   .28000000E+00  .69808991E+01
   .32000000E+00  .69783051E+01
   .36000000E+00  .69757104E+01
   .40000000E+00  .69731150E+01
   .44000000E+00  .69705188E+01
   .48000000E+00  .69679219E+01
   .52000000E+00  .69653247E+01
   .56000000E+00  .69627263E+01
   .60000000E+00  .69601272E+01
   .64000000E+00  .69575265E+01
   .68000000E+00  .69549259E+01
   .72000000E+00  .69523246E+01
   .76000000E+00  .69497237E+01
   .80000000E+00  .69471209E+01
   .84000000E+00  .69445173E+01
   .88000000E+00  .69419130E+01
   .92000000E+00  .69393073E+01
   .96000000E+00  .69367015E+01
   .10000000E+01  .69340950E+01
   .10400000E+01  .69314880E+01
   .10800000E+01  .69288766E+01
   .11200000E+01  .69262679E+01
   .11600000E+01  .69236584E+01
   .12000000E+01  .69210480E+01
   .12400000E+01  .69184370E+01
   .12800000E+01  .69158285E+01
   .13200000E+01  .69132160E+01
   .13600000E+01  .69106028E+01
   .14000000E+01  .69079896E+01
   .14400000E+01  .69053748E+01
   .14800000E+01  .69027593E+01
   .15200000E+01  .69001431E+01
   .15600000E+01  .68975260E+01
   .16000000E+01  .68949077E+01
   .16400000E+01  .68922892E+01
   .16800000E+01  .68896700E+01
   .17200000E+01  .68870500E+01
   .17600000E+01  .68844292E+01
   .18000000E+01  .68818084E+01
   .18400000E+01  .68791861E+01
   .18800000E+01  .68765631E+01
   .19200000E+01  .68739393E+01
   .19600000E+01  .68713147E+01
   .20000000E+01  .68686887E+01
